contrib/geomason/sim/app/geo/CDI/src/files/data/cdilon100k.txt
ncols         100
nrows         100
xllcorner     -5000000
yllcorner     -5000000
cellsize      100000
NODATA_value  -9999
[rows 54 to 80 of 100, columns 0 to 60 of 100]
175.1944 175.3009 175.4119 175.5275 175.6483 175.7743 175.9061 176.0441 176.1886 176.3402 176.4993 176.6667 176.8428 177.0284 177.2243 177.4314 177.6507 177.8831 178.1301 178.3929 178.6732 178.9726 179.2933 179.6375 -179.992 -179.5923 -179.1597 -178.6901 -178.1785 -177.6192 -177.0054 -176.3287 -175.5792 -174.7449 -173.8108 -172.7585 -171.565 -170.2011 -168.6294 -166.8014 -164.6538 -162.1027 -159.0362 -155.3048 -150.7106 -145 -137.875 -129.0546 -118.435 -106.3402 -93.65981 -81.56505 -70.9454 -62.12502 -55 -49.28941 -44.69515 -40.96376 -37.89727 -35.34618 -33.19859
176.3402 176.4698 176.6048 176.7456 176.8924 177.0458 177.2061 177.3738 177.5494 177.7336 177.9269 178.1301 178.3439 178.5691 178.8068 179.0579 179.3236 179.6052 179.9042 -179.7778 -179.439 -179.0772 -178.6901 -178.2749 -177.8285 -177.3474 -176.8275 -176.2637 -175.6507 -174.9816 -174.2488 -173.4429 -172.5528 -171.565 -170.4633 -169.2278 -167.8336 -166.2505 -164.44 -162.354 -159.9314 -157.0948 -153.7462 -149.7636 -145 -139.2894 -132.4712 -124.444 -115.2551 -105.1944 -94.80557 -84.74488 -75.55605 -67.52881 -60.71059 -55 -50.23636 -46.25384 -42.90524 -40.06858 -37.64598
177.4809 177.6333 177.7921 177.9575 178.1301 178.3103 178.4986 178.6955 178.9017 179.1179 179.3447 179.5829 179.8336 -179.9025 -179.6242 -179.3302 -179.0193 -178.6901 -178.3407 -177.9694 -177.5741 -177.1523 -176.7014 -176.2184 -175.6997 -175.1414 -174.5388 -173.8866 -173.1786 -172.4076 -171.565 -170.641 -169.6236 -168.4986 -167.249 -165.8545 -164.29 -162.5256 -160.5241 -158.2405 -155.6197 -152.5947 -149.0856 -145 -140.2364 -134.6952 -128.3008 -121.0375 -112.9946 -104.3987 -95.6013 -87.00539 -78.96249 -71.69924 -65.30485 -59.76364 -55 -50.91438 -47.40536 -44.38034 -41.75948
178.6156 178.7905 178.9726 179.1624 179.3602 179.5667 179.7824 -179.992 -179.7559 -179.5085 -179.249 -178.9765 -178.6901 -178.3885 -178.0707 -177.7352 -177.3807 -177.0054 -176.6075 -176.185 -175.7355 -175.2564 -174.7449 -174.1975 -173.6105 -172.9795 -172.2996 -171.565 -170.7693 -169.9048 -168.9625 -167.9321 -166.8014 -165.556 -164.179 -162.6501 -160.9454 -159.0362 -156.8887 -154.4623 -151.7098 -148.5763 -145 -140.9144 -136.2538 -130.9638 -125.0169 -118.435 -111.3099 -103.8141 -96.18593 -88.69007 -81.56505 -74.98311 -69.03625 -63.74616 -59.08562 -55 -51.42366 -48.29016 -45.53768
179.7436 179.9406 -179.8545 -179.6409 -179.4184 -179.1861 -178.9436 -178.6901 -178.4248 -178.147 -177.8557 -177.55 -177.2288 -176.8908 -176.5348 -176.1593 -175.7627 -175.3432 -174.8989 -174.4275 -173.9264 -173.393 -172.8241 -172.2161 -171.565 -170.8664 -170.1148 -169.3046 -168.4287 -167.4794 -166.4477 -165.3231 -164.0935 -162.7447 -161.2602 -159.6209 -157.8043 -155.7843 -153.5308 -151.009 -148.1798 -145 -141.4237 -137.4053 -132.9052 -127.8973 -122.3801 -116.3895 -110.008 -103.3665 -96.63354 -89.99202 -83.61046 -77.61987 -72.10273 -67.09476 -62.59464 -58.57634 -55 -51.82017 -48.99099
-179.1359 -178.9174 -178.6901 -178.4533 -178.2066 -177.9492 -177.6806 -177.3998 -177.1063 -176.7989 -176.4768 -176.139 -175.7841 -175.4111 -175.0184 -174.6044 -174.1676 -173.7059 -173.2174 -172.6995 -172.1497 -171.565 -170.9423 -170.2777 -169.5672 -168.8059 -167.9887 -167.1095 -166.1613 -165.1363 -164.0256 -162.8189 -161.5044 -160.0685 -158.4957 -156.7683 -154.8658 -152.7652 -150.4403 -147.8624 -145 -141.8202 -138.2902 -134.3803 -130.0686 -125.3462 -120.2249 -114.7436 -108.9726 -103.0128 -96.98721 -91.02737 -85.25644 -79.77514 -74.65382 -69.93142 -65.61965 -61.70984 -58.17983 -55 -52.1376
-178.0239 -177.7843 -177.5351 -177.2757 -177.0054 -176.7236 -176.4296 -176.1225 -175.8015 -175.4655 -175.1137 -174.7449 -174.3578 -173.951 -173.5231 -173.0725 -172.5973 -172.0956 -171.565 -171.0033 -170.4077 -169.7751 -169.1022 -168.3852 -167.6199 -166.8014 -165.9245 -164.9831 -163.9704 -162.8787 -161.6992 -160.4222 -159.0362 -157.5288 -155.8855 -154.0903 -152.125 -149.9697 -147.6026 -145 -142.1376 -138.991 -135.5377 -131.7595 -127.646 -123.1986 -118.435 -113.3925 -108.1301 -102.7263 -97.27369 -91.8699 -86.60751 -81.56505 -76.80141 -72.35403 -68.24052 -64.46232 -61.00901 -57.8624 -55
-176.9209 -176.6608 -176.3903 -176.1088 -175.8157 -175.5102 -175.1916 -174.859 -174.5115 -174.1481 -173.7677 -173.369 -172.951 -172.512 -172.0506 -171.565 -171.0535 -170.5139 -169.9439 -169.3411 -168.7027 -168.0255 -167.3062 -166.541 -165.7256 -164.8552 -163.9246 -162.9279 -161.8584 -160.7086 -159.4703 -158.134 -156.6894 -155.1247 -153.427 -151.5819 -149.5739 -147.3859 -145 -142.3974 -139.5597 -136.4692 -133.1113 -129.4759 -125.56 -121.3706 -116.9275 -112.2648 -107.4314 -102.4896 -97.51044 -92.56859 -87.73523 -83.07249 -78.62938 -74.44003 -70.52411 -66.88866 -63.53077 -60.44033 -57.60256
-175.8277 -175.5476 -175.2564 -174.9536 -174.6384 -174.31 -173.9677 -173.6105 -173.2374 -172.8476 -172.4397 -172.0127 -171.565 -171.0954 -170.6022 -170.0836 -169.5377 -168.9625 -168.3556 -167.7144 -167.0362 -166.3179 -165.556 -164.7468 -163.8861 -162.9691 -161.9908 -160.9454 -159.8265 -158.627 -157.3391 -155.9541 -154.4623 -152.8533 -151.1155 -149.2364 -147.2026 -145 -142.6141 -140.0303 -137.2348 -134.2157 -130.9638 -127.4744 -123.7495 -119.7989 -115.6423 -111.3099 -106.8428 -102.2906 -97.70939 -93.15723 -88.69007 -84.35775 -80.20113 -76.2505 -72.52557 -69.03625 -65.78429 -62.76517 -59.96974
-174.7449 -174.4454 -174.1343 -173.8108 -173.4742 -173.1237 -172.7585 -172.3777 -171.9802 -171.565 -171.131 -170.6768 -170.2011 -169.7024 -169.1791 -168.6294 -168.0513 -167.4427 -166.8014 -166.1247 -165.4099 -164.6538 -163.8532 -163.0042 -162.1027 -161.1443 -160.124 -159.0362 -157.875 -156.6336 -155.3048 -153.8807 -152.3524 -150.7106 -148.9452 -147.0454 -145 -142.7974 -140.4261 -137.875 -135.1342 -132.1957 -129.0546 -125.71 -122.1663 -118.435 -114.5345 -110.4915 -106.3402 -102.1211 -97.87891 -93.65981 -89.50852 -85.46555 -81.56505 -77.83366 -74.29005 -70.9454 -67.80427 -64.86581 -62.12502
-173.6731 -173.355 -173.0245 -172.6811 -172.3239 -171.9522 -171.565 -171.1616 -170.7407 -170.3014 -169.8424 -169.3625 -168.8602 -168.334 -167.7824 -167.2035 -166.5953 -165.9558 -165.2826 -164.5731 -163.8247 -163.0343 -162.1985 -161.3139 -160.3763 -159.3814 -158.3245 -157.2005 -156.0035 -154.7276 -153.3659 -151.9112 -150.3558 -148.6914 -146.9091 -145 -142.9546 -140.7636 -138.4181 -135.9097 -133.2317 -130.3791 -127.3499 -124.1455 -120.7723 -117.2415 -113.5704 -109.7824 -105.9061 -101.9749 -98.02506 -94.09386 -90.21759 -86.42957 -82.75854 -79.22775 -75.85446 -72.65012 -69.62087 -66.76829 -64.09028
-172.613 -172.2768 -171.9277 -171.565 -171.1881 -170.796 -170.3879 -169.9628 -169.5196 -169.0573 -168.5747 -168.0704 -167.5431 -166.9911 -166.413 -165.8068 -165.1707 -164.5024 -163.7999 -163.0605 -162.2815 -161.46 -160.5928 -159.6764 -158.707 -157.6804 -156.5922 -155.4375 -154.211 -152.9072 -151.5198 -150.0424 -148.4682 -146.7899 -145 -143.0909 -141.0548 -138.8845 -136.573 -134.1145 -131.5043 -128.7398 -125.821 -122.751 -119.5367 -116.1892 -112.7244 -109.1623 -105.5275 -101.8476 -98.15239 -94.47246 -90.83765 -87.27564 -83.81079 -80.46335 -77.24902 -74.17901 -71.26021 -68.49574 -65.88553
-171.565 -171.2114 -170.8444 -170.4633 -170.0675 -169.6559 -169.2278 -168.782 -168.3177 -167.8336 -167.3287 -166.8014 -166.2505 -165.6744 -165.0715 -164.44 -163.778 -163.0835 -162.354 -161.5873 -160.7807 -159.9314 -159.0362 -158.0919 -157.0948 -156.0409 -154.9262 -153.7462 -152.4959 -151.1702 -149.7636 -148.2705 -146.6847 -145 -143.2101 -141.3086 -139.2894 -137.1467 -134.8753 -132.4712 -129.9315 -127.2553 -124.444 -121.5014 -118.435 -115.2551 -111.9761 -108.6156 -105.1944 -101.7357 -98.2643 -94.80557 -91.38435 -88.02386 -84.74488 -81.56505 -78.49857 -75.55605 -72.74467 -70.06849 -67.52881
-170.5297 -170.1593 -169.7751 -169.3765 -168.9625 -168.5323 -168.0851 -167.6199 -167.1355 -166.6309 -166.1048 -165.556 -164.9831 -164.3845 -163.7587 -163.1038 -162.418 -161.6992 -160.9454 -160.1541 -159.3227 -158.4486 -157.5288 -156.5601 -155.5392 -154.4623 -153.3257 -152.125 -150.856 -149.514 -148.0941 -146.5911 -145 -143.3153 -141.5318 -139.6442 -137.6476 -135.5377 -133.3106 -130.9638 -128.4956 -125.9065 -123.1986 -120.3764 -117.4472 -114.4208 -111.3099 -108.1301 -104.8991 -101.6366 -98.36343 -95.10091 -91.8699 -88.69007 -85.57922 -82.55281 -79.62357 -76.80141 -74.09349 -71.50436 -69.03625
-169.5074 -169.121 -168.7204 -168.3049 -167.8737 -167.4259 -166.9606 -166.4768 -165.9735 -165.4496 -164.9037 -164.3348 -163.7413 -163.1219 -162.4748 -161.7984 -161.0908 -160.3501 -159.5742 -158.7608 -157.9074 -157.0115 -156.0702 -155.0806 -154.0395 -152.9435 -151.789 -150.5722 -149.2892 -147.9357 -146.5074 -145 -143.4089 -141.7295 -139.9576 -138.0888 -136.1193 -134.0459 -131.866 -129.5778 -127.1811 -124.6769 -122.0679 -119.359 -116.5571 -113.6713 -110.7131 -107.6961 -104.6355 -101.5482 -98.45184 -95.36454 -92.30395 -89.28688 -86.32869 -83.44293 -80.64101 -77.9321 -75.32314 -72.81889 -70.42216
-168.4986 -168.0968 -167.6806 -167.249 -166.8014 -166.3369 -165.8545 -165.3532 -164.8321 -164.29 -163.7258 -163.1381 -162.5256 -161.8868 -161.2202 -160.5241 -159.7968 -159.0362 -158.2405 -157.4074 -156.5346 -155.6197 -154.6599 -153.6525 -152.5947 -151.4831 -150.3145 -149.0856 -147.7927 -146.4321 -145 -143.4926 -141.9059 -140.2364 -138.4802 -136.6341 -134.6952 -132.6609 -130.5297 -128.3008 -125.9744 -123.5523 -121.0375 -118.435 -115.7512 -112.9946 -110.1755 -107.3058 -104.3987 -101.4688 -98.5312 -95.6013 -92.69424 -89.82449 -87.00539 -84.24883 -81.56505 -78.96249 -76.44774 -74.0256 -71.69924
-167.5035 -167.0872 -166.656 -166.2092 -165.7461 -165.2657 -164.7672 -164.2495 -163.7117 -163.1527 -162.5713 -161.9661 -161.336 -160.6795 -159.9951 -159.2811 -158.5359 -157.7575 -156.9442 -156.0937 -155.204 -154.2726 -153.2971 -152.275 -151.2034 -150.0796 -148.9005 -147.663 -146.3639 -145 -143.5679 -142.0643 -140.486 -138.8298 -137.0928 -135.2724 -133.3664 -131.373 -129.2914 -127.1213 -124.8637 -122.5206 -120.0952 -117.5924 -115.0184 -112.3808 -109.6888 -106.953 -104.1849 -101.3972 -98.60282 -95.81509 -93.04704 -90.31121 -87.61924 -84.98164 -82.40758 -79.90477 -77.47943 -75.13631 -72.8787
-166.5226 -166.0923 -165.647 -165.1858 -164.708 -164.2127 -163.699 -163.166 -162.6126 -162.0378 -161.4404 -160.8192 -160.1729 -159.5002 -158.7995 -158.0693 -157.308 -156.5138 -155.6849 -154.8193 -153.9149 -152.9696 -151.9811 -150.9469 -149.8645 -148.7314 -147.5448 -146.302 -145 -143.6361 -142.2073 -140.7108 -139.144 -137.5041 -135.789 -133.9965 -132.125 -130.1735 -128.1416 -126.0296 -123.8387 -121.5713 -119.2307 -116.8214 -114.3493 -111.8215 -109.2461 -106.6325 -103.9909 -101.3322 -98.66778 -96.00909 -93.36749 -90.75389 -88.17851 -85.65067 -83.17859 -80.76933 -78.4287 -76.16126 -73.97041
-165.556 -165.1126 -164.6538 -164.179 -163.6873 -163.178 -162.6501 -162.1027 -161.5348 -160.9454 -160.3333 -159.6973 -159.0362 -158.3487 -157.6334 -156.8887 -156.113 -155.3048 -154.4623 -153.5836 -152.6668 -151.7098 -150.7106 -149.6669 -148.5763 -147.4366 -146.2454 -145 -143.698 -142.337 -140.9144 -139.4278 -137.875 -136.2538 -134.5625 -132.7995 -130.9638 -129.0546 -127.0721 -125.0169 -122.8905 -120.6954 -118.435 -116.1134 -113.7363 -111.3099 -108.8418 -106.3402 -103.8141 -101.273 -98.72697 -96.18593 -93.65981 -91.15819 -88.69007 -86.26373 -83.88658 -81.56505 -79.30455 -77.10945 -74.98311
-164.6041 -164.1481 -163.6767 -163.189 -162.6844 -162.1619 -161.6208 -161.06 -160.4786 -159.8757 -159.25 -158.6005 -157.926 -157.2251 -156.4966 -155.7389 -154.9506 -154.1302 -153.2759 -152.386 -151.4588 -150.4923 -149.4846 -148.4336 -147.3373 -146.1935 -145 -143.7546 -142.4552 -141.0995 -139.6855 -138.211 -136.6743 -135.0738 -133.4078 -131.6755 -129.876 -128.0092 -126.0754 -124.0755 -122.0113 -119.8852 -117.7004 -115.4612 -113.1726 -110.8403 -108.4711 -106.0725 -103.6522 -101.2189 -98.78113 -96.34778 -93.92754 -91.52885 -89.15969 -86.82745 -84.53878 -82.29958 -80.11484 -77.98872 -75.9245
-163.6669 -163.1992 -162.7158 -162.2161 -161.6992 -161.1645 -160.611 -160.0378 -159.444 -158.8286 -158.1906 -157.5288 -156.8421 -156.1292 -155.3889 -154.6197 -153.8204 -152.9893 -152.125 -151.2258 -150.2901 -149.316 -148.3019 -147.2457 -146.1458 -145 -143.8065 -142.5634 -141.2686 -139.9204 -138.5169 -137.0565 -135.5377 -133.9591 -132.3196 -130.6186 -128.8557 -127.0309 -125.1448 -123.1986 -121.1941 -119.1336 -117.0205 -114.8586 -112.6526 -110.4077 -108.1301 -105.8263 -103.5035 -101.1691 -98.83086 -96.49647 -94.17366 -91.8699 -89.59229 -87.34744 -85.14139 -82.97948 -80.86636 -78.80595 -76.80141
-162.7447 -162.2658 -161.7712 -161.2602 -160.732 -160.1858 -159.6209 -159.0362 -158.431 -157.8043 -157.1549 -156.482 -155.7843 -155.0607 -154.3099 -153.5308 -152.7218 -151.8817 -151.009 -150.1022 -149.1596 -148.1798 -147.1611 -146.1017 -145 -143.8542 -142.6627 -141.4237 -140.1355 -138.7966 -137.4053 -135.9605 -134.4608 -132.9052 -131.293 -129.6237 -127.8973 -126.1139 -124.2744 -122.3801 -120.4328 -118.435 -116.3895 -114.3003 -112.1715 -110.008 -107.8153 -105.5993 -103.3665 -101.1233 -98.87669 -96.63354 -94.40066 -92.18471 -89.99202 -87.82854 -85.69972 -83.61046 -81.56505 -79.56717 -77.61987
-161.8375 -161.3482 -160.8431 -160.3215 -159.7827 -159.226 -158.6504 -158.0553 -157.4396 -156.8024 -156.1429 -155.4599 -154.7524 -154.0193 -153.2594 -152.4716 -151.6544 -150.8067 -149.9271 -149.0142 -148.0665 -147.0826 -146.0609 -145 -143.8983 -142.7543 -141.5664 -140.3331 -139.0531 -137.725 -136.3475 -134.9194 -133.4399 -131.9081 -130.3236 -128.6861 -126.9958 -125.2532 -123.459 -121.6148 -119.7223 -117.7839 -115.8025 -113.7816 -111.7251 -109.6375 -107.5238 -105.3893 -103.2397 -101.0809 -98.91908 -96.7603 -94.61069 -92.47618 -90.36246 -88.27489 -86.2184 -84.19749 -82.21611 -80.27773 -78.38522
-160.9454 -160.4463 -159.9314 -159.4 -158.8514 -158.2849 -157.6996 -157.0948 -156.4695 -155.823 -155.1543 -154.4623 -153.7462 -153.0047 -152.2369 -151.4416 -150.6176 -149.7636 -148.8785 -147.9609 -147.0096 -146.023 -145 -143.9391 -142.8389 -141.6981 -140.5154 -139.2894 -138.0189 -136.7029 -135.3401 -133.9298 -132.4712 -130.9638 -129.4072 -127.8015 -126.1468 -124.444 -122.6938 -120.8978 -119.0577 -117.1759 -115.2551 -113.2986 -111.3099 -109.2933 -107.2532 -105.1944 -103.1221 -101.0416 -98.95837 -96.87787 -94.80557 -92.7468 -90.70669 -88.69007 -86.70143 -84.74488 -82.8241 -80.9423 -79.10223
-160.0685 -159.5603 -159.0362 -158.4957 -157.938 -157.3625 -156.7683 -156.1547 -155.5208 -154.8658 -154.1888 -153.4889 -152.7652 -152.0165 -151.2419 -150.4403 -149.6107 -148.7517 -147.8624 -146.9415 -145.9878 -145 -143.977 -142.9174 -141.8202 -140.684 -139.5077 -138.2902 -137.0304 -135.7274 -134.3803 -132.9885 -131.5514 -130.0686 -128.54 -126.9657 -125.3462 -123.6821 -121.9745 -120.2249 -118.435 -116.607 -114.7436 -112.8477 -110.9228 -108.9726 -107.0013 -105.0131 -103.0128 -101.0051 -98.99491 -96.98721 -94.98689 -92.99873 -91.02737 -89.07719 -87.1523 -85.25644 -83.39302 -81.56505 -79.77514
-159.2068 -158.69 -158.1575 -157.6086 -157.0426 -156.4588 -155.8564 -155.2348 -154.5931 -153.9306 -153.2463 -152.5394 -151.8091 -151.0542 -150.2739 -149.4672 -148.6329 -147.7702 -146.8779 -145.9548 -145 -144.0122 -142.9904 -141.9335 -140.8404 -139.7099 -138.5412 -137.3332 -136.0851 -134.796 -133.4654 -132.0926 -130.6773 -129.2193 -127.7185 -126.1753 -124.5901 -122.9638 -121.2974 -119.5923 -117.8503 -116.0736 -114.2645 -112.4259 -110.561 -108.6732 -106.7662 -104.844 -102.9108 -100.971 -99.02898 -97.08916 -95.156 -93.23383 -91.32683 -89.43899 -87.57406 -85.73549 -83.92642 -82.14968 -80.40771
-158.3602 -157.8356 -157.2953 -156.7386 -156.1649 -155.5735 -154.9638 -154.335 -153.6864 -153.0171 -152.3264 -151.6135 -150.8774 -150.1173 -149.3323 -148.5215 -147.6838 -146.8183 -145.924 -145 -144.0452 -143.0585 -142.0391 -140.9858 -139.8978 -138.7742 -137.614 -136.4164 -135.1807 -133.9063 -132.5926 -131.2392 -129.8459 -128.4127 -126.9395 -125.4269 -123.8753 -122.2856 -120.6589 -118.9967 -117.3005 -115.5725 -113.815 -112.0306 -110.2222 -108.3929 -106.5463 -104.6859 -102.8156 -100.9392 -99.06081 -97.18444 -95.3141 -93.45371 -91.60708 -89.77783 -87.96941 -86.18497 -84.42746 -82.69947 -81.00335
