contrib/geomason/sim/app/geo/CDI/src/files/data/cdilat100k.txt
ncols         100
nrows         100
xllcorner     -5000000
yllcorner     -5000000
cellsize      100000
NODATA_value  -9999
[rows 0 to 27 of 100, columns 0 to 62 of 100]
23.44295 24.20078 24.94744 25.68286 26.40696 27.11965 27.82082 28.51036 29.18815 29.85407 30.50796 31.14969 31.77908 32.39597 33.00018 33.59153 34.16981 34.73483 35.28637 35.82422 36.34815 36.85793 37.35332 37.83408 38.29997 38.75072 39.1861 39.60584 40.00969 40.39738 40.76867 41.1233 41.46101 41.78156 42.08469 42.37019 42.63781 42.88733 43.11855 43.33126 43.52527 43.7004 43.8565 43.99342 44.11103 44.20921 44.28788 44.34694 44.38635 44.40607 44.40607 44.38635 44.34694 44.28788 44.20921 44.11103 43.99342 43.8565 43.7004 43.52527 43.33126 43.11855 42.88733
24.20078 24.96305 25.71426 26.45434 27.18321 27.90077 28.60692 29.30154 29.98451 30.65568 31.31492 31.96205 32.59693 33.21936 33.82918 34.42617 35.01014 35.58088 36.13817 36.68177 37.21146 37.72698 38.2281 38.71456 39.1861 39.64246 40.08337 40.50856 40.91776 41.3107 41.68711 42.04673 42.38927 42.71448 43.02211 43.31189 43.58359 43.83697 44.0718 44.28788 44.48499 44.66296 44.8216 44.96077 45.08032 45.18014 45.26012 45.32017 45.36024 45.38029 45.38029 45.36024 45.32017 45.26012 45.18014 45.08032 44.96077 44.8216 44.66296 44.48499 44.28788 44.0718 43.83697
24.94744 25.71426 26.47013 27.215 27.94877 28.67135 29.38261 30.08245 30.77073 31.4473 32.11203 32.76473 33.40525 34.0334 34.64898 35.25179 35.84163 36.41827 36.98148 37.53102 38.06666 38.58813 39.09518 39.58754 40.06494 40.5271 40.97375 41.40461 41.81937 42.21777 42.59951 42.96431 43.31189 43.64197 43.95427 44.24853 44.52449 44.7819 45.02052 45.24011 45.44047 45.6214 45.78271 45.92424 46.04583 46.14735 46.22871 46.28981 46.33057 46.35097 46.35097 46.33057 46.28981 46.22871 46.14735 46.04583 45.92424 45.78271 45.6214 45.44047 45.24011 45.02052 44.7819
25.68286 26.45434 27.215 27.96478 28.70357 29.43128 30.1478 30.85299 31.54671 32.22884 32.8992 33.55763 34.20395 34.83797 35.45948 36.06829 36.66418 37.2469 37.81622 38.3719 38.91368 39.4413 39.95448 40.45295 40.93642 41.40461 41.85721 42.29393 42.71448 43.11855 43.50584 43.87605 44.22887 44.56402 44.8812 45.18014 45.46055 45.72216 45.96474 46.18802 46.39178 46.57581 46.73991 46.88391 47.00764 47.11096 47.19376 47.25595 47.29744 47.3182 47.3182 47.29744 47.25595 47.19376 47.11096 47.00764 46.88391 46.73991 46.57581 46.39178 46.18802 45.96474 45.72216
26.40696 27.18321 27.94877 28.70357 29.44751 30.18048 30.90237 31.61305 32.31237 33.00018 33.67633 34.34063 34.99291 35.63297 36.26059 36.87557 37.47767 38.06666 38.64229 39.2043 39.75243 40.28639 40.80592 41.3107 41.80046 42.27488 42.73367 43.17649 43.60304 44.01301 44.40607 44.7819 45.14019 45.48063 45.80291 46.10672 46.39178 46.6578 46.90451 47.13165 47.33897 47.52625 47.69328 47.83987 47.96584 48.07104 48.15536 48.21869 48.26096 48.2821 48.2821 48.26096 48.21869 48.15536 48.07104 47.96584 47.83987 47.69328 47.52625 47.33897 47.13165 46.90451 46.6578
27.11965 27.90077 28.67135 29.43128 30.18048 30.91884 31.64623 32.36252 33.06757 33.76121 34.44329 35.11362 35.77201 36.41827 37.05217 37.67349 38.28199 38.87744 39.45956 40.0281 40.58278 41.1233 41.64938 42.1607 42.65697 43.13786 43.60304 44.0522 44.48499 44.90108 45.30014 45.68184 46.04583 46.39178 46.71937 47.02829 47.3182 47.58883 47.83987 48.07104 48.2821 48.47279 48.64289 48.79219 48.92051 49.0277 49.11361 49.17815 49.22121 49.24276 49.24276 49.22121 49.17815 49.11361 49.0277 48.92051 48.79219 48.64289 48.47279 48.2821 48.07104 47.83987 47.58883
27.82082 28.60692 29.38261 30.1478 30.90237 31.64623 32.37924 33.10128 33.81218 34.5118 35.19995 35.87646 36.54113 37.19374 37.83408 38.46192 39.07701 39.6791 40.26791 40.84317 41.40461 41.9519 42.48475 43.00283 43.50584 43.99342 44.46525 44.92097 45.36024 45.78271 46.18802 46.57581 46.94574 47.29744 47.63058 47.94482 48.23982 48.51526 48.77084 49.00624 49.22121 49.41548 49.5888 49.74095 49.87175 49.98101 50.0686 50.1344 50.17831 50.20028 50.20028 50.17831 50.1344 50.0686 49.98101 49.87175 49.74095 49.5888 49.41548 49.22121 49.00624 48.77084 48.51526
28.51036 29.30154 30.08245 30.85299 31.61305 32.36252 33.10128 33.82918 34.54607 35.25179 35.94617 36.629 37.30009 37.95923 38.60618 39.24071 39.86256 40.47148 41.06718 41.64938 42.21777 42.77205 43.31189 43.83697 44.34694 44.84146 45.32017 45.78271 46.22871 46.6578 47.06961 47.46375 47.83987 48.19757 48.53651 48.85631 49.15663 49.43711 49.69743 49.93728 50.15635 50.35436 50.53107 50.68622 50.81961 50.93106 51.02041 51.08754 51.13234 51.15476 51.15476 51.13234 51.08754 51.02041 50.93106 50.81961 50.68622 50.53107 50.35436 50.15635 49.93728 49.69743 49.43711
29.18815 29.98451 30.77073 31.54671 32.31237 33.06757 33.81218 34.54607 35.26908 35.98104 36.68177 37.37107 38.04874 38.71456 39.36829 40.00969 40.63849 41.25443 41.85721 42.44654 43.02211 43.58359 44.13065 44.66296 45.18014 45.68184 46.16768 46.63729 47.09028 47.52625 47.94482 48.34558 48.72815 49.09212 49.43711 49.76273 50.0686 50.35436 50.61966 50.86416 51.08754 51.28949 51.46975 51.62806 51.76418 51.87793 51.96914 52.03766 52.0834 52.10629 52.10629 52.0834 52.03766 51.96914 51.87793 51.76418 51.62806 51.46975 51.28949 51.08754 50.86416 50.61966 50.35436
29.85407 30.65568 31.4473 32.22884 33.00018 33.76121 34.5118 35.25179 35.98104 36.69937 37.40659 38.1025 38.78691 39.45956 40.12024 40.76867 41.40461 42.02775 42.63781 43.23448 43.81744 44.38635 44.94087 45.48063 46.00527 46.5144 47.00764 47.48458 47.94482 48.38795 48.81356 49.22121 49.6105 49.98101 50.33232 50.66402 50.97572 51.26701 51.53753 51.78691 52.01481 52.2209 52.4049 52.56652 52.70552 52.82169 52.91485 52.98485 53.03158 53.05496 53.05496 53.03158 52.98485 52.91485 52.82169 52.70552 52.56652 52.4049 52.2209 52.01481 51.78691 51.53753 51.26701
30.50796 31.31492 32.11203 32.8992 33.67633 34.44329 35.19995 35.94617 36.68177 37.40659 38.12043 38.8231 39.51438 40.19403 40.86181 41.51746 42.1607 42.79125 43.40879 44.01301 44.60357 45.18014 45.74234 46.28981 46.82215 47.33897 47.83987 48.32441 48.79219 49.24276 49.67569 50.09052 50.48683 50.86416 51.22208 51.56014 51.87793 52.17502 52.45102 52.70552 52.93817 53.14862 53.33655 53.50166 53.64369 53.76241 53.85763 53.92919 53.97696 54.00087 54.00087 53.97696 53.92919 53.85763 53.76241 53.64369 53.50166 53.33655 53.14862 52.93817 52.70552 52.45102 52.17502
31.14969 31.96205 32.76473 33.55763 34.34063 35.11362 35.87646 36.629 37.37107 38.1025 38.8231 39.53267 40.23096 40.91776 41.59281 42.25584 42.90657 43.5447 44.16992 44.7819 45.38029 45.96474 46.53486 47.09028 47.63058 48.15536 48.66419 49.15663 49.63222 50.09052 50.53107 50.95338 51.35701 51.74147 52.10629 52.45102 52.77518 53.07836 53.3601 53.61999 53.85763 54.07267 54.26474 54.43353 54.57875 54.70017 54.79757 54.87076 54.91963 54.94409 54.94409 54.91963 54.87076 54.79757 54.70017 54.57875 54.43353 54.26474 54.07267 53.85763 53.61999 53.3601 53.07836
31.77908 32.59693 33.40525 34.20395 34.99291 35.77201 36.54113 37.30009 38.04874 38.78691 39.51438 40.23096 40.93642 41.63052 42.31299 42.98357 43.64197 44.28788 44.92097 45.54092 46.14735 46.73991 47.3182 47.88182 48.43036 48.96336 49.4804 49.98101 50.46473 50.93106 51.37954 51.80965 52.2209 52.6128 52.98485 53.33655 53.66741 53.97696 54.26474 54.53029 54.77319 54.99305 55.18949 55.36216 55.51076 55.63502 55.73471 55.80965 55.85968 55.88472 55.88472 55.85968 55.80965 55.73471 55.63502 55.51076 55.36216 55.18949 54.99305 54.77319 54.53029 54.26474 53.97696
32.39597 33.21936 34.0334 34.83797 35.63297 36.41827 37.19374 37.95923 38.71456 39.45956 40.19403 40.91776 41.63052 42.33205 43.02211 43.7004 44.36664 45.02052 45.66169 46.28981 46.90451 47.50541 48.09211 48.66419 49.22121 49.76273 50.28827 50.79736 51.28949 51.76418 52.2209 52.65914 53.07836 53.47803 53.85763 54.21663 54.55451 54.87076 55.16488 55.43639 55.68484 55.90978 56.11082 56.2876 56.43976 56.56703 56.66915 56.74592 56.79719 56.82285 56.82285 56.79719 56.74592 56.66915 56.56703 56.43976 56.2876 56.11082 55.90978 55.68484 55.43639 55.16488 54.87076
33.00018 33.82918 34.64898 35.45948 36.26059 37.05217 37.83408 38.60618 39.36829 40.12024 40.86181 41.59281 42.31299 43.02211 43.71989 44.40607 45.08032 45.74234 46.39178 47.02829 47.65147 48.26096 48.85631 49.43711 50.0029 50.5532 51.08754 51.60541 52.10629 52.58965 53.05496 53.50166 53.92919 54.33699 54.7245 55.09115 55.43639 55.75967 56.06047 56.33825 56.59253 56.82285 57.02876 57.20986 57.3658 57.49625 57.60094 57.67966 57.73223 57.75855 57.75855 57.73223 57.67966 57.60094 57.49625 57.3658 57.20986 57.02876 56.82285 56.59253 56.33825 56.06047 55.75967
33.59153 34.42617 35.25179 36.06829 36.87557 37.67349 38.46192 39.24071 40.00969 40.76867 41.51746 42.25584 42.98357 43.7004 44.40607 45.10027 45.78271 46.45306 47.11096 47.75605 48.38795 49.00624 49.6105 50.20028 50.77511 51.33449 51.87793 52.4049 52.91485 53.40723 53.88147 54.33699 54.77319 55.18949 55.58527 55.95995 56.31292 56.64359 56.95141 57.23581 57.49625 57.73223 57.94329 58.12897 58.28891 58.42273 58.53015 58.61094 58.66489 58.6919 58.6919 58.66489 58.61094 58.53015 58.42273 58.28891 58.12897 57.94329 57.73223 57.49625 57.23581 56.95141 56.64359
34.16981 35.01014 35.84163 36.66418 37.47767 38.28199 39.07701 39.86256 40.63849 41.40461 42.1607 42.90657 43.64197 44.36664 45.08032 45.78271 46.4735 47.15234 47.8189 48.47279 49.11361 49.74095 50.35436 50.95338 51.53753 52.10629 52.65914 53.19553 53.71489 54.21663 54.70017 55.16488 55.61014 56.03531 56.43976 56.82285 57.18394 57.52239 57.83761 58.12897 58.39592 58.63791 58.8544 59.04495 59.20911 59.34652 59.45684 59.53981 59.59525 59.62299 59.62299 59.59525 59.53981 59.45684 59.34652 59.20911 59.04495 58.8544 58.63791 58.39592 58.12897 57.83761 57.52239
34.73483 35.58088 36.41827 37.2469 38.06666 38.87744 39.6791 40.47148 41.25443 42.02775 42.79125 43.5447 44.28788 45.02052 45.74234 46.45306 47.15234 47.83987 48.51526 49.17815 49.82811 50.46473 51.08754 51.69607 52.28981 52.86824 53.43082 53.97696 54.50608 55.01756 55.51076 55.98505 56.43976 56.87422 57.28775 57.67966 58.04928 58.39592 58.71893 59.01766 59.29149 59.53981 59.76208 59.95778 60.12644 60.26765 60.38105 60.46637 60.52336 60.5519 60.5519 60.52336 60.46637 60.38105 60.26765 60.12644 59.95778 59.76208 59.53981 59.29149 59.01766 58.71893 58.39592
35.28637 36.13817 36.98148 37.81622 38.64229 39.45956 40.26791 41.06718 41.85721 42.63781 43.40879 44.16992 44.92097 45.66169 46.39178 47.11096 47.8189 48.51526 49.19968 49.87175 50.53107 51.17719 51.80965 52.42795 53.03158 53.61999 54.1926 54.74884 55.28807 55.80965 56.31292 56.79719 57.26177 57.70594 58.12897 58.53015 58.90874 59.26401 59.59525 59.90175 60.18285 60.4379 60.66629 60.86747 61.04091 61.18616 61.30285 61.39065 61.44932 61.47869 61.47869 61.44932 61.39065 61.30285 61.18616 61.04091 60.86747 60.66629 60.4379 60.18285 59.90175 59.59525 59.26401
35.82422 36.68177 37.53102 38.3719 39.2043 40.0281 40.84317 41.64938 42.44654 43.23448 44.01301 44.7819 45.54092 46.28981 47.02829 47.75605 48.47279 49.17815 49.87175 50.5532 51.22208 51.87793 52.52028 53.14862 53.76241 54.3611 54.94409 55.51076 56.06047 56.59253 57.10627 57.60094 58.07582 58.53015 58.96316 59.37406 59.76208 60.12644 60.46637 60.7811 61.06991 61.33209 61.56699 61.77398 61.95251 62.10209 62.22228 62.31273 62.37319 62.40346 62.40346 62.37319 62.31273 62.22228 62.10209 61.95251 61.77398 61.56699 61.33209 61.06991 60.7811 60.46637 60.12644
36.34815 37.21146 38.06666 38.91368 39.75243 40.58278 41.40461 42.21777 43.02211 43.81744 44.60357 45.38029 46.14735 46.90451 47.65147 48.38795 49.11361 49.82811 50.53107 51.22208 51.90071 52.56652 53.219 53.85763 54.48188 55.09115 55.68484 56.26229 56.82285 57.3658 57.89041 58.39592 58.88156 59.34652 59.78997 60.21109 60.60905 60.98299 61.33209 61.65553 61.95251 62.22228 62.4641 62.67729 62.86126 63.01544 63.13937 63.23267 63.29503 63.32626 63.32626 63.29503 63.23267 63.13937 63.01544 62.86126 62.67729 62.4641 62.22228 61.95251 61.65553 61.33209 60.98299
36.85793 37.72698 38.58813 39.4413 40.28639 41.1233 41.9519 42.77205 43.58359 44.38635 45.18014 45.96474 46.73991 47.50541 48.26096 49.00624 49.74095 50.46473 51.17719 51.87793 52.56652 53.24248 53.90532 54.55451 55.18949 55.80965 56.41436 57.00296 57.57474 58.12897 58.66489 59.1817 59.67856 60.15464 60.60905 61.04091 61.44932 61.83338 62.19218 62.52485 62.83052 63.10834 63.35753 63.57735 63.76711 63.92623 64.05417 64.15051 64.21492 64.24718 64.24718 64.21492 64.15051 64.05417 63.92623 63.76711 63.57735 63.35753 63.10834 62.83052 62.52485 62.19218 61.83338
37.35332 38.2281 39.09518 39.95448 40.80592 41.64938 42.48475 43.31189 44.13065 44.94087 45.74234 46.53486 47.3182 48.09211 48.85631 49.6105 50.35436 51.08754 51.80965 52.52028 53.219 53.90532 54.57875 55.23875 55.88472 56.51607 57.13214 57.73223 58.31563 58.88156 59.42922 59.95778 60.46637 60.95407 61.41997 61.86312 62.28255 62.67729 63.04638 63.38883 63.70372 63.99012 64.24718 64.47408 64.67005 64.83445 64.9667 65.06631 65.13292 65.16629 65.16629 65.13292 65.06631 64.9667 64.83445 64.67005 64.47408 64.24718 63.99012 63.70372 63.38883 63.04638 62.67729
37.83408 38.71456 39.58754 40.45295 41.3107 42.1607 43.00283 43.83697 44.66296 45.48063 46.28981 47.09028 47.88182 48.66419 49.43711 50.20028 50.95338 51.69607 52.42795 53.14862 53.85763 54.55451 55.23875 55.90978 56.56703 57.20986 57.83761 58.44955 59.04495 59.62299 60.18285 60.72364 61.24445 61.74433 62.22228 62.67729 63.10834 63.51437 63.89433 64.24718 64.57189 64.86745 65.13292 65.36739 65.57003 65.7401 65.87698 65.9801 66.04909 66.08365 66.08365 66.04909 65.9801 65.87698 65.7401 65.57003 65.36739 65.13292 64.86745 64.57189 64.24718 63.89433 63.51437
38.29997 39.1861 40.06494 40.93642 41.80046 42.65697 43.50584 44.34694 45.18014 46.00527 46.82215 47.63058 48.43036 49.22121 50.0029 50.77511 51.53753 52.28981 53.03158 53.76241 54.48188 55.18949 55.88472 56.56703 57.23581 57.89041 58.53015 59.1543 59.76208 60.35266 60.92518 61.47869 62.01226 62.52485 63.01544 63.48293 63.92623 64.34419 64.73569 65.09959 65.43476 65.7401 66.01457 66.25716 66.46697 66.64316 66.78501 66.89194 66.96349 66.99934 66.99934 66.96349 66.89194 66.78501 66.64316 66.46697 66.25716 66.01457 65.7401 65.43476 65.09959 64.73569 64.34419
38.75072 39.64246 40.5271 41.40461 42.27488 43.13786 43.99342 44.84146 45.68184 46.5144 47.33897 48.15536 48.96336 49.76273 50.5532 51.33449 52.10629 52.86824 53.61999 54.3611 55.09115 55.80965 56.51607 57.20986 57.89041 58.55706 59.20911 59.84581 60.46637 61.06991 61.65553 62.22228 62.76913 63.29503 63.79887 64.27948 64.73569 65.16629 65.57003 65.94568 66.29202 66.60782 66.89194 67.14327 67.36079 67.54357 67.69081 67.80186 67.87617 67.91342 67.91342 67.87617 67.80186 67.69081 67.54357 67.36079 67.14327 66.89194 66.60782 66.29202 65.94568 65.57003 65.16629
39.1861 40.08337 40.97375 41.85721 42.73367 43.60304 44.46525 45.32017 46.16768 47.00764 47.83987 48.66419 49.4804 50.28827 51.08754 51.87793 52.65914 53.43082 54.1926 54.94409 55.68484 56.41436 57.13214 57.83761 58.53015 59.20911 59.87377 60.52336 61.15706 61.77398 62.37319 62.95367 63.51437 64.05417 64.57189 65.06631 65.53615 65.9801 66.39684 66.78501 67.14327 67.47029 67.76479 68.02552 68.25137 68.44128 68.59437 68.70987 68.7872 68.82597 68.82597 68.7872 68.70987 68.59437 68.44128 68.25137 68.02552 67.76479 67.47029 67.14327 66.78501 66.39684 65.9801
39.60584 40.50856 41.40461 42.29393 43.17649 44.0522 44.92097 45.78271 46.63729 47.48458 48.32441 49.15663 49.98101 50.79736 51.60541 52.4049 53.19553 53.97696 54.74884 55.51076 56.26229 57.00296 57.73223 58.44955 59.1543 59.84581 60.52336 61.18616 61.83338 62.4641 63.07734 63.67207 64.24718 64.80149 65.33376 65.84269 66.3269 66.78501 67.21556 67.61708 67.9881 68.32715 68.6328 68.9037 69.13856 69.33622 69.49565 69.616 69.69662 69.73704 69.73704 69.69662 69.616 69.49565 69.33622 69.13856 68.9037 68.6328 68.32715 67.9881 67.61708 67.21556 66.78501
