contrib/geomason/sim/app/geo/CDI/src/files/data/cdilon100k.txt
ncols         100
nrows         100
xllcorner     -5000000
yllcorner     -5000000
cellsize      100000
NODATA_value  -9999
[rows 0 to 26 of 100, columns 0 to 60 of 100]
125 124.4154 123.8188 123.2101 122.589 121.9552 121.3086 120.6489 119.9759 119.2894 118.5892 117.875 117.1467 116.4041 115.647 114.8753 114.0889 113.2875 112.4712 111.6398 110.7932 109.9315 109.0546 108.1625 107.2553 106.3331 105.3959 104.444 103.4774 102.4965 101.5014 100.4926 99.4703 98.43495 97.38697 96.32685 95.25512 94.17234 93.07912 91.97614 90.86406 89.74364 88.61565 87.48089 86.34019 85.19443 84.04449 82.89127 81.7357 80.57873 79.42127 78.2643 77.10873 75.95551 74.80557 73.65981 72.51911 71.38435 70.25636 69.13594 68.02386
125.5846 125 124.4032 123.794 123.172 122.5372 121.8892 121.2277 120.5526 119.8636 119.1605 118.4431 117.711 116.9643 116.2026 115.4258 114.6337 113.8262 113.0031 112.1644 111.31 110.4397 109.5537 108.6518 107.7342 106.8008 105.8519 104.8874 103.9077 102.9128 101.9032 100.879 99.8407 98.78862 97.72324 96.64503 95.55457 94.45243 93.33925 92.21572 91.08257 89.94057 88.79054 87.63333 86.46982 85.30093 84.12759 82.95078 81.77147 80.59066 79.40934 78.22853 77.04922 75.87241 74.69907 73.53018 72.36667 71.20946 70.05943 68.91743 67.78428
126.1812 125.5968 125 124.3905 123.768 123.1323 122.4831 121.8202 121.1432 120.452 119.7462 119.0257 118.2902 117.5394 116.7733 115.9915 115.1939 114.3803 113.5507 112.7047 111.8425 110.9638 110.0686 109.1569 108.2288 107.2842 106.3233 105.3462 104.353 103.344 102.3194 101.2796 100.2249 99.15561 98.07232 96.9755 95.86571 94.74356 93.60973 92.46494 91.30993 90.14555 88.97263 87.79208 86.60484 85.41187 84.21418 83.01279 81.80874 80.60309 79.39691 78.19126 76.98721 75.78582 74.58813 73.39516 72.20792 71.02737 69.85445 68.69007 67.53506
126.7899 126.206 125.6095 125 124.3772 123.741 123.0909 122.4266 121.7481 121.0548 120.3466 119.6233 118.8845 118.13 117.3596 116.573 115.7701 114.9507 114.1145 113.2614 112.3914 111.5043 110.6 109.6785 108.7398 107.7839 106.811 105.821 104.8142 103.7908 102.751 101.6951 100.6235 99.53665 98.43495 97.31894 96.18921 95.04639 93.89119 92.72436 91.54669 90.35905 89.16235 87.95753 86.74558 85.52754 84.30447 83.07745 81.84761 80.61606 79.38394 78.15239 76.92255 75.69553 74.47246 73.25442 72.04247 70.83765 69.64095 68.45331 67.27564
127.411 126.828 126.232 125.6228 125 124.3634 123.7127 123.0475 122.3676 121.6726 120.9623 120.2364 119.4945 118.7365 117.9621 117.1709 116.3629 115.5377 114.6952 113.8351 112.9574 112.0619 111.1486 110.2173 109.268 108.3008 107.3156 106.3126 105.292 104.2539 103.1986 102.1263 101.0375 99.93253 98.81189 97.67611 96.52579 95.36162 94.1843 92.99461 91.79343 90.58163 89.36019 88.1301 86.89243 85.64825 84.3987 83.14496 81.88819 80.6296 79.3704 78.11181 76.85504 75.6013 74.35175 73.10757 71.8699 70.63981 69.41837 68.20657 67.00539
128.0448 127.4628 126.8677 126.259 125.6366 125 124.3489 123.6831 123.0021 122.3057 121.5936 120.8653 120.1207 119.3595 118.5812 117.7857 116.9728 116.142 115.2934 114.4265 113.5412 112.6375 111.7151 110.774 109.8142 108.8355 107.8381 106.822 105.7873 104.7343 103.6631 102.5741 101.4677 100.3441 99.20397 98.04782 96.87627 95.68999 94.48976 93.2764 92.05078 90.81388 89.56669 88.31028 87.04577 85.77432 84.49715 83.21548 81.93059 80.64375 79.35625 78.06941 76.78452 75.50285 74.22568 72.95423 71.68972 70.43331 69.18612 67.94922 66.7236
128.6914 128.1108 127.5169 126.9091 126.2873 125.6511 125 124.3338 123.6521 122.9546 122.2409 121.5107 120.7636 119.9994 119.2176 118.4181 117.6004 116.7644 115.9097 115.0362 114.1436 113.2317 112.3004 111.3496 110.3791 109.389 108.3792 107.3499 106.301 105.2328 104.1455 103.0394 101.9149 100.7723 99.61209 98.43495 97.24146 96.03234 94.80838 93.57043 92.31944 91.05641 89.78241 88.49856 87.20605 85.90614 84.6001 83.28925 81.97494 80.65855 79.34145 78.02506 76.71075 75.3999 74.09386 72.79395 71.50144 70.21759 68.94359 67.68056 66.42957
129.3511 128.7723 128.1798 127.5734 126.9525 126.3169 125.6662 125 124.3179 123.6196 122.9047 122.1729 121.4237 120.6568 119.8718 119.0685 118.2464 117.4054 116.545 115.665 114.7652 113.8453 112.9052 111.9448 110.9638 109.9622 108.94 107.8973 106.834 105.7505 104.6468 103.5232 102.3801 101.218 100.0372 98.83843 97.6223 96.38954 95.14098 93.87753 92.60016 91.30993 90.00798 88.6955 87.37376 86.04409 84.70786 83.36646 82.02136 80.67403 79.32597 77.97864 76.63354 75.29214 73.95591 72.62624 71.3045 69.99202 68.69007 67.39984 66.12247
130.0241 129.4474 128.8568 128.252 127.6324 126.9979 126.3479 125.6821 125 124.3013 123.5856 122.8524 122.1014 121.3322 120.5444 119.7376 118.9115 118.0657 117.1998 116.3136 115.4069 114.4792 113.5305 112.5604 111.569 110.556 109.5214 108.4652 107.3874 106.2883 105.1679 104.0265 102.8645 101.6823 100.4804 99.25929 98.01977 96.76256 95.4885 94.19855 92.89375 91.57519 90.24409 88.90172 87.54942 86.18861 84.82076 83.44739 82.07003 80.69028 79.30972 77.92997 76.55261 75.17924 73.81139 72.45058 71.09828 69.75591 68.42481 67.10625 65.80145
130.7106 130.1364 129.548 128.9452 128.3274 127.6943 127.0454 126.3804 125.6987 125 124.2838 123.5498 122.7974 122.0263 121.236 120.4261 119.5962 118.746 117.875 116.9829 116.0694 115.1342 114.177 113.1976 112.1957 111.1713 110.1243 109.0546 107.9622 106.8473 105.71 104.5505 103.3691 102.1663 100.9426 99.69862 98.43495 97.15242 95.85193 94.53445 93.20109 91.853 90.49148 89.11787 87.7336 86.34019 84.93922 83.5323 82.12109 80.70732 79.29268 77.87891 76.4677 75.06078 73.65981 72.2664 70.88213 69.50852 68.147 66.79891 65.46555
131.4108 130.8395 130.2538 129.6534 129.0377 128.4064 127.7591 127.0953 126.4144 125.7162 125 124.2655 123.5121 122.7395 121.9471 121.1345 120.3013 119.447 118.5713 117.6736 116.7537 115.8112 114.8457 113.8571 112.8451 111.8094 110.75 109.6667 108.5596 107.4287 106.2742 105.0963 103.8952 102.6713 101.4253 100.1576 98.869 97.56027 96.23235 94.88627 93.52316 92.14428 90.75097 89.34467 87.92693 86.49934 85.06361 83.62148 82.17474 80.72523 79.27477 77.82526 76.37852 74.93639 73.50066 72.07307 70.65533 69.24903 67.85572 66.47684 65.11373
132.125 131.5569 130.9743 130.3767 129.7636 129.1347 128.4893 127.8271 127.1476 126.4502 125.7345 125 124.2462 123.4725 122.6785 121.8636 121.0275 120.1696 119.2894 118.3865 117.4606 116.5111 115.5377 114.5401 113.518 112.4712 111.3995 110.3027 109.1808 108.0339 106.8619 105.6652 104.444 103.1986 101.9296 100.6376 99.32318 97.98734 96.63095 95.25512 93.86103 92.45 91.02345 89.58295 88.1301 86.66666 85.19443 83.71529 82.23118 80.74406 79.25594 77.76882 76.28471 74.80557 73.33334 71.8699 70.41705 68.97655 67.55 66.13897 64.74488
132.8533 132.289 131.7098 131.1155 130.5055 129.8793 129.2364 128.5763 127.8986 127.2026 126.4879 125.7538 125 124.2258 123.4306 122.6141 121.7755 120.9144 120.0303 119.1226 118.1909 117.2348 116.2538 115.2476 114.2157 113.1579 112.074 110.9638 109.8271 108.664 107.4744 106.2587 105.0169 103.7495 102.4569 101.1398 99.79887 98.43495 97.04903 95.64225 94.21585 92.77124 91.30993 89.83356 88.34389 86.84277 85.33216 83.81407 82.29061 80.7639 79.2361 77.70939 76.18593 74.66784 73.15723 71.65611 70.16644 68.69007 67.22876 65.78415 64.35775
133.5959 133.0357 132.4606 131.87 131.2635 130.6405 130.0006 129.3432 128.6678 127.9737 127.2605 126.5275 125.7742 125 124.2043 123.3865 122.546 121.6822 120.7946 119.8827 118.9458 117.9835 116.9953 115.9807 114.9393 113.8708 112.7749 111.6513 110.4998 109.3205 108.1132 106.8781 105.6155 104.3256 103.0089 101.666 100.2976 98.90458 97.488 96.049 94.58892 93.10921 91.61149 90.0975 88.56915 87.0284 85.47737 83.91825 82.35329 80.78483 79.21517 77.64671 76.08175 74.52263 72.9716 71.43085 69.9025 68.38851 66.89079 65.41108 63.951
134.353 133.7974 133.2267 132.6404 132.0379 131.4188 130.7824 130.1282 129.4556 128.764 128.0529 127.3215 126.5694 125.7957 125 124.1815 123.3397 122.4739 121.5834 120.6677 119.7261 118.7581 117.7631 116.7406 115.6901 114.6111 113.5034 112.3666 111.2005 110.0049 108.7798 107.5252 106.2413 104.9285 103.587 102.2176 100.8209 99.39781 97.9494 96.47688 94.98164 93.46521 91.92932 90.37585 88.80679 87.22432 85.63068 84.02827 82.41951 80.80693 79.19307 77.58049 75.97173 74.36932 72.77568 71.19321 69.62415 68.07068 66.53479 65.01836 63.52312
135.1247 134.5742 134.0085 133.427 132.8291 132.2143 131.5819 130.9315 130.2624 129.5739 128.8655 128.1364 127.3859 126.6135 125.8185 125 124.1575 123.2902 122.3974 121.4785 120.5328 119.5597 118.5584 117.5284 116.4692 115.3803 114.2611 113.1113 111.9307 110.7189 109.4759 108.2016 106.8962 105.56 104.1932 102.7965 101.3706 99.9164 98.43495 96.92751 95.39555 93.8407 92.26477 90.66978 89.05789 87.43141 85.79279 84.14462 82.48956 80.83031 79.16969 77.51044 75.85538 74.20721 72.56859 70.94211 69.33022 67.73523 66.1593 64.60445 63.07249
135.9111 135.3663 134.8061 134.2299 133.6371 133.0272 132.3996 131.7536 131.0885 130.4038 129.6987 128.9725 128.2245 127.454 126.6603 125.8425 125 124.132 123.2376 122.3162 121.3671 120.3894 119.3824 118.3456 117.2782 116.1796 115.0494 113.887 112.692 111.4641 110.2032 108.9092 107.582 106.222 104.8293 103.4047 101.9487 100.4623 98.9465 97.4027 95.83239 94.23728 92.61932 90.98065 89.32359 87.65065 85.96449 84.26789 82.56377 80.85509 79.14491 77.43623 75.73211 74.03551 72.34935 70.67641 69.01935 67.38068 65.76272 64.16761 62.5973
136.7125 136.1738 135.6197 135.0493 134.4623 133.858 133.2356 132.5947 131.9343 131.254 130.553 129.8304 129.0856 128.3178 127.5261 126.7098 125.868 125 124.1048 123.1817 122.2298 121.2483 120.2364 119.1933 118.1183 117.0107 115.8698 114.6952 113.4862 112.2425 110.9638 109.6499 108.3008 106.9166 105.4976 104.0442 102.5572 101.0375 99.48613 97.90445 96.29404 94.65675 92.99461 91.30993 89.6052 87.88314 86.14663 84.3987 82.64255 80.8814 79.1186 77.35745 75.6013 73.85337 72.11686 70.3948 68.69007 67.00539 65.34325 63.70595 62.09555
137.5288 136.9969 136.4493 135.8855 135.3048 134.7066 134.0903 133.455 132.8002 132.125 131.4287 130.7106 129.9697 129.2054 128.4166 127.6026 126.7624 125.8952 125 124.076 123.1221 122.1376 121.1215 120.0729 118.991 117.875 116.7241 115.5377 114.3151 113.0558 111.7595 110.4258 109.0546 107.646 106.2001 104.7174 103.1986 101.6444 100.0561 98.43495 96.78265 95.1011 93.39249 91.65929 89.90418 88.1301 86.34019 84.53777 82.72631 80.90938 79.09062 77.27369 75.46223 73.65981 71.8699 70.09582 68.34071 66.60751 64.8989 63.21736 61.56505
138.3602 137.8356 137.2953 136.7386 136.1649 135.5735 134.9638 134.335 133.6864 133.0171 132.3264 131.6135 130.8774 130.1173 129.3323 128.5215 127.6838 126.8183 125.924 125 124.0452 123.0585 122.0391 120.9858 119.8978 118.7742 117.614 116.4164 115.1807 113.9063 112.5926 111.2392 109.8459 108.4127 106.9395 105.4269 103.8753 102.2856 100.6589 98.99665 97.30053 95.57254 93.81503 92.03059 90.22217 88.39292 86.54629 84.6859 82.81556 80.93919 79.06081 77.18444 75.3141 73.45371 71.60708 69.77783 67.96941 66.18497 64.42746 62.69947 61.00335
139.2068 138.69 138.1575 137.6086 137.0426 136.4588 135.8564 135.2348 134.5931 133.9306 133.2463 132.5394 131.8091 131.0542 130.2739 129.4672 128.6329 127.7702 126.8779 125.9548 125 124.0122 122.9904 121.9335 120.8404 119.7099 118.5412 117.3332 116.0851 114.796 113.4654 112.0926 110.6773 109.2192 107.7185 106.1753 104.5901 102.9638 101.2974 99.59229 97.85032 96.07358 94.26451 92.42594 90.56101 88.67317 86.76617 84.844 82.91084 80.97102 79.02898 77.08916 75.156 73.23383 71.32683 69.43899 67.57406 65.73549 63.92643 62.14968 60.40772
140.0685 139.5603 139.0362 138.4957 137.938 137.3625 136.7683 136.1547 135.5208 134.8658 134.1888 133.4889 132.7652 132.0165 131.2419 130.4403 129.6107 128.7517 127.8624 126.9415 125.9878 125 123.977 122.9174 121.8202 120.684 119.5077 118.2902 117.0304 115.7274 114.3803 112.9885 111.5514 110.0686 108.54 106.9657 105.3462 103.6821 101.9745 100.2249 98.43495 96.60698 94.74356 92.8477 90.92281 88.97263 87.00127 85.01311 83.01279 81.00509 78.99491 76.98721 74.98689 72.99873 71.02737 69.07719 67.1523 65.25644 63.39302 61.56505 59.77514
140.9454 140.4463 139.9314 139.4 138.8514 138.2849 137.6996 137.0948 136.4695 135.823 135.1543 134.4623 133.7462 133.0047 132.2369 131.4416 130.6176 129.7636 128.8785 127.9609 127.0096 126.023 125 123.9391 122.8389 121.6981 120.5154 119.2894 118.0189 116.7029 115.3401 113.9298 112.4712 110.9638 109.4072 107.8015 106.1468 104.444 102.6938 100.8978 99.0577 97.1759 95.25512 93.29857 91.30993 89.29331 87.2532 85.19443 83.12213 81.04163 78.95837 76.87787 74.80557 72.7468 70.70669 68.69007 66.70143 64.74488 62.8241 60.9423 59.10223
141.8375 141.3482 140.8431 140.3215 139.7827 139.226 138.6504 138.0553 137.4396 136.8024 136.1429 135.4599 134.7524 134.0193 133.2594 132.4716 131.6544 130.8067 129.9271 129.0142 128.0665 127.0826 126.0609 125 123.8983 122.7543 121.5664 120.3331 119.0531 117.725 116.3475 114.9194 113.4399 111.9081 110.3236 108.6861 106.9958 105.2532 103.459 101.6148 99.72227 97.78389 95.80251 93.7816 91.72511 89.63754 87.52382 85.38931 83.2397 81.08092 78.91908 76.7603 74.61069 72.47618 70.36246 68.27489 66.2184 64.19749 62.21611 60.27772 58.38522
142.7447 142.2658 141.7712 141.2602 140.732 140.1858 139.6209 139.0362 138.431 137.8043 137.1549 136.482 135.7843 135.0607 134.3099 133.5308 132.7218 131.8817 131.009 130.1022 129.1596 128.1798 127.1611 126.1017 125 123.8542 122.6627 121.4237 120.1355 118.7966 117.4054 115.9605 114.4608 112.9052 111.293 109.6237 107.8973 106.1139 104.2744 102.3801 100.4328 98.43495 96.38954 94.30028 92.17146 90.00798 87.81529 85.59934 83.36646 81.12331 78.87669 76.63354 74.40066 72.18471 69.99202 67.82854 65.69972 63.61046 61.56505 59.56717 57.61987
143.6669 143.1992 142.7158 142.2161 141.6992 141.1645 140.611 140.0378 139.444 138.8286 138.1906 137.5288 136.8421 136.1292 135.3889 134.6197 133.8204 132.9893 132.125 131.2258 130.2901 129.316 128.3019 127.2457 126.1458 125 123.8065 122.5634 121.2686 119.9204 118.5169 117.0565 115.5377 113.9591 112.3196 110.6186 108.8557 107.0309 105.1448 103.1986 101.1941 99.13364 97.02052 94.85861 92.65256 90.40771 88.1301 85.82634 83.50353 81.16914 78.83086 76.49647 74.17366 71.8699 69.59229 67.34744 65.14139 62.97947 60.86636 58.80594 56.80141
144.6041 144.1481 143.6767 143.189 142.6844 142.1619 141.6208 141.06 140.4786 139.8757 139.25 138.6005 137.926 137.2251 136.4966 135.7389 134.9506 134.1302 133.2759 132.386 131.4588 130.4923 129.4846 128.4336 127.3373 126.1935 125 123.7546 122.4552 121.0995 119.6855 118.211 116.6743 115.0738 113.4078 111.6755 109.876 108.0092 106.0754 104.0755 102.0113 99.88516 97.70042 95.46122 93.17255 90.84031 88.47115 86.07246 83.65222 81.21887 78.78113 76.34778 73.92754 71.52885 69.15969 66.82745 64.53878 62.29957 60.11483 57.98872 55.9245
