contrib/geomason/sim/app/geo/CDI/src/files/data/cdilon100k.txt
ncols         100
nrows         100
xllcorner     -5000000
yllcorner     -5000000
cellsize      100000
NODATA_value  -9999
[rows 27 to 53 of 100, columns 0 to 60 of 100]
145.556 145.1126 144.6538 144.179 143.6873 143.178 142.6501 142.1027 141.5348 140.9454 140.3333 139.6973 139.0362 138.3487 137.6334 136.8887 136.113 135.3048 134.4623 133.5836 132.6668 131.7098 130.7106 129.6669 128.5763 127.4366 126.2454 125 123.698 122.337 120.9144 119.4278 117.875 116.2538 114.5625 112.7995 110.9638 109.0546 107.0721 105.0169 102.8905 100.6954 98.43495 96.11342 93.73627 91.30993 88.84181 86.34019 83.81407 81.27303 78.72697 76.18593 73.65981 71.15819 68.69007 66.26373 63.88658 61.56505 59.30455 57.10945 54.9831
146.5226 146.0923 145.647 145.1858 144.708 144.2127 143.699 143.166 142.6126 142.0378 141.4404 140.8192 140.1729 139.5002 138.7995 138.0693 137.308 136.5138 135.6849 134.8193 133.9149 132.9696 131.9811 130.9469 129.8645 128.7314 127.5448 126.302 125 123.6361 122.2073 120.7108 119.144 117.5041 115.789 113.9965 112.125 110.1735 108.1416 106.0296 103.8387 101.5713 99.23067 96.82141 94.34933 91.82149 89.24611 86.63251 83.99091 81.33222 78.66778 76.00909 73.36749 70.75389 68.17851 65.65067 63.17859 60.76933 58.42869 56.16126 53.97041
147.5035 147.0872 146.656 146.2092 145.7461 145.2657 144.7672 144.2495 143.7117 143.1527 142.5713 141.9661 141.336 140.6795 139.9951 139.2811 138.5359 137.7575 136.9442 136.0937 135.204 134.2726 133.2971 132.275 131.2034 130.0796 128.9005 127.663 126.3639 125 123.5679 122.0643 120.486 118.8298 117.0928 115.2724 113.3664 111.373 109.2914 107.1213 104.8637 102.5206 100.0952 97.59242 95.01836 92.38076 89.68879 86.95296 84.18491 81.39718 78.60282 75.81509 73.04704 70.31121 67.61924 64.98164 62.40757 59.90477 57.47943 55.1363 52.8787
148.4986 148.0968 147.6806 147.249 146.8014 146.3369 145.8545 145.3532 144.8321 144.29 143.7258 143.1381 142.5256 141.8868 141.2202 140.5241 139.7968 139.0362 138.2405 137.4074 136.5346 135.6197 134.6599 133.6525 132.5947 131.4831 130.3145 129.0856 127.7927 126.4321 125 123.4926 121.9059 120.2364 118.4802 116.6341 114.6952 112.6609 110.5297 108.3008 105.9744 103.5523 101.0375 98.43495 95.75117 92.99461 90.17551 87.30576 84.3987 81.4688 78.5312 75.6013 72.69424 69.82449 67.00539 64.24883 61.56505 58.96249 56.44773 54.0256 51.69925
149.5074 149.121 148.7204 148.3049 147.8737 147.4259 146.9606 146.4768 145.9735 145.4496 144.9037 144.3348 143.7413 143.1219 142.4748 141.7984 141.0908 140.3501 139.5742 138.7608 137.9074 137.0115 136.0702 135.0806 134.0395 132.9435 131.789 130.5722 129.2892 127.9357 126.5074 125 123.4089 121.7295 119.9576 118.0888 116.1193 114.0459 111.866 109.5778 107.1811 104.6769 102.0679 99.35899 96.55707 93.67131 90.71312 87.69605 84.63546 81.54816 78.45184 75.36454 72.30395 69.28688 66.32869 63.44293 60.64101 57.9321 55.32314 52.81889 50.42216
150.5297 150.1593 149.7751 149.3765 148.9625 148.5323 148.0851 147.6199 147.1355 146.6309 146.1048 145.556 144.9831 144.3845 143.7587 143.1038 142.418 141.6992 140.9454 140.1541 139.3227 138.4486 137.5288 136.5601 135.5392 134.4623 133.3257 132.125 130.856 129.514 128.0941 126.5911 125 123.3153 121.5318 119.6442 117.6476 115.5377 113.3106 110.9638 108.4956 105.9065 103.1986 100.3764 97.44719 94.42078 91.30993 88.1301 84.89909 81.63657 78.36343 75.10091 71.8699 68.69007 65.57922 62.55281 59.62357 56.80141 54.09349 51.50436 49.03624
151.565 151.2114 150.8444 150.4633 150.0675 149.6559 149.2278 148.782 148.3177 147.8336 147.3287 146.8014 146.2505 145.6744 145.0715 144.44 143.778 143.0835 142.354 141.5873 140.7807 139.9314 139.0362 138.0919 137.0948 136.0409 134.9262 133.7462 132.4959 131.1702 129.7636 128.2705 126.6847 125 123.2101 121.3086 119.2894 117.1467 114.8753 112.4712 109.9315 107.2553 104.444 101.5014 98.43495 95.25512 91.97614 88.61565 85.19443 81.7357 78.2643 74.80557 71.38435 68.02386 64.74488 61.56505 58.49857 55.55605 52.74467 50.06849 47.52881
152.613 152.2768 151.9277 151.565 151.1881 150.796 150.3879 149.9628 149.5196 149.0573 148.5747 148.0704 147.5431 146.9911 146.413 145.8068 145.1707 144.5024 143.7999 143.0605 142.2815 141.46 140.5928 139.6764 138.707 137.6804 136.5922 135.4375 134.211 132.9072 131.5198 130.0424 128.4682 126.7899 125 123.0909 121.0548 118.8845 116.573 114.1145 111.5043 108.7398 105.821 102.751 99.53665 96.18921 92.72436 89.16235 85.52754 81.84761 78.15239 74.47246 70.83765 67.27564 63.81079 60.46334 57.24902 54.17901 51.2602 48.49574 45.88553
153.6731 153.355 153.0245 152.6811 152.3239 151.9522 151.565 151.1616 150.7407 150.3014 149.8424 149.3625 148.8602 148.334 147.7824 147.2035 146.5953 145.9558 145.2826 144.5731 143.8247 143.0343 142.1985 141.3139 140.3763 139.3814 138.3245 137.2005 136.0035 134.7276 133.3659 131.9112 130.3558 128.6914 126.9091 125 122.9546 120.7636 118.4181 115.9097 113.2317 110.3791 107.3499 104.1455 100.7723 97.24146 93.57043 89.78241 85.90614 81.97494 78.02506 74.09386 70.21759 66.42957 62.75854 59.22775 55.85446 52.65012 49.62087 46.76829 44.09028
154.7449 154.4454 154.1343 153.8108 153.4742 153.1237 152.7585 152.3777 151.9802 151.565 151.131 150.6768 150.2011 149.7024 149.1791 148.6294 148.0513 147.4427 146.8014 146.1247 145.4099 144.6538 143.8532 143.0042 142.1027 141.1443 140.124 139.0362 137.875 136.6336 135.3048 133.8807 132.3524 130.7106 128.9452 127.0454 125 122.7974 120.4261 117.875 115.1342 112.1957 109.0546 105.71 102.1663 98.43495 94.53445 90.49148 86.34019 82.12109 77.87891 73.65981 69.50852 65.46555 61.56505 57.83365 54.29005 50.9454 47.80427 44.86581 42.12502
155.8277 155.5476 155.2564 154.9536 154.6384 154.31 153.9677 153.6105 153.2374 152.8476 152.4397 152.0127 151.565 151.0954 150.6022 150.0836 149.5377 148.9625 148.3556 147.7144 147.0362 146.3179 145.556 144.7468 143.8861 142.9691 141.9908 140.9454 139.8265 138.627 137.3391 135.9541 134.4623 132.8533 131.1155 129.2364 127.2026 125 122.6141 120.0303 117.2348 114.2157 110.9638 107.4744 103.7495 99.79887 95.64225 91.30993 86.84277 82.29061 77.70939 73.15723 68.69007 64.35775 60.20112 56.25051 52.52557 49.03624 45.7843 42.76517 39.96974
156.9209 156.6608 156.3903 156.1088 155.8157 155.5102 155.1916 154.859 154.5115 154.1481 153.7677 153.369 152.951 152.512 152.0506 151.565 151.0535 150.5139 149.9439 149.3411 148.7027 148.0255 147.3062 146.541 145.7256 144.8552 143.9246 142.9279 141.8584 140.7086 139.4703 138.134 136.6894 135.1247 133.427 131.5819 129.5739 127.3859 125 122.3974 119.5597 116.4692 113.1113 109.4759 105.56 101.3706 96.92751 92.26477 87.43141 82.48956 77.51044 72.56859 67.73523 63.07249 58.62938 54.44003 50.52411 46.88866 43.53077 40.44033 37.60256
158.0239 157.7843 157.5351 157.2757 157.0054 156.7236 156.4296 156.1225 155.8015 155.4655 155.1137 154.7449 154.3578 153.951 153.5231 153.0725 152.5973 152.0956 151.565 151.0033 150.4077 149.7751 149.1022 148.3852 147.6199 146.8014 145.9245 144.9831 143.9704 142.8787 141.6992 140.4222 139.0362 137.5288 135.8855 134.0903 132.125 129.9697 127.6026 125 122.1376 118.991 115.5377 111.7595 107.646 103.1986 98.43495 93.39249 88.1301 82.72631 77.27369 71.8699 66.60751 61.56505 56.80141 52.35402 48.24052 44.46232 41.00901 37.8624 35
159.1359 158.9174 158.6901 158.4533 158.2066 157.9492 157.6806 157.3998 157.1063 156.7989 156.4768 156.139 155.7841 155.4111 155.0184 154.6044 154.1676 153.7059 153.2174 152.6995 152.1497 151.565 150.9423 150.2777 149.5672 148.8059 147.9887 147.1095 146.1613 145.1363 144.0256 142.8189 141.5044 140.0685 138.4957 136.7683 134.8658 132.7652 130.4403 127.8624 125 121.8202 118.2902 114.3803 110.0686 105.3462 100.2249 94.74356 88.97263 83.01279 76.98721 71.02737 65.25644 59.77514 54.65382 49.93142 45.61966 41.70984 38.17983 35 32.1376
160.2564 160.0594 159.8545 159.6409 159.4184 159.1861 158.9436 158.6901 158.4248 158.147 157.8557 157.55 157.2288 156.8908 156.5348 156.1593 155.7627 155.3432 154.8989 154.4275 153.9264 153.393 152.8241 152.2161 151.565 150.8664 150.1148 149.3046 148.4287 147.4794 146.4477 145.3231 144.0935 142.7447 141.2602 139.6209 137.8043 135.7843 133.5308 131.009 128.1798 125 121.4237 117.4054 112.9052 107.8973 102.3801 96.38954 90.00798 83.36646 76.63354 69.99202 63.61046 57.61987 52.10273 47.09476 42.59464 38.57634 35 31.82017 28.99099
161.3844 161.2095 161.0274 160.8376 160.6398 160.4333 160.2176 159.992 159.7559 159.5085 159.249 158.9765 158.6901 158.3885 158.0707 157.7352 157.3807 157.0054 156.6075 156.185 155.7355 155.2564 154.7449 154.1975 153.6105 152.9795 152.2996 151.565 150.7693 149.9048 148.9625 147.9321 146.8014 145.556 144.179 142.6501 140.9454 139.0362 136.8887 134.4623 131.7098 128.5763 125 120.9144 116.2538 110.9638 105.0169 98.43495 91.30993 83.81407 76.18593 68.69007 61.56505 54.9831 49.03624 43.74616 39.08562 35 31.42367 28.29016 25.53768
162.5191 162.3667 162.2079 162.0425 161.8699 161.6897 161.5014 161.3045 161.0983 160.8821 160.6553 160.4171 160.1664 159.9025 159.6242 159.3302 159.0193 158.6901 158.3407 157.9694 157.5741 157.1523 156.7014 156.2184 155.6997 155.1414 154.5388 153.8866 153.1786 152.4076 151.565 150.641 149.6236 148.4986 147.249 145.8545 144.29 142.5256 140.5241 138.2405 135.6197 132.5947 129.0856 125 120.2364 114.6952 108.3008 101.0375 92.99461 84.3987 75.6013 67.00539 58.96249 51.69925 45.30485 39.76364 35 30.91438 27.40536 24.38034 21.75948
163.6598 163.5302 163.3952 163.2544 163.1076 162.9542 162.7939 162.6262 162.4506 162.2664 162.0731 161.8699 161.6561 161.4309 161.1932 160.9421 160.6764 160.3948 160.0958 159.7778 159.439 159.0772 158.6901 158.2749 157.8285 157.3474 156.8275 156.2637 155.6507 154.9816 154.2488 153.4429 152.5528 151.565 150.4633 149.2278 147.8336 146.2505 144.44 142.354 139.9314 137.0948 133.7462 129.7636 125 119.2894 112.4712 104.444 95.25512 85.19443 74.80557 64.74488 55.55605 47.52881 40.71059 35 30.23636 26.25384 22.90524 20.06858 17.64598
164.8056 164.6991 164.5881 164.4725 164.3517 164.2257 164.0939 163.9559 163.8114 163.6598 163.5007 163.3333 163.1572 162.9716 162.7757 162.5686 162.3493 162.1169 161.8699 161.6071 161.3268 161.0274 160.7067 160.3625 159.992 159.5923 159.1597 158.6901 158.1785 157.6192 157.0054 156.3287 155.5792 154.7449 153.8108 152.7585 151.565 150.2011 148.6294 146.8014 144.6538 142.1027 139.0362 135.3048 130.7106 125 117.875 109.0546 98.43495 86.34019 73.65981 61.56505 50.9454 42.12502 35 29.28941 24.69515 20.96376 17.89727 15.34618 13.19859
165.9555 165.8724 165.7858 165.6955 165.6013 165.5029 165.3999 165.2921 165.1792 165.0608 164.9364 164.8056 164.6678 164.5226 164.3693 164.2072 164.0355 163.8534 163.6598 163.4537 163.2338 162.9987 162.7468 162.4762 162.1847 161.8699 161.5289 161.1582 160.7539 160.3112 159.8245 159.2869 158.6901 158.0239 157.2757 156.4296 155.4655 154.3578 153.0725 151.565 149.7751 147.6199 144.9831 141.6992 137.5288 132.125 125 115.5377 103.1986 88.1301 71.8699 56.80141 44.46232 35 27.87498 22.47119 18.30076 15.01689 12.38013 10.22486 8.434949
167.1087 167.0492 166.9872 166.9225 166.855 166.7845 166.7108 166.6335 166.5526 166.4677 166.3785 166.2847 166.1859 166.0818 165.9717 165.8554 165.7321 165.6013 165.4622 165.3141 165.156 164.9869 164.8056 164.6107 164.4007 164.1737 163.9275 163.6598 163.3675 163.047 162.6942 162.304 161.8699 161.3844 160.8376 160.2176 159.5085 158.6901 157.7352 156.6075 155.2564 153.6105 151.565 148.9625 145.556 140.9454 134.4623 125 110.9638 91.30993 68.69007 49.03624 35 25.53768 19.0546 14.44395 11.03751 8.434949 6.38954 4.743563 3.392498
168.2643 168.2285 168.1913 168.1524 168.1118 168.0694 168.0251 167.9786 167.93 167.8789 167.8253 167.7688 167.7094 167.6467 167.5805 167.5105 167.4362 167.3575 167.2737 167.1844 167.0892 166.9872 166.8779 166.7603 166.6335 166.4965 166.3478 166.1859 166.0091 165.8151 165.6013 165.3645 165.1009 164.8056 164.4725 164.0939 163.6598 163.1572 162.5686 161.8699 161.0274 159.992 158.6901 157.0054 154.7449 151.565 146.8014 139.0362 125 98.43495 61.56505 35 20.96376 13.19859 8.434949 5.255119 2.994617 1.309932 0.007979801 -1.027373 -1.869898
169.4213 169.4093 169.3969 169.3839 169.3704 169.3562 169.3415 169.326 169.3097 169.2927 169.2748 169.2559 169.2361 169.2152 169.1931 169.1697 169.1449 169.1186 169.0906 169.0608 169.029 168.9949 168.9584 168.9191 168.8767 168.8309 168.7811 168.727 168.6678 168.6028 168.5312 168.4518 168.3634 168.2643 168.1524 168.0251 167.8789 167.7094 167.5105 167.2737 166.9872 166.6335 166.1859 165.6013 164.8056 163.6598 161.8699 158.6901 151.565 125 35 8.434949 1.309932 -1.869898 -3.659808 -4.805571 -5.601295 -6.185925 -6.633539 -6.987213 -7.273689
170.5787 170.5907 170.6031 170.6161 170.6296 170.6438 170.6585 170.674 170.6903 170.7073 170.7252 170.7441 170.7639 170.7848 170.8069 170.8303 170.8551 170.8814 170.9094 170.9392 170.971 171.0051 171.0416 171.0809 171.1233 171.1691 171.2189 171.273 171.3322 171.3972 171.4688 171.5482 171.6366 171.7357 171.8476 171.9749 172.1211 172.2906 172.4895 172.7263 173.0128 173.3665 173.8141 174.3987 175.1944 176.3402 178.1301 -178.6901 -171.565 -145 -55 -28.43495 -21.30993 -18.1301 -16.34019 -15.19443 -14.39871 -13.81407 -13.36646 -13.01279 -12.72631
171.7357 171.7715 171.8087 171.8476 171.8882 171.9306 171.9749 172.0214 172.07 172.1211 172.1747 172.2312 172.2906 172.3533 172.4195 172.4895 172.5638 172.6425 172.7263 172.8156 172.9108 173.0128 173.1221 173.2397 173.3665 173.5035 173.6522 173.8141 173.9909 174.1849 174.3987 174.6355 174.8991 175.1944 175.5275 175.9061 176.3402 176.8428 177.4314 178.1301 178.9726 -179.992 -178.6901 -177.0054 -174.7449 -171.565 -166.8014 -159.0362 -145 -118.435 -81.56505 -55 -40.96376 -33.19859 -28.43495 -25.25512 -22.99462 -21.30993 -20.00798 -18.97263 -18.1301
172.8913 172.9508 173.0128 173.0775 173.145 173.2155 173.2892 173.3665 173.4474 173.5323 173.6215 173.7153 173.8141 173.9182 174.0283 174.1446 174.2679 174.3987 174.5378 174.6859 174.844 175.0131 175.1944 175.3893 175.5993 175.8263 176.0725 176.3402 176.6325 176.953 177.3058 177.696 178.1301 178.6156 179.1624 179.7824 -179.5085 -178.6901 -177.7352 -176.6075 -175.2564 -173.6105 -171.565 -168.9625 -165.556 -160.9454 -154.4623 -145 -130.9638 -111.3099 -88.69007 -69.03625 -55 -45.53768 -39.0546 -34.44395 -31.03751 -28.43495 -26.38954 -24.74356 -23.3925
174.0445 174.1276 174.2142 174.3045 174.3987 174.4971 174.6001 174.7079 174.8208 174.9392 175.0636 175.1944 175.3322 175.4774 175.6307 175.7928 175.9645 176.1466 176.3402 176.5463 176.7662 177.0013 177.2532 177.5238 177.8153 178.1301 178.4711 178.8418 179.2461 179.6888 -179.8245 -179.2869 -178.6901 -178.0239 -177.2757 -176.4296 -175.4655 -174.3578 -173.0725 -171.565 -169.7751 -167.6199 -164.9831 -161.6992 -157.5288 -152.125 -145 -135.5377 -123.1986 -108.1301 -91.8699 -76.80141 -64.46232 -55 -47.87498 -42.47119 -38.30075 -35.0169 -32.38013 -30.22486 -28.43495
