contrib/geomason/sim/app/geo/CDI/src/files/data/cdilat100k.txt
ncols         100
nrows         100
xllcorner     -5000000
yllcorner     -5000000
cellsize      100000
NODATA_value  -9999
[rows 28 to 55 of 100, columns 0 to 62 of 100]
40.00969 40.91776 41.81937 42.71448 43.60304 44.48499 45.36024 46.22871 47.09028 47.94482 48.79219 49.63222 50.46473 51.28949 52.10629 52.91485 53.71489 54.50608 55.28807 56.06047 56.82285 57.57474 58.31563 59.04495 59.76208 60.46637 61.15706 61.83338 62.49446 63.13937 63.76711 64.37661 64.9667 65.53615 66.08365 66.60782 67.10721 67.5803 68.02552 68.44128 68.82597 69.17795 69.49565 69.77753 70.02218 70.22826 70.39461 70.52026 70.60447 70.64671 70.64671 70.60447 70.52026 70.39461 70.22826 70.02218 69.77753 69.49565 69.17795 68.82597 68.44128 68.02552 67.5803
40.39738 41.3107 42.21777 43.11855 44.01301 44.90108 45.78271 46.6578 47.52625 48.38795 49.24276 50.09052 50.93106 51.76418 52.58965 53.40723 54.21663 55.01756 55.80965 56.59253 57.3658 58.12897 58.88156 59.62299 60.35266 61.06991 61.77398 62.4641 63.13937 63.79887 64.44154 65.06631 65.67194 66.25716 66.8206 67.36079 67.87617 68.36513 68.82597 69.25694 69.65627 70.02218 70.3529 70.64671 70.90199 71.11726 71.29118 71.42265 71.5108 71.55503 71.55503 71.5108 71.42265 71.29118 71.11726 70.90199 70.64671 70.3529 70.02218 69.65627 69.25694 68.82597 68.36513
40.76867 41.68711 42.59951 43.50584 44.40607 45.30014 46.18802 47.06961 47.94482 48.81356 49.67569 50.53107 51.37954 52.2209 53.05496 53.88147 54.70017 55.51076 56.31292 57.10627 57.89041 58.66489 59.42922 60.18285 60.92518 61.65553 62.37319 63.07734 63.76711 64.44154 65.09959 65.7401 66.36185 66.96349 67.54357 68.10056 68.6328 69.13856 69.616 70.06323 70.47829 70.85921 71.20403 71.5108 71.77771 72.00304 72.18528 72.32316 72.41565 72.46207 72.46207 72.41565 72.32316 72.18528 72.00304 71.77771 71.5108 71.20403 70.85921 70.47829 70.06323 69.616 69.13856
41.1233 42.04673 42.96431 43.87605 44.7819 45.68184 46.57581 47.46375 48.34558 49.22121 50.09052 50.95338 51.80965 52.65914 53.50166 54.33699 55.16488 55.98505 56.79719 57.60094 58.39592 59.1817 59.95778 60.72364 61.47869 62.22228 62.95367 63.67207 64.37661 65.06631 65.7401 66.39684 67.03524 67.65392 68.25137 68.82597 69.37596 69.89951 70.39461 70.85921 71.29118 71.68832 72.04843 72.36935 72.64897 72.88536 73.07677 73.22173 73.31904 73.3679 73.3679 73.31904 73.22173 73.07677 72.88536 72.64897 72.36935 72.04843 71.68832 71.29118 70.85921 70.39461 69.89951
41.46101 42.38927 43.31189 44.22887 45.14019 46.04583 46.94574 47.83987 48.72815 49.6105 50.48683 51.35701 52.2209 53.07836 53.92919 54.77319 55.61014 56.43976 57.26177 58.07582 58.88156 59.67856 60.46637 61.24445 62.01226 62.76913 63.51437 64.24718 64.9667 65.67194 66.36185 67.03524 67.69081 68.32715 68.94267 69.53569 70.10436 70.64671 71.1606 71.64379 72.09394 72.50861 72.88536 73.22173 73.51533 73.76392 73.9655 74.11831 74.22098 74.27256 74.27256 74.22098 74.11831 73.9655 73.76392 73.51533 73.22173 72.88536 72.50861 72.09394 71.64379 71.1606 70.64671
41.78156 42.71448 43.64197 44.56402 45.48063 46.39178 47.29744 48.19757 49.09212 49.98101 50.86416 51.74147 52.6128 53.47803 54.33699 55.18949 56.03531 56.87422 57.70594 58.53015 59.34652 60.15464 60.95407 61.74433 62.52485 63.29503 64.05417 64.80149 65.53615 66.25716 66.96349 67.65392 68.32715 68.98171 69.616 70.22826 70.81654 71.37873 71.91258 72.41565 72.88536 73.31904 73.71391 74.06721 74.37622 74.63834 74.85122 75.01282 75.12149 75.17612 75.17612 75.12149 75.01282 74.85122 74.63834 74.37622 74.06721 73.71391 73.31904 72.88536 72.41565 71.91258 71.37873
42.08469 43.02211 43.95427 44.8812 45.80291 46.71937 47.63058 48.53651 49.43711 50.33232 51.22208 52.10629 52.98485 53.85763 54.7245 55.58527 56.43976 57.28775 58.12897 58.96316 59.78997 60.60905 61.41997 62.22228 63.01544 63.79887 64.57189 65.33376 66.08365 66.8206 67.54357 68.25137 68.94267 69.616 70.26972 70.90199 71.5108 72.09394 72.64897 73.17328 73.66405 74.11831 74.53297 74.9049 75.23095 75.50813 75.73366 75.90511 76.02056 76.07864 76.07864 76.02056 75.90511 75.73366 75.50813 75.23095 74.9049 74.53297 74.11831 73.66405 73.17328 72.64897 72.09394
42.37019 43.31189 44.24853 45.18014 46.10672 47.02829 47.94482 48.85631 49.76273 50.66402 51.56014 52.45102 53.33655 54.21663 55.09115 55.95995 56.82285 57.67966 58.53015 59.37406 60.21109 61.04091 61.86312 62.67729 63.48293 64.27948 65.06631 65.84269 66.60782 67.36079 68.10056 68.82597 69.53569 70.22826 70.90199 71.55503 72.18528 72.79043 73.3679 73.91488 74.4283 74.9049 75.34121 75.73366 76.07864 76.37265 76.61241 76.79503 76.91816 76.98016 76.98016 76.91816 76.79503 76.61241 76.37265 76.07864 75.73366 75.34121 74.9049 74.4283 73.91488 73.3679 72.79043
42.63781 43.58359 44.52449 45.46055 46.39178 47.3182 48.23982 49.15663 50.0686 50.97572 51.87793 52.77518 53.66741 54.55451 55.43639 56.31292 57.18394 58.04928 58.90874 59.76208 60.60905 61.44932 62.28255 63.10834 63.92623 64.73569 65.53615 66.3269 67.10721 67.87617 68.6328 69.37596 70.10436 70.81654 71.5108 72.18528 72.83783 73.46604 74.06721 74.63834 75.17612 75.67695 76.13696 76.55208 76.91816 77.23109 77.48697 77.6823 77.81424 77.88074 77.88074 77.81424 77.6823 77.48697 77.23109 76.91816 76.55208 76.13696 75.67695 75.17612 74.63834 74.06721 73.46604
42.88733 43.83697 44.7819 45.72216 46.6578 47.58883 48.51526 49.43711 50.35436 51.26701 52.17502 53.07836 53.97696 54.87076 55.75967 56.64359 57.52239 58.39592 59.26401 60.12644 60.98299 61.83338 62.67729 63.51437 64.34419 65.16629 65.9801 66.78501 67.5803 68.36513 69.13856 69.89951 70.64671 71.37873 72.09394 72.79043 73.46604 74.11831 74.74442 75.34121 75.90511 76.4322 76.91816 77.3584 77.7481 78.08241 78.35666 78.5666 78.70869 78.78041 78.78041 78.70869 78.5666 78.35666 78.08241 77.7481 77.3584 76.91816 76.4322 75.90511 75.34121 74.74442 74.11831
43.11855 44.0718 45.02052 45.96474 46.90451 47.83987 48.77084 49.69743 50.61966 51.53753 52.45102 53.3601 54.26474 55.16488 56.06047 56.95141 57.83761 58.71893 59.59525 60.46637 61.33209 62.19218 63.04638 63.89433 64.73569 65.57003 66.39684 67.21556 68.02552 68.82597 69.616 70.39461 71.1606 71.91258 72.64897 73.3679 74.06721 74.74442 75.39664 76.02056 76.61241 77.16791 77.6823 78.15039 78.5666 78.92521 79.22056 79.44743 79.60139 79.67922 79.67922 79.60139 79.44743 79.22056 78.92521 78.5666 78.15039 77.6823 77.16791 76.61241 76.02056 75.39664 74.74442
43.33126 44.28788 45.24011 46.18802 47.13165 48.07104 49.00624 49.93728 50.86416 51.78691 52.70552 53.61999 54.53029 55.43639 56.33825 57.23581 58.12897 59.01766 59.90175 60.7811 61.65553 62.52485 63.38883 64.24718 65.09959 65.94568 66.78501 67.61708 68.44128 69.25694 70.06323 70.85921 71.64379 72.41565 73.17328 73.91488 74.63834 75.34121 76.02056 76.67301 77.29459 77.88074 78.42622 78.92521 79.37128 79.75764 80.07742 80.32411 80.4921 80.57719 80.57719 80.4921 80.32411 80.07742 79.75764 79.37128 78.92521 78.42622 77.88074 77.29459 76.67301 76.02056 75.34121
43.52527 44.48499 45.44047 46.39178 47.33897 48.2821 49.22121 50.15635 51.08754 52.01481 52.93817 53.85763 54.77319 55.68484 56.59253 57.49625 58.39592 59.29149 60.18285 61.06991 61.95251 62.83052 63.70372 64.57189 65.43476 66.29202 67.14327 67.9881 68.82597 69.65627 70.47829 71.29118 72.09394 72.88536 73.66405 74.4283 75.17612 75.90511 76.61241 77.29459 77.94759 78.5666 79.14598 79.67922 80.15897 80.57719 80.9255 81.19569 81.38047 81.47435 81.47435 81.38047 81.19569 80.9255 80.57719 80.15897 79.67922 79.14598 78.5666 77.94759 77.29459 76.61241 75.90511
43.7004 44.66296 45.6214 46.57581 47.52625 48.47279 49.41548 50.35436 51.28949 52.2209 53.14862 54.07267 54.99305 55.90978 56.82285 57.73223 58.63791 59.53981 60.4379 61.33209 62.22228 63.10834 63.99012 64.86745 65.7401 66.60782 67.47029 68.32715 69.17795 70.02218 70.85921 71.68832 72.50861 73.31904 74.11831 74.9049 75.67695 76.4322 77.16791 77.88074 78.5666 79.22056 79.83665 80.40774 80.9255 81.38047 81.76236 82.06073 82.26599 82.37067 82.37067 82.26599 82.06073 81.76236 81.38047 80.9255 80.40774 79.83665 79.22056 78.5666 77.88074 77.16791 76.4322
43.8565 44.8216 45.78271 46.73991 47.69328 48.64289 49.5888 50.53107 51.46975 52.4049 53.33655 54.26474 55.18949 56.11082 57.02876 57.94329 58.8544 59.76208 60.66629 61.56699 62.4641 63.35753 64.24718 65.13292 66.01457 66.89194 67.76479 68.6328 69.49565 70.3529 71.20403 72.04843 72.88536 73.71391 74.53297 75.34121 76.13696 76.91816 77.6823 78.42622 79.14598 79.83665 80.4921 81.10472 81.66526 82.1627 82.58446 82.91713 83.14783 83.26613 83.26613 83.14783 82.91713 82.58446 82.1627 81.66526 81.10472 80.4921 79.83665 79.14598 78.42622 77.6823 76.91816
43.99342 44.96077 45.92424 46.88391 47.83987 48.79219 49.74095 50.68622 51.62806 52.56652 53.50166 54.43353 55.36216 56.2876 57.20986 58.12897 59.04495 59.95778 60.86747 61.77398 62.67729 63.57735 64.47408 65.36739 66.25716 67.14327 68.02552 68.9037 69.77753 70.64671 71.5108 72.36935 73.22173 74.06721 74.9049 75.73366 76.55208 77.3584 78.15039 78.92521 79.67922 80.40774 81.10472 81.76236 82.37067 82.91713 83.38654 83.7616 84.02466 84.16061 84.16061 84.02466 83.7616 83.38654 82.91713 82.37067 81.76236 81.10472 80.40774 79.67922 78.92521 78.15039 77.3584
44.11103 45.08032 46.04583 47.00764 47.96584 48.92051 49.87175 50.81961 51.76418 52.70552 53.64369 54.57875 55.51076 56.43976 57.3658 58.28891 59.20911 60.12644 61.04091 61.95251 62.86126 63.76711 64.67005 65.57003 66.46697 67.36079 68.25137 69.13856 70.02218 70.90199 71.77771 72.64897 73.51533 74.37622 75.23095 76.07864 76.91816 77.7481 78.5666 79.37128 80.15897 80.9255 81.66526 82.37067 83.03153 83.63414 84.16061 84.58883 84.89416 85.05386 85.05386 84.89416 84.58883 84.16061 83.63414 83.03153 82.37067 81.66526 80.9255 80.15897 79.37128 78.5666 77.7481
44.20921 45.18014 46.14735 47.11096 48.07104 49.0277 49.98101 50.93106 51.87793 52.82169 53.76241 54.70017 55.63502 56.56703 57.49625 58.42273 59.34652 60.26765 61.18616 62.10209 63.01544 63.92623 64.83445 65.7401 66.64316 67.54357 68.44128 69.33622 70.22826 71.11726 72.00304 72.88536 73.76392 74.63834 75.50813 76.37265 77.23109 78.08241 78.92521 79.75764 80.57719 81.38047 82.1627 82.91713 83.63414 84.29978 84.89416 85.3898 85.75215 85.94543 85.94543 85.75215 85.3898 84.89416 84.29978 83.63414 82.91713 82.1627 81.38047 80.57719 79.75764 78.92521 78.08241
44.28788 45.26012 46.22871 47.19376 48.15536 49.11361 50.0686 51.02041 51.96914 52.91485 53.85763 54.79757 55.73471 56.66915 57.60094 58.53015 59.45684 60.38105 61.30285 62.22228 63.13937 64.05417 64.9667 65.87698 66.78501 67.69081 68.59437 69.49565 70.39461 71.29118 72.18528 73.07677 73.9655 74.85122 75.73366 76.61241 77.48697 78.35666 79.22056 80.07742 80.9255 81.76236 82.58446 83.38654 84.16061 84.89416 85.56728 86.14837 86.59024 86.83419 86.83419 86.59024 86.14837 85.56728 84.89416 84.16061 83.38654 82.58446 81.76236 80.9255 80.07742 79.22056 78.35666
44.34694 45.32017 46.28981 47.25595 48.21869 49.17815 50.1344 51.08754 52.03766 52.98485 53.92919 54.87076 55.80965 56.74592 57.67966 58.61094 59.53981 60.46637 61.39065 62.31273 63.23267 64.15051 65.06631 65.9801 66.89194 67.80186 68.70987 69.616 70.52026 71.42265 72.32316 73.22173 74.11831 75.01282 75.90511 76.79503 77.6823 78.5666 79.44743 80.32411 81.19569 82.06073 82.91713 83.7616 84.58883 85.3898 86.14837 86.83419 87.38952 87.71725 87.71725 87.38952 86.83419 86.14837 85.3898 84.58883 83.7616 82.91713 82.06073 81.19569 80.32411 79.44743 78.5666
44.38635 45.36024 46.33057 47.29744 48.26096 49.22121 50.17831 51.13234 52.0834 53.03158 53.97696 54.91963 55.85968 56.79719 57.73223 58.66489 59.59525 60.52336 61.44932 62.37319 63.29503 64.21492 65.13292 66.04909 66.96349 67.87617 68.7872 69.69662 70.60447 71.5108 72.41565 73.31904 74.22098 75.12149 76.02056 76.91816 77.81424 78.70869 79.60139 80.4921 81.38047 82.26599 83.14783 84.02466 84.89416 85.75215 86.59024 87.38952 88.10068 88.58437 88.58437 88.10068 87.38952 86.59024 85.75215 84.89416 84.02466 83.14783 82.26599 81.38047 80.4921 79.60139 78.70869
44.40607 45.38029 46.35097 47.3182 48.2821 49.24276 50.20028 51.15476 52.10629 53.05496 54.00087 54.94409 55.88472 56.82285 57.75855 58.6919 59.62299 60.5519 61.47869 62.40346 63.32626 64.24718 65.16629 66.08365 66.99934 67.91342 68.82597 69.73704 70.64671 71.55503 72.46207 73.3679 74.27256 75.17612 76.07864 76.98016 77.88074 78.78041 79.67922 80.57719 81.47435 82.37067 83.26613 84.16061 85.05386 85.94543 86.83419 87.71725 88.58437 89.36692 89.36692 88.58437 87.71725 86.83419 85.94543 85.05386 84.16061 83.26613 82.37067 81.47435 80.57719 79.67922 78.78041
44.40607 45.38029 46.35097 47.3182 48.2821 49.24276 50.20028 51.15476 52.10629 53.05496 54.00087 54.94409 55.88472 56.82285 57.75855 58.6919 59.62299 60.5519 61.47869 62.40346 63.32626 64.24718 65.16629 66.08365 66.99934 67.91342 68.82597 69.73704 70.64671 71.55503 72.46207 73.3679 74.27256 75.17612 76.07864 76.98016 77.88074 78.78041 79.67922 80.57719 81.47435 82.37067 83.26613 84.16061 85.05386 85.94543 86.83419 87.71725 88.58437 89.36692 89.36692 88.58437 87.71725 86.83419 85.94543 85.05386 84.16061 83.26613 82.37067 81.47435 80.57719 79.67922 78.78041
44.38635 45.36024 46.33057 47.29744 48.26096 49.22121 50.17831 51.13234 52.0834 53.03158 53.97696 54.91963 55.85968 56.79719 57.73223 58.66489 59.59525 60.52336 61.44932 62.37319 63.29503 64.21492 65.13292 66.04909 66.96349 67.87617 68.7872 69.69662 70.60447 71.5108 72.41565 73.31904 74.22098 75.12149 76.02056 76.91816 77.81424 78.70869 79.60139 80.4921 81.38047 82.26599 83.14783 84.02466 84.89416 85.75215 86.59024 87.38952 88.10068 88.58437 88.58437 88.10068 87.38952 86.59024 85.75215 84.89416 84.02466 83.14783 82.26599 81.38047 80.4921 79.60139 78.70869
44.34694 45.32017 46.28981 47.25595 48.21869 49.17815 50.1344 51.08754 52.03766 52.98485 53.92919 54.87076 55.80965 56.74592 57.67966 58.61094 59.53981 60.46637 61.39065 62.31273 63.23267 64.15051 65.06631 65.9801 66.89194 67.80186 68.70987 69.616 70.52026 71.42265 72.32316 73.22173 74.11831 75.01282 75.90511 76.79503 77.6823 78.5666 79.44743 80.32411 81.19569 82.06073 82.91713 83.7616 84.58883 85.3898 86.14837 86.83419 87.38952 87.71725 87.71725 87.38952 86.83419 86.14837 85.3898 84.58883 83.7616 82.91713 82.06073 81.19569 80.32411 79.44743 78.5666
44.28788 45.26012 46.22871 47.19376 48.15536 49.11361 50.0686 51.02041 51.96914 52.91485 53.85763 54.79757 55.73471 56.66915 57.60094 58.53015 59.45684 60.38105 61.30285 62.22228 63.13937 64.05417 64.9667 65.87698 66.78501 67.69081 68.59437 69.49565 70.39461 71.29118 72.18528 73.07677 73.9655 74.85122 75.73366 76.61241 77.48697 78.35666 79.22056 80.07742 80.9255 81.76236 82.58446 83.38654 84.16061 84.89416 85.56728 86.14837 86.59024 86.83419 86.83419 86.59024 86.14837 85.56728 84.89416 84.16061 83.38654 82.58446 81.76236 80.9255 80.07742 79.22056 78.35666
44.20921 45.18014 46.14735 47.11096 48.07104 49.0277 49.98101 50.93106 51.87793 52.82169 53.76241 54.70017 55.63502 56.56703 57.49625 58.42273 59.34652 60.26765 61.18616 62.10209 63.01544 63.92623 64.83445 65.7401 66.64316 67.54357 68.44128 69.33622 70.22826 71.11726 72.00304 72.88536 73.76392 74.63834 75.50813 76.37265 77.23109 78.08241 78.92521 79.75764 80.57719 81.38047 82.1627 82.91713 83.63414 84.29978 84.89416 85.3898 85.75215 85.94543 85.94543 85.75215 85.3898 84.89416 84.29978 83.63414 82.91713 82.1627 81.38047 80.57719 79.75764 78.92521 78.08241
44.11103 45.08032 46.04583 47.00764 47.96584 48.92051 49.87175 50.81961 51.76418 52.70552 53.64369 54.57875 55.51076 56.43976 57.3658 58.28891 59.20911 60.12644 61.04091 61.95251 62.86126 63.76711 64.67005 65.57003 66.46697 67.36079 68.25137 69.13856 70.02218 70.90199 71.77771 72.64897 73.51533 74.37622 75.23095 76.07864 76.91816 77.7481 78.5666 79.37128 80.15897 80.9255 81.66526 82.37067 83.03153 83.63414 84.16061 84.58883 84.89416 85.05386 85.05386 84.89416 84.58883 84.16061 83.63414 83.03153 82.37067 81.66526 80.9255 80.15897 79.37128 78.5666 77.7481
