contrib/geomason/sim/app/geo/CDI/src/files/data/cdilat100k.txt
ncols         100
nrows         100
xllcorner     -5000000
yllcorner     -5000000
cellsize      100000
NODATA_value  -9999
[rows 56 to 83 of 100, columns 0 to 62 of 100]
43.99342 44.96077 45.92424 46.88391 47.83987 48.79219 49.74095 50.68622 51.62806 52.56652 53.50166 54.43353 55.36216 56.2876 57.20986 58.12897 59.04495 59.95778 60.86747 61.77398 62.67729 63.57735 64.47408 65.36739 66.25716 67.14327 68.02552 68.9037 69.77753 70.64671 71.5108 72.36935 73.22173 74.06721 74.9049 75.73366 76.55208 77.3584 78.15039 78.92521 79.67922 80.40774 81.10472 81.76236 82.37067 82.91713 83.38654 83.7616 84.02466 84.16061 84.16061 84.02466 83.7616 83.38654 82.91713 82.37067 81.76236 81.10472 80.40774 79.67922 78.92521 78.15039 77.3584
43.8565 44.8216 45.78271 46.73991 47.69328 48.64289 49.5888 50.53107 51.46975 52.4049 53.33655 54.26474 55.18949 56.11082 57.02876 57.94329 58.8544 59.76208 60.66629 61.56699 62.4641 63.35753 64.24718 65.13292 66.01457 66.89194 67.76479 68.6328 69.49565 70.3529 71.20403 72.04843 72.88536 73.71391 74.53297 75.34121 76.13696 76.91816 77.6823 78.42622 79.14598 79.83665 80.4921 81.10472 81.66526 82.1627 82.58446 82.91713 83.14783 83.26613 83.26613 83.14783 82.91713 82.58446 82.1627 81.66526 81.10472 80.4921 79.83665 79.14598 78.42622 77.6823 76.91816
43.7004 44.66296 45.6214 46.57581 47.52625 48.47279 49.41548 50.35436 51.28949 52.2209 53.14862 54.07267 54.99305 55.90978 56.82285 57.73223 58.63791 59.53981 60.4379 61.33209 62.22228 63.10834 63.99012 64.86745 65.7401 66.60782 67.47029 68.32715 69.17795 70.02218 70.85921 71.68832 72.50861 73.31904 74.11831 74.9049 75.67695 76.4322 77.16791 77.88074 78.5666 79.22056 79.83665 80.40774 80.9255 81.38047 81.76236 82.06073 82.26599 82.37067 82.37067 82.26599 82.06073 81.76236 81.38047 80.9255 80.40774 79.83665 79.22056 78.5666 77.88074 77.16791 76.4322
43.52527 44.48499 45.44047 46.39178 47.33897 48.2821 49.22121 50.15635 51.08754 52.01481 52.93817 53.85763 54.77319 55.68484 56.59253 57.49625 58.39592 59.29149 60.18285 61.06991 61.95251 62.83052 63.70372 64.57189 65.43476 66.29202 67.14327 67.9881 68.82597 69.65627 70.47829 71.29118 72.09394 72.88536 73.66405 74.4283 75.17612 75.90511 76.61241 77.29459 77.94759 78.5666 79.14598 79.67922 80.15897 80.57719 80.9255 81.19569 81.38047 81.47435 81.47435 81.38047 81.19569 80.9255 80.57719 80.15897 79.67922 79.14598 78.5666 77.94759 77.29459 76.61241 75.90511
43.33126 44.28788 45.24011 46.18802 47.13165 48.07104 49.00624 49.93728 50.86416 51.78691 52.70552 53.61999 54.53029 55.43639 56.33825 57.23581 58.12897 59.01766 59.90175 60.7811 61.65553 62.52485 63.38883 64.24718 65.09959 65.94568 66.78501 67.61708 68.44128 69.25694 70.06323 70.85921 71.64379 72.41565 73.17328 73.91488 74.63834 75.34121 76.02056 76.67301 77.29459 77.88074 78.42622 78.92521 79.37128 79.75764 80.07742 80.32411 80.4921 80.57719 80.57719 80.4921 80.32411 80.07742 79.75764 79.37128 78.92521 78.42622 77.88074 77.29459 76.67301 76.02056 75.34121
43.11855 44.0718 45.02052 45.96474 46.90451 47.83987 48.77084 49.69743 50.61966 51.53753 52.45102 53.3601 54.26474 55.16488 56.06047 56.95141 57.83761 58.71893 59.59525 60.46637 61.33209 62.19218 63.04638 63.89433 64.73569 65.57003 66.39684 67.21556 68.02552 68.82597 69.616 70.39461 71.1606 71.91258 72.64897 73.3679 74.06721 74.74442 75.39664 76.02056 76.61241 77.16791 77.6823 78.15039 78.5666 78.92521 79.22056 79.44743 79.60139 79.67922 79.67922 79.60139 79.44743 79.22056 78.92521 78.5666 78.15039 77.6823 77.16791 76.61241 76.02056 75.39664 74.74442
42.88733 43.83697 44.7819 45.72216 46.6578 47.58883 48.51526 49.43711 50.35436 51.26701 52.17502 53.07836 53.97696 54.87076 55.75967 56.64359 57.52239 58.39592 59.26401 60.12644 60.98299 61.83338 62.67729 63.51437 64.34419 65.16629 65.9801 66.78501 67.5803 68.36513 69.13856 69.89951 70.64671 71.37873 72.09394 72.79043 73.46604 74.11831 74.74442 75.34121 75.90511 76.4322 76.91816 77.3584 77.7481 78.08241 78.35666 78.5666 78.70869 78.78041 78.78041 78.70869 78.5666 78.35666 78.08241 77.7481 77.3584 76.91816 76.4322 75.90511 75.34121 74.74442 74.11831
42.63781 43.58359 44.52449 45.46055 46.39178 47.3182 48.23982 49.15663 50.0686 50.97572 51.87793 52.77518 53.66741 54.55451 55.43639 56.31292 57.18394 58.04928 58.90874 59.76208 60.60905 61.44932 62.28255 63.10834 63.92623 64.73569 65.53615 66.3269 67.10721 67.87617 68.6328 69.37596 70.10436 70.81654 71.5108 72.18528 72.83783 73.46604 74.06721 74.63834 75.17612 75.67695 76.13696 76.55208 76.91816 77.23109 77.48697 77.6823 77.81424 77.88074 77.88074 77.81424 77.6823 77.48697 77.23109 76.91816 76.55208 76.13696 75.67695 75.17612 74.63834 74.06721 73.46604
42.37019 43.31189 44.24853 45.18014 46.10672 47.02829 47.94482 48.85631 49.76273 50.66402 51.56014 52.45102 53.33655 54.21663 55.09115 55.95995 56.82285 57.67966 58.53015 59.37406 60.21109 61.04091 61.86312 62.67729 63.48293 64.27948 65.06631 65.84269 66.60782 67.36079 68.10056 68.82597 69.53569 70.22826 70.90199 71.55503 72.18528 72.79043 73.3679 73.91488 74.4283 74.9049 75.34121 75.73366 76.07864 76.37265 76.61241 76.79503 76.91816 76.98016 76.98016 76.91816 76.79503 76.61241 76.37265 76.07864 75.73366 75.34121 74.9049 74.4283 73.91488 73.3679 72.79043
42.08469 43.02211 43.95427 44.8812 45.80291 46.71937 47.63058 48.53651 49.43711 50.33232 51.22208 52.10629 52.98485 53.85763 54.7245 55.58527 56.43976 57.28775 58.12897 58.96316 59.78997 60.60905 61.41997 62.22228 63.01544 63.79887 64.57189 65.33376 66.08365 66.8206 67.54357 68.25137 68.94267 69.616 70.26972 70.90199 71.5108 72.09394 72.64897 73.17328 73.66405 74.11831 74.53297 74.9049 75.23095 75.50813 75.73366 75.90511 76.02056 76.07864 76.07864 76.02056 75.90511 75.73366 75.50813 75.23095 74.9049 74.53297 74.11831 73.66405 73.17328 72.64897 72.09394
41.78156 42.71448 43.64197 44.56402 45.48063 46.39178 47.29744 48.19757 49.09212 49.98101 50.86416 51.74147 52.6128 53.47803 54.33699 55.18949 56.03531 56.87422 57.70594 58.53015 59.34652 60.15464 60.95407 61.74433 62.52485 63.29503 64.05417 64.80149 65.53615 66.25716 66.96349 67.65392 68.32715 68.98171 69.616 70.22826 70.81654 71.37873 71.91258 72.41565 72.88536 73.31904 73.71391 74.06721 74.37622 74.63834 74.85122 75.01282 75.12149 75.17612 75.17612 75.12149 75.01282 74.85122 74.63834 74.37622 74.06721 73.71391 73.31904 72.88536 72.41565 71.91258 71.37873
41.46101 42.38927 43.31189 44.22887 45.14019 46.04583 46.94574 47.83987 48.72815 49.6105 50.48683 51.35701 52.2209 53.07836 53.92919 54.77319 55.61014 56.43976 57.26177 58.07582 58.88156 59.67856 60.46637 61.24445 62.01226 62.76913 63.51437 64.24718 64.9667 65.67194 66.36185 67.03524 67.69081 68.32715 68.94267 69.53569 70.10436 70.64671 71.1606 71.64379 72.09394 72.50861 72.88536 73.22173 73.51533 73.76392 73.9655 74.11831 74.22098 74.27256 74.27256 74.22098 74.11831 73.9655 73.76392 73.51533 73.22173 72.88536 72.50861 72.09394 71.64379 71.1606 70.64671
41.1233 42.04673 42.96431 43.87605 44.7819 45.68184 46.57581 47.46375 48.34558 49.22121 50.09052 50.95338 51.80965 52.65914 53.50166 54.33699 55.16488 55.98505 56.79719 57.60094 58.39592 59.1817 59.95778 60.72364 61.47869 62.22228 62.95367 63.67207 64.37661 65.06631 65.7401 66.39684 67.03524 67.65392 68.25137 68.82597 69.37596 69.89951 70.39461 70.85921 71.29118 71.68832 72.04843 72.36935 72.64897 72.88536 73.07677 73.22173 73.31904 73.3679 73.3679 73.31904 73.22173 73.07677 72.88536 72.64897 72.36935 72.04843 71.68832 71.29118 70.85921 70.39461 69.89951
40.76867 41.68711 42.59951 43.50584 44.40607 45.30014 46.18802 47.06961 47.94482 48.81356 49.67569 50.53107 51.37954 52.2209 53.05496 53.88147 54.70017 55.51076 56.31292 57.10627 57.89041 58.66489 59.42922 60.18285 60.92518 61.65553 62.37319 63.07734 63.76711 64.44154 65.09959 65.7401 66.36185 66.96349 67.54357 68.10056 68.6328 69.13856 69.616 70.06323 70.47829 70.85921 71.20403 71.5108 71.77771 72.00304 72.18528 72.32316 72.41565 72.46207 72.46207 72.41565 72.32316 72.18528 72.00304 71.77771 71.5108 71.20403 70.85921 70.47829 70.06323 69.616 69.13856
40.39738 41.3107 42.21777 43.11855 44.01301 44.90108 45.78271 46.6578 47.52625 48.38795 49.24276 50.09052 50.93106 51.76418 52.58965 53.40723 54.21663 55.01756 55.80965 56.59253 57.3658 58.12897 58.88156 59.62299 60.35266 61.06991 61.77398 62.4641 63.13937 63.79887 64.44154 65.06631 65.67194 66.25716 66.8206 67.36079 67.87617 68.36513 68.82597 69.25694 69.65627 70.02218 70.3529 70.64671 70.90199 71.11726 71.29118 71.42265 71.5108 71.55503 71.55503 71.5108 71.42265 71.29118 71.11726 70.90199 70.64671 70.3529 70.02218 69.65627 69.25694 68.82597 68.36513
40.00969 40.91776 41.81937 42.71448 43.60304 44.48499 45.36024 46.22871 47.09028 47.94482 48.79219 49.63222 50.46473 51.28949 52.10629 52.91485 53.71489 54.50608 55.28807 56.06047 56.82285 57.57474 58.31563 59.04495 59.76208 60.46637 61.15706 61.83338 62.49446 63.13937 63.76711 64.37661 64.9667 65.53615 66.08365 66.60782 67.10721 67.5803 68.02552 68.44128 68.82597 69.17795 69.49565 69.77753 70.02218 70.22826 70.39461 70.52026 70.60447 70.64671 70.64671 70.60447 70.52026 70.39461 70.22826 70.02218 69.77753 69.49565 69.17795 68.82597 68.44128 68.02552 67.5803
39.60584 40.50856 41.40461 42.29393 43.17649 44.0522 44.92097 45.78271 46.63729 47.48458 48.32441 49.15663 49.98101 50.79736 51.60541 52.4049 53.19553 53.97696 54.74884 55.51076 56.26229 57.00296 57.73223 58.44955 59.1543 59.84581 60.52336 61.18616 61.83338 62.4641 63.07734 63.67207 64.24718 64.80149 65.33376 65.84269 66.3269 66.78501 67.21556 67.61708 67.9881 68.32715 68.6328 68.9037 69.13856 69.33622 69.49565 69.616 69.69662 69.73704 69.73704 69.69662 69.616 69.49565 69.33622 69.13856 68.9037 68.6328 68.32715 67.9881 67.61708 67.21556 66.78501
39.1861 40.08337 40.97375 41.85721 42.73367 43.60304 44.46525 45.32017 46.16768 47.00764 47.83987 48.66419 49.4804 50.28827 51.08754 51.87793 52.65914 53.43082 54.1926 54.94409 55.68484 56.41436 57.13214 57.83761 58.53015 59.20911 59.87377 60.52336 61.15706 61.77398 62.37319 62.95367 63.51437 64.05417 64.57189 65.06631 65.53615 65.9801 66.39684 66.78501 67.14327 67.47029 67.76479 68.02552 68.25137 68.44128 68.59437 68.70987 68.7872 68.82597 68.82597 68.7872 68.70987 68.59437 68.44128 68.25137 68.02552 67.76479 67.47029 67.14327 66.78501 66.39684 65.9801
38.75072 39.64246 40.5271 41.40461 42.27488 43.13786 43.99342 44.84146 45.68184 46.5144 47.33897 48.15536 48.96336 49.76273 50.5532 51.33449 52.10629 52.86824 53.61999 54.3611 55.09115 55.80965 56.51607 57.20986 57.89041 58.55706 59.20911 59.84581 60.46637 61.06991 61.65553 62.22228 62.76913 63.29503 63.79887 64.27948 64.73569 65.16629 65.57003 65.94568 66.29202 66.60782 66.89194 67.14327 67.36079 67.54357 67.69081 67.80186 67.87617 67.91342 67.91342 67.87617 67.80186 67.69081 67.54357 67.36079 67.14327 66.89194 66.60782 66.29202 65.94568 65.57003 65.16629
38.29997 39.1861 40.06494 40.93642 41.80046 42.65697 43.50584 44.34694 45.18014 46.00527 46.82215 47.63058 48.43036 49.22121 50.0029 50.77511 51.53753 52.28981 53.03158 53.76241 54.48188 55.18949 55.88472 56.56703 57.23581 57.89041 58.53015 59.1543 59.76208 60.35266 60.92518 61.47869 62.01226 62.52485 63.01544 63.48293 63.92623 64.34419 64.73569 65.09959 65.43476 65.7401 66.01457 66.25716 66.46697 66.64316 66.78501 66.89194 66.96349 66.99934 66.99934 66.96349 66.89194 66.78501 66.64316 66.46697 66.25716 66.01457 65.7401 65.43476 65.09959 64.73569 64.34419
37.83408 38.71456 39.58754 40.45295 41.3107 42.1607 43.00283 43.83697 44.66296 45.48063 46.28981 47.09028 47.88182 48.66419 49.43711 50.20028 50.95338 51.69607 52.42795 53.14862 53.85763 54.55451 55.23875 55.90978 56.56703 57.20986 57.83761 58.44955 59.04495 59.62299 60.18285 60.72364 61.24445 61.74433 62.22228 62.67729 63.10834 63.51437 63.89433 64.24718 64.57189 64.86745 65.13292 65.36739 65.57003 65.7401 65.87698 65.9801 66.04909 66.08365 66.08365 66.04909 65.9801 65.87698 65.7401 65.57003 65.36739 65.13292 64.86745 64.57189 64.24718 63.89433 63.51437
37.35332 38.2281 39.09518 39.95448 40.80592 41.64938 42.48475 43.31189 44.13065 44.94087 45.74234 46.53486 47.3182 48.09211 48.85631 49.6105 50.35436 51.08754 51.80965 52.52028 53.219 53.90532 54.57875 55.23875 55.88472 56.51607 57.13214 57.73223 58.31563 58.88156 59.42922 59.95778 60.46637 60.95407 61.41997 61.86312 62.28255 62.67729 63.04638 63.38883 63.70372 63.99012 64.24718 64.47408 64.67005 64.83445 64.9667 65.06631 65.13292 65.16629 65.16629 65.13292 65.06631 64.9667 64.83445 64.67005 64.47408 64.24718 63.99012 63.70372 63.38883 63.04638 62.67729
36.85793 37.72698 38.58813 39.4413 40.28639 41.1233 41.9519 42.77205 43.58359 44.38635 45.18014 45.96474 46.73991 47.50541 48.26096 49.00624 49.74095 50.46473 51.17719 51.87793 52.56652 53.24248 53.90532 54.55451 55.18949 55.80965 56.41436 57.00296 57.57474 58.12897 58.66489 59.1817 59.67856 60.15464 60.60905 61.04091 61.44932 61.83338 62.19218 62.52485 62.83052 63.10834 63.35753 63.57735 63.76711 63.92623 64.05417 64.15051 64.21492 64.24718 64.24718 64.21492 64.15051 64.05417 63.92623 63.76711 63.57735 63.35753 63.10834 62.83052 62.52485 62.19218 61.83338
36.34815 37.21146 38.06666 38.91368 39.75243 40.58278 41.40461 42.21777 43.02211 43.81744 44.60357 45.38029 46.14735 46.90451 47.65147 48.38795 49.11361 49.82811 50.53107 51.22208 51.90071 52.56652 53.219 53.85763 54.48188 55.09115 55.68484 56.26229 56.82285 57.3658 57.89041 58.39592 58.88156 59.34652 59.78997 60.21109 60.60905 60.98299 61.33209 61.65553 61.95251 62.22228 62.4641 62.67729 62.86126 63.01544 63.13937 63.23267 63.29503 63.32626 63.32626 63.29503 63.23267 63.13937 63.01544 62.86126 62.67729 62.4641 62.22228 61.95251 61.65553 61.33209 60.98299
35.82422 36.68177 37.53102 38.3719 39.2043 40.0281 40.84317 41.64938 42.44654 43.23448 44.01301 44.7819 45.54092 46.28981 47.02829 47.75605 48.47279 49.17815 49.87175 50.5532 51.22208 51.87793 52.52028 53.14862 53.76241 54.3611 54.94409 55.51076 56.06047 56.59253 57.10627 57.60094 58.07582 58.53015 58.96316 59.37406 59.76208 60.12644 60.46637 60.7811 61.06991 61.33209 61.56699 61.77398 61.95251 62.10209 62.22228 62.31273 62.37319 62.40346 62.40346 62.37319 62.31273 62.22228 62.10209 61.95251 61.77398 61.56699 61.33209 61.06991 60.7811 60.46637 60.12644
35.28637 36.13817 36.98148 37.81622 38.64229 39.45956 40.26791 41.06718 41.85721 42.63781 43.40879 44.16992 44.92097 45.66169 46.39178 47.11096 47.8189 48.51526 49.19968 49.87175 50.53107 51.17719 51.80965 52.42795 53.03158 53.61999 54.1926 54.74884 55.28807 55.80965 56.31292 56.79719 57.26177 57.70594 58.12897 58.53015 58.90874 59.26401 59.59525 59.90175 60.18285 60.4379 60.66629 60.86747 61.04091 61.18616 61.30285 61.39065 61.44932 61.47869 61.47869 61.44932 61.39065 61.30285 61.18616 61.04091 60.86747 60.66629 60.4379 60.18285 59.90175 59.59525 59.26401
34.73483 35.58088 36.41827 37.2469 38.06666 38.87744 39.6791 40.47148 41.25443 42.02775 42.79125 43.5447 44.28788 45.02052 45.74234 46.45306 47.15234 47.83987 48.51526 49.17815 49.82811 50.46473 51.08754 51.69607 52.28981 52.86824 53.43082 53.97696 54.50608 55.01756 55.51076 55.98505 56.43976 56.87422 57.28775 57.67966 58.04928 58.39592 58.71893 59.01766 59.29149 59.53981 59.76208 59.95778 60.12644 60.26765 60.38105 60.46637 60.52336 60.5519 60.5519 60.52336 60.46637 60.38105 60.26765 60.12644 59.95778 59.76208 59.53981 59.29149 59.01766 58.71893 58.39592
34.16981 35.01014 35.84163 36.66418 37.47767 38.28199 39.07701 39.86256 40.63849 41.40461 42.1607 42.90657 43.64197 44.36664 45.08032 45.78271 46.4735 47.15234 47.8189 48.47279 49.11361 49.74095 50.35436 50.95338 51.53753 52.10629 52.65914 53.19553 53.71489 54.21663 54.70017 55.16488 55.61014 56.03531 56.43976 56.82285 57.18394 57.52239 57.83761 58.12897 58.39592 58.63791 58.8544 59.04495 59.20911 59.34652 59.45684 59.53981 59.59525 59.62299 59.62299 59.59525 59.53981 59.45684 59.34652 59.20911 59.04495 58.8544 58.63791 58.39592 58.12897 57.83761 57.52239
