contrib/geomasonDemos/riftland/DataFiles/RainData/.svn/text-base/10.txt.svn-base
ncols         56
nrows         54
xllcorner     28.264
yllcorner     -5.7719999999999
cellsize      0.25
NODATA_value  -9999
[rows 0 to 24 of 54, columns 0 to 55 of 56]
0.1920468 0.2296406 0.1743972 0.1179429 0.1231752 0.08967054 0.03972851 0.03855108 0.06774437 0.06427984 0.07606004 0.08451611 0.07583866 0.09171027 0.07815396 0.08522975 0.0907831 0.05507302 0.05624216 0.1039706 0.09033544 0.1324442 0.1517175 0.3100796 0.3064755 0.2764331 0.243416 0.2542611 0.2383089 0.2207529 0.214274 0.2846108 0.2651459 0.2771465 0.2506061 0.2293206 0.2127142 0.2293305 0.2378029 0.2402868 0.1880798 0.1946756 0.1893925 0.1915261 0.2134015 0.2213268 0.2309856 0.2578446 0.2360802 0.2370688 0.2152957 0.2206725 0.1704225 0.1640205 0.1684595 0.1495039
0.2254755 0.2778 0.2976005 0.1143346 0.1109905 0.07837467 0.05363133 0.03237201 0.03328693 0.0336599 0.03865876 0.06308652 0.07591671 0.09693756 0.106766 0.09239609 0.0731161 0.06576503 0.06470538 0.1272247 0.09280757 0.1059663 0.1308758 0.3235725 0.2914812 0.2658405 0.2829698 0.2292082 0.2103391 0.1868379 0.193473 0.2605344 0.2473803 0.2445013 0.2329621 0.2386477 0.2060077 0.2165743 0.2151062 0.2341 0.195988 0.2028991 0.2214823 0.2183111 0.1959111 0.1997549 0.2296561 0.2529827 0.268774 0.2391102 0.2089475 0.1990502 0.1659043 0.1430112 0.1299171 0.06990661
0.1874242 0.2433931 0.2449804 0.1567211 0.1110171 0.1075039 0.06746186 0.03901729 0.03406404 0.03174378 0.0373332 0.05385355 0.05853371 0.05942088 0.09965234 0.09052283 0.08469929 0.08674232 0.08383699 0.1202238 0.1390164 0.1209332 0.1406279 0.3710695 0.3099077 0.2951055 0.3260756 0.2160439 0.1998783 0.195447 0.1685484 0.2283095 0.2565137 0.2740528 0.2730517 0.2340321 0.2124079 0.2235357 0.211863 0.2271289 0.227391 0.2480927 0.2111664 0.2146397 0.1976068 0.1913015 0.2042395 0.2312636 0.2373865 0.217446 0.1988584 0.2003398 0.1663365 0.1364915 0.1143981 0.05564694
0.1630562 0.1768807 0.1978695 0.2173905 0.1342679 0.1128932 0.137539 0.08668558 0.05299596 0.04740022 0.04212821 0.08118045 0.07917735 0.07614337 0.09889507 0.09630612 0.1129696 0.1157708 0.1231322 0.1283961 0.1412462 0.1605708 0.1871733 0.4227372 0.3273754 0.3012886 0.2830802 0.2113367 0.2258052 0.1818973 0.1532527 0.2160156 0.2491104 0.2656292 0.3151107 0.2341991 0.2258395 0.2479523 0.20172 0.2629963 0.2686369 0.2426993 0.2722315 0.3228222 0.2518361 0.2350872 0.2665379 0.3669748 0.2876568 0.203524 0.1738174 0.1661241 0.1661377 0.1386515 0.1055138 0.06438877
0.2141275 0.2098627 0.2065029 0.1946282 0.1450785 0.1145343 0.1260726 0.1041628 0.06956001 0.06479527 0.07465837 0.09669286 0.08974956 0.09034187 0.09730673 0.0772946 0.09439334 0.09906193 0.1252624 0.2069607 0.1798476 0.1497978 0.1950515 0.4188233 0.3095841 0.2915027 0.2355433 0.1999237 0.1822971 0.1601868 0.1462314 0.2260541 0.2968691 0.2343515 0.2840276 0.2207787 0.2237823 0.1912665 0.172106 0.2035965 0.2526381 0.2450958 0.307019 0.3093246 0.2670311 0.2761031 0.3166021 0.3112082 0.2771553 0.2390157 0.212899 0.1637744 0.1393105 0.1149538 0.09028295 0.0499602
0.1937302 0.210457 0.2373973 0.1854023 0.1470483 0.1440142 0.1370245 0.132529 0.07333438 0.06551255 0.06063804 0.09938218 0.1001919 0.1165949 0.1169898 0.06845923 0.08508378 0.1132479 0.1976394 0.2818835 0.1551508 0.1737716 0.1910126 0.331908 0.3080972 0.2430671 0.1847206 0.1798272 0.1541517 0.1444107 0.1420755 0.2043975 0.2059652 0.2100538 0.2094824 0.2247144 0.1822848 0.1613594 0.1588981 0.2011433 0.2240377 0.2467963 0.2993952 0.3086928 0.2925419 0.2837571 0.2818451 0.2392361 0.1953108 0.2056352 0.1916355 0.1466305 0.1136997 0.09733476 0.08195634 0.04369383
0.2769617 0.2597962 0.2370175 0.2143454 0.1599993 0.1546248 0.1622344 0.1484703 0.1048291 0.1116799 0.07646444 0.08625478 0.08445875 0.09765919 0.1216789 0.09128992 0.1063373 0.1037337 0.113563 0.1488915 0.1746385 0.2417691 0.1981568 0.2503653 0.2665698 0.2165703 0.1726573 0.165507 0.1430159 0.1346079 0.1211674 0.2229696 0.1880743 0.1912783 0.1784153 0.1980541 0.1817113 0.1685123 0.1651832 0.2105045 0.2215487 0.2290185 0.2794141 0.3179447 0.3386089 0.2690134 0.249914 0.21024 0.1689059 0.1633294 0.1197272 0.1146219 0.1061342 0.09860242 0.08406264 0.05957163
0.2754529 0.3812082 0.3188005 0.2185132 0.1672826 0.1645007 0.1432476 0.1486171 0.09563745 0.08122002 0.06914736 0.08385094 0.09159957 0.1015677 0.1105087 0.0965434 0.1257073 0.1372277 0.1626671 0.2168359 0.2215125 0.263527 0.1794142 0.1870037 0.187648 0.1226402 0.09923519 0.1125187 0.08127527 0.06885849 0.07767424 0.1796677 0.162409 0.1657888 0.1757778 0.1718374 0.1778858 0.1662519 0.1550779 0.1912092 0.1761529 0.2340585 0.1950055 0.3606343 0.392479 0.3328149 0.2926576 0.1727971 0.1305018 0.09733659 0.1027782 0.08476839 0.06558222 0.0455243 0.03506238 0.04214298
0.2304444 0.2249319 0.265208 0.1877384 0.1455247 0.2412549 0.1682039 0.133439 0.08968601 0.07998166 0.07929175 0.1314792 0.1057104 0.1083576 0.1229322 0.1175425 0.124331 0.1438999 0.1920518 0.241452 0.2101948 0.2110059 0.2556637 0.2212674 0.1532895 0.1080037 0.08576856 0.07724931 0.06157076 0.05496605 0.07167698 0.1397067 0.1421463 0.1719885 0.2378285 0.1584436 0.1886517 0.1583975 0.1374438 0.1477612 0.1734729 0.2052259 0.2032596 0.3759751 0.2972561 0.2325579 0.2148777 0.1703707 0.1723249 0.08491905 0.05978838 0.04435324 0.03402473 0.03808191 0.02525788 0.02948383
0.2001864 0.1755438 0.2237387 0.2237643 0.2214034 0.1691855 0.1621907 0.1424244 0.0898778 0.08938103 0.07183203 0.12079 0.1137469 0.1181529 0.1156349 0.117467 0.1118084 0.1608782 0.2033568 0.2452594 0.2466186 0.2891871 0.287267 0.2791032 0.1818949 0.1191003 0.07890894 0.07577623 0.07067847 0.06043853 0.05669221 0.1151653 0.1277117 0.1298679 0.1293352 0.1224868 0.1563939 0.1364568 0.1128071 0.146257 0.1746062 0.1869028 0.197447 0.376386 0.2560747 0.1925108 0.1517071 0.1723005 0.147377 0.09179598 0.06668399 0.04245504 0.04314955 0.02481158 0.02953496 0.02750656
0.1969835 0.2439879 0.2357786 0.2667245 0.1986786 0.1505077 0.1409021 0.1493735 0.1124545 0.08303846 0.08243743 0.1493008 0.1494162 0.1405525 0.1430532 0.1404385 0.1312439 0.1780382 0.235516 0.2684852 0.302865 0.2928684 0.3154256 0.3099753 0.2523721 0.1258527 0.09486878 0.07410015 0.0610672 0.03749809 0.03410874 0.09421131 0.1024142 0.1102802 0.1101347 0.08620522 0.1148434 0.08398091 0.1107614 0.1273385 0.1754888 0.1625167 0.1284255 0.208604 0.1785665 0.1530261 0.127014 0.1221723 0.09178004 0.08813418 0.07102042 0.03926604 0.04056012 0.07259756 0.03042054 0.02770202
0.225724 0.2337398 0.1960301 0.1969952 0.1747594 0.1481538 0.1449938 0.141226 0.1073976 0.09760121 0.1555628 0.1489222 0.116028 0.1071719 0.1028937 0.1476275 0.1259712 0.1492778 0.1580206 0.2228578 0.2193511 0.2164544 0.2512167 0.2237065 0.1496735 0.09900206 0.06733831 0.039435 0.02864174 0.02253161 0.02197804 0.05290842 0.05414471 0.06236689 0.05881834 0.0433751 0.0359893 0.04969622 0.06005271 0.1157357 0.1194394 0.1239278 0.06026065 0.1079463 0.09681075 0.06595194 0.07667753 0.06361517 0.04821939 0.06130997 0.08144338 0.0319405 0.05535286 0.09339461 0.05165223 0.02185032
0.2809914 0.1909572 0.1736814 0.1955335 0.1785608 0.1431406 0.1546739 0.1128358 0.08846273 0.08298516 0.09039757 0.1149701 0.1119322 0.1082954 0.09813296 0.1092993 0.1093756 0.1466861 0.1546073 0.2075148 0.1923357 0.1663236 0.1896009 0.1697061 0.09891968 0.06775384 0.05630063 0.02470024 0.0180131 0.01489101 0.01569281 0.04133201 0.04246725 0.03965662 0.04168579 0.01422426 0.03122403 0.02970824 0.02743999 0.07041715 0.05819315 0.05517928 0.04150822 0.05168832 0.03654978 0.03731387 0.04315933 0.06094468 0.03932908 0.04059215 0.03410141 0.02782102 0.04302205 0.03037295 0.03158056 0.02097933
0.1092846 0.1088118 0.1748621 0.1538385 0.1423969 0.1592715 0.1721461 0.1245413 0.1052775 0.09031401 0.08790463 0.09306337 0.1050587 0.107835 0.09079064 0.09891359 0.1098781 0.1553355 0.1636108 0.1839275 0.1538988 0.1344929 0.1579319 0.1378878 0.07781359 0.05201054 0.04150898 0.01750829 0.009803915 0.009000566 0.0106876 0.03375372 0.03249277 0.03230752 0.03331082 0.01904246 0.01248649 0.01222858 0.01985046 0.02386009 0.0372763 0.0322756 0.03517617 0.05171001 0.02839097 0.03914092 0.05054742 0.05262811 0.04360629 0.03252261 0.04341749 0.03216644 0.02977076 0.0304173 0.03075297 0.02031695
0.1135415 0.1197575 0.1532613 0.1293851 0.1726282 0.1419584 0.1269685 0.1273898 0.101977 0.09735201 0.09328301 0.08898191 0.08938317 0.08620474 0.1009592 0.1059048 0.1024239 0.1380347 0.1730666 0.1771374 0.1402403 0.1190964 0.1092082 0.08043235 0.050885 0.03966062 0.02817836 0.01100868 0.007258296 0.006735361 0.007907244 0.02988707 0.02960776 0.02852243 0.02827608 0.0130608 0.01136541 0.006345948 0.01855699 0.03204255 0.01859638 0.01621393 0.01660958 0.03797755 0.02824461 0.02904115 0.03829529 0.03616491 0.0452022 0.03428569 0.0318696 0.03973452 0.04401665 0.03706653 0.03162546 0.02334601
0.08178508 0.1402151 0.286238 0.1746702 0.14565 0.1186026 0.1200728 0.1537261 0.1160571 0.1095735 0.1035854 0.08902253 0.09509531 0.09893381 0.1034272 0.1411132 0.1251719 0.1239497 0.1219924 0.1275892 0.09706521 0.07367574 0.05436232 0.03463104 0.02516049 0.01615808 0.01371398 0.003063875 0.003016471 0.003375168 0.00406418 0.01515268 0.01561416 0.01627157 0.02136145 0.01998331 0.01809621 0.01633077 0.01469264 0.02797171 0.02543553 0.02337284 0.02227705 0.01921413 0.01866497 0.01853862 0.02052655 0.03290212 0.03129275 0.03159644 0.03275807 0.03979223 0.04317702 0.02447371 0.02234601 0.01303633
0.09386283 0.1109006 0.1182939 0.1277716 0.1156523 0.1082746 0.1238443 0.135995 0.1094222 0.09331308 0.09420717 0.08734948 0.08865003 0.0946872 0.1136185 0.1264402 0.1004013 0.1197354 0.1235155 0.1093588 0.1161102 0.09794523 0.05622656 0.02894658 0.01971762 0.01487075 0.01316909 0.003033914 0.002683063 0.003069364 0.003170254 0.01243772 0.01217813 0.01265848 0.01345014 0.01682302 0.0141808 0.01279908 0.01095965 0.01962773 0.01916197 0.01877279 0.01780079 0.01635894 0.01537191 0.01457251 0.01511103 0.02892561 0.03349277 0.03202809 0.03380531 0.04016488 0.0328555 0.02675689 0.0264027 0.01513731
0.09874678 0.1140118 0.1140711 0.104735 0.09103082 0.1011975 0.1311347 0.1125413 0.09424099 0.09057548 0.1006196 0.1035365 0.1102276 0.1167022 0.1286621 0.1531548 0.1366945 0.1824789 0.1726576 0.1467772 0.114645 0.1134272 0.06149345 0.04089586 0.02832563 0.01618667 0.01016593 0.003997165 0.003441734 0.00326085 0.003389672 0.01308529 0.01262041 0.01253788 0.01319231 0.01484256 0.01205463 0.010693 0.00946673 0.0168401 0.01655292 0.01625267 0.01531475 0.01467215 0.0136925 0.01164566 0.01273227 0.02459224 0.02967543 0.02323679 0.02175743 0.04005865 0.04818568 0.04275835 0.03844569 0.01739691
0.1356523 0.1004443 0.1150209 0.09037998 0.09425047 0.1112322 0.152344 0.1086076 0.09574819 0.09743574 0.09138996 0.1098011 0.1139609 0.1107527 0.1183902 0.176536 0.1945656 0.2244632 0.2203642 0.2005687 0.1827109 0.1863391 0.0819504 0.04842961 0.03347012 0.02393793 0.01391008 0.005837501 0.005354202 0.005076827 0.005090643 0.01731722 0.01567342 0.01596411 0.01590577 0.01560254 0.0128851 0.01120538 0.009442546 0.01650748 0.0164665 0.01593825 0.01515327 0.0145258 0.01348333 0.01089182 0.01128543 0.02187105 0.02519909 0.02079118 0.0270608 0.04084933 0.03475636 0.03526064 0.03442845 0.01770034
0.1029265 0.1056223 0.1776017 0.1169704 0.1258378 0.1304775 0.1638144 0.1111682 0.0765174 0.06818584 0.06439076 0.0940787 0.1226393 0.1279647 0.1384859 0.1707482 0.172982 0.1771635 0.2356317 0.2544414 0.2368338 0.1960984 0.1214186 0.07064722 0.05274684 0.04250213 0.03536087 0.02337186 0.02082363 0.01879717 0.01732414 0.02784517 0.02585936 0.0236153 0.02242154 0.009547285 0.009306961 0.008960296 0.008547975 0.01225427 0.0116812 0.01084025 0.009705653 0.00786657 0.006784451 0.00592594 0.005365131 0.005789823 0.006116461 0.005571574 0.006096362 0.003330338 0.003387423 0.005436432 0.005705074 0.0178179
0.1184456 0.09858136 0.120639 0.1151236 0.1379794 0.1983033 0.1365411 0.09640454 0.06558529 0.05765869 0.06061533 0.09475515 0.08387654 0.1596048 0.111784 0.1241979 0.1698417 0.1585024 0.1989475 0.2071827 0.1938892 0.167504 0.1358851 0.07516798 0.0627843 0.06103145 0.04567238 0.02904996 0.02652036 0.02369167 0.02170815 0.03272566 0.03200621 0.0261455 0.02421914 0.01027617 0.009524232 0.009014331 0.008583651 0.01218886 0.01164573 0.01068576 0.00945366 0.007504527 0.006315497 0.005399169 0.004910267 0.005273241 0.004962399 0.004396508 0.00441103 0.002387606 0.002418735 0.008132786 0.00369147 0.01318758
0.1341856 0.1308554 0.1264957 0.1364622 0.1328987 0.1531937 0.09200349 0.06745715 0.05515063 0.05263022 0.05020919 0.07733461 0.08702943 0.0809958 0.09644573 0.1025591 0.1369827 0.1541093 0.1820729 0.1996687 0.185892 0.169157 0.1422582 0.09584562 0.07661768 0.06879573 0.06009004 0.05030473 0.03984763 0.03242541 0.02970627 0.04288105 0.0622941 0.0356783 0.02845038 0.01174315 0.01039176 0.009458793 0.008928745 0.01259682 0.01183016 0.01075923 0.009380859 0.007283038 0.005966586 0.005374167 0.005112431 0.0049937 0.004107343 0.00336624 0.003164674 0.001997111 0.00184106 0.003122683 0.002586578 0.009856923
0.1380268 0.163729 0.121713 0.110464 0.126133 0.1356988 0.1043264 0.05822126 0.05862115 0.05542773 0.06482463 0.08885162 0.08393341 0.09172531 0.1024852 0.1085337 0.1231607 0.1355033 0.1458241 0.2074589 0.1894712 0.1754605 0.1542587 0.125267 0.1005556 0.08582444 0.07911293 0.06637557 0.06080565 0.04550394 0.04514169 0.05540046 0.05069178 0.04144087 0.03585548 0.01401329 0.01177995 0.01028339 0.01036172 0.01330411 0.01293941 0.01200319 0.009589936 0.00768169 0.00638523 0.005818835 0.004852635 0.003626092 0.002933641 0.002286178 0.003125879 0.002945172 0.001605897 0.001695962 0.001876603 0.006329187
0.1118457 0.1419624 0.1384812 0.1027018 0.1130827 0.1427007 0.1095626 0.08565842 0.08341925 0.06317501 0.08893599 0.09405208 0.09257383 0.100995 0.1004553 0.07875138 0.08042461 0.08231258 0.08230986 0.09152889 0.09968697 0.1065541 0.1109416 0.1304097 0.1388716 0.1160839 0.1093887 0.07953138 0.07268409 0.06495972 0.06255563 0.07582185 0.06661246 0.05314631 0.04190688 0.02453484 0.01826572 0.01523842 0.01399905 0.01404442 0.01279297 0.01127916 0.009571676 0.006317874 0.005588978 0.004929207 0.003548991 0.001667559 0.001094192 0.0008434607 0.001469581 0.000933222 0.0008654516 0.004243837 0.0009193938 0.001355956
0.08864836 0.08536102 0.1056985 0.1103849 0.09786986 0.1078561 0.1075646 0.0825966 0.07199785 0.05601036 0.06951266 0.09192796 0.0883822 0.08670316 0.08700877 0.07904287 0.07700927 0.07823032 0.07720306 0.09444071 0.1045047 0.09459614 0.1028908 0.1293838 0.1514308 0.1515473 0.126989 0.08889642 0.08639687 0.09631871 0.08226562 0.0965672 0.08451714 0.06359454 0.04781008 0.02701811 0.02122373 0.01729634 0.01567732 0.01482828 0.01326401 0.01153152 0.00967498 0.005838079 0.004665592 0.003704588 0.003248011 0.001233302 0.0008584792 0.000658233 0.0006379408 0.0008681511 0.0007480611 0.0007484537 0.0008404172 0.0002010392
