contrib/geomasonDemos/riftland/DataFiles/RainData/.svn/text-base/10.txt.svn-base
ncols         56
nrows         54
xllcorner     28.264
yllcorner     -5.7719999999999
cellsize      0.25
NODATA_value  -9999
[rows 25 to 49 of 54, columns 0 to 55 of 56]
0.1172251 0.07182297 0.09737398 0.1336556 0.1013122 0.1014847 0.1067101 0.07934933 0.06721747 0.05684931 0.06420205 0.09194941 0.08571537 0.0841746 0.08583731 0.08110598 0.07923369 0.07674889 0.07560941 0.08728567 0.09678083 0.09219828 0.1045425 0.1320353 0.14985 0.1498986 0.1347425 0.09502211 0.09950834 0.1094275 0.08935671 0.1082264 0.08843638 0.06583581 0.05646478 0.0308381 0.02617654 0.01934434 0.01774008 0.01559762 0.01387397 0.01196392 0.01001007 0.005890959 0.004586157 0.003668339 0.01493861 0.005803748 0.0008248034 0.0007312763 0.0006149995 0.0007672603 0.0007493618 0.002102455 0.002944482 7.737919e-005
0.09081101 0.07201255 0.07388277 0.1199086 0.1208186 0.1040511 0.1091459 0.07756463 0.06565052 0.06265558 0.07016798 0.08832854 0.09491383 0.08343016 0.08211462 0.08165033 0.08280312 0.07752737 0.07896109 0.08394067 0.09660568 0.0990058 0.1087361 0.1470477 0.1508771 0.1427352 0.1367161 0.111304 0.1018807 0.1039996 0.09980503 0.1208177 0.09455139 0.07584546 0.06497481 0.03499646 0.02641696 0.02092787 0.01904262 0.01631288 0.01447555 0.01254555 0.01040246 0.008341872 0.007171992 0.003806778 0.01076468 0.004027471 0.0009466763 0.0007483578 0.009881033 0.0048797 0.00170778 0.001559785 0.002373212 8.717848e-005
0.1336121 0.133521 0.09341676 0.1328416 0.1223251 0.1252622 0.1028632 0.08583742 0.08919825 0.07630251 0.08196142 0.1063977 0.09017348 0.0908056 0.09222406 0.08329292 0.07585477 0.08146556 0.08398543 0.09353857 0.09781909 0.1171129 0.1314403 0.1691448 0.1801995 0.1714063 0.1630281 0.1453107 0.1349362 0.1299147 0.1236182 0.1053342 0.0781659 0.06880907 0.05878879 0.05017189 0.04120927 0.03334774 0.03091078 0.02536169 0.02211792 0.01962384 0.01732865 0.008980976 0.008239619 0.006399435 0.003733099 0.002730679 0.01309767 0.001641767 0.007561482 0.001834309 0.003181948 0.004855875 0.003514395 0.002155407
0.2076665 0.1344207 0.09500634 0.1091885 0.1084531 0.09261601 0.09741207 0.08173671 0.08540868 0.07761969 0.08694954 0.1025978 0.08724453 0.08486792 0.08308078 0.07598349 0.08097768 0.08220775 0.0885528 0.08779868 0.1016879 0.1085649 0.1360696 0.1630766 0.1872707 0.1830528 0.174592 0.1499704 0.134635 0.1347744 0.125185 0.1017073 0.07545123 0.06085963 0.05419987 0.05366636 0.04179334 0.03569651 0.03159359 0.0262108 0.02285088 0.02008123 0.01742671 0.009262194 0.00922263 0.01029021 0.007806564 0.006479596 0.01204441 0.001866826 0.001797762 0.001463162 0.00389209 0.0043961 0.002574465 0.001730359
0.1729698 0.1314367 0.1077311 0.1047208 0.1060876 0.1014537 0.08163442 0.07912046 0.07130187 0.07249217 0.07656492 0.09016221 0.08876095 0.07777551 0.07252272 0.07115793 0.07097588 0.07472648 0.08039857 0.08188985 0.08507707 0.0948711 0.110486 0.139392 0.1558702 0.1654987 0.1887949 0.1484222 0.1257011 0.1375579 0.1175468 0.09385908 0.07176461 0.06153134 0.05325458 0.04699785 0.04080336 0.03651439 0.03328012 0.02632481 0.02242982 0.01975404 0.01717159 0.009165829 0.006406103 0.005330315 0.004254794 0.006924555 0.004241806 0.002103722 0.002041206 0.01965208 0.01128513 0.003482238 0.001918574 0.001094007
0.1917062 0.1820579 0.1562231 0.133452 0.1058483 0.1058214 0.09496933 0.08314236 0.07759516 0.07270903 0.07535065 0.09506236 0.08404122 0.08291249 0.08327585 0.07428307 0.06670462 0.06952142 0.07870387 0.07776611 0.08068917 0.08617675 0.095107 0.1237957 0.1338485 0.1524542 0.175546 0.1452637 0.1251763 0.1115726 0.1104734 0.09265915 0.06973038 0.059706 0.05367654 0.04361081 0.03718235 0.03032218 0.03274853 0.02359161 0.0208538 0.01853197 0.01622408 0.00997036 0.006112914 0.004695984 0.003913311 0.003184853 0.002653723 0.002358781 0.008225461 0.02319769 0.020938 0.01002511 0.001666962 0.01011546
0.3650892 0.2381012 0.1868438 0.08563258 0.08082838 0.07166883 0.07416363 0.1132102 0.1179411 0.09706759 0.09523903 0.0912057 0.0767132 0.06970309 0.07021072 0.08257997 0.09315738 0.09720727 0.09979276 0.09524868 0.08756625 0.09104411 0.0969684 0.1041505 0.1295688 0.1471045 0.1555587 0.1250602 0.1119318 0.09786838 0.08769392 0.06781383 0.05654409 0.04853829 0.04536664 0.04139635 0.031534 0.01925029 0.0174797 0.01735944 0.01607966 0.0143681 0.01213016 0.01652558 0.01464141 0.01335527 0.01334113 0.004547281 0.003991986 0.01869083 0.03549184 0.04285492 0.04670177 0.02955084 0.01163663 0.02177153
0.2720186 0.2220681 0.141515 0.08114248 0.07034885 0.06441224 0.0747371 0.1198062 0.09888562 0.09497264 0.09177167 0.08498863 0.07799342 0.06726515 0.06603916 0.08168235 0.09688859 0.1036922 0.1038358 0.1099652 0.09125414 0.08892897 0.09063435 0.09716791 0.1112719 0.1283282 0.1501876 0.1231067 0.1015396 0.08761213 0.08178675 0.06284363 0.05160987 0.04164857 0.03101643 0.02378483 0.01897283 0.0168614 0.01528191 0.01533055 0.01438918 0.01309229 0.01123464 0.01667288 0.01491333 0.01377284 0.01392747 0.004735323 0.01503224 0.08746465 0.04755316 0.04074584 0.03729614 0.0337544 0.02855897 0.0136369
0.3329367 0.2144378 0.1459047 0.08207835 0.07390863 0.06697709 0.09243758 0.1040296 0.0838781 0.08726414 0.08833271 0.08222937 0.07354453 0.06570835 0.06306215 0.08251725 0.08839626 0.09414177 0.1076312 0.0886017 0.08053941 0.08613524 0.0832295 0.08740659 0.1434514 0.1754405 0.163524 0.1033034 0.09181716 0.07590484 0.07305983 0.05567333 0.05651692 0.03746442 0.02717713 0.0209193 0.01545388 0.01371541 0.0129503 0.01325094 0.01272957 0.01176057 0.01048336 0.01689726 0.01542266 0.01449694 0.01491997 0.005620574 0.005439028 0.02484735 0.01443206 0.0008844428 0.01989516 0.02070135 0.01849794 0.01656314
0.2319439 0.175877 0.159311 0.09270182 0.08662786 0.08548009 0.09229697 0.1153646 0.08702952 0.09346164 0.0876829 0.08380418 0.07574559 0.06785791 0.06297916 0.09751145 0.09447858 0.1132135 0.1140555 0.06901821 0.06690878 0.06811506 0.06908155 0.069649 0.142712 0.1560438 0.1431348 0.09786304 0.07833812 0.06117327 0.05594452 0.0501445 0.04545579 0.02359111 0.02011865 0.01560605 0.01269368 0.01091555 0.01062966 0.01117638 0.01089485 0.01033182 0.009623141 0.01687195 0.01568986 0.01503895 0.01563726 0.006372126 0.005550159 0.005384207 0.005102708 0.0009769922 0.02401109 0.02455613 0.02207143 0.009804404
0.1698084 0.1526308 0.1224775 0.1237554 0.09665042 0.09780475 0.08909521 0.09493016 0.08793566 0.08348573 0.08315235 0.08297235 0.08651206 0.07102676 0.06565751 0.134634 0.1384872 0.1416643 0.1452279 0.06349368 0.0564112 0.04828216 0.04145145 0.07236574 0.1113987 0.1028147 0.1272633 0.09338045 0.06504424 0.04473331 0.04676779 0.03173809 0.02545409 0.02143694 0.01396686 0.009507596 0.007569435 0.006612107 0.006596007 0.007832986 0.007823124 0.0075242 0.00735476 0.004713597 0.003935064 0.003768353 0.003998387 0.004647973 0.004629477 0.004490108 0.01265573 0.001039901 0.0128476 0.02529677 0.01376613 0.001256109
0.1923807 0.1397805 0.1144021 0.09047259 0.08447664 0.08000477 0.08886299 0.100976 0.08468848 0.08142661 0.0839169 0.09966258 0.09144653 0.0666416 0.06423095 0.1196164 0.12416 0.1369024 0.1233129 0.06839382 0.04659416 0.04356521 0.039769 0.05186064 0.07008266 0.08750422 0.08164154 0.07616375 0.06365101 0.03715019 0.03645833 0.02692025 0.0222528 0.01313801 0.009784152 0.006783008 0.005262713 0.004639548 0.004817941 0.005975393 0.006192853 0.006252475 0.00665898 0.004757565 0.004297935 0.004230913 0.00482467 0.005578579 0.0121748 0.01802726 0.01437855 0.002209771 0.02574714 0.01618411 0.001436695 0.001142099
0.1967464 0.1585995 0.1321808 0.08190512 0.07618566 0.08000189 0.08586287 0.1142436 0.08653817 0.08121479 0.0846019 0.07905567 0.07237765 0.06742395 0.06971637 0.1166848 0.1155473 0.1473978 0.1348234 0.04495305 0.03158201 0.03791627 0.04279852 0.06216219 0.06704641 0.06668495 0.06200034 0.04889148 0.0408753 0.03458559 0.02619234 0.01704715 0.01551828 0.009520839 0.007234707 0.004912584 0.003744181 0.003369679 0.003705588 0.004848715 0.005244336 0.005607317 0.006336473 0.004781473 0.004657797 0.004854366 0.005553022 0.006416467 0.006643702 0.01262255 0.01340088 0.002919714 0.003669867 0.001944841 0.001583028 0.0004435484
0.2321139 0.1552129 0.1231434 0.09032368 0.08406205 0.08591193 0.09419747 0.09977239 0.08991926 0.07747766 0.08015953 0.07317339 0.07196045 0.0652917 0.06871211 0.1300016 0.1445913 0.1263386 0.1340747 0.04509565 0.02751989 0.03393713 0.06737287 0.09340251 0.08356636 0.07120319 0.06437787 0.0373177 0.03943156 0.02802488 0.02055303 0.01302473 0.008940218 0.006466031 0.005319328 0.004041205 0.003085408 0.002832461 0.003281746 0.004468892 0.005001993 0.005604291 0.006454374 0.004878652 0.00510726 0.005540316 0.00623424 0.007133728 0.007387188 0.007387964 0.007221659 0.003479376 0.02481497 0.002251867 0.001245972 0.0008064516
0.2501083 0.2068714 0.1415212 0.1267277 0.09590722 0.1011909 0.07678277 0.08948676 0.08775549 0.08387446 0.0844741 0.06841949 0.06220936 0.0597644 0.0591412 0.108673 0.1164368 0.1060715 0.0927091 0.03694271 0.03212894 0.04403732 0.07922024 0.1011805 0.1217154 0.1316452 0.09738 0.04157184 0.02654714 0.01683098 0.009926851 0.007801406 0.00561255 0.004783198 0.003771079 0.002525734 0.002014699 0.001894921 0.002321351 0.003909665 0.004405279 0.005975269 0.006987671 0.01349361 0.01444331 0.01616003 0.0184803 0.01615903 0.02472274 0.02543314 0.02399811 0.02430235 0.02014151 0.01341586 0.01288554 0.006774193
0.2481338 0.1617442 0.127541 0.09963258 0.09456261 0.08617216 0.07642744 0.08213074 0.08464181 0.1112907 0.07219899 0.06454731 0.05783514 0.05284507 0.05107623 0.06782105 0.07456309 0.06215947 0.06424869 0.04635339 0.03360164 0.07785166 0.07234494 0.101261 0.09322622 0.08918332 0.07676493 0.03351387 0.0153993 0.01026315 0.006963799 0.005671226 0.004028683 0.002977179 0.00269149 0.001756568 0.00142616 0.001458453 0.001943715 0.003550545 0.004172968 0.005194513 0.007412016 0.0138901 0.01515022 0.01677837 0.01907881 0.01625964 0.01799887 0.0185681 0.01698694 0.01818433 0.01506199 0.01199629 0.01166025 0.006814515
0.2394902 0.163706 0.1109487 0.09075093 0.08886614 0.08733893 0.07081116 0.07638296 0.09879393 0.09774449 0.07177918 0.08017766 0.0646699 0.05761564 0.05487039 0.05391341 0.05176435 0.05330207 0.04044742 0.0188541 0.1098599 0.06189289 0.05127705 0.05266165 0.05081493 0.05754303 0.0514616 0.02516512 0.01366174 0.008081436 0.005301044 0.004355951 0.002871882 0.002158986 0.00205678 0.001379525 0.001196525 0.001358145 0.001988481 0.003757323 0.004520999 0.005804306 0.007559062 0.0120604 0.01760164 0.01821373 0.01999607 0.01639855 0.01775086 0.01849167 0.01670641 0.01613791 0.02513091 0.01367941 0.01097628 0.007016129
0.1647768 0.1245558 0.09462527 0.07600525 0.08349157 0.0773882 0.0874789 0.1000658 0.1007451 0.07498813 0.06719259 0.0634386 0.05609661 0.04520286 0.05100761 0.04063443 0.02890463 0.02745476 0.0254387 0.01720653 0.02480695 0.04044816 0.03283679 0.04119187 0.03156242 0.03525507 0.03481134 0.01296295 0.009315905 0.008896834 0.009915302 0.00370398 0.002412079 0.001846574 0.001845276 0.002272756 0.00430184 0.001736025 0.002362545 0.004517073 0.005555024 0.007132026 0.009244208 0.01410447 0.01702175 0.02200068 0.02658221 0.01723954 0.01753749 0.02122309 0.02846307 0.01815726 0.01574858 0.01189808 0.01190531 0.007217742
0.1862134 0.1256361 0.08425136 0.04921282 0.05276851 0.0798986 0.0690894 0.07073129 0.05667613 0.0478078 0.03798664 0.07255532 0.05908844 0.04656783 0.05339374 0.03034722 0.02427451 0.02348214 0.0132528 0.01380206 0.01461349 0.01342106 0.03499247 0.02352323 0.01961405 0.01556477 0.009909086 0.003016567 0.001712921 0.0104121 0.005034795 0.0006896171 0.0004056058 0.0009354689 0.0008031618 0.002369413 0.0123168 0.002362377 0.003405767 0.007312183 0.008712256 0.01098272 0.01245697 0.03076845 0.02864097 0.02965288 0.02707596 0.0248885 0.02395699 0.03159223 0.0212666 0.01653226 0.01294355 0.0183871 0.01427419 0.01939516
0.1499305 0.08319603 0.06763988 0.04087706 0.03920965 0.1034043 0.06281465 0.05749453 0.06819697 0.04767756 0.03442025 0.07163166 0.06708363 0.06158991 0.05383659 0.03770162 0.02626667 0.02282899 0.01300278 0.01232475 0.01633437 0.01312048 0.03009336 0.01514521 0.0131609 0.006968447 0.005733274 0.002601208 0.001273248 0.0007809515 0.0005431494 0.0004614775 0.0002552943 0.0002541394 0.0002568352 0.001598402 0.002062598 0.002709574 0.003900901 0.008067807 0.009735406 0.01229505 0.0143058 0.03310908 0.03164222 0.03150553 0.03651176 0.02017922 0.01880043 0.01864312 0.01446618 0.01149193 0.02153226 0.01834677 0.01052419 0.01568548
0.1425598 0.08798897 0.0644924 0.0365664 0.03555403 0.06637964 0.0452581 0.04482623 0.04803688 0.04978802 0.0409467 0.06960051 0.07262485 0.06276962 0.05072199 0.03137555 0.02449865 0.01875573 0.01407081 0.01571668 0.01770744 0.01389446 0.02213467 0.01076368 0.007421756 0.005264823 0.004923983 0.002038061 0.0009815036 0.0005693903 0.0003869535 0.0003459462 0.0004325184 0.0009515655 0.0003274611 0.002009843 0.002631925 0.003712656 0.005130283 0.009916786 0.01186739 0.0147129 0.01676692 0.03132723 0.03513745 0.03922794 0.03202292 0.01995883 0.01817079 0.01472169 0.01460972 0.006088709 0.003669355 0.007419354 0.007379032 0.009879031
0.151911 0.1269639 0.07842499 0.0472952 0.04763978 0.07295312 0.06294339 0.06847399 0.05554531 0.1245273 0.06599119 0.07558255 0.06747357 0.05876883 0.0461078 0.02630137 0.01837199 0.0132518 0.01374834 0.01451554 0.01291007 0.01244056 0.0116599 0.008409023 0.005048758 0.004372716 0.004181483 0.003410991 0.000733166 0.0004782905 0.0008490126 0.0003207602 0.0003415288 0.000283019 0.0005101945 0.003000495 0.003964581 0.005299813 0.006867573 0.0127377 0.01512408 0.01802202 0.01986873 0.03523461 0.04349157 0.04387965 0.03546545 0.02827038 0.01906672 0.01470227 0.01783788 0.009153225 0.00923387 0.01068548 0.01008064 0.01016129
0.2097088 0.1245658 0.1065845 0.07574394 0.08143582 0.06067357 0.06001443 0.0711918 0.07079858 0.07814902 0.05660403 0.05017343 0.0414127 0.0361424 0.02390622 0.02549248 0.01875123 0.01245455 0.01714399 0.008441659 0.002897966 0.001235485 0.00102213 0.001139761 0.001020637 0.0009198128 0.0006952243 0.0002148786 0.0001320524 8.805062e-005 8.544964e-005 0.0007666053 0.0007637679 0.001132038 0.001860151 0.004665749 0.005973489 0.007795333 0.01003427 0.01698147 0.02011539 0.02357812 0.02737487 0.04406474 0.04652756 0.04592418 0.04209773 0.04685484 0.02221774 0.01584677 0.007096774 0.0266129 0.04004033 0.02959677 0.03080645 0.01008064
0.1289753 0.1032776 0.08079595 0.08161752 0.06385758 0.05771047 0.06511886 0.090906 0.05077115 0.05036958 0.05313137 0.04516875 0.04783681 0.03579875 0.02220277 0.0200771 0.01447088 0.02263636 0.01109446 0.01073012 0.006753273 0.001824774 0.0009069773 0.001084235 0.0008039321 0.0006821773 0.0005097809 0.0001957499 0.0002458381 7.880256e-005 6.896869e-005 0.0007695981 0.0008959873 0.00141054 0.002232577 0.005783756 0.007391381 0.009493035 0.0120173 0.02028923 0.02379279 0.02742196 0.03246703 0.04967266 0.04727503 0.04691594 0.0479903 0.03758064 0.02955645 0.01572581 0.007096774 0.009314516 0.02592742 0.02032258 0.01866936 0.002056452
0.1054337 0.07273871 0.08396106 0.09809025 0.07500249 0.04890885 0.05568588 0.08402604 0.0665571 0.0721174 0.05954881 0.05797727 0.06222299 0.06017911 0.03260468 0.007711163 0.00420732 0.01524593 0.009421703 0.007880092 0.008406664 0.002737612 0.0007814133 0.000793022 0.000682658 0.0007709677 0.0005480231 0.0007908543 5.05011e-005 3.808768e-005 6.659304e-005 0.000871159 0.001196066 0.001752372 0.002686904 0.006930845 0.008750861 0.01104357 0.01368208 0.02383811 0.02806354 0.03003986 0.034721 0.04454375 0.04805902 0.04969446 0.06594244 0.06633065 0.03116935 0.01520161 0.007096774 0.009354838 0.009395161 0.009717741 0.009677419 0.00532258
