contrib/geomasonDemos/riftland/DataFiles/RainData/.svn/text-base/102.txt.svn-base
ncols         56
nrows         54
xllcorner     28.264
yllcorner     -5.7719999999999
cellsize      0.25
NODATA_value  -9999
[rows 26 to 51 of 54, columns 0 to 55 of 56]
0.02980569 0.02176886 0.02423068 0.02557498 0.0313069 0.05480945 0.04476358 0.01840241 0.006005996 0.007380394 0.01284177 0.01456071 0.01865517 0.01876122 0.01532044 0.02861767 0.04018916 0.0473595 0.05721734 0.06702852 0.06556971 0.05584223 0.0963304 0.1355086 0.1416184 0.1092499 0.1266898 0.1658891 0.157221 0.1264377 0.1055002 0.0591086 0.05284414 0.05852561 0.02517054 0.01256482 0.008751996 0.002146605 0.0007791023 0.001558538 0.001389009 0.00120799 0.00583234 0.006825413 0.009819943 0.01129504 0.01331553 0.01376114 0.01217287 0.01312979 0.01380444 0.09159575 0.09317818 0.08024938 0.1446879 0.07106171
0.04125921 0.04727027 0.05013058 0.02961509 0.02995805 0.03270304 0.04885628 0.03709112 0.058424 0.05520856 0.02551692 0.02797726 0.02066791 0.01461709 0.01480069 0.02273968 0.05236493 0.1085876 0.136531 0.08688591 0.07055654 0.1097558 0.1678106 0.244851 0.1960111 0.1333882 0.1459122 0.1231591 0.1327232 0.1259872 0.0905977 0.08238306 0.06455931 0.05050695 0.03128257 0.01559447 0.009237655 0.004430403 0.003314537 0.003049472 0.002768913 0.002725334 0.005601296 0.008454258 0.0121672 0.01387744 0.01385576 0.01566214 0.01489088 0.01723261 0.02034415 0.08357245 0.1196393 0.1875068 0.1133212 0.07535484
0.06171597 0.07141763 0.05374074 0.04446021 0.03420347 0.02056524 0.03836111 0.02753833 0.01322201 0.01501192 0.022738 0.04825274 0.0132017 0.01532395 0.01324795 0.04400813 0.0566649 0.06108351 0.1051195 0.1060031 0.0560424 0.07707871 0.2502131 0.2880145 0.2572553 0.2079529 0.1532569 0.1461679 0.1410186 0.1537531 0.144432 0.1015478 0.07015276 0.05395298 0.03319613 0.0188406 0.01171076 0.005407912 0.004232902 0.003874301 0.003483359 0.00318686 0.006195192 0.008717706 0.01446064 0.01623792 0.01990049 0.01443643 0.0144115 0.01847828 0.02351237 0.05771462 0.1263705 0.1457077 0.1464137 0.102506
0.06431546 0.06922029 0.09029491 0.05868239 0.02312005 0.02177803 0.02952107 0.01089472 0.02516543 0.01088579 0.01756318 0.01316213 0.00860747 0.009691071 0.02811569 0.05734137 0.06282827 0.05592385 0.09091791 0.06942388 0.0417393 0.08714034 0.1561151 0.2314103 0.2445817 0.237224 0.2281795 0.203314 0.1685288 0.1834381 0.1668306 0.08272898 0.05911439 0.04079318 0.04477499 0.02695324 0.009552727 0.005617056 0.007383726 0.004693605 0.004221011 0.003782874 0.00618396 0.008301427 0.01108789 0.01453281 0.0159557 0.01729209 0.02343406 0.02132996 0.05025391 0.0707024 0.09734112 0.1842003 0.1650304 0.1256168
0.05522364 0.06620866 0.0992768 0.04127922 0.01320219 0.005639824 0.009941114 0.007048716 0.02439637 0.02223846 0.01172718 0.006795815 0.01112281 0.01847966 0.04900473 0.07027 0.07434978 0.07971875 0.08172862 0.06819925 0.07035507 0.08081894 0.07241574 0.1713941 0.2422194 0.2120422 0.2749205 0.2571233 0.1723762 0.1394541 0.1357818 0.08817705 0.0775096 0.05942076 0.04359721 0.0237828 0.02316606 0.006583065 0.008291641 0.005513931 0.00522182 0.004452329 0.006680535 0.007624278 0.01040179 0.01354209 0.01570127 0.01640779 0.01598563 0.01837723 0.03032048 0.0383787 0.07562343 0.1902255 0.2106308 0.110604
0.06566237 0.06909167 0.05604316 0.0356369 0.01195952 0.0005626678 0.01001037 0.009872465 0.03082805 0.01886044 0.01256359 0.007060493 0.01850588 0.04015541 0.1069504 0.1446958 0.1375409 0.180715 0.1579505 0.1001128 0.1067529 0.1427629 0.2033644 0.2019854 0.2009303 0.2030136 0.1404439 0.2118613 0.1769765 0.1161663 0.1035971 0.07851682 0.07342363 0.05002067 0.02750118 0.03181179 0.04304732 0.01130846 0.01038124 0.006150497 0.005577934 0.005041285 0.005567498 0.006105775 0.00897305 0.01285158 0.01498865 0.02220183 0.02284026 0.02747312 0.0328587 0.03102915 0.0825377 0.07942412 0.1214417 0.141448
0.08799614 0.070417 0.03976499 0.01419935 0.001629263 0.000569628 0.003451292 0.003028466 0.019501 0.02556385 0.02407484 0.0081607 0.02492551 0.04127184 0.05821822 0.1377179 0.1045308 0.07914171 0.1078982 0.08901627 0.05605433 0.07698508 0.1503664 0.167694 0.1496564 0.1275154 0.1562511 0.2514489 0.2566507 0.1459833 0.08744826 0.06149968 0.06203779 0.0481752 0.02910779 0.02337209 0.01672123 0.01334068 0.01171652 0.006912506 0.006280896 0.00570477 0.005567575 0.00560997 0.008485401 0.01085337 0.01347036 0.02233657 0.02584296 0.03153349 0.03779512 0.03711763 0.08127031 0.1216379 0.07596366 0.06069471
0.07386858 0.04468735 0.02004355 0.008001554 0.006213702 0.0152851 0.01974013 0.00576642 0.00748555 0.01674129 0.04074731 0.03030781 0.02281683 0.03188973 0.06444162 0.1398257 0.130825 0.0544214 0.06851017 0.07469314 0.1004488 0.08214428 0.1233113 0.1274365 0.1228331 0.1111532 0.1286219 0.152335 0.1546535 0.1024386 0.07636943 0.06407801 0.05482278 0.03874252 0.02715947 0.01880039 0.01809509 0.0125818 0.01176131 0.007067288 0.006541383 0.006504456 0.00714709 0.006502992 0.009771056 0.01264743 0.01583367 0.02866552 0.04542341 0.04301955 0.05294204 0.07482856 0.08368854 0.08481101 0.1018389 0.0607806
0.06537999 0.03613925 0.02019615 0.01135661 0.008895334 0.02638694 0.01656915 0.005468935 0.005766585 0.0008784564 0.03363373 0.02619851 0.02904427 0.0332708 0.07227551 0.07485449 0.08870631 0.07780779 0.04927752 0.07192013 0.07884491 0.08239059 0.0869334 0.1550709 0.1722828 0.150816 0.1172493 0.09743413 0.07955862 0.06929794 0.04187968 0.03944994 0.0732855 0.02660555 0.01933321 0.01869731 0.01582288 0.01086113 0.01051283 0.008241372 0.006347735 0.007412409 0.01035665 0.008137964 0.0121334 0.01569479 0.01984806 0.04140725 0.06249689 0.05900075 0.08308136 0.0848325 0.07042421 0.1245573 0.08632487 0.08356744
0.054127 0.04368507 0.02061304 0.01233921 0.01258541 0.006449685 0.006404714 0.008804084 0.008783023 0.007567897 0.006495383 0.009139278 0.01555369 0.02861113 0.0637475 0.05254555 0.08800053 0.06294517 0.07268526 0.1112366 0.03101336 0.09198052 0.06603351 0.1042503 0.1506537 0.1131481 0.1002836 0.05115244 0.04527917 0.0240886 0.009079639 0.01542975 0.01160229 0.005570084 0.006621409 0.005996637 0.005082272 0.004630375 0.006219662 0.00250136 0.00321461 0.004160789 0.005062158 0.01208037 0.01804439 0.02299483 0.03738809 0.07367735 0.09687345 0.133124 0.1732089 0.1558973 0.1261276 0.1406241 0.1337579 0.1497559
0.03868176 0.039673 0.01319761 0.01256028 0.01312137 0.007341012 0.01203088 0.00687235 0.01194672 0.004566597 0.005350247 0.003955983 0.01232977 0.04593524 0.04899536 0.05303865 0.03030323 0.09409241 0.06679513 0.07521231 0.02786883 0.07432345 0.07041791 0.1413839 0.1288094 0.09686241 0.09545692 0.05997428 0.03856253 0.01705286 0.007598457 0.01510763 0.008507412 0.007073016 0.009898326 0.004318177 0.003852836 0.003768805 0.004062607 0.00229757 0.004694121 0.009184298 0.006181149 0.01408433 0.02076743 0.02646817 0.04944779 0.09125803 0.09557742 0.129552 0.2011075 0.1823669 0.1440076 0.1237119 0.1529215 0.177899
0.03186081 0.01731468 0.004424343 0.007644516 0.004324947 0.004346101 0.002993918 0.0070527 0.01660901 0.005220921 0.01057205 0.00396902 0.004373797 0.01003975 0.0195024 0.03564439 0.01475122 0.02775947 0.04371312 0.0512482 0.04744339 0.0430565 0.07126785 0.1149551 0.1039343 0.0612503 0.09042069 0.08584253 0.02866574 0.01725125 0.01200478 0.009092312 0.003887335 0.00336788 0.002514158 0.003145677 0.002967889 0.003111436 0.003571858 0.002129061 0.002364657 0.006142003 0.007083174 0.01575132 0.0231763 0.02941606 0.03892162 0.1044753 0.1178457 0.1592016 0.1552751 0.1765681 0.1490629 0.1558311 0.1915177 0.1038063
0.03632774 0.01248538 0.004747292 0.005345791 0.008257207 0.0038277 0.003577892 0.007691612 0.007498633 0.002834435 0.02968131 0.006876426 0.006522584 0.001922951 0.003592105 0.007912973 0.01129527 0.01839536 0.02141401 0.03179731 0.07575936 0.03106247 0.05660894 0.06600347 0.0776347 0.07899834 0.0928327 0.03645228 0.01238559 0.03204028 0.005320437 0.005302019 0.003087172 0.002355218 0.00173092 0.002534631 0.002446359 0.002677279 0.003232482 0.001992519 0.002262798 0.004338504 0.00886304 0.01736648 0.02539173 0.03797461 0.04422692 0.1224818 0.1285449 0.1523445 0.178267 0.1732094 0.1795216 0.2292506 0.171081 0.1473873
0.02247223 0.0107564 0.004645179 0.01880517 0.00544418 0.003472276 0.002708369 0.005061014 0.01221551 0.006806977 0.006701214 0.006978174 0.02239713 0.003135653 0.008339057 0.01288528 0.007887395 0.01457248 0.02240375 0.04544568 0.05233132 0.03870661 0.05236541 0.06393829 0.06018317 0.09490389 0.05868201 0.01600307 0.02238668 0.002854602 0.002260607 0.002496246 0.0006126097 0.0003935209 0.0003483238 0.0006674281 0.0006665883 0.0007801757 0.001003512 0.001845415 0.002170215 0.004723147 0.01021877 0.03897882 0.05485217 0.06949014 0.08864302 0.1565253 0.1640046 0.1767055 0.2012698 0.1910498 0.2555637 0.1865578 0.1935087 0.1578366
0.01762756 0.005553547 0.004639153 0.008335114 0.003490064 0.002544676 0.002737288 0.01720557 0.030783 0.003804442 0.003262152 0.002668209 0.003115254 0.005432714 0.03561228 0.02150305 0.007000589 0.01046257 0.005410742 0.03817299 0.05545065 0.05425536 0.05352952 0.06771538 0.08513509 0.08405703 0.02729975 0.004960872 0.003051888 0.002053775 0.00159778 0.006889793 0.0003801998 0.0002465491 0.0002140731 0.0004447093 0.0004773315 0.0006725937 0.000875388 0.001694373 0.002657179 0.006384851 0.01817762 0.04587253 0.05838602 0.0761472 0.1296036 0.1619879 0.1605443 0.1678953 0.1655959 0.252214 0.1793354 0.1954727 0.1888585 0.2082875
0.01407814 0.004470844 0.003349497 0.005736961 0.003284398 0.005275421 0.004815026 0.0103097 0.008933241 0.004955877 0.002905505 0.000913892 0.0009990216 0.002022758 0.01448495 0.01001749 0.006385503 0.009045786 0.05126103 0.02146523 0.05898863 0.02660596 0.07100812 0.04725056 0.04053905 0.0389339 0.01512227 0.003929113 0.002435859 0.001524942 0.002116603 0.006381899 0.0002570317 0.0001960345 0.0001842989 0.0004345361 0.0005135901 0.000701234 0.002791096 0.008981759 0.01166932 0.01582647 0.02202125 0.05965364 0.08357704 0.1210083 0.1119546 0.1609029 0.1602485 0.2288827 0.234233 0.1935975 0.18849 0.1981121 0.2071631 0.205932
0.0170872 0.008996977 0.001730943 0.004753432 0.004417305 0.005504697 0.002854725 0.004629751 0.002778091 0.002581541 0.002819087 0.0009864256 0.004099853 0.001172062 0.01572829 0.001953872 0.002319335 0.004026297 0.05161234 0.02439921 0.03442611 0.03164458 0.03025609 0.03527868 0.02716716 0.02664126 0.01875488 0.003399506 0.002032402 0.004851572 0.04885699 0.001046021 0.0002473663 0.0001893396 0.0002607055 0.01015566 0.07014102 0.002881257 0.01144468 0.02905643 0.01907792 0.0242746 0.03404915 0.06554037 0.09243121 0.1209817 0.1649941 0.1647331 0.2298542 0.2781647 0.345003 0.247518 0.2591561 0.2624586 0.2445448 0.2597187
0.01397698 0.01806282 0.005735488 0.00390171 0.001677437 0.001526401 0.0009861393 0.004304562 0.003420948 0.002031557 0.000497326 0.00109963 0.001313661 0.00132444 0.001465768 0.001576659 0.001886973 0.004934967 0.03497232 0.03183416 0.03381404 0.03304171 0.05506515 0.0520107 0.03209657 0.01414294 0.004237805 0.001213717 0.0006580366 0.008360384 0.002975445 0.00063155 0.001003607 0.001124606 0.0008911125 0.01357259 0.1823681 0.001996847 0.003369836 0.02934308 0.03447619 0.04128791 0.03901006 0.06492902 0.1000313 0.1359182 0.1731127 0.2401887 0.2942085 0.3430947 0.2535489 0.2726297 0.2811084 0.2658476 0.1961802 0.2779999
0.009801523 0.01248488 0.00344036 0.0008466025 0.001692086 0.002058449 0.0005063476 0.005485974 0.006169809 0.001481276 0.01087652 0.001319779 0.0008992438 0.002331629 0.001293729 0.00488917 0.00156816 0.002131703 0.003019176 0.00556927 0.03132212 0.06034636 0.006699984 0.02171615 0.008520525 0.004556521 0.005286638 0.00096212 0.00189951 0.001317733 0.009334327 0.005471504 0.006256844 0.007797216 0.006159634 0.005457719 0.006895121 0.006618194 0.005630022 0.01790324 0.03848813 0.03386227 0.03628127 0.06660206 0.1084789 0.1671918 0.1905221 0.2955719 0.3458883 0.2312902 0.2688854 0.3409142 0.3018351 0.2456262 0.2047736 0.2289167
0.01047383 0.003426774 0.001768658 0.0006074446 0.001752976 0.003615558 0.0004328049 0.004534755 0.0004427716 0.0004550605 0.000471868 0.001124258 0.0008648094 0.004388143 0.001178568 0.003862677 0.001379894 0.001871126 0.002649171 0.03163882 0.01938747 0.006159789 0.009133417 0.004874151 0.005429794 0.006129271 0.03858038 0.006343389 0.005918537 0.007331099 0.03142836 0.01203821 0.01207408 0.0120011 0.01170595 0.01126271 0.009010568 0.01031705 0.01098039 0.01363121 0.04231304 0.02512152 0.03912114 0.07585368 0.1162705 0.1618811 0.1891113 0.3059943 0.3622068 0.1968109 0.2219045 0.3072015 0.2595256 0.3008347 0.2324543 0.2324167
0.003310574 0.001964916 0.0007954545 0.0005705439 0.004082744 0.001264983 0.004792515 0.007884633 0.01104074 0.0004515727 0.0004669579 0.001861188 0.003738479 0.001723982 0.001117958 0.002723454 0.006294191 0.001690937 0.002321821 0.03371875 0.007679461 0.009184931 0.009801676 0.01085123 0.0118173 0.012638 0.02942548 0.01118591 0.02270901 0.02412515 0.0163551 0.01700048 0.0172424 0.01703529 0.01735375 0.0156384 0.01332851 0.01370422 0.01577695 0.01782328 0.02047308 0.02939776 0.05119638 0.09285207 0.1103358 0.1278591 0.192243 0.3029253 0.1746504 0.1659007 0.1969239 0.2485922 0.259514 0.2948113 0.2232343 0.23125
0.001234086 0.0006726239 0.001111866 0.007654899 0.005984435 0.009750166 0.008366979 0.0005837159 0.0004404178 0.01070334 0.01252511 0.0009481157 0.0004716825 0.0005193942 0.0005971786 0.0006049836 0.002257485 0.004491257 0.01084048 0.009799149 0.01201414 0.01337277 0.01405328 0.01416209 0.0300069 0.01792333 0.01749056 0.01749962 0.02738793 0.02010311 0.02196641 0.02204933 0.0221762 0.02151217 0.020646 0.01968723 0.0169813 0.01683091 0.02402387 0.02062811 0.02269874 0.04883705 0.07482255 0.1088622 0.141648 0.1308633 0.1863144 0.1968878 0.2135626 0.1546031 0.2034374 0.2707083 0.2432917 0.241875 0.1807916 0.2475833
0.0006000131 0.0005192212 0.0008446049 0.01118874 0.003075177 0.008022044 0.0004249648 0.0004317426 0.0004358449 0.0007092071 0.003154102 0.0004504168 0.001218296 0.0005010632 0.0005650456 0.002521663 0.00631638 0.008528098 0.01069 0.01343451 0.01541762 0.01657756 0.0172605 0.01815556 0.01941488 0.02061271 0.02145868 0.02104385 0.02182605 0.02359871 0.0251151 0.02478706 0.02488944 0.02407552 0.02306139 0.0218202 0.02259534 0.01884689 0.02475325 0.02263421 0.036128 0.03201597 0.07215894 0.1271558 0.1353916 0.1567374 0.3188772 0.1975996 0.1774447 0.140058 0.1816725 0.2266666 0.2300833 0.22375 0.149875 0.2590833
0.001014265 0.001133051 0.0004149367 0.0004159227 0.004131082 0.01101508 0.006390187 0.00680185 0.0004324994 0.0006936141 0.0004582546 0.0004465399 0.001066699 0.0005030913 0.0007166999 0.006190827 0.009535352 0.01150937 0.01384472 0.01615631 0.01780534 0.01880148 0.0195133 0.02084744 0.02213739 0.02318754 0.02388774 0.02489541 0.02447271 0.02579075 0.02718491 0.02718979 0.02698695 0.02581483 0.02446221 0.03318417 0.01927379 0.02099597 0.02692115 0.03631213 0.02848053 0.0480623 0.07104505 0.1141543 0.1162676 0.1247842 0.266521 0.1740834 0.1501832 0.1162083 0.1926493 0.2247917 0.1895416 0.1679167 0.1459583 0.200875
0.000593033 0.0007759315 0.0004170838 0.0004166953 0.0004157608 0.0005173413 0.00695821 0.009756453 0.006188045 0.0004502443 0.001348233 0.001080495 0.0004541723 0.0005207488 0.004256869 0.008973158 0.01168839 0.01351968 0.015754 0.01784168 0.01941415 0.02037519 0.02112731 0.02483995 0.02393673 0.02497495 0.02568772 0.02516841 0.02546071 0.02725016 0.02852206 0.02835468 0.0282286 0.02655418 0.02471747 0.02597506 0.01918383 0.01881238 0.01867906 0.02125928 0.03365064 0.02685532 0.05180493 0.1025756 0.1284314 0.1607477 0.1098492 0.1331926 0.1512233 0.1541086 0.1413565 0.1542917 0.1229167 0.1017083 0.1390833 0.1634583
0.005540767 0.0005244893 0.0007151027 0.005582055 0.003943541 0 0.02752653 0.000727644 0 0 0.0003089663 0.002025173 0 0.001315597 0.007326528 0.01172191 0.0138864 0.01546137 0.01762476 0.01924967 0.02076746 0.02174914 0.02276824 0.0267443 0.0262505 0.02751463 0.02828187 0.02707946 0.02718823 0.02886944 0.03004328 0.03045265 0.02957898 0.02668617 0.02722795 0.04702542 0.03579375 0.01310552 0.01223526 0.03239793 0.04113292 0.04107069 0.04048902 0.07053012 0.1596307 0.1612918 0.06177017 0.1021472 0.1509722 0.1855313 0.1846615 0.1700417 0.11925 0.10525 0.159 0.110125
