contrib/geomasonDemos/riftland/DataFiles/RainData/.svn/text-base/102.txt.svn-base
ncols         56
nrows         54
xllcorner     28.264
yllcorner     -5.7719999999999
cellsize      0.25
NODATA_value  -9999
[rows 0 to 25 of 54, columns 0 to 55 of 56]
0.1020023 0.09702665 0.08305439 0.1053612 0.1697167 0.1426922 0.1095818 0.08763015 0.08707856 0.06219937 0.05324062 0.07645777 0.08629243 0.06400252 0.06699326 0.07839814 0.06254034 0.07477321 0.05717108 0.04014914 0.03351149 0.02585707 0.03995678 0.03990478 0.04644285 0.06818333 0.08235755 0.07874167 0.09309166 0.07120832 0.07202501 0.07320835 0.07778334 0.09781667 0.086925 0.08866667 0.08720001 0.064675 0.05676667 0.04643334 0.03633333 0.02395 0.0207 0.03399166 0.030175 0.022575 0.029 0.02958334 0.01953333 0.02218333 0.03173333 0.01579367 0.01564942 0.01549351 0.01788362 0.00571837
0.1064937 0.1597481 0.1324409 0.1417811 0.1458866 0.1592514 0.1137596 0.1079993 0.1175271 0.07226583 0.05339872 0.09157571 0.0969506 0.05622556 0.05260893 0.06064623 0.02915026 0.02680903 0.02238983 0.03219748 0.02843034 0.0261111 0.02734914 0.0396872 0.04048739 0.04485426 0.05270828 0.07316668 0.09953335 0.06551667 0.04704167 0.06655 0.06990001 0.06504165 0.06231667 0.07833333 0.06858333 0.04761667 0.02784166 0.02775833 0.01966667 0.01276667 0.01975 0.03125833 0.02610833 0.021 0.0202 0.02020833 0.01646667 0.01410833 0.01590833 0.01469036 0.01136452 0.01262599 0.006511538 0.001507645
0.1139424 0.1788504 0.2028958 0.1939202 0.1403268 0.1310679 0.1094675 0.09498356 0.08267602 0.07183655 0.05351985 0.07289524 0.09682579 0.07441323 0.08089222 0.05698096 0.01701691 0.01767889 0.02200047 0.03081943 0.02031092 0.02755953 0.0279331 0.06324334 0.04064995 0.03821639 0.07330833 0.08060001 0.05188334 0.04786666 0.04325833 0.03833333 0.05304167 0.06177501 0.05076667 0.06076667 0.05296667 0.04021667 0.02910833 0.022125 0.02429167 0.02214167 0.02611667 0.04313334 0.028725 0.0158 0.0153 0.01186667 0.022975 0.01679166 0.01629167 0.01663996 0.01080431 0.004117281 0.0009724862 0.0009373478
0.1214257 0.1383175 0.1447552 0.1518029 0.1284422 0.1296332 0.1060932 0.09136534 0.1021927 0.08383792 0.05761363 0.05234619 0.07882844 0.09382164 0.06318856 0.04158715 0.02082289 0.01363985 0.02563466 0.03344287 0.02561908 0.02941674 0.02951243 0.05232415 0.03786969 0.03590034 0.05977402 0.05109986 0.03666234 0.05043917 0.04318394 0.03363658 0.04473778 0.05441453 0.04787191 0.04273482 0.0499538 0.04292596 0.03142763 0.03940447 0.03383992 0.03850967 0.06179126 0.05269168 0.02718333 0.01018333 0.00545 0.009241667 0.01603333 0.01385833 0.01344167 0.01203435 0.009032987 0.002413152 0.001184275 0.001591423
0.1633813 0.123302 0.1620364 0.1412889 0.1150146 0.09956311 0.1091615 0.1149218 0.1201749 0.08853342 0.07196192 0.04307555 0.0454912 0.04967108 0.04351188 0.04450496 0.0231198 0.02461981 0.02501825 0.02964194 0.03344755 0.02547565 0.02482103 0.0314573 0.02285289 0.02531684 0.02011835 0.01996437 0.02213148 0.02424482 0.03154263 0.03712033 0.05493335 0.06004896 0.03993056 0.03409847 0.03978271 0.03786133 0.02247977 0.02332116 0.03217925 0.04811018 0.07698229 0.07218333 0.02481667 0.006200001 0.008266667 0.007116667 0.01068333 0.008308331 0.01219167 0.008289098 0.006337548 0.0007458151 0.0004374702 0.000455393
0.2090864 0.1585541 0.1567421 0.1421093 0.1105191 0.08135785 0.09366832 0.1029861 0.08982946 0.1122143 0.09745733 0.06206103 0.04441324 0.04487518 0.05905837 0.04037497 0.03914266 0.039094 0.03036896 0.03444165 0.03357662 0.03548018 0.02686771 0.0241064 0.02065571 0.02120809 0.0161471 0.02358204 0.03577033 0.02068407 0.03347439 0.04214187 0.04278477 0.04972127 0.0187255 0.0208397 0.03207045 0.0243023 0.02296617 0.0290788 0.03692298 0.04746421 0.05183677 0.06064167 0.01719167 0.009191666 0.008216667 0.005175 0.007758334 0.005341667 0.0037 0.00222747 0.001353215 0.0004217812 0.0004427322 0.0004540219
0.1883636 0.1711303 0.1493371 0.1046922 0.09779733 0.08036705 0.09585444 0.1281131 0.1062166 0.0966133 0.05747397 0.0574215 0.0582373 0.04857469 0.06434204 0.04796055 0.04518099 0.03840842 0.04753054 0.03879451 0.03187921 0.03083657 0.02929743 0.02593596 0.01900006 0.01684673 0.01126785 0.02664011 0.03312702 0.02378114 0.02193525 0.03266978 0.03617669 0.03310569 0.01259586 0.01632745 0.023855 0.01798751 0.02377198 0.02788967 0.029161 0.02851126 0.02379391 0.01694167 0.009758334 0.00955 0.004125 0.004475 0.004025 0.00275 0.001983333 0.001829079 0.000909636 0.0005309503 0.0004388989 0.000450595
0.1848171 0.2129662 0.1615279 0.1315265 0.1062168 0.104048 0.09870531 0.1556791 0.1469785 0.09341809 0.05693923 0.05988453 0.06757706 0.04786451 0.06529781 0.07507453 0.05731481 0.05034985 0.06259415 0.0424611 0.04371602 0.05471798 0.04089289 0.02929671 0.02047773 0.01858571 0.01831595 0.03014333 0.03817481 0.02582719 0.02043017 0.01726293 0.02332565 0.02377894 0.01556314 0.01554442 0.01680774 0.01421562 0.01930007 0.01384294 0.01080293 0.009300195 0.01051003 0.009989701 0.009858975 0.004844515 0.002066164 0.001517203 0.001222251 0.0004970662 0.0004135167 0.0009916666 0.000475 0.0009916666 0 0
0.1651541 0.1707165 0.1948391 0.2202762 0.1884623 0.1772136 0.1108253 0.125611 0.1347426 0.07509127 0.1183637 0.08082876 0.08813569 0.05369185 0.05098392 0.04554524 0.04919648 0.05233457 0.04659086 0.04024775 0.04138055 0.04002996 0.03714726 0.03239752 0.02836167 0.02392401 0.0212807 0.02858578 0.03936996 0.01720218 0.009287762 0.01108359 0.01095538 0.01881821 0.01774189 0.01643344 0.01604085 0.01312934 0.009399612 0.005906562 0.005651392 0.00604706 0.006452901 0.007852252 0.007051708 0.001396575 5.458839e-006 1.443728e-005 1.910016e-005 0.0003307711 9.091239e-005 0.0002416667 8.333333e-006 0.0009916666 0 0
0.1440725 0.1799681 0.1493615 0.1697175 0.1959419 0.1773474 0.1268889 0.1361877 0.1337181 0.07578878 0.0815805 0.04790004 0.06333813 0.05195491 0.07698974 0.0447715 0.04540443 0.03977073 0.04126033 0.04627679 0.04632032 0.04548721 0.03304487 0.05922321 0.02228021 0.01757519 0.03155769 0.03507336 0.03307746 0.01848471 0.00509725 0.002487547 0.0100937 0.01467787 0.0131123 0.01174908 0.01222712 0.01132713 0.007648152 0.002681302 0.003442866 0.001469946 0.001136996 0.0009949338 5.820401e-007 1.986604e-006 2.022624e-005 1.290149e-005 1.764136e-005 1.861552e-005 0.000445964 0.0003166667 0 0 0 0
0.1560781 0.1369841 0.1619515 0.2100806 0.1603859 0.142198 0.1268185 0.1088617 0.1230772 0.06778958 0.06348909 0.05868371 0.03112984 0.06470685 0.06409902 0.04681258 0.03526005 0.04025335 0.02988869 0.05420367 0.03205296 0.0452183 0.02970642 0.02168961 0.01672501 0.0139357 0.01316598 0.03126939 0.02249056 0.01360331 0.003409939 0.001213415 0.003651658 0.003697827 0.004462061 0.004479254 0.004234299 0.003139335 0.004454228 0.0007666435 0.001010613 0 0 2.976852e-007 4.147928e-007 1.415912e-006 3.281232e-006 9.204519e-006 1.256154e-005 1.358464e-005 0.0001840408 0 0 0 0 0
0.1521446 0.1329026 0.2313162 0.2210233 0.1922639 0.1856657 0.1526137 0.1090916 0.1078108 0.1214888 0.1058273 0.08482835 0.05051689 0.04114915 0.04040197 0.04751125 0.05990404 0.07146978 0.04488003 0.04596454 0.04392893 0.03612841 0.01897616 0.01758795 0.01706569 0.01026587 0.01118382 0.01965656 0.0250154 0.01688461 0.004460633 0.001283053 0.002674559 0.001602915 0.0003889388 0.001899654 0.001504401 0.0003133746 2.084767e-005 0 0 0 0 0 0 0 0 0 0 0 0 7.003458e-006 6.735743e-006 1.615675e-005 2.237085e-005 5.351727e-005
0.1387813 0.1046053 0.1372835 0.1230905 0.1157311 0.1451745 0.1357933 0.1139155 0.1032349 0.1159247 0.1046733 0.07007316 0.07665288 0.06231462 0.05405334 0.05351564 0.08405908 0.08136595 0.05250626 0.04354516 0.04485207 0.03576756 0.01332856 0.01026873 0.003318858 0.003185718 0.009461174 0.01419748 0.0236885 0.01327015 0.007305024 0.002213282 0.002580044 0.0008032985 0.0009087587 0.0008035391 0 0 3.474922e-005 0.000125289 0 0 0 0 0 0 0.0002135177 0 0 0 0 4.730795e-006 5.545607e-006 1.247705e-005 2.10881e-005 5.59322e-005
0.1559336 0.09853615 0.09750996 0.1048459 0.1155845 0.1315298 0.09849828 0.0916684 0.08816758 0.09321949 0.08657382 0.08004297 0.07785087 0.06462122 0.07492086 0.0897501 0.09587184 0.0812349 0.04736659 0.05214621 0.04472861 0.03614602 0.01502903 0.01186571 0.004836446 0.007024428 0.0152962 0.02572935 0.01953027 0.009146012 0.001668025 0.003000206 0.00130617 0.0006229369 0.0003010042 0 0 0 0 0 0 0 0 0 0 0 0 0 0 0 0 3.100394e-006 4.328599e-006 9.329897e-006 1.808339e-005 6.871171e-005
0.1030242 0.1027108 0.1128955 0.129488 0.1212054 0.08082936 0.06229159 0.07287239 0.09682908 0.08012318 0.1021664 0.104605 0.07465687 0.07159323 0.06515717 0.0690239 0.07529604 0.09025081 0.06082544 0.06504413 0.03093215 0.03022616 0.0200298 0.01448673 0.01159425 0.01263952 0.01153329 0.01940794 0.005427307 0.001910205 0.000748852 0.002199498 0.001223712 5.194874e-005 3.716617e-005 0 0 0 6.956967e-006 0.0001043993 0 0 0 0 0 0 0 0 0 1.113541e-005 0 2.204816e-006 3.08585e-006 6.725167e-006 1.316655e-005 3.697481e-005
0.09164912 0.07072598 0.1227251 0.114991 0.1008784 0.0812669 0.09332307 0.06713997 0.07008597 0.0709074 0.109867 0.09605405 0.1044778 0.07999816 0.07203368 0.08321895 0.06910118 0.1097563 0.06541958 0.05267433 0.0423249 0.04487374 0.02654571 0.02528081 0.01221719 0.01699978 0.005854981 0.002215186 0.0007443507 0.0002904409 0.0001709244 0.002310736 0.0003639972 6.727636e-005 4.808492e-005 0 0 0 0 0 0 0 0 0 3.434161e-005 0 0 0 0 0 0 0 0 0 0 3.63237e-006
0.09443627 0.07836647 0.09327 0.1030237 0.08637147 0.09659321 0.1031415 0.09127621 0.07516981 0.05296651 0.06170784 0.08619733 0.07957715 0.07545044 0.07407898 0.09481664 0.07296598 0.05310095 0.05494428 0.04844551 0.03441569 0.04440574 0.04565766 0.04346121 0.01907761 0.0116008 0.006059439 0.00348924 0.0004141418 0.000642432 0.0002603408 0.0004192831 0.0002470057 0.0003318685 4.949347e-005 0 0 0 0 0 0 0 1.630615e-005 0 1.054093e-005 1.160071e-005 0 0 0 0 0 0 0 0.0006150215 0 0.0004929138
0.1115766 0.1373677 0.1183895 0.1306017 0.1058174 0.1085317 0.115418 0.1068216 0.0824501 0.04422845 0.05445718 0.09202351 0.08557517 0.06914371 0.08048946 0.06927604 0.06333797 0.04297921 0.05089808 0.05990453 0.04385807 0.04166134 0.08203171 0.03134029 0.01495308 0.0107548 0.006243947 0.005490162 0.00112504 0.0004455972 0.0003556687 0.001042503 0.000800597 0.0001327053 9.528921e-005 0 0 0 0 0 0 0 0 0 0 1.487008e-005 0 0 0 0 0 0 0 0 0 0.0005636421
0.1307966 0.1468788 0.1056484 0.1260917 0.1561001 0.1134094 0.1232866 0.09365669 0.04414541 0.04038328 0.04773505 0.04331465 0.05996695 0.0609686 0.08611901 0.0974886 0.05212308 0.04982734 0.06348645 0.06607779 0.06346224 0.05991783 0.08329739 0.02666574 0.02672188 0.02760671 0.01551512 0.007868553 0.001536222 0.001117515 0.0008608978 0.00180257 0.004675599 0.0002573146 0.000185077 0 0 0 0 0 0 0 0 0 0 0 0 0 0.0003403759 0 0 0 0 0 0.0002364178 0.0004103959
0.1014063 0.1331468 0.118493 0.1371853 0.1328379 0.1206839 0.117048 0.07675935 0.05697225 0.05309614 0.0377414 0.03817907 0.05268657 0.03623299 0.037191 0.06114915 0.04983845 0.05199939 0.06092922 0.07685744 0.05944866 0.07099158 0.09124594 0.04544653 0.04083502 0.03316772 0.01487178 0.007544046 0.004881082 0.003966687 0.003344764 0.002132395 0.001733061 0.000441117 0.0003166879 5.815975e-006 0.000672949 5.330395e-008 4.166798e-008 4.212614e-008 2.569894e-008 2.189659e-005 1.286511e-005 0 0 0 0.0001645383 0.00295649 0.00321434 8.16194e-007 1.680312e-006 1.142331e-006 1.526809e-006 0.001754208 0.01123942 0.01796783
0.1251865 0.1323585 0.1061259 0.117507 0.1174281 0.08662037 0.0744491 0.06424804 0.04812318 0.06628376 0.02874021 0.03947818 0.07347762 0.02692891 0.02819374 0.05626352 0.05268122 0.0605154 0.05868137 0.08385028 0.06848263 0.0879922 0.06252246 0.04502004 0.03699382 0.02619032 0.0111087 0.01331566 0.005786255 0.005686346 0.005017288 0.001479379 0.001113539 0.002903917 0.000591657 7.721152e-006 2.632788e-006 1.028131e-005 5.833513e-008 5.897655e-008 3.59785e-008 2.14375e-008 1.53161e-008 0 0.0001069954 3.001272e-005 0 0.002203198 4.71228e-007 1.145987e-006 2.35239e-006 1.599144e-006 0.001838991 0.01623538 0.01329695 0.007697416
0.1071687 0.08907767 0.08433298 0.08694093 0.08173689 0.0848638 0.05663218 0.0709408 0.07785443 0.03411164 0.01697842 0.02328469 0.02198735 0.0303932 0.04036229 0.05723871 0.0517033 0.06277319 0.04765551 0.07357903 0.08371481 0.06178875 0.05812508 0.06441617 0.07289222 0.06996844 0.02820898 0.02708016 0.007654248 0.007093366 0.005891046 0.002602596 0.001921241 0.002942025 0.001214696 1.969112e-005 7.783656e-006 1.753348e-006 1.575915e-006 1.961404e-006 1.709463e-006 1.425735e-006 1.105956e-006 0 0 0 0 2.665128e-006 2.88361e-006 4.829686e-006 0.0002181332 0.001259659 0.001882741 0.002938723 0.002760024 0.003133879
0.121228 0.1197812 0.06783959 0.05613706 0.05646082 0.07395202 0.03010764 0.02837385 0.04349313 0.02175533 0.0137751 0.01750278 0.02323624 0.03124162 0.04551188 0.05332709 0.04223983 0.04438187 0.04507377 0.06856881 0.08908948 0.07615264 0.06850756 0.08803252 0.09052047 0.09431871 0.05143178 0.05642708 0.01045976 0.009381698 0.008154362 0.004390564 0.003563825 0.003171107 0.002802124 5.471932e-005 1.743796e-005 5.081987e-006 4.582649e-006 5.748864e-006 5.045839e-006 0.0002423488 3.282774e-006 0 0 0.00102605 0.001736013 0.002326648 0.002382009 0.002902919 0.003462489 0.005984982 0.006522994 0.007041945 0.007382655 0.007899946
0.06386136 0.07901087 0.07431228 0.03866503 0.05061898 0.0402386 0.03141136 0.01706232 0.01772893 0.02639753 0.02752928 0.02214703 0.02469989 0.0399298 0.0373575 0.05361537 0.04124797 0.04796033 0.06317733 0.05452304 0.05837085 0.09507392 0.1141516 0.08516835 0.08932907 0.09996235 0.08642507 0.09931805 0.03570551 0.02391624 0.0159674 0.009820899 0.008882467 0.01010299 0.009267963 0.001699243 0.0007068965 0.0002170681 0.0002142561 0.0003927923 0.002139468 0.0002906148 0.0002269035 0.0002209162 0.002983727 0.004490945 0.005150519 0.00566817 0.005580022 0.006083342 0.006627758 0.01123203 0.01397256 0.01293737 0.01246712 0.02906957
0.03911546 0.08535102 0.04319701 0.03644892 0.04811135 0.04455248 0.02260458 0.01767565 0.01424186 0.1056448 0.04618319 0.0123519 0.01584739 0.03907151 0.02900463 0.02841036 0.02622648 0.04276989 0.05580266 0.05702095 0.0695347 0.08754487 0.1023876 0.1170325 0.1143698 0.1089234 0.120904 0.09949754 0.0668209 0.05143205 0.04572422 0.0224915 0.01611385 0.02781714 0.02159409 0.005964702 0.001808497 0.002358535 0.002139794 0.0005475861 0.0004829517 0.000405918 0.0003163072 0.002911842 0.005791649 0.007292822 0.007934318 0.008376115 0.008551192 0.008662927 0.009193569 0.01405846 0.01585694 0.01676194 0.02230431 0.02767104
0.03350006 0.08344064 0.03202496 0.03806128 0.04365887 0.05080179 0.03654969 0.02604151 0.0116675 0.01712135 0.02103996 0.01238074 0.02706669 0.02583061 0.0190125 0.03391286 0.03985366 0.04409138 0.05060561 0.05384995 0.04143946 0.05870778 0.08726146 0.1030481 0.1553803 0.1403074 0.1475562 0.1531178 0.1311558 0.09549922 0.06189206 0.05229201 0.04689591 0.05908787 0.02975231 0.009672826 0.006005081 0.0005156852 0.00141093 0.0009397626 0.0008347854 0.000786889 0.001318725 0.005100346 0.0078246 0.00930897 0.01102113 0.01466277 0.01012582 0.01070944 0.0122473 0.03398185 0.02322168 0.08455542 0.1162069 0.03579604
