contrib/geomasonDemos/riftland/DataFiles/RainData/.svn/text-base/114.txt.svn-base
ncols         56
nrows         54
xllcorner     28.264
yllcorner     -5.7719999999999
cellsize      0.25
NODATA_value  -9999
[rows 26 to 51 of 54, columns 0 to 55 of 56]
0.2350304 0.2295553 0.232068 0.2112654 0.2236678 0.2267488 0.1335692 0.04829975 0.04215585 0.09083683 0.1428467 0.1558725 0.1203768 0.1077257 0.09713759 0.09122851 0.09762878 0.1214588 0.1165921 0.1440622 0.1810846 0.1918642 0.1285061 0.1105702 0.1265664 0.1132475 0.1169728 0.1388179 0.1464033 0.179296 0.1670558 0.1186523 0.09896451 0.09145844 0.0610218 0.02466002 0.01518063 0.01178959 0.01096343 0.01121908 0.0102936 0.008991115 0.007250122 0.002629673 0.00266363 0.002096236 0.001498788 0.0008846349 0.00246265 0.003691541 0.00270007 0.0009688338 0.02260419 0.005272108 0.004174996 0.006537543
0.203306 0.2317732 0.1960919 0.2309555 0.2264411 0.1727036 0.132228 0.07576329 0.1151892 0.1783761 0.2410739 0.2056125 0.161882 0.1191059 0.15243 0.1605401 0.1740487 0.1652799 0.2053335 0.2045193 0.2259734 0.2272956 0.1767246 0.1227448 0.1138525 0.1088246 0.10675 0.1105136 0.1341429 0.164811 0.1311768 0.1208279 0.111165 0.079055 0.07126186 0.04461095 0.03209005 0.0235225 0.02017905 0.01501639 0.01369014 0.01197364 0.009978659 0.00489146 0.003354694 0.002638971 0.00237433 0.00223952 0.007441678 0.006541573 0.01072039 0.02707863 0.02435361 0.01464024 0.007413122 0.02896662
0.2456706 0.2287705 0.2318723 0.1992432 0.2024651 0.1473636 0.1197495 0.1118865 0.1381702 0.1511329 0.1847753 0.1759758 0.1464083 0.1061227 0.09974048 0.1293696 0.1780724 0.1798052 0.1937283 0.1639099 0.1716306 0.1307955 0.1353133 0.1504615 0.1680625 0.1717738 0.1680681 0.1436896 0.1445563 0.148917 0.1372884 0.1332717 0.1092261 0.105644 0.07345722 0.05038099 0.04041544 0.02914752 0.02367233 0.0171834 0.01560807 0.01363775 0.01144275 0.005811889 0.004136617 0.003082311 0.003445179 0.002324712 0.002299371 0.00417507 0.03111333 0.01865898 0.01794115 0.0114134 0.02496374 0.07715287
0.234825 0.2210926 0.2043965 0.2103601 0.1762596 0.1154283 0.1038463 0.1318691 0.1402751 0.1304641 0.1451097 0.08563834 0.1320548 0.08340993 0.08480823 0.1140691 0.1067256 0.08863163 0.09723283 0.106095 0.1065379 0.0598144 0.07252535 0.1260367 0.1719805 0.169621 0.1551844 0.1399344 0.1320128 0.1709777 0.1672655 0.1518192 0.1328689 0.1133416 0.09000303 0.06381985 0.04731746 0.03032197 0.03076905 0.01816906 0.0162249 0.01412886 0.02957755 0.01242081 0.00448337 0.003731628 0.004281846 0.004674575 0.003904392 0.005083729 0.01152508 0.02105049 0.03313042 0.02606681 0.06111095 0.05484939
0.1855699 0.1520784 0.2093477 0.1638115 0.1186978 0.05816547 0.0924442 0.09852118 0.1266259 0.1120307 0.06746396 0.07138556 0.0773514 0.05911912 0.07301527 0.1003097 0.09921361 0.09194382 0.08906665 0.1196097 0.1506647 0.09011012 0.101162 0.1187104 0.1089343 0.1512344 0.1429684 0.1380565 0.1383451 0.1684265 0.1569579 0.144056 0.1459283 0.1230327 0.09919957 0.07478781 0.05135284 0.03162592 0.02629183 0.01901537 0.01553559 0.01480365 0.02452557 0.009766536 0.004763742 0.004464641 0.006022961 0.00628711 0.007253253 0.009848657 0.02585369 0.01882758 0.02189556 0.0704198 0.06200088 0.07546034
0.2901019 0.2263016 0.2222347 0.1583894 0.0743832 0.06479062 0.1280703 0.1468212 0.1810313 0.1496662 0.1019742 0.1186111 0.09217029 0.08181929 0.1049187 0.1511419 0.1685179 0.203739 0.1978338 0.1649603 0.1220638 0.1286276 0.135774 0.1247135 0.1180499 0.1257541 0.1252426 0.1276631 0.1316853 0.1392201 0.1437149 0.1327779 0.1342231 0.1205832 0.09028696 0.07583407 0.0534591 0.02842899 0.02269452 0.01548618 0.01363311 0.01813425 0.01793481 0.006552515 0.004391901 0.004509911 0.00813423 0.02948013 0.0267514 0.05147461 0.03682355 0.05274554 0.09162056 0.129869 0.1051791 0.05201485
0.23934 0.2192468 0.1488306 0.1064556 0.08105768 0.1049391 0.1727201 0.1715662 0.121118 0.1130671 0.07392126 0.08002207 0.0871755 0.09842947 0.1241896 0.1975963 0.2208322 0.2900747 0.2829121 0.2407643 0.1874266 0.1640797 0.1273497 0.141208 0.1822596 0.2100579 0.1808124 0.1593012 0.137092 0.1249133 0.1174726 0.1219948 0.1104392 0.1045498 0.07464775 0.05106657 0.03731928 0.02502059 0.02227143 0.01503193 0.01812285 0.0168183 0.01194511 0.005496165 0.006710345 0.005479389 0.009275996 0.02062742 0.02438981 0.03641369 0.0324005 0.06319543 0.06953063 0.09199577 0.08753101 0.04972111
0.1985987 0.1697093 0.1212944 0.1434662 0.1107619 0.0886336 0.1053773 0.1246607 0.04184058 0.02819285 0.04080753 0.07349095 0.09612673 0.104505 0.1943675 0.2244049 0.316866 0.3603008 0.3157825 0.2722465 0.2974741 0.2038661 0.1689324 0.1449464 0.1694781 0.2164717 0.1550876 0.1265788 0.1433372 0.1220858 0.1092007 0.1099044 0.1067124 0.1139951 0.07679649 0.05330336 0.03303581 0.02483491 0.02220572 0.01764219 0.01446625 0.01520789 0.02000104 0.006290456 0.005985663 0.007631241 0.01108028 0.02259928 0.03439493 0.03141543 0.04383399 0.0856156 0.1152795 0.07913133 0.07887498 0.07349408
0.3010964 0.166405 0.125659 0.1601342 0.1488357 0.1863826 0.1534016 0.05495326 0.03432086 0.02713384 0.02426862 0.09341452 0.1245243 0.1264086 0.1824743 0.2879658 0.3262535 0.3795757 0.3156424 0.2836518 0.2285561 0.1525352 0.1126182 0.10989 0.1365154 0.1685365 0.1500292 0.144999 0.1572396 0.107988 0.09482527 0.1058656 0.1007915 0.09322308 0.0680823 0.04337859 0.03136477 0.02606173 0.02236383 0.01523411 0.01437792 0.01251684 0.01277136 0.007742943 0.00827701 0.01156576 0.01685277 0.03763745 0.03537222 0.03015007 0.04054314 0.05692664 0.1006037 0.09973991 0.1175217 0.1114056
0.4116614 0.2236679 0.1381955 0.1349855 0.1195043 0.1261102 0.1132124 0.07467213 0.0382301 0.03129303 0.03329002 0.1038981 0.115736 0.1537339 0.2266514 0.2578469 0.2768563 0.334765 0.326526 0.2763648 0.2032107 0.1081844 0.04872945 0.07938266 0.1035806 0.1183058 0.1435366 0.1822164 0.1112331 0.0692116 0.06795101 0.1063393 0.08170467 0.07069898 0.06768219 0.01976804 0.01403169 0.0119967 0.008698442 0.008348625 0.006418061 0.004440211 0.005248463 0.01155422 0.007397002 0.01108993 0.01847728 0.04704021 0.04939089 0.05220259 0.0600049 0.09151465 0.1065046 0.1294537 0.1762511 0.2105531
0.3321683 0.1364144 0.08875193 0.101198 0.1245994 0.08660896 0.1089056 0.06228503 0.05625594 0.04411316 0.07214285 0.1215041 0.1178095 0.1756918 0.2325244 0.2303754 0.20782 0.2078399 0.2360123 0.1961135 0.1286421 0.07365993 0.04959998 0.06055284 0.07001965 0.09848527 0.1381971 0.1368443 0.1091541 0.05697176 0.03854117 0.05458793 0.057222 0.05152749 0.07847579 0.01736988 0.01514226 0.01255725 0.01029514 0.005425125 0.004200402 0.006393115 0.009484503 0.01697177 0.01497904 0.01474562 0.02253514 0.04118994 0.0536654 0.06537181 0.06676608 0.1147876 0.08534341 0.1258243 0.1208061 0.1334425
0.1749136 0.1148517 0.0602115 0.05008921 0.09271017 0.09189742 0.1042816 0.05701504 0.05441433 0.06081109 0.08330743 0.1211926 0.1201589 0.1424797 0.2009885 0.2141995 0.2205373 0.2485851 0.2309853 0.1436769 0.06898967 0.05903285 0.07269869 0.05512347 0.09154204 0.1432208 0.1170948 0.09486494 0.1239981 0.06424171 0.03027947 0.03184294 0.04019107 0.03496957 0.02828903 0.01673168 0.0144523 0.009987284 0.009131613 0.00520574 0.009501413 0.006796948 0.008545174 0.04232071 0.02656778 0.04124472 0.05058271 0.0484818 0.06935068 0.0793504 0.08539505 0.1296889 0.09735145 0.0966417 0.1376783 0.07280559
0.1569678 0.128552 0.07779609 0.1035193 0.07416783 0.09358198 0.1034796 0.05504757 0.05716832 0.07886291 0.08120991 0.1171091 0.1243869 0.135068 0.1987654 0.1808008 0.194157 0.2382913 0.2011847 0.1188821 0.08046429 0.05217003 0.05669545 0.05785925 0.09440755 0.1219012 0.1127462 0.1089879 0.07798211 0.04934878 0.03128086 0.03294483 0.0389164 0.03265015 0.02494403 0.01606643 0.01532219 0.01139674 0.008997776 0.006491303 0.01023413 0.01456878 0.0142923 0.03009291 0.03954177 0.04523416 0.05111042 0.06310084 0.09927793 0.1033949 0.1201372 0.1160868 0.1505361 0.1256216 0.1124929 0.08828194
0.1522213 0.09881735 0.08332106 0.1024533 0.08231385 0.1086362 0.1172381 0.09620276 0.07008211 0.04894328 0.07128391 0.09526289 0.1019936 0.09257323 0.1418759 0.1942193 0.2024589 0.1932311 0.1505864 0.1208648 0.0855573 0.05337083 0.05875297 0.07869083 0.09649025 0.09294092 0.06278265 0.06131821 0.03843576 0.02095229 0.02907816 0.04361681 0.03236656 0.02600923 0.02438244 0.01741757 0.0156566 0.01262022 0.01217786 0.01603795 0.01319396 0.02781842 0.03447848 0.03552428 0.06098849 0.0448067 0.07655245 0.09853327 0.1271584 0.1188056 0.1309625 0.1272026 0.1866665 0.1494456 0.144366 0.1122148
0.1642496 0.08126987 0.05015643 0.04705464 0.05262529 0.06044053 0.05456138 0.0663387 0.09609127 0.06510872 0.0535095 0.06897011 0.09210505 0.1034087 0.1698384 0.1532146 0.1492058 0.1586221 0.1009936 0.07959018 0.09137924 0.09998866 0.1218807 0.116722 0.069721 0.0845608 0.06654938 0.04066514 0.02069004 0.01843527 0.01735805 0.02702336 0.02315126 0.01762648 0.01945434 0.01807079 0.01188432 0.01103886 0.01068376 0.02386972 0.02757368 0.01417608 0.02905824 0.04790165 0.08129851 0.0569142 0.1023019 0.1030278 0.121237 0.1069693 0.1405897 0.1529827 0.1219609 0.130713 0.1475408 0.1365683
0.1075229 0.105267 0.05138377 0.04428748 0.05562881 0.05757086 0.06673604 0.06342421 0.08371063 0.08176134 0.07779983 0.09852807 0.09575965 0.1442329 0.09784386 0.1219715 0.1358245 0.120335 0.09185153 0.0650774 0.1188527 0.1256973 0.1094325 0.1056509 0.1077618 0.1212318 0.09343097 0.04176126 0.02389228 0.01273443 0.009924305 0.01581455 0.01662404 0.0140652 0.01322757 0.01210543 0.01179437 0.01228882 0.01149516 0.01989665 0.023057 0.01481006 0.01785431 0.05076886 0.07234422 0.07890353 0.101095 0.1678121 0.1080346 0.1163361 0.1891602 0.1705316 0.1188667 0.1185854 0.1585651 0.1278765
0.1243103 0.08365212 0.05088348 0.04248561 0.06613377 0.07304639 0.03974636 0.05235343 0.09977435 0.07845603 0.06867701 0.09398477 0.1053032 0.1235252 0.1299403 0.1053047 0.1093708 0.09725294 0.1009148 0.08588497 0.06848207 0.07878755 0.08565424 0.07608104 0.1056255 0.07391866 0.05953564 0.03213516 0.009368408 0.009357274 0.02577009 0.01310452 0.0125991 0.01284568 0.0116646 0.01872319 0.05870584 0.01197621 0.01043701 0.0217369 0.02840052 0.01794455 0.02269444 0.04725973 0.06903341 0.0686886 0.1517956 0.2178356 0.2092533 0.1722037 0.2347316 0.1543901 0.121076 0.1250311 0.1274169 0.120557
0.1377129 0.09800977 0.04505474 0.03943774 0.03394331 0.06128911 0.0366035 0.03965909 0.06978642 0.09210132 0.1021154 0.08563649 0.08007556 0.08347803 0.08387646 0.1396296 0.1096013 0.08752146 0.07844221 0.05965887 0.05244289 0.08327472 0.08884028 0.0737775 0.06928154 0.06226905 0.02405335 0.01125595 0.00981066 0.01146426 0.02116959 0.01352002 0.01353082 0.01658431 0.01372705 0.01382411 0.04144484 0.01230697 0.01268586 0.01831139 0.01200008 0.01913554 0.02356777 0.05742456 0.08236077 0.1033667 0.1628633 0.202237 0.1860431 0.2252215 0.1718543 0.1406454 0.1175164 0.1017957 0.1280787 0.1475417
0.1091627 0.08959531 0.05919229 0.04812471 0.03248042 0.04819229 0.06624777 0.06305306 0.09245549 0.1098811 0.1229414 0.1037373 0.05202215 0.035787 0.07296014 0.07444412 0.1097825 0.06626441 0.06187133 0.05035057 0.04818125 0.06941582 0.07634144 0.08921581 0.07742848 0.02100052 0.01641528 0.0107869 0.01259534 0.01267548 0.01166866 0.01317368 0.01221648 0.012639 0.01203204 0.01161862 0.01238308 0.01211402 0.0129709 0.01169768 0.01759792 0.03303542 0.05572144 0.08749127 0.09502453 0.1315857 0.1724603 0.2128076 0.230138 0.1493112 0.1641204 0.1356096 0.1348674 0.1009657 0.144664 0.1372083
0.1222213 0.08524416 0.04476008 0.02358633 0.02237472 0.04156681 0.04438923 0.03972171 0.03812113 0.0611132 0.07461403 0.0458179 0.03130317 0.02521827 0.05818764 0.04099171 0.05321666 0.04007998 0.03686407 0.03104889 0.03934506 0.05786031 0.04388781 0.03621401 0.02757582 0.01844633 0.01451395 0.01452053 0.01477676 0.009801519 0.01354361 0.01174281 0.01122784 0.01125976 0.01151527 0.01144294 0.01141851 0.01266819 0.01448069 0.02049548 0.02621234 0.04056446 0.06130949 0.0899722 0.1057536 0.1704978 0.1595061 0.1713154 0.2096847 0.1730051 0.1434666 0.1066239 0.1215537 0.143153 0.13464 0.1259167
0.08964278 0.0487201 0.0283542 0.02257661 0.02518381 0.02250521 0.03670141 0.03788576 0.04443629 0.03943394 0.02259259 0.02862876 0.05889669 0.04281221 0.03772405 0.04400996 0.0456399 0.01646934 0.03414863 0.04044406 0.02799599 0.03235389 0.01614449 0.01564475 0.01831751 0.01989084 0.02045856 0.0225347 0.01407157 0.006508325 0.007115164 0.01020269 0.01056787 0.0108953 0.01088052 0.01114779 0.01130409 0.01288821 0.01569319 0.03930556 0.02916648 0.05812638 0.05955493 0.08263157 0.1009138 0.1561367 0.1365265 0.1707814 0.1475795 0.1506214 0.146368 0.09226067 0.1004286 0.1279831 0.1161266 0.1640833
0.02511494 0.04125753 0.05182554 0.02171353 0.01286777 0.01716831 0.05248785 0.04077936 0.05784486 0.03390355 0.0282321 0.02812679 0.06752599 0.06079905 0.033331 0.03765495 0.02772634 0.03997067 0.06242593 0.06329384 0.02456562 0.02276731 0.01782134 0.01161566 0.01371253 0.0178238 0.02022929 0.01387788 0.005314504 0.003486302 0.003581203 0.006158628 0.006868006 0.005868229 0.006130422 0.005605275 0.006038689 0.008565803 0.01069537 0.01524276 0.0313559 0.05310343 0.0783856 0.09012704 0.09317285 0.1595007 0.1668534 0.1728089 0.1550191 0.1523461 0.1508474 0.06095833 0.055125 0.09270833 0.06475 0.135125
0.04049728 0.03310117 0.04912136 0.03202048 0.01318692 0.016147 0.04456726 0.04180958 0.04501837 0.05118685 0.04623552 0.05882271 0.08086491 0.05168508 0.02618331 0.02709547 0.05290205 0.06240957 0.03546286 0.05342009 0.03911998 0.02594213 0.02310312 0.00553638 0.005081018 0.007328952 0.00554085 0.01112485 0.002937251 0.002791868 0.006785854 0.005680592 0.01543788 0.01667066 0.01876347 0.005490166 0.00641792 0.008150333 0.009793824 0.01424006 0.01754435 0.0218526 0.0743515 0.07287309 0.1085498 0.1845749 0.2185584 0.1534789 0.1582686 0.1629925 0.1594811 0.08958333 0.05779166 0.0825 0.07908332 0.106375
0.06737904 0.03342723 0.01585243 0.03143395 0.02112549 0.02430827 0.0281101 0.03342663 0.06442258 0.07720201 0.05572068 0.08090451 0.08699857 0.08845579 0.07215835 0.06212371 0.08119323 0.06484248 0.0224764 0.0279691 0.03030715 0.02035017 0.0154036 0.004305678 0.006223004 0.009457386 0.003096239 0.00912292 0.009229142 0.00528444 0.01186692 0.01811259 0.01616737 0.01737267 0.0201567 0.01197771 0.01216357 0.00986703 0.009468667 0.01477736 0.01696669 0.02008952 0.03416437 0.06991432 0.09226155 0.1010208 0.1248431 0.1432722 0.1502438 0.1441253 0.1278962 0.09525001 0.068125 0.09325001 0.1071666 0.1215
0.02709914 0.02717754 0.02931047 0.06053382 0.02502356 0.03922829 0.03393906 0.03466104 0.04267719 0.05489744 0.06430575 0.08599782 0.08680409 0.1299841 0.09799058 0.04204149 0.03350771 0.03161988 0.02951118 0.03378126 0.01617159 0.01037431 0.007930642 0.003714014 0.004434083 0.006939984 0.004123025 0.002138056 0.002531636 0.004405601 0.01435232 0.0182523 0.005702314 0.006920307 0.0172294 0.005960009 0.005452457 0.007073318 0.00865948 0.01293865 0.01500746 0.01870094 0.03099307 0.06258733 0.07529896 0.08375766 0.07700974 0.1188582 0.1275562 0.1083002 0.1083243 0.1064583 0.07745834 0.08520833 0.1009167 0.09791668
0.05224467 0.04652939 0.03407307 0.07057683 0.06091714 0.02063332 0.02834565 0.03947107 0.03617061 0.05490642 0.06391805 0.08757519 0.0921179 0.08934142 0.06703078 0.04357672 0.03240692 0.032331 0.01871433 0.008402954 0.008028183 0.008358576 0.006716694 0.007085376 0.01004886 0.004395949 0.005227979 0.00218915 0.01634061 0.008497642 0.005854225 0.01340535 0.01703727 0.01809912 0.005365558 0.01565274 0.006107239 0.05659439 0.04006923 0.01983876 0.06038227 0.0260727 0.0760083 0.06782035 0.05096616 0.05860631 0.0619222 0.06484901 0.06095336 0.06694612 0.1268029 0.082375 0.08112501 0.09120834 0.108625 0.07870833
