contrib/geomasonDemos/riftland/DataFiles/RainData/.svn/text-base/114.txt.svn-base
ncols         56
nrows         54
xllcorner     28.264
yllcorner     -5.7719999999999
cellsize      0.25
NODATA_value  -9999
[rows 0 to 25 of 54, columns 0 to 55 of 56]
0.2018491 0.1493438 0.1405659 0.0917097 0.07135975 0.1179231 0.08233337 0.07249618 0.07837361 0.08919498 0.0943137 0.0921022 0.1038825 0.09763803 0.06633783 0.04810663 0.04168022 0.05194123 0.03881886 0.0614879 0.06507778 0.04139277 0.03485794 0.0499209 0.06563009 0.05660417 0.05687085 0.08183911 0.0553663 0.06283414 0.05133357 0.06007381 0.06350125 0.05588182 0.05577876 0.0553821 0.04326313 0.0436119 0.04235067 0.04359256 0.03468492 0.05231558 0.05269774 0.04891355 0.06174991 0.0559899 0.07298043 0.06695072 0.05251691 0.03554837 0.03307455 0.04049562 0.0584765 0.02953977 0.03821851 0.01658757
0.1924861 0.1609695 0.1815135 0.1465081 0.1376459 0.148046 0.09619229 0.07666752 0.09052356 0.1002921 0.1275547 0.08949836 0.09402739 0.09081014 0.06378405 0.04310036 0.03241747 0.05805174 0.04362679 0.06208229 0.04546187 0.05163936 0.05857149 0.06549078 0.08950251 0.05829997 0.05030982 0.06689757 0.0527091 0.05108591 0.04359651 0.0531056 0.0617055 0.05019332 0.05080377 0.05755773 0.03596055 0.04141695 0.04478125 0.04415995 0.03200791 0.04226713 0.0548176 0.04019146 0.04559149 0.04350315 0.0438328 0.02819015 0.03496786 0.0280195 0.02834589 0.03641842 0.02107909 0.02316261 0.02127413 0.01471819
0.1323753 0.1264943 0.1124042 0.09561478 0.1748304 0.1732924 0.08649919 0.08108496 0.0950326 0.1158102 0.08854122 0.08412161 0.09766135 0.07149101 0.07704573 0.05293552 0.03408873 0.04134203 0.04744105 0.05796656 0.05728076 0.07268215 0.07023481 0.07476079 0.08228087 0.06647719 0.04891625 0.05401195 0.04508025 0.04765651 0.06093961 0.05828999 0.05792673 0.05211708 0.05420336 0.04341407 0.04211091 0.03557479 0.04377672 0.04967303 0.04273085 0.04202628 0.03793257 0.03766095 0.05273158 0.04280792 0.0310078 0.0157447 0.01422108 0.03334432 0.02042141 0.01114045 0.01433906 0.01822516 0.02001793 0.01505871
0.1634121 0.106409 0.09909804 0.09121355 0.1123957 0.08270863 0.05392124 0.0669629 0.0894805 0.1397778 0.1456219 0.1092762 0.07407791 0.08608208 0.08003463 0.05226475 0.02977474 0.02577341 0.03743107 0.04864772 0.05077182 0.05958051 0.0666379 0.06479867 0.06821898 0.05738174 0.05385615 0.06426163 0.04418637 0.04541019 0.0535719 0.03812288 0.04624713 0.04583086 0.04414349 0.04167333 0.04030803 0.04014356 0.03212877 0.0391221 0.04180823 0.03840687 0.05076874 0.05072662 0.04720046 0.03732131 0.02494111 0.01596852 0.008922223 0.02111091 0.0236796 0.01969744 0.02729005 0.03729383 0.03055358 0.02670201
0.1432288 0.1083927 0.1061066 0.1202103 0.1086908 0.07529701 0.07536177 0.06754643 0.08670327 0.1055049 0.1466674 0.09418874 0.07141677 0.08468468 0.09880543 0.0667036 0.05029573 0.02715901 0.03953165 0.05955833 0.05869958 0.06542681 0.04867462 0.04983863 0.05498871 0.04188549 0.03128694 0.03074933 0.03306424 0.04130493 0.0360002 0.03367473 0.05593503 0.05256292 0.04974204 0.05755405 0.04461594 0.0270397 0.0370937 0.02339978 0.04410806 0.04436209 0.04756535 0.0473225 0.04506671 0.03337727 0.02430215 0.02602357 0.015175 0.01149195 0.01849142 0.02221132 0.01837661 0.02199195 0.02034254 0.03357016
0.1136515 0.1218678 0.1296789 0.1358494 0.09756367 0.08817986 0.07636756 0.05919606 0.06097803 0.07325713 0.09401762 0.06635234 0.06014791 0.0784043 0.09945162 0.04834663 0.03486673 0.0325314 0.03652909 0.03929074 0.04006733 0.04496489 0.0253954 0.03723244 0.04621938 0.04713967 0.04410308 0.03962536 0.03534127 0.03834324 0.03173491 0.03784397 0.04386744 0.0379512 0.03874392 0.03771881 0.03715996 0.02586547 0.02636778 0.0400828 0.05050408 0.05304192 0.05010018 0.0386389 0.03047459 0.02367787 0.02011637 0.01849278 0.0124688 0.007825057 0.009886136 0.01042202 0.0129743 0.02376039 0.02088543 0.03311324
0.08213183 0.1073781 0.1298597 0.1193492 0.1004307 0.1203727 0.117798 0.09869166 0.1013063 0.1010964 0.07289094 0.05886685 0.07020161 0.07527625 0.07786929 0.03108633 0.03459355 0.03183351 0.03273383 0.03661457 0.02809834 0.02876507 0.02357844 0.02605759 0.04088312 0.0540737 0.03889975 0.03962788 0.0388425 0.03290736 0.0303059 0.02913465 0.0290781 0.02947386 0.0247256 0.03003632 0.027996 0.02081036 0.01417335 0.03472444 0.05773828 0.05886722 0.0392874 0.0353643 0.02130531 0.01579783 0.01391391 0.01625387 0.009455387 0.008388684 0.008872345 0.01067803 0.0120239 0.02016786 0.01827659 0.01851737
0.1204948 0.1011631 0.1329594 0.1549282 0.1257395 0.1257123 0.1356729 0.1089368 0.1013396 0.08752408 0.07953898 0.08225171 0.1262718 0.09451094 0.06657582 0.03861929 0.03459577 0.031063 0.03096813 0.03413004 0.03070224 0.03532447 0.03474177 0.0235731 0.04766292 0.06207277 0.05181071 0.04920269 0.03698059 0.03180476 0.02971592 0.02731905 0.02821956 0.02931416 0.02208753 0.03102903 0.01861723 0.01760988 0.02689115 0.03254213 0.0365172 0.03461074 0.02151097 0.02177349 0.009432567 0.005277306 0.008468633 0.01249849 0.002572963 0.003446106 0.003237003 0.0109526 0.009582419 0.0104 0.01277854 0.01253624
0.09648024 0.09767221 0.09966255 0.1184973 0.09784449 0.08111755 0.08681392 0.1012595 0.09472642 0.09302371 0.09718633 0.07275786 0.09005752 0.05773873 0.04130195 0.03782784 0.02462299 0.01951728 0.03127399 0.02716086 0.01949154 0.02401248 0.02565101 0.02597849 0.04145466 0.04888834 0.04239116 0.04275599 0.04749792 0.04729621 0.04269058 0.03099382 0.0255648 0.03530232 0.03010747 0.02916049 0.01728047 0.01355004 0.02076488 0.02210226 0.02874965 0.01903404 0.01195213 0.02081343 0.009542772 0.008704505 0.008596194 0.008624616 0.009043336 0.004844831 0.004567485 0.007589632 0.01284167 0.01831667 0.01710833 0.01141667
0.08080628 0.08559477 0.09528901 0.1057483 0.09501455 0.07645858 0.08130021 0.128716 0.08480954 0.0767682 0.0903426 0.08165102 0.06677026 0.04248065 0.03765034 0.03394651 0.02670019 0.02790051 0.01929206 0.02582622 0.03021305 0.02232741 0.02607032 0.02491298 0.02585741 0.04349319 0.03368772 0.03713135 0.04107514 0.04753014 0.04245583 0.0449448 0.03651623 0.02971776 0.02682693 0.02606855 0.01534416 0.01217504 0.01017463 0.01196088 0.01431376 0.01032193 0.005934287 0.005699454 0.007203104 0.0132304 0.005409213 0.01013666 0.01103739 0.008974763 0.00338516 0.008633333 0.01748333 0.02394167 0.016775 0.01676667
0.09017434 0.07057656 0.09163614 0.1010759 0.09175135 0.1069262 0.1337277 0.1544152 0.1048305 0.0759439 0.09628134 0.09796489 0.1210884 0.1085761 0.04906427 0.03016273 0.03472075 0.02920927 0.02577196 0.03364778 0.03472549 0.02488174 0.03464358 0.0376789 0.03779106 0.04297859 0.05583795 0.06273934 0.05374303 0.04963893 0.05058066 0.04579147 0.04022101 0.02675586 0.02079848 0.0178569 0.01478425 0.009820851 0.006028057 0.007515288 0.01394931 0.004074555 0.005514482 0.005831068 0.01395903 0.01485363 0.012052 0.01503096 0.01261525 0.005387367 0.002717896 0.006208333 0.01635 0.0218 0.018325 0.01915
0.09656792 0.08026493 0.09705265 0.08582652 0.09664017 0.1294681 0.1112007 0.1063566 0.08803183 0.08015953 0.1065936 0.09481832 0.1105503 0.08044849 0.05870964 0.05033772 0.05136672 0.04022779 0.04355561 0.05737508 0.05871376 0.04354778 0.04347632 0.04150019 0.04133706 0.0449828 0.06468731 0.07767632 0.07903302 0.0607291 0.04644691 0.04644939 0.04248708 0.02949857 0.01708157 0.01368465 0.00929648 0.009489129 0.005613739 0.004132177 0.005395161 0.00600596 0.01204565 0.01335259 0.03061026 0.01968692 0.01234957 0.01879437 0.01894878 0.01146183 0.009111432 0.009158858 0.01412452 0.01948116 0.01348178 0.01060616
0.07649804 0.07942308 0.07438531 0.106901 0.1025352 0.116601 0.07767213 0.1122853 0.09611572 0.06420677 0.07040035 0.1110885 0.100014 0.06569856 0.04320326 0.06125839 0.05976218 0.04018128 0.05339749 0.06446876 0.1104033 0.08672777 0.05594984 0.04466155 0.03812516 0.04957953 0.0608136 0.06785509 0.06065946 0.04329715 0.03355032 0.04482967 0.021771 0.01616482 0.01611181 0.01519312 0.01041617 0.007244097 0.004671087 0.006904334 0.008251427 0.01651846 0.01896916 0.01697117 0.01838774 0.0195852 0.01121875 0.01815213 0.01768072 0.01650826 0.01260453 0.01411166 0.009679953 0.01093847 0.00727949 0.003177863
0.07927624 0.07441371 0.08354872 0.1334081 0.1501285 0.1214659 0.1186222 0.08848622 0.05919771 0.05341671 0.07841773 0.180813 0.1233677 0.06368244 0.02085388 0.02958364 0.04705069 0.05255276 0.06702837 0.0837132 0.09220961 0.1324101 0.09872469 0.06791182 0.04565747 0.04512323 0.04515092 0.04491192 0.05493942 0.02940788 0.01975913 0.01801497 0.02201577 0.01716402 0.01293758 0.008915378 0.005997295 0.005705368 0.004600099 0.004947679 0.00549554 0.01074391 0.01517081 0.01172122 0.01525295 0.01765849 0.01396582 0.01216729 0.01042551 0.01274676 0.008961477 0.01211068 0.01379796 0.008658935 0.004014437 0.002722629
0.1212542 0.1452772 0.2283355 0.173624 0.1776092 0.1516679 0.1191336 0.0904648 0.1090491 0.104572 0.08171039 0.1563063 0.1200063 0.06931864 0.0587251 0.07577273 0.07604022 0.07768362 0.08357631 0.08063122 0.07795122 0.08404224 0.1213521 0.1187498 0.06749499 0.04898476 0.03053011 0.02932937 0.03091282 0.02442121 0.01359879 0.01147097 0.01799274 0.01514424 0.01020865 0.00594568 0.007868866 0.004955634 0.002221501 0.003893644 0.00570879 0.004187777 0.005032714 0.006975869 0.009087582 0.009426747 0.01096793 0.01066778 0.004797483 0.00201579 0.01187762 0.01551947 0.01316311 0.01351968 0.002891898 0.002244511
0.09461786 0.1626918 0.2099054 0.1811344 0.1857899 0.1746158 0.1905741 0.09107127 0.1432124 0.1035118 0.08803606 0.1438615 0.1143829 0.09213633 0.1008538 0.1155952 0.07170453 0.08629922 0.08315563 0.08404597 0.1120421 0.1115016 0.1111727 0.1047685 0.08072668 0.06017121 0.02533295 0.01387419 0.0137225 0.0293734 0.01053592 0.01068965 0.01250657 0.0119657 0.009442604 0.004614213 0.002271611 0.002322498 0.00258938 0.006172527 0.005537812 0.002649732 0.007267813 0.004246193 0.003797158 0.009382225 0.01096162 0.007221337 0.001961309 0.0003066178 0.0009683449 0.002593242 0.001135703 0.003658029 0.000850878 0.002795979
0.1152268 0.2243442 0.2355819 0.178669 0.1953772 0.1832533 0.131527 0.1201577 0.1140088 0.1046738 0.1057075 0.1525714 0.1087258 0.086855 0.08288343 0.09939151 0.08898632 0.121559 0.1085773 0.119134 0.08987021 0.07181149 0.07949685 0.0995004 0.07014627 0.02869232 0.02223277 0.02372929 0.01468974 0.0196786 0.008957691 0.01128823 0.01175937 0.01122403 0.00480619 0.003554619 0.003316171 0.002661436 0.002766176 0.003683067 0.004691218 0.003097174 0.007246546 0.003859818 0.003226783 0.01188364 0.01372417 0.009896019 0.002132888 0.000295743 0.0002504671 0.0001243947 0.0001068902 0.0002385035 8.096013e-005 0.00142275
0.4008634 0.2874244 0.3606215 0.2518438 0.1755552 0.2188215 0.1217254 0.1160178 0.1053043 0.103048 0.103908 0.1182791 0.1081555 0.1145552 0.1541679 0.1166499 0.117986 0.1200546 0.1323842 0.1058465 0.07382251 0.06838483 0.05177285 0.05754569 0.05915252 0.04262709 0.03513464 0.0310841 0.01146645 0.01559612 0.009492777 0.0125156 0.01425305 0.01076691 0.0100854 0.003322348 0.003513187 0.003122588 0.007132479 0.00537183 0.002350412 0.002442872 0.002471465 0.003782266 0.00324466 0.006993831 0.007166324 0.00144718 0.001285257 0.0002503343 0.0002231858 0.0001112638 9.58029e-005 8.254476e-005 7.368783e-005 5.211005e-005
0.3015173 0.2297732 0.235418 0.1857508 0.1802868 0.1919343 0.1211237 0.0949128 0.0825466 0.1183449 0.1137736 0.1095145 0.07459693 0.1182119 0.1539084 0.1034624 0.1144267 0.1007049 0.104283 0.09912936 0.07394556 0.09343512 0.0915937 0.06714332 0.05481936 0.05397249 0.04341211 0.0304865 0.01390803 0.01279749 0.01346331 0.01145439 0.01067364 0.01019479 0.005127722 0.002541937 0.002409428 0.002615494 0.003697533 0.002323739 0.002268864 0.002470168 0.002205163 0.002203246 0.00290819 0.001834791 0.001239444 0.0004717966 0.0002688807 0.0002140415 0.0001915648 9.603442e-005 8.304634e-005 7.351121e-005 6.818195e-005 0.005668612
0.2294818 0.2929178 0.2330979 0.2636733 0.2492889 0.2860061 0.1380171 0.1071162 0.1980685 0.27821 0.1227813 0.1002469 0.09446818 0.1444623 0.1055507 0.0923975 0.08531981 0.09158994 0.09893878 0.1140003 0.1336702 0.1220958 0.08977793 0.07068046 0.06664538 0.07853177 0.07818487 0.0364788 0.03483954 0.0439015 0.02674943 0.01527789 0.01503315 0.01026013 0.01067653 0.005905733 0.005204662 0.005631076 0.005496803 0.005157003 0.005018337 0.004704472 0.004256252 0.002766424 0.002043387 0.001632072 0.001350716 0.0008645355 0.000626381 0.0004838602 0.0004353347 0.0001268024 0.001126917 0.001345617 0.001657284 0.003177516
0.245965 0.2637548 0.2769817 0.2380372 0.2858092 0.2286535 0.1356409 0.1586848 0.2221787 0.2353251 0.2066102 0.104983 0.09157626 0.1082455 0.1093907 0.1046618 0.1013873 0.1169905 0.1087036 0.1289852 0.1171445 0.1353299 0.1013505 0.09674653 0.07084767 0.07571025 0.07463153 0.05182444 0.04806649 0.03596739 0.03103494 0.02042003 0.01374853 0.009212362 0.01159407 0.006960045 0.01091046 0.006135352 0.00623555 0.005213462 0.005048986 0.005926795 0.006790834 0.00249272 0.001900885 0.001472132 0.001196418 0.0007441605 0.0005143182 0.0003817523 0.0003467049 8.271301e-005 0.002207986 0.0009180815 0.0008925067 0.005307303
0.2684402 0.276799 0.3060404 0.2423116 0.2661206 0.1919035 0.2070297 0.2386398 0.1729623 0.1451494 0.1147266 0.07610641 0.06923199 0.07786749 0.1387431 0.1824366 0.1522257 0.1548373 0.128051 0.1304386 0.1614459 0.1423658 0.1068491 0.08639444 0.08482321 0.08647186 0.1015377 0.1049884 0.07405839 0.0500512 0.03384205 0.02794429 0.01707748 0.01181843 0.01674445 0.007094757 0.007003081 0.006141221 0.007449997 0.007498939 0.006454431 0.004879566 0.004081497 0.002497916 0.001810275 0.00133726 0.001078703 0.0006625626 0.0004481067 0.0003326504 0.0003160805 0.0001127971 0.0005594713 0.001908188 0.0001037869 0.006189555
0.2776111 0.2425043 0.1902398 0.2445275 0.1764228 0.2354577 0.1554398 0.1290985 0.07638207 0.08030415 0.1425391 0.07834838 0.04401662 0.1169032 0.1132547 0.153162 0.1509638 0.1498301 0.1697119 0.1764424 0.1851774 0.1459301 0.1113007 0.08928255 0.09341595 0.1187272 0.1375811 0.1461864 0.1203891 0.09655046 0.0886598 0.04537897 0.03173324 0.02354033 0.02188076 0.01004594 0.007914504 0.009079069 0.0100123 0.01461119 0.008643677 0.006517462 0.007035054 0.002608724 0.001768976 0.001230483 0.0009981869 0.0006179509 0.0004743499 0.0004090391 0.001024614 0.002057663 0.002448729 0.004402929 0.001685258 0.01122407
0.2690019 0.2355772 0.1781991 0.1906864 0.1687153 0.1909359 0.1770505 0.160761 0.1036254 0.1311201 0.2028281 0.1189014 0.07060725 0.09870499 0.1134214 0.1130148 0.1261941 0.1237303 0.1529868 0.1587515 0.1673388 0.1207898 0.1058103 0.1094915 0.1216604 0.1012251 0.09966432 0.1122305 0.1241703 0.1095724 0.09084232 0.08652448 0.06264742 0.05363801 0.03746816 0.02016833 0.01192582 0.01284362 0.01710481 0.03011642 0.007673283 0.00696428 0.007059913 0.001727673 0.001050726 0.0006783142 0.0005529263 0.0007773163 0.0002222155 0.0001852001 0.002545134 0.003397446 0.003569347 0.004359761 0.00399916 0.007728886
0.2203634 0.2752464 0.2525742 0.2090104 0.175149 0.144755 0.1342858 0.09193627 0.09309441 0.08503567 0.13267 0.1395777 0.09126917 0.07461926 0.08521796 0.1217104 0.08803798 0.1011124 0.1150912 0.1184795 0.1171996 0.09661622 0.1148656 0.1268742 0.1193011 0.09137036 0.08719991 0.08908963 0.1352094 0.1347608 0.1332531 0.1353962 0.0973002 0.08220777 0.06463222 0.02397316 0.01375957 0.01275801 0.01558623 0.01122973 0.007316149 0.006782773 0.005044685 0.001724952 0.001028281 0.000673057 0.002182857 0.0002906707 0.0002104774 0.001896378 0.002326915 0.004078926 0.003630347 0.004470964 0.005844071 0.007588115
0.2328427 0.2518008 0.2885987 0.2273751 0.2115391 0.2101445 0.1944794 0.1122627 0.06143452 0.05844845 0.08701946 0.1438227 0.1161511 0.09102922 0.06509375 0.06945554 0.07478506 0.096224 0.104012 0.1157312 0.09615914 0.1014647 0.09469421 0.1408429 0.1300809 0.1312098 0.1615212 0.1386364 0.1785865 0.1670234 0.1597513 0.1184176 0.09833074 0.09046973 0.04276172 0.02055702 0.01251051 0.01106356 0.009627869 0.009181417 0.008509276 0.007477456 0.005884876 0.002041028 0.001241508 0.00121599 0.001141756 0.0005470961 0.0009623598 0.003627023 0.002766863 0.001449296 0.004838652 0.003884818 0.006809754 0.01154055
