contrib/geomasonDemos/riftland/DataFiles/RainData/.svn/text-base/121.txt.svn-base
ncols         56
nrows         54
xllcorner     28.264
yllcorner     -5.7719999999999
cellsize      0.25
NODATA_value  -9999
[rows 27 to 53 of 54, columns 0 to 55 of 56]
0.2505422 0.254956 0.2359149 0.2550362 0.274022 0.1518995 0.1324893 0.1492113 0.1547178 0.1380702 0.1580193 0.2377306 0.1871105 0.1764732 0.1664406 0.1301816 0.1391173 0.141133 0.123049 0.1293756 0.1579403 0.1485424 0.1089539 0.05583453 0.0421323 0.02758791 0.01185151 0.01605144 0.01149123 0.01632883 0.02757333 0.03416272 0.04632722 0.05520708 0.069739 0.09613134 0.09744712 0.1069365 0.1015421 0.08681839 0.09066972 0.06524142 0.06310375 0.06116757 0.07490376 0.05569558 0.08831988 0.1000714 0.09391703 0.1042835 0.07150458 0.05563292 0.06934652 0.06601882 0.0594779 0.05772552
0.4427364 0.3786547 0.2548552 0.2260751 0.2927437 0.1184984 0.1183923 0.1181879 0.1395545 0.1877886 0.1508847 0.1517309 0.1689501 0.2030997 0.1949937 0.1977472 0.2225418 0.2454541 0.217654 0.1794422 0.3130946 0.2609156 0.1328806 0.07984377 0.06980518 0.05319955 0.03558838 0.01516018 0.01541352 0.02036785 0.02934726 0.05979908 0.03990153 0.05016097 0.05928009 0.09262581 0.1044936 0.1162093 0.1108331 0.1198752 0.09757452 0.08094372 0.1399491 0.1189764 0.1358258 0.06160281 0.09387302 0.09996533 0.1028899 0.09222984 0.07895668 0.05572445 0.06635933 0.06433932 0.07883865 0.09961812
0.3427933 0.3244947 0.2502539 0.2075877 0.145147 0.1303784 0.1343393 0.110813 0.1213062 0.1914661 0.1742422 0.1963855 0.2297156 0.2607997 0.2909992 0.293807 0.302627 0.1626487 0.2327982 0.2930621 0.2586116 0.2540178 0.185702 0.08749688 0.08695048 0.06999774 0.06372418 0.03282813 0.02038035 0.02136444 0.02963267 0.04049851 0.04772486 0.05943882 0.05731315 0.08787066 0.1265144 0.1274553 0.1305402 0.1117691 0.1177757 0.110351 0.1057884 0.09425931 0.08909339 0.0871401 0.07357739 0.09726592 0.117792 0.08276185 0.07117453 0.07049435 0.07336411 0.08000558 0.0847389 0.07033255
0.2843035 0.3244513 0.2480893 0.1513595 0.116215 0.1460994 0.1359793 0.1176474 0.1681839 0.198222 0.2326044 0.2683887 0.2646214 0.3161692 0.3455107 0.3104718 0.2623666 0.3102474 0.2773091 0.4501575 0.3901761 0.3215886 0.2960523 0.1013857 0.08010823 0.06450388 0.04989195 0.05088368 0.0265654 0.02179966 0.0267946 0.04383726 0.0530992 0.06545036 0.06011642 0.07359757 0.114497 0.1227945 0.1151978 0.1020468 0.124783 0.1204153 0.1297928 0.0935316 0.05754754 0.06513939 0.08566823 0.1044846 0.0898923 0.1014794 0.07342567 0.05989941 0.08832446 0.07231919 0.05645162 0.06662934
0.2462864 0.2112151 0.1262639 0.1256898 0.08968072 0.09222455 0.09721328 0.1254054 0.1680923 0.1839001 0.1733129 0.2502478 0.2577148 0.310632 0.3566114 0.303919 0.3053788 0.3384285 0.4236223 0.4817161 0.3436169 0.3845157 0.2430875 0.08098572 0.05062392 0.06366567 0.06518924 0.05538725 0.03785391 0.02797362 0.02953568 0.04665887 0.05058863 0.07006776 0.0844037 0.09698016 0.1478687 0.1613412 0.1317585 0.07101882 0.09241331 0.08590811 0.09688939 0.09548325 0.03517963 0.05676486 0.07085607 0.06719195 0.08494569 0.1120125 0.07912458 0.08049548 0.07010262 0.04581339 0.08114175 0.05675267
0.3098845 0.2270932 0.1536184 0.1234573 0.07759677 0.09666475 0.113882 0.1669704 0.1929588 0.139626 0.149534 0.260602 0.291765 0.3297416 0.3149126 0.3618478 0.483926 0.4402561 0.4506086 0.4387951 0.3390521 0.2833671 0.2275565 0.08256496 0.06177781 0.07691272 0.05374556 0.06606736 0.05375681 0.03029746 0.02799455 0.0545609 0.04699674 0.05329327 0.07195938 0.08614994 0.1115789 0.1353029 0.1078929 0.06678875 0.06992361 0.05326618 0.07462814 0.04394436 0.02647994 0.0266433 0.04434773 0.04890108 0.1077962 0.1200916 0.1090884 0.1245391 0.07756379 0.04522083 0.04735303 0.03655497
0.3588422 0.1926888 0.09501778 0.09263431 0.07852251 0.1162032 0.2323299 0.1995099 0.1466438 0.1348107 0.1665464 0.2994034 0.3475494 0.3504436 0.3859896 0.4061466 0.4248303 0.4152102 0.4652387 0.5130218 0.3825372 0.2698901 0.1033274 0.07759726 0.08152457 0.07765433 0.07193537 0.1131819 0.06674181 0.06171037 0.04390364 0.05259101 0.07321759 0.0558917 0.06428437 0.07665615 0.09238862 0.1062175 0.1119973 0.05937439 0.0715673 0.05672177 0.05452179 0.04801879 0.03411368 0.02736216 0.04360287 0.04438332 0.06227327 0.1105065 0.09857764 0.06872682 0.07211745 0.04031729 0.05130388 0.03238052
0.4558369 0.1871035 0.08635435 0.1123943 0.1101332 0.1276299 0.1822104 0.1611423 0.1485849 0.1855734 0.1602462 0.3490391 0.3896012 0.3792013 0.4259405 0.419823 0.3964549 0.4290761 0.4196154 0.4388026 0.265926 0.1734539 0.07921074 0.07461753 0.1003888 0.1331253 0.1227235 0.1322528 0.08461665 0.07070915 0.04710188 0.04811605 0.07698873 0.05403017 0.06821343 0.08802257 0.09143966 0.09397651 0.08252243 0.06610521 0.05049322 0.07365107 0.07183122 0.04552915 0.03549509 0.02955799 0.03580653 0.03942353 0.06599383 0.1080071 0.1006337 0.04162307 0.07429231 0.05696531 0.0352348 0.03276185
0.5343432 0.2996444 0.1349694 0.1448003 0.1422537 0.1479088 0.1799898 0.1460187 0.1160226 0.1655984 0.1613539 0.3330233 0.4111907 0.4664425 0.4930541 0.4780013 0.4983878 0.4715307 0.4198032 0.3405758 0.2093379 0.1224306 0.07788575 0.06662522 0.1458763 0.1612867 0.1727273 0.09749774 0.06214789 0.07457417 0.08983597 0.05483898 0.04571764 0.0664114 0.08430203 0.07004369 0.08694454 0.07024579 0.05949672 0.04345678 0.04242489 0.09258065 0.09621698 0.05098135 0.0337056 0.02008323 0.06697633 0.04622403 0.05370798 0.07537876 0.0518246 0.04219429 0.04581659 0.04504665 0.02701113 0.02677584
0.5829474 0.3641291 0.1847922 0.1926121 0.156988 0.1726727 0.2081027 0.1465333 0.1384282 0.1571407 0.1474921 0.2901408 0.3965264 0.5295395 0.5094172 0.5127596 0.4386573 0.354292 0.3218972 0.2826536 0.1637918 0.1213178 0.06995506 0.1488396 0.2158703 0.17688 0.1375435 0.1444075 0.08739041 0.0967248 0.0694247 0.06049117 0.04299422 0.05750242 0.07599799 0.07128324 0.07109972 0.05213891 0.04194034 0.03236599 0.04340122 0.06232617 0.07437523 0.0461361 0.0427494 0.01478328 0.01938366 0.06930937 0.06780902 0.05368431 0.02850182 0.04190351 0.02497976 0.02136487 0.0275082 0.0212511
0.5431399 0.3447237 0.273103 0.2146471 0.1652873 0.1602515 0.1467593 0.1550985 0.1592496 0.1353699 0.158385 0.2642487 0.2933289 0.4024219 0.4824583 0.4658849 0.4006045 0.2767099 0.2471256 0.1996064 0.1280653 0.07522339 0.0671515 0.09653593 0.1247924 0.09923487 0.1046955 0.145111 0.0808419 0.06795993 0.05261635 0.04979243 0.04755979 0.04724641 0.06836652 0.06319014 0.0652606 0.06152262 0.0517552 0.04620184 0.04755134 0.03402471 0.04062944 0.04110037 0.03710998 0.03123917 0.01733768 0.03718383 0.03281475 0.03198893 0.0273611 0.04477146 0.02330104 0.02117663 0.02348599 0.003125152
0.4939614 0.284096 0.1815808 0.2443663 0.2060905 0.2054659 0.152514 0.1491286 0.1157406 0.2022246 0.1840673 0.2521306 0.2742938 0.3422834 0.3491581 0.3682589 0.3426562 0.2671513 0.2118514 0.149756 0.1056633 0.07612929 0.1020105 0.115606 0.1032738 0.07455071 0.09540956 0.1114646 0.08817896 0.07454621 0.06272461 0.04536738 0.03579254 0.04713866 0.06564534 0.05876923 0.05385717 0.07591894 0.07088491 0.04807489 0.05012982 0.04022519 0.02618127 0.02682779 0.02801774 0.02408542 0.01515656 0.02757109 0.01634317 0.01703183 0.01843027 0.01669979 0.02481926 0.01873585 0.008614955 0.002900403
0.3286613 0.2293671 0.1672166 0.2146508 0.2082349 0.1961185 0.1882164 0.1545852 0.1483921 0.1696228 0.1674965 0.2020162 0.2475239 0.2502324 0.2827178 0.2800359 0.2875808 0.2799336 0.2228991 0.1715355 0.09904673 0.09390716 0.1191356 0.11793 0.1035759 0.06429482 0.09292576 0.0993924 0.1021279 0.08003058 0.06291713 0.04660621 0.03275817 0.04469104 0.04992615 0.03787474 0.04505636 0.05457697 0.03558053 0.05607688 0.0528608 0.05086239 0.04104775 0.02784554 0.02555705 0.01618918 0.01817171 0.01470764 0.01742566 0.0114236 0.01091572 0.01469003 0.03366432 0.01652331 0.008863266 0.003915061
0.3344666 0.2100748 0.2110787 0.229603 0.2422619 0.2499751 0.1702555 0.1623588 0.1404631 0.1436668 0.2246194 0.2293928 0.1933274 0.1745151 0.2085458 0.2113416 0.1721646 0.1919211 0.1564175 0.13161 0.1202178 0.0937689 0.07305999 0.08468445 0.1332251 0.1103903 0.09533589 0.08945242 0.1092998 0.07789133 0.03898202 0.02781579 0.02164246 0.0244445 0.03105622 0.02540184 0.03918957 0.03416999 0.04110255 0.04539023 0.06386067 0.0504822 0.03516251 0.02827509 0.0283567 0.02590302 0.0144319 0.02119224 0.03797714 0.008732 0.01082593 0.01269663 0.01084116 0.03430347 0.01076815 0.01706228
0.4336544 0.2736337 0.2626031 0.3379375 0.2429194 0.2179292 0.2294461 0.2203237 0.1775486 0.1823948 0.1882429 0.2340972 0.190035 0.1286969 0.1250341 0.1448569 0.1590575 0.1487347 0.1487457 0.2049742 0.2110343 0.149256 0.08276585 0.1579049 0.1352113 0.1320544 0.05732667 0.08769345 0.08273581 0.06841213 0.05433457 0.0455121 0.02661421 0.02028661 0.01764896 0.01885298 0.02011088 0.03562351 0.0379594 0.04127108 0.04417157 0.0427132 0.03139221 0.02830215 0.03233093 0.03239897 0.01394086 0.01216742 0.01192084 0.01086692 0.01251745 0.008769008 0.009844383 0.01754625 0.02616239 0.02388161
0.3970199 0.350746 0.2258034 0.2242447 0.2407574 0.2587871 0.2975745 0.2955036 0.2644396 0.1836875 0.1944915 0.1918361 0.1877229 0.1457202 0.1092551 0.1899778 0.1867969 0.1845343 0.2053775 0.1975909 0.2125345 0.1833573 0.09895658 0.1103429 0.1469065 0.1071504 0.09478253 0.09247632 0.06661614 0.08187507 0.09884693 0.04022487 0.01643344 0.01815748 0.01765907 0.03003767 0.0623838 0.0493913 0.04064984 0.04371026 0.03179041 0.04215068 0.04314824 0.02810227 0.03620265 0.028364 0.02321567 0.01282126 0.01113266 0.01007753 0.00943709 0.008805088 0.008912117 0.009658553 0.02230138 0.02256936
0.2566552 0.248814 0.1963662 0.162395 0.1360736 0.1324596 0.2496798 0.3052514 0.3058987 0.2587857 0.230349 0.1694878 0.2083628 0.2397432 0.2117125 0.2364109 0.2089524 0.1733462 0.1537352 0.1875017 0.207334 0.1991207 0.1025113 0.1046889 0.1274684 0.08185825 0.1471061 0.06194109 0.06245023 0.05909972 0.04921042 0.02626053 0.01128459 0.01757929 0.01554254 0.04827243 0.2528106 0.02949193 0.02798489 0.02865384 0.02697391 0.03611904 0.02768555 0.03361834 0.04699693 0.04868443 0.02574282 0.01418938 0.01277123 0.01462317 0.01126006 0.006903162 0.004180748 0.01225268 0.00954851 0.02556451
0.3375699 0.2652683 0.2034981 0.144327 0.1173684 0.116743 0.2054921 0.3053871 0.4217745 0.3392709 0.2924126 0.1942038 0.2334502 0.3031146 0.2461583 0.2279509 0.2715834 0.2079498 0.1564241 0.2016971 0.181663 0.1790943 0.09807011 0.1096279 0.08927944 0.07991004 0.06655977 0.05347571 0.08000313 0.06762981 0.04280793 0.04186352 0.02956504 0.02773589 0.02466569 0.02229615 0.0375243 0.01457967 0.01462613 0.02141161 0.02628256 0.03884423 0.03133989 0.05449119 0.0511733 0.03847516 0.03079229 0.01748617 0.01402594 0.01301512 0.01192979 0.008315169 0.007557828 0.0144132 0.02019704 0.02342742
0.3559755 0.2570905 0.1776223 0.1684136 0.1524376 0.1971558 0.2310532 0.2401059 0.3037794 0.379921 0.4132669 0.3217075 0.3111013 0.4139239 0.2577569 0.2083596 0.2532987 0.2150516 0.2165768 0.200183 0.1446444 0.1393187 0.1053654 0.1400122 0.1243799 0.09259108 0.05576969 0.04821705 0.06364615 0.03932551 0.05760371 0.04052331 0.04212423 0.03281391 0.03044503 0.03254908 0.01911846 0.02017563 0.0236356 0.0327405 0.0273114 0.03013287 0.03259603 0.03896694 0.04437149 0.03882068 0.04621404 0.02561303 0.01891005 0.0190514 0.01862171 0.01177679 0.01096659 0.01869706 0.02382219 0.03165322
0.4095758 0.3076519 0.2494415 0.192886 0.1781322 0.2390027 0.3151338 0.2488562 0.3055888 0.3785332 0.5037919 0.5660499 0.506089 0.4122371 0.3291309 0.2248044 0.2209964 0.2665098 0.252169 0.2404871 0.1676097 0.100674 0.1001028 0.111667 0.1313157 0.09208953 0.08442875 0.07143627 0.05390669 0.0483436 0.0345481 0.04094749 0.07493439 0.04816332 0.0489327 0.03122029 0.01643298 0.02303482 0.01427349 0.04146015 0.03734556 0.04053528 0.05182502 0.03930586 0.04385716 0.04388836 0.03807852 0.01914535 0.02347991 0.02644003 0.02311901 0.01826736 0.02361495 0.01436673 0.01604194 0.02225806
0.2280998 0.2241283 0.2102788 0.2222181 0.2310815 0.1947847 0.2295681 0.3270707 0.37335 0.3889301 0.4179514 0.5243057 0.4977969 0.4617181 0.4366264 0.3035151 0.2295829 0.1967294 0.2567894 0.249904 0.2073615 0.1364053 0.1274855 0.1646559 0.1018817 0.1207756 0.1271396 0.07934 0.09726698 0.06118289 0.05166551 0.04920983 0.06610711 0.05331318 0.05523673 0.03929986 0.03323302 0.01646781 0.02455415 0.03580508 0.04531174 0.04321735 0.0377964 0.03465594 0.02633823 0.02840448 0.027062 0.02549145 0.02953722 0.04547827 0.03149337 0.02475806 0.02112903 0.01552419 0.01479839 0.03520162
0.3339245 0.3172139 0.1954048 0.2720795 0.348578 0.1979456 0.2702384 0.363355 0.4470856 0.4320862 0.4294323 0.3974117 0.4951917 0.494799 0.4803853 0.2713182 0.2404699 0.2223474 0.2653084 0.2667753 0.2623383 0.1898181 0.1425533 0.1435968 0.1343512 0.1256541 0.1323861 0.1581764 0.1501211 0.09843378 0.03930886 0.04513086 0.06227133 0.07049572 0.0563001 0.04796069 0.05608943 0.04406105 0.02689932 0.03297198 0.03653229 0.03648294 0.04794993 0.03997884 0.0261775 0.02953634 0.02489832 0.03082733 0.03270505 0.07958572 0.04973508 0.03766129 0.02649194 0.03294355 0.03455646 0.04181451
0.3348278 0.2769513 0.3046091 0.34524 0.3480006 0.3534985 0.2980769 0.3606524 0.5398578 0.5375787 0.4507617 0.4216877 0.4975401 0.4920974 0.4705529 0.3485105 0.2828239 0.2648001 0.2888284 0.2596386 0.2597964 0.1972087 0.2088661 0.2692946 0.1692611 0.1485806 0.1312834 0.1722618 0.1491551 0.1175508 0.05529961 0.03206318 0.05210084 0.04097411 0.04202605 0.06823476 0.08156865 0.09291194 0.05140008 0.04199461 0.03578413 0.062015 0.05939639 0.04236872 0.0291555 0.02337405 0.02734088 0.03981676 0.04597433 0.07446864 0.05829686 0.06544355 0.08326612 0.0441129 0.03375 0.04967742
0.4083614 0.342421 0.3372998 0.3994144 0.4008317 0.3570569 0.2836826 0.3220794 0.4426721 0.4652852 0.4310759 0.3727224 0.3770614 0.3934059 0.436826 0.3516588 0.3354189 0.3585064 0.3260703 0.332909 0.2849553 0.2367334 0.1979442 0.3208971 0.2442022 0.1915115 0.1468008 0.1620395 0.1900527 0.1555337 0.07872797 0.03559598 0.04817973 0.04882558 0.03276415 0.0482152 0.0734004 0.1133289 0.09010781 0.08545826 0.07247413 0.07910959 0.06548404 0.04480731 0.02922434 0.03081647 0.03137036 0.05278175 0.063242 0.0854055 0.05015381 0.06145161 0.0578629 0.07157258 0.05778226 0.07112903
0.3847636 0.4027404 0.4785062 0.3082827 0.3197751 0.2371541 0.2051955 0.2630719 0.350938 0.3468598 0.2752238 0.2515624 0.2909081 0.3350267 0.3227302 0.366806 0.3411884 0.3488317 0.2882186 0.2936217 0.2777659 0.2803743 0.2257652 0.3042237 0.2342098 0.2172623 0.1774673 0.1363888 0.139521 0.1061987 0.09332246 0.06664717 0.04629157 0.0455469 0.030456 0.04606325 0.0744618 0.09756827 0.1557401 0.1030277 0.09167552 0.09418343 0.06528384 0.05065628 0.03736474 0.03638033 0.04123643 0.05789509 0.0444253 0.06556433 0.07204458 0.07056452 0.0703629 0.06774194 0.04818549 0.06262097
0.5203406 0.3566093 0.4854486 0.3379881 0.2528882 0.2161783 0.2293406 0.3227177 0.28127 0.3129452 0.331277 0.2430035 0.3492534 0.4445516 0.460233 0.3774745 0.36274 0.3132914 0.2302512 0.2760742 0.2920703 0.2352478 0.2159874 0.2035113 0.1693082 0.1781665 0.1740621 0.1642144 0.1468828 0.1209952 0.1119713 0.07659364 0.05253664 0.05987262 0.03496296 0.08061185 0.08432701 0.1125536 0.1203929 0.1619314 0.0924784 0.06377003 0.06602281 0.05263668 0.03506346 0.05019577 0.05761779 0.1023752 0.08069632 0.1640636 0.1959674 0.1190322 0.08008064 0.04858871 0.09298388 0.08274193
0.557591 0.3310394 0.3486457 0.3858325 0.3257074 0.3008024 0.3179839 0.2565899 0.2665776 0.3019505 0.2910769 0.3290391 0.3178959 0.3906423 0.4443141 0.3517567 0.3036878 0.291721 0.2302719 0.2207071 0.2155709 0.1853667 0.1749372 0.1486901 0.1340292 0.1352306 0.1520866 0.1164491 0.1202051 0.1452019 0.1311751 0.09587608 0.05644779 0.06394687 0.05604102 0.1067863 0.09768339 0.1643783 0.1371678 0.1527395 0.1100016 0.09574725 0.09078059 0.06896591 0.04651505 0.06632818 0.07159401 0.1323844 0.153957 0.2139992 0.2518435 0.1375403 0.09475806 0.1190322 0.1414919 0.1500403
