contrib/geomasonDemos/riftland/DataFiles/RainData/.svn/text-base/121.txt.svn-base
ncols         56
nrows         54
xllcorner     28.264
yllcorner     -5.7719999999999
cellsize      0.25
NODATA_value  -9999
[rows 0 to 26 of 54, columns 0 to 55 of 56]
0.0005657137 0.002089181 0.000368353 0.002100877 0.0007474814 0.0001424046 0.0001900209 0.0005592887 0.0005056613 0.0003966458 0.000650014 0.002774539 0.007631117 0.00532859 0.001988136 0.006853423 0.01336421 0.03718942 0.06626593 0.04602012 0.04801838 0.07011753 0.07321386 0.04091486 0.06651631 0.0807021 0.08546524 0.09192434 0.1592066 0.1493783 0.09763125 0.09835519 0.08760065 0.07808874 0.06572708 0.04912451 0.03188234 0.02604994 0.02404657 0.01820753 0.01682065 0.02222059 0.02671782 0.009495929 0.009214781 0.007259055 0.004867533 0.005948197 0.006264077 0.007054884 0.007876354 0.01051344 0.03909568 0.02533081 0.02776908 0.01001316
0.0006340884 0.001369005 0.0008450358 0.004644788 0.002773879 0.0005121936 0.0002733602 0.001908982 0.001026045 0.0005626085 0.001042384 0.003331628 0.006394 0.00733336 0.00548475 0.008123799 0.01866264 0.04291612 0.084231 0.0639099 0.05828048 0.06278231 0.05488023 0.05588039 0.09746518 0.09919187 0.07794727 0.100551 0.0849764 0.09387389 0.1155422 0.1458512 0.101769 0.08634509 0.06506009 0.06048674 0.04479944 0.02966977 0.03030013 0.01989927 0.02503167 0.02259912 0.01405611 0.009867119 0.008245009 0.007311883 0.006215235 0.00628081 0.009417153 0.01245047 0.01043865 0.009741397 0.03795166 0.02781736 0.01084557 0.01085115
0.001849993 0.004618142 0.0004643789 0.003641728 0.002795779 0.0005450446 0.001977696 0.002131742 0.0007617232 0.0008175109 0.00248435 0.001132946 0.002860408 0.004513601 0.006007541 0.004399697 0.01343333 0.02274176 0.0300016 0.03599621 0.06539822 0.09837712 0.07059782 0.09021599 0.0808399 0.07227806 0.07586893 0.06413849 0.06043519 0.08033115 0.1008118 0.09641445 0.09379718 0.0838037 0.06286232 0.04534512 0.03291216 0.03683006 0.03362687 0.02474516 0.02372316 0.01856889 0.01604444 0.01027154 0.009755319 0.006531201 0.01086204 0.007114253 0.008076835 0.008903864 0.00957831 0.01274039 0.01507201 0.02208955 0.01146317 0.02875571
0.00081663 0.00312926 0.002898412 0.007511621 0.003288805 0.002228372 0.00231056 0.0008119051 0.001086982 0.002712353 0.002998507 0.001718976 0.003989792 0.002354329 0.004001316 0.008239758 0.005866733 0.01122837 0.007999254 0.01973068 0.05583513 0.0903757 0.06412955 0.08675455 0.1080164 0.101603 0.1241115 0.1148333 0.05991146 0.06016039 0.08341534 0.09569646 0.1057807 0.111862 0.05255353 0.03607573 0.02972768 0.02894745 0.02002645 0.0226528 0.02969063 0.02602012 0.01662534 0.01469571 0.01517732 0.008785954 0.01923219 0.008256618 0.009195347 0.00994402 0.01132661 0.0133382 0.02315087 0.01643894 0.01995355 0.01439167
0.00294495 0.002987007 0.004789998 0.00335562 0.005064954 0.004871333 0.004019952 0.0009542149 0.003886663 0.002639809 0.003563646 0.007496785 0.00142929 0.002297216 0.002952336 0.009744031 0.01148062 0.01450489 0.009601619 0.01944131 0.02981364 0.05933456 0.08755554 0.0925108 0.1671116 0.1625182 0.1164511 0.08312216 0.09550003 0.08729719 0.08104551 0.06224875 0.09305815 0.09277264 0.07479554 0.03106631 0.02509715 0.02235137 0.0482819 0.02701011 0.02429271 0.02229363 0.0154215 0.01125546 0.007538446 0.00767389 0.01447134 0.008739398 0.00968074 0.01110875 0.01124976 0.01292646 0.0149374 0.01450946 0.0135773 0.01918568
0.003353309 0.003980424 0.004098609 0.003647112 0.007851321 0.009041047 0.006441448 0.001096848 0.003396953 0.001875403 0.003797943 0.01139841 0.002452404 0.001848807 0.002935321 0.01285152 0.03495378 0.008790288 0.007193458 0.01674265 0.02041451 0.0346455 0.07038788 0.09324592 0.1186044 0.1062238 0.09691316 0.06447846 0.08771837 0.1231672 0.06833909 0.03935052 0.07067481 0.06121012 0.05604266 0.03115763 0.02122342 0.0210043 0.04192701 0.02123346 0.01739856 0.0151258 0.01284879 0.0088132 0.009549398 0.007880831 0.008514746 0.009611932 0.01406339 0.01408148 0.01256149 0.01406453 0.02359167 0.02712475 0.01525721 0.02608432
0.003719503 0.008015387 0.003702715 0.002603137 0.003637087 0.00482343 0.003201704 0.003465304 0.003153862 0.0062087 0.004649003 0.009715222 0.01659078 0.01170182 0.009524051 0.006646126 0.01229888 0.003265367 0.005642571 0.01630156 0.02977702 0.02305852 0.03582077 0.04452858 0.07066774 0.09799676 0.1183924 0.07901563 0.06051705 0.08186053 0.06904911 0.05338394 0.04162493 0.1038025 0.04950986 0.02100741 0.02094172 0.02946093 0.02678368 0.01594028 0.01467443 0.01271833 0.01125106 0.008669829 0.006655127 0.007575327 0.008669072 0.01017262 0.01129457 0.01237588 0.01473405 0.01593476 0.02457007 0.03476945 0.01928897 0.02772601
0.004190243 0.002546206 0.008753203 0.007348835 0.00557494 0.008045179 0.003383804 0.006536318 0.008242647 0.007611395 0.008102409 0.00827571 0.01562645 0.01400776 0.01353518 0.01252038 0.01154701 0.01029753 0.01454494 0.01688712 0.02444078 0.01890667 0.03508366 0.04234083 0.05260831 0.04940699 0.1202743 0.1004298 0.06739625 0.09379348 0.08510371 0.05553648 0.02048689 0.02747918 0.01548692 0.02120717 0.01135637 0.09529021 0.01094633 0.005337023 0.004788314 0.005559535 0.005742822 0.004155546 0.005357404 0.005517433 0.007701745 0.01040768 0.01145336 0.01257656 0.01732267 0.02304154 0.0310096 0.04522971 0.02205733 0.03677264
0.004155908 0.003090619 0.006541886 0.008786025 0.007542152 0.007772657 0.004194975 0.0114082 0.01033918 0.01394912 0.01081699 0.01134102 0.0116798 0.008274136 0.01510092 0.01533281 0.01079432 0.008488729 0.02123344 0.02235415 0.01057194 0.006302555 0.01769431 0.02605605 0.02894848 0.0611943 0.1091979 0.07791486 0.05301965 0.06879856 0.08014758 0.03425381 0.03027146 0.04759996 0.01651238 0.04493072 0.01337704 0.0116442 0.009695613 0.004466077 0.003785254 0.003281971 0.004458187 0.005575487 0.006272824 0.005702662 0.01341627 0.01216922 0.01367765 0.01356184 0.01852533 0.01947505 0.02952361 0.02755901 0.02387906 0.0365205
0.0107044 0.00814812 0.004679807 0.01111685 0.00313644 0.002193851 0.002991997 0.008961275 0.01086245 0.004707352 0.005419843 0.01454568 0.0130194 0.007586945 0.01292133 0.009156297 0.009725354 0.009885641 0.01218692 0.02331012 0.0304014 0.01252036 0.01783535 0.01568962 0.02804302 0.05802102 0.06947722 0.06041038 0.02261551 0.01236829 0.008782911 0.02950608 0.04774883 0.01364622 0.02517185 0.04593126 0.04214804 0.007770119 0.005931401 0.004359303 0.00408862 0.004442118 0.003612186 0.003270529 0.005554833 0.006093172 0.01180698 0.01203139 0.01436303 0.01477323 0.01664099 0.02302563 0.02129026 0.02449602 0.02174011 0.04370091
0.01570592 0.0162071 0.005637413 0.02242577 0.01618637 0.009940902 0.01298725 0.004092977 0.008451771 0.009768121 0.005702732 0.009019687 0.005197339 0.006187088 0.006009266 0.01376805 0.01616048 0.01380173 0.02027096 0.01762674 0.03416304 0.01314114 0.02025923 0.04780574 0.05714147 0.04486733 0.06300908 0.04766355 0.03433954 0.02868839 0.0154071 0.02091944 0.03028518 0.01431971 0.0209796 0.04307618 0.02551883 0.008860043 0.006572191 0.00430271 0.004917979 0.004333873 0.00590721 0.007508598 0.005024458 0.007816239 0.01047863 0.01359021 0.01486628 0.01649381 0.01741309 0.02299458 0.02309536 0.02354873 0.02646741 0.02342484
0.03644756 0.02629092 0.009119189 0.01315897 0.02486862 0.02007097 0.009754323 0.001116759 0.005214171 0.006230121 0.008443171 0.01887182 0.006673192 0.007490075 0.01086939 0.02333535 0.05325021 0.02256247 0.02716147 0.03826591 0.0376165 0.03302415 0.04833435 0.06216421 0.06068341 0.05178369 0.06224931 0.06904204 0.08469119 0.03788139 0.02031847 0.0804728 0.08032867 0.04593596 0.0403904 0.03135388 0.01496074 0.02656227 0.02252959 0.004782892 0.004102046 0.005056776 0.01592887 0.02242395 0.005775607 0.007220142 0.009662908 0.01526976 0.0242921 0.01979727 0.01855404 0.02452266 0.02477319 0.02505331 0.02869061 0.02652374
0.03041144 0.02355799 0.0146593 0.02317587 0.03285545 0.04159695 0.01462938 0.01175247 0.0180279 0.006172607 0.00822792 0.02350517 0.01649922 0.007039548 0.01786908 0.03307431 0.03747207 0.01504013 0.004447731 0.02500733 0.04482593 0.04604916 0.06923726 0.07258604 0.07668665 0.07868861 0.05998033 0.06653199 0.04819425 0.03235799 0.005462143 0.0477794 0.08515906 0.08084463 0.02338408 0.02317085 0.06186842 0.04157034 0.007773135 0.005004129 0.004365899 0.003708136 0.01958827 0.009366093 0.01366284 0.01022979 0.01066481 0.01398903 0.0190792 0.02474615 0.02038513 0.02667768 0.02704491 0.02745109 0.03088177 0.02916285
0.03882204 0.07308231 0.0223098 0.02598482 0.0221349 0.01928217 0.01179434 0.02389331 0.02266261 0.01427428 0.01301652 0.02755597 0.03854836 0.01129874 0.02477673 0.04011417 0.02017213 0.02480352 0.01799508 0.03136835 0.0274076 0.06157249 0.07714687 0.05277651 0.03260896 0.03575559 0.02845912 0.01591447 0.01352157 0.05611658 0.04407766 0.07993838 0.08829062 0.04495619 0.01192088 0.0140392 0.02301067 0.01824036 0.007779346 0.006417605 0.005910816 0.005614792 0.01083017 0.007399679 0.01603027 0.01777587 0.01820736 0.02226318 0.02569349 0.02697874 0.02371918 0.02949854 0.02991435 0.03045194 0.03423851 0.03643706
0.05160833 0.0340569 0.01350939 0.03962918 0.02749054 0.01260918 0.005028379 0.0196097 0.0185126 0.00167895 0.03311131 0.0207674 0.03078539 0.04322026 0.01837607 0.04367496 0.0370063 0.04688243 0.0644818 0.02411999 0.02671828 0.04627643 0.04599913 0.05387637 0.08124335 0.04719571 0.01684387 0.00755565 0.04008003 0.0954755 0.09060255 0.05471824 0.09508713 0.08364882 0.06001263 0.03147028 0.02330465 0.01829346 0.04217093 0.01446272 0.01068109 0.009528095 0.02244513 0.01739316 0.02092576 0.03038961 0.01976277 0.02670371 0.03237346 0.03130415 0.02759443 0.03174033 0.03223025 0.0327369 0.03335805 0.03507058
0.08542239 0.05715476 0.03582636 0.02455505 0.03648145 0.0446145 0.03097261 0.03113233 0.02294419 0.005313342 0.04374286 0.03608543 0.05070772 0.03882219 0.03615901 0.04893179 0.0626632 0.06201053 0.06904293 0.02411409 0.01911615 0.02571827 0.04343098 0.07431983 0.08726086 0.0504728 0.01157972 0.01642568 0.01384088 0.08921752 0.09125855 0.03827254 0.06780332 0.07034757 0.075335 0.08936645 0.03479008 0.01361517 0.07264757 0.04631172 0.02218227 0.01325428 0.01487615 0.03122809 0.02695755 0.02774548 0.02407716 0.02784943 0.03542831 0.03620055 0.03991381 0.03639471 0.0360445 0.03734851 0.03689965 0.03877891
0.1407311 0.06045862 0.04664204 0.03315195 0.05511818 0.04936039 0.04946496 0.06005897 0.01914932 0.02197713 0.02156898 0.06360563 0.03837767 0.06047265 0.0632671 0.02839853 0.03823887 0.06511568 0.0327328 0.02091746 0.01953101 0.02403459 0.0286938 0.07644749 0.09218332 0.03992578 0.009852472 0.002318552 0.006514042 0.04198526 0.06929126 0.03780995 0.06398684 0.06732252 0.08489245 0.1235579 0.09919529 0.1098703 0.04453785 0.01978731 0.03241301 0.05489919 0.04540918 0.0268263 0.02413371 0.02599535 0.02667815 0.03346046 0.03507319 0.05805779 0.04160387 0.03750646 0.03809493 0.03872628 0.03801963 0.04816142
0.1175695 0.06367386 0.06533656 0.1204956 0.09406154 0.0267928 0.05122516 0.04541249 0.01390001 0.03248642 0.05969761 0.05912661 0.04550393 0.048952 0.0192416 0.01463911 0.0447677 0.06930126 0.04604721 0.02681519 0.01848258 0.01251285 0.02036613 0.03281996 0.0352868 0.009574921 0.0036159 0.004471954 0.003768475 0.0221054 0.0470247 0.04942665 0.03683405 0.02622596 0.02197126 0.03554937 0.06168638 0.1168471 0.0967465 0.05071828 0.01700768 0.03082978 0.05734277 0.0422948 0.03025693 0.03380018 0.03502327 0.03226783 0.04893017 0.04360994 0.04338867 0.04457052 0.03884399 0.04528244 0.04030875 0.04867362
0.1288426 0.0935545 0.07773051 0.1617306 0.05969219 0.05396228 0.07176572 0.03198006 0.04330323 0.0495257 0.06317218 0.03285089 0.06640251 0.05629107 0.01835502 0.05066284 0.06419934 0.06286724 0.04085493 0.03487666 0.02727713 0.01554663 0.01467277 0.02244038 0.0157486 0.01519223 0.006633682 0.01061192 0.002269256 0.01102148 0.04346266 0.04836481 0.04707587 0.03096345 0.03268354 0.02461108 0.04051004 0.0629857 0.09414604 0.07152445 0.08647723 0.03521011 0.04480128 0.09320313 0.03473209 0.02547697 0.04134686 0.03987338 0.0447411 0.04673164 0.04024108 0.04523745 0.04190538 0.04980398 0.05159257 0.1063818
0.1528819 0.1657016 0.1226613 0.09270688 0.05510133 0.09282672 0.07218666 0.03709691 0.03261755 0.03091714 0.03293394 0.02587915 0.03724698 0.02135123 0.006481437 0.04038184 0.06220597 0.04289355 0.0302596 0.0166723 0.03582222 0.02299056 0.01070135 0.009981789 0.003058744 0.006843903 0.02600531 0.007639866 0.00164457 0.005365723 0.01691948 0.0429521 0.06155295 0.04743527 0.04096175 0.0484166 0.04475338 0.05086291 0.06455442 0.1039488 0.1425491 0.05076665 0.06466211 0.06302943 0.08184916 0.05342893 0.06108881 0.06226214 0.06147726 0.05953978 0.06204187 0.04239203 0.04659504 0.05505428 0.05777351 0.09138929
0.09511189 0.1130666 0.1251362 0.1244154 0.1082472 0.1426743 0.2098943 0.1148557 0.05803825 0.03546184 0.0587854 0.02770687 0.01619722 0.029353 0.03968895 0.02908485 0.0646655 0.04540043 0.04109041 0.02478158 0.0340141 0.03677015 0.03979856 0.02813681 0.002738796 0.001379382 0.002760492 0.002020513 0.003797255 0.008588641 0.01475216 0.03241853 0.05571373 0.08664022 0.09106771 0.05605594 0.05801634 0.0534168 0.05875697 0.08371822 0.1352548 0.1771235 0.09933196 0.05088578 0.05271331 0.05746818 0.05662296 0.06162262 0.07737814 0.07592078 0.08853681 0.04808173 0.04633103 0.06445489 0.1087049 0.09436969
0.1242953 0.1298397 0.1704698 0.1882945 0.08686338 0.04444541 0.1024905 0.08167699 0.0521586 0.04077576 0.07457005 0.06035425 0.0348647 0.05103092 0.05360293 0.03852148 0.03177284 0.02452122 0.04099688 0.02831192 0.04142848 0.02579012 0.03597958 0.03254765 0.004630332 0.00271286 0.004543921 0.005491764 0.005687919 0.006836203 0.0137214 0.03041722 0.05043857 0.0781762 0.07451121 0.06222774 0.06232684 0.057459 0.06923714 0.1292675 0.1193712 0.1326892 0.09234647 0.0608694 0.05036057 0.05703972 0.05899334 0.06668153 0.07784729 0.06974065 0.0963824 0.05598253 0.07434064 0.07893009 0.1283799 0.1123986
0.2767556 0.4344181 0.1862621 0.1848127 0.1226533 0.07242311 0.05922874 0.1030906 0.07053805 0.06081103 0.0615135 0.0626848 0.04498277 0.07717381 0.08861468 0.08746219 0.03707163 0.03390438 0.03704078 0.06234721 0.02904351 0.0521719 0.01068129 0.008841102 0.003864529 0.003362472 0.002977922 0.01041239 0.00714833 0.02157138 0.02061776 0.03464239 0.03837938 0.06378713 0.07391629 0.08346846 0.06806 0.06500735 0.06765795 0.07884539 0.08686305 0.0931067 0.1539123 0.08745261 0.08854007 0.1013445 0.1240054 0.1050705 0.1111451 0.07860262 0.07428548 0.05582001 0.06963569 0.0943445 0.08975398 0.1573769
0.3431491 0.3311143 0.286491 0.2257884 0.1660401 0.118091 0.09341616 0.1263429 0.1277908 0.05615552 0.0635476 0.0386113 0.04989935 0.06922667 0.08996292 0.07622796 0.04820303 0.03162726 0.04556088 0.03532735 0.0184001 0.01673706 0.0118597 0.01427086 0.00784953 0.004790039 0.007856788 0.00735051 0.005795212 0.01277774 0.02518674 0.03731476 0.04699815 0.06191521 0.07159435 0.09657566 0.09697896 0.06891331 0.07640905 0.07466438 0.07980473 0.08700637 0.1080642 0.09416649 0.09027445 0.1670204 0.1455708 0.1425943 0.1115549 0.09381396 0.09118731 0.09113699 0.09301578 0.08329236 0.09059662 0.1517923
0.3778488 0.2612213 0.3007356 0.3017598 0.2447973 0.1483202 0.0917867 0.1870003 0.1501712 0.05475694 0.06091692 0.03577667 0.0651672 0.1031416 0.08346804 0.0474636 0.04016109 0.04214783 0.0421209 0.0441792 0.04501487 0.02672343 0.02092952 0.01916344 0.008310663 0.007303405 0.008497791 0.007635936 0.009473492 0.0184836 0.0295281 0.04202085 0.03530095 0.04772055 0.06080042 0.09251495 0.1105619 0.08579495 0.09221946 0.1095055 0.09891366 0.09101892 0.1170324 0.07941581 0.0996716 0.1793145 0.1402017 0.1327355 0.1167096 0.09506235 0.08432928 0.08088646 0.1259668 0.1117561 0.1047479 0.1309395
0.1945048 0.2950465 0.2233508 0.3368475 0.3605389 0.1988317 0.1114262 0.1156165 0.1145866 0.1173326 0.06598563 0.05537773 0.1365999 0.144421 0.108486 0.0935144 0.05713739 0.05833688 0.04045013 0.0650908 0.05564124 0.04477885 0.03941208 0.0285171 0.02313783 0.03684245 0.007784282 0.005633398 0.0255653 0.03125107 0.02710046 0.04117915 0.0505297 0.04896099 0.06555669 0.089121 0.1084167 0.09279517 0.07885566 0.1069083 0.1633197 0.07280563 0.06643823 0.07823831 0.1509908 0.09334064 0.1394714 0.07963426 0.08104448 0.08786138 0.07862102 0.0848279 0.1196918 0.1059432 0.1070021 0.07465957
0.1786618 0.3531774 0.2481707 0.3165114 0.4443822 0.2617361 0.1661929 0.1201043 0.09376201 0.08809765 0.1411483 0.1763279 0.1863295 0.1351994 0.1197086 0.1026189 0.08552264 0.06556473 0.0639298 0.1265152 0.1125075 0.08516405 0.06452683 0.05146489 0.01840311 0.01541933 0.007390529 0.009125618 0.02350283 0.02701679 0.02268896 0.04486245 0.05123796 0.05769094 0.06766314 0.09361537 0.103751 0.09325909 0.08863392 0.1003303 0.09067438 0.06386653 0.06571074 0.07776079 0.101319 0.08425378 0.1057588 0.1067664 0.09322325 0.1331336 0.1083497 0.08342847 0.0749816 0.06711964 0.07859644 0.05876338
