contrib/geomasonDemos/riftland/DataFiles/RainData/.svn/text-base/122.txt.svn-base
ncols         56
nrows         54
xllcorner     28.264
yllcorner     -5.7719999999999
cellsize      0.25
NODATA_value  -9999
[rows 0 to 25 of 54, columns 0 to 55 of 56]
0.0001201883 0 5.84995e-006 0.0001939295 0.001801874 0 0 0 0 0 0.002307477 0 0.001632391 0.001412871 0 6.431228e-005 2.409552e-005 1.606631e-005 2.4067e-005 0.0004335885 0.001286347 0.001181969 0.001213949 0.002797122 0.002717352 0.005966688 0.007283634 0.01260345 0.02094827 0.00825862 0.01359483 0.01588793 0.0102931 0.01231034 0.007318966 0.006517241 0.001465517 0.0005689655 0.001431034 0.002241379 0.002827586 0.007387931 0.01231035 0.001905172 0.003474138 9.482758e-005 0.0008965516 0.0002844828 0 0 0 0 0 0 0 0
0.0003662419 0 0.0009627046 0.002802751 0.003225814 0 0 0 0 0.0002889874 0.002571085 0.003002061 0.004057453 0.002964993 0.0006106257 7.376088e-005 0.0006335371 8.930254e-006 0 0.0004577316 0.0009642527 0.0007875696 0.0007953696 0.001182358 0.002353765 0.005755442 0.003534715 0.005603448 0.01525862 0.01948276 0.01647414 0.01809483 0.01361207 0.008405172 0.005172414 0.002603448 0.001741379 0.001646552 0.004293104 0.004534483 0.005551724 0.005068967 0.001310345 0.004077586 0.003137931 0.000362069 7.758621e-005 0.0001293103 0 0 0 9.254598e-006 0 0 0 0
0 0.0002565033 5.110264e-005 0.0004601769 0.007157518 0.0007456259 0.0003517594 0.0002688856 0.0009167379 0 0.001039348 0.001768487 0.001846753 0.001320937 0.002718156 0.001812609 1.285943e-005 7.539328e-005 0 0.0007113765 0.004859657 0.002109785 0.002969103 0.00213455 0.003073216 0.006235049 0.01399556 0.01437931 0.01428448 0.01693103 0.0185431 0.01147414 0.008775862 0.006431034 0.006362069 0.004775862 0.003931034 0.001637931 0.001017241 0.005646551 0.007922416 0.003318965 0.005017242 0.003991379 0.002637931 0.001991379 0.002681034 0.0008965516 0 0.0002672414 0 0 0.0001588483 0.0003489868 0 0.0005363238
1.273472e-006 2.852719e-007 0.0007082773 0 0 0 0 0 0.0001324508 1.676448e-005 0 0 3.325776e-005 0 0 0.0008262892 0.000253404 6.17929e-005 0 0.001192982 0.002706313 0.004287936 0.007325866 0.003280657 0.002698979 0.00752532 0.02229387 0.01939966 0.01414614 0.01181395 0.01016758 0.01795086 0.01603824 0.007916836 0.007089268 0.00547144 0.003209631 0.003751761 0.002868431 0.003205031 0.007131099 0.00855827 0.01267377 0.008189655 0.002672414 0.005543104 0.01319827 0.0003448276 0.0001293103 8.620689e-005 0.0001329585 0 0 0.000646741 0 0
1.765274e-006 4.003234e-007 2.866316e-007 5.271429e-005 0 0 0 0 6.087057e-005 2.058386e-005 0 8.295263e-005 2.06006e-005 2.083321e-005 0 0.001741496 0.0002755896 7.698058e-005 0 0.0002119912 0.000694565 0.001288397 0.003378069 0.0004844517 0.006164233 0.007232772 0.01165657 0.008813437 0.01084211 0.01071827 0.01131087 0.02086887 0.01866914 0.01222295 0.008200197 0.007041394 0.003492009 0.002570003 0.003328502 0.004411301 0.002921107 0.006935842 0.00691848 0.002112069 0.000112069 0.001689655 0.005801724 6.034482e-005 0 8.620689e-006 0 0 0 0.001530191 0 0
3.786218e-006 1.438465e-006 1.18001e-006 0 0 0 7.051954e-005 0 0 2.381984e-005 4.83909e-005 0 0.0001198724 0.0001210303 0 0.004452772 0.002038672 4.517884e-005 2.168636e-005 0 0.0007383389 0.0004291592 0.0001338072 0.000692574 0.01002855 0.01394538 0.0114637 0.007448471 0.007665052 0.007463558 0.008194303 0.01141449 0.01342313 0.01193987 0.007422278 0.003921306 0.004296178 0.001230437 0.006030519 0.002079779 0.00602392 0.005594311 0.001523145 0.0002586207 0.000137931 0.0001293103 0.0001724138 0 0 0 0 0 0 0.001292771 0.0001239128 0
4.400533e-005 3.39733e-006 2.888004e-006 0 0 0 0 0 0 0 2.670901e-005 0 0 0 0.001185127 0.005580147 0.004416333 0.0002022599 0.0006553694 0.0007214866 0.002533784 0.0008366007 0.001812764 0.006372507 0.01128152 0.02182983 0.01339711 0.01058442 0.005222003 0.006703808 0.00770839 0.004201225 0.009241924 0.0163074 0.003500342 0.001028747 0.002060936 0.005098243 0.006004031 0.002242451 0.004211943 0.0008442455 0.0006960646 0 0 8.620689e-006 0 0 0 2.586207e-005 0 0 0 0.0007234287 0.0005879456 0
0.0003727063 0.002897071 0.001661992 2.769534e-006 0.001027713 2.007496e-006 2.232357e-006 1.553937e-006 1.685765e-006 1.60091e-006 0.0003057229 3.7365e-007 2.780707e-007 0.0004892665 0.000210032 0.000294895 0.002125501 0.0002321754 0.0004447004 0.002833951 0.0003339923 0.006863251 0.003676399 0.003500137 0.009407637 0.01573653 0.01365928 0.006682049 0.009373854 0.009635367 0.007356525 0.00820489 0.003887584 0.006541713 0.001394689 0.003441974 0.001455642 0.008918138 0.002835962 0.0007337794 0.002092409 3.439416e-005 1.982997e-005 2.338254e-005 8.625209e-005 7.378014e-005 5.344233e-005 5.782675e-005 6.163662e-005 6.878514e-005 6.914745e-005 1.209049e-005 0 0 0.0005781814 0
0.001586566 0.002956396 0.001821777 0.0003014946 0.002866524 2.809823e-006 0.002762595 2.175117e-006 2.359603e-006 2.240847e-006 1.863719e-006 5.208354e-007 3.88286e-007 0.0003528715 0.0002842876 0.001902249 0.0006528113 0.001198841 0.001391188 0.003662625 0.0122442 0.01512248 0.007574532 0.003891942 0.004721049 0.005869888 0.005752885 0.009145673 0.006483319 0.008804372 0.007488307 0.00596171 0.006481116 0.005838197 0.00280854 0.00203888 0.003762618 0.001726946 0.001885282 0.0005233022 0.001471577 0.0001783465 2.262873e-005 2.711781e-005 3.530346e-005 4.719516e-005 5.289468e-005 5.880867e-005 6.426719e-005 6.878514e-005 0.0002782198 0 0 0 0.001510865 0.0003052489
0.00986426 0.005109752 0.007240605 0.007222383 0.006762544 0.004129048 0.004114069 0.001609122 2.099441e-005 2.299046e-005 2.346159e-005 0.0006218997 0.001745246 0.0003160538 0.0004424141 0.0009887872 2.225705e-006 0.0003241104 0.001100972 0.01555122 0.01393969 0.01185174 0.01014257 0.009580463 0.00889387 0.004342272 0.004313946 0.007862769 0.007072693 0.00395847 0.002218868 0.003466114 0.005844765 0.004136149 0.003776402 0.0006317365 0.0009561037 0.0002626849 0.001105722 0.0003663475 0.0004294812 0.0005490529 0.0001228993 3.005185e-005 3.885655e-005 8.726466e-005 5.371127e-005 6.072742e-005 6.712206e-005 7.162846e-005 7.448438e-005 0 0.0004282579 0 0.0002843374 0.00315972
0.01727995 0.01340702 0.006176212 0.009935262 0.006777631 0.006018074 0.004525152 0.0001922541 0.0001298733 0.0007575981 6.535692e-005 0.003675137 0.002375796 2.344346e-005 0.001028082 0.0005368105 0.0007381208 0.0009339571 0.002329707 0.01627612 0.008821359 0.02064931 0.01403507 0.02186695 0.02105607 0.01296282 0.004677257 0.003189247 0.009832505 0.003303372 0.001681144 0.003123872 0.003538226 0.003029844 0.003173067 0.001660013 0.001432036 0.0004806923 0.001090491 0.0005561669 7.058508e-005 0.0008003528 0.0001253075 3.22121e-005 4.106664e-005 4.957515e-005 5.617268e-005 6.32528e-005 7.001769e-005 7.48225e-005 7.727218e-005 0 0.001445817 0.0002690027 0 0
0.01971668 0.02979707 0.02757777 0.02449418 0.02260686 0.02274553 0.00214649 0.001979078 0.00205672 0.004576734 0.006107774 0.001758708 0.001043887 0.001671698 0.00119396 0.001456999 0.001687958 0.002110881 0.00241409 0.01786262 0.009088584 0.04557222 0.01693876 0.01292324 0.02257954 0.01725179 0.004919237 0.006936451 0.006583907 0.002925421 0.001770165 0.001253658 0.001194186 0.004444713 0.0006790916 0.002330597 0.0002397814 9.8591e-005 6.332195e-005 1.751836e-005 2.433938e-005 8.715109e-005 5.78303e-005 6.393883e-005 8.109523e-005 9.609308e-005 0.0001087762 0.0001248532 0.0001380984 0.0001477878 0.0001529501 9.847506e-005 8.614102e-005 9.361879e-005 9.429967e-005 9.381271e-005
0.0250694 0.1147742 0.04012802 0.02618944 0.01061522 0.008010842 0.004358441 0.004156892 0.00467813 0.006034465 0.008978698 0.004166691 0.001437325 0.001675157 0.00170406 0.006761361 0.003140575 0.003524421 0.00252391 0.02113183 0.007972035 0.03560842 0.03373437 0.002000426 0.01135453 0.008518746 0.002513897 0.00216499 0.001121761 0.0004311775 0.001319489 0.001297272 0.001123001 0.001981163 0.0009713548 0.001677966 6.342092e-005 0 0 2.038832e-005 2.838956e-005 7.773238e-005 6.250436e-005 6.764746e-005 8.504861e-005 0.0001000262 0.0001133354 0.0001296086 0.000143926 0.000153505 0.0001586601 8.586523e-005 8.963515e-005 9.321015e-005 9.416354e-005 9.394718e-005
0.03963765 0.06898135 0.1261722 0.03159217 0.01728386 0.0358261 0.03458431 0.01075894 0.007798694 0.009271933 0.01364358 0.007843984 0.002684998 0.001697615 0.002561015 0.004714965 0.007817966 0.003991362 0.003443283 0.008621478 0.04461927 0.02668693 0.01534268 0.01253869 0.002351066 0.002034731 0.0002010472 0.0002975333 0.001672934 0.0001135159 0.0005532335 0.00129048 0.0006041263 0.0008328538 0.001006839 0.00149188 0.0007986698 0 0 2.247596e-005 3.129372e-005 6.015931e-005 6.641648e-005 7.104971e-005 8.904552e-005 0.0001042733 0.0001177069 0.0001345436 0.0001490551 0.0001578039 0.0001630566 8.801763e-005 9.190607e-005 9.366384e-005 9.446421e-005 9.43355e-005
0.06535045 0.06700834 0.1043942 0.06064748 0.03058246 0.04834121 0.04115893 0.01933336 0.0131027 0.01819708 0.03969443 0.01735906 0.005516795 0.002782214 0.004592316 0.005608245 0.01156769 0.005500914 0.01019519 0.001770623 0.01772124 0.03667099 0.02610015 0.008602198 0.005006975 0.005925533 0.001640224 0.000939757 0.0007365424 0.0005864517 0.0008169042 0.004552991 0.0006060761 0.001161848 0.002151049 0.002098909 0.003124352 6.33551e-005 0 2.363999e-005 3.291297e-005 4.838015e-005 6.940895e-005 7.451137e-005 9.308591e-005 0.0001085669 0.0001227975 0.0001387009 0.0001527262 0.00016108 0.0001657384 8.932823e-005 9.292953e-005 9.449088e-005 9.545171e-005 9.522714e-005
0.0540883 0.07624033 0.06089844 0.07411982 0.06450971 0.06054861 0.02659725 0.01937858 0.02355757 0.0166068 0.02808453 0.01193489 0.01216468 0.01149946 0.009644089 0.03013266 0.01413855 0.01600762 0.02294063 0.007407221 0.02814584 0.03825395 0.02900649 0.009310812 0.003509771 0.004621123 5.354451e-005 0.0001547082 6.801673e-005 1.193674e-005 8.621337e-006 0.001704884 0.001960974 0.0006847761 0.001742865 0.001692397 0.001345767 0.001834567 0 3.077973e-005 4.305363e-005 6.291274e-005 9.034044e-005 7.841276e-005 9.693314e-005 0.0001124189 0.0001264484 0.0001408727 0.0001549717 0.0001624633 0.000166893 8.959238e-005 9.26252e-005 9.421917e-005 9.50824e-005 9.577398e-005
0.06126757 0.1159377 0.1181186 0.103616 0.08847561 0.07871266 0.02860962 0.01873347 0.01697621 0.02850389 0.0130375 0.01849136 0.01692224 0.01475124 0.009906709 0.02525766 0.01056847 0.02515875 0.01492371 0.062544 0.07169506 0.1058382 0.02111228 0.02129326 0.001931463 0.004353241 0.0002348995 5.494656e-005 2.899076e-005 1.413185e-005 0.002489383 0.001664111 0 0 0 0.0007930928 4.729919e-005 0.0007405629 0 3.222381e-005 4.507169e-005 6.561122e-005 9.425332e-005 8.192239e-005 0.0001009289 0.0001164265 0.0001309586 0.0001453216 0.0001589566 0.0001672954 0.0001703502 9.112399e-005 9.363335e-005 9.478706e-005 9.581277e-005 9.641659e-005
0.08913737 0.08925287 0.1152652 0.1022716 0.07256219 0.07970734 0.03510468 0.01608902 0.03455235 0.02040572 0.01378232 0.01272134 0.01680105 0.01873051 0.01046 0.01473062 0.01727695 0.02439405 0.01678413 0.07754986 0.06868251 0.03885712 0.0288509 0.02012195 0.008336131 0.00369214 0.0002453028 0.0002030287 6.736991e-005 4.354078e-005 3.297381e-005 0.006742713 0.004303351 0 0 0.0001179193 0.002494727 0.001430311 0.0001271665 3.305673e-005 4.62299e-005 6.789162e-005 9.887358e-005 8.597059e-005 0.0001054708 0.000122533 0.0001363395 0.0001509375 0.0001644429 0.0001723403 0.0001742208 0.001123968 9.463596e-005 9.574468e-005 0.0001267798 9.748507e-005
0.09221864 0.09865014 0.09056129 0.08170911 0.05533451 0.06479152 0.0638269 0.02939814 0.02217996 0.01536941 0.01702318 0.013959 0.0279916 0.02368085 0.01759018 0.02051221 0.05250089 0.0381917 0.03076185 0.08102509 0.05102956 0.02994291 0.008287498 0.009971843 0.0004280724 0.001217168 0.0002570951 0.0001951082 0.0002080698 0.0001002275 7.70666e-005 0.0005540493 0.005200714 0 0 0.0004235664 0.003873401 0.0007291748 0.003357473 3.327872e-005 4.663077e-005 6.976942e-005 0.0001033649 9.052487e-005 0.0001119853 0.000129872 0.0001435528 0.0001580612 0.0001710019 0.000178792 0.0001801899 9.542974e-005 9.611365e-005 9.759729e-005 9.783543e-005 9.821259e-005
0.05788882 0.08257084 0.07795733 0.03648432 0.1655232 0.05403424 0.0453486 0.03593712 0.03121094 0.02245286 0.01273649 0.03817543 0.05456068 0.06346274 0.03250138 0.03923328 0.03968763 0.05938494 0.04046617 0.08044138 0.04832404 0.06515131 0.0428265 0.02267597 0.001974518 0.0008713789 0.0003976153 0.0007142504 0.000596897 0.0003923755 0.0003342272 0.0007791968 0.003620263 0.001112441 2.704405e-005 0.000997824 0.002840801 0.0008443854 0.002681272 6.446974e-005 9.028184e-005 0.0001378576 0.000209533 0.00230354 0.002716684 0.002548424 0.003006223 0.002446958 0.002565557 0.002252958 0.0006711048 0.0001856479 0.0001870354 0.0001886108 0.006206769 0.0001880405
0.1188874 0.08379841 0.07443734 0.04798502 0.05842645 0.1131498 0.07787182 0.05297896 0.03755725 0.06688845 0.01123004 0.03849015 0.09156972 0.06983935 0.04448095 0.06833644 0.06215478 0.06555098 0.0552349 0.07708369 0.105314 0.06403428 0.05075738 0.01938362 0.009241828 0.001678507 0.0006474732 0.0009369185 0.0007094119 0.001123512 0.001232775 0.0002005198 0.002370464 0.003879554 3.78519e-005 2.338382e-007 0.002965888 0.004843495 1.916417e-007 6.489733e-005 9.033587e-005 0.0001416061 0.0002182761 0.0008386201 0.001450263 0.001743794 0.0005739207 0.0017394 0.002221579 0.00665791 0.008045206 0.003252136 0.0005944527 0.009198945 0.01497986 0.002965922
0.1104885 0.1028297 0.08143652 0.06697962 0.09758786 0.1320601 0.08935283 0.05640424 0.1208285 0.1455504 0.01320652 0.02318692 0.06314904 0.06588016 0.07922976 0.1457852 0.1094395 0.06629267 0.06047869 0.05591476 0.04409635 0.03751171 0.04872313 0.03735678 0.02475585 0.005100794 0.003748578 0.004724124 0.001120568 0.0008916148 0.002193556 0.00146331 0.0002097633 0.004104956 0.0001019542 6.435897e-007 0.002329068 0.004241013 0.003654259 6.918684e-005 9.429394e-005 0.0001473554 0.0002359987 0.0003800432 0.0004776149 0.000549173 0.0005962776 0.0006392436 0.0006821124 0.0007039605 0.0007028514 0.000192766 0.0001919935 0.0001917513 0.00475626 0.0001900255
0.05853947 0.1346578 0.1553912 0.1649978 0.1562401 0.1660646 0.1209811 0.09036517 0.1108903 0.0430538 0.02630224 0.03975478 0.04647182 0.07118931 0.09186794 0.09062078 0.08674392 0.07818157 0.06963761 0.05678957 0.05364133 0.0459156 0.07134084 0.01630059 0.01780423 0.008971963 0.006035637 0.003809435 0.001758399 0.001465238 0.002122534 0.001631281 0.0004990963 0.000488189 0.0005263939 1.401556e-006 0.0001452942 0.000956008 2.594121e-007 7.722453e-005 0.000101228 0.0001559515 0.0002396316 0.00039779 0.0004983438 0.0005701736 0.0006138297 0.0006502014 0.0008246607 0.0008655061 0.0007036958 0.0001922081 0.001807656 0.001935781 0.0001897913 0.0001856258
0.0547993 0.1065034 0.176353 0.2522383 0.1659994 0.2609718 0.2278168 0.1041385 0.09407068 0.04399201 0.02839743 0.03096067 0.04029901 0.04746368 0.05059147 0.06557825 0.03823518 0.03839016 0.05435513 0.03606228 0.05658111 0.04417347 0.03651414 0.01958323 0.0175317 0.01199225 0.007106334 0.006437638 0.004331631 0.003725469 0.003228689 0.002914152 0.001893023 0.000740851 0.0004719943 0.000307599 8.483341e-005 0.002316867 0.000266404 7.598106e-005 9.647699e-005 0.0001533168 0.0002236939 0.002574896 0.0005788345 0.001756115 0.003283689 0.003627935 0.001984734 0.002225113 0.006410256 0.0002361543 0.0001936802 0.000639887 0.0001914066 0.000184617
0.06951711 0.1030998 0.1430209 0.1664211 0.06188368 0.08909458 0.1708989 0.0761954 0.07662531 0.05715491 0.02957178 0.04653967 0.04196722 0.06306092 0.04620198 0.06222537 0.03052975 0.03528444 0.03481453 0.04246935 0.09139588 0.06841818 0.04521634 0.03193261 0.01532643 0.01550561 0.01375976 0.0118007 0.00877065 0.00694269 0.005202214 0.003838534 0.002798514 0.001738097 0.001115392 0.0001665608 2.485087e-005 5.472281e-006 7.970327e-006 8.305619e-005 0.0001027036 0.0001535179 0.0002341132 0.001267948 0.002232714 0.0006807281 0.0007180045 0.0007005309 0.0007377657 0.0007478556 0.00144617 0.0001959879 0.0001923062 0.0001898704 0.0001891107 0.0001820514
0.09351714 0.1711861 0.1297069 0.04348326 0.03879731 0.05804456 0.1007224 0.09042092 0.1303465 0.02474151 0.0246341 0.06821422 0.07274224 0.1109709 0.06638964 0.08155923 0.03943188 0.06333876 0.03004083 0.05770312 0.07227611 0.0806489 0.08162922 0.028358 0.03327578 0.03772631 0.02158814 0.01949973 0.0264516 0.02109885 0.007350129 0.007036585 0.005006439 0.006486396 0.005148278 0.0001336125 6.380557e-005 3.467722e-005 2.90184e-005 0.0001851236 0.0001403666 0.0001549085 0.0002276648 0.0004621966 0.0005709955 0.0006428647 0.0009720359 0.001805872 0.0006990122 0.0007085138 0.0007024967 0.0001870068 0.0001838922 0.0001814421 0.0001809641 0.0001744516
