contrib/geomasonDemos/riftland/DataFiles/RainData/.svn/text-base/122.txt.svn-base
ncols         56
nrows         54
xllcorner     28.264
yllcorner     -5.7719999999999
cellsize      0.25
NODATA_value  -9999
[rows 26 to 51 of 54, columns 0 to 55 of 56]
0.1544107 0.1597586 0.08692045 0.04532364 0.07370675 0.08279172 0.1546471 0.1055493 0.0768526 0.01880468 0.03635547 0.09854988 0.1052586 0.1533272 0.08507144 0.08197618 0.08180474 0.07478554 0.05754739 0.08150759 0.1465133 0.1409191 0.1026174 0.05160158 0.03644579 0.03615887 0.02688597 0.02949732 0.04582479 0.04214376 0.01384542 0.006915911 0.004118531 0.003611882 0.0068156 0.00346252 0.0001353478 9.197034e-005 7.015508e-005 0.0003811023 0.0002175955 0.0001508498 0.0002053171 0.0004000829 0.0005045598 0.0005420868 0.001140624 0.0008641828 0.0006091927 0.0006256785 0.0006245116 0.000168582 0.0002734615 0.0002271907 0.0001661084 0.0001617859
0.1229055 0.1665836 0.07182124 0.05454095 0.1364672 0.1028449 0.1626735 0.1129382 0.07795244 0.06268977 0.0721828 0.1139932 0.1692944 0.1237212 0.09026092 0.09238207 0.08848082 0.1178604 0.08289418 0.05809006 0.09503404 0.1034984 0.1027868 0.1126789 0.06207324 0.04729323 0.05228642 0.03748254 0.03262171 0.02811906 0.02205843 0.01296867 0.009449796 0.006456621 0.006756588 0.006728692 0.003134118 0.002037144 0.001488386 0.0002571998 0.0001239045 6.519325e-005 8.128538e-005 0.0002630161 0.000448201 0.0004401418 0.0004015766 0.0004546625 0.0004883865 0.00053066 0.0005131472 0.0002890248 0.0002041107 0.0002132207 0.0001503129 0.000149877
0.2460034 0.1542602 0.117577 0.1470507 0.1072197 0.04756367 0.05773128 0.09029568 0.06795584 0.04952815 0.08120238 0.1162581 0.124125 0.1083424 0.0711927 0.09450547 0.09835893 0.1106514 0.08430333 0.05912753 0.06353834 0.1363789 0.1852862 0.09546763 0.07577312 0.06527159 0.05136371 0.04330435 0.03334705 0.02834064 0.02860009 0.02416649 0.01255916 0.009239896 0.007669204 0.006171605 0.004321462 0.003234484 0.002183735 0.0003616165 0.0001548026 6.338718e-005 7.122133e-005 0.0002142483 0.0003457573 0.0002623955 0.0004769784 0.0003692577 0.0004055122 0.0004542775 0.000442361 0.0001308744 0.004106467 0.0002520306 0.006370627 0.0001367203
0.3107702 0.2137734 0.1268851 0.1190551 0.07326651 0.058478 0.09978083 0.05460704 0.07461467 0.07022168 0.06076273 0.07938645 0.1026653 0.07477207 0.07892912 0.09068953 0.09121057 0.1466141 0.08619828 0.133336 0.08360715 0.08730616 0.09161222 0.06733823 0.08011759 0.06965742 0.07979149 0.06145274 0.034936 0.02981893 0.02818241 0.02194468 0.01390343 0.01099122 0.008742171 0.007889512 0.006333769 0.00444192 0.007458361 0.001489917 0.0002194978 7.913067e-005 7.551863e-005 0.000195337 0.0001853062 0.0003673063 0.000323006 0.0002903125 0.0003443817 0.0003513357 0.0003669299 0.0001103829 0.0002102667 0.0001726924 0.003505637 0.0001207299
0.2393382 0.1911495 0.3056321 0.1354983 0.05615961 0.03008629 0.07601065 0.04787517 0.08018171 0.07091688 0.04489619 0.08176962 0.1037924 0.09019093 0.08426045 0.1286821 0.2371198 0.2872346 0.1316546 0.1278241 0.1738607 0.1421036 0.1010372 0.07817961 0.0632659 0.08358952 0.08255621 0.05041698 0.03985362 0.02807767 0.02476252 0.02100776 0.0190712 0.014631 0.01604422 0.0125661 0.008821332 0.006557608 0.005105791 0.0009173207 0.002292604 0.0003771016 0.0001593128 0.0002055294 0.0001554791 0.0001435158 0.000169168 0.0002189286 0.0002480439 0.000270968 0.0002876135 8.789681e-005 0.002612346 0.002769214 9.848012e-005 0.0001014971
0.2453458 0.1459197 0.2712314 0.1452437 0.03531644 0.02711898 0.05178043 0.05860341 0.08048861 0.1020061 0.0788018 0.1244258 0.127251 0.1424611 0.1285959 0.1758838 0.2729454 0.2345861 0.2172017 0.1260283 0.1668859 0.2039239 0.1430058 0.1081721 0.07719281 0.08155175 0.07277901 0.0503741 0.04546715 0.02968941 0.0255348 0.0277955 0.02938638 0.03036055 0.0343671 0.01886985 0.02212641 0.01047831 0.007889703 0.001388938 0.0008632221 0.001253304 0.0005019879 7.388059e-006 4.312265e-006 3.111099e-006 3.797539e-006 7.069681e-005 8.187216e-005 9.151864e-005 9.991784e-005 0.0001052686 0.005368063 0.002628002 8.413021e-005 7.258751e-005
0.2709557 0.2121644 0.2074309 0.1183799 0.04701896 0.04719155 0.05098421 0.09792455 0.1637822 0.1307193 0.08728264 0.1589287 0.199964 0.1820991 0.2263632 0.2450479 0.2723406 0.2725826 0.2706294 0.162755 0.1392292 0.1389068 0.1247484 0.1213601 0.08920161 0.07704971 0.06606866 0.05987459 0.04696663 0.03912967 0.03068077 0.03728606 0.03400472 0.03895879 0.02928752 0.02151866 0.02049868 0.0119661 0.009240561 0.001834401 0.001339293 0.0005794558 0.0006599019 0.001118706 1.453839e-005 1.30687e-006 1.796359e-006 3.608609e-005 4.409131e-005 5.24807e-005 6.142935e-005 4.564278e-005 5.163825e-005 5.678636e-005 6.216676e-005 5.552532e-005
0.4555035 0.2371389 0.1631884 0.1505535 0.04620742 0.06184588 0.05572724 0.1539839 0.1186131 0.07999097 0.1386505 0.1773337 0.1970846 0.1834538 0.2867645 0.274369 0.3138036 0.2780998 0.2279035 0.1659112 0.1057011 0.08373614 0.07468814 0.09013794 0.08708233 0.07292717 0.09481449 0.06119401 0.04591791 0.05092557 0.04506923 0.05037201 0.04728763 0.04794499 0.03011264 0.02331469 0.01921148 0.01427564 0.01036511 0.002220355 0.001096089 0.0009189736 0.001131524 0.002022997 0.0008960908 2.72022e-006 2.615858e-006 0.00129607 3.790378e-005 4.043531e-005 4.734713e-005 3.490249e-005 3.935886e-005 4.381936e-005 4.90917e-005 4.469346e-005
0.2090982 0.1549495 0.1956076 0.1339827 0.07340156 0.09266086 0.08078912 0.09982693 0.09331925 0.07733408 0.0807127 0.1760739 0.2366048 0.204058 0.2657253 0.2701147 0.293797 0.2972228 0.2254657 0.1717987 0.09856486 0.07302134 0.07447014 0.07780536 0.0910995 0.1044132 0.1365217 0.08915813 0.05824162 0.06843242 0.0608142 0.06458844 0.05985282 0.04642454 0.03699455 0.03168064 0.02690857 0.018594 0.01249157 0.002151623 0.001382926 0.001054021 0.001073201 0.005501065 0.004912409 7.36225e-006 6.239636e-006 8.104005e-005 6.348755e-005 5.56106e-005 5.734226e-005 3.802556e-005 3.908548e-005 6.861772e-005 4.526974e-005 4.023092e-005
0.1833253 0.1788035 0.166083 0.1453204 0.1367532 0.1056625 0.07930164 0.1174129 0.1667309 0.1072577 0.09867728 0.1897712 0.2384994 0.2682867 0.2936828 0.2510623 0.2980564 0.2485922 0.2191988 0.1581096 0.07633696 0.07887976 0.07913256 0.0914906 0.1129822 0.1187533 0.1288328 0.1344846 0.1054976 0.08193052 0.08260568 0.06759931 0.05250594 0.06903014 0.05635203 0.0394227 0.03423171 0.02584324 0.01068803 0.003633642 0.002386679 0.001562385 0.00163927 0.0004195509 0.002741559 0.0001206125 0.0004719132 0.001843641 0.002204597 0.0007649113 0.001430764 2.059833e-005 1.952212e-005 1.948956e-005 2.072776e-005 2.712849e-005
0.3159248 0.2067946 0.1571162 0.1568253 0.156886 0.164843 0.1180838 0.1261251 0.1070186 0.08986796 0.1236368 0.185977 0.2007092 0.2672604 0.2831169 0.2307445 0.2151342 0.1781718 0.1647943 0.1088294 0.06989144 0.05580625 0.09087878 0.1144726 0.13704 0.1399099 0.13009 0.1332265 0.1073059 0.1371013 0.1335791 0.06912781 0.07837901 0.0290826 0.03906068 0.02835299 0.03383958 0.02650232 0.01310343 0.004202303 0.003204584 0.002013251 0.001560182 0.0005499536 0.0003365451 0.00474546 0.000134591 9.036423e-005 0.001004512 4.736844e-005 4.262407e-005 2.221604e-005 1.933546e-005 1.817276e-005 1.874993e-005 2.376603e-005
0.2881477 0.2242346 0.1519461 0.1371669 0.1494048 0.1413622 0.1867031 0.1148045 0.08704197 0.1006529 0.1531917 0.2215868 0.2217097 0.2097042 0.2467694 0.2113153 0.1721416 0.1475319 0.108038 0.07938148 0.0660096 0.05781926 0.08211688 0.1189706 0.1329627 0.1419596 0.1308267 0.09405253 0.1039858 0.1185488 0.0917158 0.05912664 0.04828678 0.03669351 0.03009249 0.02169957 0.02153981 0.0241588 0.01700383 0.005028298 0.00361883 0.002490316 0.001975809 0.0008248975 0.0004531794 0.0002889755 0.0006046389 0.0001585572 0.0001126139 8.505083e-005 7.478872e-005 3.811123e-005 7.777307e-005 2.810625e-005 5.413471e-005 3.085803e-005
0.3192501 0.2659579 0.1128872 0.1416163 0.1534392 0.1660758 0.1671276 0.1347475 0.08157558 0.1058506 0.2588406 0.2640206 0.2545865 0.203462 0.2079655 0.2144943 0.1643559 0.1134827 0.08884373 0.06483731 0.07082199 0.07730354 0.1006179 0.1154636 0.1663634 0.1596774 0.1083199 0.1117823 0.1018057 0.1405087 0.08624976 0.06830778 0.03843758 0.04057942 0.03452756 0.02500937 0.02524399 0.02763009 0.01876878 0.007167221 0.004676443 0.003049287 0.002459979 0.001011275 0.000670839 0.0004831972 0.0007792401 0.0002891637 0.0001965848 0.0001506386 0.0001334491 6.769516e-005 0.0002433489 4.926633e-005 4.420356e-005 4.804147e-005
0.3227649 0.2138042 0.1121387 0.1610213 0.2267691 0.1917857 0.2254522 0.1749254 0.1333293 0.1519969 0.1623556 0.2048201 0.2133393 0.1677186 0.1271539 0.123682 0.1072545 0.09080019 0.07152648 0.06292761 0.07091148 0.08357554 0.1327043 0.172618 0.1607169 0.1510969 0.09436385 0.09906511 0.08895178 0.0979166 0.09302633 0.08893695 0.06173667 0.04479938 0.03644973 0.02825394 0.02722927 0.02330326 0.02444425 0.01361939 0.01013122 0.006818265 0.005002252 0.004083658 0.003053798 0.002321573 0.001917701 0.0006880764 0.0005093228 0.0007500752 0.0003504592 0.000252118 0.0002115704 0.0001822422 0.0001610749 8.965463e-005
0.4119523 0.1459482 0.1205341 0.2232279 0.2498025 0.2646984 0.25755 0.2379385 0.2016994 0.1912306 0.1513019 0.1212273 0.1793796 0.1341935 0.1005955 0.0810324 0.07466585 0.08138189 0.06862058 0.0754953 0.07756656 0.09834722 0.1318274 0.1865893 0.1349726 0.1082269 0.08558944 0.08137041 0.08445736 0.0843041 0.09117488 0.08495821 0.07150625 0.06511638 0.03809889 0.02980981 0.02348815 0.02275629 0.03133283 0.01891941 0.00974422 0.009194505 0.009112756 0.00542201 0.003816559 0.003048547 0.002452003 0.000880545 0.0006535335 0.0007104017 0.0007225216 0.0003263849 0.0002742012 0.0002352909 0.000205725 0.0001131195
0.391212 0.1860606 0.1921492 0.3091675 0.3014385 0.2455937 0.2325914 0.2349052 0.2483541 0.2924434 0.2226401 0.1995136 0.1726614 0.1270041 0.09829848 0.1021647 0.09966048 0.1014429 0.08221606 0.09455001 0.1050239 0.1121866 0.1224269 0.2562174 0.1322243 0.1093188 0.06787599 0.0802172 0.07845875 0.08287681 0.09787477 0.0857035 0.07621501 0.06703987 0.03608511 0.02614386 0.01944605 0.02931704 0.02881437 0.01848497 0.01221872 0.008944992 0.008138786 0.005282373 0.004197876 0.003347998 0.00262024 0.001144095 0.0007047663 0.001011255 0.0009297389 0.0003636698 0.0003149216 0.0002750521 0.004513785 0.000133923
0.3413594 0.2479327 0.2229726 0.2249247 0.2941937 0.2775689 0.231182 0.3010638 0.2967998 0.3036225 0.2564459 0.239342 0.1355589 0.1402279 0.1154564 0.108346 0.1413607 0.1079847 0.08206942 0.1047454 0.09912173 0.1022149 0.142772 0.1869536 0.1161455 0.07878495 0.05674472 0.05855989 0.07114638 0.08720407 0.1125176 0.08776204 0.07987351 0.07043764 0.04363029 0.02886585 0.04563559 0.04937492 0.0340158 0.03334884 0.01389466 0.007753316 0.007010236 0.006907799 0.00414684 0.003113342 0.01011639 0.0008738717 0.0007001462 0.0005493762 0.0004887446 0.0004045438 0.0003345058 0.0003014041 0.0002698598 0.0001530831
0.3736655 0.2864572 0.2908096 0.3425323 0.3481474 0.244754 0.2077277 0.2744476 0.2985874 0.2717304 0.2646452 0.220512 0.1659621 0.1635562 0.1244028 0.09849792 0.09594907 0.1310465 0.1114186 0.1351027 0.1348877 0.103322 0.09289824 0.1274588 0.1082657 0.1113348 0.07100133 0.09614141 0.05160148 0.06550404 0.08312809 0.06156087 0.0605995 0.06723616 0.06070505 0.05594559 0.08549406 0.04501404 0.03795197 0.03481327 0.01660674 0.009039991 0.00572543 0.004864778 0.003557057 0.003011992 0.002708768 0.00142705 0.001196911 0.001143622 0.0008718621 0.0003744871 0.0003531966 0.0003282882 0.0002981258 0
0.3450146 0.3335355 0.2639194 0.2638124 0.246848 0.2920699 0.2715606 0.3781164 0.3507706 0.2007605 0.1860776 0.1917329 0.1820073 0.1720077 0.1468243 0.1368218 0.1461619 0.1763769 0.1402753 0.1378376 0.126774 0.1149098 0.1127934 0.1791764 0.1273569 0.09436579 0.06724155 0.09025448 0.06326354 0.0454367 0.04214616 0.05760752 0.05774131 0.06150296 0.05589506 0.04192408 0.03861448 0.02957845 0.03367813 0.0532908 0.02731074 0.009496592 0.006128612 0.005932098 0.005367948 0.003697347 0.002376583 0.001350711 0.0009813542 0.0008241712 0.0008084659 0.0003799431 0.004643893 0.0003536325 0.000324965 0
0.4287032 0.3211239 0.2691008 0.2857192 0.2446171 0.2718441 0.2604397 0.3046551 0.3887823 0.2744054 0.2249522 0.1806253 0.2091043 0.1570254 0.1333483 0.1656819 0.169942 0.19094 0.1325983 0.1143311 0.1242049 0.1312123 0.08995193 0.1359286 0.1414546 0.07014382 0.06052591 0.1166375 0.07405986 0.04984806 0.06087459 0.07659697 0.0521609 0.06770404 0.04934929 0.04072623 0.03619677 0.03503569 0.03097414 0.03583033 0.04061488 0.01621302 0.005369704 0.00439028 0.003980445 0.002597138 0.002395922 0.001197576 0.0009555809 0.0008320651 0.0008196048 0.0003917384 0.000388196 0.0003805649 0.0003805649 4.310345e-005
0.3287351 0.2871348 0.2319477 0.1834601 0.1906151 0.2146685 0.1892964 0.2575461 0.3502483 0.3686936 0.3341666 0.2211414 0.1648061 0.1896052 0.1961055 0.1521146 0.1633 0.1579984 0.124892 0.1356276 0.1317866 0.1377711 0.1237826 0.1187545 0.09635498 0.07264758 0.07138169 0.09342452 0.08636082 0.08316023 0.07904834 0.06775048 0.06225406 0.07241318 0.07207476 0.07370552 0.04991823 0.04346824 0.04415134 0.04474317 0.03439488 0.02820312 0.008795623 0.01209487 0.005728283 0.002081487 0.002486146 0.001173396 0.0009862885 0.0008848105 0.0008630564 0.0004080803 0.0004021327 0.0003805649 0.0003814407 0
0.2374666 0.2607829 0.2250014 0.2970179 0.2205841 0.2058039 0.2416445 0.2755271 0.2933373 0.2730418 0.2508197 0.2386196 0.1773817 0.1389783 0.1819637 0.1732101 0.1341859 0.1554694 0.148806 0.1278224 0.1257917 0.1434094 0.1217576 0.09808242 0.07423073 0.06268674 0.09143084 0.09681722 0.1352387 0.1542704 0.1289424 0.09890708 0.1024043 0.1361781 0.09951412 0.1050056 0.07265577 0.0571477 0.07982922 0.1030014 0.04933238 0.02539676 0.02070985 0.02098947 0.008705114 0.0009680221 0.001650318 0.0007661441 0.0006561102 0.000605449 0.0005850769 0 0 0 0 0
0.1717371 0.1766718 0.2709389 0.4051714 0.277841 0.2023422 0.2917235 0.2410012 0.2170998 0.2205328 0.2540235 0.3097071 0.1952574 0.1749084 0.2016216 0.1572713 0.1300249 0.1231036 0.1341211 0.1366559 0.1314528 0.1422266 0.1460046 0.09778421 0.108387 0.09574712 0.07409598 0.09220675 0.154352 0.2245261 0.2126327 0.1596149 0.1585469 0.1577841 0.134697 0.1604377 0.1648071 0.06090847 0.05723994 0.06753083 0.05194037 0.03027349 0.02933359 0.009886327 0.005557266 0.0008812239 0.001792818 0.0007739915 0.0007246702 0.001038899 0.0008887769 0.0002586207 0 0 0 0
0.21389 0.1784171 0.2385394 0.3143438 0.2307172 0.2516527 0.2846366 0.2650684 0.1967881 0.1849283 0.2006138 0.2654689 0.1787752 0.1635998 0.1940355 0.1734 0.1317548 0.113192 0.104934 0.1359497 0.1605099 0.1348542 0.1000925 0.08574781 0.1181293 0.1151314 0.09792021 0.1487751 0.1845038 0.1985332 0.2256422 0.1847821 0.1562458 0.1421423 0.1631902 0.1537733 0.1342943 0.07237307 0.06961189 0.06313286 0.06663612 0.03175107 0.01680125 0.01939061 0.007860909 0.001762481 0.001347234 0.001145396 0.001225139 0.001424819 0.001555631 0.0002155172 0 0 0 0
0.3387023 0.299868 0.2659032 0.2648713 0.2306406 0.1924843 0.2461891 0.2679915 0.2800211 0.2022012 0.190126 0.1339305 0.1631044 0.1722059 0.1886767 0.2015659 0.1379524 0.1138637 0.1210343 0.1816432 0.1736494 0.1430517 0.1360775 0.1331413 0.1469382 0.1267788 0.1440582 0.1517987 0.2077226 0.2135628 0.1833133 0.1798663 0.2057628 0.1552065 0.1826737 0.1928469 0.09561834 0.09227107 0.08283998 0.095335 0.07843047 0.0294442 0.03574247 0.010921 0.008154539 0.00568625 0.006446854 0.001960632 0.001922603 0.001961019 0.002057786 0 0 0 0 0
0.2918848 0.2871627 0.2176554 0.2799961 0.2681332 0.1848117 0.1552633 0.1872455 0.1893405 0.2079439 0.2193695 0.1916512 0.1817937 0.1691587 0.1793851 0.1813294 0.1511639 0.1349081 0.1498252 0.1843541 0.2003307 0.1664466 0.1372021 0.1314931 0.1299831 0.1177504 0.1254072 0.1598853 0.1619151 0.1453393 0.1564146 0.1566978 0.1995504 0.1776807 0.1544136 0.1574886 0.1406254 0.10593 0.07848222 0.09917827 0.06565247 0.03948748 0.0330761 0.01306648 0.009001 0.004060654 0.004490452 0.002323533 0.002414423 0.002170739 0.002084967 0 0 0 0 0
