contrib/geomasonDemos/riftland/DataFiles/RainData/.svn/text-base/126.txt.svn-base
ncols         56
nrows         54
xllcorner     28.264
yllcorner     -5.7719999999999
cellsize      0.25
NODATA_value  -9999
[rows 0 to 25 of 54, columns 0 to 55 of 56]
0.08084653 0.07162751 0.06690162 0.07131199 0.08324189 0.07344265 0.08932558 0.09964968 0.07894698 0.07231644 0.06111144 0.06731357 0.07487639 0.07065586 0.08798532 0.05728661 0.07068343 0.07627231 0.101481 0.09699175 0.08869865 0.09129557 0.09485593 0.1074696 0.09318051 0.1070096 0.1357623 0.1137482 0.1273531 0.1236738 0.1345491 0.1417132 0.1465093 0.1777821 0.174969 0.1579987 0.1332301 0.1093783 0.07468438 0.05267867 0.04455143 0.027257 0.03377591 0.05903016 0.05945246 0.05136087 0.0953074 0.07677132 0.05984518 0.07621807 0.08149504 0.04067146 0.03317072 0.02962102 0.001060182 0.002702523
0.09224354 0.1023454 0.08853702 0.09208208 0.1018659 0.07898781 0.08941166 0.1204643 0.09858187 0.09518489 0.08628863 0.1027356 0.07790628 0.05412484 0.05044914 0.06563053 0.08363654 0.07603282 0.08180919 0.07490578 0.08267055 0.08517624 0.08743086 0.1040821 0.09301702 0.0955805 0.1052809 0.1036171 0.09259734 0.09061195 0.07999164 0.1278701 0.1368765 0.1377434 0.1336089 0.1197033 0.09736777 0.08795739 0.08485144 0.06975011 0.05383837 0.0259889 0.03875144 0.07010369 0.05190021 0.04656311 0.05969479 0.04910564 0.04360636 0.04825963 0.03460582 0.01363553 0.01561578 0.00871276 0 0
0.09337866 0.1056152 0.09097872 0.09808441 0.09013829 0.07342391 0.09663776 0.1384906 0.1267924 0.1518083 0.1231619 0.1043183 0.1167605 0.08845025 0.06187439 0.08353876 0.09316684 0.05874354 0.05863391 0.06749467 0.06914891 0.1008426 0.1012179 0.111801 0.102779 0.1037219 0.08677679 0.1119951 0.07691425 0.07247943 0.06454341 0.09117405 0.09951621 0.09778921 0.09135491 0.100642 0.09083593 0.07814668 0.06529544 0.06424963 0.07248309 0.05176845 0.07269055 0.07178158 0.06490971 0.05271035 0.04795913 0.04097122 0.03908482 0.04346163 0.027059 0.03844923 0.01373558 0 0 0
0.1003907 0.1101814 0.08836587 0.08924805 0.09435663 0.08079264 0.0878659 0.0961007 0.1174316 0.1319573 0.1317749 0.1292153 0.09206594 0.09411395 0.140627 0.08672035 0.05823851 0.05443409 0.05578715 0.06571848 0.08499917 0.1043805 0.1167348 0.1152661 0.08538508 0.08741438 0.0906125 0.09795097 0.0723905 0.07766096 0.05684773 0.06157843 0.07337465 0.09056339 0.09934255 0.1127753 0.0913423 0.08263106 0.04004039 0.04636246 0.05980606 0.1002684 0.1304446 0.1046981 0.05987086 0.03007582 0.02061718 0.01758827 0.01659302 0.01253136 0.01450546 0.01127086 0.01138259 0 0 5.740507e-005
0.1144966 0.1122038 0.1050471 0.1059935 0.1080107 0.08850514 0.110659 0.1153742 0.1459776 0.1519203 0.1008394 0.07641037 0.07657899 0.121263 0.09708351 0.08562375 0.04844112 0.03893269 0.03701961 0.03878218 0.06634372 0.07739337 0.09182715 0.08353501 0.08053911 0.05714819 0.05098926 0.06134479 0.05932966 0.0618333 0.04402073 0.05268659 0.09347294 0.1071069 0.1129797 0.1113109 0.07297021 0.05692022 0.01928685 0.02729829 0.0591596 0.09038275 0.07470395 0.04127494 0.02139168 0.01179504 0.02672523 0.02857022 0.03246247 0.009826932 0.01317669 0.01752137 0.01051912 0 0 0.001202461
0.1354984 0.1231277 0.1152238 0.09689803 0.1027527 0.09091388 0.08462973 0.1151656 0.1220828 0.1342742 0.08754233 0.07637411 0.08210941 0.09710465 0.09713759 0.07473583 0.04764023 0.04750843 0.04030764 0.03859452 0.05880677 0.05113333 0.07764449 0.08894899 0.09839693 0.06215606 0.05401764 0.05432295 0.05242284 0.04710747 0.05013405 0.06693541 0.0874235 0.08736409 0.09496631 0.07263565 0.07442095 0.04579333 0.0216003 0.02784125 0.07347839 0.07867016 0.03778917 0.01484888 0.0100716 0.01521228 0.03803849 0.05919254 0.03456773 0.009408191 0.01385647 0.01130315 0.002239219 0 0 0.004375289
0.1697433 0.1778927 0.1503712 0.08617663 0.08845443 0.08947773 0.09581707 0.1268362 0.08354447 0.1113872 0.1313925 0.1157368 0.1087181 0.1188902 0.1331342 0.100187 0.06390995 0.06892139 0.03799213 0.0355306 0.04471804 0.05346604 0.07129469 0.08663116 0.09229535 0.05594317 0.0375654 0.04548896 0.05465342 0.04772052 0.05016762 0.07450002 0.06726854 0.08390232 0.05158577 0.05037939 0.04083394 0.02692411 0.0161468 0.03549342 0.05731344 0.03372927 0.01816531 0.01110883 0.00590465 0.01098564 0.04917841 0.04327284 0.02514069 0.01652107 0.00651756 0.001793142 0 0 0 0
0.2186562 0.2312196 0.1591674 0.1180288 0.1137061 0.1120565 0.1432179 0.1423041 0.09930994 0.07083217 0.1314662 0.1155468 0.1090581 0.09616315 0.1157892 0.09082718 0.06809158 0.05637262 0.03173226 0.03397719 0.03447131 0.03762837 0.05731438 0.05905357 0.05400025 0.04258572 0.03891679 0.03343987 0.02618702 0.03733674 0.05086228 0.06872616 0.06752075 0.05660171 0.03127445 0.03777383 0.05438382 0.02423169 0.01923095 0.02297463 0.01758581 0.005475048 0.004306575 0.002427699 0.001165454 0.004393585 0.02128724 0.01323156 0.007914628 0.008276477 0.003774454 0.0007233495 0.0007324879 3.49145e-005 0 5.004918e-005
0.1991874 0.1784482 0.1563984 0.1237793 0.09182433 0.1151556 0.1392324 0.1399374 0.1094982 0.081807 0.1010861 0.1104227 0.1278173 0.1332189 0.145493 0.09806255 0.08251208 0.05663224 0.03748188 0.04434624 0.04301416 0.03849043 0.03360673 0.03749301 0.02351827 0.02293583 0.03049785 0.02518291 0.02483961 0.0296523 0.04227019 0.04871663 0.03854295 0.03974964 0.03244089 0.03928867 0.03299485 0.01664578 0.01121515 0.007091665 0.004674938 0.00303432 0.009255627 0.001624522 0.001210676 0.00151299 0.002217479 0.003239688 0.002318911 0.002231528 0.002283826 0.001291795 0.002038348 0 0 0
0.214056 0.1608766 0.1319972 0.1407975 0.1445544 0.1860273 0.1591127 0.1661018 0.1502728 0.1099521 0.1174491 0.1177834 0.1140091 0.1119239 0.1053379 0.08050688 0.07856113 0.06046334 0.05460867 0.05693059 0.04435709 0.03069968 0.03080186 0.02760713 0.02375991 0.02264704 0.01707719 0.02352739 0.02383047 0.01945862 0.01554175 0.02632564 0.02853198 0.02427837 0.02000399 0.03325707 0.02965415 0.0179984 0.01511088 0.007988852 0.002810119 0.005701208 0.002694926 0.001370788 0.0006259714 0.002423249 0.004760604 0.002225356 0.003691185 0.001901175 0.0004312676 0.0001192447 0.004750416 0.0007154943 2.908619e-005 0
0.2132611 0.1660339 0.167195 0.1776914 0.207683 0.2390853 0.206109 0.2433523 0.1685791 0.1464445 0.1182514 0.1171283 0.1053514 0.08998267 0.06798162 0.07629597 0.07304687 0.06228742 0.06595058 0.08176073 0.07798181 0.05676937 0.04400854 0.02817207 0.02972721 0.02714922 0.01727831 0.02966124 0.02005616 0.006997037 0.0100715 0.007105557 0.0215411 0.01104907 0.0112016 0.01802089 0.01741223 0.01138202 0.01207878 0.004662613 0.006046328 0.003552147 0.003685941 0.003466936 0.003876024 0.003183579 0.003439084 0.003521883 0.002899316 0.000875204 0.0004443058 0 0.002933916 0.001304427 5.662193e-005 0
0.2312685 0.1816082 0.2537063 0.239508 0.2477313 0.2386918 0.2565736 0.2767724 0.1913104 0.1698161 0.1206057 0.1036001 0.09161214 0.0873148 0.09480546 0.1088256 0.08468216 0.09461916 0.08007381 0.09285481 0.09975052 0.1102184 0.06878243 0.03093251 0.03243015 0.02658637 0.01871018 0.02631955 0.01913603 0.01102119 0.006627684 0.006248299 0.004964263 0.00362986 0.005422584 0.006812481 0.005618923 0.01290616 0.01100594 0.001172176 0.0005326856 0.001756942 0.002014634 0.0007627036 0.0008902314 0.002354187 0.0008177331 0.0007719231 0.000817454 0.0008526121 0.0008736958 0.000469889 0.0004781636 0.0005054791 0.0005123733 0.0005135938
0.1975279 0.2016188 0.1777682 0.1492349 0.1412046 0.178083 0.213169 0.1990097 0.1383381 0.1071226 0.09806696 0.09576172 0.08571689 0.07377399 0.09349816 0.117452 0.08911429 0.08141782 0.08452906 0.1151627 0.1117118 0.08730314 0.08362539 0.0641956 0.05332016 0.02349887 0.01097128 0.008272062 0.003606021 0.00207993 0.0003208361 0.002002368 0.000514139 0.001037338 0.0006997769 0.00118089 0.004370649 0.006913269 0.009341129 0.0009235535 0.0005566842 0.001111414 0.001312619 0.000700278 0.001526448 0.001582671 0.000814951 0.0007972465 0.0008451826 0.0009076211 0.0009028258 0.0004836922 0.0004915228 0.0005289069 0.0005128109 0.0005131487
0.1781517 0.1746 0.1289418 0.1338959 0.1314653 0.1382903 0.1424471 0.1249474 0.105255 0.13828 0.1245013 0.09717879 0.0724697 0.07444824 0.08692989 0.1311837 0.1068634 0.09602692 0.1075883 0.1529129 0.1301556 0.103437 0.06827956 0.06700581 0.05066716 0.01608083 0.01247198 0.01174005 0.00241449 0.0003376254 0.0002905026 0.0006113251 0.0009175242 0.0006308813 0.0008947972 0.00363059 0.003351527 0.007318726 0.007366357 0.0005045913 0.0006174014 0.001001968 0.001227319 0.0007324362 0.0009275312 0.0007452556 0.0007628652 0.0008239706 0.0008819561 0.0008987893 0.00092294 0.0004900843 0.0005065023 0.00050647 0.0005145303 0.0005168492
0.1354228 0.1657773 0.1374738 0.1286957 0.1415338 0.1252124 0.102075 0.09322181 0.1156423 0.1648825 0.1311808 0.1012144 0.1093824 0.08676485 0.09746224 0.110975 0.1141984 0.1167908 0.1121437 0.1163161 0.1031924 0.1226764 0.07092416 0.04348548 0.03770605 0.01986417 0.007196174 0.002133075 0.00050661 0.0003317499 0.0002887462 0.001663004 0.0005490303 0.000830462 0.001011053 0.0007566803 0.00193015 0.004994569 0.0003998488 0.0005229173 0.0005945324 0.0006755575 0.0008274415 0.000636664 0.0006815455 0.0007272218 0.003167916 0.0008383074 0.0008842937 0.000932329 0.0009405863 0.0005003566 0.0005101389 0.0005162731 0.0005201043 0.0005247118
0.1467689 0.1415709 0.124777 0.1239906 0.09984063 0.1160181 0.1463418 0.09994721 0.1728431 0.1894396 0.114808 0.1143659 0.154489 0.1227368 0.0985884 0.1045095 0.1031758 0.1001604 0.1159621 0.1011599 0.1205547 0.1211005 0.07882054 0.04070292 0.03370833 0.01601447 0.006407745 0.004834922 0.004537174 0.01462406 0.0007095644 0.001541196 0.004115681 0.0009767609 0.0009859776 0.0007912188 0.0007817658 0.0004611125 0.0005413057 0.0006728732 0.000765421 0.0008657446 0.0009832466 0.0006280825 0.003691791 0.004253769 0.004421748 0.001389279 0.002472938 0.003696358 0.004744829 0.0005071184 0.0005166517 0.0005211502 0.0005272943 0.0005302103
0.1260633 0.1211099 0.1256948 0.1318301 0.1038428 0.1263425 0.1402453 0.1127487 0.1403327 0.1613468 0.1360896 0.1283087 0.1123125 0.1147096 0.1120007 0.1133767 0.1135849 0.08265195 0.08507682 0.1354509 0.1172403 0.1207964 0.06580514 0.04410777 0.02776036 0.01886741 0.004714143 0.00238912 0.01072485 0.0223425 0.0008390311 0.005423787 0.002530823 0.0009245655 0.0008392438 0.001220824 0.000926853 0.0004642954 0.0005436701 0.0006926032 0.0007847641 0.0009535588 0.001139452 0.0006675418 0.0007688076 0.0007564746 0.005063099 0.004890499 0.005923233 0.0009469791 0.0009653454 0.0005161426 0.0005254659 0.0005310024 0.0005341423 0.0005698504
0.1561054 0.1537774 0.1599395 0.1736641 0.1620528 0.145013 0.0827138 0.09683907 0.1328402 0.1245225 0.1139891 0.1329597 0.1229875 0.1451457 0.1245078 0.1162554 0.08270553 0.07051419 0.09299515 0.1169278 0.1316365 0.1499673 0.08667889 0.04557232 0.04318528 0.02625873 0.005004253 0.002619314 0.004592752 0.005782224 0.003754286 0.009069827 0.006563584 0.001854173 0.0008215954 0.001026155 0.001317756 0.0006935399 0.0005629428 0.0007113428 0.0007997446 0.0009031058 0.001381632 0.001098607 0.001069464 0.0007767755 0.0008285571 0.001256117 0.008033779 0.002186049 0.0009849296 0.0005260468 0.0005376824 0.000543064 0.0005460911 0.0005476582
0.1815531 0.1751138 0.205975 0.2401704 0.184773 0.1688306 0.1184628 0.1406791 0.1309188 0.1450281 0.09641274 0.1059087 0.127932 0.1333906 0.1520698 0.1547036 0.1091209 0.08851779 0.09592666 0.1173653 0.1207351 0.127168 0.09198046 0.08600388 0.0533864 0.02820636 0.02221166 0.01629164 0.004584284 0.003425193 0.002971289 0.003240102 0.008941212 0.00409637 0.0009646143 0.0006776706 0.001136959 0.0005130233 0.0005818347 0.0007262321 0.0008364481 0.0009140249 0.001078115 0.0007744692 0.0008364072 0.00682984 0.0008534551 0.0008988393 0.001661298 0.002626381 0.001007151 0.0005381122 0.0005463284 0.0005573485 0.0005583526 0.002000819
0.2395548 0.2495868 0.3072085 0.3301387 0.313179 0.251442 0.1880784 0.1429675 0.1659704 0.1509714 0.1078021 0.1252119 0.1294882 0.1483249 0.1546224 0.1862532 0.1727703 0.1256869 0.1155272 0.1286695 0.1202771 0.1226027 0.08983506 0.1071605 0.07515015 0.03664092 0.02806758 0.02839388 0.01972789 0.01402987 0.008797018 0.004744214 0.008968718 0.002165774 0.002444536 0.00246635 0.002698065 0.002079759 0.0008650537 0.001552445 0.001712257 0.001942928 0.002254524 0.003008743 0.002776438 0.003024162 0.003203725 0.003388229 0.005339694 0.006237233 0.004027162 0.001014156 0.001028389 0.002625052 0.001052234 0.001142279
0.2067698 0.1999589 0.2454816 0.2812298 0.2475734 0.2129315 0.1746988 0.1576772 0.1523446 0.1267025 0.08639309 0.09911339 0.08667304 0.1163038 0.1455638 0.1703284 0.1419661 0.1406586 0.1233291 0.1530429 0.1397537 0.1343879 0.1175049 0.09745961 0.08336832 0.06318313 0.03689195 0.03029346 0.01539165 0.01216739 0.01015254 0.005643765 0.003625437 0.006150461 0.005159831 0.004561804 0.003302961 0.002295814 0.0008940308 0.001584074 0.001723842 0.001969181 0.006715206 0.002663113 0.00286169 0.003110477 0.003286295 0.005800984 0.00658526 0.003814549 0.003869899 0.001031389 0.001049428 0.00604898 0.003682642 0.003774487
0.2915289 0.2442625 0.2290456 0.2183095 0.1878767 0.2226196 0.1847575 0.1221297 0.1109905 0.1143628 0.08790158 0.09075505 0.1030414 0.1635408 0.1537568 0.1461006 0.1517644 0.1681848 0.1451611 0.1453597 0.1495321 0.1264199 0.121852 0.1210171 0.09189423 0.07591457 0.06251211 0.04190295 0.02290949 0.01878377 0.01480213 0.007356734 0.005423626 0.003993669 0.003087271 0.003395993 0.003592541 0.003166519 0.002668347 0.001619396 0.001755116 0.002178395 0.002380176 0.002697522 0.00308082 0.003258657 0.004256399 0.01254632 0.005910239 0.005039206 0.005018801 0.001332824 0.01640476 0.01402483 0.02316036 0.01780686
0.4485987 0.2488815 0.2174367 0.2061857 0.2006563 0.2211763 0.1755971 0.1043783 0.1003343 0.07037225 0.05574559 0.07127216 0.06429907 0.1029787 0.157198 0.1241902 0.1501312 0.1525835 0.1321297 0.1672277 0.2106977 0.1663204 0.134906 0.1529633 0.1517437 0.1007002 0.08770549 0.05691574 0.03887321 0.02599503 0.02285716 0.01170401 0.009259613 0.007174006 0.005438649 0.004179347 0.001979315 0.001094205 0.003853701 0.002884984 0.002762756 0.002083333 0.00261583 0.004082071 0.004837048 0.004939232 0.005319709 0.003804337 0.003988652 0.004381622 0.005381553 0.008419981 0.0158727 0.01358085 0.01558237 0.02094667
0.1989751 0.1750355 0.2132987 0.23428 0.2319088 0.2539825 0.1669785 0.1386782 0.08700693 0.06172892 0.05978728 0.06362701 0.05357573 0.1106051 0.126862 0.1187422 0.09911392 0.1033763 0.1598914 0.1329859 0.1334807 0.1374134 0.1716441 0.1493031 0.153055 0.1563403 0.1499896 0.1075176 0.06884769 0.05562152 0.04368332 0.02008248 0.01623221 0.01484479 0.0122524 0.003237257 0.001433983 0.0004093055 0.00216053 0.002743915 0.002231619 0.001986339 0.009283138 0.006402366 0.007765765 0.006269425 0.005559972 0.004692656 0.003877491 0.003990078 0.005764337 0.02498856 0.02396139 0.008626316 0.01183049 0.02762124
0.1655906 0.1580628 0.1951211 0.2471758 0.2452891 0.2431206 0.1812049 0.1396011 0.1008548 0.08946251 0.08730597 0.06805064 0.07138363 0.1082004 0.1140834 0.100772 0.07783608 0.08389805 0.1056127 0.1070969 0.08496439 0.1119416 0.1131041 0.1703337 0.1387457 0.1367085 0.1377781 0.1039896 0.08988039 0.07632078 0.05687946 0.02886103 0.02282527 0.0237978 0.01459422 0.00510044 0.001972844 0.0004182014 0.0004630975 0.001584328 0.00172099 0.00371565 0.006306922 0.01000021 0.009535071 0.008796316 0.007584434 0.005721949 0.01101309 0.00498731 0.0098416 0.04503005 0.04631228 0.02209636 0.02610106 0.018431
0.1465262 0.1423517 0.1752348 0.1974527 0.2504205 0.2276673 0.1732299 0.130111 0.1003312 0.08236045 0.1060567 0.108319 0.09956078 0.09481996 0.09025754 0.1376192 0.1025619 0.09403807 0.06717271 0.06723227 0.07363652 0.1205854 0.09090348 0.154328 0.165073 0.1581524 0.1337477 0.1511621 0.1263368 0.1009656 0.07940913 0.03116299 0.03653453 0.03583187 0.01318544 0.003901725 0.001683972 0.0004873882 0.0005349541 0.001814309 0.002344023 0.005333699 0.008058806 0.01034748 0.01089016 0.01047792 0.03843833 0.01940866 0.01156057 0.008059863 0.01248334 0.02945528 0.04115941 0.02754611 0.03528067 0.01475174
