contrib/geomasonDemos/riftland/DataFiles/RainData/.svn/text-base/126.txt.svn-base
ncols         56
nrows         54
xllcorner     28.264
yllcorner     -5.7719999999999
cellsize      0.25
NODATA_value  -9999
[rows 26 to 51 of 54, columns 0 to 55 of 56]
0.173453 0.2183596 0.1939587 0.2091924 0.2412526 0.2324754 0.1551654 0.1218907 0.1236387 0.07698411 0.1057621 0.1196537 0.107249 0.1162563 0.107768 0.1252852 0.1695648 0.1243756 0.08127312 0.07785596 0.08822987 0.09760388 0.1126171 0.1434689 0.1578195 0.1417741 0.1495937 0.1982636 0.148797 0.1066746 0.08237345 0.04058783 0.03605402 0.05003796 0.01321 0.003890756 0.001880045 0.0006163657 0.0006678654 0.002229721 0.00387587 0.007029257 0.009958833 0.0244248 0.01666348 0.01299245 0.03297876 0.02588016 0.01873381 0.01182612 0.009853705 0.03353978 0.04215328 0.02381017 0.04782442 0.02804769
0.2652546 0.2919944 0.2993307 0.2977395 0.2300397 0.2175313 0.1673523 0.1818019 0.2419023 0.137759 0.1533704 0.1783798 0.1359971 0.1648906 0.1537234 0.125619 0.1438265 0.1321509 0.1121338 0.1302413 0.1223815 0.1246574 0.1001426 0.154919 0.1631627 0.1756689 0.1598298 0.1816651 0.155613 0.1139187 0.09542 0.07107903 0.05588253 0.03454215 0.02491439 0.009435366 0.004566172 0.002105556 0.002218705 0.002868443 0.005274534 0.009642534 0.01310631 0.01516282 0.02071234 0.02673298 0.0158227 0.01490247 0.008992311 0.009448774 0.01008075 0.0104047 0.04410423 0.07805962 0.02778267 0.05074315
0.3343441 0.3299825 0.3270313 0.2323372 0.2055713 0.1932209 0.1329368 0.1601563 0.1935116 0.1551481 0.1771403 0.2014496 0.1405354 0.1358571 0.1194755 0.1403771 0.1482313 0.1368074 0.1362468 0.1372994 0.1271411 0.09784131 0.1188092 0.2023377 0.2438696 0.1988809 0.1903815 0.1648875 0.1340909 0.1078983 0.0901875 0.06846278 0.06178612 0.03062919 0.0210669 0.00874671 0.004532482 0.002420752 0.002584738 0.00359589 0.006505918 0.01003723 0.01342778 0.01689516 0.02759532 0.0381641 0.03809431 0.01321351 0.01088976 0.01125073 0.01222227 0.03265335 0.04615387 0.0442824 0.05872685 0.05294265
0.4308883 0.4540181 0.441941 0.3619041 0.3131232 0.201604 0.1740257 0.1352078 0.09305198 0.08552986 0.1029723 0.1130911 0.1084001 0.1095483 0.1366128 0.1382827 0.129 0.149107 0.1208957 0.1164311 0.1063007 0.08543367 0.08215366 0.1417884 0.175761 0.1875192 0.1791802 0.2092085 0.1754127 0.102952 0.08298751 0.06451172 0.06569114 0.0399649 0.0228901 0.02450958 0.004717532 0.002903253 0.01057808 0.004525154 0.007462 0.0110924 0.01481904 0.01842036 0.01909515 0.02264231 0.03857641 0.01718565 0.0129152 0.01372009 0.01593371 0.01564583 0.02913634 0.06808949 0.06777756 0.0951576
0.4863764 0.5433291 0.5990885 0.3673537 0.2397474 0.1389746 0.1683722 0.1199085 0.08284364 0.1011144 0.1317333 0.1082424 0.09854949 0.09713157 0.1250866 0.1144506 0.124144 0.1191788 0.114378 0.1273722 0.1119682 0.09023848 0.05802007 0.1213291 0.1464803 0.1519105 0.2067184 0.1656988 0.1542033 0.1095237 0.08108398 0.05775248 0.06203746 0.04178103 0.02882392 0.01984746 0.01037319 0.005568532 0.003687167 0.005915437 0.008928263 0.01259764 0.01616412 0.0199643 0.02076677 0.02109505 0.02091999 0.01766419 0.01691689 0.02136952 0.02244697 0.02708265 0.04633608 0.05810053 0.06198519 0.08795128
0.6082944 0.6330656 0.5853907 0.4332488 0.1911278 0.118824 0.1873654 0.2256621 0.1608817 0.1129751 0.08051787 0.110781 0.1173522 0.1261187 0.163546 0.201078 0.2083923 0.1971379 0.1835038 0.2605043 0.2004352 0.1186075 0.09026517 0.1118705 0.1063339 0.1220749 0.150212 0.1615577 0.1444545 0.1224324 0.08245564 0.07559214 0.06939336 0.03729387 0.02211173 0.02031042 0.01597083 0.009685392 0.01102842 0.00808226 0.01118242 0.01486651 0.01855726 0.02022409 0.02079146 0.02129671 0.02545632 0.03256498 0.03134579 0.02956095 0.03410456 0.05763041 0.05890959 0.08350195 0.07185621 0.1250731
0.6083351 0.5861254 0.4534928 0.3127033 0.2599048 0.2174242 0.3154728 0.2775467 0.2164946 0.08065973 0.05522013 0.0988654 0.09176356 0.09418252 0.186512 0.2584642 0.2665766 0.2351398 0.1902882 0.3111953 0.2592673 0.2001995 0.117237 0.1007577 0.09024055 0.1417661 0.1352134 0.1251573 0.1741791 0.1618187 0.1033404 0.08364255 0.05123734 0.05954422 0.02413661 0.01563169 0.0140641 0.01289597 0.01362395 0.01300822 0.01604402 0.01819635 0.02027761 0.02186031 0.02248664 0.0232588 0.02400112 0.02519146 0.02445675 0.02592004 0.02906974 0.04066104 0.0387318 0.0610955 0.03508439 0.09675697
0.6597674 0.5349874 0.3256343 0.2731923 0.2498481 0.2381117 0.3539186 0.2888037 0.1723347 0.1179314 0.06206656 0.1204188 0.09133686 0.1297068 0.2060755 0.2329707 0.2429674 0.2082049 0.1899559 0.2318799 0.159986 0.1399978 0.09349293 0.09513212 0.08888603 0.1583103 0.1686582 0.1194557 0.1422842 0.1223148 0.1098691 0.04665815 0.05320807 0.03699903 0.02297987 0.01631776 0.01264575 0.01673022 0.01496791 0.01176507 0.01503226 0.02111133 0.02505985 0.0237693 0.02477335 0.02606393 0.02746341 0.03005835 0.02802192 0.03076605 0.03415669 0.0345189 0.03859558 0.05192959 0.03898605 0.06759787
0.5851402 0.5876456 0.3203024 0.3801704 0.2812539 0.2219137 0.2467691 0.265491 0.1443005 0.08164215 0.1255867 0.1236386 0.1228066 0.2015991 0.2653868 0.2376981 0.2233698 0.2079998 0.1963779 0.2158335 0.1549232 0.1050088 0.1095466 0.09117906 0.09161729 0.09485275 0.1377114 0.1244195 0.0903602 0.06947164 0.05078877 0.03027786 0.05171186 0.02127418 0.01958526 0.0153949 0.01480411 0.01288825 0.01111388 0.01326602 0.01794522 0.02298494 0.02809836 0.03071756 0.02781661 0.02986108 0.03209517 0.03351346 0.03643258 0.03794571 0.04014507 0.02818164 0.03502357 0.04933527 0.04447571 0.08148334
0.53716 0.4549483 0.2524305 0.3989136 0.3075055 0.2503331 0.2286271 0.3055725 0.2167377 0.1591293 0.209407 0.1625337 0.2238493 0.2629495 0.3554924 0.3040954 0.3002706 0.3176078 0.3423893 0.2794172 0.2220437 0.1654357 0.1392385 0.08937396 0.08651973 0.09454612 0.1134105 0.1135739 0.1025694 0.03327698 0.0128099 0.0113289 0.01226877 0.01668993 0.01075149 0.01190308 0.01151702 0.006421471 0.01107173 0.009508494 0.01360589 0.01897851 0.02512883 0.03358921 0.03169728 0.04503997 0.04495776 0.05514918 0.05454402 0.056311 0.05438603 0.06007461 0.08573474 0.07913522 0.08122307 0.08856182
0.4878621 0.3414579 0.1998797 0.3145757 0.2887237 0.2957424 0.2584423 0.3141313 0.2642436 0.170687 0.248412 0.1838963 0.2259569 0.3080619 0.3232634 0.2450773 0.2806675 0.2660299 0.2866935 0.2069971 0.1711923 0.1565164 0.1224202 0.09617095 0.09975875 0.0992221 0.08687111 0.125766 0.08395446 0.02837071 0.008898196 0.01141784 0.008769845 0.009421834 0.01698749 0.003921234 0.00320623 0.004097704 0.006963916 0.01030746 0.01448121 0.01977762 0.02512888 0.03199167 0.03455595 0.03334676 0.03601477 0.07554284 0.05162785 0.05602809 0.06458574 0.07449817 0.09222815 0.0973943 0.07471468 0.1346478
0.5116265 0.3423274 0.1843344 0.2778851 0.3003525 0.2719576 0.2393849 0.2384468 0.2905161 0.2495154 0.1925596 0.1799782 0.2551003 0.3370098 0.3809523 0.279594 0.2354883 0.2637485 0.2342612 0.1581047 0.1818772 0.1181374 0.1002005 0.09012198 0.0885475 0.06671622 0.09157869 0.104833 0.05643936 0.02468378 0.006979735 0.007734779 0.005024489 0.004896903 0.006757971 0.003115976 0.002852406 0.004547552 0.007287757 0.01064984 0.01475455 0.02032796 0.02630832 0.03190071 0.03403108 0.03615683 0.03822559 0.05631176 0.07334299 0.0843226 0.06675243 0.09042828 0.06794085 0.07899868 0.0766509 0.05196822
0.5184785 0.3821222 0.2618586 0.3050982 0.2660362 0.2597988 0.2436015 0.2440183 0.2238542 0.2347585 0.2145388 0.1584214 0.2465208 0.2775576 0.2786006 0.2035846 0.20702 0.2196208 0.244766 0.1769563 0.1805309 0.1242079 0.06160807 0.07723369 0.07540545 0.06349001 0.1020474 0.06342193 0.0334364 0.01222342 0.00577161 0.005068636 0.004032835 0.004039879 0.00318838 0.003149608 0.003079167 0.004883016 0.007423063 0.0106347 0.01448921 0.02023 0.02682102 0.03322817 0.03605576 0.03871905 0.04142097 0.08084387 0.09836704 0.08069304 0.07952795 0.0750542 0.0878138 0.08234648 0.06782106 0.05445991
0.5938507 0.4030292 0.2937703 0.3138636 0.2347083 0.2337616 0.21622 0.2866279 0.252723 0.2510714 0.2268015 0.1778742 0.2193442 0.1690607 0.1979116 0.2027162 0.2673353 0.2974676 0.2095429 0.1475864 0.09439217 0.09339463 0.08268277 0.1010254 0.08713629 0.06544651 0.08768783 0.02628974 0.007608987 0.004366257 0.003351037 0.00604882 0.004641145 0.004022567 0.003847343 0.004575233 0.003328386 0.005049554 0.007468501 0.007977017 0.01103699 0.01595148 0.02202767 0.04571872 0.05917478 0.06698814 0.07029068 0.1100778 0.1120124 0.128203 0.120985 0.1039976 0.1023254 0.0682435 0.06581413 0.05673994
0.4948604 0.3065851 0.1833166 0.2648514 0.2599275 0.2804264 0.241758 0.3028176 0.3267422 0.2747614 0.2861022 0.2485192 0.1349923 0.1336159 0.2037322 0.1923379 0.1788327 0.1191888 0.09361335 0.1094621 0.05494485 0.05644096 0.02061852 0.05808197 0.05860845 0.0353203 0.02773984 0.01757799 0.003581119 0.002623574 0.002442531 0.004659827 0.004180816 0.003961319 0.006540809 0.008743973 0.003421839 0.004892224 0.007138714 0.01432731 0.0179309 0.01608111 0.02222781 0.04202048 0.05046912 0.07131758 0.08507553 0.1035052 0.1217753 0.1045286 0.1011516 0.1074223 0.06833242 0.07251637 0.07305176 0.0518937
0.5220285 0.2615433 0.1546398 0.2552356 0.26317 0.25846 0.226744 0.3193656 0.2333494 0.2628772 0.2257058 0.1768284 0.1685373 0.1331219 0.1159443 0.0485476 0.0280065 0.05838717 0.1359832 0.0375314 0.05061169 0.01547858 0.002284936 0.01493376 0.03179209 0.01949471 0.01588936 0.01138353 0.002016311 0.00205846 0.002077906 0.005311385 0.004174917 0.004162102 0.008973737 0.003822553 0.004184491 0.005646426 0.009229261 0.01275628 0.01635054 0.02127692 0.02346358 0.04549019 0.05564947 0.07970899 0.09761403 0.1147397 0.1100396 0.1168632 0.1282351 0.0847949 0.07461379 0.09330119 0.07551664 0.04083307
0.4021648 0.2767144 0.1838647 0.229387 0.2300231 0.1897873 0.2122032 0.2875723 0.1904251 0.1773136 0.2243428 0.1259675 0.1538621 0.1617739 0.1288701 0.08176696 0.09458576 0.04061772 0.0974511 0.03079947 0.0355466 0.01269607 0.007414902 0.01041739 0.0101851 0.005413769 0.01021796 0.004054322 0.002125296 0.005871796 0.01739655 0.004544691 0.004604714 0.004634374 0.004597639 0.01347908 0.04662022 0.009779705 0.00954625 0.01164612 0.01252306 0.01814695 0.02525763 0.05063644 0.07116426 0.07627581 0.09456182 0.0942912 0.09787066 0.2177785 0.2475068 0.08825653 0.07565143 0.08314747 0.0811736 0.03174931
0.3806418 0.3134805 0.2026484 0.2195416 0.1632051 0.1434844 0.1284538 0.1298772 0.09145138 0.07780881 0.09142794 0.1312539 0.1789745 0.1203148 0.1731436 0.08684024 0.08516783 0.09917226 0.09076852 0.04573758 0.03713819 0.009688214 0.01506902 0.007852511 0.007239597 0.006491713 0.00213782 0.003459852 0.003913165 0.004707091 0.005759718 0.006072865 0.00634829 0.008083744 0.009769467 0.01615299 0.2181074 0.01152895 0.01146232 0.01328356 0.0169685 0.02459055 0.03581462 0.07810449 0.1112085 0.1294972 0.16706 0.1640403 0.1575435 0.2747039 0.1329363 0.06665248 0.05171521 0.06735338 0.05619387 0.02270833
0.3645121 0.3334818 0.2351864 0.2248691 0.1974988 0.1574409 0.08213463 0.07284551 0.06863494 0.06643672 0.06424723 0.07606149 0.08264237 0.04271522 0.1220193 0.1155034 0.05430414 0.09678342 0.08072217 0.04944789 0.006166927 0.01837653 0.01466601 0.001231029 0.001386704 0.00166626 0.002131178 0.003543285 0.005374436 0.004460914 0.004808455 0.006566478 0.006682673 0.00759147 0.006847159 0.006663832 0.02804441 0.009482862 0.01317765 0.01508635 0.01903619 0.02716067 0.03856811 0.09400922 0.1053561 0.1455508 0.1642916 0.1655626 0.275234 0.1568813 0.1451514 0.06128842 0.05457401 0.06401788 0.06002986 0.02475
0.3919018 0.2661334 0.1598367 0.1672038 0.1490059 0.1129203 0.07959074 0.06109228 0.06190545 0.07295274 0.05870598 0.04636953 0.0361313 0.02688024 0.05526657 0.07278045 0.05222249 0.01556345 0.02638279 0.000367179 0.0003709565 0.0004471049 0.007083517 0.001562031 0.001126613 0.001463887 0.001941131 0.007628436 0.003958282 0.004321821 0.008331312 0.006520436 0.00669024 0.006868736 0.007077341 0.006006399 0.007552097 0.01114379 0.01625239 0.02060692 0.02494668 0.03111156 0.04101975 0.08855033 0.1039855 0.1321867 0.1529054 0.2176822 0.3052828 0.1829014 0.1546326 0.07059193 0.05786693 0.05800791 0.04802871 0.01475
0.3143264 0.1920657 0.112702 0.1180679 0.08465291 0.09402475 0.06405164 0.06307298 0.04126931 0.05452291 0.04215981 0.02720903 0.03043375 0.03267576 0.01427717 0.01532251 0.02821369 0.02435249 0.02672961 0.01915353 0.0002810998 0.008995546 0.0004536806 0.0008979854 0.0008857915 0.001187614 0.003546393 0.00286661 0.00571882 0.00377466 0.004420459 0.006042487 0.006212651 0.006530534 0.006916294 0.006380222 0.00780503 0.01199623 0.01796197 0.02490913 0.02730487 0.03603928 0.0476556 0.1017142 0.1240975 0.1319495 0.1546373 0.1856248 0.1558439 0.2007441 0.1876813 0.0886457 0.05212904 0.05307407 0.04285059 0.024875
0.1486286 0.1069067 0.1250288 0.07106652 0.06299105 0.1019997 0.07899781 0.05469583 0.04115283 0.03950115 0.02652561 0.01641746 0.01243042 0.008470216 0.008899213 0.006328609 0.004788571 0.008424191 0.01258346 0.01120425 0.0001728695 0.0002120168 0.0002906851 0.002096711 0.006149114 0.0004727268 0.001615453 0.001822374 0.001896166 0.002777626 0.002709069 0.002854234 0.003060426 0.003313157 0.003604194 0.004544565 0.006051132 0.01005685 0.01508141 0.02920871 0.03094439 0.0550565 0.0812707 0.1303393 0.1821022 0.1536738 0.1839335 0.1739519 0.1766632 0.1845636 0.1557327 0.06283333 0.04841666 0.02466667 0.03395833 0.02991667
0.08721656 0.08543145 0.08112656 0.07842502 0.05048316 0.03855054 0.04517709 0.04449231 0.02638638 0.02467697 0.01865834 0.01036538 0.009142783 0.007336651 0.008355646 0.006334949 0.005187451 0.009680685 0.007047496 0.008440687 0.007862248 0.0001135028 0.0001657645 0.0008310041 0.0002028443 0.0003181105 0.0005080418 0.001467344 0.001796525 0.001759103 0.001984788 0.002545266 0.002806109 0.00312773 0.004716977 0.005548468 0.006936945 0.01246477 0.01681589 0.02742835 0.04320677 0.05880741 0.05335437 0.1367253 0.1814368 0.167587 0.2983341 0.1718377 0.1953501 0.2092306 0.1575036 0.046 0.050875 0.03133333 0.041875 0.02820833
0.08237343 0.08684693 0.09662823 0.07067253 0.08559835 0.03811416 0.02543241 0.02761396 0.01694055 0.01512274 0.01212534 0.01248282 0.01019095 0.00690135 0.009882925 0.006514983 0.005414261 0.003246875 0.001246475 4.84126e-005 0.003985912 5.629074e-005 9.030313e-005 9.286879e-005 0.0001192348 0.0002106329 0.0003670181 0.001051873 0.001258825 0.001416708 0.001669974 0.002202457 0.002495446 0.003089156 0.005404158 0.00618942 0.007397699 0.0129679 0.01823181 0.02790705 0.03475795 0.04269075 0.05130481 0.1487443 0.1460328 0.1395827 0.2261967 0.1324642 0.1583713 0.1669913 0.1396932 0.07449999 0.05520834 0.04041666 0.04008333 0.022875
0.1063157 0.08377726 0.08174173 0.06050937 0.04599645 0.03071615 0.03470217 0.03028654 0.02531738 0.01507277 0.01696263 0.01817507 0.02042602 0.01705291 0.01160385 0.008507387 0.007369379 0.00558737 0.003420985 0.001269586 3.262692e-005 4.023271e-005 0.001025482 6.671028e-005 8.516565e-005 0.0001772829 0.0006705404 0.0006772756 0.0008719329 0.001095173 0.001347887 0.001833007 0.002125036 0.004738137 0.00667185 0.007050429 0.007988316 0.01167205 0.01723425 0.02653485 0.03383255 0.04140935 0.06695153 0.1048583 0.1245582 0.1446047 0.08661598 0.1075798 0.1201507 0.1346837 0.1418259 0.07079167 0.042625 0.04649999 0.05970833 0.02108333
0.09167955 0.06614972 0.04498735 0.09059274 0.04420415 0.03217206 0.04537463 0.07936388 0.03372711 0.01755013 0.01519191 0.01847673 0.01294497 0.01859524 0.01459416 0.01001101 0.008909754 0.007012248 0.007822284 0.003396994 0.001264909 1.365078e-007 0.00268596 0 0 0 0.004575572 0.0003278256 0.0002890085 0.0003914881 0.0005289213 0.001729263 0.003393497 0.005630674 0.007210802 0.008743931 0.009517308 0.01323266 0.02003985 0.04965674 0.04328668 0.05717515 0.05726841 0.08243813 0.1131292 0.1529338 0.06140666 0.04347964 0.0688483 0.098921 0.09922417 0.07987499 0.03141667 0.063875 0.044875 0.02725
