contrib/geomasonDemos/riftland/DataFiles/RainData/.svn/text-base/127.txt.svn-base
ncols         56
nrows         54
xllcorner     28.264
yllcorner     -5.7719999999999
cellsize      0.25
NODATA_value  -9999
[rows 0 to 24 of 54, columns 0 to 55 of 56]
0.06014438 0.06341581 0.04784091 0.04114592 0.04279598 0.05336754 0.06487416 0.05732306 0.05779609 0.048318 0.04093387 0.02814606 0.02030859 0.02570647 0.02895525 0.02712516 0.04107638 0.04792738 0.0525728 0.0584873 0.05342442 0.06179673 0.05862921 0.05775174 0.05300931 0.05446978 0.04998676 0.06215348 0.05758511 0.05310471 0.06363851 0.06798454 0.07034682 0.08985804 0.08002339 0.09757646 0.08675952 0.07746481 0.0650769 0.06356307 0.03952479 0.02721918 0.04754549 0.0707425 0.1032154 0.08763444 0.08163182 0.05393783 0.0506251 0.03947283 0.0319764 0.010938 0.005760298 0.01043752 0.01365569 0.02113598
0.04598054 0.05002502 0.04961227 0.0370796 0.04166939 0.06017424 0.05454402 0.06996043 0.05948394 0.03975541 0.03760954 0.02760726 0.02039639 0.02653965 0.02703461 0.0275942 0.03853558 0.04309961 0.04677191 0.05421394 0.05677602 0.05467245 0.05505776 0.05291291 0.04592051 0.04665018 0.05151569 0.06328598 0.06508891 0.05560519 0.05281427 0.05771928 0.06397954 0.06513921 0.06665534 0.07784884 0.09766132 0.07571784 0.06912071 0.06579942 0.05199977 0.0305455 0.04810183 0.07395503 0.09070749 0.07557885 0.07582464 0.0571118 0.06145432 0.0265037 0.0119879 0.01192712 0.01203785 0.009559805 0.01081334 0.01081751
0.04091244 0.042704 0.05341069 0.04299985 0.04756865 0.05815968 0.04066922 0.05622743 0.04069882 0.03091587 0.03876412 0.03901329 0.0233951 0.0262013 0.02781609 0.03457005 0.04511114 0.04300931 0.04774622 0.0548545 0.06371243 0.05863217 0.05104099 0.05193651 0.05228017 0.04974142 0.03904822 0.04713947 0.05186275 0.04983164 0.05199794 0.0593254 0.0619394 0.07316907 0.08841687 0.07986488 0.08308826 0.06344114 0.0571314 0.04977217 0.04672179 0.0385264 0.04669831 0.043074 0.09769123 0.08640783 0.06856399 0.04216926 0.02453374 0.0166563 0.004045154 0.00597513 0.005354384 0.004060624 0.003890634 0.003931371
0.04685625 0.04909028 0.05899851 0.05188116 0.04487127 0.06866577 0.05497443 0.04368064 0.03983006 0.03087655 0.04368657 0.05065347 0.03462628 0.03186862 0.03271262 0.03216676 0.04219695 0.05024512 0.05170963 0.08433904 0.1210626 0.09396722 0.08202013 0.06366332 0.06202697 0.04421077 0.04587695 0.04313412 0.0362678 0.04651284 0.04215914 0.04391733 0.05408327 0.06185252 0.06583971 0.05127573 0.05568011 0.04920952 0.04216921 0.04944675 0.05113815 0.05088342 0.0670751 0.06354369 0.08016203 0.04282112 0.03106561 0.01903513 0.01589976 0.01661863 0.003519176 0.003479566 0.003634592 0.002506536 0.0007557858 0
0.04185073 0.04535795 0.04837241 0.04961966 0.06625908 0.0706795 0.06956215 0.05250575 0.04132102 0.03665558 0.03618047 0.0428693 0.03002639 0.03894169 0.02855747 0.0367051 0.04327444 0.04890316 0.06157938 0.1199452 0.100722 0.08115684 0.08832996 0.08375911 0.06896995 0.05737771 0.03819051 0.0396157 0.03863107 0.03137909 0.0379477 0.03787059 0.05104596 0.05179428 0.06018157 0.05702862 0.05989027 0.04030328 0.02546669 0.03127341 0.04208773 0.05102758 0.05540581 0.04070189 0.02916931 0.0178819 0.01481417 0.008684785 0.005874985 0.005774448 0.003060919 0.002670618 0.003617939 0.001464361 0.0004637326 0.002418534
0.03333817 0.04031386 0.05344472 0.084527 0.1107606 0.1048287 0.1023836 0.0848377 0.06892341 0.05227653 0.04757798 0.03493591 0.02639842 0.04073545 0.0550107 0.05584884 0.05305532 0.06394228 0.06671377 0.1020856 0.1116396 0.08888219 0.1036481 0.08841363 0.07757501 0.05406671 0.04242766 0.04884742 0.03803051 0.03685778 0.04529876 0.04567716 0.05180154 0.04725012 0.04133463 0.0368427 0.03911015 0.0258205 0.02003295 0.02128399 0.02684319 0.03034809 0.02520086 0.01186712 0.009603525 0.006713967 0.007054978 0.004358694 0.002628234 0.002988783 0.002919338 0.002892377 0.00114647 0.001959956 0.004127781 0.01158727
0.03959274 0.04982631 0.05389952 0.06698792 0.06165167 0.08105367 0.07051549 0.06335492 0.06255933 0.0538733 0.0427435 0.02944842 0.02508013 0.03151378 0.04437856 0.04711349 0.04938216 0.05821284 0.06331079 0.08910802 0.06948368 0.0905775 0.07639591 0.07017372 0.0650686 0.04896994 0.04058639 0.04521434 0.03654123 0.03285611 0.02682452 0.03955711 0.03895374 0.04082726 0.02540233 0.02797313 0.02468909 0.02073718 0.02162638 0.02359165 0.02707327 0.0333263 0.02226977 0.009673886 0.005046946 0.004559531 0.003115563 0.003441298 0.002657868 0.001499083 0.003177028 0.002085457 0.003594847 0.002436972 0.007620323 0.007054979
0.05302418 0.04265323 0.03681452 0.04021775 0.03910484 0.04333871 0.04629839 0.062 0.05551612 0.04783871 0.03625 0.03215322 0.02723387 0.04548387 0.04258871 0.04367593 0.05281598 0.05407034 0.06643235 0.05583756 0.05160183 0.06268097 0.09794302 0.07922075 0.05263736 0.04815687 0.04348103 0.03764185 0.02579418 0.02523095 0.02711202 0.03217344 0.02364156 0.02593198 0.02499731 0.02021503 0.01619141 0.02157099 0.02361965 0.0108613 0.008304303 0.01359245 0.01617463 0.005648599 0.002079593 0.0008668846 0.001019243 0.001933686 0.002053079 0.001698807 0.002964323 0.003174968 0.003589701 0.005118289 0.005024655 0.003144371
0.0449113 0.03688709 0.04137097 0.04991936 0.04008065 0.03979839 0.05095967 0.05449194 0.06454839 0.06219355 0.03784677 0.03416936 0.03162096 0.03640322 0.03865322 0.03921114 0.0487622 0.0523932 0.04629438 0.05457794 0.05662305 0.06450675 0.1138618 0.0646834 0.04284671 0.03224262 0.03083965 0.04195722 0.01836917 0.01009586 0.01341002 0.0183229 0.01622782 0.01801503 0.01302343 0.01490017 0.01317851 0.01276774 0.01274152 0.005822627 0.007371474 0.005015113 0.00235903 0.001976591 0.0017252 0.0009187993 0.0009965637 0.003385677 0.003546056 0.003871046 0.004348299 0.004040541 0.004891672 0.009504165 0.003668695 0.001677919
0.03962903 0.02619355 0.03431452 0.04071775 0.03844355 0.03844354 0.03780646 0.06771775 0.05835484 0.02970161 0.03416128 0.04049193 0.03842742 0.04116936 0.03775 0.040342 0.05368861 0.06155048 0.0694904 0.06241269 0.05703834 0.06871614 0.06989662 0.06232856 0.04344641 0.02152853 0.0221015 0.04240072 0.01959513 0.006967866 0.006164654 0.01109712 0.01237942 0.01448432 0.008430916 0.006978952 0.007719084 0.0119869 0.01403123 0.009337883 0.007988497 0.00398143 0.002794828 0.001457919 0.001450581 0.001784294 0.001819579 0.005326641 0.002232525 0.004285445 0.002891245 0.002423067 0.005488164 0.001993713 0.0005029558 0.001590196
0.02766936 0.02021774 0.02814516 0.02935484 0.03554839 0.04775806 0.03984677 0.04425 0.03995161 0.03253225 0.03299193 0.03666129 0.03051613 0.03336291 0.03385484 0.04669401 0.0438721 0.07417168 0.05996181 0.07675889 0.06472491 0.05020886 0.05324292 0.05873968 0.05014943 0.01923447 0.01415793 0.01528603 0.00936192 0.00525691 0.002147345 0.00294997 0.006960624 0.00751104 0.006495006 0.006555737 0.008955381 0.008918519 0.009072986 0.005552735 0.006582097 0.003905672 0.002987963 0.00294936 0.00306788 0.002139695 0.00188389 0.002817614 0.001992761 0.00390518 0.003492683 0.001795319 0.003087976 0 0 0
0.02787903 0.03913709 0.02948388 0.03656451 0.03443548 0.03798388 0.04362097 0.03322581 0.04283064 0.04954032 0.04354033 0.0373871 0.0286129 0.02553226 0.04358064 0.05816358 0.05074723 0.05609598 0.05835034 0.05802438 0.09444232 0.07971732 0.03727247 0.0344162 0.02494585 0.01319486 0.01130058 0.01921123 0.007211953 0.003990272 0.001284984 0.0009960522 0.002320168 0.00280611 0.004706178 0.00649425 0.007176999 0.005977313 0.004449728 0.003775431 0.002564038 0.004067822 0.005177949 0.003721602 0.004159036 0.005728416 0.006660521 0.007207859 0.007627191 0.005181015 0.003805331 0.000625424 0.0006324773 0.0006624814 0.0006647233 0.0006639499
0.02454033 0.03200807 0.06657258 0.04310484 0.04329033 0.05662904 0.04424194 0.03512903 0.03308064 0.03987904 0.04470162 0.03694354 0.03816936 0.0358871 0.06003225 0.05343342 0.04851554 0.07167779 0.05554162 0.0682771 0.0898764 0.0622333 0.04794063 0.04458629 0.0200036 0.01359157 0.009164425 0.008556462 0.003291202 0.001273019 0.001289704 0.001034939 0.0007676773 0.0004370688 0.0004463111 0.003785727 0.003685066 0.006144825 0.004561263 0.003832047 0.003450322 0.003861455 0.004400836 0.006896332 0.007627449 0.008555957 0.008475328 0.007658401 0.004675679 0.001169139 0.002971461 0.001773117 0.002266191 0.0006601564 0.001451773 0.0006663493
0.03608064 0.0357742 0.03597581 0.03980645 0.04561291 0.03697581 0.02823387 0.03309677 0.03204839 0.03262097 0.05291936 0.04467742 0.03240322 0.03456451 0.04631452 0.04913539 0.05496728 0.05310756 0.04765564 0.063147 0.07047598 0.04380287 0.03613548 0.02919164 0.01100064 0.003547042 0.007978512 0.003978049 0.001337131 0.0008478872 0.0009283518 0.0009425904 0.0007617876 0.0006049238 0.0008308598 0.0008218983 0.001296347 0.001300878 0.00330211 0.003484408 0.002642377 0.002983181 0.004032681 0.004342076 0.00331474 0.004104955 0.005609722 0.003267752 0.001167457 0.001214487 0.001275258 0.0008152336 0.0006549799 0.0006607614 0.0006654567 0.0006687442
0.04691936 0.03622581 0.02920967 0.03912903 0.03958064 0.03498388 0.03254839 0.03605645 0.04144355 0.0359758 0.04837903 0.03914516 0.03348387 0.03910483 0.05179839 0.05539433 0.05414404 0.05651418 0.04546319 0.04783781 0.04733142 0.04216416 0.0303543 0.02332349 0.01374425 0.002136764 0.001700641 0.002169176 0.0008296487 0.0009602092 0.0009868804 0.0009536372 0.0009436815 0.001683861 0.001489284 0.0009222054 0.003164477 0.003829834 0.005154949 0.004099062 0.004895226 0.005390679 0.00613447 0.006424842 0.002946348 0.001814054 0.001884477 0.001100808 0.001171507 0.001208993 0.003315992 0.0006452748 0.000658997 0.0006626706 0.0006708768 0.0008779342
0.05473387 0.04781451 0.03845162 0.04069889 0.03836754 0.04331625 0.03513836 0.04591766 0.04901924 0.05073522 0.04669867 0.05610371 0.04004153 0.04206313 0.03432887 0.03829492 0.05223458 0.05329892 0.04724222 0.04891523 0.04394915 0.03640421 0.03536461 0.02420451 0.01663782 0.009528647 0.003827719 0.002461512 0.001670816 0.00168908 0.001340469 0.001378075 0.0009555935 0.00262069 0.003264394 0.003735893 0.004331863 0.00349838 0.003835134 0.002299157 0.002607862 0.002290847 0.004310663 0.003015498 0.001490045 0.0009869337 0.001048671 0.001407044 0.001198984 0.001214676 0.001232802 0.0006444809 0.0006569275 0.0006600862 0.0006684823 0.0006792676
0.03402419 0.0450887 0.04086291 0.05636173 0.0729821 0.0736152 0.05273218 0.04328024 0.04390326 0.05744749 0.05459591 0.0789153 0.04724351 0.03339748 0.03515645 0.03172488 0.04433357 0.0621399 0.05164 0.05166548 0.04585652 0.04717011 0.03970822 0.04780651 0.02340551 0.01359919 0.004684126 0.003569316 0.00261976 0.002751855 0.001572619 0.002968148 0.0009961305 0.0009037029 0.0009609112 0.0007017458 0.0009211986 0.0008893133 0.001111599 0.001182084 0.001297592 0.001348109 0.001411493 0.0008639444 0.001682444 0.002366225 0.001069566 0.001122018 0.001184455 0.001229304 0.001250976 0.0006544186 0.0006609001 0.0006635734 0.000670586 0.0006832883
0.05068549 0.06971775 0.07291935 0.07384194 0.08408818 0.09405848 0.06684531 0.05236285 0.05122528 0.06894498 0.06878457 0.06172834 0.03203254 0.0425177 0.04534709 0.04244496 0.0430304 0.05157995 0.06225149 0.07035361 0.0622061 0.06244889 0.05144037 0.05607599 0.02723246 0.01600294 0.007718888 0.002732921 0.003408051 0.00319673 0.002608514 0.007712319 0.00469102 0.003237287 0.003392849 0.003271042 0.00176902 0.002119937 0.001651608 0.001040093 0.001400324 0.001222521 0.001383053 0.0008828617 0.0009662142 0.001731013 0.001093577 0.001150361 0.001206741 0.001250013 0.00126024 0.001978044 0.001522922 0.001989565 0.001386184 0.004031434
0.06429031 0.06462098 0.05691934 0.06485812 0.09735078 0.08044913 0.0704311 0.05947981 0.05222454 0.06994395 0.05199884 0.03240866 0.02818789 0.04836383 0.06050747 0.05380123 0.0473851 0.04828829 0.03939846 0.05295641 0.0595851 0.06976167 0.05436336 0.04978602 0.03471316 0.03489756 0.0234047 0.006265004 0.004424919 0.003488467 0.002490896 0.002450821 0.005481699 0.002370974 0.001509715 0.0009257601 0.001641562 0.001631189 0.001395146 0.001007087 0.001101383 0.001232284 0.001407874 0.0009037404 0.0009935438 0.001061229 0.001120464 0.001181987 0.003856512 0.001321551 0.001283979 0.003604606 0.0006750858 0.002327487 0.01015878 0.01959742
0.09354838 0.08405643 0.07178225 0.07866329 0.08899485 0.09172677 0.06607956 0.06508742 0.05505377 0.07135454 0.04819628 0.02363915 0.02501694 0.0452792 0.05667919 0.05299272 0.05024936 0.05013715 0.04704548 0.0718561 0.08160876 0.06975751 0.0603613 0.05922663 0.06212685 0.0507411 0.02381075 0.01468138 0.01124372 0.008277208 0.006244131 0.004771109 0.00387065 0.003087933 0.002622089 0.001609112 0.001370309 0.001322194 0.001459634 0.002140858 0.002328064 0.002628156 0.003026525 0.003495606 0.003881724 0.00416783 0.004390406 0.00465096 0.004856971 0.005013667 0.005026849 0.001307798 0.001821667 0.005014325 0.006791245 0.007782099
0.06565321 0.07890323 0.07254031 0.05985607 0.06570151 0.083019 0.04447182 0.0623414 0.07546762 0.04550754 0.03177355 0.02696204 0.03208548 0.04511758 0.05767675 0.06844819 0.06086199 0.06132797 0.0713753 0.08696784 0.09199636 0.08434371 0.07629242 0.07266788 0.07257403 0.0639109 0.03331512 0.02056224 0.01308107 0.01142349 0.009321546 0.005290372 0.003893195 0.005061062 0.003745938 0.001825642 0.001471626 0.001354489 0.001491464 0.0021695 0.002346092 0.002654814 0.003084766 0.003571043 0.003991965 0.004285658 0.004513354 0.004870575 0.006844409 0.00552479 0.005524835 0.004356921 0.00397864 0.006802103 0.005576004 0.006018241
0.04391935 0.05127419 0.05675 0.05918763 0.0569406 0.0647664 0.05447941 0.07983118 0.07529315 0.03930753 0.02322945 0.02883893 0.03233513 0.04225763 0.05242673 0.06249387 0.05793146 0.05450449 0.08542585 0.08076081 0.07774877 0.07971817 0.08366459 0.09908739 0.09074891 0.06940544 0.06085568 0.04917529 0.02784089 0.01443644 0.01199941 0.009396897 0.009496354 0.005747781 0.003206635 0.002945565 0.001908792 0.001499547 0.001618073 0.002330426 0.003274206 0.002763084 0.003194362 0.003673096 0.004078567 0.004428537 0.004614426 0.004930872 0.005768533 0.006799416 0.007214745 0.0117313 0.01082906 0.006657493 0.007280353 0.007196529
0.06462903 0.07304838 0.0413871 0.0484324 0.04855058 0.06132698 0.04854526 0.05828399 0.05740384 0.03624332 0.01980297 0.0167605 0.03291912 0.04000671 0.0513395 0.06658044 0.06735914 0.04255217 0.04695568 0.05326324 0.06953841 0.08675515 0.1005885 0.1202048 0.1166285 0.1020589 0.09332237 0.0823348 0.04479702 0.02919806 0.02241082 0.01783269 0.0186873 0.01103935 0.01316767 0.004551039 0.002676091 0.001743619 0.001842743 0.002583661 0.00269535 0.002955444 0.003377001 0.003807375 0.004188428 0.004655613 0.005004011 0.005549095 0.00762422 0.008222279 0.01009304 0.007049832 0.007710766 0.00798205 0.008136368 0.008317283
0.09510871 0.1005531 0.05795416 0.04010963 0.042139 0.05621906 0.05228888 0.05506774 0.03794926 0.02059186 0.02444502 0.01480329 0.02541487 0.04845642 0.05316948 0.05492254 0.05624801 0.04255029 0.03322783 0.06038147 0.07168892 0.09610751 0.1156378 0.1188871 0.1218112 0.1278018 0.1166031 0.09394383 0.07748654 0.06890466 0.05161557 0.03599248 0.0209406 0.01723969 0.01403977 0.006240833 0.002743967 0.00149464 0.001549867 0.003488155 0.003028065 0.003260604 0.003916689 0.004148683 0.004516614 0.004790984 0.005065908 0.007058353 0.008841801 0.01021717 0.0112317 0.01263818 0.01108966 0.01236879 0.01420448 0.02487813
0.07233386 0.06847884 0.04772251 0.03660721 0.03064625 0.0379477 0.04952302 0.05030004 0.03566187 0.02118514 0.02486516 0.0173174 0.03441113 0.04722101 0.0469254 0.03654825 0.04241436 0.04047959 0.04600722 0.06720456 0.080934 0.1021566 0.09986456 0.1119211 0.1322044 0.143911 0.1109963 0.1017671 0.1152091 0.1051907 0.08322924 0.05852108 0.03200081 0.0408174 0.01427064 0.00614353 0.004874468 0.002965209 0.001716133 0.003391593 0.003266566 0.003561206 0.003826916 0.004281661 0.004624487 0.004872356 0.006423114 0.008625688 0.01007938 0.01074567 0.0109898 0.01066707 0.01058256 0.01550388 0.02519541 0.01243136
