contrib/geomasonDemos/riftland/DataFiles/RainData/.svn/text-base/127.txt.svn-base
ncols         56
nrows         54
xllcorner     28.264
yllcorner     -5.7719999999999
cellsize      0.25
NODATA_value  -9999
[rows 25 to 49 of 54, columns 0 to 55 of 56]
0.08391831 0.04766262 0.04236392 0.03197821 0.03501229 0.03817267 0.07208928 0.05594722 0.03623076 0.03524169 0.03819481 0.02730042 0.03640235 0.0354641 0.03020043 0.03575772 0.04474302 0.0445976 0.0526457 0.07646696 0.07561497 0.07851558 0.07519151 0.1100802 0.1430189 0.1460497 0.1249938 0.1534151 0.1401071 0.1305178 0.1027285 0.0634044 0.05405237 0.09130538 0.03020415 0.009075602 0.005386481 0.002349713 0.004012191 0.003834384 0.00377288 0.003833609 0.004011416 0.004284018 0.00449428 0.00559989 0.01343311 0.01044459 0.01071495 0.01134456 0.01158619 0.01218893 0.01791656 0.01942055 0.02503654 0.01456648
0.05811602 0.04300053 0.04350631 0.03830086 0.03422879 0.04057374 0.06619295 0.03934728 0.02724857 0.02388384 0.02562986 0.02726956 0.03874215 0.03879825 0.03690089 0.04625041 0.05087285 0.06560386 0.06086134 0.07742412 0.07949395 0.07942364 0.07925674 0.1234435 0.1548058 0.1302999 0.1151793 0.1506171 0.1500534 0.1228807 0.1077709 0.05394847 0.07593075 0.1097789 0.03857716 0.01071654 0.006524092 0.004757335 0.0042427 0.005320807 0.005113299 0.004341467 0.00417532 0.004149191 0.003991612 0.005973299 0.01032698 0.01059704 0.01178852 0.01487697 0.01855547 0.01892246 0.04043318 0.01714941 0.02071398 0.01270745
0.09103317 0.07725289 0.05749256 0.05608951 0.04303068 0.045704 0.04970471 0.05053247 0.03737928 0.03544246 0.03667225 0.03217374 0.04493003 0.03657718 0.0385307 0.04547269 0.04714154 0.06086085 0.07013971 0.08700746 0.09385292 0.09949496 0.08161731 0.115852 0.1396776 0.154662 0.1473689 0.1497161 0.1470629 0.1442597 0.1253504 0.09838194 0.09353223 0.08283449 0.04037634 0.02069648 0.01329965 0.008306511 0.009291307 0.007989472 0.006097055 0.005491262 0.004775508 0.002951629 0.005688385 0.008603163 0.008697183 0.01012401 0.0120922 0.01346455 0.01371814 0.02183753 0.04376168 0.04499075 0.02094596 0.01534913
0.0643687 0.07784505 0.06753181 0.05675237 0.05101305 0.04835117 0.05768958 0.03584632 0.03360334 0.03360873 0.03302214 0.03292073 0.03383712 0.03135084 0.03468989 0.03156598 0.03461336 0.03159605 0.03970466 0.05493554 0.08715633 0.1014146 0.08988465 0.1257678 0.153672 0.167331 0.175825 0.1602156 0.1658949 0.1521984 0.1308509 0.1086923 0.1085924 0.08035778 0.04590421 0.02114965 0.01359074 0.0104855 0.009285643 0.007312852 0.006617529 0.00620846 0.006225798 0.002853563 0.00640212 0.006706202 0.009056576 0.009962469 0.01324506 0.01329264 0.01290887 0.02481038 0.05232311 0.03849274 0.02922814 0.01865423
0.06025761 0.0715045 0.06451895 0.06262317 0.05162245 0.04032648 0.0361202 0.03094442 0.0326155 0.04386717 0.03841431 0.03011659 0.0251828 0.02792663 0.02193492 0.01830783 0.02221269 0.02052103 0.02493276 0.04260697 0.04998851 0.06495927 0.07962493 0.1454075 0.1782572 0.2000338 0.2043015 0.1677629 0.1746811 0.1684035 0.1497989 0.1226711 0.1246006 0.08856872 0.05349623 0.03262152 0.02003562 0.01496706 0.01736992 0.009235045 0.01101307 0.009878529 0.007447298 0.002945493 0.003528374 0.005882055 0.01135439 0.0108172 0.01179599 0.01243322 0.01334655 0.01970522 0.03421515 0.02086409 0.03717218 0.03183148
0.05751012 0.05832003 0.04511603 0.04474636 0.02170647 0.01950012 0.01440474 0.01747415 0.02095758 0.02424872 0.01924234 0.0205589 0.02778887 0.02809675 0.02356685 0.02332501 0.02205043 0.01871941 0.02358196 0.02792443 0.03754364 0.04637607 0.04499693 0.1165922 0.1489995 0.1600937 0.1643198 0.1704473 0.1722832 0.1779405 0.1422163 0.1287798 0.1437476 0.09199521 0.06141979 0.03906069 0.03570542 0.01552944 0.01411527 0.01065287 0.01212005 0.008009641 0.006299734 0.003196458 0.004115788 0.005953863 0.0079699 0.01151513 0.01253578 0.01390806 0.01591297 0.02339584 0.02496862 0.0366519 0.03197626 0.02027373
0.05458497 0.0616804 0.0571408 0.05015717 0.02659821 0.008783728 0.01271601 0.01701958 0.02208339 0.02170423 0.01996964 0.02543616 0.02398872 0.02970943 0.03241379 0.03530731 0.039896 0.04477199 0.06087462 0.05278395 0.05445142 0.06112263 0.05600005 0.09700752 0.1153722 0.1121298 0.129688 0.1527624 0.1744545 0.1786277 0.1300626 0.1126599 0.1235441 0.0778481 0.05837237 0.04986093 0.04199224 0.02669051 0.02401449 0.01371871 0.01372581 0.01857938 0.01227872 0.004695929 0.003264809 0.005380672 0.007136792 0.01117093 0.0132674 0.01483438 0.01844787 0.01900841 0.01977511 0.02038879 0.02062464 0.02210754
0.07163095 0.07630101 0.04279732 0.03287699 0.0307106 0.008788734 0.0145026 0.02378716 0.0168117 0.01449395 0.01898872 0.02773732 0.02626063 0.03164267 0.03793033 0.05368399 0.0524908 0.05367349 0.05243273 0.06734463 0.0529406 0.0442572 0.05959691 0.0948819 0.1084222 0.1330557 0.1717283 0.1905945 0.1788528 0.1571058 0.1300322 0.09752466 0.0934478 0.06467839 0.04476153 0.04432539 0.04205057 0.03205631 0.02770599 0.01608561 0.01748997 0.0153173 0.01248334 0.00147602 0.003953646 0.006037996 0.007823628 0.01206495 0.01437424 0.01822039 0.01789935 0.02053529 0.02121451 0.02443185 0.02159488 0.02273794
0.07252625 0.06416706 0.02726267 0.01898691 0.02314302 0.01587825 0.02218332 0.01885347 0.01125032 0.01016707 0.01238104 0.02650136 0.02691688 0.03139403 0.03911807 0.05060506 0.05171698 0.06519908 0.06116882 0.05918761 0.05274085 0.05043392 0.04835102 0.08791884 0.1209408 0.1441157 0.1832213 0.154055 0.113895 0.1128868 0.1242402 0.07883046 0.05837447 0.05799997 0.04723291 0.03964166 0.03609694 0.03390381 0.03040647 0.01682287 0.01493388 0.01254196 0.009764398 0.002097565 0.00455483 0.006775137 0.01038351 0.01390461 0.01656405 0.0184223 0.02058697 0.02242589 0.0229256 0.02395234 0.02370808 0.04115016
0.08950282 0.07743681 0.03671007 0.02904685 0.02979952 0.05210271 0.03025048 0.01609555 0.00854729 0.006396343 0.0112692 0.02555482 0.02973447 0.03606797 0.04837642 0.05921074 0.07818931 0.08673413 0.0768792 0.07051757 0.06013929 0.04733801 0.04298363 0.07664625 0.1035868 0.1344825 0.1383931 0.09826759 0.09380788 0.07339011 0.07109753 0.06598449 0.05708572 0.05400405 0.04444353 0.03973807 0.03574851 0.03314717 0.0296865 0.01717383 0.0155846 0.01352792 0.01100414 0.002834249 0.005411917 0.007752484 0.00980421 0.01665758 0.02916534 0.02182204 0.02341237 0.02407667 0.0250298 0.03074497 0.03057771 0.02752592
0.1059878 0.08213711 0.04960783 0.03794705 0.02230213 0.02255253 0.01526981 0.01577547 0.01210363 0.009273951 0.01496997 0.02109401 0.02960359 0.04102939 0.05117847 0.06605279 0.07921383 0.08593389 0.07234224 0.0576926 0.05309847 0.0363527 0.03757565 0.05387316 0.07414583 0.1017209 0.1007972 0.06529091 0.05196957 0.04498896 0.04367162 0.03308159 0.0269959 0.03094808 0.03284518 0.02392505 0.02202249 0.01959067 0.01804195 0.01006322 0.009346453 0.008417089 0.007208896 0.005451377 0.008909623 0.01199464 0.01494765 0.02488635 0.03482381 0.03240588 0.03556986 0.04206213 0.04181066 0.04358789 0.03782156 0.02958638
0.08365402 0.03757487 0.02982523 0.02144634 0.01860829 0.01086633 0.01168676 0.01197063 0.007854752 0.008969828 0.0126616 0.0233385 0.02999403 0.04171794 0.04750391 0.06427178 0.0662327 0.06724943 0.05213321 0.04012248 0.03068247 0.03264292 0.0476888 0.05262964 0.05677857 0.07447789 0.09957924 0.08046845 0.06358941 0.05113682 0.03461919 0.02557867 0.02002041 0.02296963 0.02082848 0.02360029 0.02360968 0.01947066 0.01796859 0.01020964 0.009687833 0.00889331 0.007811785 0.006347242 0.009928153 0.013264 0.01637173 0.02499115 0.0302888 0.03457499 0.03796506 0.04048525 0.04813829 0.05220352 0.04185994 0.06522922
0.08900508 0.03203662 0.009778361 0.009189333 0.00893068 0.003863518 0.005213208 0.006366238 0.00733269 0.007633297 0.01054895 0.02182779 0.03091265 0.04181962 0.05191181 0.06499156 0.05009159 0.04360101 0.0387608 0.02853561 0.02457673 0.02932009 0.03740892 0.05467694 0.06948669 0.0784033 0.06896937 0.06933612 0.05487885 0.04386199 0.02558335 0.02007865 0.01636447 0.01667524 0.03282148 0.02071794 0.01754927 0.01751029 0.01738524 0.01024511 0.01007325 0.009729995 0.009122003 0.007568352 0.01148685 0.01496451 0.01823659 0.03516626 0.04356444 0.03817564 0.03968953 0.04555016 0.04784486 0.04663905 0.04654036 0.02778246
0.07715421 0.01551346 0.005044835 0.007440465 0.004885701 0.00345408 0.004069122 0.005363276 0.005864972 0.007206631 0.01148733 0.01660593 0.0292294 0.03396688 0.03662817 0.03021092 0.02818346 0.0193485 0.02802787 0.03348054 0.02356345 0.03017758 0.03814556 0.06622352 0.08390886 0.06826993 0.05046451 0.0499425 0.03111273 0.02182549 0.01214203 0.01643845 0.01453553 0.01911402 0.015798 0.01511483 0.01512048 0.0155353 0.01635064 0.0101505 0.01056097 0.01085043 0.01100028 0.00920214 0.01351363 0.01709751 0.0197694 0.03244573 0.04061111 0.04839861 0.05601437 0.05907596 0.07184497 0.05825763 0.03519155 0.02485587
0.04336443 0.01919316 0.008022399 0.01677803 0.00458732 0.004925445 0.007270545 0.006586758 0.006273046 0.008598242 0.00931297 0.01520214 0.03191133 0.01779022 0.03074389 0.02308005 0.01480595 0.01296466 0.02502421 0.01549726 0.01777919 0.02068016 0.02830338 0.05425601 0.06702138 0.06548896 0.05067245 0.04214822 0.02991863 0.0130638 0.009823754 0.01187363 0.01057858 0.009812131 0.01007551 0.009140003 0.009468764 0.00946692 0.01071349 0.008661362 0.009393709 0.01019826 0.0109943 0.0141487 0.02601861 0.02361865 0.02859211 0.03818632 0.0497844 0.07428641 0.05262914 0.05924027 0.05622845 0.03306571 0.02916234 0.03290874
0.03053466 0.01701768 0.01017238 0.005638968 0.004079399 0.005193471 0.008513866 0.007031929 0.01668139 0.01081055 0.0159941 0.02010177 0.02221963 0.01790988 0.02818711 0.02472862 0.01428403 0.01117755 0.01391491 0.0178602 0.01035769 0.01196611 0.01634408 0.03266462 0.03991934 0.04551087 0.03072879 0.01544692 0.01136434 0.008796723 0.006558072 0.01014367 0.01400182 0.008060516 0.007728816 0.007378017 0.007121038 0.008067811 0.009994783 0.008615021 0.009821846 0.01113979 0.01250144 0.021338 0.02221145 0.0343847 0.03457013 0.0470441 0.04844588 0.0538086 0.06468731 0.07293679 0.03700292 0.03561581 0.04167132 0.02761649
0.01657329 0.01819537 0.006093582 0.005927489 0.007195777 0.01076921 0.008050709 0.003753489 0.007658856 0.008180947 0.01032143 0.01062716 0.009539411 0.006887475 0.006325732 0.01446268 0.006621516 0.006196784 0.02728837 0.00815939 0.009305093 0.01023346 0.01112222 0.02382825 0.01667999 0.0174476 0.01345351 0.009668861 0.01085457 0.005575591 0.006267711 0.008610057 0.006689433 0.006358874 0.006380373 0.005899081 0.005928293 0.007264675 0.01052849 0.008935398 0.01057955 0.01230159 0.01413862 0.01938124 0.03289269 0.03825658 0.04003712 0.05784982 0.05321127 0.06451596 0.09272654 0.07284627 0.06327904 0.05224103 0.04889527 0.01711876
0.02860131 0.02495888 0.01011113 0.003597536 0.0050892 0.006374998 0.003587927 0.003850445 0.00593937 0.008149398 0.01128519 0.01346205 0.01281866 0.005925272 0.01963078 0.01295806 0.01127486 0.006141638 0.0205453 0.006161729 0.009088778 0.006817168 0.007837395 0.01420291 0.009110364 0.006903569 0.007215145 0.005378079 0.008009762 0.008324792 0.01290946 0.006076736 0.005519424 0.005353349 0.005524767 0.006592701 0.0311665 0.007122632 0.01032345 0.009706701 0.01174297 0.01365983 0.01689558 0.02614296 0.04015731 0.02976831 0.03192301 0.04597577 0.05373666 0.1236214 0.1215609 0.06534752 0.05172321 0.04611162 0.04496736 0.01828245
0.02292128 0.02217647 0.006485161 0.004323802 0.004022643 0.004216733 0.003073504 0.002808785 0.003018538 0.002528909 0.003589357 0.003304396 0.004295457 0.00440904 0.004488665 0.006359824 0.01010981 0.003951863 0.003039547 0.003835308 0.00542564 0.003822867 0.003506355 0.004932574 0.005379954 0.005551914 0.005464822 0.004722992 0.004368057 0.004278634 0.006168047 0.004459777 0.004071671 0.004477047 0.004353192 0.005764359 0.06961036 0.007261944 0.009724197 0.01140542 0.01414493 0.01652446 0.02148034 0.05430445 0.05226113 0.05393132 0.05730254 0.07398922 0.07345384 0.133742 0.07786086 0.04861927 0.04634971 0.04111602 0.03936873 0.02435484
0.01692525 0.01426908 0.005619202 0.001499683 0.002524476 0.00234618 0.002804449 0.00273998 0.00197901 0.001965337 0.001535415 0.001616027 0.00179589 0.001996399 0.002150042 0.003609156 0.004425325 0.00235161 0.004717183 0.002228576 0.002328121 0.002468673 0.002761456 0.004123522 0.004265711 0.004510222 0.004042379 0.003245389 0.004652148 0.002711953 0.003924072 0.003194992 0.002956252 0.003997177 0.00351979 0.00492244 0.00931215 0.006196078 0.01014533 0.01219085 0.01535239 0.02014851 0.02585175 0.05837297 0.05987583 0.05752663 0.0649748 0.06229759 0.08216186 0.07984763 0.08119766 0.03710776 0.04476373 0.04935505 0.04858362 0.02620968
0.01042092 0.006992534 0.00239238 0.0007215149 0.001646077 0.001368284 0.001457892 0.002014424 0.000843532 0.0007453724 0.0008318911 0.001180155 0.001840678 0.001323076 0.001520348 0.004122251 0.003737351 0.001322193 0.001490774 0.00159795 0.001743929 0.00192624 0.002120252 0.002881164 0.003197927 0.003157479 0.003236081 0.00471606 0.0020404 0.00185415 0.00901578 0.00238583 0.002294236 0.002484389 0.003059814 0.003159399 0.003893548 0.006219725 0.01265025 0.01307463 0.01857618 0.02400843 0.02863158 0.06189487 0.0574342 0.07415601 0.06604575 0.1159439 0.1598056 0.0796666 0.08939666 0.05036959 0.03962505 0.0283712 0.03196636 0.01620968
0.00421613 0.002650173 0.001605233 0.0005135644 0.002039568 0.0005836372 0.001849204 0.001956583 0.000494469 0.0005495424 0.0006828036 0.0008647153 0.0009966117 0.0009452391 0.0009963376 0.002282953 0.0009547755 0.001132097 0.001604186 0.001929782 0.001338295 0.001470684 0.001619724 0.002183259 0.002379548 0.002390985 0.005384853 0.002328744 0.001750223 0.001521186 0.002427742 0.002059719 0.002019244 0.002330198 0.002970305 0.003144455 0.003920893 0.00693975 0.01141155 0.01558725 0.02132056 0.02715809 0.0339725 0.07186265 0.06588198 0.0746837 0.07496944 0.09631311 0.1064039 0.07365119 0.0847969 0.0567182 0.04132992 0.02566453 0.02835817 0.02133065
0.002260821 0.003650631 0.0007737674 0.001124808 0.0006942177 0.001382847 0.0005593203 0.001014094 0.0005462207 0.000216411 0.0002440893 0.0001668293 0.0002262863 0.0001917951 0.0002894743 0.00423762 0.007228512 0.006822092 0.0008610245 0.00152987 0.001456542 0.001099388 0.001195572 0.0004397601 0.01593667 0.002382054 0.005069384 0.00126405 0.0009518929 0.006036623 0.0009439286 0.001511348 0.001578601 0.002433228 0.003942444 0.004910482 0.004132148 0.006160285 0.0127063 0.01741171 0.04633902 0.04085311 0.04271759 0.05265235 0.08179498 0.06988365 0.09148695 0.08053243 0.09879402 0.08544036 0.09592173 0.03794355 0.02395161 0.0191129 0.01951613 0.03092742
0.00768024 0.006019658 0.001944128 0.001156914 0.0006585809 0.001901781 0.0001444892 0.0005483571 0.0009296095 0.0007290214 0.0002500453 8.232198e-005 0.0004708253 0.0001487834 9.824077e-005 0.001848803 0.002057485 0.0004238326 0.0004460165 0.0006890218 0.0007641811 0.001081393 0.0005695056 0.002917934 0.0002090285 0.0002204247 0.0002338131 0.0009895865 0.000612396 0.0007851479 0.0007203499 0.00137626 0.00108943 0.004491904 0.004596833 0.005954295 0.005172949 0.007263897 0.01105996 0.02067887 0.03996377 0.03842991 0.0451116 0.07044646 0.08091871 0.08466463 0.1446358 0.08996018 0.07537035 0.07620654 0.0892541 0.0341129 0.02834678 0.01899194 0.01060484 0.02806452
0.005056507 0.002801219 0.00328751 8.256659e-005 0.0002102377 0.001577814 0.0003712868 0.0001079869 0.0004855118 0.001363996 0.0007174666 8.047646e-005 0.0004614926 0.0001004342 0.0001038728 0.0001353386 0.0001630041 0.0002143033 0.0002069671 0.0006799502 0.0004775377 0.000234063 0.0002174825 6.799824e-005 6.298152e-005 0.00150293 0.0001049787 0.0003185745 0.0003880847 0.0004622471 0.001047507 0.002499893 0.002450159 0.004218145 0.005277575 0.005572945 0.006352283 0.00856977 0.0110238 0.01871066 0.0903471 0.0275615 0.02935113 0.08681177 0.08812552 0.06136332 0.1357404 0.05698 0.05814461 0.1016536 0.0613687 0.0328629 0.0371371 0.02641129 0.01048387 0.01379032
