contrib/geomasonDemos/riftland/DataFiles/RainData/.svn/text-base/136.txt.svn-base
ncols         56
nrows         54
xllcorner     28.264
yllcorner     -5.7719999999999
cellsize      0.25
NODATA_value  -9999
[rows 0 to 27 of 54, columns 0 to 55 of 56]
0.09618682 0.1085176 0.1105964 0.05629366 0.03385628 0.01560192 0.0197851 0.01604167 0.01255 0.009183332 0.0102 0.01348333 0.01824166 0.04949167 0.01621667 0.026325 0.03045 0.04326667 0.03947501 0.063775 0.136375 0.09672499 0.08500832 0.09633332 0.06619168 0.06939166 0.1148833 0.06741667 0.07426666 0.09102501 0.06199167 0.08838326 0.05083615 0.05799965 0.0499519 0.06446621 0.03813972 0.03221063 0.03286415 0.0156934 0.01171999 0.02562467 0.02882576 0.03086999 0.03407116 0.05423889 0.07008408 0.0965104 0.09382164 0.1206869 0.1223926 0.100664 0.08211572 0.06740952 0.066289 0.09119497
0.08928625 0.08814362 0.0993946 0.05192102 0.03533166 0.02803494 0.07120591 0.04 0.01805 0.01265834 0.01010833 0.01541667 0.02125 0.03035 0.01628333 0.032075 0.04700834 0.06320833 0.05498333 0.06624167 0.07924167 0.09348334 0.08630833 0.07919998 0.07006665 0.1134583 0.09373333 0.06608333 0.07740833 0.06730834 0.08167054 0.08437628 0.07556215 0.07702935 0.07256305 0.07466641 0.05972336 0.06286394 0.04668131 0.04239652 0.03130285 0.02952504 0.02218113 0.02204916 0.02840046 0.04059278 0.04523267 0.07668451 0.1007638 0.104299 0.1349327 0.1419754 0.1107559 0.0774001 0.06468731 0.06487885
0.06931655 0.07081529 0.08952548 0.04013317 0.0486569 0.04429258 0.05628893 0.06530912 0.04055 0.01625 0.015125 0.0254 0.030425 0.01955833 0.01525833 0.02719167 0.04675 0.05966666 0.05369167 0.07038334 0.08080833 0.1024167 0.1052583 0.102275 0.0804 0.09668332 0.07563334 0.0742 0.07673333 0.04731427 0.04982649 0.09066109 0.1058354 0.07754242 0.06995218 0.1062894 0.1003176 0.07382111 0.05488721 0.04323713 0.04581858 0.05174835 0.04624045 0.02968776 0.03518731 0.04370435 0.05687981 0.06191291 0.07508824 0.08549403 0.1457677 0.1344949 0.1009643 0.07880099 0.05671874 0.04413935
0.08232225 0.07342511 0.07191867 0.05040383 0.04431842 0.06559802 0.0593567 0.0426347 0.05716667 0.0315 0.01726667 0.02886667 0.01639167 0.02054167 0.03098334 0.03758881 0.05902738 0.04440265 0.04446957 0.05294295 0.08549589 0.1019598 0.09673119 0.1056997 0.1022932 0.1714343 0.1252585 0.1108494 0.06049621 0.04935535 0.04449447 0.08750496 0.1016646 0.1406414 0.112438 0.1162067 0.1066379 0.09144005 0.05045621 0.04732998 0.08612328 0.1377517 0.1051556 0.07286407 0.07780714 0.06887827 0.07618719 0.1261664 0.1247399 0.08677141 0.09702498 0.114632 0.09373247 0.06360871 0.05478139 0.04689591
0.133486 0.1240665 0.06572478 0.05177041 0.03460185 0.06356905 0.0543035 0.04916835 0.05769572 0.03876667 0.01515833 0.03683333 0.03036666 0.03463333 0.037725 0.07324506 0.07602672 0.04657214 0.03241137 0.07842879 0.0947537 0.09212913 0.09428 0.08809333 0.1053081 0.1525114 0.08691256 0.06059907 0.05213562 0.07528637 0.06522235 0.1011303 0.1255415 0.1544516 0.220476 0.1144018 0.1162523 0.07080947 0.05563833 0.08702783 0.1603273 0.1596305 0.1284184 0.1050836 0.1235737 0.1351862 0.1250257 0.110439 0.09404708 0.07476115 0.09874278 0.1268302 0.1221115 0.07485033 0.06498698 0.05682454
0.149604 0.2502299 0.1427387 0.07988946 0.0478893 0.05704398 0.06724951 0.03969599 0.03751319 0.0469325 0.03497608 0.03604005 0.03393334 0.03296667 0.040525 0.07051423 0.0797573 0.05124228 0.03377854 0.06520324 0.08396062 0.1118408 0.09815887 0.08762363 0.06063914 0.08485695 0.0544113 0.06308123 0.0498112 0.0653694 0.08470003 0.08861193 0.1636998 0.1707488 0.1855932 0.1580694 0.1232931 0.06418139 0.0669999 0.1264534 0.1664208 0.1007866 0.09274913 0.09214813 0.1153612 0.16724 0.1114151 0.08540892 0.08681324 0.0995805 0.0902307 0.1146657 0.09887002 0.0815456 0.0938427 0.08790448
0.219131 0.170716 0.2463205 0.1706276 0.09865045 0.09903619 0.05978337 0.06153528 0.04493743 0.05440446 0.06699365 0.05673876 0.0493237 0.04883276 0.0579254 0.09086721 0.1057987 0.06575569 0.05267577 0.06145301 0.07782871 0.08072458 0.08454707 0.08565009 0.05052879 0.03695938 0.04241034 0.06460371 0.06380869 0.05249403 0.0869491 0.06952946 0.1376918 0.1531317 0.1566099 0.1396431 0.1151519 0.07595952 0.1361872 0.1862456 0.1393108 0.1013606 0.06052217 0.08965173 0.1193778 0.1160479 0.1181996 0.1090452 0.1035438 0.09504036 0.08278333 0.107105 0.1009063 0.08820521 0.08306076 0.1206913
0.2010705 0.1910822 0.1879187 0.1643093 0.1366315 0.1162867 0.07544945 0.06501149 0.05701941 0.0855047 0.0982648 0.08683576 0.08461476 0.07249165 0.05629874 0.07920391 0.07587209 0.08590584 0.0622868 0.1235451 0.1063169 0.09111395 0.1011672 0.132815 0.06657955 0.04959246 0.08305866 0.06484353 0.09009248 0.1267384 0.07164273 0.06301637 0.06155147 0.07725105 0.09419021 0.1211293 0.1138446 0.1098364 0.1330665 0.1482948 0.09946357 0.1362119 0.09266577 0.1403195 0.1157326 0.104291 0.1609397 0.1321003 0.105625 0.08164523 0.0935014 0.1233391 0.1168615 0.1346204 0.0970339 0.06810571
0.1807196 0.1573867 0.1167451 0.1632389 0.1354597 0.1142964 0.098054 0.1164762 0.1038794 0.1127405 0.06369053 0.0826256 0.09116425 0.07791629 0.06749687 0.08127352 0.05707321 0.07352977 0.06836641 0.09069522 0.1126102 0.09762306 0.1253183 0.06638595 0.06268175 0.06865863 0.09316785 0.1069923 0.04349365 0.140214 0.05701043 0.05540413 0.08504602 0.08474392 0.07587948 0.09587631 0.1002207 0.10123 0.1187501 0.08838757 0.0709279 0.1047087 0.1039837 0.1385979 0.1668311 0.1615154 0.1599291 0.1545094 0.1434599 0.09744158 0.1221934 0.1466295 0.1157644 0.1149765 0.1199609 0.09381357
0.2377755 0.2654848 0.2037919 0.1774543 0.1778058 0.1878398 0.1290566 0.1360759 0.1197868 0.1497554 0.1021942 0.1155299 0.1254189 0.1147496 0.09512585 0.08108417 0.07872215 0.09130247 0.08788569 0.1335358 0.07791068 0.06709383 0.1269976 0.1052567 0.1176697 0.04350271 0.09350061 0.08690277 0.03011952 0.04984957 0.04263692 0.06737813 0.08571703 0.08313708 0.07275911 0.07449728 0.08246586 0.1041525 0.09048755 0.09854355 0.07777436 0.08343881 0.1178308 0.145259 0.1437597 0.1352105 0.1262635 0.1138177 0.100833 0.1277919 0.1322402 0.1063149 0.1141936 0.09351118 0.08460614 0.1176969
0.2556028 0.2184556 0.2150523 0.217089 0.2017662 0.1796061 0.1267863 0.117875 0.1060324 0.1537341 0.1315656 0.1381116 0.1203338 0.1124748 0.1183411 0.1176116 0.0879299 0.08883807 0.0885762 0.148381 0.0933099 0.1174643 0.132732 0.09993396 0.1082531 0.06473328 0.1192401 0.07029 0.02401697 0.04393839 0.06136136 0.09165785 0.07946787 0.09621617 0.07883525 0.1008248 0.1170453 0.1401662 0.1171888 0.1015984 0.07194215 0.08072843 0.127554 0.1623599 0.1401282 0.138919 0.08877831 0.1531609 0.136075 0.1040055 0.1216326 0.1078553 0.1032966 0.05805672 0.07762097 0.1266537
0.2903511 0.2277215 0.280514 0.2628783 0.269157 0.1639536 0.1255832 0.08847151 0.1254916 0.1682889 0.1390496 0.1568071 0.09802074 0.08828327 0.0766071 0.1320235 0.1025532 0.1987326 0.0957013 0.1080823 0.1390724 0.125809 0.1018745 0.06892332 0.05140287 0.05650756 0.06003241 0.04908156 0.05100814 0.0548061 0.0373102 0.03826702 0.06369007 0.07299769 0.1096742 0.09178693 0.1191667 0.1362107 0.1464937 0.1017419 0.09680227 0.1016817 0.1077769 0.1407288 0.1424568 0.1402617 0.1132749 0.1064232 0.08796635 0.08659951 0.07937396 0.07921926 0.08699698 0.04831203 0.05347084 0.06386536
0.3700947 0.2808383 0.3776598 0.3412871 0.2631689 0.1485388 0.07802664 0.1028865 0.1004676 0.1193398 0.1193462 0.1372029 0.114402 0.136097 0.08451835 0.1810283 0.1776814 0.1901143 0.1086046 0.1156561 0.121264 0.1208047 0.1597223 0.05645081 0.04279814 0.04376946 0.06578574 0.05146983 0.05810586 0.05325997 0.03296085 0.0342235 0.05844714 0.06940211 0.07725197 0.09275783 0.1339172 0.1644095 0.1539478 0.1221558 0.09343639 0.09661452 0.1000277 0.1299664 0.1046761 0.1189772 0.1140057 0.0782726 0.09523731 0.1031055 0.07172479 0.0871441 0.08159796 0.07781871 0.07197002 0.06423444
0.5538422 0.5068136 0.4572312 0.3330114 0.2736658 0.1913264 0.09402617 0.09104479 0.1103615 0.1079702 0.1212711 0.1765671 0.1469385 0.1153788 0.09251431 0.1746201 0.2351468 0.2074838 0.09522834 0.08266633 0.08890427 0.06723702 0.1099347 0.05202405 0.04901554 0.03177302 0.07044742 0.05566611 0.05437766 0.04671805 0.04342075 0.0340624 0.04967205 0.06790034 0.0761713 0.07902072 0.1159033 0.1224587 0.1372765 0.1398012 0.1124837 0.1038388 0.1056323 0.1306176 0.1358797 0.1051948 0.1076866 0.07719712 0.08278174 0.07978303 0.04502624 0.05121502 0.06677603 0.07191323 0.09717349 0.08860742
0.497578 0.508675 0.49862 0.3408281 0.3168052 0.3350606 0.2036371 0.1554281 0.09269316 0.1510479 0.1334246 0.1541888 0.1699081 0.1158168 0.1015054 0.1047593 0.1762301 0.2098149 0.129882 0.1825567 0.08635379 0.03923461 0.03485077 0.05044849 0.03795817 0.0275675 0.02964458 0.04319362 0.05930507 0.04899756 0.04698613 0.04012948 0.0415902 0.03056434 0.05548333 0.05428242 0.05669207 0.08398464 0.1273919 0.1309476 0.1271089 0.1261058 0.1063237 0.1391039 0.1365416 0.1110305 0.1015087 0.05323168 0.06643008 0.05627633 0.04232636 0.04655884 0.06181585 0.061283 0.08867609 0.1039538
0.5566124 0.5448419 0.5825532 0.4948027 0.5243595 0.3276256 0.2007201 0.1890483 0.1704989 0.1538496 0.1183803 0.1912971 0.1636924 0.1245987 0.08629899 0.08631876 0.1263697 0.2144515 0.2047283 0.1566073 0.08321726 0.07328742 0.04821908 0.05280927 0.02904771 0.01869945 0.01899483 0.02254229 0.03728194 0.04495766 0.01870779 0.02719953 0.03241734 0.07318487 0.04325897 0.05248836 0.05610892 0.0799055 0.1107787 0.1286501 0.1317566 0.1241453 0.1348323 0.1540996 0.119187 0.09212784 0.08386208 0.08384597 0.07606006 0.06616969 0.04853585 0.05355802 0.0508948 0.04476576 0.04685982 0.07430877
0.4225228 0.3502005 0.5525258 0.6384999 0.4423819 0.3714714 0.2137399 0.2171147 0.1930775 0.08225295 0.06430901 0.1319645 0.1162442 0.07862675 0.0836189 0.09295791 0.1180827 0.2164853 0.1959128 0.2358092 0.1656423 0.1450386 0.1063814 0.03410299 0.04729221 0.02598138 0.02147352 0.02172067 0.01684014 0.016954 0.006425836 0.01259377 0.03421486 0.04079194 0.03118679 0.03671144 0.04419457 0.06947697 0.09249602 0.1364175 0.151467 0.1236879 0.1287371 0.1397473 0.144482 0.1155266 0.1056887 0.08321805 0.1163338 0.06681573 0.06961017 0.08146515 0.06755039 0.07378861 0.06691039 0.1011046
0.4080797 0.3444512 0.4727846 0.603471 0.4923801 0.2954702 0.1224887 0.2086232 0.108026 0.06286647 0.03944579 0.08914699 0.1123315 0.1100447 0.2265414 0.1516956 0.161329 0.2171747 0.1811948 0.186377 0.134473 0.1515101 0.07393887 0.03535023 0.03584056 0.03596937 0.04276244 0.04821561 0.02254237 0.01293973 0.005250977 0.01554639 0.03895975 0.03237797 0.01355957 0.02375485 0.0295579 0.03501902 0.05485921 0.09768153 0.1076421 0.1531572 0.1147287 0.1250976 0.1326731 0.1298597 0.1250387 0.104259 0.1688565 0.07748788 0.06622909 0.06203897 0.05692975 0.09286585 0.1011381 0.09083907
0.5284177 0.4141839 0.4080621 0.4779603 0.3640087 0.2750316 0.1752263 0.1521613 0.1275229 0.06172608 0.04236382 0.08600959 0.1376906 0.1472993 0.2108747 0.18142 0.12643 0.1645602 0.2576333 0.221412 0.2305634 0.1176773 0.1056854 0.04519259 0.04449796 0.03870007 0.05297273 0.07154391 0.02164909 0.01845122 0.01402808 0.01380357 0.01478382 0.01037381 0.01881404 0.01748535 0.02641587 0.03962892 0.03815694 0.06629088 0.07937437 0.0921692 0.09377388 0.1084317 0.1184879 0.113516 0.09200025 0.0828427 0.1348272 0.09370467 0.05920075 0.05473661 0.05773198 0.1000636 0.1026879 0.08263853
0.6389253 0.352736 0.317852 0.330566 0.2975217 0.2404696 0.1851432 0.173695 0.1347143 0.1018896 0.07919304 0.0985522 0.12791 0.1438181 0.1800502 0.2660335 0.1589137 0.2350809 0.2266698 0.2455308 0.2004727 0.1667494 0.2005062 0.09717436 0.06265232 0.04949706 0.06822141 0.0790796 0.04250142 0.0327015 0.03313399 0.02331706 0.0192512 0.01353473 0.01586702 0.02058249 0.023751 0.03222925 0.04053651 0.03925397 0.0547159 0.08114202 0.1099184 0.1011444 0.1017082 0.1053242 0.09998803 0.08865231 0.09369465 0.08637746 0.07122064 0.05641017 0.06469043 0.07839341 0.09027275 0.08718843
0.5194464 0.4277628 0.3448005 0.2960834 0.2614451 0.204789 0.2153555 0.1841175 0.1453526 0.1268252 0.1054485 0.09543638 0.1618471 0.1861476 0.1930804 0.2599904 0.2834423 0.2739618 0.3962775 0.2490856 0.2009959 0.1665948 0.1343402 0.1236819 0.1152768 0.09342051 0.1037458 0.07142694 0.06817837 0.07526492 0.05778947 0.04413885 0.01972151 0.03090034 0.02663217 0.02644992 0.02598269 0.03408913 0.03935818 0.05175088 0.0678331 0.08710836 0.1074149 0.1015036 0.09431479 0.131113 0.09723346 0.09535597 0.1100359 0.08053152 0.0789894 0.04586468 0.06788456 0.06930192 0.07314076 0.07204343
0.50982 0.3537004 0.2433129 0.1875238 0.2340985 0.2422666 0.2275445 0.1905649 0.1329516 0.1021019 0.1258743 0.1146041 0.1238079 0.1906849 0.350094 0.3292147 0.3370738 0.2928554 0.2768954 0.290791 0.2167983 0.1928226 0.1336395 0.119934 0.1495612 0.1179636 0.08325139 0.07865755 0.06427796 0.06023203 0.04935941 0.04865207 0.04426875 0.02999732 0.03369961 0.04451447 0.04962251 0.04913452 0.06117733 0.08052756 0.08727185 0.09990745 0.1194558 0.1180034 0.1127683 0.1323995 0.1130475 0.1057267 0.106579 0.1015923 0.08126631 0.06854952 0.05685234 0.08563372 0.08900742 0.0732519
0.4417537 0.3127779 0.2132871 0.1379407 0.1566843 0.1611906 0.1826189 0.1827453 0.1281803 0.08916289 0.09442769 0.1248572 0.1833795 0.2145878 0.5115433 0.3735249 0.2359881 0.3197198 0.3265953 0.2948784 0.3002684 0.2386404 0.193547 0.1677177 0.175853 0.1619735 0.1098763 0.1047633 0.08358644 0.07646288 0.0576208 0.03222192 0.03164347 0.05402756 0.04506943 0.05624065 0.04956458 0.08717717 0.07594882 0.08223268 0.09509311 0.1226872 0.1348589 0.1383804 0.129352 0.112679 0.1357338 0.09689976 0.08323398 0.08737756 0.0989401 0.07280931 0.05640122 0.07295818 0.0926731 0.08263151
0.3742988 0.2742638 0.2235008 0.1470182 0.1532011 0.1503299 0.1229021 0.1421764 0.1281092 0.09589827 0.09281547 0.1469173 0.1653293 0.4019373 0.4816428 0.2714466 0.2437622 0.2396866 0.2456608 0.3173616 0.2862652 0.2759485 0.2080259 0.2417368 0.2419682 0.2310077 0.1846172 0.1759062 0.1600424 0.1483998 0.1341987 0.09426155 0.06894632 0.1156525 0.1222328 0.08035911 0.0745005 0.09062162 0.07298154 0.08469921 0.09879492 0.134115 0.159147 0.1621595 0.1457215 0.1172943 0.1241786 0.103939 0.08914261 0.09633867 0.1080691 0.09917674 0.06765313 0.07299021 0.1003846 0.08137508
0.3150576 0.2491755 0.2060591 0.1562036 0.1976332 0.1424321 0.09978498 0.112144 0.1143936 0.1494543 0.1055745 0.08215628 0.1520487 0.2588755 0.3000039 0.2537248 0.2779053 0.2483099 0.2181836 0.2899949 0.3416293 0.3791503 0.2401922 0.2557126 0.2957288 0.2964998 0.2360822 0.217593 0.2051697 0.2204874 0.1881324 0.1088147 0.09612145 0.09321763 0.08962798 0.0843728 0.09269546 0.08334185 0.1028144 0.1291419 0.1580934 0.1635617 0.1570965 0.1349027 0.140434 0.1159312 0.09459338 0.08755341 0.1092915 0.1258674 0.1093153 0.1083461 0.1060669 0.07393298 0.08087231 0.09808826
0.3679375 0.1800823 0.09705616 0.09053294 0.1420923 0.1443658 0.1036902 0.1172458 0.1045318 0.1332497 0.1150604 0.1309004 0.2668354 0.224686 0.2054743 0.2181703 0.2152385 0.2346558 0.2299517 0.3452969 0.2826162 0.2196263 0.2100425 0.3137813 0.3048361 0.2345128 0.2380725 0.232587 0.2315063 0.2118038 0.185094 0.1511456 0.1258484 0.08812874 0.1029447 0.09388612 0.1137209 0.1022921 0.1138906 0.154421 0.1579074 0.1688916 0.1626078 0.12425 0.1246441 0.1070546 0.1083173 0.09333865 0.1179904 0.1101617 0.1040236 0.09940612 0.08622718 0.09383916 0.07099324 0.05969261
0.3182044 0.1794467 0.1284192 0.1501636 0.1409858 0.1354151 0.1490054 0.1199859 0.1363028 0.1482036 0.1231073 0.1894326 0.1928226 0.1627056 0.1468834 0.1588814 0.1609375 0.186743 0.2171777 0.3045247 0.2825377 0.2365808 0.3012502 0.3109832 0.2924748 0.2399736 0.2438826 0.2445764 0.2035478 0.2015311 0.1552726 0.1222835 0.09755003 0.08604547 0.09434973 0.09756096 0.1107207 0.108927 0.1438009 0.1742461 0.1557373 0.146897 0.1319691 0.139885 0.1479129 0.1302367 0.09993619 0.08778456 0.1101101 0.1035593 0.1001067 0.09144352 0.076801 0.06447379 0.05895496 0.07109743
0.2042238 0.1855569 0.2129692 0.1763014 0.1458531 0.1363778 0.1415381 0.2158632 0.2153845 0.2048836 0.1775149 0.1984505 0.1424906 0.137485 0.163465 0.1499914 0.2040915 0.2151242 0.2339118 0.2549556 0.2528481 0.3476945 0.3398021 0.3433971 0.3526773 0.3039512 0.2666663 0.2204451 0.1915587 0.1845659 0.1488081 0.1188654 0.111805 0.1115419 0.1192629 0.152853 0.1575698 0.1643669 0.1715862 0.1547663 0.1923825 0.1612321 0.1408825 0.1126918 0.1628646 0.148924 0.09153409 0.1046856 0.08781979 0.1218832 0.09936402 0.07115544 0.06476202 0.07196204 0.08059721 0.0682069
