contrib/geomasonDemos/riftland/DataFiles/RainData/.svn/text-base/14.txt.svn-base
ncols         56
nrows         54
xllcorner     28.264
yllcorner     -5.7719999999999
cellsize      0.25
NODATA_value  -9999
[rows 0 to 24 of 54, columns 0 to 55 of 56]
0.002685787 0.003183053 0.002068275 0.0019887 0.003260083 0.005912834 0.007651635 0.004695318 0.003047262 0.002409222 0.002014465 0.008615468 0.01475402 0.008957054 0.01000104 0.008123903 0.006161339 0.005841182 0.007309612 0.008100497 0.008074391 0.007705893 0.008242255 0.01437591 0.0160229 0.01284203 0.01447488 0.02140694 0.02496169 0.02114031 0.01430782 0.008307088 0.007379581 0.006269367 0.007196359 0.005250445 0.003773644 0.003506876 0.003814457 0.003245606 0.003520622 0.007299413 0.009203567 0.02280557 0.02432553 0.02804747 0.03041436 0.02425061 0.0242956 0.02398506 0.02239335 0.01228962 0.01137233 0.01009167 0.00835145 0.001101536
0.003505513 0.005218045 0.00244344 0.003009374 0.003293606 0.003817816 0.006651766 0.005053072 0.004095893 0.004003793 0.002461637 0.007272846 0.009295315 0.009563725 0.008826139 0.009675152 0.004080927 0.003328651 0.005422673 0.008138003 0.007053894 0.00665111 0.007189659 0.01189388 0.01433188 0.01356065 0.01419254 0.02099661 0.02101098 0.01632532 0.01736823 0.008646425 0.007239883 0.006129603 0.005827029 0.004744398 0.004243352 0.003918926 0.004290667 0.003865289 0.004501133 0.006507247 0.01045342 0.02589596 0.02611462 0.02955774 0.03218456 0.02552187 0.02646031 0.02612627 0.02444891 0.01337634 0.01237207 0.01087383 0.009057972 0.00118459
0.001889138 0.002378585 0.002501034 0.002876204 0.004003194 0.00611299 0.006999885 0.006001821 0.004267305 0.003888864 0.003101299 0.005835258 0.006756709 0.007040314 0.008903 0.006357667 0.004216434 0.00304457 0.004259609 0.006763316 0.007342163 0.00590129 0.005643659 0.01069221 0.01416317 0.01453119 0.01407717 0.0213648 0.01920426 0.0162292 0.0133931 0.009612747 0.00852269 0.006621508 0.005542958 0.004966232 0.0044755 0.004618258 0.004741305 0.004665467 0.007083918 0.007631727 0.01410591 0.02473485 0.02936703 0.02960993 0.03243481 0.02599453 0.02634112 0.02606579 0.02445002 0.01335366 0.01238952 0.01094969 0.009107992 0.001180429
0.003762971 0.003296711 0.001976245 0.007443455 0.006892289 0.005429239 0.006286592 0.01986579 0.02204819 0.01580208 0.0146093 0.01980966 0.02384825 0.02118825 0.01669874 0.01095722 0.009900955 0.006750226 0.006433204 0.009348427 0.009912441 0.008024676 0.006076633 0.009155999 0.01119294 0.01221804 0.02043434 0.01350393 0.0136673 0.01411405 0.009461996 0.008874152 0.008759177 0.009693677 0.00894368 0.009185443 0.008614847 0.01022259 0.006863631 0.02394468 0.03751121 0.02524309 0.02186138 0.03088189 0.03438737 0.02963658 0.04945061 0.02558696 0.02191065 0.02183841 0.02049108 0.01356082 0.01264683 0.01123718 0.009291978 0.005954372
0.004448789 0.003996104 0.004310228 0.010574 0.0106599 0.007962351 0.006068571 0.02366418 0.03505602 0.02166885 0.01896574 0.02756909 0.02519307 0.02271014 0.01504499 0.009349358 0.009381542 0.008341673 0.006835354 0.01028909 0.01301072 0.008922812 0.007191414 0.01180211 0.01227061 0.01333508 0.01126751 0.01143952 0.01010504 0.009852408 0.008937818 0.009368874 0.008727112 0.009229111 0.009347424 0.007486657 0.00864315 0.007728837 0.007525416 0.02877375 0.0407016 0.02744823 0.0180662 0.01710499 0.01822545 0.02675475 0.0263841 0.0216789 0.02184409 0.0221233 0.02052603 0.01362625 0.01274618 0.01129037 0.009382364 0.005986999
0.005188887 0.00694736 0.009339691 0.01428591 0.0125833 0.01043787 0.008165243 0.02496991 0.02241892 0.0238176 0.02781547 0.03245147 0.02909558 0.02570925 0.02277694 0.007226114 0.006790324 0.006696935 0.009211652 0.01546208 0.01478787 0.008891162 0.008159445 0.01470083 0.009756383 0.008101764 0.009385835 0.01094416 0.01197203 0.009452669 0.01001116 0.009879265 0.01019 0.01149113 0.01105917 0.01078385 0.01120761 0.009509997 0.01001971 0.016889 0.01827195 0.01266095 0.0140219 0.014544 0.01641504 0.01821561 0.01989961 0.0198071 0.0202701 0.02055786 0.01914234 0.01277768 0.01194455 0.01062165 0.008818949 0.005604643
0.01058238 0.02192676 0.008817836 0.01025715 0.008964033 0.01064235 0.01175798 0.03411762 0.02823272 0.02837379 0.03217867 0.03507667 0.03135921 0.02895399 0.02293803 0.009415777 0.005408809 0.008564949 0.01048941 0.0188432 0.02075114 0.01190526 0.008147902 0.008850286 0.01060013 0.01025032 0.007853559 0.01458174 0.01023863 0.01042952 0.01051065 0.01238545 0.01240853 0.01680611 0.01282057 0.009596181 0.01013473 0.01038355 0.01055821 0.01049348 0.01116489 0.01086352 0.01245772 0.0114009 0.01322452 0.01473253 0.01621347 0.01656859 0.01708994 0.01748442 0.01630552 0.01093981 0.01030408 0.009266974 0.007609618 0.004865644
0.02195674 0.0109277 0.01104459 0.008968094 0.007561512 0.004903048 0.01078093 0.01669043 0.01395677 0.01903665 0.01676269 0.01638183 0.0192773 0.02698752 0.01840162 0.003721589 0.007157127 0.004740865 0.00639792 0.01350463 0.0127689 0.007169765 0.002925322 0.007986936 0.005004681 0.001580221 0.003250479 0.01191834 0.0129742 0.01339105 0.01670154 0.01100181 0.01236563 0.01448084 0.008767227 0.01813685 0.02302005 0.01775859 0.008503524 0.006631682 0.002528866 0.002784731 0.003582162 0.003417077 0.004009723 0.00463908 0.005303674 0.007649102 0.008480115 0.008718865 0.008351734 0.002472156 0.00241945 0.002281279 0.002066452 0.003423062
0.01370134 0.01253247 0.01113582 0.01064814 0.01017557 0.007465447 0.009835854 0.01266722 0.00831711 0.007444002 0.009732275 0.0108861 0.01397451 0.01341189 0.00712392 0.002642781 0.001622806 0.002853214 0.006291996 0.01092822 0.006850785 0.004832399 0.004509417 0.005358555 0.005317783 0.001271088 0.002484808 0.01228001 0.0122352 0.01486475 0.01547022 0.01168754 0.01090995 0.01687834 0.01189998 0.02240822 0.01968297 0.01026087 0.004265454 0.002317669 0.002225732 0.002371193 0.002765574 0.00247307 0.002790454 0.003460306 0.004079714 0.005702803 0.006474691 0.006748818 0.006529874 0.002067238 0.002046448 0.001954114 0.001791116 0.002744448
0.01514834 0.0166595 0.01044895 0.0104161 0.01187718 0.01035733 0.009925297 0.0124629 0.008589655 0.007161276 0.009245546 0.00816019 0.005837753 0.009251134 0.005106441 0.0009008356 0.0002713682 0.001004744 0.001980844 0.005800946 0.004624461 0.006189549 0.003246797 0.001224427 0.0008384896 0.00145552 0.002402906 0.01111389 0.01311373 0.01433432 0.01576511 0.01376542 0.01344199 0.01645923 0.01514144 0.01856218 0.01268573 0.009711788 0.003486596 0.00174491 0.0018918 0.002048275 0.002208072 0.001853908 0.001992044 0.002362004 0.002846251 0.004338379 0.004975295 0.00526076 0.005130878 0.001735881 0.001742218 0.001686706 0.001561625 0.002199897
0.01692578 0.02806004 0.01861358 0.01951424 0.01570099 0.01480511 0.01743456 0.01602376 0.009390267 0.009184455 0.009680279 0.01149028 0.007514569 0.005098386 0.003982221 0.000434583 0.0002422986 0.0001408592 0.0001599107 0.003572373 0.003651539 0.002222963 0.001359847 0.001285458 0.001062188 0.001340282 0.002481643 0.01199854 0.01609842 0.01575435 0.01659846 0.0177756 0.01810011 0.01658985 0.01699259 0.01874565 0.01127738 0.00949859 0.002954748 0.001547467 0.001679629 0.00180086 0.001931015 0.001604967 0.003264444 0.001978483 0.002363247 0.004148481 0.004086135 0.004275721 0.004170241 0.00149503 0.001515048 0.001463144 0.001377832 0.001820344
0.03549826 0.04982177 0.03364908 0.02576981 0.02238567 0.02338178 0.02636891 0.0108001 0.005554262 0.005871281 0.01537736 0.02851414 0.006754814 0.0002000675 0.0001903746 0.0001730578 0.0001661618 0.0001634892 0.000269647 0.003219449 0.002066493 0.001650205 0.001389412 0.0009560937 0.0008864784 0.0007803777 0.0008618555 0.002913565 0.004216298 0.004438279 0.009585566 0.01538846 0.01578383 0.01616731 0.01673339 0.00859568 0.006711319 0.004529676 0.00406423 0.00282443 0.002211955 0.002346362 0.003176198 0.009633109 0.009823196 0.002938122 0.002621789 0.003136992 0.003555442 0.00369385 0.003604793 0.000465051 0.000456801 0.000417566 0.0003477437 0.001467123
0.03520266 0.02502902 0.03842324 0.01969395 0.01725779 0.0167785 0.02139866 0.00952844 0.005991904 0.003140368 0.0110094 0.02585481 0.02039935 0 0.01326592 0.004208903 0.0001492739 0.000255539 0.0003532895 0.003250933 0.002210173 0.001574011 0.002121898 0.0009070533 0.0006204597 0.0004369334 0.001441253 0.002617401 0.002901409 0.004533383 0.004810909 0.01323513 0.01369185 0.01429101 0.01549349 0.009362271 0.006131093 0.00400553 0.003088862 0.002410354 0.002092355 0.00219665 0.002271058 0.002886271 0.003033418 0.002424814 0.001908248 0.002218518 0.002459298 0.002536291 0.002462441 0.0003228297 0.0003151672 0.0002924867 0.0002479376 0.001059066
0.05229181 0.03031137 0.04080646 0.01562307 0.01258226 0.01051287 0.01489533 0.01082066 0.007322459 0.008826582 0.01313687 0.01601838 0.004996312 0.0006879055 0.0001944099 0.00171419 0.002254395 0.0004239303 0.0007491384 0.003014112 0.002109566 0.002442216 0.001532945 0.0009098153 0.0005951961 0.0003142669 0.0002325701 0.001950297 0.002642454 0.003052942 0.004021911 0.01238864 0.01250836 0.01322928 0.01452874 0.009756362 0.00590698 0.003868806 0.00341313 0.002758508 0.002104307 0.002197356 0.002256781 0.00130681 0.001342759 0.001580819 0.001525927 0.001716962 0.001840905 0.001865374 0.001815804 0.0002403187 0.0002352581 0.0002165826 0.000187392 0.0008156809
0.06320923 0.0413009 0.04294705 0.04510378 0.01993085 0.01412609 0.01328426 0.01998752 0.01269157 0.01293751 0.009063323 0.006844868 0.002367498 0.001504947 0.001240444 0.002544917 0.002981504 0.001998491 0.002795963 0.003862748 0.002166292 0.001812738 0.001738604 0.001149331 0.0008315924 0.0004551862 0.0003044741 0.001838023 0.002146032 0.00297319 0.003517336 0.01188746 0.01228505 0.01295657 0.01349802 0.009107108 0.004936345 0.005454469 0.003848394 0.003279899 0.002800192 0.002676689 0.002596903 0.001302318 0.001337516 0.001399237 0.001489339 0.001635605 0.001719121 0.00172935 0.001669977 0.0002223152 0.0002170701 0.0001987088 0.0001714831 0.0007444185
0.04871964 0.04088589 0.0310175 0.02167322 0.01326711 0.02375025 0.01879797 0.01555347 0.01218632 0.01382974 0.01242887 0.01930792 0.01356318 0.005183162 0.001411545 0.001238225 0.01094417 0.001098408 0.003965443 3.579437e-005 3.29256e-005 2.929213e-005 2.483799e-005 0.0002387017 0.0002643072 0.0005595484 0.000622603 0.0002821116 0.0002850785 0.0003250587 0.0003121475 0.002093192 0.002484224 0.002408692 0.002814315 0.003548814 0.005355887 0.005477761 0.005991684 0.00708095 0.006112078 0.005152956 0.005236409 0.001357195 0.001276514 0.001326319 0.001371193 0.001326901 0.001377069 0.001354923 0.001302331 0.0001458157 0.0001419968 0.0001305527 0.0001121033 0.0001343817
0.05432729 0.04066064 0.03419299 0.02558237 0.01665801 0.01595921 0.02477835 0.02869021 0.01427283 0.01031549 0.01558283 0.04122018 0.01632992 0.005338299 0.002160626 0.002374472 0.02327677 0.003304346 4.772531e-005 3.852464e-005 3.396554e-005 0.000184653 2.483319e-005 0.0002358344 0.0003688324 0.0005549571 0.0006452348 0.0003585348 0.0003653528 0.0003796368 0.0003996113 0.001988235 0.002152791 0.002111732 0.002200058 0.003492007 0.003636523 0.005438337 0.00584277 0.00691142 0.005954292 0.005017836 0.005141517 0.001356215 0.00128883 0.001319347 0.001329567 0.001257941 0.001254972 0.001232351 0.001185288 0.0001326819 0.0001300312 0.0001183264 0.0001008849 7.038127e-005
0.05236376 0.05190606 0.06147248 0.05645419 0.04457861 0.02463475 0.04663593 0.0306144 0.01958059 0.01628727 0.01788688 0.03628657 0.01364284 0.00668115 0.002456629 0.001375016 0.01486607 0.008894997 0.002109173 4.623281e-005 4.112064e-005 3.605834e-005 3.110186e-005 0.001095361 0.0006584559 0.0006917472 0.0007151114 0.0003807627 0.0003855567 0.000449295 0.001588506 0.00225199 0.00232509 0.002218699 0.002139549 0.003307345 0.005239042 0.007074726 0.01246235 0.006634043 0.005766568 0.004858488 0.004980918 0.001316271 0.001259347 0.001294905 0.001290426 0.001209724 0.001200691 0.00117323 0.001130014 0.0001285957 0.0001252376 0.0001147209 0.003817132 6.876172e-005
0.05909352 0.05585835 0.06822483 0.09161506 0.03622779 0.03387872 0.02825895 0.03836085 0.03298014 0.02907525 0.02724045 0.035127 0.02132664 0.008415891 0.004357784 0.003715843 0.003295419 0.003831869 0.001274612 5.90678e-005 5.414021e-005 4.919364e-005 4.376906e-005 0.001800589 0.000870018 0.000841712 0.0008636302 0.001513395 0.001541745 0.001605849 0.001711761 0.002443837 0.002942153 0.002837088 0.002374879 0.003472693 0.004811097 0.007878341 0.01435515 0.0144533 0.007193419 0.005930009 0.004897403 0.00124473 0.001198397 0.001247379 0.001256045 0.001184918 0.001185941 0.001182382 0.001153079 0.0001311398 0.0001296368 0.0001207572 0.0001035904 0.003198785
0.07342169 0.05469802 0.06635062 0.04961936 0.02190583 0.01961218 0.02580546 0.04833615 0.03249777 0.02252945 0.0244495 0.02914284 0.02149822 0.0127679 0.005062728 0.004372342 0.002291209 0.0021153 0.001278642 0.002292082 0.001109173 0.000315121 0.0001597152 0.002019882 0.001887757 0.001851709 0.001798804 0.002720088 0.002454382 0.002016706 0.001882594 0.001480685 0.001075283 0.001134653 0.0008997552 0.0002080334 0.0002111921 0.0007228667 0.006047203 0.00243209 0.0008592766 0.002105939 0.001225404 0.001012808 0.001092201 0.001151871 0.001172984 0.001310483 0.001330931 0.001322314 0.001315837 0.0002104518 0.001604687 0.009155937 0.009659042 0.01055406
0.06615252 0.04921535 0.04108395 0.03099074 0.009812743 0.01037758 0.01808898 0.01658444 0.008807747 0.007669505 0.007156832 0.01246212 0.01000229 0.004417542 0.00374671 0.004284397 0.002971403 0.002702055 0.001626268 0.003046121 0.001611796 0.0004947213 0.0001939371 0.002487024 0.002338781 0.002181177 0.002123296 0.002630708 0.002233126 0.001980557 0.001862512 0.001263612 0.001109522 0.0008328222 0.0006404154 0.0002194108 0.0002045119 0.0002189463 0.0002622515 0.0006141802 0.0006582659 0.0007442331 0.0008402127 0.0009464931 0.001039169 0.001105391 0.001137153 0.001287766 0.001322237 0.001329863 0.001331682 0.0002143592 0.003875845 0.008829788 0.0141164 0.01506787
0.05857028 0.03184779 0.03263267 0.03502934 0.02826035 0.01169544 0.01964083 0.01173727 0.006977209 0.003729682 0.002458562 0.0118039 0.008071991 0.003914748 0.007430338 0.009657401 0.006934857 0.004060639 0.002439621 0.003999699 0.002592405 0.00117538 0.0003155688 0.002837712 0.002720151 0.00255424 0.002657303 0.003125482 0.002413345 0.002109558 0.002122004 0.001453294 0.00117893 0.001048193 0.0008713188 0.0003914823 0.0003850341 0.0003816012 0.0004040369 0.0008027172 0.0008508071 0.0008995262 0.0009534493 0.001015772 0.001068266 0.001105262 0.001122697 0.001237059 0.00125375 0.001253645 0.00125644 0.0007998657 0.007830243 0.006568169 0.01124866 0.01221351
0.04498695 0.03057224 0.04633266 0.02673586 0.01591793 0.01593122 0.02306037 0.01055429 0.004764085 0.002107059 0.001190861 0.01523054 0.01084909 0.0090775 0.01395425 0.01649479 0.007768246 0.004557678 0.004094526 0.004641819 0.00354142 0.004556461 0.004250902 0.005226392 0.003488151 0.00324841 0.003522095 0.003901106 0.002609363 0.00236452 0.002437182 0.00183744 0.001645558 0.001552098 0.001550346 0.0007242064 0.0007228184 0.000717378 0.0007119199 0.001324353 0.001331501 0.00132272 0.00125525 0.001222501 0.002192849 0.001234735 0.001112155 0.001175024 0.001122358 0.001089637 0.001078595 0.003443413 0.002907912 0.008898924 0.006830726 0.007783584
0.03228788 0.02281072 0.01246516 0.01638523 0.01662789 0.02071451 0.02417664 0.003198948 0.00270803 0.0006845723 0.0009907277 0.007708391 0.01015247 0.0128055 0.02020104 0.02580556 0.01148406 0.004199264 0.002488383 0.004693648 0.003785771 0.003279317 0.006036384 0.005086535 0.003128555 0.002631255 0.002239422 0.002501188 0.002657712 0.001893434 0.002069111 0.003654068 0.003674717 0.003686021 0.003729009 0.002723985 0.002756525 0.002715454 0.002627991 0.003498812 0.003458407 0.003451844 0.003327061 0.0009979672 0.0009936061 0.001013304 0.0009225702 0.002261568 0.002441367 0.00266119 0.002743826 0.0008009151 0.0007951069 0.001673352 0.001688195 0.007317642
0.01803121 0.01336514 0.008005285 0.0112775 0.01291361 0.01352391 0.0136922 0.003617365 0.001471545 0.000789768 0.0007959091 0.006402722 0.007176893 0.01086704 0.01455491 0.01929052 0.0104453 0.004467844 0.001665292 0.005533397 0.004498541 0.005495743 0.003242176 0.004425466 0.00386103 0.003877162 0.003008606 0.002895433 0.003611917 0.002724783 0.002417137 0.00415885 0.004323001 0.004489451 0.004498933 0.003532778 0.003609305 0.00356563 0.003392043 0.00389886 0.003782085 0.0036843 0.003424329 0.001069075 0.001062745 0.001019894 0.0009494254 0.003243313 0.003461559 0.002662234 0.002678521 0.0005017241 0.001533217 0.001359949 0.002619675 0.0060586
