contrib/geomasonDemos/riftland/DataFiles/RainData/.svn/text-base/14.txt.svn-base
ncols         56
nrows         54
xllcorner     28.264
yllcorner     -5.7719999999999
cellsize      0.25
NODATA_value  -9999
[rows 25 to 49 of 54, columns 0 to 55 of 56]
0.01707066 0.009956995 0.00887043 0.01474846 0.0163756 0.01557265 0.008160244 0.00200653 0.0004224131 0.0004210774 0.002954498 0.009969873 0.0145959 0.01177037 0.01687762 0.01824668 0.008944602 0.005371707 0.001598196 0.006568661 0.008332484 0.02419397 0.005947609 0.004158245 0.00609313 0.01108287 0.004415807 0.004718315 0.009926295 0.007531149 0.002735069 0.004844455 0.005122543 0.005343648 0.005538907 0.004506285 0.004686867 0.004647388 0.004387618 0.00481719 0.004614075 0.004414723 0.00400089 0.001180207 0.001118783 0.001074095 0.001576944 0.003933402 0.003552472 0.003786995 0.004191063 0.00177506 0.001211341 0.002844565 0.004101527 0.004667823
0.0165537 0.01332104 0.0109993 0.01522 0.01547815 0.01558176 0.005838902 0.001068616 0.003076618 0.0007814314 0.003827941 0.01279723 0.01327803 0.01767972 0.01570329 0.02268175 0.01028261 0.005207343 0.002603869 0.009363458 0.008579422 0.008174578 0.01122035 0.005970364 0.005816151 0.009582927 0.003632964 0.003410983 0.01286047 0.00739657 0.00314711 0.005290176 0.005881359 0.006263705 0.006568903 0.005623265 0.005971782 0.005966261 0.005588353 0.005952823 0.005638854 0.005292807 0.004702386 0.001325253 0.00122871 0.001154622 0.001367207 0.00409479 0.003728368 0.00384523 0.004255538 0.001306037 0.01000473 0.008514762 0.002203504 0.006967957
0.0236983 0.01614332 0.008774471 0.03327643 0.0245019 0.01675309 0.009337412 0.004792948 0.005919095 0.003277533 0.003665166 0.01133223 0.01388447 0.02331889 0.02357286 0.0118039 0.004279197 0.0008475303 0.000398286 0.00320758 0.003084115 0.002909518 0.00370191 0.004802242 0.004560737 0.004712802 0.003743117 0.004164416 0.004041553 0.004307539 0.005019058 0.006438368 0.007098569 0.007850959 0.008571904 0.009902712 0.01069267 0.01071822 0.01000112 0.00842599 0.007722687 0.006973104 0.005874798 0.002504388 0.003279287 0.004499312 0.002260699 0.001461198 0.001485035 0.001850924 0.001985101 0.0007062989 0.008825026 0.003564972 0.004342779 0.0005579844
0.02733587 0.01463013 0.006548153 0.01424198 0.01432947 0.006504434 0.008871709 0.01037706 0.005831569 0.003621672 0.002881152 0.008238505 0.01018845 0.01269257 0.01869359 0.02189294 0.002431866 0.0005613478 0.0004924324 0.003071837 0.002869209 0.002729876 0.002847202 0.004723584 0.004201911 0.004498135 0.003998463 0.004488691 0.004419402 0.004723332 0.00559341 0.007278555 0.008014641 0.008925536 0.00997021 0.01166338 0.01254191 0.0126126 0.01173134 0.009658393 0.008780696 0.007761023 0.006437847 0.00280616 0.004610776 0.003929042 0.004700648 0.001236532 0.001230213 0.001538252 0.001633405 0.0005771916 0.001397126 0.005315098 0.003807445 0.001269506
0.02443824 0.01909124 0.01051134 0.01172438 0.00691778 0.005483358 0.007346942 0.006945722 0.00124445 0.0008389502 0.001516582 0.007640024 0.02424524 0.01403872 0.01910895 0.00726561 0.003973905 0.01176826 0.01279063 0.004129431 0.002678513 0.002621824 0.00266887 0.004738291 0.004336291 0.005258353 0.004674512 0.004634817 0.004671344 0.004908258 0.005910707 0.00779903 0.008811083 0.009771481 0.01090839 0.01341191 0.01379939 0.01363138 0.01290065 0.01032197 0.009351601 0.00815452 0.006707039 0.002883419 0.002030675 0.001946477 0.002074817 0.001006873 0.0009822896 0.001236116 0.001205208 0 0.001097721 0.005292652 0.00383355 0.002091603
0.01796119 0.02166636 0.01299609 0.0127278 0.003288985 0.001862939 0.001781006 0.001438315 0.001108742 0.001980474 0.0006894968 0.003467478 0.0127131 0.0277656 0.03241388 0.020687 0.01873025 0.01914891 0.01822039 0.004969722 0.003496353 0.003253387 0.002551554 0.004815548 0.004449443 0.004921153 0.004554102 0.005258454 0.004772356 0.005360211 0.006260484 0.008198011 0.009246729 0.01041836 0.01162775 0.01284212 0.01465878 0.01380748 0.01298602 0.01034275 0.009309645 0.008074327 0.006565453 0.002725563 0.001846007 0.001227757 0.0009138324 0.0008636308 0.001459123 0.001404659 0.001683288 0.003058829 0 0.003145237 0.0007542677 0.0004311617
0.03550006 0.02336354 0.02872684 0.02191785 0.01535528 0.01214826 0.01239674 0.01124871 0.01222546 0.0130235 0.01062746 0.01072216 0.02323982 0.01399382 0.009305762 0.02738011 0.03317876 0.04525422 0.03265076 0.0102734 0.00700459 0.004364502 0.002985874 0.005026702 0.005171706 0.005049017 0.004917571 0.004210647 0.004543244 0.004984154 0.00570818 0.009240426 0.01037325 0.01305389 0.01272559 0.01447803 0.01723896 0.01483215 0.01362288 0.009907913 0.008877114 0.007639426 0.006125771 0.00177745 0.001140793 0.0007172639 0.002197782 0.001452264 0.006894749 0.003078705 0.003038288 0.002987487 0.007565989 0.009751597 3.263554e-005 0
0.04679471 0.02371264 0.01925029 0.01546285 0.01423558 0.01592199 0.01594933 0.01376841 0.01166217 0.009793825 0.01035444 0.01255772 0.01220659 0.01485312 0.009060163 0.04100598 0.03864906 0.03789862 0.02777518 0.01041548 0.005794869 0.006104928 0.004697039 0.005248669 0.00883352 0.005297092 0.006160117 0.00444572 0.004318874 0.00497901 0.006322995 0.009944593 0.01083932 0.0120186 0.0134446 0.0142301 0.0150529 0.01515886 0.01339987 0.01030478 0.009028209 0.007461835 0.005921058 0.001676223 0.001012769 0.0005904133 0.001683776 0.002934183 0.004561766 0.00159789 0.002336131 0.004239687 0.007112806 0.002203937 0 0
0.04154836 0.02666177 0.0247263 0.0168207 0.01481207 0.01488835 0.01741929 0.01205211 0.01033513 0.01007889 0.01128174 0.01079216 0.01079815 0.009928344 0.01642697 0.04088009 0.03531798 0.03594901 0.02514519 0.008350759 0.007236177 0.006016792 0.005410631 0.00659367 0.006316958 0.008380759 0.007152503 0.005235039 0.005082333 0.005406308 0.006375164 0.00985622 0.01216907 0.01222021 0.01251983 0.01388116 0.01450546 0.0145876 0.01334156 0.0101079 0.008851472 0.007145375 0.005655814 0.00159194 0.0009649658 0.0005661559 0.003274106 0.007795242 0.01733436 0.02201088 0.01630337 0.0002161887 0 0 0 0
0.03145444 0.02942654 0.02379211 0.01749612 0.02228838 0.01985592 0.01645447 0.01096033 0.0104468 0.01131685 0.01139999 0.01077644 0.0109843 0.01401528 0.01596334 0.04084044 0.0316414 0.03685514 0.01645192 0.006543151 0.00697979 0.005400843 0.003651021 0.007023007 0.009314227 0.008024483 0.008118799 0.005380868 0.005330908 0.00689731 0.007396843 0.01104755 0.0123068 0.01193858 0.01215132 0.01306086 0.01339179 0.01314699 0.0118373 0.008806972 0.007826624 0.006727934 0.00532836 0.001862128 0.001346935 0.001023335 0.002838206 0.01435756 0.02731987 0.04000668 0.03139847 0.0006850011 0.0004470186 0 0 0
0.05655978 0.03583158 0.02963167 0.02181564 0.02304114 0.02060109 0.01476935 0.01166691 0.01424512 0.01362631 0.01342158 0.01649335 0.01682863 0.01742949 0.0185765 0.02383505 0.0243689 0.01700072 0.01313661 0.006091238 0.005400594 0.00433029 0.003989962 0.01515801 0.01430546 0.008968125 0.008255719 0.007553767 0.00751365 0.008166215 0.009507192 0.01128776 0.01126893 0.0117701 0.0119624 0.01118582 0.01130534 0.01082008 0.009850892 0.007110011 0.006281355 0.005366405 0.004356888 0.002518602 0.001944274 0.001564151 0.002049944 0.0003966555 0.0002128727 0.0003849458 0.005060313 0.004891172 3.346672e-006 1.869873e-006 1.545678e-006 0
0.06259283 0.04302543 0.03250008 0.02467416 0.02040089 0.01489154 0.013488 0.01161092 0.01350119 0.01514671 0.01499917 0.01713052 0.01736269 0.01637548 0.0178617 0.02222247 0.01736891 0.01544439 0.01295502 0.006320122 0.004423204 0.003315082 0.004262317 0.01607696 0.01389032 0.008855033 0.00877415 0.007580334 0.0075376 0.008348012 0.008846068 0.01054452 0.01122257 0.01151167 0.0114031 0.01041475 0.01023516 0.009701484 0.008834038 0.006766257 0.00568065 0.004911049 0.004063215 0.002440564 0.001978106 0.001648914 0.002119073 0.000456149 0.0002659315 0.0001526954 0.0001170603 8.359051e-006 0.004071418 2.652724e-006 2.15612e-006 0
0.04546339 0.03878461 0.02136523 0.0166601 0.01680626 0.0127183 0.01121608 0.01215872 0.01242936 0.01465057 0.01098938 0.01598287 0.01592005 0.01460151 0.01739503 0.01861558 0.01998137 0.01839612 0.01250061 0.003490064 0.004566862 0.002974438 0.005964044 0.01655013 0.007010769 0.00839751 0.009078704 0.007721402 0.008565282 0.008199041 0.008823736 0.01032132 0.01061123 0.01072099 0.01037361 0.009323814 0.009035537 0.008603668 0.00795394 0.006060197 0.00555622 0.004977077 0.004292299 0.002461021 0.002086513 0.002400517 0.002259237 0.0005298276 0.0003204943 0.0001935343 0.0001487093 1.06025e-005 6.082824e-006 3.975082e-006 4.2978e-006 0
0.04032076 0.02593284 0.0136509 0.01531043 0.01529654 0.01327738 0.01162414 0.0122778 0.01439073 0.01083597 0.01038907 0.01491954 0.01616316 0.013878 0.01619296 0.01926272 0.01831995 0.01469777 0.01137593 0.004973148 0.002860336 0.005520924 0.006092102 0.01661173 0.007434205 0.008709959 0.009173442 0.007309307 0.008377812 0.008540326 0.007964195 0.009348849 0.009374099 0.009341668 0.008916028 0.007953313 0.007621149 0.007401782 0.007109158 0.005993084 0.00599282 0.005498695 0.004401829 0.002584071 0.002257838 0.002589135 0.002423485 0.0006184298 0.0003776876 0.0002305965 0.0008175012 1.286019e-005 0.002700821 4.76405e-006 4.880587e-006 0
0.04209627 0.03639102 0.02153304 0.0185649 0.01460401 0.01616165 0.01267431 0.01532807 0.01606898 0.01401835 0.01368438 0.01789379 0.01806786 0.01366201 0.0145643 0.00968161 0.005776707 0.004016488 0.005258168 0.00976098 0.005995305 0.008827551 0.01082497 0.01736783 0.01306148 0.01268912 0.01157731 0.006793954 0.005326226 0.005401934 0.009512285 0.007923145 0.006688743 0.006478479 0.005778322 0.00432868 0.004040039 0.00393299 0.003975661 0.00626642 0.006300018 0.006239671 0.006127185 0.003308389 0.002831337 0.00233923 0.001848963 0.0007808603 0.0004813165 0.004295129 0.0002301578 0.0001341162 7.871711e-005 5.019747e-005 4.885675e-005 0
0.04859006 0.03157771 0.01730761 0.01980319 0.0186802 0.01720675 0.01403368 0.01355652 0.01398536 0.01412915 0.0137976 0.01718754 0.01875942 0.01319947 0.01351561 0.00885164 0.005153566 0.003689391 0.004412534 0.009948561 0.008725502 0.0121278 0.01468613 0.01872356 0.01233077 0.01060632 0.01032015 0.006567766 0.005463152 0.004897239 0.006422727 0.007017893 0.006042582 0.005204231 0.004646028 0.003390062 0.003076356 0.003066328 0.003505041 0.006372401 0.00640452 0.006287867 0.006050583 0.003486739 0.003089113 0.005505171 0.002070453 0.0008758812 0.0005457511 0.0003378955 0.0002631807 0.0001535801 9.065099e-005 5.753677e-005 5.40685e-005 0
0.04508029 0.03397223 0.02401129 0.02819199 0.02130908 0.01797581 0.01263805 0.01435885 0.01343498 0.01316417 0.01395038 0.01753135 0.01661686 0.01667166 0.01276484 0.009609537 0.006848716 0.006090698 0.004184808 0.01211764 0.01352229 0.01323554 0.01844296 0.01684218 0.01374391 0.01130421 0.01003246 0.005672381 0.005671029 0.006550984 0.006356382 0.006084261 0.00496083 0.004376793 0.00393045 0.002892702 0.002650823 0.002780915 0.004045548 0.006327429 0.006688854 0.006944641 0.006691924 0.003921293 0.003481411 0.002967475 0.002318323 0.001763049 0.0005793343 0.0003466479 0.0002770099 0.0001691244 0.0001103929 6.305007e-005 6.305007e-005 0
0.04668209 0.02969521 0.02902151 0.02161887 0.01831154 0.01686625 0.01626045 0.0186467 0.01467044 0.01423278 0.01578782 0.01843596 0.01682115 0.02162201 0.01801506 0.01215097 0.009057749 0.01864564 0.01460015 0.01626744 0.01963547 0.01777272 0.01716757 0.01779118 0.01482037 0.01301685 0.01242526 0.005766156 0.006424372 0.007024725 0.007714429 0.00613018 0.004295764 0.003985663 0.004271854 0.008670375 0.02090626 0.005197029 0.004876941 0.007286818 0.008050865 0.008385065 0.00801942 0.004603057 0.004025893 0.003375553 0.003914531 0.001054611 0.0005885513 0.0003229254 0.0002721232 0.0001807585 0.0001374881 6.317547e-005 6.280075e-005 8.928571e-005
0.04096311 0.02570981 0.01837845 0.01775374 0.01001893 0.009672486 0.007497335 0.01393241 0.009859123 0.01095069 0.0129692 0.01955412 0.02275247 0.03995115 0.02696887 0.02406028 0.01834116 0.01458262 0.02533363 0.02886729 0.02051012 0.01507937 0.01542227 0.02488896 0.02213874 0.02105717 0.01647999 0.008527367 0.01184553 0.009062666 0.005953067 0.003996968 0.00204323 0.002856604 0.00426821 0.0141509 0.05837479 0.009435087 0.004662932 0.008211388 0.009122388 0.011398 0.008333496 0.005397483 0.004721916 0.003931188 0.00348529 0.0006165249 0.0002776804 0.0001392668 0.00012387 0 0 0 0 0
0.02758779 0.02486499 0.0174547 0.01292748 0.01034757 0.01397769 0.01073273 0.01112659 0.01258559 0.0132379 0.01333112 0.01874981 0.01955906 0.02553045 0.03448111 0.03962081 0.03799058 0.02331164 0.02601149 0.02707552 0.02035378 0.01638675 0.01507793 0.0292899 0.02659652 0.01858121 0.01622311 0.008476463 0.009499929 0.006498905 0.004430625 0.003454809 0.003248672 0.004704364 0.004521478 0.004534109 0.009457676 0.005010276 0.005330394 0.009082366 0.01059293 0.01210584 0.009521619 0.00613217 0.005312157 0.005517226 0.003420274 0.0005771132 0.0002809534 0.0001511744 0.0001213667 0 0 0 0 0
0.03593036 0.0302749 0.02444676 0.01318942 0.01008853 0.01592308 0.01808108 0.01793424 0.0219137 0.02574213 0.02076312 0.0229152 0.02386185 0.02955732 0.03254577 0.03790296 0.03632861 0.02597541 0.02754224 0.02975906 0.02306368 0.01593099 0.01386197 0.02621727 0.0239704 0.01857707 0.01623205 0.01047571 0.00883192 0.00768989 0.007681716 0.003243729 0.002251495 0.00227694 0.0023549 0.003875883 0.004663986 0.006573411 0.008603347 0.01089905 0.01206917 0.01228125 0.01138267 0.006951035 0.006085805 0.005633657 0.004094469 0.0007334463 0.0004253628 0.0001239124 0.0001234443 0 0 0 0 0.0004910714
0.0322094 0.01692605 0.02209384 0.02032337 0.01425985 0.01638437 0.01580858 0.01993068 0.02255323 0.02784783 0.02672175 0.01962814 0.0238312 0.03171809 0.03321249 0.03518264 0.03461073 0.02420869 0.02934537 0.02946065 0.02389517 0.01742347 0.01490158 0.02515636 0.02230387 0.01950039 0.01726551 0.01442975 0.01325934 0.01454064 0.0202846 0.006449963 0.005188894 0.003695201 0.003724466 0.005405588 0.005794573 0.007838497 0.01101962 0.01191994 0.01298579 0.01331377 0.01250359 0.00776889 0.007089482 0.006323234 0.00528462 0.001001842 0.001299628 0.0001241478 0.0001239124 4.464286e-005 0 0 8.928571e-005 0.005044643
0.02271625 0.01887249 0.01990605 0.01553646 0.01245632 0.01257201 0.007376841 0.01566536 0.01581327 0.02128007 0.02396506 0.02564462 0.03117234 0.04582615 0.05240928 0.04313735 0.03280566 0.0279282 0.02978427 0.04427752 0.03572719 0.027787 0.02568224 0.03112185 0.02878986 0.02782652 0.02739745 0.01522707 0.01682738 0.01868108 0.02330616 0.01040889 0.009520584 0.008435847 0.008044094 0.006402391 0.008006155 0.007533825 0.01184773 0.01233285 0.01371942 0.01593414 0.01572011 0.009288917 0.008334947 0.006878837 0.005791166 0.0009375 0.0001785714 0.0001785714 4.464286e-005 0.0002232143 0.0004464285 0.0008035714 0.001294643 0.01116071
0.02919567 0.03036824 0.02184741 0.01386718 0.01092661 0.0106608 0.01066311 0.0223054 0.02012807 0.02680237 0.03075612 0.02765923 0.03353038 0.04389486 0.05334369 0.05454941 0.03464318 0.02987245 0.02571363 0.03792255 0.03018669 0.02710455 0.02552455 0.03202146 0.02887363 0.03034548 0.02875882 0.02729929 0.02381698 0.01281001 0.0163366 0.01915306 0.01366897 0.01236017 0.009519841 0.007756591 0.008236906 0.008447344 0.008876191 0.01375552 0.02013204 0.02120425 0.02164922 0.01059433 0.0092694 0.007658903 0.006918815 0.0005803571 0.0002232143 0.0001785714 0.0001785714 0.000625 0.001071429 0.001741071 0.0025 0.0175
0.03183343 0.0230321 0.02663165 0.03080045 0.01901179 0.02377251 0.01417652 0.02232292 0.02476465 0.03361508 0.03193655 0.03913356 0.04056508 0.04068509 0.05236581 0.05285392 0.04146741 0.02575948 0.03038363 0.03096784 0.03090177 0.02543061 0.0218561 0.03469386 0.03197314 0.02704418 0.02631879 0.02705019 0.02526649 0.02525448 0.0215443 0.01823365 0.01605407 0.01202332 0.01193598 0.01076335 0.01074675 0.01078993 0.01072621 0.01637702 0.02193118 0.01810466 0.01884844 0.01184364 0.01100252 0.01057355 0.01184081 0.0009375 0.000625 0.0003125 0.0003125 0.001428571 0.002142857 0.003571428 0.006651786 0.025625
