contrib/geomasonDemos/riftland/DataFiles/RainData/.svn/text-base/142.txt.svn-base
ncols         56
nrows         54
xllcorner     28.264
yllcorner     -5.7719999999999
cellsize      0.25
NODATA_value  -9999
[rows 0 to 26 of 54, columns 0 to 55 of 56]
0.0251208 0.02004285 0.02055121 0.05176229 0.05337912 0.03781204 0.0455812 0.03914206 0.03116325 0.01833943 0.01886441 0.03528982 0.03856 0.07075745 0.06495655 0.06881841 0.07974282 0.05645356 0.05850484 0.0587852 0.05418839 0.07254241 0.1453701 0.1656014 0.188404 0.1694731 0.1574393 0.2914021 0.2174736 0.1714282 0.1430708 0.1566066 0.1633696 0.1597997 0.1519301 0.2044526 0.1052741 0.1223738 0.1625123 0.1996548 0.1624073 0.1303177 0.09825745 0.05774223 0.04819931 0.05938214 0.06322496 0.09050019 0.08770182 0.09941518 0.1100073 0.1187839 0.1625997 0.1790994 0.1758229 0.1836146
0.0331782 0.04123243 0.04231826 0.03256819 0.03158483 0.04886733 0.04976708 0.08696673 0.05970056 0.03857465 0.02038421 0.04470447 0.07171444 0.06397939 0.05828359 0.04765688 0.0694861 0.04334624 0.03864431 0.06005483 0.0721491 0.09186964 0.1702607 0.1584682 0.1924251 0.1817349 0.1676318 0.2173983 0.2078134 0.1507722 0.1880455 0.1640874 0.1510006 0.1759174 0.188598 0.1911814 0.1444612 0.1613506 0.140244 0.1727401 0.1284499 0.1289003 0.07474989 0.06477099 0.03472391 0.09360134 0.0951467 0.08340643 0.09040046 0.1218721 0.08104362 0.0891486 0.1640347 0.3032057 0.3343737 0.2388343
0.03477632 0.05049826 0.03878085 0.02377529 0.02703868 0.02943892 0.03847223 0.07275803 0.07235014 0.03678278 0.03301941 0.06092852 0.07666677 0.07459943 0.04109635 0.05126519 0.08020218 0.07542771 0.0391184 0.06584328 0.0792098 0.09522569 0.1083941 0.1389644 0.149416 0.1271212 0.1625415 0.1826059 0.22916 0.1834619 0.2102633 0.2135772 0.2104336 0.2241222 0.2271969 0.2914075 0.1517255 0.1752799 0.1530917 0.139529 0.1278321 0.1597466 0.1357202 0.09243375 0.08203474 0.09409574 0.1152274 0.07352407 0.07383732 0.10552 0.1150233 0.151268 0.1584992 0.1952051 0.2954794 0.1624547
0.04004094 0.05290232 0.04702592 0.0387929 0.02967534 0.03068011 0.03174107 0.04661247 0.05233616 0.03304297 0.06386638 0.04707154 0.04688877 0.07072079 0.05956655 0.03862067 0.03986637 0.03853873 0.06093562 0.1109201 0.08452828 0.1045507 0.108368 0.1205363 0.1155008 0.1263473 0.1501092 0.2072486 0.1760177 0.1743654 0.1748277 0.2544663 0.3230947 0.4507619 0.4153049 0.3463396 0.2022993 0.1887997 0.1220224 0.116212 0.1739353 0.1841941 0.1680961 0.1005401 0.1316923 0.1061135 0.09798241 0.136631 0.1230003 0.1123771 0.1544776 0.2006219 0.2193011 0.1921768 0.1292315 0.1142768
0.03070659 0.04868319 0.04677419 0.04132343 0.04245686 0.03918066 0.04202634 0.04244221 0.0556168 0.04176626 0.03514186 0.04187479 0.03731136 0.05735019 0.1135011 0.09819666 0.08566198 0.04480516 0.07772738 0.08943447 0.05871507 0.08017766 0.1136776 0.1480429 0.1259567 0.1382811 0.1350855 0.1568617 0.1455925 0.1216165 0.1606562 0.1808058 0.3266771 0.4349208 0.3362772 0.3870866 0.2196581 0.1896154 0.1110424 0.1614385 0.1680865 0.1655977 0.1395059 0.1183079 0.1129706 0.1556097 0.1098508 0.170063 0.1684861 0.1124408 0.1337095 0.2486715 0.1425277 0.1321861 0.1275395 0.1211829
0.03544935 0.02978233 0.03466965 0.03794451 0.03743334 0.05006332 0.03657356 0.0379555 0.06655687 0.06686296 0.05297571 0.07104606 0.06890948 0.04164216 0.0837345 0.09852282 0.04969091 0.06522578 0.1191245 0.105827 0.05809691 0.07769158 0.09742154 0.1270902 0.1168687 0.1058087 0.1560578 0.1549216 0.1116201 0.1397557 0.1652003 0.1996072 0.234904 0.2542385 0.1985167 0.2711062 0.1754229 0.1438437 0.1314621 0.1419871 0.09804621 0.090203 0.1118917 0.1013673 0.1690285 0.2610616 0.1273649 0.1852578 0.2079617 0.1845831 0.149387 0.2336321 0.1300858 0.1340961 0.154107 0.08611666
0.03322135 0.03411634 0.05240422 0.04861226 0.0522343 0.07541107 0.03981338 0.05329549 0.07287864 0.1024696 0.09736077 0.08507869 0.04761047 0.04355045 0.05221278 0.05615046 0.06173858 0.08861759 0.07490966 0.07651339 0.09397784 0.08463322 0.08909728 0.1238233 0.1208636 0.09099743 0.1103297 0.1154235 0.1263126 0.1425187 0.1945431 0.2572715 0.2490402 0.257815 0.1888654 0.1839082 0.1811641 0.1318244 0.1016793 0.1325099 0.1299858 0.1438589 0.1670841 0.160032 0.1457796 0.2131726 0.1687296 0.1673669 0.2145983 0.2065598 0.2047951 0.257505 0.1522719 0.1639773 0.1174816 0.1607633
0.0418885 0.05156599 0.04916508 0.05719573 0.04871883 0.03868571 0.05773729 0.06737463 0.07020942 0.1078314 0.125329 0.06476887 0.03821334 0.04025313 0.04101788 0.05245703 0.05338021 0.05409884 0.06869105 0.09108626 0.1005907 0.09401661 0.08619095 0.1316849 0.09087259 0.09425944 0.09682088 0.1326888 0.1302465 0.1346136 0.1933007 0.2746277 0.3258309 0.2616009 0.2262598 0.2618881 0.158059 0.1222053 0.1058957 0.1306962 0.1447722 0.1508085 0.1467569 0.1427091 0.169751 0.1390935 0.1945368 0.1758851 0.1567902 0.186337 0.152187 0.2186711 0.237872 0.1877393 0.1987641 0.1807123
0.04815948 0.08420409 0.06462584 0.05057102 0.04876981 0.05120846 0.04925396 0.0569666 0.1009976 0.08223762 0.0737386 0.0444084 0.03249792 0.03729009 0.03299701 0.05160883 0.06055172 0.06043281 0.08694123 0.06210366 0.1082272 0.09965414 0.09309196 0.07914424 0.07611908 0.08319739 0.1039263 0.1049939 0.1497296 0.1326087 0.1325002 0.2073851 0.26721 0.2619933 0.2350292 0.1967519 0.1678631 0.1290237 0.1016389 0.1415845 0.1395755 0.1369337 0.1149651 0.1502573 0.1426421 0.1318543 0.1722972 0.1587427 0.1260916 0.1301445 0.141465 0.1740631 0.1906612 0.1667228 0.1615715 0.1594467
0.07074393 0.07000387 0.05414889 0.06720185 0.07996655 0.06643097 0.06277298 0.07203729 0.07777084 0.1037678 0.06836509 0.06015891 0.04538057 0.03152311 0.03110282 0.04073634 0.0741475 0.06235408 0.04572895 0.05217151 0.08492137 0.09997553 0.07717237 0.09321461 0.1065733 0.1043579 0.1049178 0.1128046 0.1315513 0.09485231 0.076377 0.09667643 0.1343031 0.174341 0.1524632 0.1248066 0.1002234 0.08234552 0.07841095 0.09913501 0.07777096 0.106001 0.0816838 0.1205399 0.1372416 0.1176301 0.1453414 0.1502305 0.1215621 0.1555554 0.2178251 0.2164361 0.1779969 0.1542607 0.1456657 0.1111845
0.05948078 0.08965718 0.07678069 0.07869282 0.1042881 0.08318324 0.06167293 0.06833986 0.0994812 0.08531807 0.085773 0.1099807 0.06247698 0.03415221 0.02969375 0.02438938 0.03649584 0.0585891 0.05241906 0.08258398 0.07255903 0.06775817 0.07648966 0.08528439 0.09798488 0.09176292 0.06957655 0.08645208 0.1043869 0.06924073 0.05886899 0.05758699 0.07546766 0.09290672 0.04476997 0.09941331 0.07609105 0.07664333 0.07927642 0.1510371 0.0731489 0.07247799 0.08695734 0.1302596 0.1590191 0.1082037 0.08094472 0.1469215 0.1523473 0.1273277 0.2071362 0.2268197 0.1717429 0.1611745 0.1319747 0.1590279
0.08250073 0.1139557 0.1534863 0.12166 0.1120538 0.0779077 0.07135057 0.1078204 0.1122194 0.09593526 0.1176134 0.09140191 0.07355528 0.05275944 0.06238796 0.04444706 0.03354199 0.05546957 0.06013483 0.09237872 0.06373102 0.06613224 0.06698167 0.1028005 0.07265566 0.06277017 0.06815859 0.08696421 0.1204905 0.08988443 0.06682373 0.05089662 0.06518635 0.07194544 0.05094432 0.1365105 0.1152005 0.1328228 0.1025452 0.08837857 0.06477483 0.0857646 0.1417956 0.1370022 0.1616628 0.1561174 0.1452999 0.1402805 0.1707688 0.1540095 0.201869 0.2220473 0.1941051 0.2446175 0.1673467 0.1498781
0.1053827 0.1242119 0.1500625 0.130433 0.1063863 0.0824618 0.08143579 0.1337717 0.09239316 0.0778254 0.1108303 0.0996898 0.05990217 0.06176628 0.05715747 0.03955347 0.03873132 0.04297987 0.04983419 0.07537028 0.08838652 0.09991008 0.08432831 0.09365711 0.04406193 0.03860885 0.05957473 0.07343347 0.0917439 0.07790773 0.06964885 0.08106659 0.0754043 0.05858986 0.05403653 0.1055477 0.1712825 0.1404973 0.112326 0.07983727 0.04960791 0.05927339 0.1406847 0.1525474 0.1062102 0.1798109 0.1680765 0.1599644 0.139671 0.1712185 0.1826689 0.1801139 0.167285 0.2159323 0.2301952 0.2037211
0.1255227 0.1310399 0.1477105 0.1344782 0.1185393 0.1206434 0.1528543 0.1245301 0.09511013 0.0652592 0.09201585 0.07981902 0.06887048 0.05439765 0.04101238 0.03872146 0.05692214 0.06528453 0.06523686 0.06525559 0.0612429 0.07867645 0.09072182 0.09589704 0.03904919 0.02222989 0.02963246 0.09338748 0.1035164 0.07634318 0.08059622 0.06482109 0.08336414 0.07431217 0.06908213 0.1141304 0.08653542 0.064578 0.08737667 0.07080533 0.05494894 0.06520781 0.07502846 0.07838118 0.1262372 0.1630177 0.1923229 0.1187185 0.1396203 0.1990942 0.1927252 0.1775777 0.2142454 0.2151589 0.2119347 0.2553698
0.1613758 0.1448002 0.1606547 0.127618 0.1454391 0.1391186 0.1796884 0.1826927 0.1483306 0.1170007 0.1214926 0.09410489 0.07823438 0.05867774 0.05277441 0.06002167 0.09446837 0.08506967 0.0671622 0.08092786 0.06020435 0.06882295 0.08368662 0.07126792 0.03776206 0.01175283 0.01808588 0.07995163 0.0957709 0.06806111 0.07080805 0.09355921 0.08655009 0.0476812 0.05109161 0.06811149 0.09431251 0.1369424 0.1953062 0.1729064 0.07478553 0.08388834 0.08917591 0.08482807 0.11315 0.1217084 0.1855292 0.1803663 0.1851169 0.2743678 0.2897587 0.2813419 0.2954978 0.2491957 0.2164629 0.2160443
0.1352721 0.1576919 0.1507856 0.152059 0.1291483 0.1260415 0.136569 0.160048 0.1277124 0.1515175 0.1257724 0.1456106 0.1283197 0.1023934 0.07441527 0.1201537 0.09251872 0.1022423 0.07564498 0.0569644 0.04800381 0.06127115 0.07825742 0.07879623 0.04461086 0.01249975 0.02212157 0.02002458 0.03895456 0.05349428 0.07242407 0.1446663 0.06100101 0.02767877 0.03241 0.03057347 0.0143632 0.03887222 0.08405996 0.1132856 0.113743 0.09525499 0.1005353 0.09594192 0.1193287 0.1033176 0.1608767 0.1858552 0.2256391 0.224968 0.3736161 0.3341804 0.2984048 0.2225488 0.1933676 0.1760529
0.1693849 0.1577265 0.165748 0.1596603 0.1624068 0.1084977 0.1015821 0.1442299 0.1189123 0.09760997 0.08844367 0.1125538 0.10515 0.1047896 0.1025666 0.1345911 0.08414878 0.09026467 0.06108735 0.06805051 0.07384872 0.0611271 0.06352407 0.09358031 0.05619455 0.01924153 0.01626408 0.01747621 0.04565149 0.05114517 0.04095365 0.1010802 0.05838189 0.02515736 0.02130895 0.03782405 0.03630363 0.07893505 0.03367801 0.05587259 0.09980045 0.0925841 0.06647976 0.1087518 0.1171628 0.1196289 0.153101 0.2172369 0.2172826 0.232663 0.2530783 0.2360214 0.3025993 0.2498178 0.2139257 0.1798371
0.1951425 0.205318 0.197254 0.1917656 0.1724662 0.1514984 0.13894 0.1185841 0.105868 0.08009773 0.1300158 0.1153236 0.115654 0.09969314 0.1110479 0.1379836 0.09873412 0.1138658 0.07730316 0.0734574 0.07162008 0.06897044 0.05310526 0.06176337 0.06806922 0.06282339 0.04368549 0.03576665 0.07846078 0.04002235 0.02639076 0.04257521 0.04120418 0.0119902 0.01218153 0.02262829 0.04399341 0.08515243 0.03865653 0.05133855 0.05836423 0.08169243 0.08979882 0.117189 0.2145464 0.1476267 0.149242 0.1482939 0.1971259 0.2206185 0.2211959 0.2025231 0.2491423 0.2735724 0.2550286 0.1879233
0.264944 0.2657874 0.2386336 0.237865 0.1758299 0.1635416 0.1450024 0.1437409 0.1283982 0.1127959 0.1247584 0.1340482 0.1258873 0.09629391 0.09275876 0.1234868 0.1239156 0.1007849 0.08394847 0.09501874 0.07917706 0.1005664 0.06416747 0.06130547 0.04974235 0.05144476 0.07822259 0.03368153 0.02084645 0.01817413 0.006597731 0.0126378 0.035764 0.008930263 0.008833013 0.01129318 0.01541304 0.03478962 0.04226477 0.0565526 0.06018423 0.09727374 0.1919967 0.1698758 0.1943965 0.1310047 0.1938285 0.1720141 0.1903434 0.2494501 0.2328376 0.2023172 0.2138476 0.2317882 0.3198778 0.2174649
0.3588079 0.3513832 0.313389 0.231997 0.1641342 0.1348006 0.1545346 0.1788373 0.1950516 0.1172928 0.1298817 0.1366348 0.1564337 0.1378087 0.1544652 0.165228 0.1367799 0.14614 0.1334647 0.1335607 0.1204161 0.1062812 0.08648872 0.08712893 0.06863517 0.03724679 0.02481674 0.01312482 0.02243737 0.02366369 0.0149048 0.0186519 0.02822351 0.01117422 0.01276894 0.02211641 0.02230334 0.02106442 0.02997755 0.04388643 0.04954371 0.06058164 0.1456459 0.187779 0.1663136 0.1471695 0.17987 0.1993459 0.1935976 0.26466 0.2404182 0.2610278 0.2932434 0.2898926 0.3095897 0.2595054
0.3821571 0.3308498 0.2937536 0.2788093 0.1895755 0.1710143 0.1731937 0.1441698 0.1686609 0.1046595 0.1216273 0.1487516 0.1834367 0.1628698 0.1836286 0.1876146 0.1395759 0.1448056 0.1606191 0.1357293 0.1293965 0.1469715 0.1077364 0.125023 0.07569051 0.04389242 0.02385247 0.01333791 0.01828287 0.01805224 0.02548899 0.04609877 0.03146871 0.02025632 0.01996359 0.03689837 0.02988492 0.05262291 0.05729773 0.07617005 0.072331 0.08024202 0.1527846 0.1636593 0.2702683 0.2385216 0.2150071 0.2343762 0.2281533 0.2680301 0.2633817 0.2586761 0.2974932 0.4267161 0.3860772 0.3360814
0.3140565 0.2630855 0.291238 0.2953803 0.2458012 0.2453203 0.2313886 0.2331247 0.2122637 0.1215631 0.0770309 0.08894729 0.1196787 0.1486449 0.1807483 0.175945 0.1950811 0.1611345 0.1920703 0.1586746 0.1237163 0.1421653 0.1474239 0.1331689 0.1240852 0.1105738 0.04287034 0.04972237 0.04233329 0.06982461 0.05729702 0.05399114 0.04404694 0.03058429 0.03654498 0.03793754 0.04544082 0.05370098 0.09340242 0.103683 0.1146355 0.1217636 0.1679444 0.1320408 0.1523205 0.1967866 0.2262809 0.2213037 0.2355651 0.2159808 0.2178914 0.221144 0.2881955 0.3686068 0.4170465 0.3563535
0.2774532 0.2639475 0.2625485 0.2458466 0.2460449 0.2718859 0.2320548 0.1931845 0.1756407 0.1177887 0.07853778 0.05863838 0.0613616 0.1262784 0.131471 0.1527991 0.1760962 0.1568959 0.1896807 0.1717818 0.142347 0.1497609 0.1513159 0.183196 0.1193446 0.1127567 0.08018508 0.05506825 0.07391791 0.1060102 0.08927173 0.04560582 0.03505824 0.08523361 0.07222959 0.04980144 0.1253163 0.1303939 0.1496718 0.1182682 0.126333 0.146775 0.133985 0.1122321 0.1309243 0.1784454 0.1836858 0.1736421 0.1864864 0.1752386 0.1872877 0.2221472 0.3072939 0.4050436 0.3394231 0.3138644
0.2599401 0.2207273 0.2113791 0.1930396 0.2011309 0.250798 0.2488084 0.1906588 0.1625066 0.1325222 0.1042577 0.0843206 0.1255288 0.1854205 0.1135214 0.1061892 0.1150998 0.1757964 0.2381563 0.1886435 0.1668517 0.1821076 0.1845678 0.186202 0.1396779 0.125874 0.1305332 0.09465075 0.1196134 0.1232912 0.1048242 0.07479285 0.05574502 0.1036584 0.09100538 0.1481175 0.1739002 0.2169485 0.1832202 0.1448737 0.1552612 0.1417988 0.1554848 0.1388739 0.1326246 0.1639715 0.1952886 0.1763864 0.1931569 0.1605081 0.1622842 0.2150485 0.2826079 0.2995079 0.3345426 0.3349044
0.1624456 0.1947518 0.1965635 0.1855117 0.2189593 0.2132335 0.2176445 0.1817811 0.1192717 0.1579184 0.1338741 0.1420373 0.1480889 0.1223648 0.1097929 0.1411226 0.1220234 0.1531376 0.2336728 0.2157204 0.1660758 0.1603197 0.1897642 0.1988174 0.1528425 0.1152979 0.127147 0.1225197 0.1192243 0.1337646 0.1070637 0.07211414 0.06678414 0.08101404 0.1166249 0.1952652 0.1829997 0.2036566 0.1859914 0.1792776 0.1607093 0.1992082 0.1995538 0.1644749 0.1610097 0.1717823 0.1770473 0.2154712 0.2342484 0.2183963 0.2123276 0.2320082 0.2505692 0.3202582 0.3724242 0.3730394
0.1312588 0.1806002 0.1826012 0.1810926 0.2344703 0.1981028 0.2259592 0.1497211 0.09763807 0.1201457 0.112136 0.1777567 0.230833 0.1855415 0.1983809 0.1655 0.1306209 0.1445403 0.1889823 0.1748819 0.15292 0.1338885 0.1518432 0.1771107 0.1874016 0.1536424 0.1643859 0.1261104 0.1436699 0.1602011 0.1415993 0.0908991 0.09025355 0.1927267 0.1248723 0.2915868 0.3033176 0.1979252 0.1886006 0.1829725 0.2145241 0.2015443 0.175247 0.1530015 0.1609544 0.1665808 0.2233294 0.2138411 0.226552 0.2547283 0.2738771 0.3186029 0.2715144 0.3416362 0.3381357 0.2910653
0.1205441 0.1497144 0.14343 0.1546859 0.1989981 0.1860005 0.1245292 0.1272675 0.1114176 0.1380947 0.1693071 0.1712121 0.1726626 0.1845395 0.1928882 0.1879056 0.1472606 0.1402461 0.2116098 0.1812494 0.1575017 0.1845313 0.1926978 0.1746845 0.2048716 0.1578357 0.1579758 0.1363904 0.1170229 0.1518377 0.1534667 0.086309 0.1498631 0.1603574 0.1785604 0.2935331 0.3027599 0.2117478 0.2083252 0.1683688 0.1971657 0.1990054 0.1871876 0.1641697 0.1722986 0.2044343 0.2444663 0.2337971 0.2277937 0.2752488 0.3010248 0.3326977 0.2710232 0.3163847 0.3334996 0.3433922
