contrib/geomasonDemos/riftland/DataFiles/RainData/.svn/text-base/142.txt.svn-base
ncols         56
nrows         54
xllcorner     28.264
yllcorner     -5.7719999999999
cellsize      0.25
NODATA_value  -9999
[rows 27 to 53 of 54, columns 0 to 55 of 56]
0.1559067 0.1535785 0.1200415 0.1353264 0.1396862 0.1172523 0.09693553 0.102247 0.1729059 0.1935463 0.2290733 0.2514456 0.2159493 0.1823734 0.1618682 0.2046606 0.1843378 0.1820807 0.1695725 0.2047431 0.195138 0.2270789 0.2905772 0.2194704 0.186437 0.1641727 0.1289943 0.1449631 0.1530159 0.1691869 0.1563883 0.1298819 0.1592989 0.1775373 0.2084392 0.3465977 0.3734193 0.3834302 0.3616135 0.260749 0.2618578 0.2493843 0.2415613 0.171862 0.177002 0.2033207 0.2241721 0.247242 0.2440431 0.276758 0.308847 0.322854 0.2927198 0.2289236 0.3384754 0.3276371
0.1563683 0.1681515 0.166142 0.1709374 0.1669108 0.08508344 0.1065523 0.14173 0.1904864 0.1769187 0.2231254 0.2507788 0.2058157 0.1857717 0.1646392 0.2084193 0.2461406 0.207996 0.1846514 0.2277863 0.2334268 0.2095425 0.2412075 0.2226273 0.2179184 0.1993794 0.165897 0.1520876 0.16189 0.171567 0.1518176 0.1537085 0.1525085 0.1534383 0.2023684 0.3202882 0.3893238 0.4134596 0.3771106 0.2806684 0.2706563 0.2453082 0.2419097 0.164363 0.1742588 0.1833616 0.2128397 0.2487923 0.2233661 0.2234681 0.266503 0.2488541 0.2263411 0.1998707 0.2521397 0.2728657
0.2103167 0.2563299 0.2297168 0.1528566 0.1295827 0.0948365 0.1044904 0.1885253 0.1803608 0.1291206 0.1373721 0.2148573 0.1648236 0.1682045 0.1479248 0.2280924 0.2245584 0.205582 0.2279815 0.2491069 0.2000847 0.1605108 0.1826534 0.1765168 0.1929574 0.1881251 0.1874701 0.181917 0.1768202 0.167068 0.1487166 0.137286 0.1618858 0.1613204 0.1964568 0.3267224 0.3739961 0.4675816 0.4779727 0.2955509 0.2701951 0.2415143 0.2457303 0.1720085 0.1813719 0.182412 0.1916421 0.2111797 0.3193379 0.3050832 0.2760263 0.2742541 0.2425598 0.2082635 0.2167245 0.239509
0.266533 0.2849644 0.262196 0.2154559 0.1427266 0.09797098 0.1049911 0.134228 0.120047 0.1364662 0.1015742 0.1865238 0.1671994 0.1732878 0.1637178 0.1742403 0.1588983 0.235298 0.2525574 0.2647381 0.2099737 0.159153 0.1455922 0.1445937 0.158831 0.1886027 0.188757 0.1903032 0.1702663 0.1579925 0.1529708 0.1696465 0.176711 0.1609941 0.2013196 0.3950307 0.4556145 0.4959888 0.4597671 0.2827587 0.3184565 0.2775598 0.2479747 0.1892957 0.2122922 0.2198256 0.1871078 0.2161155 0.2738025 0.2920252 0.277746 0.2756829 0.2507689 0.2270504 0.224213 0.2665082
0.2867974 0.2604129 0.2075892 0.1460326 0.1063319 0.08134864 0.072961 0.1118407 0.1689323 0.1062598 0.1604959 0.1933375 0.1987392 0.1868678 0.1703521 0.1743896 0.2035302 0.2276043 0.3027891 0.3039677 0.2818914 0.2679306 0.1814117 0.1461 0.1574332 0.1205988 0.143559 0.2072727 0.1788717 0.1604041 0.1670638 0.2086006 0.1764512 0.1878021 0.2127158 0.3597262 0.460543 0.4752127 0.4328828 0.2833707 0.3403785 0.2831234 0.2524205 0.1872204 0.1798761 0.1963552 0.194962 0.2517665 0.3187112 0.3061072 0.3168104 0.3592084 0.298828 0.2338444 0.2606297 0.2914426
0.3195908 0.2028254 0.1460382 0.1163491 0.09771198 0.09736168 0.08669052 0.1035843 0.1592516 0.09037859 0.1289509 0.1837323 0.1616543 0.1612346 0.1711586 0.2475674 0.2459447 0.2193951 0.2693949 0.2776261 0.2347023 0.1765617 0.1664448 0.1292053 0.1242118 0.1302068 0.1857331 0.2069755 0.1939282 0.1463068 0.1416994 0.1736168 0.1888213 0.1883083 0.2185303 0.3437068 0.3929388 0.3965757 0.3776475 0.3052988 0.3113694 0.2784433 0.220445 0.1773454 0.1688835 0.1863004 0.1928361 0.2024737 0.2869212 0.3362665 0.3775841 0.3565235 0.3513711 0.2860353 0.2320948 0.219574
0.3303818 0.1565386 0.1440297 0.07217713 0.08189797 0.1246673 0.1443838 0.2290697 0.1528997 0.1455551 0.1274439 0.1725841 0.168778 0.1656639 0.2252269 0.2739624 0.2593706 0.2646173 0.2168105 0.1810496 0.1602651 0.1242653 0.1166418 0.1507547 0.1737942 0.2139409 0.1499833 0.1631717 0.1630546 0.157488 0.149191 0.1433148 0.1846499 0.1973411 0.2671956 0.3311191 0.3153481 0.2979738 0.3220224 0.2685579 0.235367 0.2046366 0.2196019 0.1650721 0.1727624 0.1680333 0.1800542 0.1965288 0.2740149 0.3110451 0.3176823 0.316352 0.2871254 0.2576944 0.2669286 0.1702192
0.3272215 0.2542961 0.1366794 0.1071916 0.1558072 0.1515325 0.102808 0.1211226 0.1241963 0.07780217 0.1116852 0.1676672 0.1891364 0.1649835 0.2554335 0.289237 0.3496811 0.2904072 0.2389968 0.1539133 0.1429069 0.1440896 0.1481424 0.1669348 0.1576231 0.1782029 0.14578 0.1225926 0.1192348 0.109081 0.1068579 0.1205811 0.1703972 0.1696699 0.200225 0.2237121 0.248161 0.2507354 0.2685984 0.2233658 0.2181168 0.2119257 0.2149798 0.1650051 0.1819148 0.1378236 0.1688568 0.19171 0.2055433 0.2537616 0.2599728 0.2569069 0.2077894 0.1984389 0.1747451 0.1500293
0.3405177 0.25402 0.2023653 0.1754277 0.1825068 0.1604066 0.08625942 0.1369119 0.1360403 0.09885289 0.1081936 0.1823638 0.1862492 0.1813691 0.2631981 0.2902717 0.2938882 0.2649989 0.22959 0.1882717 0.1141918 0.1361573 0.1245159 0.161844 0.1433049 0.1475894 0.1376423 0.07127434 0.06203347 0.07318666 0.08247402 0.1073032 0.09818353 0.1577687 0.1454311 0.1427857 0.1585923 0.1764901 0.1987794 0.1714823 0.1724672 0.1445829 0.152145 0.1718794 0.2086872 0.1353047 0.1426052 0.2283864 0.2988938 0.3504234 0.3575952 0.3219023 0.2856852 0.2721702 0.2348904 0.1753587
0.3549578 0.2610736 0.1586185 0.1380771 0.1175968 0.08104279 0.06368929 0.1139412 0.1072331 0.09406301 0.1304426 0.167743 0.1978484 0.1921256 0.2166723 0.3209664 0.382373 0.3356243 0.3065453 0.2177273 0.1419325 0.1240606 0.1597736 0.1903905 0.1873227 0.1570831 0.1419541 0.08642244 0.07699937 0.05905671 0.06336942 0.1055925 0.08221912 0.09626697 0.09346149 0.1106424 0.1319859 0.1412702 0.1389957 0.14522 0.1338909 0.1475058 0.1595565 0.1385754 0.1980238 0.1706365 0.1436152 0.2207893 0.2868535 0.34846 0.3783956 0.3446814 0.385058 0.2899302 0.2392569 0.176868
0.3409445 0.2382063 0.1270467 0.07624724 0.08912713 0.0711739 0.08337034 0.08601481 0.09505265 0.1112889 0.09300265 0.1517031 0.1941829 0.2137583 0.2982239 0.38207 0.3486136 0.3390552 0.3187861 0.2342818 0.1943232 0.1784638 0.227011 0.1458956 0.1801034 0.1377918 0.0967285 0.09492951 0.09484114 0.08133393 0.0691962 0.1048948 0.07738027 0.08015987 0.08002665 0.0899383 0.1160099 0.1093286 0.1167912 0.1150545 0.145103 0.1865122 0.1443049 0.1188335 0.1567645 0.134224 0.1918537 0.2497267 0.296776 0.3767076 0.4182737 0.440627 0.4182855 0.3756953 0.3620308 0.1486416
0.32987 0.2314249 0.1851308 0.09845959 0.08733515 0.06482152 0.08048113 0.1477919 0.1285649 0.08412623 0.08643491 0.1412066 0.1582353 0.1633997 0.2592187 0.3504907 0.3620741 0.3220807 0.3299446 0.3189406 0.2433543 0.2435403 0.2118687 0.1582286 0.1612225 0.1503772 0.08462387 0.06589763 0.07472358 0.07136584 0.05816943 0.07911016 0.08014255 0.07627878 0.078431 0.08127681 0.1020845 0.1009743 0.1275949 0.1225316 0.152823 0.146444 0.1817969 0.1474072 0.1301729 0.1501016 0.2163145 0.3264924 0.4626012 0.509824 0.5465184 0.5074438 0.5199425 0.496385 0.2898087 0.1810449
0.380236 0.1949977 0.1175815 0.1560832 0.1126607 0.09962843 0.08120427 0.1653628 0.1646102 0.1167339 0.0784504 0.1077407 0.1600912 0.1728756 0.2318437 0.3342886 0.4131508 0.3421523 0.3165137 0.3229046 0.2000369 0.1787829 0.1673393 0.1440475 0.1266328 0.09626037 0.05853054 0.02806759 0.0371001 0.04891836 0.04913037 0.09966564 0.06984136 0.06378037 0.0797869 0.07438884 0.07844684 0.08571224 0.09724663 0.09488633 0.1037364 0.1274202 0.1778237 0.2199872 0.2102918 0.2983499 0.3985237 0.4467034 0.533049 0.5757077 0.6223708 0.6067745 0.6036747 0.421054 0.3529661 0.1843717
0.3212283 0.152978 0.09501047 0.1135158 0.1060868 0.08643545 0.081161 0.1084017 0.1108205 0.09304364 0.1052898 0.1749249 0.1532746 0.1529948 0.2964907 0.3703645 0.5157807 0.4574436 0.3498934 0.2590613 0.194143 0.1732347 0.1699522 0.1321536 0.08646386 0.07637656 0.05969397 0.06926177 0.03883752 0.04721633 0.04665742 0.06969064 0.06685545 0.07073416 0.08168647 0.07570266 0.06364615 0.06265781 0.07110999 0.09181474 0.1110318 0.1501979 0.2060051 0.2433638 0.2815357 0.3512956 0.4500975 0.5061986 0.5585281 0.6223929 0.6133676 0.5833377 0.4071183 0.3897642 0.345443 0.2349681
0.3331134 0.1664561 0.1386316 0.1485219 0.101897 0.0988239 0.08819901 0.09037597 0.1182205 0.08225411 0.09484096 0.1436567 0.1809821 0.1949481 0.2217737 0.3182598 0.4670309 0.4832973 0.3397916 0.2793955 0.2247447 0.1752469 0.1392629 0.1077759 0.1101299 0.06245779 0.03995951 0.03886865 0.03212369 0.02575635 0.06029663 0.09784681 0.06244659 0.07545828 0.05879293 0.05989334 0.06258199 0.05755707 0.07001574 0.08466687 0.1042068 0.1350497 0.1904205 0.2499385 0.2977892 0.4187884 0.4646814 0.4833569 0.5362437 0.6058856 0.628504 0.4017417 0.4362079 0.4343883 0.4194406 0.3487427
0.2634386 0.1512988 0.1082241 0.1170698 0.1333382 0.07777714 0.08541045 0.07381964 0.05600795 0.06966633 0.09358429 0.1517847 0.139323 0.1405824 0.1292132 0.1948411 0.2794448 0.3180981 0.3071947 0.2654286 0.224339 0.1567023 0.1329298 0.08938011 0.08449502 0.07251137 0.04716962 0.04831296 0.03840188 0.05199336 0.06791833 0.06061028 0.05488312 0.0534474 0.09020623 0.09649221 0.07034432 0.06789663 0.08003286 0.0803981 0.09114308 0.1318921 0.1883356 0.2152973 0.2914029 0.4081034 0.4971819 0.4419621 0.4838751 0.5661977 0.6074601 0.4438551 0.4631512 0.4669018 0.4109328 0.340183
0.1563656 0.1164919 0.0876892 0.08073063 0.1013901 0.08693863 0.06487272 0.07538736 0.08044899 0.09159154 0.1079651 0.1088598 0.112569 0.1190002 0.1094396 0.1369363 0.1791073 0.1119528 0.1513548 0.1258312 0.1241912 0.1195183 0.06903236 0.1125503 0.08814307 0.0707884 0.04746495 0.05140816 0.07892167 0.05535372 0.083496 0.07375451 0.05877107 0.07776199 0.05964391 0.08236161 0.2982164 0.08695498 0.07128125 0.09055137 0.129207 0.1499624 0.1574747 0.2368187 0.3094334 0.3883578 0.4354947 0.403047 0.4297534 0.5486797 0.4306765 0.3919017 0.4389951 0.4602337 0.4018592 0.2786693
0.1990165 0.1425457 0.04189715 0.04664868 0.08853544 0.07715821 0.05324132 0.05926931 0.07889698 0.0741256 0.1129859 0.1390643 0.09423911 0.06658985 0.08071814 0.1428864 0.1221065 0.05692206 0.07058588 0.08262266 0.07285272 0.07900069 0.07831033 0.07346924 0.06774461 0.09463117 0.03306552 0.03106716 0.03227868 0.03008012 0.03879617 0.03959343 0.04354658 0.08014069 0.05980175 0.05208632 0.08473749 0.05959598 0.06614536 0.1104569 0.1871032 0.1904472 0.1482191 0.2095035 0.2752375 0.3483994 0.4073812 0.3788092 0.4565476 0.3905582 0.4012811 0.336313 0.4232371 0.3906191 0.3978262 0.303629
0.2096634 0.09588511 0.04136809 0.03916029 0.0493754 0.04784128 0.05041391 0.06099144 0.05371412 0.07022201 0.06766367 0.129578 0.1253958 0.0789182 0.06834996 0.06787268 0.05047289 0.04090052 0.05376082 0.05210333 0.0489429 0.0459854 0.05148133 0.06134166 0.06313014 0.04956593 0.03653304 0.03416533 0.02044201 0.04642122 0.05465006 0.03845331 0.04225542 0.04985575 0.05060389 0.05174858 0.07862853 0.07256289 0.06372777 0.09654561 0.1396037 0.1703806 0.1500966 0.2229576 0.2964387 0.3505614 0.3593142 0.3498661 0.4262058 0.3290317 0.3778293 0.356815 0.362189 0.3648773 0.3765118 0.2610887
0.1155912 0.04705451 0.04003644 0.03855816 0.07618717 0.05286622 0.04658846 0.05168306 0.02910514 0.04102302 0.04682619 0.06580626 0.103619 0.06650048 0.07967605 0.06002042 0.03585907 0.04059968 0.08082269 0.05728511 0.05047206 0.03835663 0.08434276 0.08916568 0.07910735 0.05095191 0.03332603 0.02983414 0.01979879 0.02592826 0.02714577 0.04800466 0.04429705 0.04588401 0.04994213 0.05446419 0.05355557 0.08421069 0.1055836 0.1169618 0.1065752 0.1419902 0.1471925 0.2261908 0.3030585 0.3370879 0.3133116 0.3180302 0.276997 0.2748589 0.3306387 0.274038 0.2976977 0.2805486 0.2795887 0.1861693
0.1021905 0.04285101 0.03173646 0.04802353 0.06514673 0.07114062 0.06901741 0.08866541 0.07584293 0.05353486 0.05238096 0.04042423 0.04533488 0.02492418 0.04381052 0.03842451 0.06069361 0.04345835 0.0394656 0.06973208 0.04324325 0.04927828 0.0674605 0.0580976 0.06401514 0.02375228 0.03103139 0.01901324 0.0155823 0.0184853 0.02881464 0.04055331 0.03967996 0.04180477 0.05111896 0.04599067 0.04605953 0.05970764 0.09946963 0.1478878 0.0937966 0.1131671 0.1342918 0.1992675 0.2886002 0.251153 0.2635034 0.1849161 0.2433391 0.2303477 0.2928213 0.1897177 0.1692742 0.1879032 0.1542742 0.1327419
0.08318394 0.0485978 0.04662059 0.05553289 0.04126302 0.0400552 0.05084969 0.04413737 0.0548867 0.04948366 0.04816903 0.02665782 0.02339783 0.03108236 0.0491094 0.05052221 0.03558933 0.02824978 0.02995983 0.0276178 0.0360841 0.0336285 0.0455845 0.03522765 0.02369882 0.01678184 0.01222298 0.0140574 0.01506371 0.03407135 0.0353296 0.03105023 0.03660484 0.04658103 0.04580072 0.05012238 0.05646788 0.05724891 0.1144311 0.1393091 0.1027389 0.1174991 0.1150862 0.2466966 0.2424305 0.2661012 0.2624793 0.1899695 0.1950591 0.2131511 0.2441263 0.1557661 0.1364113 0.1214516 0.1570968 0.1172581
0.07925468 0.06694226 0.05810061 0.06116195 0.05447483 0.06039112 0.05239385 0.06020852 0.05713204 0.04919253 0.04871532 0.02265659 0.02013069 0.03913907 0.08068148 0.04681592 0.02105124 0.01673891 0.03598313 0.02300021 0.02245486 0.01742969 0.0263496 0.02529063 0.01757259 0.01078825 0.01083913 0.01275556 0.01407947 0.03186214 0.02351151 0.03009584 0.03562638 0.05112746 0.05302381 0.09026353 0.120326 0.1295977 0.1120491 0.1105898 0.1001231 0.1085763 0.0944697 0.2228225 0.2108514 0.1986869 0.2206793 0.1449172 0.1538381 0.180812 0.2008263 0.09645161 0.07495968 0.08620968 0.09395161 0.0828629
0.1266655 0.07818738 0.08066694 0.1615564 0.05188886 0.0424955 0.05420093 0.06391151 0.05883585 0.06584935 0.06696762 0.02336392 0.01290474 0.05056753 0.04441259 0.02719806 0.01493426 0.008658809 0.01791929 0.0262006 0.01670198 0.01830746 0.01986019 0.02289233 0.01621054 0.01182958 0.01183847 0.01441008 0.01440499 0.01815342 0.02227923 0.03087386 0.05677593 0.07323697 0.0900514 0.07207228 0.09410009 0.1006086 0.1212864 0.117638 0.1429443 0.151858 0.1913255 0.2011703 0.1886934 0.2219552 0.1304255 0.1167428 0.1363787 0.1529331 0.160833 0.07125 0.06661291 0.07471774 0.08858871 0.07221775
0.1033388 0.103008 0.08525829 0.1953679 0.1553454 0.04835185 0.04342943 0.100591 0.07964788 0.05621025 0.0558312 0.016688 0.07332953 0.114701 0.02700428 0.004490268 0.005266079 0.01094315 0.01964615 0.01725831 0.01053321 0.01068838 0.01271099 0.01592297 0.01063566 0.01066688 0.0187602 0.01000878 0.01774136 0.02060697 0.02365155 0.02832658 0.05561786 0.0835502 0.0950408 0.08895328 0.07979965 0.07155501 0.0792018 0.07474279 0.1080889 0.2092711 0.2417815 0.2124724 0.1665953 0.200695 0.08616455 0.05772971 0.07737713 0.1004225 0.1144315 0.05979838 0.04008064 0.06068549 0.08354838 0.07540323
0.1375296 0.09202127 0.1057742 0.1632583 0.1559515 0.1009238 0.1170343 0.05787245 0.05188363 0.05215396 0.03478196 0.03493181 0.07643568 0.08358623 0.03710567 0.003611415 0.01147178 0.01149944 0.009442755 0.01163709 0.0150859 0.009996173 0.009931793 0.01362194 0.01255892 0.0129071 0.01821328 0.01927036 0.01092552 0.01525096 0.01796391 0.02217724 0.028036 0.02899959 0.06920414 0.07684854 0.06332144 0.08953216 0.113336 0.1106288 0.1248374 0.2207952 0.1829848 0.1613302 0.1437021 0.1605234 0.07751994 0.05319 0.08230757 0.124711 0.1286367 0.08044356 0.06060484 0.05584677 0.08560484 0.07822581
0.09720425 0.07701405 0.08463508 0.08203274 0.0715663 0.0566133 0.05149528 0.05878814 0.04789555 0.03852725 0.03445917 0.02396059 0.01981914 0.02674174 0.01674831 0.005244263 0.01500042 0.006531134 0.004253726 0.01506489 0.01985947 0.01944602 0.008696348 0.0201961 0.01200545 0.01230456 0.01431063 0.01040847 0.01335404 0.0154744 0.02561089 0.02222293 0.03018757 0.02753876 0.03037301 0.06478254 0.06695814 0.1135192 0.08645466 0.1188768 0.08711732 0.1540403 0.1311847 0.08583841 0.1314754 0.121395 0.07198382 0.04419941 0.06089527 0.1029899 0.1291325 0.1109677 0.135121 0.0775 0.06939515 0.07411291
