contrib/geomasonDemos/riftland/DataFiles/RainData/.svn/text-base/17.txt.svn-base
ncols         56
nrows         54
xllcorner     28.264
yllcorner     -5.7719999999999
cellsize      0.25
NODATA_value  -9999
[rows 26 to 51 of 54, columns 0 to 55 of 56]
0.2189047 0.156756 0.1060571 0.0633218 0.06145387 0.07054396 0.04904535 0.04749071 0.03305759 0.04639544 0.0544433 0.1009044 0.1135274 0.1170288 0.1228087 0.135751 0.1449828 0.1398365 0.1334672 0.1267728 0.1109749 0.1836487 0.148781 0.1174093 0.09154826 0.08511038 0.1100523 0.09829402 0.08262356 0.08733958 0.1172247 0.1165595 0.1309296 0.100698 0.0716842 0.0568364 0.06245377 0.06087779 0.06315648 0.06508017 0.06540325 0.06658243 0.06586844 0.04665416 0.0440365 0.04314593 0.06524097 0.07041103 0.05997758 0.06136632 0.06216675 0.07202519 0.1411259 0.1382521 0.07434525 0.08008898
0.3036718 0.3384015 0.2550308 0.2096713 0.196706 0.1370828 0.1224047 0.0857555 0.07349559 0.05186253 0.03219599 0.02419716 0.04072439 0.08282235 0.09106126 0.09780566 0.08693697 0.07202341 0.06351332 0.1255368 0.1256151 0.2673481 0.2840102 0.1808844 0.1852331 0.1908676 0.1581679 0.1193843 0.1058795 0.1107834 0.1135969 0.1109301 0.09725454 0.06666517 0.06766985 0.06787405 0.06805098 0.07047836 0.07033584 0.06171567 0.06099721 0.06222569 0.06136839 0.04870278 0.05594335 0.05796939 0.05418653 0.06315077 0.07860648 0.07862747 0.06377397 0.07104792 0.2457717 0.2022116 0.1529842 0.1491664
0.4081574 0.3085701 0.2592606 0.2503827 0.1954594 0.1306275 0.1153507 0.08404483 0.05368835 0.02898006 0.01795253 0.01873261 0.0288489 0.0359133 0.05718305 0.1339596 0.09612027 0.06049021 0.04777279 0.1283854 0.1278727 0.2187542 0.3421595 0.3167711 0.2803269 0.2730252 0.2130374 0.1331286 0.1172286 0.113267 0.1032666 0.1043114 0.07822638 0.06561342 0.06527728 0.06461051 0.06669042 0.06803283 0.06657012 0.05687432 0.055332 0.05513344 0.05309742 0.04152095 0.04567299 0.05189022 0.05665532 0.05673188 0.05646953 0.05766236 0.04920784 0.08601567 0.1672247 0.1423424 0.1426317 0.1343505
0.3736592 0.2888209 0.2518641 0.177287 0.1020755 0.09394591 0.1063873 0.07093353 0.03823153 0.01735753 0.03089034 0.02489393 0.03272425 0.04868522 0.08814285 0.07381179 0.08190759 0.06216289 0.0621329 0.1033466 0.1016836 0.1154678 0.2400881 0.3120185 0.2851555 0.2466675 0.2492439 0.1544133 0.1299466 0.1257825 0.1020339 0.09491941 0.07324991 0.07012365 0.06641494 0.0685981 0.06588848 0.06530289 0.07791153 0.05382435 0.05090244 0.05050926 0.04810083 0.03695184 0.03624731 0.03964288 0.05242806 0.05677873 0.05513163 0.05104379 0.05049834 0.1042631 0.1103757 0.1546368 0.1637964 0.1608949
0.3740477 0.3265993 0.2445092 0.1417154 0.1124586 0.06997488 0.08059014 0.03834096 0.0286179 0.0380465 0.03962773 0.03227856 0.03013705 0.07341747 0.1475741 0.1073178 0.0770228 0.0408144 0.04285318 0.08549429 0.08668102 0.1111201 0.1515516 0.2226913 0.2628857 0.23793 0.2318944 0.1741605 0.1356752 0.1174352 0.1044006 0.1074265 0.07818502 0.06602823 0.05909975 0.07985584 0.07798426 0.06535987 0.1147064 0.05194751 0.04612611 0.04582443 0.04371358 0.03300004 0.03188263 0.03927679 0.049362 0.1433039 0.04561966 0.04941073 0.06598715 0.07388257 0.08296898 0.09878642 0.1098201 0.09742864
0.5440327 0.3596641 0.1925396 0.1000437 0.06732913 0.040268 0.04154797 0.04245404 0.0468382 0.04817153 0.04933965 0.05863285 0.06184689 0.09791365 0.1503208 0.1852341 0.1648207 0.1908398 0.2266025 0.2263946 0.1966812 0.1953077 0.1509591 0.1988044 0.2577753 0.2464419 0.196216 0.1537666 0.1471361 0.111011 0.1017543 0.1165617 0.07903427 0.06053894 0.04806679 0.0714355 0.09435296 0.0674953 0.05791534 0.04693866 0.044988 0.03983237 0.03790632 0.03294402 0.03113764 0.02755824 0.02506131 0.04413638 0.05476646 0.03248952 0.04181718 0.07948565 0.09768611 0.1076988 0.07432844 0.04680308
0.3971019 0.2428741 0.1575343 0.08623369 0.05694754 0.03392469 0.03004186 0.03925833 0.02975428 0.03540269 0.04044295 0.0464276 0.05907633 0.09051551 0.1134505 0.194271 0.2690219 0.2125949 0.1748202 0.2579379 0.237344 0.1866188 0.2038122 0.1817416 0.2300319 0.1829917 0.1977691 0.1541206 0.1555616 0.1264527 0.09487762 0.08425431 0.06478424 0.04990725 0.05106421 0.07535774 0.06806128 0.05131502 0.04960796 0.03479796 0.03374003 0.03475366 0.03345698 0.02794514 0.02582943 0.02267946 0.02390823 0.0363598 0.02945626 0.05746828 0.0409503 0.1251377 0.1006172 0.1212479 0.08287532 0.06158454
0.3484809 0.2006306 0.1395916 0.07076246 0.04796014 0.03646101 0.02729984 0.03716378 0.03032764 0.02534003 0.03265911 0.04645118 0.07443101 0.07556101 0.09439313 0.2566999 0.271361 0.2487464 0.2029625 0.2229318 0.224211 0.1991207 0.1875645 0.163847 0.2094011 0.2087331 0.2027493 0.1270231 0.156707 0.124177 0.09013303 0.07125199 0.0616141 0.03911685 0.06150285 0.04701963 0.04386976 0.04260959 0.04135458 0.03065274 0.0312978 0.0323763 0.03503399 0.02984909 0.02639818 0.03182097 0.03089083 0.03579281 0.03915771 0.04203447 0.04557171 0.1312863 0.1259493 0.124242 0.09687909 0.05332734
0.3930318 0.2743872 0.1865505 0.0733207 0.0424022 0.04127125 0.03151771 0.04550325 0.04234108 0.03647794 0.04576274 0.05744722 0.06077756 0.1011076 0.1115329 0.2311224 0.3160414 0.3195645 0.2254719 0.2613492 0.2198931 0.2261203 0.2018589 0.1270735 0.3112981 0.2287206 0.1667444 0.1069374 0.08584613 0.08379758 0.07120157 0.06260686 0.07854742 0.03621583 0.03272845 0.04028092 0.03800206 0.04109386 0.03723896 0.02932594 0.03257598 0.03583479 0.03891008 0.03601161 0.03380876 0.03909237 0.03825106 0.05205022 0.05575934 0.05943881 0.08217981 0.1684693 0.1724235 0.1415311 0.1137158 0.06400603
0.2716619 0.2097945 0.1111869 0.07200068 0.04627987 0.03137333 0.02886402 0.05338543 0.06181239 0.07343656 0.08750977 0.09052644 0.1064233 0.112258 0.1114916 0.2369308 0.2654013 0.2234934 0.1984328 0.1234196 0.1039248 0.09439961 0.09491386 0.1139759 0.1721716 0.1702765 0.1486595 0.08680737 0.06965773 0.06257967 0.05493116 0.04244026 0.03504977 0.02550669 0.02239933 0.0259811 0.02768283 0.02858616 0.03268259 0.04563179 0.04679352 0.05197874 0.05423672 0.06168597 0.05751739 0.06024354 0.08374661 0.2090922 0.2125183 0.2675717 0.276879 0.2057099 0.2203278 0.2247476 0.2859837 0.2343863
0.1861792 0.1290124 0.08003726 0.05144907 0.04345462 0.0316678 0.02694273 0.04842363 0.06093255 0.0638641 0.06764803 0.07245304 0.08895808 0.140035 0.1027449 0.2181682 0.198991 0.1614287 0.1829811 0.0772901 0.06456485 0.05958146 0.09675442 0.1523969 0.1252229 0.1272864 0.09125163 0.07360344 0.05942262 0.05277205 0.05118805 0.04496757 0.02972777 0.02208008 0.02000662 0.02309662 0.02222037 0.02507444 0.02955311 0.04303782 0.04530066 0.05171917 0.05702076 0.07684711 0.06875901 0.07508769 0.09431861 0.2900372 0.3259338 0.3206575 0.2891462 0.2187856 0.2204734 0.3290313 0.4588451 0.2502153
0.1625262 0.107188 0.07600951 0.04212521 0.03764118 0.03921702 0.02951021 0.05131993 0.07212435 0.06215437 0.0810103 0.07176791 0.07443143 0.1000341 0.09019619 0.1945198 0.1787141 0.1292863 0.140945 0.05260022 0.04158122 0.04788132 0.1112152 0.197029 0.1067265 0.08476294 0.09209841 0.06150348 0.05381114 0.05080078 0.04908097 0.05205036 0.03738398 0.02690523 0.02049132 0.02275261 0.02627934 0.02502731 0.03011831 0.04523787 0.04730279 0.05383298 0.06193345 0.07407397 0.08119687 0.09822787 0.1169778 0.2656854 0.2969179 0.3122871 0.2981251 0.2461172 0.2536228 0.3506712 0.4858803 0.2027016
0.15094 0.09858031 0.06385341 0.03983647 0.03106937 0.04286917 0.03428636 0.0529541 0.07718807 0.05708847 0.07008778 0.05015722 0.06520471 0.07510606 0.08253434 0.1520099 0.1263278 0.1310429 0.1291318 0.04404112 0.03763863 0.05119091 0.06472609 0.1020184 0.07421833 0.06905726 0.05570064 0.05511824 0.05182398 0.04887646 0.04809157 0.03285488 0.02640642 0.02551935 0.02609203 0.02587969 0.02904421 0.02863043 0.03333306 0.04710998 0.0487387 0.05728181 0.06926038 0.0998809 0.1090006 0.1241459 0.1167499 0.3103684 0.3209544 0.3490011 0.3560407 0.318075 0.325743 0.3167042 0.3154453 0.2385484
0.0836077 0.06492218 0.05486269 0.04367588 0.03924664 0.04448191 0.03346384 0.04750226 0.04656157 0.04207267 0.04103484 0.04985853 0.05818438 0.06152219 0.05836135 0.04186671 0.04232579 0.04818502 0.05663422 0.03229212 0.03312545 0.02642399 0.05438654 0.0719604 0.07358143 0.07943393 0.0463742 0.02829309 0.02924487 0.02867811 0.02722005 0.04613489 0.03923548 0.03670652 0.03504738 0.03512058 0.03551516 0.03305206 0.03577306 0.04301251 0.04771386 0.05620088 0.07995885 0.151214 0.2138926 0.2460467 0.1989274 0.2461697 0.2721107 0.3009082 0.3466941 0.4672812 0.4245052 0.3402275 0.4037822 0.2698791
0.06833558 0.05159633 0.02367149 0.04040691 0.03613095 0.03276806 0.02834374 0.03972968 0.0398342 0.03273348 0.0264287 0.03759076 0.03900173 0.0382328 0.04054574 0.02754798 0.02764007 0.02635835 0.05130202 0.0237109 0.02571512 0.02672974 0.03599296 0.07709642 0.04119704 0.052445 0.04331556 0.02749854 0.02839446 0.02883055 0.02798973 0.0553414 0.04489918 0.04295629 0.04047662 0.04104401 0.03638238 0.0347228 0.03850992 0.04384644 0.04687264 0.06406611 0.09022289 0.16964 0.2284231 0.244145 0.2254277 0.2855071 0.2981499 0.3103288 0.3466395 0.3794627 0.3625714 0.4678119 0.4231234 0.3360081
0.07092363 0.031719 0.02498563 0.04693509 0.03441302 0.02671021 0.02517398 0.03203868 0.02184972 0.02239605 0.02335264 0.03097675 0.03348852 0.03217376 0.0346019 0.02413954 0.02028559 0.02034914 0.02569587 0.01709006 0.02414108 0.03228176 0.04028615 0.02981182 0.02026413 0.04048221 0.0279891 0.03257703 0.02921768 0.02984036 0.0303282 0.05452608 0.05332145 0.0496993 0.05380476 0.04349218 0.04115741 0.04010454 0.04630293 0.04683957 0.05074744 0.07059153 0.101735 0.1860673 0.2396511 0.2505769 0.2293938 0.3158094 0.3293106 0.3365795 0.3829475 0.330592 0.4032983 0.4875287 0.4637602 0.3172178
0.1228418 0.04010316 0.03090666 0.04183669 0.04654005 0.02812341 0.0252195 0.03090379 0.02158698 0.02306245 0.02391276 0.03031063 0.03343608 0.03172975 0.02992495 0.01910622 0.01668553 0.01575798 0.01640544 0.02251493 0.02385368 0.04232214 0.0297717 0.01868097 0.03045049 0.02347428 0.02222831 0.02833621 0.03370754 0.03546992 0.04928516 0.05951734 0.05817557 0.05665946 0.05267638 0.05234352 0.1059312 0.04599113 0.0547716 0.05398657 0.05645931 0.07402933 0.1047752 0.1890095 0.2430037 0.2635859 0.2990502 0.3362672 0.3769472 0.4127964 0.5035194 0.4315 0.5069376 0.5346371 0.4271916 0.2789919
0.1213491 0.07655907 0.03441642 0.02731417 0.02399408 0.010124 0.009180748 0.021776 0.008484719 0.01044785 0.0194883 0.02809278 0.02565369 0.02432643 0.01902014 0.0150967 0.01625841 0.01417903 0.01318812 0.01798433 0.01801402 0.01885161 0.01934845 0.008680345 0.0328314 0.007455836 0.01569842 0.01818796 0.03099566 0.01497578 0.01853456 0.05906612 0.06267311 0.06074436 0.0577766 0.08102425 0.1891652 0.06409791 0.06781237 0.06676322 0.06687221 0.08154193 0.1098694 0.1809675 0.2110068 0.2487832 0.2870858 0.4050022 0.4544829 0.5102965 0.5060724 0.4840323 0.4535484 0.4301613 0.311613 0.2862903
0.06532143 0.03824517 0.02105179 0.02322391 0.01090009 0.006051154 0.005444393 0.01791457 0.01010272 0.006176089 0.02239418 0.02278053 0.01726544 0.01603039 0.02111714 0.01802438 0.01444554 0.008375387 0.008504905 0.01128907 0.01190988 0.01286316 0.01547375 0.00640112 0.005125555 0.007592889 0.009662428 0.01976282 0.01336505 0.01491301 0.02183401 0.0641934 0.06699966 0.06706927 0.06451193 0.07568789 0.07546292 0.07288096 0.07314183 0.06897257 0.07281295 0.08203076 0.1132673 0.1980538 0.2308625 0.2978573 0.3382284 0.4526177 0.5308197 0.5228695 0.5349211 0.4770162 0.4916532 0.3405646 0.3186693 0.2852823
0.06960747 0.0269243 0.01582744 0.02120489 0.01236937 0.00781864 0.006654007 0.007895484 0.006545303 0.007160922 0.0157139 0.01816934 0.01814923 0.01650788 0.01871664 0.02334452 0.01014783 0.01106598 0.01079924 0.008319118 0.009091183 0.009060243 0.01360329 0.006658588 0.004654152 0.005220211 0.006295904 0.01183121 0.01324412 0.01415196 0.01567569 0.06446036 0.06980912 0.07001788 0.0672328 0.08017363 0.08342773 0.0817247 0.08222951 0.07902287 0.07492785 0.1020896 0.1236235 0.2187923 0.272769 0.3537163 0.4624574 0.5754673 0.7060493 0.5958193 0.6231931 0.4782661 0.4571774 0.3424597 0.3553629 0.2671371
0.0323218 0.02139166 0.01374204 0.01815903 0.0111009 0.01009534 0.005608988 0.008075807 0.01045643 0.00568364 0.005564561 0.01607106 0.01402475 0.01638936 0.0156742 0.01944471 0.01132251 0.007768871 0.007640957 0.007542748 0.007667881 0.0110117 0.009727728 0.003935727 0.003424157 0.02394808 0.005597061 0.02606164 0.01384648 0.01328134 0.01491633 0.06110334 0.06320424 0.06505515 0.06553001 0.07891168 0.08217512 0.08461635 0.08984163 0.09092347 0.1016731 0.1183872 0.1380066 0.2404514 0.2792517 0.3658581 0.37108 0.59715 0.6522871 0.5942857 0.6501148 0.462742 0.3883468 0.3958064 0.3733871 0.2628226
0.009873814 0.01186612 0.01191712 0.05048268 0.0310358 0.02242813 0.01702718 0.01311467 0.01445004 0.007975455 0.006354208 0.01781925 0.01798467 0.014732 0.01456384 0.005857059 0.003802979 0.003700777 0.002949066 0.01042924 0.0089789 0.006592236 0.007533682 0.007707717 0.01074714 0.01349514 0.009501923 0.02645219 0.02361442 0.02306918 0.01904061 0.04064659 0.04254395 0.0441126 0.0579655 0.08111099 0.06514601 0.0700441 0.07894108 0.1236418 0.1352804 0.1556102 0.1928066 0.3188594 0.372217 0.4010014 0.437724 0.5362904 0.6717339 0.6733066 0.6821372 0.5196775 0.4044355 0.4016129 0.3591532 0.1984274
0.007948902 0.01474555 0.02515802 0.06747108 0.04656284 0.03870731 0.0262358 0.01492287 0.008467176 0.006023033 0.005410671 0.01815454 0.01725392 0.01434103 0.01468951 0.008551998 0.006636734 0.001341594 0.001229738 0.00377141 0.004608104 0.008844057 0.009036929 0.006708257 0.01074725 0.01073344 0.007413473 0.01610981 0.03524082 0.01860492 0.01846929 0.03800865 0.0398396 0.04224428 0.04657453 0.07137112 0.06974605 0.07579339 0.08525402 0.1181729 0.1461044 0.1676726 0.2112032 0.3269662 0.4153129 0.4275389 0.4576714 0.6304839 0.6921774 0.7298388 0.7997177 0.4957258 0.4032661 0.392258 0.3959678 0.2421774
0.004968497 0.008452918 0.03769157 0.08666869 0.04567335 0.04015264 0.0406612 0.01370704 0.007883175 0.006296382 0.005620643 0.02147712 0.0161273 0.01614065 0.01614635 0.01060901 0.003123485 0.001222864 0.001140529 0.002831316 0.003877341 0.003969049 0.005159281 0.002050774 0.002195137 0.00254265 0.009042927 0.02389298 0.02457017 0.02292991 0.0196782 0.03731406 0.03693369 0.04027057 0.0443529 0.0627487 0.06877054 0.07689576 0.09494735 0.1356012 0.1586285 0.1902237 0.224215 0.3451427 0.4414235 0.4603423 0.4768528 0.5570565 0.6702822 0.7741533 0.7535483 0.4814516 0.4077823 0.3781855 0.4007661 0.2806451
0.003737407 0.005975485 0.03825812 0.1525633 0.06199498 0.04797801 0.04299611 0.03229513 0.007314642 0.00651527 0.005110876 0.02369471 0.01776542 0.01608071 0.01715657 0.005597026 0.00124788 0.00110194 0.001003299 0.001814854 0.002820232 0.002861732 0.004299412 0.001072459 0.003086973 0.006157012 0.01136962 0.0174316 0.02295733 0.02517797 0.03001903 0.04013615 0.03301762 0.03823896 0.04273253 0.06259265 0.06595861 0.07873059 0.09999991 0.1451192 0.1677735 0.2089372 0.2464408 0.40527 0.449825 0.4878952 0.4207132 0.5679839 0.6347984 0.687137 0.6781451 0.5178629 0.4592742 0.4163306 0.3935887 0.248992
0.0009393524 0.0001647042 0.03108526 0.03537339 0.01777706 0.01428477 0.01554411 0.008339114 0.00570817 0.003600206 0.003208276 0.006385929 0.002832598 0.001999637 0.002679959 0.004306983 0.001916965 0.000581844 0.0005188049 0.006614601 0.006773629 0.007389637 0.008690991 0.008202186 0.009707613 0.0103739 0.01220943 0.0253392 0.05555109 0.04154632 0.02144106 0.02723477 0.02713276 0.03406027 0.04043513 0.03229027 0.02497593 0.02859589 0.06205091 0.1332048 0.1542361 0.1943847 0.2575731 0.4904729 0.5370955 0.5497677 0.4644077 0.6258065 0.6464919 0.6203629 0.558508 0.4279838 0.4029435 0.3734677 0.3216532 0.3007258
