contrib/geomasonDemos/riftland/DataFiles/RainData/.svn/text-base/17.txt.svn-base
ncols         56
nrows         54
xllcorner     28.264
yllcorner     -5.7719999999999
cellsize      0.25
NODATA_value  -9999
[rows 0 to 25 of 54, columns 0 to 55 of 56]
0.1781386 0.1485708 0.2110708 0.08214293 0.09515999 0.1506837 0.0919113 0.1871175 0.21506 0.1226037 0.1587476 0.1975998 0.1403783 0.1272831 0.1461307 0.203219 0.162446 0.1281034 0.1630719 0.250329 0.2297782 0.2269586 0.2744686 0.4219858 0.495758 0.4607673 0.4753538 0.4651749 0.4323659 0.4017388 0.3789806 0.4047151 0.3752174 0.3480293 0.337967 0.3051431 0.2654181 0.2362796 0.1968293 0.1443042 0.1049357 0.08632147 0.08131129 0.08196851 0.07667913 0.08345177 0.08226086 0.1040633 0.1103608 0.1173673 0.1179873 0.1382317 0.1688906 0.09609364 0.07401061 0.08484683
0.1884938 0.1599604 0.1648263 0.1013239 0.09387997 0.10621 0.08959306 0.1625416 0.1624114 0.1367154 0.1332937 0.2127841 0.1304267 0.1107523 0.1610971 0.1967452 0.170303 0.1411183 0.1194073 0.2311671 0.2108482 0.2263228 0.2470825 0.3965929 0.4236521 0.418059 0.4538792 0.4607114 0.3985287 0.3333293 0.3250529 0.3571378 0.3305492 0.3111665 0.3368062 0.3082573 0.2491367 0.2267141 0.170524 0.1414032 0.1086415 0.09895669 0.09177259 0.07983629 0.07658189 0.07162363 0.07911889 0.1145844 0.139803 0.135146 0.09437106 0.0686961 0.07216375 0.07435314 0.07063882 0.06918767
0.3838019 0.2703574 0.227155 0.1671399 0.1343244 0.1968343 0.1610948 0.2078247 0.1752581 0.1309724 0.1332179 0.1965736 0.1693679 0.133466 0.1719767 0.2189639 0.1820278 0.1207927 0.1195872 0.2034332 0.1788423 0.1769087 0.1969707 0.3256525 0.3573358 0.350514 0.3779366 0.3778918 0.3516018 0.312672 0.2894385 0.3194311 0.3208193 0.2783888 0.2881096 0.2938342 0.2263323 0.1872232 0.1611411 0.1475889 0.1154231 0.1052512 0.1046082 0.09114376 0.07964227 0.07242466 0.08170811 0.1163154 0.1441055 0.1117707 0.1029138 0.08035534 0.06303628 0.05499951 0.05414644 0.04114452
0.4521213 0.4833694 0.2793464 0.2269869 0.2799636 0.4935775 0.3814998 0.3456742 0.250936 0.2025057 0.1907489 0.2951022 0.2188968 0.168742 0.1806329 0.1626682 0.1279226 0.1034978 0.09534463 0.1878031 0.1705813 0.1813985 0.183877 0.2442418 0.2785873 0.2506489 0.3046723 0.2740503 0.2748414 0.2521659 0.2054759 0.2661963 0.2446492 0.26188 0.3051753 0.2317783 0.1936586 0.1724451 0.1529502 0.1460155 0.1317404 0.1382279 0.1316587 0.1186396 0.1109012 0.08454861 0.1066459 0.1612981 0.158943 0.1290245 0.1249581 0.07438896 0.06170961 0.05996665 0.06225463 0.04135835
0.318176 0.3048866 0.3532991 0.2494304 0.2231565 0.269068 0.3289923 0.2629957 0.1893668 0.2221855 0.2307696 0.2542281 0.1439728 0.1100871 0.1065897 0.1374347 0.08956988 0.0884411 0.08584246 0.1800877 0.1763773 0.1786334 0.2282987 0.253642 0.2766146 0.2514485 0.2465142 0.2195248 0.1836642 0.1765809 0.1597071 0.2204646 0.2226253 0.200711 0.2235173 0.2253359 0.1807461 0.1442669 0.125527 0.1392949 0.1579181 0.1345198 0.111257 0.1002659 0.09579477 0.09698769 0.1182493 0.1685345 0.1250258 0.1127234 0.1033427 0.0565552 0.05069077 0.05075481 0.04650181 0.03393426
0.357619 0.2768118 0.2766539 0.2543834 0.1799967 0.1547099 0.2722524 0.2029763 0.1723468 0.2582676 0.1850936 0.2335426 0.1503692 0.1229867 0.07373352 0.1078193 0.07336187 0.07311057 0.0782145 0.2190833 0.1948644 0.1989677 0.2188277 0.2024388 0.2350158 0.2092746 0.1877831 0.1616687 0.1446189 0.1270576 0.1235495 0.1731832 0.1767149 0.185367 0.1630114 0.1446496 0.1424846 0.1177786 0.1166884 0.1607596 0.1574644 0.1111338 0.1012688 0.09546256 0.0926557 0.1034457 0.09536361 0.1210881 0.1149635 0.1014794 0.09837151 0.04936566 0.04519361 0.05073763 0.04927389 0.03263232
0.2930427 0.3552111 0.2694879 0.3391868 0.273748 0.1974108 0.1439793 0.1138784 0.1306666 0.2651054 0.2252416 0.2940969 0.1736372 0.1521065 0.101232 0.122914 0.07340014 0.09532356 0.1154095 0.2607554 0.2254939 0.2078754 0.2069352 0.183252 0.1844845 0.1885522 0.1640231 0.1609257 0.1258032 0.09813634 0.1018748 0.1427725 0.1481272 0.1534427 0.1298497 0.1357121 0.127589 0.09877123 0.08625311 0.1299686 0.1167993 0.122506 0.09844986 0.1020695 0.09896293 0.1050808 0.1110772 0.1257032 0.105697 0.09562633 0.09318051 0.05118296 0.04492744 0.04272861 0.03936191 0.03607348
0.5118607 0.4266067 0.3052342 0.3745927 0.4947453 0.2436301 0.119658 0.09377763 0.1013065 0.2130595 0.2905529 0.3188345 0.2376298 0.2162734 0.1858883 0.1937568 0.15721 0.1523797 0.2067599 0.3316811 0.212786 0.1903031 0.1811786 0.1870271 0.1368687 0.1144638 0.1128059 0.08683039 0.05952107 0.05911797 0.04819109 0.09630181 0.09554786 0.09719089 0.08856977 0.08273584 0.05335302 0.06733502 0.09064113 0.06261265 0.0648051 0.06670948 0.06524959 0.09580938 0.09360635 0.09694417 0.1184193 0.0769635 0.04960718 0.0398738 0.03456636 0.01828236 0.01805412 0.01861255 0.02772821 0.02430977
0.5121272 0.5054001 0.5061893 0.3858036 0.3831986 0.357942 0.2411162 0.1536983 0.1128823 0.1415022 0.1412404 0.2554341 0.2175847 0.2172514 0.1972916 0.2130743 0.1618283 0.1946969 0.3168324 0.3046744 0.2226636 0.1768971 0.1522983 0.115882 0.1311304 0.1054436 0.07957616 0.05245009 0.05495728 0.07633226 0.04993666 0.0840642 0.08964248 0.0838654 0.06391297 0.06156867 0.06329405 0.07075524 0.06690527 0.06083007 0.05860368 0.05451601 0.05560767 0.08972115 0.07737177 0.08300406 0.08602341 0.04557762 0.04032418 0.03344723 0.03154239 0.01729379 0.01998549 0.02019383 0.03299297 0.03120389
0.4140393 0.3501914 0.3240848 0.2711324 0.2383207 0.3149519 0.150104 0.2130173 0.1094137 0.09731895 0.124604 0.2406921 0.2466723 0.3505058 0.2371501 0.2813032 0.2319645 0.3897318 0.2817124 0.2709865 0.2158856 0.1889144 0.1522752 0.1300507 0.1242478 0.09630602 0.09177847 0.05086355 0.03171552 0.0445743 0.04246743 0.07146402 0.08506539 0.06827908 0.04662418 0.04501079 0.05866379 0.05076865 0.05613615 0.06552881 0.05498483 0.05170711 0.05591318 0.107886 0.10377 0.07877395 0.08066503 0.0612073 0.0514636 0.0448066 0.03991145 0.01214457 0.03197867 0.04146495 0.05703074 0.04333738
0.3313066 0.2107237 0.2420604 0.2769666 0.2914678 0.1679494 0.1848998 0.1425619 0.1157838 0.09022442 0.1372426 0.3091528 0.3322056 0.31821 0.1667678 0.229194 0.291289 0.4142208 0.3968138 0.3316629 0.2227327 0.211156 0.1772562 0.132394 0.1052458 0.07636265 0.06208052 0.02665008 0.02981656 0.02960527 0.03833532 0.08958171 0.06993637 0.06099343 0.040538 0.04369457 0.0417517 0.04495918 0.0470406 0.07004959 0.05896195 0.05655907 0.06155891 0.090365 0.09979571 0.0816745 0.0912172 0.07785656 0.06236768 0.06971451 0.05349327 0.07011508 0.02269904 0.05365865 0.05854365 0.04555167
0.2860289 0.2276531 0.2855434 0.3023016 0.2827322 0.2270584 0.1988617 0.189778 0.2333239 0.1307018 0.1275809 0.3489287 0.3872148 0.4542214 0.4784551 0.4989175 0.4412391 0.4833648 0.4009995 0.364825 0.2447637 0.2325379 0.1928751 0.1965428 0.1127501 0.07395516 0.06254084 0.04158335 0.03040903 0.0344093 0.02782135 0.048118 0.06929258 0.06730875 0.05121841 0.0259648 0.02541224 0.01385237 0.02583926 0.06504806 0.07572217 0.07067917 0.07801839 0.08424671 0.0916997 0.0888667 0.09828009 0.09665042 0.09918649 0.09587017 0.1338248 0.138579 0.08602528 0.02197827 0.02220957 0.03334898
0.2787749 0.1873917 0.3029282 0.3755633 0.3064063 0.2397282 0.1287919 0.1777197 0.135258 0.1120358 0.1194698 0.3237185 0.3682069 0.401417 0.4731153 0.5331088 0.4897256 0.3984073 0.3648622 0.2644539 0.2003595 0.1905372 0.171868 0.158947 0.09244084 0.06222055 0.06310531 0.03113268 0.02746711 0.02534401 0.02571061 0.02779941 0.0270209 0.03442474 0.03114296 0.01730941 0.02098546 0.02877315 0.02889758 0.07078202 0.1083224 0.09087214 0.07943517 0.08747341 0.09381682 0.08932289 0.09344111 0.1194178 0.1148211 0.0905119 0.09698184 0.0873374 0.04588659 0.02780627 0.009776288 0.02552811
0.2535537 0.2705146 0.2792963 0.3207615 0.174502 0.1381309 0.1373468 0.1800666 0.1074691 0.143081 0.1316789 0.3366196 0.4312243 0.4723026 0.4918754 0.4337875 0.3747008 0.3124133 0.2970225 0.2488102 0.1925837 0.1717033 0.1530476 0.1427443 0.09001147 0.06379609 0.05396276 0.03142799 0.02671096 0.02700426 0.02544363 0.02508893 0.02569309 0.03359205 0.03049119 0.01004006 0.008938549 0.01824233 0.01994361 0.07135463 0.08145477 0.09325102 0.09105874 0.08498043 0.08777401 0.08744527 0.1010147 0.1000636 0.09072286 0.1052968 0.1104233 0.03554158 0.03319705 0.03150298 0.01290834 0.02876363
0.2431573 0.2277441 0.3784841 0.2600337 0.2109422 0.1405359 0.1150364 0.2064138 0.1195827 0.1085566 0.1397499 0.3722569 0.4541499 0.5204029 0.5582972 0.4484461 0.3562633 0.3672448 0.3559154 0.1868328 0.1449204 0.1538004 0.1421038 0.1297323 0.09002233 0.07247474 0.05860172 0.03555754 0.03000211 0.02901829 0.02888101 0.024568 0.02613671 0.02789537 0.03107605 0.009568653 0.01065273 0.01988357 0.02323661 0.07830823 0.08459614 0.087919 0.0918109 0.1004335 0.1014983 0.09566697 0.1031792 0.1149982 0.1088624 0.1207561 0.1140474 0.04235723 0.02221031 0.01884093 0.01709495 0.0330487
0.3255979 0.3741019 0.3876969 0.2779559 0.2734662 0.1871622 0.1352423 0.2149105 0.1864346 0.1412639 0.2222821 0.5518984 0.5179644 0.5766725 0.5745511 0.4965147 0.4123026 0.344632 0.3068408 0.1482311 0.1581632 0.1249221 0.09386797 0.09902497 0.06796236 0.05696561 0.05329582 0.08483449 0.07590958 0.0720356 0.07238121 0.03478088 0.03221049 0.03373909 0.03868623 0.03392888 0.04189007 0.05594631 0.05908556 0.08190467 0.08793724 0.09168061 0.09639499 0.08884315 0.07505848 0.07822275 0.071872 0.07055385 0.06933886 0.06698666 0.07729104 0.0335423 0.02369495 0.02074555 0.01826298 0.01640148
0.2906973 0.336732 0.441644 0.2748154 0.2193595 0.1687189 0.1484143 0.2580834 0.1358922 0.1352779 0.1520904 0.5043501 0.4594538 0.4892136 0.4774657 0.4785927 0.3388964 0.3289871 0.2845041 0.1974273 0.1818739 0.2143985 0.1342441 0.08822697 0.07112826 0.04851754 0.04699868 0.07301261 0.06340367 0.06256084 0.0632498 0.03494485 0.03120797 0.0342722 0.0407163 0.03883945 0.04726319 0.05530225 0.06244522 0.08851454 0.1018092 0.1129516 0.1062489 0.07979437 0.08055896 0.07926892 0.07872385 0.08384241 0.08127207 0.07878418 0.08186992 0.04753838 0.02681161 0.02380598 0.03525151 0.01964695
0.3141041 0.3274221 0.3784341 0.2862844 0.2337698 0.187348 0.1924421 0.1510756 0.1062386 0.1253153 0.1144819 0.4786482 0.456733 0.4819416 0.4982304 0.4259646 0.3555782 0.3049479 0.2874461 0.1867284 0.1470886 0.1754168 0.1238961 0.07755162 0.06352668 0.04813357 0.04087474 0.06152303 0.05469774 0.05262276 0.05285193 0.0345051 0.03186094 0.03502102 0.04333313 0.04233102 0.05106147 0.05920789 0.06621378 0.09142851 0.1038726 0.1160498 0.1110968 0.0838048 0.08482844 0.08489565 0.08427591 0.08902743 0.08972295 0.09433657 0.07769774 0.03459611 0.03090909 0.02784568 0.03859776 0.02379974
0.2841042 0.3001656 0.2804468 0.3688563 0.3718953 0.2449955 0.212826 0.2208049 0.143567 0.1245672 0.1199945 0.4772653 0.4730076 0.5221767 0.5794206 0.4559037 0.4187535 0.3267852 0.2804246 0.2459995 0.1907269 0.1670352 0.1255892 0.08199453 0.05978663 0.058727 0.0397132 0.05508345 0.04799263 0.04604076 0.04647829 0.03618755 0.03268041 0.03674288 0.04532003 0.04475916 0.05330322 0.06133718 0.06841072 0.09173957 0.09793254 0.1026332 0.1120262 0.08851546 0.09017867 0.0910497 0.08801719 0.08701686 0.1041895 0.09361977 0.07985464 0.03912298 0.03524515 0.0338349 0.07130105 0.02558294
0.3102169 0.237847 0.2274233 0.4274752 0.2984279 0.1922937 0.1885666 0.2828973 0.1736513 0.162164 0.1248918 0.3122981 0.3114254 0.3272162 0.3395638 0.3643352 0.3039462 0.3256186 0.3314829 0.4279313 0.343465 0.2305261 0.1367749 0.06082688 0.0464514 0.0478469 0.0412323 0.04054462 0.03607704 0.03428379 0.03150195 0.03882484 0.0422224 0.04554627 0.05394853 0.04952632 0.05807521 0.06582842 0.07243995 0.08759003 0.09352677 0.09809041 0.1005869 0.08854611 0.08982461 0.09068997 0.09102143 0.09747648 0.09725706 0.09479748 0.09152014 0.04748785 0.04323918 0.06632784 0.04960195 0.04897024
0.4435486 0.304109 0.2023578 0.2718408 0.1555942 0.1407461 0.1335523 0.1553444 0.09943805 0.101717 0.09981027 0.2329397 0.2292613 0.2305586 0.2808349 0.317935 0.2973385 0.2211113 0.2876003 0.318433 0.3119513 0.2688205 0.1318904 0.07180534 0.05542842 0.0563492 0.04861176 0.04756861 0.03974129 0.03485586 0.03454374 0.04092784 0.04241783 0.04590724 0.0540471 0.04953622 0.05824212 0.06578695 0.07195475 0.08623638 0.09188379 0.09645654 0.09947474 0.08897249 0.09045246 0.09169735 0.09253288 0.1018498 0.1043224 0.09828361 0.09515953 0.04940382 0.04497257 0.07384408 0.03589932 0.04982758
0.370032 0.277304 0.1670958 0.1591129 0.1173539 0.08428463 0.07619604 0.08475196 0.07136988 0.08531348 0.08407142 0.1973959 0.1940061 0.2221136 0.2028418 0.1995434 0.1707506 0.143995 0.1868824 0.254135 0.238988 0.2725206 0.1786059 0.08009917 0.0824009 0.07149681 0.0684972 0.05931059 0.04161927 0.03909156 0.03836249 0.04392484 0.04852523 0.04727495 0.05483852 0.04953276 0.05760847 0.06475037 0.07352231 0.08387514 0.08872233 0.09414452 0.09637553 0.08688028 0.08798406 0.08924592 0.09030108 0.09721527 0.09822357 0.09583012 0.09498487 0.04844813 0.04489869 0.04086372 0.09084943 0.09290477
0.2857288 0.2501951 0.1783348 0.1735877 0.1116058 0.0721677 0.05448638 0.04923616 0.05943774 0.07731236 0.06177802 0.2633522 0.2837362 0.2076316 0.1998366 0.2034408 0.1433269 0.1276896 0.1479222 0.1639871 0.2100013 0.268823 0.1538964 0.1067967 0.07428973 0.0830883 0.06792393 0.08997272 0.094566 0.08010273 0.05406456 0.05154451 0.05613117 0.06851008 0.05582235 0.04845803 0.05586988 0.06531165 0.07076298 0.08017313 0.08476678 0.087836 0.09021688 0.08209955 0.08244239 0.08268219 0.08389363 0.09130063 0.09098309 0.0916677 0.09042005 0.04768318 0.04042354 0.0629799 0.06289482 0.1069643
0.3141362 0.2599677 0.1612287 0.134528 0.0677783 0.05100871 0.0355797 0.06544823 0.07924291 0.08138862 0.05764016 0.2660944 0.2573246 0.2453939 0.2744703 0.167556 0.1335621 0.1546954 0.1484337 0.126938 0.1807433 0.241868 0.1173772 0.1017576 0.09753918 0.08125595 0.06058167 0.0667628 0.07880874 0.08135499 0.05136238 0.06100278 0.05634735 0.0716173 0.06118375 0.06379291 0.0625197 0.06698551 0.0718301 0.07662891 0.07980865 0.08270166 0.08437264 0.05620585 0.05600985 0.05557898 0.05538697 0.05384093 0.05695853 0.06887441 0.05845585 0.05798712 0.06627079 0.07406227 0.08163065 0.05524117
0.1737969 0.1476679 0.1585073 0.1545748 0.08205098 0.04030329 0.09728021 0.068241 0.09891016 0.06169922 0.05111079 0.1877433 0.1885425 0.2161282 0.2271566 0.1907237 0.1489519 0.1719349 0.1352229 0.1133525 0.1262501 0.2130345 0.1894797 0.1125695 0.1184949 0.0922414 0.08161566 0.07234108 0.09473149 0.08560501 0.06942375 0.07454009 0.06189097 0.06244731 0.06672969 0.06041005 0.06008537 0.06476886 0.06889085 0.07287239 0.07494836 0.07730491 0.07844404 0.05295726 0.0529026 0.05221532 0.05219591 0.05347335 0.05558161 0.05981141 0.05591719 0.06622733 0.09802514 0.08130124 0.07946581 0.07312807
0.1843943 0.1263116 0.1195983 0.09832758 0.08237598 0.03735881 0.0371279 0.04881233 0.04839983 0.04482549 0.04591196 0.1562936 0.1635712 0.1719021 0.1656318 0.1624305 0.1530528 0.1684791 0.09962194 0.1101274 0.1167279 0.1436799 0.1809957 0.1196254 0.1199033 0.0795836 0.07192779 0.07788026 0.09890518 0.0949656 0.08185267 0.08705629 0.08823881 0.08036359 0.07248759 0.06368935 0.06668541 0.06264271 0.06579268 0.0686069 0.06995262 0.07193109 0.07208811 0.0487445 0.04804224 0.04790605 0.07492036 0.06766087 0.05867314 0.05229839 0.1258169 0.0823182 0.0974002 0.1093431 0.07540441 0.02971142
