contrib/geomasonDemos/riftland/DataFiles/RainData/.svn/text-base/19.txt.svn-base
ncols         56
nrows         54
xllcorner     28.264
yllcorner     -5.7719999999999
cellsize      0.25
NODATA_value  -9999
[rows 0 to 25 of 54, columns 0 to 55 of 56]
0.2056689 0.1865289 0.1895314 0.1803882 0.2486813 0.2023902 0.2203064 0.30912 0.2496655 0.2150096 0.229709 0.2736288 0.2660333 0.3057151 0.2691284 0.342484 0.2739793 0.3710209 0.292129 0.2128756 0.2263804 0.1965753 0.1873636 0.2449814 0.2730891 0.2955884 0.3249694 0.365063 0.3530431 0.349671 0.3438897 0.3572941 0.3508778 0.3171777 0.3021974 0.2694094 0.2422168 0.236304 0.1972447 0.2086115 0.1841245 0.1740251 0.1743987 0.2386759 0.2384126 0.2314997 0.2106279 0.1751979 0.1225493 0.1147447 0.09180886 0.06262741 0.05449894 0.0586596 0.04943402 0.01723235
0.1971345 0.189219 0.2099886 0.212713 0.199749 0.2227348 0.2215101 0.2476357 0.1993571 0.2039095 0.2206282 0.2283405 0.2230279 0.2666423 0.22618 0.2393278 0.2408423 0.3300421 0.1917915 0.1861204 0.18127 0.1664296 0.1531949 0.2261996 0.2412735 0.275172 0.3013859 0.3891176 0.3610792 0.3462696 0.3194712 0.3311078 0.3098046 0.295301 0.280165 0.2400411 0.2290914 0.2101447 0.1945042 0.1804009 0.1651506 0.1612674 0.1826411 0.2478894 0.2429723 0.2043777 0.1706466 0.1082191 0.09587862 0.09665684 0.08218227 0.05174187 0.05427139 0.05012275 0.03902187 0.005202163
0.1768085 0.192399 0.2223573 0.1898802 0.1930747 0.2101796 0.2748755 0.2431955 0.2100774 0.2235906 0.2016352 0.198295 0.2086692 0.3714992 0.2580784 0.2603753 0.1986584 0.1882852 0.1610355 0.2294919 0.2233493 0.1966423 0.2069598 0.2200154 0.2741909 0.3364776 0.2636351 0.3813756 0.3782834 0.3134472 0.29725 0.3235112 0.3105019 0.2789343 0.2817122 0.2623112 0.2235459 0.2223801 0.1935586 0.1696259 0.1587806 0.1590543 0.1661687 0.2327451 0.2429867 0.1943012 0.1563537 0.09437712 0.08789037 0.07754532 0.07224768 0.04304782 0.040883 0.03526045 0.03059152 0.004594164
0.1029052 0.1404349 0.178212 0.1912168 0.1951136 0.2055045 0.2290203 0.3365559 0.3089723 0.3137009 0.2814952 0.354762 0.3175843 0.3604449 0.3027798 0.3051769 0.3287415 0.2104059 0.1882805 0.2925959 0.2605795 0.2437264 0.2301302 0.2377038 0.2199013 0.1801277 0.1655517 0.2603404 0.274384 0.2271561 0.2085574 0.2422228 0.2218516 0.2256444 0.2326488 0.2292216 0.2263242 0.2132403 0.2082644 0.2583242 0.2403254 0.2327245 0.2398291 0.2213345 0.1746033 0.1318009 0.1335463 0.1213377 0.1041218 0.08154546 0.07567531 0.04575609 0.04330352 0.03977921 0.03364228 0.01783424
0.1101625 0.106566 0.127989 0.1861879 0.1867156 0.251978 0.2142849 0.3926803 0.2872137 0.2871851 0.2656394 0.3501899 0.3185005 0.2992909 0.2475453 0.3445717 0.3021224 0.2324433 0.2101878 0.2686123 0.2495109 0.2677337 0.3096798 0.2668366 0.193123 0.1422168 0.1298769 0.2008053 0.2070764 0.1976295 0.1793719 0.2308034 0.2166382 0.2141635 0.2129729 0.2088416 0.198042 0.1902136 0.1762186 0.2068235 0.2106918 0.1945025 0.2008165 0.1528976 0.1354107 0.104475 0.09822699 0.08990215 0.07689854 0.07349128 0.06832668 0.04178482 0.03888011 0.03535899 0.03013629 0.01360191
0.1074016 0.09485503 0.1275524 0.1981654 0.1559946 0.1809596 0.1852727 0.2698466 0.2902443 0.2896028 0.2759424 0.3953804 0.2988646 0.2460411 0.2478025 0.3029736 0.2781287 0.1952556 0.2083718 0.2575359 0.2390731 0.2624457 0.2618784 0.2340445 0.251926 0.2424976 0.1913083 0.2227183 0.2057608 0.2014958 0.1850469 0.2132159 0.2168321 0.2045341 0.19606 0.1896483 0.1810814 0.161013 0.1487392 0.1849 0.1853248 0.1645035 0.1769385 0.1238786 0.102697 0.09130799 0.0857468 0.07204714 0.06890813 0.06849223 0.06243772 0.03761688 0.03565492 0.0318737 0.02698338 0.01129443
0.136754 0.1569162 0.1764796 0.1944975 0.1913623 0.2294245 0.1948178 0.2962162 0.3247368 0.365336 0.3354162 0.4381066 0.4034945 0.3490487 0.3637129 0.4304304 0.2829817 0.2122005 0.2694008 0.3359965 0.2972088 0.2316923 0.2211986 0.2385724 0.2512075 0.2042953 0.1952507 0.2227184 0.2015667 0.1832096 0.171781 0.1945053 0.1958004 0.1886402 0.1629404 0.172651 0.1574767 0.142669 0.1365975 0.1864708 0.1781981 0.1561826 0.1451568 0.1050579 0.08634121 0.08579684 0.0833813 0.06614177 0.06390191 0.06160904 0.05685133 0.03432215 0.03247373 0.0296524 0.02507331 0.009843239
0.2102397 0.21317 0.2046282 0.2264978 0.2133796 0.2264377 0.2504573 0.2885545 0.2791644 0.2810153 0.210015 0.4906792 0.4819691 0.4943243 0.3989185 0.4905421 0.3565352 0.2695854 0.414894 0.5304413 0.4646988 0.1799157 0.1717377 0.2237371 0.2078231 0.1872212 0.1923058 0.1356219 0.08845723 0.1518269 0.1836944 0.1834806 0.1507765 0.135285 0.1182343 0.1193475 0.104952 0.0907286 0.09553341 0.08786267 0.08088382 0.07326012 0.0679609 0.0529902 0.05151002 0.05419863 0.04828312 0.04195384 0.04132049 0.04008583 0.03888872 0.006187713 0.006534399 0.007088647 0.006977213 0.01153486
0.1940364 0.1850918 0.2365782 0.2034026 0.183114 0.1668449 0.2183393 0.2943192 0.2923696 0.2459217 0.1998482 0.445 0.4807391 0.4261759 0.4435833 0.4594707 0.4024726 0.2898731 0.3053138 0.3766583 0.2373691 0.230339 0.1873622 0.2270577 0.2280672 0.2237077 0.159386 0.1096998 0.1064478 0.08490006 0.1079057 0.1515718 0.1529119 0.1065165 0.09563947 0.08749226 0.08048384 0.06717669 0.06167576 0.06245418 0.06114397 0.04945292 0.05080954 0.04349206 0.02673784 0.02393555 0.02421887 0.03408473 0.03426554 0.03390824 0.03338278 0.00390048 0.005672084 0.005969598 0.006228693 0.007518229
0.2601121 0.2188981 0.2265581 0.1899747 0.1685664 0.1831322 0.2258897 0.2875055 0.2376055 0.2507791 0.2530922 0.5701156 0.5211889 0.5091529 0.4900072 0.4358896 0.3948017 0.2478666 0.1879128 0.1933445 0.2506625 0.1907051 0.2081334 0.1739931 0.1585316 0.160143 0.1359489 0.1522961 0.1505813 0.1199135 0.09716357 0.1003843 0.1136745 0.1060516 0.09678938 0.07072337 0.05416775 0.05589069 0.04599546 0.05314893 0.04194228 0.03899151 0.03453248 0.02476451 0.01603593 0.01575013 0.01706647 0.02319214 0.02359796 0.02941843 0.02899181 0.002774653 0.004996313 0.005309085 0.005592246 0.004301588
0.2321861 0.1642408 0.1491771 0.2042843 0.2051762 0.199089 0.209237 0.3105604 0.2898065 0.2935907 0.3256074 0.6113345 0.5016528 0.4643487 0.4668211 0.3586577 0.3145207 0.225935 0.2223794 0.1751666 0.1878462 0.1457315 0.1247112 0.1686446 0.1191937 0.1254412 0.1206506 0.1103811 0.1176075 0.08290833 0.08008338 0.0743489 0.08294635 0.0879447 0.07138801 0.05093366 0.04092401 0.03312782 0.03104259 0.03729133 0.03895214 0.03138174 0.02647056 0.01406453 0.01091763 0.01071702 0.01113012 0.01812145 0.01906236 0.01916299 0.01872867 0.001499198 0.00237218 0.004496384 0.004756575 0.003372123
0.2433529 0.1465723 0.2010342 0.2619222 0.2405154 0.245066 0.2343858 0.3728223 0.4489278 0.4527882 0.4983328 0.6081881 0.4295341 0.384835 0.4124676 0.4750969 0.4397043 0.2375617 0.2073024 0.2917019 0.1760227 0.226033 0.196218 0.1311007 0.1085367 0.08986313 0.1124278 0.1203985 0.1108192 0.0978713 0.0905679 0.07225109 0.0748201 0.07204659 0.05658199 0.03066716 0.01650572 0.01314467 0.0126824 0.02058522 0.018042 0.01367356 0.01287535 0.007827381 0.005922952 0.005435233 0.006188649 0.007695149 0.008248989 0.008548386 0.008320476 0.001628486 0.001570052 0.001261456 0.0009177691 0.001263514
0.1796339 0.1584849 0.2465174 0.339739 0.3327112 0.23643 0.2425253 0.3500081 0.3813539 0.3881152 0.4129103 0.511726 0.413863 0.3757118 0.442575 0.4602664 0.4426354 0.2439063 0.1652709 0.1988008 0.196627 0.221465 0.1714032 0.1109716 0.07609167 0.08239783 0.08826077 0.110327 0.08605753 0.07812306 0.07968967 0.06595896 0.06230679 0.05599192 0.03690957 0.01892878 0.01872882 0.01088196 0.009848269 0.01698809 0.01472871 0.01267949 0.01095682 0.006091592 0.004689514 0.004047222 0.004187397 0.005264136 0.005513869 0.00561721 0.005420296 0.0009032747 0.0006697152 0.0004240762 0.0003410217 0.0007521933
0.1751387 0.1903933 0.4309368 0.293163 0.2481381 0.2276833 0.2664601 0.3716959 0.3458025 0.3382041 0.3740174 0.4858645 0.3816618 0.3695927 0.3252111 0.450534 0.4155082 0.2573956 0.2117677 0.2473212 0.3060078 0.3484055 0.2012128 0.1173932 0.07132704 0.06276265 0.07696076 0.1003472 0.08906712 0.07934295 0.07883122 0.05783801 0.04780366 0.04729428 0.03386682 0.01313595 0.01063308 0.009551899 0.008043795 0.01422881 0.01223415 0.01055032 0.009135986 0.005212924 0.004048325 0.003444546 0.003415795 0.003837042 0.003869898 0.00379733 0.003696746 0.000371847 0.002584373 0.0002905673 0.0002303365 0.0004890226
0.2421024 0.2621083 0.3077856 0.3055179 0.2796706 0.2726548 0.2966012 0.3934006 0.3273683 0.3513809 0.4277712 0.4449578 0.3500381 0.3626491 0.3062379 0.5119964 0.3761342 0.3394713 0.33743 0.3181599 0.2914847 0.3068589 0.1923976 0.126962 0.08112335 0.06176473 0.07017003 0.108814 0.1101457 0.0774662 0.07550632 0.0559443 0.04300309 0.03931668 0.02966214 0.01169708 0.01032961 0.008979659 0.007089512 0.01194686 0.0100491 0.008723509 0.00766088 0.004911923 0.004028312 0.00353485 0.003442424 0.003718059 0.003610272 0.003425786 0.003234035 0.0003551575 0.0003216075 0.0002744987 0.0002203426 0.0004841702
0.3969892 0.4579754 0.3329866 0.3408431 0.308988 0.3023013 0.3094283 0.3158382 0.3435979 0.319996 0.2936314 0.3107845 0.2934338 0.2609605 0.2496598 0.283328 0.219976 0.2153313 0.2812685 0.3161348 0.2014997 0.1970071 0.1665871 0.1438412 0.0646337 0.03632781 0.03596225 0.04673756 0.09735809 0.04049351 0.03485755 0.02597367 0.02134007 0.02101819 0.0167915 0.01079519 0.01075106 0.008594599 0.007861677 0.0102563 0.008421355 0.007384745 0.006649361 0.00495938 0.004324261 0.00394474 0.003973016 0.004061874 0.003813659 0.003579019 0.003343351 0.001237788 0.001035922 0.0009702736 0.0009103508 0.001159632
0.3581537 0.4376603 0.3105828 0.3166954 0.3285802 0.3189586 0.3353229 0.2895698 0.316986 0.2663131 0.2467655 0.2894108 0.3100147 0.2845169 0.2340839 0.333199 0.2388281 0.2157593 0.2665107 0.3142914 0.2085476 0.1983375 0.1380599 0.1108098 0.1181201 0.05406567 0.04956076 0.05369977 0.04844734 0.02903479 0.02696247 0.02010982 0.01824113 0.01578185 0.01320217 0.009217265 0.007287818 0.006226171 0.005747421 0.007855595 0.006950695 0.006480857 0.006004535 0.0047019 0.004320445 0.004039237 0.003930632 0.004003397 0.003753274 0.003502014 0.003248439 0.001155525 0.0009614729 0.0008976228 0.000846038 0.0008898147
0.3058283 0.3254924 0.3311104 0.377832 0.362981 0.3329875 0.3669213 0.2981965 0.2980738 0.2596563 0.2374623 0.3323636 0.3130346 0.2815055 0.2223461 0.2776001 0.2861391 0.1861261 0.2418848 0.2854778 0.2342788 0.2514871 0.1753746 0.0893512 0.1476134 0.06289016 0.06703358 0.04107714 0.04140615 0.02461354 0.02310818 0.02036609 0.01731001 0.0145071 0.01116041 0.00772816 0.006367084 0.005212257 0.005124881 0.007011834 0.006430369 0.006148263 0.00572203 0.004487558 0.004225195 0.003966823 0.003921778 0.003979828 0.003683894 0.003419214 0.003172975 0.0009607428 0.0008954235 0.0008363033 0.0007912182 0.0005488166
0.3258055 0.290673 0.3501724 0.413845 0.3471445 0.3598052 0.3555655 0.2936949 0.2690424 0.2430006 0.2782205 0.3695094 0.3537024 0.3343536 0.2522325 0.3071682 0.2339959 0.1850371 0.2778183 0.3654358 0.361275 0.2670401 0.1625724 0.07832631 0.1277485 0.0919181 0.07384986 0.05161629 0.02405505 0.02144398 0.02088791 0.02336463 0.02072496 0.01732711 0.01490156 0.008567546 0.006737884 0.005884152 0.005302592 0.006940832 0.006409679 0.006098549 0.005794185 0.004188254 0.004014233 0.003761085 0.003687778 0.003812201 0.005092386 0.003264904 0.003040329 0.001113386 0.001035583 0.0009700726 0.0009213464 0.0003969404
0.2635391 0.2715914 0.2563669 0.3421068 0.3419437 0.3311233 0.3748699 0.3643782 0.2751029 0.2699403 0.2712973 0.2761554 0.274743 0.2585871 0.2531298 0.2581185 0.1739819 0.1810343 0.1977908 0.2499931 0.2563186 0.2287641 0.1932659 0.07135922 0.06544548 0.06035001 0.04663283 0.05141228 0.03752775 0.03002437 0.02716113 0.03006941 0.02567949 0.02202738 0.01981663 0.008249244 0.006649174 0.005878448 0.006173225 0.00842614 0.008088074 0.007802363 0.007401979 0.005249955 0.004835396 0.004480974 0.004141471 0.004120953 0.003910542 0.003601237 0.0034231 0.00240745 0.002133981 0.001875506 0.001667772 0.0002592657
0.2081371 0.1925271 0.2083102 0.2928643 0.2838912 0.2678101 0.308294 0.381173 0.3081751 0.2638608 0.2353818 0.2737577 0.2381707 0.192348 0.2049684 0.1921485 0.1740144 0.1946226 0.1803037 0.3143831 0.2952626 0.2354645 0.1946994 0.1176224 0.08813176 0.06620262 0.0573452 0.0583524 0.03961467 0.03601388 0.03169256 0.03306211 0.02709245 0.0280043 0.02672151 0.009099551 0.005015064 0.004702521 0.005342931 0.007908431 0.007379906 0.007125961 0.006953864 0.004681485 0.004295741 0.00400255 0.003772317 0.003710286 0.003436418 0.003317527 0.003036474 0.00214354 0.002113888 0.00243872 0.001589605 0.0002649511
0.212687 0.1979048 0.2094629 0.2558161 0.2356056 0.2493695 0.2687063 0.327743 0.2617674 0.2317284 0.2073268 0.2007292 0.1966523 0.1904407 0.1925918 0.187889 0.1672625 0.2139892 0.1886611 0.4497236 0.390016 0.3150217 0.2124061 0.1396442 0.1171942 0.08615333 0.0686481 0.08057968 0.0517404 0.04462159 0.03963011 0.03999256 0.03507768 0.03213883 0.02771377 0.01083462 0.00510028 0.004173712 0.004579609 0.007558394 0.007129529 0.006653153 0.0064825 0.004264322 0.003897806 0.003609432 0.003370084 0.003164389 0.003025969 0.002856998 0.002835114 0.001823089 0.001815299 0.001866585 0.001533112 0.000307394
0.2083404 0.2039382 0.2050633 0.2376951 0.2467807 0.2326256 0.2494568 0.2707319 0.2420706 0.2029154 0.1903453 0.1395494 0.1427549 0.1850343 0.1614058 0.161294 0.1691268 0.2506342 0.1726677 0.3355648 0.3811263 0.3076338 0.2711317 0.1628823 0.1243799 0.1275516 0.1078893 0.0946103 0.08870459 0.06478918 0.05108717 0.04930888 0.04178103 0.03884784 0.030698 0.01176547 0.005828052 0.004174917 0.004174189 0.007656703 0.00824693 0.007912855 0.006035638 0.00387176 0.003526103 0.003239557 0.003044161 0.002881465 0.00261936 0.002466948 0.00260778 0.00177563 0.001591977 0.001549794 0.001470803 0.000241967
0.1899293 0.1868752 0.1713528 0.2359265 0.1967574 0.1854292 0.17924 0.219961 0.1997937 0.1960359 0.1519815 0.1413189 0.1586257 0.1654959 0.1502402 0.1303455 0.1201805 0.1246543 0.1173616 0.169332 0.2429065 0.2455857 0.2496334 0.173395 0.1421496 0.1217091 0.1191667 0.1339388 0.1203059 0.1072678 0.07483041 0.07409921 0.06195496 0.05580401 0.05407101 0.02432887 0.009867383 0.005863854 0.005118639 0.005400154 0.004396939 0.003625782 0.003330806 0.002706842 0.002491427 0.002296934 0.002061054 0.001803334 0.001809059 0.003812984 0.002034586 0.0059243 0.003969974 0.00436487 0.006003842 0.003084249
0.156582 0.1569898 0.1917883 0.1764419 0.1964184 0.1740169 0.1566736 0.181205 0.1788082 0.150716 0.1394994 0.1430099 0.144779 0.1579042 0.1301606 0.1206347 0.101066 0.09545375 0.09884489 0.1461091 0.1618351 0.1587664 0.1879307 0.1447672 0.1489555 0.1579925 0.1310145 0.145155 0.1231649 0.1185438 0.09321658 0.08984476 0.07143789 0.06647081 0.04961434 0.02882769 0.01629336 0.006519308 0.005468208 0.005491691 0.004264282 0.003466398 0.003128513 0.002583409 0.002273786 0.002091819 0.001916283 0.001750736 0.001625683 0.003719467 0.001885742 0.003822426 0.003876909 0.004979099 0.005903066 0.003015213
0.137339 0.1751062 0.2241547 0.1616784 0.1506991 0.1656882 0.1631141 0.1787414 0.1645691 0.1210435 0.1475716 0.1361961 0.1650666 0.1351597 0.1120904 0.1086707 0.09895532 0.08737797 0.09054343 0.1382508 0.1572433 0.1773866 0.1390644 0.1488765 0.1622478 0.1589687 0.122407 0.1429364 0.1625564 0.131813 0.1259819 0.09983356 0.08840815 0.07855107 0.0547026 0.02748711 0.01710004 0.007890583 0.005849532 0.005798324 0.004382001 0.003408045 0.00302101 0.002544769 0.002169853 0.001923231 0.00608312 0.005322725 0.001485992 0.003694176 0.001734432 0.004028657 0.005408639 0.005549712 0.00623434 0.003313001
