contrib/geomasonDemos/riftland/DataFiles/RainData/.svn/text-base/19.txt.svn-base
ncols         56
nrows         54
xllcorner     28.264
yllcorner     -5.7719999999999
cellsize      0.25
NODATA_value  -9999
[rows 26 to 51 of 54, columns 0 to 55 of 56]
0.1538717 0.1777118 0.216835 0.2025431 0.1610373 0.1675079 0.1803568 0.1815947 0.1406077 0.1156836 0.1559934 0.1336574 0.1160703 0.1085921 0.09548874 0.0949261 0.09562551 0.08911944 0.0817892 0.141647 0.2168349 0.1548996 0.1343595 0.168908 0.1579385 0.1593426 0.131155 0.1689569 0.1730053 0.1596058 0.1523807 0.1247537 0.1201728 0.08058786 0.06634678 0.03029121 0.01593097 0.01012868 0.0065442 0.005901387 0.004595839 0.003594348 0.003093118 0.002777727 0.002298828 0.002001462 0.006320769 0.002525485 0.001534373 0.001733449 0.001880407 0.006258897 0.007247425 0.005564285 0.006637638 0.003454881
0.1105407 0.1378351 0.1793909 0.2076128 0.1643283 0.1649085 0.1585752 0.08915339 0.07775751 0.06995984 0.06287812 0.07341146 0.07518511 0.08133536 0.08655065 0.08641915 0.1042336 0.1187877 0.1032281 0.1040082 0.1272534 0.130861 0.1157052 0.1821943 0.2144022 0.2298541 0.1842754 0.2256677 0.222866 0.1924312 0.175144 0.1348653 0.1139864 0.08294936 0.06764341 0.0342481 0.02029648 0.01455576 0.01018606 0.00623728 0.00489732 0.004625402 0.004121359 0.003077988 0.003139828 0.004205312 0.00294465 0.003673413 0.003196661 0.003092089 0.003289131 0.004702369 0.007809846 0.004827252 0.005210394 0.008277138
0.1021977 0.1432825 0.1447476 0.1218631 0.1146225 0.1274574 0.1092425 0.05313811 0.04608557 0.03262151 0.03211043 0.05113596 0.05882244 0.06728858 0.07543365 0.08077371 0.08587035 0.08825349 0.08802831 0.09891654 0.09541082 0.1044879 0.1087205 0.2021372 0.2509552 0.2591441 0.2859392 0.2287809 0.2170033 0.2193835 0.1906799 0.144699 0.12356 0.09246532 0.07311256 0.04504474 0.03271051 0.01470211 0.01048007 0.006486928 0.005006191 0.004067501 0.00420354 0.003147012 0.004916998 0.004062603 0.003376767 0.00389262 0.003369854 0.003281838 0.003436756 0.00941619 0.009380025 0.007554802 0.009067301 0.01176871
0.1495359 0.1651371 0.1952949 0.09020136 0.05739726 0.04767423 0.08181661 0.03243117 0.02470148 0.0360965 0.02591489 0.03953413 0.04819282 0.05723431 0.07434582 0.08325526 0.08621977 0.08343926 0.08962575 0.09133551 0.09152864 0.1037373 0.1218061 0.2045531 0.2361789 0.2835568 0.2519586 0.2216856 0.2098762 0.2087445 0.1938464 0.1511245 0.1304518 0.08280607 0.07071622 0.04710696 0.03106176 0.01670069 0.01434232 0.006665983 0.005079219 0.004160007 0.003611509 0.003174935 0.002611775 0.003046232 0.00324074 0.004025629 0.003506884 0.006292407 0.00781839 0.004484461 0.005179708 0.007651653 0.007571969 0.009365971
0.1843598 0.2147509 0.1806482 0.0474995 0.0276473 0.02148355 0.02580373 0.02229075 0.02198018 0.02690516 0.02109246 0.03481411 0.04319237 0.05252963 0.06601131 0.08121395 0.1365703 0.104906 0.08182309 0.08783762 0.08638623 0.09034172 0.09640301 0.2140862 0.2490549 0.2297405 0.2096746 0.2226352 0.2054809 0.1912038 0.1716214 0.1426411 0.1239825 0.100873 0.06967483 0.0415921 0.0401675 0.01418742 0.01171189 0.006786229 0.005265071 0.004086513 0.003801998 0.003181571 0.002636486 0.002229213 0.002249824 0.004564906 0.004088953 0.003979179 0.007174503 0.004989141 0.005907161 0.00593917 0.005826975 0.009612825
0.1540805 0.1068468 0.06617627 0.01263369 0.006242638 0.004189936 0.004700378 0.00457291 0.005118272 0.007947726 0.01187559 0.03483341 0.04432271 0.05514136 0.06926073 0.1942177 0.2358036 0.1781792 0.1409111 0.09473117 0.09155242 0.08359799 0.09271105 0.1231365 0.1502761 0.1835418 0.215202 0.1978989 0.1824869 0.1670655 0.1556075 0.1011977 0.09756511 0.08228884 0.05033001 0.02772985 0.04619033 0.01037202 0.009041751 0.009736688 0.007901869 0.006609169 0.004964291 0.002160381 0.001581127 0.001289496 0.001216098 0.005676118 0.005144898 0.005511078 0.006094087 0.017642 0.02209997 0.0216626 0.01639221 0.01060658
0.1461054 0.08400624 0.03548726 0.00835435 0.00480685 0.002778441 0.002465743 0.002976456 0.00298337 0.005386139 0.009703493 0.03048198 0.03948232 0.05207909 0.07073601 0.1136021 0.1758589 0.1314749 0.1384799 0.09557191 0.09811633 0.09885131 0.1187174 0.106086 0.1108596 0.127241 0.1916242 0.1717903 0.1564202 0.1417566 0.1305154 0.08202771 0.06933033 0.05815721 0.04115481 0.02694941 0.01618249 0.008920661 0.008528484 0.01000085 0.007742249 0.006150646 0.005093839 0.002271793 0.001883287 0.00144707 0.001296574 0.006351484 0.005794439 0.006107244 0.00952364 0.01607003 0.01674475 0.0159598 0.01601095 0.01024245
0.1476251 0.05918349 0.04798906 0.007899499 0.002697056 0.00141788 0.001529505 0.002233804 0.002049407 0.004054627 0.008184038 0.02668676 0.03517008 0.05303095 0.07284942 0.1470893 0.1014562 0.1060769 0.1097005 0.08084708 0.08823039 0.08019595 0.07971975 0.09509263 0.09156501 0.1578157 0.1313314 0.1362093 0.1182047 0.1119421 0.09936069 0.06426305 0.0589496 0.04453341 0.04000719 0.0214246 0.01203569 0.008242702 0.007474316 0.009819832 0.008079287 0.006627061 0.005519964 0.002575458 0.002097045 0.001710592 0.001613333 0.007785002 0.007206043 0.008494309 0.01637937 0.01674703 0.01812893 0.01899366 0.02005973 0.009114005
0.1128453 0.08925274 0.0561591 0.007458575 0.004900204 0.001175146 0.001469335 0.001512538 0.001556639 0.003359839 0.00672349 0.02332463 0.03293968 0.042132 0.08014531 0.06485806 0.07945181 0.1115782 0.06558457 0.0685762 0.05819131 0.05101747 0.05177267 0.06496916 0.09291321 0.1083937 0.1075658 0.1207283 0.09793071 0.08541456 0.0731348 0.05201814 0.05331103 0.03391932 0.02545748 0.0195328 0.01197071 0.007557217 0.006833384 0.01014747 0.008335931 0.006959741 0.005730963 0.002912592 0.002545252 0.002262655 0.002338597 0.01054848 0.01057699 0.01170743 0.01907001 0.02357936 0.02164695 0.02609322 0.01528238 0.009915409
0.08587813 0.06866099 0.03145035 0.005814967 0.01533809 0.003450344 0.0004875929 0.001160848 0.001564448 0.003128621 0.006066488 0.01586533 0.01965119 0.02377142 0.03041997 0.02320379 0.03279043 0.02557706 0.03549799 0.02884464 0.01631078 0.01107609 0.01170987 0.04002513 0.05223913 0.06730781 0.0569538 0.06674378 0.07111239 0.05993175 0.04730131 0.03151006 0.02448424 0.02060332 0.01513375 0.01139687 0.009445175 0.006244062 0.005692011 0.005023092 0.004794532 0.004733576 0.005309212 0.009911324 0.009545748 0.009813712 0.01000181 0.02405509 0.02273398 0.02265373 0.02845349 0.04044356 0.03984159 0.03110815 0.02526839 0.0223368
0.06296574 0.03466434 0.01489751 0.001302965 0.002454848 0.002142529 0.001453046 0.0007447471 0.0009476465 0.00207428 0.004169118 0.01059004 0.01365379 0.01567562 0.02615275 0.01301122 0.01813236 0.01335286 0.0142668 0.00880875 0.005114624 0.005493413 0.01937808 0.07187268 0.05441954 0.05435399 0.06110627 0.05423517 0.04987891 0.04965908 0.03817928 0.027258 0.01976088 0.0137026 0.01346128 0.008711685 0.006321451 0.0063072 0.004889269 0.004337022 0.004034413 0.004231178 0.004658343 0.00930912 0.009496242 0.009681071 0.009702474 0.02451162 0.02425717 0.02385585 0.02258571 0.03111586 0.04543278 0.02852861 0.02410672 0.02225513
0.03942202 0.02426876 0.009248422 0.0003927483 0.0006314906 0.0002174856 0.0002206192 0.0005019298 0.0006760439 0.001452627 0.002853198 0.007316342 0.009467438 0.0103681 0.01008602 0.007498662 0.007488717 0.007088709 0.00634226 0.00250226 0.001889138 0.002395978 0.006450906 0.03199138 0.04616427 0.03869769 0.03436131 0.04429261 0.04257742 0.03691163 0.03600495 0.0188136 0.01600632 0.01299267 0.00947482 0.006815817 0.005311601 0.004271537 0.004451369 0.003514948 0.003569668 0.00437545 0.0052296 0.009579591 0.009325639 0.009952584 0.01447711 0.02674362 0.02659871 0.02526085 0.02360457 0.03298108 0.02927594 0.025118 0.02567685 0.02459677
0.03496192 0.01478436 0.007750425 0.0001612546 3.548402e-005 7.820052e-005 0.0005651623 0.0003823356 0.0005157354 0.001078053 0.002087875 0.005458262 0.007231303 0.007875073 0.007658088 0.005702218 0.005623425 0.005270258 0.008017718 0.001778888 0.001434293 0.001835176 0.005568274 0.01049592 0.01720167 0.01655312 0.0175757 0.02663985 0.02824441 0.02756473 0.02353947 0.01497036 0.01181148 0.01288539 0.009955492 0.005917433 0.00437043 0.003841958 0.00380044 0.003370831 0.003929449 0.005275561 0.006352886 0.009188798 0.009534783 0.01033406 0.0114101 0.02887359 0.02924697 0.02988219 0.02627039 0.03580184 0.02817989 0.03141811 0.04444013 0.0303629
0.0271589 0.01315453 0.008398753 0.0001928467 4.706761e-005 0.0003220893 0.0003574764 0.0001684268 0.0004994743 0.0004691138 0.0009144372 0.002240248 0.002950618 0.003244618 0.003129601 0.002178758 0.002094738 0.001931224 0.001679439 0.004095498 0.001014035 0.001314405 0.002124812 0.004506544 0.006222848 0.009294889 0.009650402 0.009671735 0.01081189 0.01070851 0.00944346 0.01299745 0.01074832 0.008710403 0.008589185 0.0049859 0.003969342 0.003826167 0.004260657 0.005567947 0.006129115 0.006785549 0.008605755 0.01874848 0.01914483 0.0193496 0.02060579 0.06452096 0.06706474 0.07683469 0.06264937 0.06174645 0.06248437 0.05563651 0.06904083 0.03205645
0.02188911 0.009419023 0.005567182 0.0001452942 1.38222e-005 2.560008e-005 5.274571e-005 0.0001452389 0.0003854083 0.0002459961 0.0004615642 0.001161489 0.001530177 0.001665153 0.001573372 0.001069868 0.001002961 0.0009189315 0.000819164 0.0006227465 0.0005349171 0.001786346 0.001795277 0.001894161 0.002419969 0.003088238 0.004518872 0.006590465 0.007592666 0.007718755 0.006949179 0.00995475 0.00865347 0.007361986 0.006790352 0.004177885 0.003233963 0.003388845 0.004254123 0.005379918 0.005628427 0.007145033 0.00979688 0.0173407 0.01794001 0.01988332 0.02366458 0.06617291 0.06861514 0.07045336 0.06431958 0.05616735 0.04691378 0.06671637 0.05967362 0.02334678
0.03009836 0.01168081 0.003634861 0.0004135737 9.130456e-006 1.423433e-005 2.763546e-005 4.720691e-005 6.234994e-005 0.0001179604 0.0002144038 0.0005384099 0.000704603 0.0007519757 0.0006825979 0.0004569999 0.000509025 0.0003763536 0.000336524 0.0007382952 0.0006398926 0.001328973 0.0006520139 0.001068806 0.001378345 0.007213232 0.006292634 0.004856637 0.00584113 0.006117847 0.005747889 0.009848194 0.007954273 0.007092595 0.006642253 0.004135983 0.003222197 0.003416349 0.004346879 0.00555606 0.00593191 0.008167526 0.01279567 0.01755107 0.02408782 0.02223619 0.02303442 0.06199184 0.05785609 0.06127902 0.06816501 0.04946409 0.04687793 0.0822318 0.0376198 0.01145161
0.02674573 0.01033782 0.002572931 3.926529e-005 7.389453e-006 1.096545e-005 2.052089e-005 3.457114e-005 4.536935e-005 8.539248e-005 0.0001553504 0.0003897659 0.0005101714 0.0005460268 0.0004944031 0.000318597 0.0004925678 0.0003509246 0.0002690717 0.002307683 0.0005282392 0.0003013711 0.0005365569 0.000902613 0.001291446 0.002290754 0.002429591 0.004641915 0.005639852 0.01010126 0.03218238 0.008969534 0.008631025 0.00789662 0.007181006 0.009357771 0.03096145 0.00379044 0.005186303 0.006354863 0.007090777 0.009862545 0.0146561 0.01984159 0.02290752 0.02503155 0.03186416 0.06079463 0.05343623 0.05984654 0.1225821 0.07898062 0.05807005 0.07102817 0.0471983 0.01366935
0.05699119 0.04145728 0.01049156 1.812364e-006 1.39527e-006 1.876877e-006 3.276185e-006 6.685769e-005 1.956901e-006 1.408438e-005 6.626687e-006 5.44543e-005 7.120184e-005 7.603531e-005 0.0002197723 5.876588e-005 0.001869642 4.753856e-005 4.551574e-005 3.178331e-005 3.031614e-005 5.502154e-005 0.0001440773 0.0002810473 0.0003752451 0.0005648165 0.0008422981 0.001898339 0.002377703 0.005185897 0.009278191 0.01323489 0.01287065 0.01276234 0.01144064 0.01329491 0.06971976 0.005398353 0.006379793 0.008155037 0.008862569 0.01223402 0.01745351 0.03172052 0.03806517 0.04441889 0.053779 0.07489062 0.08256046 0.1210429 0.1168778 0.08782259 0.06354839 0.1093952 0.05556453 0.0225
0.04596724 0.0378066 0.01055235 0.0003578655 9.67197e-007 1.069922e-006 1.541764e-006 6.54005e-007 7.938681e-007 1.409458e-006 2.512904e-006 2.052955e-005 2.674104e-005 2.856637e-005 2.595919e-005 2.226127e-005 0.0002117703 1.835881e-005 0.0002062423 1.30089e-005 1.285436e-005 3.427569e-005 7.780693e-005 0.0004616682 0.0002975788 0.0004854472 0.0007728992 0.001932356 0.002420226 0.002663599 0.002776563 0.01461801 0.01423214 0.01318338 0.01151675 0.007376734 0.008351933 0.006140872 0.007525105 0.008968598 0.00971204 0.01363826 0.01978445 0.03572358 0.04230443 0.04664401 0.05018006 0.06999703 0.09715262 0.1153951 0.1185 0.1 0.06677419 0.06334678 0.05794355 0.01403226
0.01701201 0.01019373 0.002593479 9.01828e-007 6.900739e-007 5.87256e-007 5.836779e-007 1.889847e-007 1.856205e-007 2.559304e-007 3.990408e-007 3.0627e-006 3.861581e-006 4.126794e-006 3.873981e-006 3.425492e-006 3.180577e-006 3.338991e-006 3.898543e-006 3.249162e-006 3.667257e-006 0.0001900175 5.90674e-005 0.0001733422 0.0002408506 0.000417393 0.0009889586 0.002046922 0.002840773 0.003433413 0.004420186 0.01560496 0.01555095 0.0142563 0.0122252 0.007783056 0.007154965 0.007257447 0.009007349 0.0105032 0.01182837 0.01603686 0.0225189 0.03682213 0.04389844 0.0518801 0.05668082 0.1097201 0.1811473 0.1158285 0.1580926 0.09048387 0.06685484 0.05592742 0.05233871 0.02169355
0.006693026 0.003998166 0.002353849 8.624705e-007 5.680105e-007 4.157459e-007 4.156839e-007 1.341959e-007 1.333682e-007 1.817403e-007 2.825189e-007 2.187694e-006 2.758355e-006 2.953217e-006 2.767212e-006 2.451278e-006 2.276006e-006 2.427293e-006 2.921169e-006 2.487471e-006 0.0001022967 0.0003215194 0.000364273 0.000887699 0.001169355 0.001916443 0.00245373 0.01040273 0.004462683 0.005239643 0.00883695 0.01587629 0.01554536 0.01479252 0.01314305 0.008277384 0.007767457 0.00871805 0.01107362 0.0132707 0.01565069 0.01980813 0.02558099 0.04067131 0.04849698 0.0576813 0.06126791 0.1211376 0.1592455 0.1495175 0.1426461 0.08495969 0.06745967 0.06612904 0.05080645 0.02137097
1.01017e-006 0.002944893 0.0008503931 0.0002188661 0 0 0 0 0 0 0 4.900493e-006 1.893869e-005 0 0 0 0 0 0 0.0002989842 0.0003672376 0.0006358379 0.0006981705 0.001444458 0.001781886 0.002543302 0.003125636 0.01575229 0.01656559 0.01872568 0.01946124 0.01686786 0.01516808 0.01373004 0.01200683 0.01201852 0.008220935 0.009781284 0.01267088 0.02020809 0.02393666 0.02982457 0.03784078 0.05373155 0.05995027 0.06615736 0.07739817 0.14 0.2093145 0.1984677 0.131129 0.09104839 0.07124999 0.06649193 0.06254032 0.02326613
1.30692e-006 1.680109e-007 1.571245e-005 0.000611531 0.0002189119 0 0 0 0 0 0 0 4.235972e-005 0 0 0 0 0 0 0.0001241935 0.0004113411 0.0007102209 0.0007872813 0.001598822 0.001986579 0.00274904 0.003390943 0.01466528 0.01735381 0.01752679 0.01799153 0.01474298 0.01368526 0.01242298 0.01156398 0.01265667 0.008431198 0.01030946 0.0139154 0.02372759 0.02864937 0.03441598 0.04233208 0.06543374 0.05981244 0.067929 0.115598 0.1497177 0.1598387 0.2027419 0.1197984 0.08604838 0.07245968 0.05774193 0.05423387 0.01758065
1.934328e-006 1.597149e-007 7.909581e-006 7.540778e-005 0 0 6.792555e-005 0 0 0 0 0 9.162914e-006 0 0 0 0 0 0 8.588687e-005 0.0003655021 0.0006845901 0.00429889 0.002968929 0.003403497 0.005933681 0.008125938 0.01545721 0.01655502 0.01598167 0.01666765 0.0126615 0.01167261 0.01133627 0.01109896 0.01331789 0.009613022 0.01202081 0.01600522 0.02694891 0.03206288 0.0380072 0.05546766 0.06643536 0.06621957 0.07823008 0.10003 0.1052016 0.1092339 0.1435081 0.1291532 0.09028225 0.08213709 0.06028226 0.05125 0.02290323
2.870129e-006 1.302655e-007 0.001521595 0.0007929336 7.543657e-006 0 0 0 0 0 0.0002007495 1.843757e-005 0 0 0 0 0 0.0001340307 3.773889e-005 1.995478e-007 0.003582588 0.008094131 0.0130538 0.005656253 0.006566864 0.008137049 0.009437217 0.01339407 0.0141775 0.01465533 0.01535223 0.01084359 0.01007034 0.0101305 0.01058898 0.01390364 0.01086046 0.01362907 0.01793101 0.02858347 0.03412086 0.04891509 0.05847391 0.06682585 0.0861605 0.09266017 0.07639791 0.1047581 0.1120968 0.1285887 0.1352822 0.08290322 0.07959677 0.05641129 0.03717742 0.01528226
0.0008467741 0.005693548 0.002790323 7.795306e-006 0 0 0 0.0004135096 0.0004135096 0.000452437 0.0004525323 2.37681e-005 0 4.722386e-006 0 0 0 0 0.0001496586 0 0.001910805 0.01121404 0.02624566 0.008701347 0.002524628 0.002065428 0.002343148 0.004215023 0.00355553 0.003956832 0.004573692 0.00627081 0.005771553 0.005994815 0.006134045 0.005317901 0.004378573 0.004834425 0.004958457 0.03617083 0.04081828 0.04929064 0.0582929 0.0846837 0.08648506 0.09170475 0.07073899 0.07020161 0.1423387 0.1584274 0.1232258 0.07641129 0.0617742 0.05161291 0.02995968 0.01423387
