contrib/geomasonDemos/riftland/DataFiles/RainData/.svn/text-base/3.txt.svn-base
ncols         56
nrows         54
xllcorner     28.264
yllcorner     -5.7719999999999
cellsize      0.25
NODATA_value  -9999
[rows 27 to 53 of 54, columns 0 to 55 of 56]
0.03979685 0.0394043 0.02786612 0.06313394 0.07134517 0.06043792 0.0716144 0.09055188 0.08519026 0.08661159 0.08304241 0.1010523 0.1010479 0.1002515 0.09929666 0.1081732 0.1185907 0.121271 0.1035082 0.08124339 0.07576989 0.08645163 0.0889627 0.10106 0.1137549 0.1033358 0.0879927 0.07988121 0.06314933 0.06133755 0.06192842 0.07675254 0.08097838 0.08758258 0.0984368 0.119372 0.1326544 0.1454933 0.1474323 0.1317217 0.1410675 0.1248507 0.1075723 0.06112907 0.05774062 0.0457903 0.04377964 0.04249475 0.03165703 0.03551025 0.04589034 0.04985845 0.06502018 0.04330979 0.07432035 0.05318306
0.04286934 0.04322281 0.04389025 0.06977348 0.06086753 0.05958801 0.06798466 0.08481121 0.0798617 0.09731618 0.09461128 0.106626 0.1073236 0.1137999 0.1168957 0.1274987 0.1327375 0.1303183 0.1170578 0.0986569 0.09209056 0.0972717 0.1016493 0.1128533 0.1163252 0.1165174 0.1035205 0.08362976 0.06705947 0.06577799 0.06661168 0.08499519 0.08536131 0.0953569 0.1051788 0.1294747 0.1463621 0.1521675 0.1605868 0.1577269 0.1645525 0.1437032 0.12656 0.07811823 0.07465179 0.05513257 0.06628928 0.07416774 0.05774819 0.05991009 0.04445097 0.06845856 0.07228119 0.04568372 0.02359472 0.01191945
0.06359035 0.06212637 0.06358072 0.06500478 0.06322757 0.0646894 0.07285158 0.0777286 0.08055734 0.1034394 0.1026555 0.1139253 0.1220247 0.1279859 0.1340825 0.1471409 0.1582136 0.1484353 0.1276509 0.1169803 0.1025002 0.09592968 0.1103425 0.1329746 0.1280449 0.1256898 0.1182444 0.08887441 0.07244094 0.06821712 0.07176743 0.08673466 0.09090348 0.09974929 0.1114966 0.1343729 0.1497932 0.1612765 0.1878691 0.1705318 0.1844917 0.1732232 0.1421895 0.08211896 0.08262157 0.07517568 0.05768836 0.04930424 0.0578852 0.05928882 0.05064186 0.07096981 0.07203081 0.04566618 0.02944024 0.0137482
0.1109614 0.0963263 0.08573113 0.07693776 0.06840385 0.06758981 0.06979108 0.08604604 0.0849523 0.09381697 0.1098325 0.1237294 0.1315299 0.1380513 0.1512394 0.165888 0.1682511 0.1655791 0.1599949 0.1391276 0.118551 0.1149368 0.1239944 0.1389974 0.136833 0.1376835 0.1283132 0.09265571 0.07580538 0.07199745 0.07498973 0.08905908 0.09605881 0.1039878 0.1158609 0.1460971 0.1622649 0.1786901 0.2014256 0.2214133 0.1914457 0.1694846 0.1459918 0.1069426 0.08004984 0.06613649 0.06416 0.04423635 0.07037081 0.06347287 0.07249425 0.09051059 0.05776599 0.03508926 0.02263424 0.01524098
0.1057753 0.1123509 0.08579873 0.06781212 0.06672639 0.05986223 0.06503522 0.07630288 0.08034062 0.09238697 0.1048482 0.126023 0.1387736 0.1564065 0.1740187 0.200933 0.2117982 0.21951 0.2275648 0.2076169 0.178519 0.1644363 0.1596095 0.1391933 0.1420296 0.1467565 0.1325746 0.09965867 0.08276588 0.07878788 0.0827636 0.09161749 0.09656811 0.1079191 0.1258355 0.1699608 0.1925313 0.1899964 0.1943937 0.1690991 0.1645938 0.1410322 0.1237351 0.1076384 0.08010096 0.07307752 0.0806914 0.08411171 0.1336826 0.2271831 0.1324562 0.04669256 0.04207365 0.04652969 0.02419852 0.006789744
0.0784306 0.1113071 0.0746773 0.06588351 0.05992712 0.06053 0.06330396 0.06706858 0.07118873 0.07478162 0.09145839 0.1270287 0.1434679 0.1779878 0.184184 0.2100177 0.2214756 0.2277824 0.2158612 0.1957435 0.1661104 0.155044 0.1497345 0.1417786 0.1588225 0.1490888 0.134301 0.1055186 0.09044891 0.0819059 0.08674791 0.1035384 0.100967 0.1093277 0.1270118 0.1721763 0.1849398 0.1906932 0.1875333 0.1425736 0.1426853 0.1311298 0.126052 0.07557081 0.0796664 0.07676461 0.09711305 0.105803 0.1052959 0.1072718 0.06846461 0.04276593 0.04276831 0.04350219 0.0226991 0.01759619
0.1017228 0.07412722 0.07992327 0.06496917 0.06130158 0.06064634 0.06023002 0.06994255 0.07171515 0.0768542 0.09381025 0.1419779 0.149116 0.1662104 0.1922855 0.2228771 0.2269423 0.2309325 0.2198112 0.1920165 0.1598755 0.1381456 0.1419161 0.1385022 0.1604904 0.1488265 0.130854 0.1145181 0.09243815 0.08465924 0.08684053 0.1008967 0.1035003 0.1096805 0.1236552 0.1656923 0.1839728 0.1944122 0.1863886 0.1432571 0.1283429 0.1271315 0.1267008 0.08303005 0.0920987 0.09812333 0.1136754 0.1091906 0.09687246 0.08156585 0.07843982 0.06238905 0.04164021 0.03254111 0.0248959 0.02234455
0.1311457 0.0977715 0.08845434 0.07174991 0.06879814 0.06332923 0.06810169 0.07591764 0.07911505 0.08664836 0.1055966 0.1483615 0.1589927 0.1769911 0.2068418 0.2358958 0.2262113 0.2205358 0.2243067 0.1798804 0.1425714 0.1296874 0.1242859 0.1298692 0.1456162 0.1408785 0.1229949 0.1061227 0.08849553 0.0816748 0.08086748 0.09499565 0.1098141 0.1047365 0.1124651 0.1603463 0.1676987 0.1775291 0.1641359 0.1362899 0.1276575 0.1198656 0.1281794 0.1081453 0.1133846 0.1240572 0.1330194 0.120374 0.109386 0.1013488 0.09981663 0.06124317 0.04751046 0.03459525 0.03243368 0.04417515
0.169166 0.1260121 0.1084294 0.08040832 0.06492337 0.0617247 0.06714299 0.07963374 0.0835745 0.09327134 0.1113129 0.1620366 0.1805015 0.2199092 0.2652879 0.3199596 0.300183 0.3044326 0.2818989 0.1981706 0.1380055 0.1098175 0.09661846 0.1100987 0.1199789 0.1186659 0.1029072 0.08509102 0.07097385 0.06621804 0.07033848 0.09251039 0.09599361 0.1008065 0.1106389 0.1234435 0.1254138 0.1245716 0.1189302 0.1195685 0.1150447 0.1131469 0.1089758 0.09460796 0.1024998 0.09576223 0.09795062 0.1111322 0.1029355 0.092847 0.09511313 0.02287095 0.01847676 0.01952639 0.016976 0.06507435
0.138305 0.09862661 0.08693141 0.08513754 0.07360641 0.06947956 0.07528956 0.08806911 0.09182019 0.09907709 0.1125546 0.1597129 0.1862218 0.211169 0.2345227 0.2836833 0.2914271 0.2659273 0.278511 0.1871933 0.117052 0.08789115 0.09209792 0.108931 0.1196136 0.115568 0.09514554 0.07342289 0.06344868 0.06085747 0.06702407 0.0904623 0.09215463 0.09534513 0.1004821 0.1098662 0.1089364 0.1063757 0.1028335 0.1000585 0.0917151 0.09889367 0.1050073 0.08961145 0.1060608 0.09643518 0.07702348 0.08282969 0.08486298 0.08042771 0.08833883 0.0289945 0.01833164 0.0192506 0.02397411 0.08611574
0.09311809 0.07861914 0.07642342 0.07698722 0.07382874 0.07289652 0.07920817 0.0989894 0.1014147 0.1073544 0.1186907 0.1570755 0.1844944 0.2043315 0.2178933 0.2519856 0.2592355 0.2500366 0.3033162 0.1556592 0.09362798 0.08296441 0.08262695 0.116046 0.1146359 0.1042796 0.08905128 0.07375744 0.06862471 0.06611627 0.06817084 0.09175222 0.09228931 0.09443812 0.09698009 0.09332845 0.09619381 0.09589276 0.1008259 0.08914637 0.08818247 0.08277857 0.09574786 0.07759982 0.09473281 0.08660066 0.06302141 0.0658981 0.07765594 0.07045054 0.07930732 0.01900692 0.02117251 0.01506746 0.02912727 0.0874089
0.1027966 0.09790003 0.08154884 0.08819233 0.09130979 0.08245774 0.08607409 0.119726 0.1131114 0.1148308 0.123355 0.1565197 0.1759735 0.199883 0.2159667 0.2220593 0.2233505 0.2233545 0.2433014 0.1314087 0.1079773 0.07590916 0.08141143 0.1185369 0.1172035 0.1031005 0.09353413 0.0805597 0.07516108 0.07400549 0.07454973 0.1002695 0.1031031 0.1032199 0.0987892 0.0910543 0.09272402 0.08759294 0.08674309 0.0829006 0.08287216 0.08434738 0.09367353 0.07824453 0.07662993 0.09728991 0.06273293 0.05623527 0.06841479 0.06794257 0.07352983 0.01249103 0.01668044 0.01597603 0.01839836 0.1036032
0.09211476 0.1107353 0.09446713 0.09496437 0.0897975 0.1086545 0.1190343 0.1208006 0.1338444 0.1367529 0.1480331 0.1465541 0.1587539 0.1574093 0.1621354 0.2009944 0.1931225 0.2114786 0.1630559 0.165441 0.1037757 0.07787909 0.08941942 0.1302775 0.1107283 0.09692577 0.08159806 0.08540097 0.08342705 0.08571024 0.08098151 0.1009666 0.1048061 0.1049278 0.1007907 0.07159147 0.06841432 0.06535923 0.06593902 0.07956288 0.07970613 0.07008099 0.07244579 0.09257582 0.06650466 0.05937924 0.07774319 0.05949255 0.04367777 0.04153414 0.04294999 0.03764585 0.0440828 0.0428096 0.04391058 0.1207692
0.1010864 0.10694 0.09977608 0.09784802 0.09957218 0.112031 0.1200698 0.1290073 0.1388855 0.1427308 0.1431465 0.1407796 0.1470475 0.1469955 0.1510148 0.1373912 0.121601 0.1118455 0.119019 0.1211649 0.09522063 0.08996502 0.09056617 0.1243495 0.09819949 0.08386225 0.07780275 0.08653442 0.08830021 0.08743756 0.08500975 0.1073834 0.1095768 0.1064382 0.09952514 0.06957504 0.06264108 0.06147439 0.06426442 0.07322685 0.07620689 0.06870539 0.06482168 0.05913601 0.05663478 0.05096338 0.05161493 0.05269314 0.06030112 0.04041244 0.03726541 0.02597816 0.02654198 0.0360896 0.03463334 0.09497976
0.1032881 0.1024053 0.1020959 0.1125309 0.1171491 0.1182146 0.128386 0.1357359 0.1445521 0.1394009 0.1426881 0.144077 0.1391223 0.1346156 0.1384125 0.1240123 0.1068626 0.1041487 0.1112801 0.08515137 0.1515674 0.1100152 0.1238496 0.1114891 0.09582309 0.09002019 0.08047618 0.09119982 0.09376092 0.09853134 0.09593982 0.1138646 0.1148946 0.108396 0.09868352 0.06995191 0.06099349 0.06203388 0.06874163 0.08590747 0.1003669 0.1005915 0.06516877 0.04855183 0.05352502 0.05067907 0.05065128 0.06157838 0.09800654 0.07244337 0.04849749 0.02150162 0.02188068 0.0225467 0.02328481 0.07362904
0.09910262 0.08838903 0.09178112 0.1072816 0.1264978 0.1169756 0.1176823 0.1336574 0.1561587 0.138574 0.140384 0.1455896 0.1380466 0.129227 0.1210213 0.1116088 0.1139149 0.1119484 0.1674447 0.1141453 0.1065814 0.1103403 0.1394731 0.1139079 0.1026006 0.08961312 0.09015007 0.1022224 0.1025639 0.1065004 0.1063271 0.121707 0.1169819 0.1109822 0.1016375 0.07530484 0.09360719 0.06157124 0.06750105 0.07572089 0.1095644 0.1149316 0.07435219 0.0943348 0.04999961 0.05134203 0.05764446 0.0780684 0.07719831 0.07390675 0.06205961 0.02057204 0.02120729 0.01929109 0.02216665 0.05358871
0.1410439 0.0890585 0.08318187 0.083244 0.1099966 0.1051686 0.1089473 0.1385565 0.1516787 0.1236628 0.1301325 0.1347854 0.1190755 0.1137339 0.1128074 0.1233266 0.1478312 0.1209824 0.2047603 0.22076 0.1395172 0.1319842 0.1468025 0.1810897 0.1354767 0.1041425 0.08223358 0.08325781 0.07962018 0.08637223 0.09297025 0.1232842 0.1164811 0.1123334 0.10264 0.08949998 0.1330718 0.07083683 0.07510328 0.0995833 0.1122788 0.1128247 0.102277 0.07156992 0.0532452 0.05329761 0.04886518 0.06521455 0.07134129 0.08013561 0.06795844 0.005020243 0.01778226 0.01322581 0.0153629 0.03895161
0.08701283 0.07436776 0.08514318 0.07984788 0.07701993 0.09160858 0.1022535 0.1415078 0.145493 0.1406772 0.1262821 0.1424979 0.1288004 0.1325314 0.1411617 0.1878869 0.1887895 0.1756491 0.1417112 0.1579673 0.1430238 0.1448996 0.1346399 0.174114 0.1539701 0.11426 0.08814091 0.08919272 0.08553421 0.08540854 0.07889052 0.1290445 0.1252762 0.1184852 0.1042478 0.0860825 0.07590751 0.0729299 0.08099771 0.110365 0.1249248 0.1203123 0.1137361 0.07465205 0.0571909 0.05119758 0.04929578 0.04854453 0.04383077 0.04838552 0.05584931 0.01423387 0.02338709 0.01616936 0.006935484 0.02915322
0.09145631 0.07748622 0.1017477 0.08227344 0.07095728 0.08147052 0.1061922 0.1286682 0.1524957 0.1520089 0.1342239 0.1439347 0.157132 0.15923 0.2149162 0.2672472 0.1665893 0.1460795 0.1437662 0.1094401 0.1274663 0.1826419 0.1302402 0.1800369 0.1637044 0.1394591 0.1127045 0.09835204 0.08281966 0.08289453 0.07256661 0.1261748 0.1213401 0.1204551 0.1034389 0.08789186 0.07796782 0.07695585 0.08340784 0.1158969 0.1296356 0.1323504 0.1671605 0.08439485 0.05842286 0.0553325 0.05022757 0.04400386 0.04119072 0.03372671 0.03723404 0.01959677 0.01673387 0.01858871 0.01439516 0.02100806
0.1147575 0.08967223 0.1050409 0.1005251 0.08045798 0.1081902 0.1201233 0.1612942 0.1415739 0.1771982 0.1508368 0.1784417 0.1815814 0.1932892 0.2030461 0.2067345 0.1722699 0.1531762 0.1658967 0.1065497 0.103835 0.1186568 0.131379 0.1712328 0.1505572 0.1451972 0.1287052 0.09769967 0.08661852 0.09008513 0.08586375 0.1260767 0.1169002 0.1118677 0.1004802 0.09562359 0.08655077 0.08591852 0.09191721 0.1330838 0.1382543 0.1386581 0.126528 0.06768849 0.06174053 0.05643636 0.05471834 0.0428656 0.03553741 0.03021695 0.03335779 0.01604838 0.01427419 0.01330645 0.005685484 0.01528226
0.108744 0.08921768 0.1301957 0.1084063 0.1419309 0.1700353 0.1699224 0.1699176 0.1488814 0.1495493 0.1281612 0.1578019 0.1311276 0.1426981 0.1515556 0.1451656 0.130392 0.1135968 0.1099541 0.1102261 0.09479976 0.09038271 0.08990876 0.07158761 0.08194264 0.08571754 0.08982229 0.08080009 0.08075095 0.07476679 0.07648721 0.09791299 0.09138406 0.09320349 0.08530698 0.09927188 0.1071629 0.0974143 0.1116824 0.1253707 0.1158297 0.111417 0.1036338 0.0814973 0.07637971 0.07106332 0.06758065 0.02258064 0.02044355 0.01883065 0.02943548 0.02653226 0.01778226 0.007459677 0.002419355 0.01185484
0.0926762 0.09327608 0.1531876 0.1778678 0.1414821 0.1337855 0.1673838 0.1738373 0.1469577 0.1709448 0.1366495 0.1307217 0.1146503 0.1054743 0.09899652 0.1078178 0.119938 0.116542 0.110581 0.113364 0.09418973 0.09175224 0.105044 0.07962698 0.08219076 0.08463636 0.09417047 0.08201123 0.07539846 0.07025287 0.07449214 0.0911053 0.08416873 0.08333144 0.08578892 0.0986209 0.1074386 0.1326113 0.1104215 0.1179944 0.1134606 0.108032 0.1014215 0.0847255 0.078259 0.07813518 0.07767107 0.0225 0.03875 0.04915322 0.03927419 0.02649193 0.04137097 0.007379032 0.008508064 0.008064516
0.09592468 0.09293985 0.1567902 0.2136887 0.1340808 0.1500069 0.2267659 0.2023939 0.1605641 0.166077 0.1438893 0.1091887 0.08952315 0.1047071 0.1014606 0.1165868 0.1181211 0.1160955 0.1185113 0.1272579 0.109179 0.1013505 0.09987298 0.08370778 0.09065925 0.09367888 0.09455126 0.09161942 0.09883433 0.07742128 0.07330305 0.08223975 0.08107623 0.07233433 0.08164427 0.09437419 0.09729305 0.106723 0.1112251 0.125591 0.1139249 0.1012287 0.1001046 0.09063545 0.07902605 0.08513472 0.09169962 0.02931451 0.04354839 0.09931452 0.04427419 0.02806452 0.02612903 0.01096774 0.01653226 0.01459677
0.1342396 0.1288023 0.1734821 0.2195758 0.1893141 0.1993567 0.2716648 0.2073715 0.1729639 0.1715306 0.1386207 0.1172363 0.08584875 0.1034908 0.1205535 0.1295626 0.1244993 0.1382636 0.1381832 0.1474593 0.118655 0.1049492 0.1097136 0.09449278 0.1195804 0.1018909 0.103331 0.1133802 0.1141181 0.08207468 0.07574005 0.08093824 0.07953984 0.07329788 0.08144078 0.09738848 0.1172767 0.1440222 0.1780034 0.1454388 0.1193564 0.1135675 0.1090179 0.09229233 0.08723307 0.09117511 0.08766058 0.02939516 0.04213709 0.07189516 0.03971774 0.02104838 0.02270161 0.01532258 0.01580645 0.04588709
0.149058 0.1632894 0.2035007 0.5565004 0.3621684 0.2805694 0.3176694 0.2044425 0.1341438 0.1435317 0.1315608 0.1217581 0.1054902 0.1011044 0.1323155 0.1772977 0.1747435 0.1963733 0.2054408 0.1822508 0.1362868 0.1073186 0.1018908 0.06322431 0.07108615 0.06079439 0.0655599 0.07279932 0.06844971 0.06524659 0.07350215 0.07937739 0.08273245 0.05986702 0.06635567 0.08974022 0.09818761 0.1328949 0.2348752 0.1307119 0.1383129 0.1366039 0.09787401 0.08542188 0.09426457 0.1083879 0.09446206 0.04354839 0.06024193 0.1324194 0.1022581 0.04709677 0.03713709 0.03306451 0.03072581 0.03463709
0.1284732 0.127362 0.1773282 0.4054936 0.3628268 0.2905299 0.3190801 0.1925854 0.1188339 0.1163341 0.09149888 0.1126107 0.09754074 0.09937485 0.118683 0.139225 0.1497537 0.1595804 0.1821603 0.1657439 0.1220099 0.1014955 0.09307005 0.05616942 0.06450848 0.06532031 0.06374127 0.09234943 0.06813705 0.07200802 0.07569019 0.07029571 0.06838416 0.06297801 0.06114456 0.07794464 0.08355463 0.1145506 0.1337955 0.1284482 0.1291567 0.1207899 0.09863787 0.09808525 0.08919287 0.09343965 0.08906095 0.07681451 0.08592742 0.06516129 0.04524194 0.04217742 0.04020162 0.04552419 0.03512097 0.0378629
0.1319158 0.1118617 0.1472596 0.3630828 0.3599001 0.3317204 0.3351288 0.2399398 0.1572197 0.1107629 0.1050187 0.1146201 0.1054712 0.1071266 0.135566 0.1473013 0.1246499 0.1459455 0.1697402 0.1511302 0.1170982 0.1061824 0.1032284 0.06627255 0.06666896 0.06618361 0.07122435 0.09323173 0.08313498 0.08365455 0.05146373 0.0556308 0.06410863 0.07845631 0.06326764 0.08526074 0.1080273 0.1333377 0.1406862 0.1297956 0.1231041 0.1126973 0.1012044 0.1007544 0.09661932 0.09471403 0.09711461 0.06778225 0.0657258 0.04806451 0.03677419 0.03330645 0.05092742 0.0466129 0.03495967 0.01447581
