contrib/geomasonDemos/riftland/DataFiles/RainData/.svn/text-base/3.txt.svn-base
ncols         56
nrows         54
xllcorner     28.264
yllcorner     -5.7719999999999
cellsize      0.25
NODATA_value  -9999
[rows 0 to 26 of 54, columns 0 to 55 of 56]
0.0101002 0.007617202 0.008421865 0.01089999 0.008906044 0.008997682 0.00814082 0.01420505 0.01193155 0.01128799 0.01120761 0.007556885 0.005806589 0.006629522 0.006407353 0.005069559 0.002787038 0.007600355 0.008946887 0.01265725 0.01326738 0.02073654 0.0237981 0.05994106 0.09228352 0.09690507 0.09756663 0.1279856 0.1220594 0.1366818 0.1612641 0.1321018 0.1204257 0.100635 0.08779635 0.1039564 0.1009943 0.1051807 0.1007418 0.07350793 0.05600002 0.05102839 0.06242207 0.05377142 0.05847247 0.04424893 0.04523052 0.0429595 0.04797216 0.04382839 0.04405335 0.032012 0.03379194 0.03678285 0.03484736 0.03805779
0.006913393 0.007749139 0.00844507 0.01908759 0.01830412 0.01908558 0.01705322 0.01852671 0.01612064 0.01646955 0.01368315 0.007987238 0.004526107 0.003621598 0.00373566 0.005365286 0.003203619 0.007595086 0.01032535 0.01006969 0.0141271 0.01813669 0.02536473 0.04876883 0.06012518 0.1035685 0.09130961 0.1257381 0.1225678 0.1343397 0.139399 0.1325097 0.1112813 0.1088852 0.09229699 0.1039366 0.09880889 0.09799223 0.1010598 0.06901343 0.06110422 0.06076011 0.04687775 0.04264694 0.04724702 0.04011941 0.04439855 0.04009832 0.04239386 0.04218454 0.0422497 0.02795235 0.0290605 0.03127298 0.03105524 0.03437959
0.01032164 0.007849882 0.009303245 0.03184107 0.03261263 0.02839986 0.02813008 0.0229576 0.02062827 0.01905898 0.01954709 0.003779225 0.004099694 0.00946218 0.01176473 0.008220356 0.003827146 0.006897449 0.007178653 0.01476528 0.01684507 0.02105208 0.02790486 0.04199311 0.04925444 0.0770756 0.0908799 0.1127387 0.1145112 0.1354253 0.1417228 0.1313427 0.1193633 0.1160116 0.09372102 0.1025697 0.08880035 0.1005945 0.1012364 0.07835653 0.06343149 0.06289379 0.05046111 0.03554555 0.03955728 0.03633345 0.03998845 0.03804259 0.03792074 0.03858119 0.03846944 0.02419116 0.0253882 0.02538744 0.02445892 0.03381199
0.01064464 0.01580155 0.02049964 0.05420041 0.0553049 0.05699988 0.05861175 0.05398013 0.04752155 0.03267571 0.02490167 0.02696206 0.01433713 0.01047947 0.0175159 0.01776503 0.0109743 0.03124192 0.04447178 0.06125294 0.05932792 0.05884973 0.05634145 0.05126724 0.03711493 0.06701191 0.08916625 0.08221813 0.08699035 0.08940846 0.07316297 0.07745741 0.08371712 0.1223253 0.1004015 0.07877032 0.0682037 0.06458382 0.06288743 0.07404092 0.05877879 0.06374677 0.04659822 0.0463842 0.03835962 0.03416384 0.04769314 0.03550033 0.03022694 0.0307195 0.03069979 0.02246722 0.02174736 0.02136394 0.01983247 0.01668502
0.01712703 0.0233689 0.01948253 0.0573757 0.06332429 0.05938702 0.05919771 0.05652236 0.04290848 0.03720588 0.03017561 0.01693453 0.01514625 0.01211217 0.01368194 0.01754957 0.01890007 0.03288138 0.04794764 0.06191145 0.05822247 0.05917238 0.05554716 0.05281296 0.03922073 0.05861587 0.06104913 0.07305314 0.0707413 0.06637458 0.06428311 0.07341364 0.07913075 0.09539518 0.08135792 0.07731818 0.06936923 0.0521759 0.05389771 0.07672498 0.05721085 0.03771517 0.03268722 0.03121629 0.03217976 0.03087592 0.03979099 0.03387742 0.0277464 0.02805617 0.02751164 0.02053965 0.0193159 0.01790114 0.01834817 0.01356692
0.01609644 0.02073883 0.01797774 0.06121885 0.06545977 0.06255171 0.06340774 0.05614711 0.04971453 0.04405706 0.04405786 0.03187479 0.02429663 0.01789831 0.02551589 0.0207786 0.01358755 0.03541267 0.05371217 0.06147205 0.05677145 0.05983699 0.06483232 0.0529092 0.03383113 0.04574497 0.05049944 0.05812346 0.05289554 0.05342808 0.05637901 0.06481829 0.07408898 0.07119455 0.07050682 0.08026461 0.0715202 0.05020332 0.05567611 0.05559883 0.03874002 0.02278371 0.02544972 0.03631666 0.02868898 0.02514491 0.024614 0.02325357 0.02473387 0.02497723 0.02388866 0.01790765 0.01701894 0.0157656 0.01440638 0.01104143
0.01600194 0.01754868 0.01865218 0.07899831 0.07454721 0.06994022 0.06098694 0.06627725 0.05465861 0.0364706 0.09409977 0.05701039 0.04251384 0.03049782 0.03086876 0.02848383 0.03112622 0.04101691 0.06087007 0.05969675 0.05628146 0.05919543 0.0605253 0.05095509 0.04066228 0.08086033 0.07985061 0.05472822 0.05165001 0.04577098 0.04767453 0.06339958 0.06728271 0.0913495 0.06873135 0.05190651 0.04579164 0.0375167 0.050944 0.0440147 0.02529527 0.01897419 0.01722352 0.02325094 0.02618666 0.0277607 0.0227192 0.02003409 0.02143345 0.02141634 0.02054013 0.01726125 0.01638019 0.01558876 0.01425911 0.009648571
0.02290576 0.02787974 0.02228388 0.06088187 0.05643737 0.05750642 0.04777758 0.04464905 0.03459072 0.03855363 0.05218828 0.05747145 0.07327317 0.05040939 0.05190755 0.0574441 0.02372711 0.01945082 0.0214769 0.01534434 0.01287119 0.01402169 0.02341976 0.02819979 0.02400803 0.05594655 0.03294641 0.03707414 0.03132153 0.03067199 0.02487334 0.05818261 0.05932652 0.08443106 0.07671276 0.05433928 0.01192546 0.01631009 0.04803656 0.0466717 0.02672631 0.01382899 0.01845902 0.02752995 0.033449 0.02755291 0.01851016 0.02353244 0.02384348 0.0216308 0.01934348 0.009230374 0.01074965 0.01135542 0.01224775 0.006836784
0.03655597 0.02870983 0.02210545 0.06047172 0.07065412 0.05350564 0.05351187 0.05296618 0.05247007 0.06283749 0.05763483 0.08089949 0.06168211 0.04392155 0.04139633 0.06181554 0.02496122 0.01143497 0.0143612 0.01131627 0.01134654 0.01655963 0.01550586 0.023469 0.01825012 0.0235076 0.03259484 0.02726295 0.03289045 0.03628505 0.02630946 0.03168285 0.04945797 0.1243047 0.0641173 0.05314099 0.01651281 0.01446608 0.04503035 0.0207262 0.02062068 0.009655189 0.009468133 0.03042341 0.0284487 0.01920544 0.023201 0.02170333 0.02182536 0.02008686 0.01775423 0.01037536 0.01135262 0.01120212 0.01186961 0.005646697
0.04652346 0.06232533 0.03730232 0.06331418 0.06459548 0.08678226 0.05493608 0.06633481 0.05734057 0.06038338 0.07168939 0.07304686 0.06195678 0.04000029 0.01643817 0.01673422 0.01253867 0.02482463 0.02002114 0.01332595 0.01632359 0.01471508 0.01473906 0.01493121 0.01280112 0.02589303 0.03154227 0.03550937 0.0381012 0.04258933 0.03487688 0.04668834 0.03307588 0.07044785 0.07967816 0.07087264 0.05657257 0.02634693 0.01106962 0.01352298 0.0136725 0.008671917 0.0131937 0.0456363 0.02987624 0.0168092 0.01600612 0.02044607 0.02064604 0.02289886 0.01645051 0.008377391 0.01087496 0.01103614 0.01214054 0.005009363
0.05842248 0.07796767 0.0369003 0.06852445 0.06570933 0.05912244 0.0422097 0.0699345 0.05950053 0.06213306 0.08477515 0.09585752 0.03274639 0.03179136 0.01566808 0.009747359 0.0130383 0.007406813 0.01131846 0.007642826 0.008699427 0.0101829 0.01227859 0.0157083 0.01730194 0.01581934 0.01649405 0.03452981 0.03552229 0.03848797 0.04871179 0.05193868 0.05619412 0.04812032 0.07100372 0.07369396 0.05199784 0.01563391 0.02221907 0.02104268 0.01448079 0.01070255 0.008423907 0.04793997 0.02133117 0.01909883 0.0182404 0.02053253 0.02586105 0.02042363 0.01753131 0.008051881 0.01591084 0.01079991 0.01187781 0.004499568
0.03476775 0.0321313 0.02531814 0.04127302 0.04428971 0.04119281 0.02346706 0.03345444 0.03210818 0.04252603 0.05311221 0.05708751 0.04223572 0.02885314 0.009903038 0.01336174 0.02318006 0.009909925 0.01147252 0.01793906 0.02256269 0.02491931 0.02606483 0.02250133 0.03087478 0.03592112 0.04788797 0.03539884 0.03291435 0.02433161 0.02475938 0.0432709 0.04663144 0.02554727 0.02811524 0.03290631 0.06363141 0.0158792 0.005440757 0.0214976 0.01857403 0.02372488 0.01828292 0.02737695 0.02096854 0.009139556 0.009817751 0.008443414 0.008395948 0.007870401 0.007232209 0.003371653 0.002950396 0.002653722 0.002445139 0.003539226
0.03331294 0.02660292 0.02385136 0.03845704 0.03781849 0.02663136 0.02481475 0.03493701 0.03830431 0.03869731 0.04325564 0.07253154 0.05209973 0.05776431 0.03361585 0.03545162 0.07185848 0.0108195 0.01773544 0.0246027 0.03178415 0.0313397 0.02931358 0.02597539 0.03280369 0.03738827 0.04811753 0.02540833 0.0206691 0.01795721 0.01446794 0.04413087 0.03976655 0.0200709 0.02139257 0.02870831 0.0214393 0.01310606 0.003049176 0.01294836 0.02576054 0.02216645 0.01831486 0.01806855 0.01302511 0.009216322 0.009414639 0.00804999 0.006993849 0.006358945 0.005652834 0.006279168 0.002207251 0.00195641 0.001856505 0.002821702
0.04064389 0.03254009 0.02950518 0.04456881 0.03854246 0.03142877 0.02693017 0.03169616 0.03481022 0.04174867 0.04608305 0.08029172 0.0836939 0.06943797 0.02659195 0.04309135 0.03217987 0.01883309 0.03816218 0.03704039 0.03591176 0.03648983 0.04257905 0.03414269 0.03971722 0.03864438 0.05702595 0.02321503 0.01874318 0.01686341 0.01106966 0.02832462 0.02845745 0.01427636 0.01813696 0.03407602 0.01521091 0.02435863 0.01484505 0.02412593 0.02834303 0.04149576 0.016356 0.01551227 0.01482811 0.01979349 0.01827557 0.007210288 0.006467808 0.005774312 0.03212827 0.01442745 0.01048224 0.001560903 0.001526918 0.002500903
0.06253941 0.06416267 0.05208031 0.06592777 0.05078082 0.0393437 0.03410028 0.0444073 0.04102163 0.04076381 0.0502481 0.07178329 0.04793509 0.0509331 0.04814095 0.04952971 0.02598037 0.02057718 0.06248212 0.05056895 0.03863531 0.03743376 0.05245304 0.03679357 0.04034812 0.04410545 0.05320083 0.01697791 0.01553442 0.01143885 0.01158431 0.01256628 0.02016983 0.01431077 0.01420509 0.009273308 0.006089057 0.006748706 0.01722056 0.04054429 0.02455357 0.02306622 0.03098507 0.03142704 0.01540955 0.01462782 0.02354225 0.01204333 0.008934586 0.02256502 0.03282791 0.02871892 0.0102006 0.001478884 0.001438453 0.002214266
0.05520898 0.05659752 0.05411786 0.09103119 0.05944061 0.03475244 0.03224397 0.05618498 0.06375472 0.04935956 0.05920621 0.05032979 0.04407433 0.04989139 0.03733851 0.05617471 0.03204335 0.03764967 0.0447766 0.05046893 0.04024488 0.03073638 0.03810316 0.04075545 0.0370459 0.02541836 0.02522622 0.009849099 0.006036523 0.004514004 0.004826934 0.009076217 0.01163533 0.01366326 0.01967802 0.0213964 0.01707302 0.01814922 0.01800613 0.03387733 0.02652478 0.02647235 0.04993302 0.07399683 0.01331389 0.029408 0.02109946 0.0115085 0.01431657 0.02845316 0.03392255 0.01678467 0.01956499 0.001502572 0.001479151 0.002554625
0.06026727 0.05813337 0.05840541 0.06286229 0.0724274 0.04695644 0.03995561 0.06061275 0.06354394 0.05863656 0.05448045 0.06290691 0.03719995 0.08075756 0.0444602 0.07135198 0.06044719 0.04916175 0.06269692 0.07699136 0.04187189 0.0319229 0.03215304 0.03159549 0.02692202 0.02086877 0.01905673 0.01128657 0.00375439 0.003345534 0.004127134 0.01010408 0.01282432 0.01526957 0.01807978 0.01839833 0.02293166 0.02309518 0.02095105 0.03095859 0.03403081 0.07202804 0.07317592 0.02723043 0.01437846 0.01757862 0.02425104 0.02443141 0.01424284 0.005936424 0.004731983 0.00232808 0.001721226 0.001431575 0.001617794 0.006329135
0.07755077 0.06856272 0.06849801 0.07215258 0.08558696 0.06437255 0.05450408 0.07747807 0.06754386 0.04870189 0.05366355 0.05476603 0.03489428 0.04128582 0.03603635 0.09351113 0.1112656 0.08998162 0.05005455 0.04291268 0.02339541 0.05593542 0.02713342 0.02814232 0.02282237 0.01809081 0.01292285 0.003819747 0.003087631 0.003110386 0.004076851 0.01148515 0.01426364 0.01754342 0.02036342 0.02148719 0.02422787 0.02792253 0.02559815 0.04105787 0.05278791 0.05997784 0.07082267 0.0360713 0.03411722 0.0229215 0.02985343 0.03928069 0.02618635 0.01176076 0.01174786 0.009155321 0.007476044 0.004291939 0.001893205 0.008103148
0.1007617 0.07900368 0.08169387 0.08992349 0.108238 0.08574256 0.08482032 0.08205171 0.06611425 0.04419066 0.04331625 0.03911283 0.03436038 0.04376404 0.04286102 0.07201206 0.1006449 0.1037572 0.06259639 0.03201096 0.02327094 0.03067288 0.02893057 0.02913849 0.02365247 0.01954438 0.01228855 0.01042206 0.003132677 0.003551136 0.00455445 0.01364954 0.01621361 0.01952177 0.02325343 0.02982009 0.03257867 0.03291403 0.03915744 0.07116212 0.07614179 0.07394907 0.06850692 0.08395726 0.04490129 0.02217352 0.01456123 0.01669385 0.03076106 0.02657928 0.01344425 0.01691262 0.007717609 0.006435698 0.01167155 0.01001872
0.125368 0.1157664 0.1223151 0.1234235 0.1466015 0.1746442 0.1513363 0.0687262 0.05232529 0.04120973 0.03697295 0.0457193 0.05912095 0.08677961 0.06089311 0.03664175 0.03225536 0.04590366 0.05236425 0.04553492 0.04097999 0.02345759 0.01509078 0.01189979 0.01077932 0.0100097 0.01101922 0.01246105 0.005098938 0.005848598 0.008531378 0.01852506 0.02269574 0.02778133 0.03373406 0.04299581 0.05584635 0.06255212 0.07063483 0.06724594 0.05899997 0.05581405 0.05000759 0.06037657 0.05223111 0.035787 0.02072608 0.01432336 0.0117524 0.01478692 0.01221251 0.005422898 0.01206659 0.02931911 0.009884978 0.00672521
0.1136442 0.1035696 0.1042317 0.1343047 0.1369165 0.1575085 0.1486566 0.066982 0.05181912 0.03893065 0.03679743 0.05447631 0.07401822 0.08704551 0.05728581 0.03699759 0.03547693 0.04208884 0.04850067 0.05318784 0.05001511 0.02994034 0.02129546 0.01334765 0.01203396 0.0109699 0.01322922 0.01330089 0.007155404 0.006961423 0.009676249 0.02085987 0.02605676 0.03109432 0.03794179 0.05102873 0.05931187 0.06545796 0.08552408 0.06731791 0.05231187 0.05023871 0.04588209 0.05451959 0.04850248 0.04116351 0.03166721 0.01199433 0.009310681 0.01076136 0.01402116 0.01564278 0.007353486 0.01388276 0.01536862 0.01020335
0.08114474 0.07902852 0.1064011 0.1228073 0.132895 0.1562174 0.1361362 0.07843943 0.05028834 0.04341462 0.04114597 0.06626128 0.06611103 0.06215812 0.05778783 0.04950885 0.04427846 0.04207563 0.03788075 0.05686897 0.05969956 0.03384421 0.02841261 0.01617443 0.01476394 0.01333689 0.01383132 0.01777799 0.009633467 0.009246998 0.01150614 0.02447985 0.032467 0.03548586 0.04237518 0.05436976 0.06257281 0.0811692 0.1011161 0.07892808 0.05973406 0.05108192 0.04707603 0.05590124 0.04777741 0.04410683 0.03436492 0.01347426 0.009575467 0.007547128 0.01387214 0.03953686 0.0645665 0.009620336 0.01465674 0.007017256
0.08826453 0.07998106 0.1038473 0.1547456 0.1449968 0.1339015 0.1486755 0.08368693 0.04801131 0.04814933 0.04296012 0.07475093 0.0641553 0.07883473 0.06940081 0.07192962 0.06619725 0.06109706 0.04712696 0.08996042 0.08374121 0.0561497 0.03940916 0.02102987 0.01897315 0.01754744 0.01736151 0.02721801 0.01271509 0.01279399 0.01399669 0.02905058 0.03852788 0.04427455 0.05249631 0.05748821 0.06864291 0.08020789 0.08492296 0.07636366 0.06814764 0.05756465 0.0528159 0.07182748 0.05434257 0.04531557 0.03832636 0.01422047 0.01069754 0.0140908 0.01792932 0.01414872 0.008288397 0.01440576 0.01557971 0.01105089
0.102157 0.06312768 0.07113907 0.1126518 0.0776307 0.07261818 0.08081665 0.05820853 0.05051091 0.0500668 0.05338217 0.05466257 0.04515074 0.06216647 0.06326019 0.06515787 0.05966799 0.05444891 0.04936897 0.04214493 0.05170907 0.0447053 0.04020392 0.02999849 0.02653612 0.02812586 0.02683701 0.02325541 0.02351618 0.02623522 0.02633219 0.04020288 0.04613271 0.05092463 0.06149568 0.06315529 0.07053709 0.07523316 0.07281382 0.06316178 0.05993085 0.0550965 0.06376629 0.05454376 0.03464752 0.0219842 0.01355958 0.007731829 0.007012163 0.006962123 0.006759403 0.00934341 0.02237811 0.02414968 0.02257954 0.02271103
0.06516217 0.05260859 0.038919 0.05167478 0.04491307 0.0451856 0.046306 0.05308739 0.0518585 0.05333417 0.05740529 0.05455295 0.04794751 0.07102374 0.06127627 0.05845313 0.06546233 0.06065849 0.05622083 0.04580439 0.03593401 0.03488605 0.03863631 0.03713402 0.03531525 0.03529845 0.03101181 0.02656799 0.03173142 0.02889237 0.03728928 0.04837095 0.0538424 0.056254 0.06484189 0.06781815 0.07457488 0.07873303 0.07835241 0.07026999 0.06599648 0.05636836 0.06407544 0.04299275 0.05063543 0.03451188 0.01559355 0.008268041 0.004694046 0.004956497 0.002844152 0.01673432 0.02285899 0.02850652 0.03878347 0.03069391
0.06472219 0.03687588 0.02813637 0.05007606 0.04061617 0.03919744 0.04233861 0.05250268 0.05500529 0.05067298 0.05313467 0.05764813 0.06005142 0.06529313 0.06837456 0.07045056 0.07415187 0.06650215 0.06525775 0.05245871 0.04078712 0.03860497 0.04260842 0.05076782 0.05224036 0.04996155 0.04134984 0.03698719 0.04840522 0.04252011 0.04007284 0.05289929 0.05917687 0.06528236 0.07113974 0.07432108 0.08232404 0.08520388 0.08695947 0.08309221 0.08646552 0.07040157 0.0514979 0.02537171 0.03823788 0.06040877 0.03691612 0.02463842 0.01173293 0.007653803 0.005805598 0.01674607 0.01755095 0.0154579 0.04707307 0.03342203
0.05012058 0.02877366 0.02100485 0.04672157 0.06422876 0.04185438 0.05068118 0.05401041 0.06193327 0.06715597 0.06829666 0.07401522 0.07698931 0.07300818 0.08656526 0.0886904 0.09294228 0.0977519 0.08078162 0.06150745 0.05090604 0.05278939 0.05326422 0.06676907 0.06918993 0.0660414 0.05854316 0.04675581 0.05056319 0.0420097 0.04376692 0.0562909 0.06210738 0.06899667 0.07763401 0.08418833 0.09004479 0.09325121 0.09830391 0.1017879 0.1015175 0.0899086 0.06653024 0.03113922 0.0324146 0.05213189 0.04423356 0.02645854 0.01977866 0.01549998 0.03524746 0.03884513 0.03765091 0.03226629 0.04540466 0.0627206
