contrib/geomasonDemos/riftland/DataFiles/RainData/.svn/text-base/32.txt.svn-base
ncols         56
nrows         54
xllcorner     28.264
yllcorner     -5.7719999999999
cellsize      0.25
NODATA_value  -9999
[rows 0 to 24 of 54, columns 0 to 55 of 56]
0.1958171 0.146741 0.1610916 0.1259973 0.1265383 0.1414316 0.1680709 0.2194749 0.1819355 0.1723262 0.1989101 0.2145866 0.1991167 0.241947 0.3104947 0.2202257 0.1905255 0.1564127 0.1379481 0.2000678 0.2043963 0.1968794 0.1903063 0.1934478 0.1774508 0.2074025 0.2264712 0.2480782 0.255323 0.2863356 0.1943759 0.159943 0.1315769 0.172042 0.1510458 0.2103569 0.1620378 0.1654044 0.1668322 0.2367411 0.1271291 0.1262733 0.1891675 0.2366297 0.2185203 0.3108911 0.3027341 0.2330354 0.1300638 0.09286565 0.05812037 0.0240478 0.02280466 0.02758118 0.03517603 0.01011549
0.1603727 0.1245632 0.1121846 0.1047689 0.1269771 0.1329364 0.1373606 0.1290978 0.1555034 0.241905 0.2705496 0.1957906 0.1512 0.157001 0.1840942 0.1939823 0.1439977 0.1287571 0.1034741 0.1908986 0.1959097 0.1454889 0.1396604 0.1508856 0.1711819 0.1744692 0.1773694 0.1939392 0.1799871 0.1443921 0.1187266 0.136529 0.09707712 0.09403753 0.1299023 0.2067311 0.1947663 0.1353295 0.08970591 0.1119257 0.08869518 0.1416327 0.2118186 0.2516468 0.2365599 0.2973543 0.2885013 0.2233629 0.1311758 0.1099507 0.04388971 0.02167323 0.02386833 0.03317829 0.03216637 0.01480615
0.165082 0.1172864 0.1249775 0.1052717 0.1237529 0.1346184 0.1283541 0.1920654 0.1900476 0.1698343 0.1947148 0.201748 0.1967547 0.1899176 0.1744453 0.1498946 0.1639458 0.1200745 0.1208742 0.1715103 0.1520295 0.1967421 0.1472281 0.1422562 0.2058596 0.1646764 0.1488485 0.1469821 0.1439139 0.1099703 0.09879678 0.1221297 0.1169262 0.1297525 0.1099761 0.09542479 0.1067588 0.1403644 0.1004029 0.08184927 0.1385337 0.1756936 0.2163793 0.2538292 0.2460416 0.1644205 0.1958748 0.1180846 0.05075827 0.04460275 0.05199632 0.04172979 0.03738472 0.011559 0.01551367 0.008112908
0.2715326 0.2114048 0.181118 0.1626181 0.1659903 0.1487575 0.1460939 0.184293 0.1605047 0.1580762 0.1283636 0.1285912 0.1647325 0.1778305 0.1831574 0.1657069 0.2003504 0.1566516 0.1718081 0.1856381 0.2557802 0.268605 0.1294079 0.1572471 0.1423575 0.197764 0.2302787 0.186931 0.1236962 0.1471634 0.1446324 0.1434738 0.1445534 0.1305126 0.2128021 0.1328172 0.1384603 0.1004722 0.05965926 0.06427433 0.1046487 0.1848979 0.2272215 0.2142083 0.1517691 0.07603782 0.08269355 0.06863828 0.04712248 0.02097109 0.03877768 0.03647541 0.02795717 0.0189874 0.01131342 0.001477672
0.2580827 0.2361239 0.2178275 0.2031563 0.182967 0.1642942 0.1715721 0.1910671 0.1292425 0.101206 0.1110846 0.1432644 0.1582341 0.1410821 0.1216778 0.1377636 0.1380089 0.1202232 0.1320152 0.1618038 0.1883699 0.1802902 0.1273573 0.1785655 0.1294436 0.1171695 0.1224514 0.1111239 0.0929029 0.1488395 0.1604272 0.1682685 0.1624543 0.1410565 0.1941969 0.1690412 0.1159088 0.06712621 0.02991326 0.05948641 0.1203578 0.1745338 0.2305809 0.1736749 0.1418997 0.07123385 0.03363388 0.02738287 0.05781357 0.06170305 0.05433954 0.03467244 0.0233364 0.02254264 0.003178002 0.001155058
0.2480181 0.2189496 0.2375167 0.2180427 0.1845793 0.1782256 0.2075987 0.3098636 0.1519568 0.1180461 0.1344327 0.1732178 0.152755 0.1279838 0.1228116 0.1658328 0.1332899 0.1102891 0.09061974 0.1483597 0.2127033 0.1929395 0.1794101 0.2266599 0.2008831 0.1441013 0.07745412 0.08034764 0.09038703 0.112411 0.1669746 0.1887587 0.1654735 0.1584736 0.1413647 0.1154303 0.1147551 0.07679134 0.03479804 0.06926665 0.1605906 0.1825251 0.1995477 0.121919 0.07140499 0.04216425 0.02498315 0.02131676 0.03233917 0.03127127 0.02737513 0.01683547 0.01938149 0.008124627 0.005992812 0.001240349
0.2695477 0.2333948 0.2443147 0.2534419 0.2336845 0.2156766 0.1867848 0.1537293 0.1268678 0.1317334 0.1767825 0.205092 0.1196603 0.1015078 0.1038089 0.129255 0.170132 0.09425665 0.07511762 0.2096722 0.2250503 0.1925685 0.1485419 0.1656277 0.1634298 0.1321193 0.1554202 0.08580762 0.07535324 0.1186122 0.151726 0.1334647 0.1789358 0.1894508 0.1094537 0.06206506 0.0826414 0.06378986 0.07375982 0.1320611 0.1764235 0.1601228 0.1038625 0.0763303 0.0622033 0.06538808 0.03996999 0.02149963 0.01797129 0.01100548 0.01313746 0.01210396 0.02005304 0.01576496 0.003928533 0.0006873049
0.3523681 0.2671186 0.2236155 0.2299826 0.2024195 0.171242 0.2261116 0.1415123 0.1330498 0.2186201 0.233205 0.1414094 0.1199492 0.1148687 0.1239969 0.1635956 0.1349629 0.1292181 0.09876216 0.1784867 0.1694378 0.1645113 0.1907516 0.184128 0.1787581 0.1428364 0.1404279 0.1072156 0.1401405 0.1309087 0.1056855 0.09691386 0.09186468 0.1089817 0.06484549 0.05358589 0.06329304 0.05740462 0.09750235 0.1010765 0.138729 0.1240486 0.09080857 0.08657093 0.07367454 0.06961536 0.03027216 0.02850106 0.02115754 0.01236149 0.01003331 0.006620884 0.01284312 0.003020185 0.003866704 0.001908654
0.3132384 0.251775 0.2292651 0.2801104 0.2155153 0.2147616 0.2505285 0.1843244 0.1672678 0.2083034 0.1902878 0.1632061 0.1459735 0.1352691 0.1161796 0.1440391 0.1234338 0.1450299 0.1421111 0.1992116 0.1435344 0.2155305 0.1965348 0.1972461 0.131671 0.1229547 0.1168645 0.1062718 0.07786055 0.07611683 0.07131939 0.09590202 0.07926738 0.06680863 0.04988055 0.04147329 0.04292174 0.02269873 0.06110262 0.05870659 0.06615242 0.05680095 0.04558492 0.05566713 0.04011008 0.02520577 0.02035314 0.01120514 0.02625267 0.01185608 0.006774645 0.00134432 0.002549312 0.006777253 0.004671957 0.003492884
0.3091401 0.3297238 0.290698 0.4536323 0.3113565 0.1724623 0.2189972 0.2329531 0.21071 0.2421498 0.2332079 0.1827192 0.2573059 0.1498031 0.09132563 0.1672345 0.1349837 0.1313195 0.1546998 0.1725063 0.1754463 0.2110454 0.1965798 0.1579241 0.1384497 0.1114768 0.07481957 0.05206695 0.04939562 0.03968874 0.07021928 0.0715228 0.09752876 0.06834262 0.03125541 0.03629854 0.1400893 0.04110482 0.02848877 0.03432601 0.03943106 0.03164101 0.0300783 0.03001459 0.02188985 0.0211632 0.01715067 0.01440055 0.009877768 0.01222068 0.01332838 0.01156287 0.01199193 0.00946447 0.005897838 0.005916527
0.300376 0.2879066 0.2005773 0.2082201 0.1934727 0.1868127 0.1365993 0.2021744 0.2161207 0.173973 0.1479525 0.1338542 0.1235859 0.1293819 0.1248472 0.1469669 0.1652418 0.1579338 0.1533255 0.247678 0.2059018 0.1803453 0.1570482 0.1663923 0.09883244 0.07643476 0.06745066 0.04182114 0.05023008 0.04650306 0.05621143 0.05848915 0.08522511 0.05201595 0.04426626 0.03816101 0.04313671 0.01940893 0.01321596 0.009077849 0.01960625 0.04523894 0.01862618 0.01598201 0.02136307 0.00952603 0.006727689 0.005349752 0.008072154 0.01175678 0.009350783 0.00775522 0.008991663 0.01394492 0.009971645 0.007112599
0.3348345 0.2969292 0.2392567 0.1955634 0.1981448 0.2177643 0.2057423 0.1562937 0.1615946 0.142635 0.1342115 0.1626492 0.113491 0.1101433 0.1266786 0.1628143 0.1350496 0.1736457 0.2411007 0.3323335 0.2308403 0.1868903 0.1418882 0.09813188 0.09498008 0.04719637 0.04761955 0.04830809 0.06171026 0.04132661 0.0262698 0.0177935 0.02350589 0.03365928 0.02150354 0.04614468 0.01627651 0.01460226 0.009776385 0.01286859 0.01558589 0.04378694 0.02592248 0.01562498 0.01880457 0.01265313 0.01186097 0.01241853 0.01112907 0.01028483 0.009609661 0.01277465 0.01425408 0.01446857 0.00678125 0.004650334
0.2861908 0.2862445 0.2455555 0.2410915 0.2087037 0.2023772 0.1887595 0.1776935 0.1913712 0.1534812 0.1354554 0.1752 0.1281665 0.1119286 0.1334687 0.1703569 0.125765 0.1465255 0.2119552 0.2664774 0.2168953 0.2101104 0.1358822 0.07229587 0.05920377 0.04219143 0.02989381 0.03117037 0.02980321 0.02668764 0.01721345 0.02042972 0.0283079 0.00404154 0.006551741 0.0108593 0.004112723 0.006951182 0.01361819 0.0110159 0.01434508 0.0218625 0.017261 0.009891701 0.00959844 0.009616548 0.01004207 0.01188688 0.01090779 0.01011501 0.009258909 0.007761511 0.006628004 0.005845862 0.0053282 0.004364213
0.268729 0.2117218 0.2261891 0.2588584 0.2262633 0.2212258 0.1777132 0.2834167 0.2050218 0.1734349 0.1708681 0.1749163 0.1640683 0.1207937 0.1218176 0.1832946 0.1681257 0.175113 0.1623627 0.2677912 0.2322009 0.2263843 0.1939011 0.1360378 0.09647232 0.06502185 0.03208518 0.03188467 0.03428312 0.0282971 0.01805458 0.019426 0.01454296 0.00910148 0.009099395 0.005438124 0.00286112 0.005689428 0.0139998 0.01082446 0.01144021 0.009858245 0.01251594 0.009180889 0.009234571 0.01184148 0.01083981 0.01202368 0.01085454 0.00996349 0.00952679 0.007404134 0.006243675 0.005374921 0.00482826 0.004052765
0.2317328 0.2390117 0.1911226 0.1892636 0.1698025 0.1707477 0.1980536 0.228159 0.2135897 0.1654644 0.1581284 0.1529984 0.1674157 0.174428 0.1840487 0.1996214 0.2269773 0.1878923 0.1969766 0.2571511 0.1810867 0.164787 0.1811092 0.09762041 0.0718221 0.03833414 0.02099947 0.02234374 0.0450426 0.03156879 0.01804186 0.01893095 0.01353153 0.01551508 0.01141148 0.003881554 0.003218742 0.006881449 0.007793647 0.008581119 0.009744324 0.009476461 0.00937546 0.008972944 0.01049503 0.01130761 0.01105208 0.01220812 0.01115327 0.01004645 0.01003785 0.00726768 0.006011377 0.005092985 0.004549103 0.003989651
0.2528689 0.2395982 0.1954598 0.2050135 0.1637419 0.2082013 0.1627211 0.1633165 0.2325897 0.184643 0.1582123 0.1750562 0.2059236 0.2194443 0.2003987 0.2333102 0.198904 0.1818569 0.177736 0.1869821 0.1680969 0.1389729 0.1094862 0.09340668 0.07047741 0.0380765 0.02752898 0.023935 0.0390025 0.01894376 0.00121824 0.001913973 0.001903504 0.004295402 0.005082544 0.004453258 0.004748717 0.005327365 0.006296315 0.01219309 0.01377693 0.01458969 0.01453906 0.01012837 0.011009 0.01223409 0.0124021 0.01310317 0.01187324 0.01056411 0.009124658 0.00728351 0.006054007 0.005056745 0.004401467 0.003860548
0.2630941 0.2033328 0.1905656 0.2169062 0.1967049 0.182477 0.1382389 0.202049 0.2351145 0.1963314 0.1942317 0.2135913 0.2034247 0.1932658 0.2243093 0.2514628 0.2058867 0.1839594 0.1896505 0.2478303 0.1899025 0.1692599 0.1090467 0.08727192 0.0580313 0.04281873 0.034205 0.03628321 0.02896484 0.007449489 0.00159883 0.001427089 0.001249692 0.001527049 0.001983487 0.00335845 0.00402401 0.004851759 0.005836731 0.01144219 0.01307865 0.01395454 0.01402259 0.009867024 0.01047403 0.01192942 0.01223979 0.01303745 0.01180721 0.01057124 0.009092927 0.007271969 0.006058663 0.005162891 0.00458659 0.00418999
0.2552463 0.2270277 0.2246136 0.2253191 0.2466528 0.2136072 0.1794356 0.2233969 0.2102352 0.1697365 0.1660184 0.1854691 0.2066633 0.2120373 0.201208 0.2645414 0.217443 0.2034481 0.2259352 0.2515829 0.2280365 0.1762951 0.1094277 0.086686 0.06855448 0.05876803 0.04902294 0.02821127 0.01737208 0.008842742 0.001830924 0.003344031 0.002164646 0.002083148 0.0023287 0.003412488 0.003738942 0.004359225 0.005271547 0.0103636 0.01188556 0.0127015 0.01288753 0.009146653 0.009277646 0.01074149 0.01124413 0.01207746 0.01095405 0.009795539 0.008443513 0.00700711 0.005795422 0.005036097 0.004574789 0.004232005
0.1997599 0.2231101 0.192108 0.1951568 0.2433778 0.2074135 0.188213 0.1748471 0.2075693 0.1952783 0.170299 0.171815 0.2255201 0.2345815 0.2200501 0.247227 0.2649319 0.2328287 0.2724799 0.2408374 0.1916888 0.1609126 0.1493638 0.1240242 0.0845388 0.08367931 0.06436274 0.01827489 0.01324185 0.009829495 0.004982132 0.008824147 0.00395443 0.003319748 0.003134694 0.003900083 0.003597161 0.003848519 0.004612692 0.008945448 0.01018749 0.01091442 0.0111101 0.007931218 0.008085187 0.009515092 0.01002637 0.0107016 0.01058786 0.008587278 0.00737943 0.006190259 0.005101384 0.00448255 0.004135171 0.003892937
0.2195663 0.2526777 0.2450508 0.2442021 0.3012396 0.2150456 0.1788954 0.2096691 0.2049328 0.1971699 0.1832766 0.2106327 0.2313399 0.2287671 0.2079849 0.1952143 0.2085144 0.2099189 0.2006049 0.2004829 0.1766466 0.1642472 0.1662779 0.1358255 0.1085738 0.08697245 0.06746356 0.03671324 0.02830784 0.02412135 0.02418203 0.02179992 0.01245328 0.01001407 0.007386749 0.002600387 0.002065353 0.001979091 0.002342625 0.0064093 0.007123705 0.007618553 0.00778237 0.008887191 0.009437878 0.01030518 0.01011598 0.009216418 0.0081924 0.007055257 0.005927306 0.004712602 0.003778469 0.003495783 0.003079859 0.004295007
0.2250856 0.2269848 0.2770969 0.2918431 0.279048 0.237106 0.1988221 0.2420838 0.2370708 0.2073254 0.190038 0.1978636 0.2185504 0.2131483 0.1988194 0.1740873 0.1812276 0.1774009 0.2098827 0.2073875 0.2141714 0.2152833 0.1876414 0.1604536 0.1256461 0.1008221 0.08223949 0.06283377 0.04371157 0.03285638 0.03383915 0.02564189 0.01394018 0.0109437 0.008888167 0.002880104 0.001982133 0.001645526 0.001909398 0.005165075 0.005652801 0.006060453 0.006207282 0.007157693 0.008375845 0.009154905 0.008962139 0.008027681 0.007117838 0.006612667 0.005800039 0.004666093 0.003466652 0.004013278 0.002997897 0.004029085
0.1909822 0.195545 0.197371 0.276135 0.269346 0.1879222 0.1878846 0.2534186 0.2169908 0.185263 0.1791473 0.1918194 0.1711819 0.1965642 0.2067974 0.1982056 0.2012331 0.2150733 0.2588077 0.2702215 0.2579591 0.2405984 0.1882617 0.2017072 0.1632298 0.1234672 0.1181942 0.08884926 0.06144454 0.04589462 0.04773634 0.02998984 0.02199693 0.01959698 0.01252464 0.003907415 0.002508255 0.001906569 0.001989078 0.004633529 0.004808001 0.004968595 0.005077161 0.006242335 0.007656755 0.008314579 0.008172095 0.00714203 0.006288112 0.005400498 0.004604674 0.004088496 0.003611674 0.004017147 0.005074629 0.004755263
0.255052 0.2278959 0.2064929 0.2748021 0.201398 0.1741027 0.1869704 0.2203028 0.2093442 0.1688118 0.1486131 0.1639161 0.1642428 0.2169875 0.1859903 0.1760969 0.2023602 0.211817 0.2635947 0.2847592 0.2975605 0.2581368 0.2136039 0.2140049 0.1794047 0.1478413 0.1320086 0.1149166 0.081831 0.06971934 0.07059303 0.05101767 0.03458891 0.04241075 0.02755377 0.005616024 0.00362785 0.002497721 0.00404731 0.005037816 0.005476279 0.004431849 0.004384861 0.006565465 0.007699301 0.008215677 0.009556239 0.009054579 0.006158725 0.005379586 0.005887377 0.005895282 0.005799775 0.007273088 0.006875228 0.005822293
0.269388 0.2034882 0.2252415 0.2198712 0.1804805 0.1776794 0.2121233 0.2414192 0.2211314 0.177777 0.1587328 0.1834733 0.1920421 0.2043837 0.1973231 0.1941629 0.1959355 0.1831201 0.1993834 0.229421 0.2399442 0.2401275 0.2232843 0.2176637 0.2058506 0.1853904 0.147137 0.1339497 0.1321061 0.09765482 0.08962422 0.0877008 0.07902585 0.06298063 0.03772329 0.01423674 0.009254055 0.006144979 0.00534666 0.004431382 0.003633798 0.003149254 0.003836544 0.005506534 0.006863641 0.007735245 0.008101633 0.008198549 0.01125083 0.0104282 0.01514095 0.01353507 0.01102454 0.01118805 0.01025793 0.01422889
0.3002586 0.270087 0.1890316 0.2123367 0.2087244 0.2298381 0.2530675 0.2309279 0.2031338 0.1989466 0.17757 0.1893727 0.1941918 0.2193331 0.2138789 0.2067251 0.1813276 0.1677937 0.1797395 0.2054613 0.2224334 0.2547604 0.2215737 0.2094442 0.210688 0.2015008 0.1769949 0.167895 0.1803104 0.1583563 0.1256142 0.1102649 0.0782927 0.06230031 0.05138949 0.02058555 0.01123616 0.007391583 0.006159407 0.004756167 0.003495211 0.002827565 0.004394361 0.006535137 0.007739143 0.008490774 0.0088362 0.008835315 0.008231642 0.008608024 0.009613445 0.008790089 0.0115395 0.01029386 0.009905161 0.01489343
