contrib/geomasonDemos/riftland/DataFiles/RainData/.svn/text-base/32.txt.svn-base
ncols         56
nrows         54
xllcorner     28.264
yllcorner     -5.7719999999999
cellsize      0.25
NODATA_value  -9999
[rows 25 to 49 of 54, columns 0 to 55 of 56]
0.2284346 0.2617058 0.1513798 0.1864785 0.2185096 0.2194469 0.232899 0.2379802 0.2195324 0.191107 0.1774106 0.2079519 0.2089363 0.2248798 0.2107622 0.2032524 0.1836006 0.1705945 0.174894 0.1958691 0.2181799 0.2175844 0.2037698 0.2211081 0.2295365 0.2113215 0.1959119 0.2247495 0.2071393 0.1869307 0.1667432 0.1137397 0.09351099 0.07716986 0.06390604 0.02814531 0.01319408 0.008726572 0.007124754 0.005360657 0.003730107 0.003667679 0.005122154 0.007459775 0.008511648 0.009184173 0.01105071 0.00999505 0.01066364 0.01039715 0.008962054 0.008547224 0.01325929 0.008629285 0.01422444 0.0135696
0.1923628 0.2141687 0.1371901 0.1789107 0.1912549 0.1998474 0.1934256 0.2346996 0.2727224 0.2040337 0.1990845 0.2092691 0.1909501 0.1789092 0.1809517 0.1985008 0.1897679 0.166983 0.1594627 0.1744103 0.1994409 0.200826 0.1950944 0.2387353 0.2195913 0.2136286 0.2028985 0.2153331 0.2150169 0.1706711 0.1634903 0.1401258 0.1311703 0.0894263 0.07702459 0.03554556 0.01617216 0.01013492 0.008262254 0.006216548 0.004324192 0.00492239 0.006246638 0.008566768 0.009815219 0.01132079 0.01235226 0.01127592 0.01032609 0.009968411 0.01057393 0.01367031 0.009720398 0.008440517 0.01004126 0.02077702
0.246909 0.2638538 0.1702322 0.1847476 0.1965226 0.2343756 0.2529361 0.2718553 0.2404661 0.2311876 0.2201004 0.2001268 0.1874362 0.1719378 0.18351 0.1748327 0.1438569 0.1463819 0.1488217 0.1645727 0.1983306 0.195265 0.1892265 0.205815 0.1862906 0.1896899 0.1779583 0.2043235 0.1842142 0.1740318 0.1722153 0.1519168 0.1359835 0.09202459 0.07233211 0.0326592 0.01981861 0.01313453 0.01055675 0.0083393 0.006368613 0.007028921 0.007893967 0.008295598 0.01713693 0.0169857 0.009518791 0.008917645 0.008535409 0.00916147 0.009025913 0.01260992 0.02350623 0.01866439 0.01895721 0.01651498
0.2334725 0.2110697 0.1982808 0.1858842 0.1874598 0.2259357 0.2637758 0.2528298 0.237106 0.2320024 0.1940832 0.1559703 0.1475044 0.1606 0.1534796 0.1526202 0.1498822 0.1538656 0.1500559 0.178531 0.1702667 0.1603408 0.165924 0.1926294 0.2084139 0.2116208 0.1926413 0.2146923 0.2071184 0.196807 0.189194 0.1502813 0.1238363 0.09796897 0.08094873 0.03754713 0.02381171 0.01708185 0.01426423 0.009334487 0.00770869 0.007776874 0.008724253 0.00909702 0.01597718 0.02122947 0.01832502 0.009587287 0.009234447 0.009133155 0.0093403 0.01584344 0.02240298 0.02301595 0.02287906 0.02668523
0.2561211 0.2291384 0.2196558 0.2002171 0.1761051 0.1630871 0.2158321 0.2067825 0.2025059 0.1759672 0.1683476 0.1401603 0.1252638 0.1141893 0.1098726 0.1352307 0.1370247 0.1417471 0.1421797 0.1489704 0.1551717 0.1598272 0.1561673 0.1755089 0.2236249 0.236217 0.2145815 0.2267453 0.240107 0.2096786 0.1969784 0.1670699 0.1402039 0.1078974 0.08226329 0.05000566 0.0219377 0.01506578 0.01478717 0.01092113 0.008244926 0.008256211 0.01043716 0.01057686 0.01099221 0.01039981 0.01174155 0.01034365 0.01041244 0.01228366 0.01369397 0.02171448 0.02181906 0.02252439 0.02328162 0.02579021
0.2899035 0.227655 0.2058748 0.1637896 0.135327 0.1396462 0.1575332 0.1689934 0.1805512 0.1480749 0.1170037 0.1153037 0.09710567 0.1023764 0.1094543 0.1134943 0.1136759 0.1145093 0.1149865 0.1110855 0.1202537 0.1320559 0.1335445 0.1454112 0.1843584 0.231706 0.1600327 0.1801024 0.2257264 0.226504 0.2025738 0.1858741 0.1747427 0.1248473 0.1101515 0.0410179 0.04872796 0.01929404 0.01216944 0.009668914 0.008509953 0.008615767 0.009614954 0.009887676 0.01011562 0.01069622 0.01164971 0.01152952 0.01194487 0.01328875 0.01377193 0.01748136 0.01841256 0.01968374 0.01951085 0.01834963
0.2912976 0.2426743 0.1790252 0.1379841 0.1286122 0.1399853 0.1155312 0.1299409 0.1561327 0.1256517 0.09201896 0.09451434 0.08805999 0.08318802 0.08323261 0.08736099 0.1058507 0.09298858 0.1113445 0.1198285 0.121452 0.1210735 0.1115014 0.09563783 0.1096954 0.1228891 0.1303417 0.1783743 0.1990068 0.193055 0.1915552 0.1828161 0.1659276 0.1338942 0.08692168 0.07342667 0.09553866 0.02436536 0.01476185 0.01225562 0.01141396 0.008660792 0.01007797 0.01357487 0.01347747 0.01282932 0.013909 0.0160197 0.017158 0.0187147 0.0202316 0.02230007 0.02463598 0.0257278 0.02315107 0.0245599
0.3225936 0.2627102 0.1758008 0.1269684 0.1121827 0.1161117 0.1016441 0.1143748 0.1139385 0.100976 0.07605273 0.07868604 0.07063917 0.06425735 0.06148725 0.0648695 0.0938534 0.09993479 0.1426065 0.1118782 0.1175137 0.1128249 0.1096646 0.07996869 0.08494262 0.1153683 0.1769044 0.1822162 0.1925808 0.1616247 0.1618712 0.1443315 0.1217336 0.1136098 0.07198197 0.04700722 0.03179765 0.02054667 0.01566109 0.01060311 0.00870265 0.008913057 0.01009109 0.01164234 0.01270918 0.01348677 0.01480459 0.01754825 0.01847841 0.02114318 0.02080721 0.01878153 0.02385199 0.02328361 0.01987127 0.02089118
0.3639433 0.2284018 0.1675338 0.129081 0.1150199 0.1007388 0.09759343 0.09532836 0.09342495 0.07523928 0.06209343 0.06629772 0.05784136 0.0642318 0.0639661 0.09302008 0.1241788 0.1577905 0.1257847 0.1189584 0.110621 0.1011753 0.0975785 0.07311628 0.1138244 0.1630812 0.169113 0.1482046 0.1559928 0.1322111 0.107654 0.1010796 0.09598946 0.09006193 0.07350339 0.03398262 0.02665688 0.01572039 0.01306017 0.008437782 0.01048705 0.009318842 0.01087161 0.01239689 0.01338267 0.01480766 0.01632005 0.01977012 0.02318555 0.02207335 0.02369235 0.02393446 0.01970238 0.0200576 0.02038149 0.02063234
0.315098 0.2298094 0.1354807 0.1412617 0.1296777 0.1004877 0.1007091 0.08831469 0.06617788 0.05908979 0.05561744 0.06065037 0.06126678 0.07947545 0.0953569 0.1374838 0.1660764 0.1761458 0.1758561 0.1441324 0.1006944 0.09186533 0.07928393 0.07444222 0.1378219 0.1365201 0.1160536 0.1325299 0.1249805 0.1031724 0.09058467 0.08270369 0.07679122 0.06935001 0.0520761 0.03044641 0.02254846 0.01332073 0.0113477 0.00765989 0.008692909 0.009933033 0.01216456 0.01427203 0.01498012 0.01660247 0.01902256 0.02376391 0.02428631 0.02568736 0.02768382 0.02523069 0.02513435 0.0263585 0.02162804 0.02154103
0.2876737 0.1727947 0.1354264 0.1257036 0.1094983 0.09823515 0.08664878 0.07943717 0.05136197 0.04706866 0.04469144 0.04539444 0.04460523 0.0567717 0.08947673 0.1891947 0.281356 0.252102 0.2584425 0.18065 0.1053558 0.07823272 0.05553665 0.05784506 0.1202074 0.1369022 0.1134953 0.09738077 0.08450215 0.0836823 0.06788146 0.04798445 0.04226845 0.03680569 0.03115029 0.01926217 0.01315723 0.009797098 0.007435153 0.006767358 0.008297005 0.01035001 0.01317238 0.01803974 0.0196169 0.02312246 0.02810238 0.03635791 0.03556848 0.03821886 0.04106046 0.04252457 0.04129185 0.04281961 0.04078785 0.03128922
0.201893 0.1549281 0.1000699 0.0837245 0.0756323 0.0653916 0.05234835 0.04766688 0.04089921 0.04184856 0.0413588 0.03914372 0.04386031 0.05502699 0.08481961 0.1659508 0.2016004 0.1539806 0.1750327 0.1482517 0.07212576 0.05301491 0.04165119 0.04861109 0.1090059 0.1415948 0.1154571 0.08148541 0.0770509 0.0733787 0.05375005 0.03716629 0.03187786 0.02656626 0.02279657 0.012755 0.008694205 0.006444895 0.006125491 0.005995047 0.008334488 0.01098566 0.01436869 0.01957199 0.02240243 0.02594149 0.03072654 0.03990729 0.04088777 0.04533423 0.04649007 0.04125597 0.05041193 0.04707729 0.04308654 0.03910299
0.1741767 0.1367546 0.05443383 0.04973108 0.04862004 0.04246674 0.03921438 0.03727511 0.03352866 0.03365501 0.0330111 0.0404656 0.04286451 0.05032159 0.06273011 0.09716769 0.1005075 0.1199388 0.0782587 0.09354509 0.06626947 0.03677064 0.04690077 0.0592253 0.1007598 0.1133993 0.08783319 0.06552646 0.0660192 0.06640438 0.04780864 0.03134235 0.02524203 0.02043309 0.01668418 0.009940526 0.006963186 0.005474958 0.005548923 0.006143608 0.008977436 0.01423906 0.01586142 0.0218419 0.02519557 0.02904204 0.0345968 0.04381209 0.04624865 0.04771769 0.05016398 0.05179797 0.05102657 0.04527859 0.04605232 0.005967741
0.2176227 0.1426458 0.04226607 0.04020242 0.03622619 0.03394793 0.03164085 0.0302327 0.02809612 0.02737841 0.02805838 0.03516559 0.0420295 0.06161711 0.07178611 0.05949363 0.1220502 0.05279375 0.05936931 0.0668302 0.0473005 0.03999394 0.04296941 0.05906273 0.08256949 0.1316971 0.05416013 0.05058196 0.0516512 0.04599091 0.03904049 0.02669843 0.02240571 0.01823849 0.01525178 0.009437399 0.007382012 0.006503432 0.005839059 0.006502811 0.01052535 0.01689019 0.01754754 0.02419604 0.0292936 0.03198949 0.03871905 0.04379855 0.04756952 0.05055546 0.05883678 0.04739367 0.06039709 0.05061204 0.03905333 0.008346774
0.1519716 0.06937219 0.02976243 0.0249538 0.02132052 0.02055475 0.01997131 0.01683758 0.0158618 0.01522025 0.01583745 0.02440656 0.02581701 0.0425756 0.04630404 0.0504152 0.02915878 0.03063256 0.03566885 0.0613851 0.03628256 0.03196241 0.03052074 0.05346275 0.0721574 0.1001002 0.02738304 0.02279663 0.02279496 0.02168128 0.02016511 0.02701097 0.02238773 0.01692941 0.01440643 0.0157405 0.007698608 0.006911609 0.007701908 0.01054672 0.01591121 0.02110253 0.03951251 0.03062515 0.04288455 0.04786641 0.04628794 0.04849273 0.0535209 0.07506128 0.06165226 0.06412589 0.07351363 0.05469247 0.06345239 0.01822581
0.1555873 0.09112255 0.02576781 0.01932136 0.01691115 0.01876945 0.0150581 0.01274531 0.01230867 0.01162096 0.0120802 0.0163907 0.01729078 0.02390271 0.02284398 0.02379192 0.0178594 0.01637612 0.01387931 0.02508045 0.02116261 0.02132177 0.02865676 0.04272177 0.04201398 0.02695746 0.02230771 0.01899077 0.02116237 0.0203654 0.01722562 0.02129398 0.01748956 0.01353245 0.01186596 0.01087776 0.007457716 0.006932712 0.008080114 0.01098056 0.01471944 0.01871118 0.02400447 0.03278827 0.03889019 0.05228469 0.05538747 0.05708558 0.06496949 0.06635877 0.06634737 0.0700518 0.0516126 0.0526937 0.05963527 0.01903226
0.1626029 0.07683992 0.02288234 0.01730163 0.01394221 0.01304241 0.01150982 0.01031533 0.00957399 0.009268843 0.009426125 0.01348079 0.01462411 0.02808262 0.01988054 0.009276608 0.01172951 0.007978221 0.01006 0.01770154 0.01441581 0.01623832 0.02008947 0.03299107 0.02271851 0.01803764 0.02011716 0.01646177 0.01527627 0.01474673 0.0132107 0.01854984 0.01490633 0.01190874 0.00985632 0.008614852 0.007560282 0.007978971 0.009009409 0.01262068 0.01649645 0.02093528 0.02634191 0.03558302 0.04907919 0.06406464 0.05722692 0.07244475 0.05855552 0.06027047 0.06298859 0.04921747 0.05213268 0.05034304 0.05608782 0.01608871
0.1440454 0.07746987 0.02429885 0.01464248 0.01244904 0.01172041 0.01090188 0.01001405 0.009057552 0.008800653 0.009025108 0.01120806 0.01039909 0.009457054 0.007710163 0.00497503 0.006450089 0.0022326 0.006379292 0.01382688 0.01197992 0.01905653 0.02286022 0.03247804 0.01623752 0.01444718 0.01493471 0.0155489 0.0134944 0.0130239 0.01514466 0.01670684 0.01482845 0.01251496 0.0103257 0.01156513 0.03641871 0.01044569 0.01214161 0.01464759 0.01849228 0.02290267 0.02823334 0.03779082 0.04324597 0.04844639 0.05975297 0.07051427 0.07756024 0.06914334 0.06791358 0.04710716 0.05118591 0.05518224 0.05581003 0.009596773
0.1626208 0.0732246 0.02341079 0.003192286 0.001676195 0.001419695 0.001226222 0.001489439 0.001409667 0.001319939 0.001624665 0.007806761 0.006269479 0.004484216 0.003695572 0.002165897 0.007477954 0.001190898 0.001818982 0.003683662 0.004561291 0.006718331 0.006656587 0.01137756 0.003195393 0.003169891 0.003193912 0.003433866 0.003431737 0.004391318 0.003182499 0.01628217 0.01550133 0.01344859 0.01183052 0.03299258 0.2040773 0.01565101 0.01768576 0.02626893 0.02377109 0.02930936 0.03369632 0.04653538 0.05062941 0.06615841 0.06661285 0.08698002 0.06811696 0.07399656 0.05373028 0.006653225 0.008911289 0.01645161 0.01008064 0.004959677
0.1311975 0.05570174 0.01644243 0.004405731 0.001248498 0.001165346 0.001929333 0.001385519 0.001321932 0.00121591 0.001099492 0.004900136 0.003777023 0.003490962 0.00592171 0.001484221 0.001090089 0.0009226494 0.001416762 0.002593029 0.003105147 0.004012013 0.004895211 0.002056068 0.002383614 0.002556972 0.002810796 0.002961631 0.002901898 0.002860168 0.002744891 0.01582312 0.01535839 0.01337491 0.01263327 0.01853129 0.02412616 0.02168793 0.01951983 0.0292776 0.02802509 0.03325993 0.03836646 0.04644162 0.05326102 0.06228976 0.07414642 0.05675066 0.06053538 0.0651648 0.06065968 0.01983871 0.01491935 0.003467742 0.006290322 0.007016129
0.07423486 0.05088153 0.008696141 0.001407477 0.001677637 0.003951567 0.0009930306 0.001245403 0.001188457 0.001097374 0.0009605719 0.003630561 0.002954185 0.003183036 0.003043312 0.001068815 0.0007609292 0.0007544942 0.00113428 0.001858167 0.002324174 0.002905161 0.003741459 0.001611077 0.001887703 0.002055659 0.002129009 0.002360677 0.002438453 0.002471105 0.002452428 0.01091814 0.01104378 0.01135045 0.01430383 0.02405753 0.0186261 0.01924146 0.02237281 0.02906321 0.03160002 0.0370648 0.04644199 0.04945049 0.06416381 0.07358696 0.07021603 0.06259393 0.06917194 0.05973542 0.05130072 0.009798386 0.004395161 0.004758064 0.00907258 0.01185484
0.04718116 0.03438548 0.009609221 0.001706863 0.002566838 0.001101613 0.0009064522 0.001311945 0.001080705 0.0009499312 0.0008219212 0.00300553 0.002380447 0.001888264 0.001536704 0.0007994901 0.0005560784 0.0006144662 0.0008202276 0.001419947 0.001732573 0.002234635 0.00289057 0.001264835 0.001483279 0.001643384 0.001748401 0.001969692 0.002074794 0.002152146 0.002185263 0.009884075 0.01005356 0.01161564 0.01402742 0.01821574 0.0181525 0.0199414 0.02245304 0.02655646 0.03241562 0.03649294 0.05564757 0.0766027 0.06399298 0.07312575 0.0625912 0.07573617 0.0534284 0.04471044 0.04960239 0.01193548 0.02427419 0.01995968 0.01201613 0.01129032
0.02344798 0.01337383 0.006472012 0.003519231 0.006850364 0.001079392 0.001508758 0.0008151624 0.000695122 0.001172245 0.0005270081 0.002516729 0.001363779 0.0008497645 0.0006935397 0.0004543547 0.0003150918 0.0003919762 0.0009377929 0.000753567 0.004246409 0.002327429 0.00123307 0.0005087788 0.000601555 0.0006861303 0.000765054 0.001384192 0.00149991 0.001600088 0.001677315 0.008030042 0.008155718 0.01209015 0.01774265 0.03222998 0.01975532 0.02037008 0.02924304 0.03117297 0.03272825 0.04140253 0.05965315 0.07427786 0.07605384 0.06894343 0.0669551 0.02463709 0.02512097 0.0183871 0.02330645 0.02733871 0.01508064 0.02342742 0.02576613 0.005201613
0.009684438 0.00519564 0.003698568 0.002277398 0.008219418 0.00117787 0.001435284 0.001228008 0.0007154703 0.001217822 0.0009709378 0.001696299 0.001437053 0.00050756 0.001099262 0.0006827954 0.0002272753 0.000173008 0.0004122193 0.0003104533 0.0008629493 0.0005121713 0.0006787721 0.0003925088 0.0003390238 0.0004171229 0.0005117818 0.001012023 0.001321035 0.001304076 0.001429699 0.009116521 0.0121437 0.01242668 0.01573665 0.02739373 0.03266435 0.02518927 0.02477113 0.02979271 0.03363521 0.03653353 0.05133547 0.0618173 0.06978278 0.06673649 0.08595885 0.04826613 0.03556452 0.02342742 0.01903226 0.01435484 0.008306451 0.006693548 0.008508064 0.00233871
0.007778334 0.003664808 0.002180874 0.002884942 0.0008758379 0.0005819024 0.001243304 0.0005908956 0.0004799596 0.0004830582 0.0003172929 0.0007997794 0.0005502516 0.0006525037 0.001397817 0.0008768375 0.001021903 0.0003141897 0.0001175751 0.0001754747 0.0002262655 0.0002356428 0.0004497043 0.0001824815 0.0001766912 0.0002436869 0.0003416298 0.0007323227 0.0008854446 0.001041372 0.00119608 0.004881561 0.009669175 0.0119084 0.01439059 0.02141829 0.02301099 0.02811464 0.02577642 0.04689166 0.04073964 0.03587602 0.04715695 0.06649144 0.06474928 0.0800751 0.0734285 0.03830645 0.03290322 0.01625 0.003669355 0.01028226 0.006129032 0.01145161 0.008508064 0.003024193
