contrib/geomasonDemos/riftland/DataFiles/RainData/.svn/text-base/35.txt.svn-base
ncols         56
nrows         54
xllcorner     28.264
yllcorner     -5.7719999999999
cellsize      0.25
NODATA_value  -9999
[rows 0 to 27 of 54, columns 0 to 55 of 56]
0.003930063 0.002289055 0.00122044 0.001368535 0.01372117 0.005708231 0.01479701 0.01881287 0.0115741 0.01063999 0.0237904 0.01923971 0.01657465 0.01208249 0.009949273 0.01064134 0.01914403 0.02556068 0.02587873 0.02387388 0.01804665 0.01389843 0.01507067 0.01533109 0.01477017 0.01498135 0.0317469 0.07015446 0.06232847 0.06480255 0.0647328 0.05405114 0.04586893 0.05366596 0.05772699 0.03888465 0.01625197 0.03459903 0.02315188 0.01832153 0.02661319 0.04849755 0.05265983 0.0714764 0.08755441 0.05951748 0.02169997 0.04063516 0.0280158 0.0200965 0.03071738 0.03731785 0.0616035 0.02031312 0.03943383 0.008596639
0.0028132 0.002049879 0.00378894 0.003135917 0.005743925 0.00828818 0.004759867 0.005392454 0.001428966 0.002817689 0.001910264 0.01211776 0.01471214 0.01141906 0.008881625 0.01961122 0.02174795 0.01423922 0.01259593 0.01144132 0.0142666 0.01513012 0.02521387 0.02504583 0.0157593 0.01379806 0.03575007 0.05529483 0.07521631 0.0496311 0.04557504 0.06507989 0.04872556 0.05175764 0.08511016 0.04820907 0.02744345 0.03737884 0.05979761 0.05040723 0.0320236 0.02712131 0.03949971 0.06166361 0.07002737 0.03090946 0.02310445 0.03577766 0.04140506 0.02008203 0.03130979 0.04066021 0.03389219 0.008856179 0.02528468 0.004373243
0.003849382 0.02027267 0.007991533 0.008947806 0.01092909 0.01218966 0.00855979 0.004633905 0.0009728164 0.01379453 0.009360776 0.02419058 0.04911329 0.02264054 0.009863031 0.009221029 0.007557277 0.01474011 0.01539325 0.008935061 0.01030885 0.01870717 0.02737358 0.02798877 0.01967916 0.01906651 0.02480646 0.05907791 0.07002264 0.07821231 0.03532709 0.04179744 0.0570783 0.0503036 0.04595043 0.0464237 0.06902881 0.08063927 0.08736263 0.08180629 0.05843112 0.04027462 0.05831471 0.06473022 0.04061338 0.02583872 0.03439227 0.02382311 0.02411816 0.0242917 0.0450001 0.04207245 0.03385529 0.01773325 0.02756304 0.007068802
0.01143609 0.008857927 0.006996936 0.01967575 0.01839997 0.01029164 0.009343269 0.01097685 0.00360106 0.00720045 0.01816196 0.01553888 0.01869525 0.02135511 0.01337175 0.01331859 0.02405369 0.02048828 0.0156463 0.01186133 0.01240198 0.01926711 0.02743321 0.02601806 0.02463496 0.02177147 0.03543425 0.0958005 0.08181277 0.0853592 0.04442525 0.03319569 0.04665559 0.0440331 0.06627792 0.09136211 0.07341996 0.1080744 0.07666367 0.1115391 0.08862819 0.09996571 0.1258761 0.0989811 0.1002164 0.03145914 0.0737268 0.07257501 0.06221654 0.04913943 0.04551641 0.0321448 0.032719 0.01882669 0.02367496 0.01462339
0.01355486 0.009293049 0.00842876 0.007342941 0.007935647 0.03814506 0.02522966 0.02906065 0.02267817 0.02921716 0.01032592 0.01321117 0.01519037 0.01604441 0.01538733 0.03102014 0.05305288 0.03123094 0.01264126 0.02111577 0.0216259 0.02678666 0.0632463 0.05127464 0.02661661 0.02389671 0.03559694 0.07920451 0.07924908 0.05703239 0.0574451 0.0519456 0.05725748 0.04969759 0.08680014 0.1327363 0.06916199 0.09826953 0.02724097 0.08642668 0.113389 0.1215531 0.1229683 0.1342065 0.07779007 0.06229318 0.1106152 0.08693017 0.04945756 0.03494766 0.0395792 0.03055655 0.03676792 0.01393807 0.01038946 0.001071207
0.01834565 0.0185546 0.0136981 0.01081338 0.01546154 0.03603216 0.05553523 0.04946595 0.02552424 0.01903158 0.008968745 0.007725058 0.01020157 0.01481822 0.03325151 0.0536719 0.03831326 0.02423765 0.01524978 0.01713673 0.02326261 0.0352121 0.06177193 0.04680293 0.03434322 0.03466057 0.05673449 0.09028965 0.08925333 0.05658478 0.06999957 0.05923277 0.05751043 0.0590914 0.05616894 0.05258501 0.05988231 0.06052278 0.07125849 0.1049512 0.152335 0.09378348 0.09072275 0.1659773 0.1410963 0.1366568 0.08771701 0.06136844 0.04758482 0.02887149 0.0387322 0.03376918 0.03425257 0.02013672 0.01847566 0.01468715
0.0300297 0.02588153 0.01643644 0.01589525 0.02639611 0.03566455 0.0449018 0.06115063 0.0331156 0.01619485 0.0189112 0.01353817 0.02137194 0.04418864 0.06003774 0.0319828 0.01767315 0.01325962 0.007859911 0.01233041 0.0259679 0.03554047 0.03112193 0.02530218 0.02891543 0.05170617 0.04895184 0.07411935 0.06524271 0.03129797 0.01971491 0.0304616 0.04416855 0.08801457 0.04798868 0.05777548 0.114437 0.08056799 0.1180364 0.1748942 0.1169862 0.06340344 0.09156506 0.1837321 0.09821253 0.04872368 0.03738327 0.01373284 0.0150587 0.01537654 0.05574693 0.03865641 0.02401076 0.02829301 0.05571355 0.03629121
0.0262481 0.03485864 0.03756716 0.0419165 0.05108972 0.04439513 0.0420694 0.05954571 0.03335677 0.02534171 0.02504153 0.03515306 0.04412323 0.07339214 0.05555189 0.02072036 0.01631351 0.01108688 0.01041899 0.01213645 0.02649808 0.01856856 0.01377972 0.01862706 0.02235338 0.04574363 0.05841532 0.06697455 0.06358489 0.03384865 0.03571166 0.04503607 0.03352964 0.06029055 0.04675856 0.06961831 0.07202515 0.04528099 0.08541528 0.1312724 0.08205407 0.09523624 0.108683 0.09469266 0.04949471 0.03227861 0.03951376 0.01797523 0.001946092 0.02342465 0.02839598 0.02912156 0.040891 0.03200404 0.08268552 0.07484504
0.03013762 0.03393465 0.04092552 0.0555091 0.06746951 0.05995224 0.05648395 0.04214051 0.03871584 0.02622622 0.02530316 0.03452703 0.03171178 0.02186245 0.01927393 0.02225161 0.01973897 0.01992889 0.0205662 0.02142646 0.02438334 0.01453286 0.01574257 0.02584301 0.0169558 0.05645465 0.0525866 0.06799267 0.05405305 0.05553364 0.05638709 0.07413084 0.05981533 0.05502897 0.04589142 0.09224052 0.1078239 0.0893545 0.1543733 0.2201346 0.2125912 0.1000266 0.1093469 0.1475775 0.06298946 0.04102847 0.03778347 0.03617122 0.02880537 0.03377004 0.05432809 0.06070353 0.03450539 0.0199051 0.045915 0.09153993
0.0504568 0.05333993 0.04238521 0.07719038 0.08617863 0.09548251 0.06623212 0.04739852 0.061035 0.03781914 0.02107656 0.01956104 0.01921807 0.02232348 0.02273308 0.02408626 0.02344236 0.0261315 0.02818494 0.01782977 0.0215144 0.01614035 0.02373527 0.01207588 0.02240885 0.05101727 0.06028862 0.05474006 0.08251412 0.04459794 0.07267761 0.08803447 0.09367343 0.09427468 0.06888892 0.06360681 0.06839057 0.1007323 0.1491955 0.1739819 0.2693065 0.1165775 0.09475336 0.08850928 0.06034982 0.04723691 0.05134695 0.05083888 0.04441003 0.04982993 0.04064999 0.02899908 0.07069019 0.07124314 0.04420075 0.02896623
0.08482505 0.07457333 0.05312079 0.1089418 0.14505 0.1290121 0.09089943 0.07417709 0.05955509 0.03550083 0.02591943 0.02423926 0.0191448 0.02333502 0.02098509 0.03119284 0.02610895 0.01607642 0.01517645 0.008479866 0.0131704 0.01056948 0.007174151 0.01420786 0.04041332 0.04431728 0.05535305 0.06043433 0.05051232 0.01368055 0.02425993 0.03387615 0.09869188 0.0576437 0.04706719 0.04426841 0.0655561 0.07301449 0.08171025 0.1592906 0.1018216 0.07736996 0.09239041 0.08884041 0.03942466 0.04238613 0.04516077 0.04088195 0.0585036 0.04265417 0.03758301 0.04740579 0.05510743 0.04312501 0.02077568 0.01978297
0.07892672 0.0790818 0.049982 0.09521442 0.1106947 0.08967152 0.08208648 0.05884618 0.04189583 0.05303652 0.04539919 0.06985237 0.04796305 0.03305647 0.0473897 0.04979063 0.02758269 0.01677605 0.01398912 0.009380173 0.01336571 0.00557727 0.008689166 0.0197369 0.02782391 0.01993386 0.01429115 0.01847571 0.02447813 0.01434021 0.003217167 0.02055921 0.05146905 0.03870369 0.03623487 0.04595317 0.0570998 0.08159795 0.07682421 0.05727097 0.05513357 0.06661355 0.08937975 0.06643269 0.05479408 0.04629229 0.04572621 0.0531169 0.04573388 0.04525908 0.0458556 0.05792791 0.04905582 0.03300188 0.02592708 0.03109357
0.05913964 0.07813154 0.03510695 0.06913481 0.07823128 0.0656584 0.07247359 0.06209633 0.05271757 0.04895161 0.02814105 0.03005781 0.03045713 0.02187556 0.03764806 0.04902748 0.03545052 0.02148045 0.01902285 0.01355509 0.006842917 0.009732541 0.0270203 0.02183811 0.03401835 0.03604189 0.01133783 0.009427954 0.006280873 0.0002863192 0.01280912 0.02774967 0.02331079 0.03122759 0.03483709 0.04664477 0.06085123 0.07709069 0.08955931 0.04608098 0.03907419 0.05294315 0.06525558 0.0495552 0.0446979 0.04519391 0.05236807 0.0475496 0.04758317 0.04365213 0.04302522 0.04862399 0.04393636 0.02748135 0.02096636 0.02248741
0.05035249 0.04178384 0.0414655 0.08142096 0.06378161 0.06531429 0.05654662 0.05744088 0.04221567 0.04647774 0.05029953 0.04424592 0.0312312 0.02824724 0.0333115 0.02885395 0.03106755 0.04060375 0.03680529 0.04352135 0.04580599 0.03613205 0.03508454 0.03157603 0.01427868 0.03254298 0.03863045 0.02249917 0.01805404 0.02622767 0.01861553 0.02729989 0.03990155 0.0363473 0.04503796 0.0527618 0.06647959 0.06528936 0.1004619 0.07676309 0.05770011 0.05438681 0.06266347 0.03921772 0.03130944 0.04249093 0.04412933 0.05064462 0.04163003 0.04421309 0.04675119 0.04164075 0.05258121 0.02762996 0.02559474 0.03749141
0.03802752 0.05536298 0.06683286 0.09190889 0.07552952 0.06915797 0.0739408 0.07807089 0.07317301 0.06709795 0.06516962 0.06295311 0.0494168 0.04505108 0.03362175 0.03700377 0.04386188 0.05713447 0.05809398 0.06179735 0.03672832 0.0397569 0.04052832 0.02862924 0.01286682 0.01680315 0.02659735 0.02740407 0.02218374 0.0219201 0.02265143 0.02031318 0.03910572 0.02448781 0.05194366 0.0465497 0.04408855 0.06555427 0.1342061 0.07720573 0.0780853 0.05905471 0.04657801 0.04209506 0.04304382 0.05151569 0.03980193 0.03921422 0.03497826 0.03074512 0.035552 0.03163531 0.02159175 0.02992442 0.03653305 0.05115994
0.07257544 0.07584742 0.1347483 0.1230997 0.08831028 0.07576786 0.08520617 0.1445427 0.1012645 0.08684904 0.09301494 0.07488023 0.06968598 0.07452507 0.06216435 0.06525321 0.06077104 0.07209148 0.08363941 0.05685903 0.04636483 0.0402799 0.03971252 0.03180242 0.02127385 0.02113804 0.02724988 0.02475079 0.02226847 0.02875235 0.01233724 0.03008543 0.05341547 0.04969266 0.05482658 0.04798808 0.02457298 0.03603853 0.06268939 0.05915789 0.06626453 0.05992803 0.04556878 0.04044976 0.04147169 0.0471409 0.0436324 0.04183459 0.03997232 0.03464637 0.03562532 0.020712 0.01798479 0.02828439 0.03505147 0.03569303
0.1129723 0.1190005 0.1347332 0.09570511 0.09365672 0.08105575 0.0809836 0.09388257 0.09472178 0.08958306 0.09875536 0.1095464 0.09912345 0.08794525 0.07336807 0.07020682 0.0675126 0.07982235 0.08905553 0.07663564 0.0678601 0.05021307 0.0429204 0.03953299 0.02421605 0.01916962 0.0112829 0.00867773 0.01662023 0.01202495 0.003361268 0.02898066 0.05287216 0.0546975 0.03174105 0.04345346 0.05196005 0.04645381 0.04470926 0.0574397 0.06902697 0.06431212 0.04551872 0.03760339 0.04651927 0.04599728 0.04526443 0.04595428 0.03795179 0.05255864 0.05824693 0.03732073 0.02802217 0.0364523 0.03749107 0.03153051
0.1675623 0.1160435 0.09040357 0.09404341 0.1076291 0.1007695 0.09108984 0.08838178 0.09391472 0.07585839 0.08033209 0.1084005 0.09529871 0.07346282 0.07349332 0.08220144 0.08032089 0.1023433 0.102599 0.09734453 0.07377196 0.05218637 0.05340255 0.03566192 0.02582577 0.01619861 0.01073603 0.002451281 0.007020646 0.008070315 0.002847984 0.01555 0.01790581 0.01913656 0.03234575 0.02864878 0.04405269 0.04581327 0.02958944 0.04230925 0.06016315 0.05468595 0.05113218 0.04555564 0.04078582 0.04298806 0.03738691 0.03454234 0.03099379 0.03470851 0.05070553 0.03506847 0.0399018 0.04849551 0.02479304 0.03413616
0.1553052 0.08674179 0.08099214 0.09314848 0.1046916 0.0798643 0.08596303 0.08465525 0.08804817 0.08531276 0.07454557 0.1067867 0.09367806 0.09077966 0.0940007 0.1175929 0.1236524 0.1287288 0.1141647 0.08758678 0.07466207 0.05644114 0.04427974 0.05762731 0.0456769 0.0353617 0.03025775 0.02545523 0.006817099 0.005986892 0.007293024 0.01303531 0.02706284 0.03346295 0.04326092 0.03113967 0.03320933 0.05739094 0.03827308 0.04332481 0.05165758 0.07852037 0.07932828 0.06268576 0.03971553 0.03680978 0.03483188 0.03208685 0.03844302 0.03041771 0.03252746 0.03119163 0.04312293 0.08321563 0.09257881 0.03709375
0.126348 0.07961576 0.06344093 0.0994683 0.1003043 0.0857897 0.07561171 0.09426956 0.09178187 0.09578916 0.09064785 0.1183915 0.1285559 0.1175047 0.1227816 0.1590809 0.1193326 0.1159075 0.1535403 0.1080596 0.08361703 0.08882509 0.07291079 0.05923767 0.05322346 0.03533693 0.02619318 0.01800871 0.01917779 0.02085848 0.01485757 0.02339206 0.04346602 0.03663964 0.06217414 0.0619326 0.05768584 0.02656681 0.04938755 0.06188454 0.07344955 0.0677194 0.1036111 0.08669349 0.06132054 0.04788996 0.05228985 0.07479576 0.07476897 0.04293712 0.05066127 0.03553431 0.06233193 0.05305096 0.06062571 0.0476045
0.1461244 0.1130833 0.09175181 0.1409336 0.1364518 0.1228985 0.09553727 0.1208594 0.1089046 0.08603611 0.07770327 0.1203717 0.1352198 0.1489172 0.1397672 0.141771 0.1220259 0.1136813 0.1305622 0.1084762 0.09042928 0.08675548 0.07031029 0.05515269 0.04767219 0.04022685 0.03045616 0.01532328 0.01575041 0.01948346 0.02400727 0.03109013 0.03120488 0.03426524 0.04906408 0.05915326 0.08839616 0.102449 0.08309349 0.07548877 0.07500688 0.08045697 0.05038393 0.06212027 0.04760362 0.04112123 0.04379518 0.05872947 0.0445073 0.04381754 0.06913169 0.0493051 0.05321135 0.08338814 0.04853353 0.04623418
0.147738 0.1487966 0.1050722 0.1379558 0.1552029 0.1714701 0.1230014 0.1404018 0.1150308 0.08188067 0.07918362 0.09299508 0.1050356 0.1377918 0.1315369 0.1390167 0.1231142 0.1203243 0.1285665 0.1037513 0.08404542 0.08707665 0.05797739 0.05895261 0.06021613 0.05982245 0.04346679 0.02962798 0.02570827 0.02853098 0.04504396 0.04474224 0.03699005 0.03725978 0.04820839 0.06301148 0.09906736 0.1156131 0.0884033 0.05922288 0.06070612 0.06280955 0.04321177 0.04570752 0.03771827 0.03243535 0.05017189 0.09004957 0.0802925 0.04790353 0.05397446 0.03775821 0.03341975 0.04901533 0.04993988 0.03687729
0.1481964 0.1393325 0.1324522 0.171911 0.1689568 0.1637016 0.1529269 0.1526507 0.1174512 0.09127104 0.08330949 0.0901172 0.1039126 0.1146595 0.1183524 0.1089693 0.106486 0.1068564 0.1073436 0.09992182 0.07400747 0.07468446 0.07632036 0.08671007 0.07542241 0.07132039 0.08364841 0.05640192 0.03311161 0.03063072 0.03388534 0.04451858 0.04799807 0.05398679 0.05801314 0.05349208 0.1004658 0.09911429 0.0855412 0.06007361 0.06674253 0.05265637 0.05133826 0.03389851 0.02986759 0.05246274 0.07020476 0.1043685 0.1018756 0.07713711 0.07892877 0.06044474 0.03175402 0.0479411 0.04751604 0.03189727
0.2038345 0.2052457 0.1754307 0.180915 0.1941666 0.2003687 0.1828613 0.1664958 0.1180654 0.08937895 0.08314006 0.1045782 0.1084895 0.1120429 0.09413546 0.09409959 0.0870595 0.09339503 0.1109416 0.1364599 0.08184233 0.08712357 0.09767532 0.09794306 0.08245923 0.06438082 0.06201287 0.04312322 0.0349775 0.02816479 0.03350829 0.06424193 0.06990081 0.1027513 0.1120869 0.1091643 0.09104413 0.124274 0.08432098 0.06970063 0.06946105 0.05897256 0.07965552 0.04701362 0.04120803 0.09644751 0.1312411 0.1133772 0.1182327 0.1200458 0.129068 0.07338772 0.04644241 0.05349551 0.06531288 0.07357258
0.1871854 0.1702958 0.1562223 0.1752 0.1687661 0.1961333 0.1491528 0.116918 0.1038617 0.08678564 0.07442125 0.08785433 0.1034218 0.09188659 0.09301139 0.07960954 0.07128796 0.08933576 0.1191342 0.1492096 0.09055708 0.1018724 0.1236595 0.08705172 0.07712259 0.05603293 0.05932516 0.04987935 0.05500754 0.04673399 0.05125275 0.07359666 0.08728033 0.09873997 0.1072095 0.1573526 0.09250275 0.09308168 0.09577719 0.07638169 0.07232545 0.09426823 0.09912902 0.05694601 0.0741988 0.1113848 0.1342409 0.145684 0.1726003 0.2506279 0.1788461 0.1269987 0.07531728 0.1018269 0.08726432 0.1111128
0.1401593 0.2002441 0.2025939 0.1671302 0.1752707 0.1468033 0.1120405 0.09485577 0.0907454 0.06963145 0.06552532 0.0915756 0.1022163 0.09184957 0.1049026 0.100315 0.09231869 0.1017646 0.1252589 0.1637987 0.1692302 0.1223548 0.09817918 0.1181219 0.1101866 0.07683856 0.06494493 0.07012437 0.1029389 0.09221588 0.08124379 0.09250531 0.09338308 0.1214252 0.1548343 0.1472391 0.1321145 0.1140878 0.0980173 0.0868009 0.08909117 0.1188021 0.07848597 0.04845841 0.09556285 0.1319541 0.1659405 0.1391003 0.1504143 0.2155188 0.2313909 0.1688102 0.1043714 0.1704632 0.1231574 0.09100241
0.1942954 0.2171325 0.1983912 0.1737472 0.158305 0.1219511 0.09958141 0.114898 0.09547834 0.09462088 0.1060135 0.1116597 0.09952127 0.09060641 0.1001597 0.1006462 0.09647144 0.1128703 0.1530999 0.1543374 0.1265821 0.1287251 0.1481211 0.2325115 0.1363543 0.1149515 0.09646175 0.1161674 0.1169406 0.1169448 0.08968159 0.09703236 0.1107691 0.1510024 0.1582954 0.1869916 0.1640295 0.1494223 0.1305597 0.09907632 0.1089373 0.1065301 0.07101224 0.05765 0.1113034 0.1268811 0.1414973 0.1396213 0.1422805 0.1767993 0.2015712 0.1335532 0.169012 0.136723 0.1088725 0.120986
0.22804 0.2815012 0.2242883 0.1771886 0.133236 0.1089203 0.1157265 0.1327377 0.1197797 0.1248191 0.1335723 0.1422584 0.1200148 0.1071011 0.1094975 0.1102036 0.1289124 0.1346439 0.1278619 0.1399232 0.1648094 0.1602887 0.2502446 0.2222332 0.1584218 0.1775768 0.1479084 0.1142668 0.1157651 0.1210473 0.121546 0.1220294 0.1295063 0.1839614 0.1967087 0.2149757 0.1962486 0.1982603 0.1992129 0.1541722 0.1486635 0.1767017 0.1323364 0.1019787 0.1148553 0.1450064 0.1456608 0.1181018 0.1610019 0.1498419 0.1372487 0.1153921 0.1886585 0.1104534 0.08847302 0.061395
