contrib/geomasonDemos/riftland/DataFiles/RainData/.svn/text-base/39.txt.svn-base
ncols         56
nrows         54
xllcorner     28.264
yllcorner     -5.7719999999999
cellsize      0.25
NODATA_value  -9999
[rows 27 to 53 of 54, columns 0 to 55 of 56]
0.1118483 0.1736923 0.1692271 0.1447707 0.1313086 0.1208323 0.1123254 0.1081444 0.1039608 0.0926206 0.1132602 0.1527913 0.1688265 0.2613358 0.3274284 0.3315634 0.3323035 0.285765 0.268153 0.2732756 0.2716681 0.236148 0.2255158 0.2315379 0.2407507 0.2034554 0.1992331 0.1888733 0.1573663 0.1671481 0.1478106 0.1706819 0.1526907 0.1294853 0.1277914 0.1378805 0.1541996 0.170669 0.1441298 0.1254038 0.1073748 0.09021829 0.07014628 0.03312935 0.03520106 0.04219083 0.02848625 0.02683623 0.01197555 0.01255296 0.01613691 0.03224605 0.02994274 0.01420212 0.0259316 0.02580361
0.07727969 0.09342277 0.1077792 0.1104114 0.1273089 0.1092594 0.11394 0.1161081 0.1070358 0.1016214 0.1134073 0.1450756 0.1549286 0.2194184 0.2372171 0.2687789 0.2661036 0.2526677 0.3427585 0.3130174 0.3255758 0.3057323 0.28222 0.2881879 0.2297653 0.2308512 0.2190332 0.2039199 0.1686576 0.1660226 0.1352604 0.1510677 0.14027 0.1332206 0.1267124 0.1491099 0.1668712 0.1744799 0.1655788 0.1422874 0.1225967 0.1025982 0.07758327 0.04455553 0.06159423 0.03392537 0.04381688 0.02521124 0.02615327 0.02384512 0.02666512 0.04677787 0.04374323 0.03434009 0.03186035 0.0342886
0.0911413 0.1143083 0.1487391 0.13021 0.1412266 0.09303585 0.1165169 0.08750969 0.08480605 0.09335011 0.1105994 0.152121 0.1558836 0.1761622 0.1736568 0.2015458 0.1947964 0.2156685 0.2978369 0.2587529 0.2157196 0.2022323 0.242398 0.302146 0.2517212 0.2713212 0.2494468 0.2284591 0.1598911 0.1633686 0.147627 0.1464355 0.1412681 0.1373021 0.1455543 0.1727387 0.1969763 0.2202843 0.2266701 0.2093929 0.168818 0.1119991 0.1194185 0.06911146 0.03551175 0.02642331 0.03635718 0.02897489 0.02801192 0.05122318 0.06067519 0.05517066 0.03783791 0.06583047 0.03685839 0.03805057
0.1104212 0.1272288 0.1614228 0.1284117 0.102751 0.0705326 0.08681881 0.08365092 0.07948761 0.1070186 0.106806 0.1396177 0.1658306 0.1709057 0.1601682 0.1827188 0.1987616 0.2262986 0.2364921 0.247989 0.2459062 0.2293854 0.2572802 0.2858107 0.3237963 0.2870198 0.2364546 0.2253899 0.1652727 0.166079 0.1549059 0.1570812 0.1608392 0.1517117 0.1673706 0.2108055 0.2457925 0.2442608 0.2467526 0.1984834 0.1636844 0.1289782 0.09214849 0.08128638 0.03674486 0.02498825 0.01950478 0.02539292 0.02909065 0.0570989 0.08547679 0.07568366 0.08149011 0.08834093 0.03591097 0.04413903
0.1219049 0.1059373 0.1125745 0.1078759 0.0745168 0.07148547 0.0719745 0.09728516 0.1143938 0.1333409 0.1403904 0.1586959 0.1990555 0.2003855 0.1678914 0.1525824 0.1626207 0.1765425 0.2241098 0.2563696 0.2695838 0.2993503 0.2891524 0.2376727 0.2421464 0.1823309 0.1389621 0.1698002 0.1608856 0.1576752 0.1519427 0.1661775 0.1702917 0.1727558 0.168722 0.2235457 0.2956145 0.2551327 0.2449549 0.2030163 0.1542093 0.1337689 0.09927683 0.06065035 0.03192794 0.03414796 0.02939224 0.03117611 0.04275865 0.0625881 0.1170235 0.2271018 0.1453988 0.07081335 0.02226085 0.006264623
0.1258281 0.1170162 0.08990773 0.07333619 0.06970011 0.07014903 0.08873979 0.1239875 0.1341573 0.1434231 0.1578247 0.1850619 0.2083104 0.179638 0.1787476 0.1922306 0.2283158 0.2672977 0.2775942 0.2761985 0.3078618 0.2911362 0.2518379 0.1896998 0.1856083 0.1719022 0.1664153 0.1668437 0.1691639 0.1629058 0.1553349 0.1853337 0.1813376 0.181702 0.1855381 0.2049928 0.2414835 0.2502942 0.2172118 0.2161096 0.1678703 0.1593199 0.0906227 0.03674118 0.03928414 0.04430373 0.03069895 0.02700622 0.04458005 0.06408527 0.1231205 0.09232202 0.124332 0.07002092 0.02706076 0.006573138
0.1558957 0.1413748 0.08775401 0.07167091 0.07364719 0.07504264 0.09631614 0.1351927 0.1181611 0.1202331 0.1477051 0.2144241 0.214705 0.1878786 0.1878158 0.226233 0.2799529 0.3213189 0.3531403 0.259418 0.2456913 0.2143949 0.2476289 0.1749723 0.162025 0.2136997 0.1940254 0.1572921 0.16946 0.1760298 0.1575002 0.1743937 0.2107005 0.1893692 0.1912513 0.2151905 0.2276701 0.2152075 0.2009733 0.1837032 0.2203498 0.1468695 0.1015772 0.0328219 0.02324697 0.02523383 0.02777002 0.02588211 0.03095029 0.04359787 0.05163069 0.07843406 0.08794738 0.07671596 0.02847664 0.008522533
0.1356075 0.130824 0.08984829 0.08072938 0.07865442 0.08077925 0.08350849 0.08610884 0.08996863 0.1107199 0.1564538 0.1961839 0.1771341 0.1640808 0.179181 0.1693186 0.2600046 0.4226297 0.3123625 0.2257208 0.2122817 0.1797332 0.1813694 0.1521417 0.208981 0.189846 0.1794997 0.1699036 0.1778981 0.1734629 0.1728061 0.1989805 0.2506525 0.2130762 0.2134323 0.2331005 0.2284689 0.2106742 0.1914968 0.1786033 0.1523549 0.1296467 0.08264477 0.03205933 0.02701342 0.02933576 0.0458229 0.06113093 0.05789578 0.07200607 0.05528747 0.05146431 0.05638247 0.06967754 0.01875589 0.003360101
0.1358186 0.1365169 0.1191195 0.1022162 0.08011942 0.08534992 0.07185277 0.06968614 0.07207222 0.1007082 0.1369255 0.1340795 0.1098354 0.106353 0.1485252 0.2393571 0.2983256 0.4189864 0.373947 0.181232 0.1677005 0.1482116 0.2029237 0.153614 0.208691 0.238246 0.1726769 0.2018989 0.2198883 0.1940496 0.2089219 0.2529491 0.2675064 0.280276 0.2805268 0.2454493 0.2302061 0.2024454 0.1873473 0.1639933 0.1323235 0.1148135 0.06289074 0.04345151 0.02958214 0.02833726 0.08361702 0.1056628 0.1020918 0.119069 0.07007867 0.06642475 0.04416677 0.03601489 0.01521641 0
0.171147 0.1534065 0.1168381 0.1104692 0.06983527 0.07075857 0.06273626 0.04899069 0.06347163 0.09925336 0.150434 0.1668209 0.09094384 0.1035618 0.1503183 0.223024 0.2768347 0.3145441 0.2203004 0.1230976 0.1920976 0.1579244 0.1541294 0.3058718 0.2116078 0.2624748 0.2221207 0.2269999 0.2236612 0.2119066 0.226354 0.2832597 0.3211347 0.3143911 0.2920326 0.2378037 0.2286358 0.2081149 0.2142189 0.1904041 0.1629097 0.1391227 0.07002208 0.03837719 0.02839691 0.03081107 0.04248308 0.102851 0.1006914 0.1138132 0.05278924 0.04613083 0.02986944 0.01113971 0.008655598 0
0.1623864 0.1450246 0.08482823 0.07724841 0.04965669 0.05507435 0.08108731 0.08888654 0.08665833 0.08882607 0.1184559 0.09553653 0.09141383 0.08980829 0.12054 0.1149445 0.1841383 0.1874422 0.2275996 0.1165566 0.1501753 0.1554822 0.1626158 0.217388 0.2157957 0.2293451 0.1669573 0.2116543 0.2275225 0.2206701 0.2363984 0.3012335 0.2791537 0.2934112 0.2866125 0.2363399 0.2426179 0.2051634 0.1969546 0.1898784 0.1931965 0.1328917 0.06427887 0.04409628 0.02245744 0.0274807 0.03647643 0.04972376 0.04377 0.04808905 0.0470902 0.04997449 0.01999032 0.007494767 0.007242425 0
0.1498153 0.1209161 0.06919026 0.03940489 0.04151051 0.05710864 0.07323658 0.1115314 0.1334268 0.09160125 0.1086607 0.07689268 0.07533681 0.09604217 0.1032448 0.1041974 0.1550995 0.159391 0.147675 0.1439191 0.1322125 0.1553637 0.1927651 0.182682 0.1351446 0.1435654 0.175438 0.2129854 0.2298316 0.2232848 0.2205976 0.2503622 0.2489891 0.2778239 0.2652163 0.2287248 0.2515442 0.20628 0.1870471 0.1567131 0.1480263 0.09776007 0.05370323 0.02941313 0.02922402 0.0306273 0.02299728 0.03716893 0.04893508 0.04466347 0.03455217 0.02433154 0.0153988 0.007218544 0.007202966 0
0.1570337 0.105759 0.07252415 0.0545223 0.05528643 0.07275819 0.088535 0.1055303 0.1344034 0.1259153 0.09817255 0.06760902 0.06661768 0.07393391 0.07303273 0.08266757 0.1243871 0.1338154 0.1321786 0.09582836 0.08402587 0.08834434 0.1391357 0.1437096 0.08685295 0.08989628 0.1231206 0.2126004 0.1922146 0.1832581 0.2219179 0.2611747 0.2097179 0.2144068 0.2188946 0.181362 0.176137 0.148425 0.1393794 0.1291188 0.1122243 0.06934606 0.04945256 0.04182141 0.03897312 0.03496968 0.03355862 0.04475858 0.04451738 0.03197535 0.0154276 0.01705804 0.01234191 0.01241691 0.01145436 0.007016129
0.1631936 0.1096312 0.09314903 0.06293461 0.07885365 0.07805887 0.09174656 0.116686 0.1355969 0.1707327 0.1186639 0.07735921 0.07379411 0.06392524 0.05790819 0.06888244 0.06688292 0.09706669 0.08951911 0.07403962 0.0735703 0.1174141 0.1359992 0.1466724 0.07720904 0.07516111 0.1179441 0.1930005 0.1967684 0.177521 0.2003009 0.2537883 0.2210536 0.2149578 0.2093216 0.1648531 0.1460904 0.13094 0.1284222 0.109126 0.08436272 0.06533349 0.05240152 0.04435867 0.03797444 0.04181385 0.03719438 0.02969994 0.02707043 0.01915044 0.01657765 0.0147009 0.01057681 0.01546778 0.01543598 0.00907258
0.1897474 0.1152433 0.08355725 0.09645899 0.08075842 0.08392895 0.1005798 0.1199506 0.1430956 0.1781932 0.1534176 0.1046068 0.1143973 0.1025488 0.09029742 0.1058863 0.07413428 0.05796522 0.06998214 0.1043416 0.1635466 0.2054664 0.1387274 0.1351647 0.1423393 0.1321512 0.1314333 0.2023104 0.2028974 0.1800841 0.1866462 0.2132209 0.221012 0.1853236 0.1691419 0.1539417 0.1422484 0.1327574 0.1225336 0.08991592 0.07291204 0.06843995 0.05469933 0.04442141 0.04819392 0.05112606 0.05641322 0.03218311 0.02113195 0.02943381 0.01491271 0.01485931 0.0131368 0.01519576 0.02143483 0.0103629
0.1517736 0.1029769 0.09910621 0.1028726 0.08662413 0.08191433 0.1132578 0.1018606 0.1307001 0.1549285 0.1321875 0.08554097 0.09641863 0.1443758 0.1488336 0.1421315 0.1308854 0.1238787 0.1063753 0.1678038 0.140253 0.1551239 0.1440006 0.1333017 0.1525344 0.1637332 0.130103 0.1739427 0.2039353 0.1938843 0.1918067 0.1960112 0.2026875 0.1929328 0.172517 0.1578638 0.1759351 0.1401818 0.1103174 0.0842275 0.06889869 0.0671893 0.05156862 0.04663788 0.06035702 0.09253114 0.05556677 0.03293443 0.02521078 0.02281073 0.01564935 0.01313244 0.01252414 0.01151028 0.02145696 0.00983871
0.1535059 0.1001528 0.06942745 0.08141003 0.07561823 0.0924366 0.09360956 0.09376092 0.1246219 0.1839798 0.1680107 0.1156043 0.1161886 0.2052983 0.1874931 0.2138795 0.1772608 0.1998073 0.1855826 0.1580841 0.130264 0.130078 0.128919 0.1544003 0.1812879 0.168573 0.107581 0.1314194 0.143353 0.1758939 0.2035222 0.1837031 0.1673555 0.1718497 0.1658866 0.1567797 0.2405784 0.1368961 0.1034872 0.09700733 0.08170808 0.0793301 0.07129321 0.05665437 0.05599154 0.08632814 0.04535571 0.02729024 0.02716737 0.02367626 0.02101967 0.002862903 0.005443548 0.000766129 0.03125 0.007822581
0.1700482 0.1219887 0.08928026 0.117097 0.09745318 0.07174677 0.09902667 0.1190139 0.1705208 0.2076952 0.2013027 0.1634988 0.1524823 0.1789621 0.1616501 0.199824 0.1920966 0.264528 0.2610553 0.1849162 0.1687412 0.1732188 0.1863679 0.1679534 0.139955 0.1243042 0.1116904 0.1504599 0.1308383 0.1642741 0.2410426 0.22914 0.1780222 0.1709047 0.1593915 0.151849 0.1558469 0.1232772 0.1094664 0.09959982 0.102858 0.08788422 0.07152658 0.06340948 0.05724345 0.0473487 0.03593035 0.02879387 0.02466576 0.02605566 0.02102784 0.00483871 0.02475806 0.004758065 0.01129032 0.005806451
0.2659374 0.1595974 0.1130429 0.1358404 0.1367925 0.1010044 0.09989509 0.1522057 0.172001 0.1610729 0.2351893 0.2033314 0.2039563 0.1953336 0.2101485 0.2108743 0.2439216 0.2635022 0.2477849 0.1811182 0.162851 0.205044 0.1829123 0.1620825 0.1336061 0.110089 0.1195237 0.1551095 0.1323313 0.1390344 0.1697572 0.1638045 0.1631419 0.1854233 0.1377004 0.1390244 0.1203166 0.109808 0.1049917 0.1214333 0.1046877 0.08422649 0.07297485 0.06813766 0.04977417 0.04121344 0.03618052 0.03716243 0.03162399 0.02363863 0.02381136 0.006451613 0.005282258 0.0007258064 0.005725806 0.006048387
0.2421089 0.1820846 0.1471807 0.1065463 0.081602 0.1119919 0.1172526 0.1645402 0.1767862 0.1866782 0.2333123 0.2354358 0.2256685 0.2376442 0.2798221 0.2535108 0.3455434 0.3438628 0.268672 0.199879 0.2003796 0.1919215 0.2003695 0.137052 0.09150369 0.1251763 0.1170479 0.1568021 0.1387114 0.1370321 0.1385102 0.1696852 0.1720506 0.1654697 0.1451115 0.1266207 0.1079992 0.1043814 0.1067654 0.1157961 0.09995402 0.09445183 0.06679502 0.06573879 0.04631321 0.03999158 0.04288924 0.05177541 0.03213763 0.02381098 0.02436894 0.001451613 0.001572581 0.00233871 0.001693548 0.0005241935
0.2733964 0.1540982 0.1866781 0.09720538 0.07085232 0.1338551 0.1580583 0.1480148 0.1553966 0.1581297 0.1928215 0.2329403 0.2070584 0.2151151 0.2242192 0.2465149 0.2916746 0.3159841 0.2916718 0.2825151 0.2276992 0.1820403 0.1975047 0.1923807 0.1850217 0.1717882 0.1554652 0.1411032 0.1045865 0.1394048 0.1579028 0.1694066 0.2004184 0.1612875 0.1334459 0.1333901 0.1258112 0.149903 0.1170814 0.1070209 0.1241847 0.06999164 0.06514917 0.06541023 0.04923793 0.03788966 0.05112774 0.06399193 0.02471774 0.01362903 0.005604838 0.005080645 0.004637096 0.005120968 0.007499999 0.01060484
0.2629681 0.1587663 0.1298069 0.1418179 0.1923663 0.1365901 0.1931003 0.1539957 0.1414407 0.1299121 0.1661791 0.1842171 0.2149825 0.1915236 0.223864 0.274269 0.2689807 0.2590768 0.2437197 0.2375255 0.1801316 0.1665176 0.1513055 0.1711857 0.1847197 0.1651343 0.147937 0.1313994 0.1385249 0.1091659 0.1343947 0.1441397 0.2041257 0.1466606 0.1242006 0.1227353 0.1372043 0.1290592 0.1061173 0.08914475 0.08379778 0.06210239 0.05033232 0.04490902 0.03654227 0.03662602 0.03855252 0.0548387 0.02955645 0.02391129 0.00548387 0.00125 0.003669355 0.006774193 0.04137097 0.01383064
0.1873781 0.2184154 0.1658759 0.2308038 0.2417857 0.155762 0.1888475 0.2210411 0.1613206 0.1133765 0.1572284 0.1517251 0.1557329 0.1946535 0.2233297 0.2461687 0.240214 0.2304625 0.2334871 0.2279193 0.180693 0.1600294 0.1347959 0.1788055 0.1799912 0.1132798 0.1123952 0.1223636 0.1174731 0.1075133 0.1154487 0.1452577 0.1599516 0.1096657 0.1273354 0.1297522 0.1289838 0.1084356 0.09122951 0.09292279 0.09307866 0.07096953 0.05441507 0.04373354 0.03969755 0.03478049 0.03715194 0.008387096 0.01596774 0.01104839 0.0001209677 0.001129032 0.008508064 0.01149193 0.02931452 0.01866936
0.1620966 0.1717106 0.216333 0.196349 0.2358128 0.1918758 0.2974725 0.2493322 0.1600255 0.1304475 0.2087232 0.1925116 0.1999129 0.1873313 0.1863097 0.2197876 0.2335346 0.2494355 0.2301612 0.240205 0.2103826 0.1877118 0.1733047 0.2149042 0.1699761 0.1211705 0.09931548 0.1213982 0.0950482 0.0993988 0.1138462 0.1250351 0.123091 0.1259823 0.117452 0.1434453 0.1243824 0.1048448 0.08444643 0.08725954 0.1001927 0.09055624 0.05746206 0.04554725 0.0505763 0.04782571 0.04610959 0.006612903 0.0075 0.009354838 0.01040323 0.008104838 0.007016128 0.02354839 0.03677419 0.02491935
0.17803 0.1727386 0.1884832 0.179568 0.1558067 0.1573159 0.333271 0.210316 0.1358144 0.1210152 0.1843508 0.2056801 0.2150809 0.1985804 0.1578364 0.1989372 0.2288957 0.2083393 0.2136115 0.2195141 0.2333081 0.1972281 0.1799457 0.1895364 0.1681047 0.1162746 0.1266774 0.101548 0.107408 0.1081374 0.1081838 0.1073445 0.1271413 0.1480837 0.1385448 0.2101938 0.2160761 0.1519309 0.1072479 0.1011052 0.1083551 0.1163223 0.06131529 0.04581702 0.04555584 0.03671646 0.04026656 0.01516129 0.006129032 0.01137097 0.03032258 0.01241935 0.0108871 0.01112903 0.01887097 0.01427419
0.3316525 0.2729539 0.2347286 0.2211796 0.1943533 0.2044287 0.1748049 0.2184208 0.1651822 0.1560138 0.1395979 0.2040181 0.2002606 0.1933737 0.1692641 0.2059953 0.1963216 0.1745119 0.1691526 0.2157041 0.2051928 0.1997536 0.1721856 0.1520749 0.1502668 0.1303745 0.1282815 0.1074512 0.08818757 0.1017422 0.1088492 0.09815569 0.1206659 0.1298789 0.1437805 0.1569622 0.18069 0.2315713 0.1589671 0.1188143 0.1264552 0.09161207 0.08047231 0.06013414 0.0722514 0.04537398 0.05643568 0.03802419 0.02016129 0.03471774 0.04758064 0.01512097 0.01423387 0.03020161 0.02129032 0.01479839
0.3649006 0.3137934 0.1982656 0.2401792 0.2300189 0.1444822 0.142478 0.1950525 0.1611843 0.1821579 0.1647752 0.2105469 0.2051783 0.1675329 0.1726795 0.2287411 0.2260371 0.2181319 0.2362509 0.2706041 0.185649 0.1668338 0.1643745 0.163167 0.1176682 0.1235247 0.1310416 0.08870662 0.07485902 0.08485694 0.1012155 0.1013182 0.1248682 0.10967 0.1163035 0.1492734 0.1653951 0.3398482 0.2519699 0.1502885 0.1250369 0.1068679 0.09978537 0.07245798 0.0891525 0.08786813 0.06756318 0.03145161 0.03540323 0.03826613 0.03979839 0.02487903 0.03 0.0317742 0.0257258 0.01241935
