contrib/geomasonDemos/riftland/DataFiles/RainData/.svn/text-base/39.txt.svn-base
ncols         56
nrows         54
xllcorner     28.264
yllcorner     -5.7719999999999
cellsize      0.25
NODATA_value  -9999
[rows 0 to 26 of 54, columns 0 to 55 of 56]
0.004415327 0.003308113 0.002722589 0.007461139 0.005218185 0.004975609 0.009851697 0.01080195 0.00515692 0.01006025 0.01114542 0.017407 0.00951089 0.005677829 0.004056792 0.008441831 0.01398733 0.02353834 0.01519181 0.03294356 0.04034638 0.09176166 0.1455717 0.09688558 0.1081296 0.1685217 0.1801598 0.171435 0.2208708 0.2057368 0.1574397 0.1948704 0.2643074 0.2989357 0.3204892 0.3321259 0.3885626 0.4630529 0.368428 0.3399411 0.2348302 0.1864182 0.2081375 0.2128449 0.2981612 0.2827613 0.2231768 0.1360136 0.09516299 0.1051238 0.05791134 0.06087858 0.07019366 0.07446679 0.09162848 0.06330021
0.007989754 0.005242474 0.003094763 0.007108742 0.006290048 0.005335131 0.008780835 0.01520899 0.01615591 0.01249637 0.01890071 0.02319232 0.01310435 0.008999802 0.01514368 0.01797136 0.02329529 0.02127373 0.01584445 0.03542118 0.05160322 0.104452 0.1435909 0.09117528 0.04702163 0.0831756 0.1712176 0.2244779 0.2982125 0.2811867 0.2108805 0.1416035 0.2815082 0.3151335 0.3544989 0.4123645 0.3543898 0.3010372 0.3714765 0.4788187 0.2432402 0.2237149 0.2560898 0.2258398 0.1738414 0.138191 0.1852261 0.1368937 0.1428918 0.119654 0.06784529 0.07320417 0.06633212 0.06422084 0.09098116 0.08972318
0.006947932 0.004992661 0.005325171 0.01363687 0.01064858 0.01176902 0.01921013 0.01995876 0.02543653 0.02422791 0.02873568 0.03157294 0.01561895 0.02865615 0.0188769 0.02638329 0.03908899 0.03594247 0.03759716 0.06435794 0.08560345 0.07813242 0.04803189 0.03779712 0.03012266 0.08628982 0.1929339 0.2356253 0.2727695 0.322027 0.2596727 0.3325377 0.3935047 0.4581396 0.3975648 0.4603456 0.3249307 0.3005761 0.3062142 0.4520274 0.32797 0.2500031 0.2604405 0.2582921 0.2652156 0.170581 0.2020929 0.1535716 0.1043129 0.0978611 0.09107058 0.0733272 0.0631448 0.05872134 0.1226076 0.1033076
0.006914424 0.00921234 0.00730366 0.01445857 0.01413395 0.01417928 0.01556196 0.02580316 0.03361939 0.0382834 0.02429746 0.03285901 0.02913437 0.008798094 0.009722215 0.03181351 0.02742534 0.02480976 0.02247648 0.03020437 0.05940114 0.04564919 0.03953066 0.07974379 0.08231542 0.09773767 0.2150358 0.2486706 0.2481115 0.3149002 0.2927814 0.3357389 0.5127062 0.4803393 0.4919297 0.6227019 0.4319333 0.4101327 0.1556163 0.1386864 0.4236196 0.3817366 0.3863934 0.2840326 0.3897937 0.2201192 0.3510073 0.195048 0.1176497 0.08442429 0.1233958 0.07846705 0.06987706 0.06396379 0.1064131 0.07224777
0.008214512 0.008863655 0.008898718 0.0149763 0.01833105 0.02220332 0.01740622 0.02808465 0.02418778 0.02278667 0.01206247 0.0225291 0.03827181 0.01749137 0.01466833 0.02299677 0.01355149 0.01730278 0.02887661 0.05638454 0.05501746 0.04852103 0.04897415 0.09776314 0.1335912 0.08687862 0.1557091 0.2379479 0.268912 0.4454969 0.3522623 0.3524955 0.4681656 0.4986962 0.5076799 0.5950731 0.4733099 0.2671739 0.1670698 0.1034186 0.2940986 0.3979875 0.2980897 0.2361693 0.1802477 0.1614255 0.190999 0.1274038 0.0738821 0.06486616 0.07664785 0.08494633 0.07562786 0.06983294 0.09073292 0.06621821
0.01656073 0.00913836 0.009154064 0.0181914 0.02537674 0.03078455 0.02528773 0.02207702 0.0101701 0.00836251 0.01220311 0.02638463 0.0267999 0.01464533 0.0123004 0.01114955 0.01970108 0.01884466 0.03335878 0.03284709 0.05797349 0.07502799 0.0768364 0.1139814 0.1231524 0.122022 0.1514297 0.2125345 0.2395582 0.3667617 0.3015895 0.3647075 0.5568833 0.4698909 0.4857737 0.4071417 0.2988957 0.1981142 0.1577056 0.1288625 0.294147 0.3318897 0.1291888 0.2298048 0.1646785 0.1081411 0.06682335 0.06573796 0.06454074 0.05814173 0.04327478 0.06054687 0.05465356 0.0710528 0.06578369 0.03874464
0.01777066 0.01325846 0.01452662 0.02607457 0.0321836 0.02942755 0.02937401 0.015327 0.01190576 0.00869899 0.02893123 0.01627507 0.01431209 0.01458073 0.007058338 0.01354422 0.02284154 0.0374634 0.04375781 0.06254458 0.0964433 0.07888132 0.08007988 0.0933954 0.1022972 0.1105089 0.1598678 0.1810842 0.2746554 0.3817206 0.2872673 0.2740591 0.5574657 0.4630669 0.3722316 0.2467472 0.2116213 0.1141633 0.1164614 0.1461643 0.2175726 0.2729688 0.1685293 0.127799 0.133945 0.07191619 0.06138954 0.06893048 0.05934235 0.05371438 0.05126848 0.05001384 0.05592711 0.04994624 0.06015717 0.04659696
0.02429585 0.02290482 0.0204591 0.02607062 0.03516599 0.02256075 0.01787648 0.0281957 0.02500354 0.02140605 0.03405984 0.03267962 0.02807496 0.03161159 0.02995083 0.03578334 0.04984494 0.05656566 0.06173367 0.04963879 0.0548544 0.1106663 0.06675699 0.08618706 0.09714492 0.1173986 0.1559874 0.1691454 0.1645368 0.2305832 0.2343657 0.2616721 0.353537 0.3398545 0.3280233 0.2948231 0.2479804 0.1092959 0.07473015 0.1163551 0.2437828 0.2428986 0.1463972 0.1795758 0.1345696 0.1099263 0.1726319 0.08883983 0.05565267 0.04628584 0.05093694 0.04194165 0.0567928 0.04618507 0.05195552 0.04753025
0.02171292 0.02801437 0.03080994 0.05090032 0.05396412 0.05033664 0.02828234 0.0343769 0.03471008 0.02695568 0.03021267 0.03052886 0.0344292 0.03145308 0.04288411 0.05603931 0.06473694 0.04722148 0.06296372 0.06743247 0.08116235 0.1275276 0.1235613 0.09791706 0.09625121 0.09437674 0.1306937 0.1207563 0.1012653 0.1980841 0.1513554 0.1665642 0.1918477 0.3294692 0.3245518 0.3166447 0.4056177 0.2003109 0.1465427 0.1381154 0.1742444 0.1663089 0.1974173 0.1726935 0.1593492 0.1450885 0.07819122 0.06525052 0.04161673 0.02447441 0.03597937 0.03947435 0.04042493 0.03276264 0.03536372 0.03983589
0.03190021 0.03991268 0.04125584 0.08748634 0.08786973 0.07219189 0.04548217 0.05717786 0.04702432 0.03496173 0.03000117 0.04400966 0.04193314 0.04504477 0.0650009 0.08259845 0.05392204 0.06403337 0.06106673 0.07938366 0.09635907 0.1241711 0.1379652 0.1168091 0.07361139 0.07697908 0.08117983 0.08518353 0.1196213 0.1357902 0.1165839 0.1594259 0.1903702 0.2937462 0.2248702 0.1880516 0.2963642 0.2049957 0.1475573 0.05957397 0.08737689 0.1248654 0.1639145 0.1921523 0.1246754 0.09709512 0.04145234 0.05772847 0.02431762 0.02733032 0.03394357 0.03686875 0.03635777 0.03759054 0.03447822 0.03426778
0.04825952 0.04857107 0.05050378 0.08055434 0.1003075 0.0776343 0.06241341 0.06103447 0.05387365 0.05282504 0.03450488 0.04725112 0.04935297 0.06516006 0.07281963 0.06944761 0.06541558 0.07113487 0.07268521 0.07230818 0.08854515 0.09115388 0.08392277 0.06980968 0.05859663 0.06037832 0.05690286 0.04795403 0.07030661 0.09885789 0.1396977 0.2621897 0.2265371 0.2166803 0.11677 0.2064518 0.2342535 0.1897694 0.1294403 0.06009562 0.05444792 0.06069606 0.1065859 0.1994282 0.08426829 0.03844053 0.05031718 0.05550434 0.04515646 0.03437044 0.03828353 0.03532596 0.02173921 0.03460141 0.04095075 0.04264959
0.06110968 0.0677856 0.05941736 0.0986155 0.09737811 0.08544587 0.06674258 0.06931901 0.06179316 0.06193117 0.05329791 0.06376092 0.05659521 0.05932031 0.0584074 0.07978467 0.06178119 0.0491741 0.0487994 0.04669295 0.06049753 0.07019483 0.09641043 0.05383228 0.07493945 0.07922344 0.07016311 0.04332827 0.06175316 0.07969019 0.1104847 0.2076214 0.1519482 0.1223499 0.1124489 0.1735029 0.2158165 0.2553642 0.2415274 0.1942455 0.08984662 0.07853583 0.1056075 0.1031938 0.09820261 0.06391954 0.06209932 0.06521034 0.06497055 0.047234 0.04078414 0.0379156 0.02000888 0.03381548 0.0413072 0.03428832
0.05483501 0.07051474 0.05971707 0.08425951 0.08409014 0.07613514 0.06962259 0.08369687 0.08041029 0.06493014 0.06758375 0.09825125 0.07790737 0.06326777 0.07726664 0.1078662 0.0689532 0.04139842 0.04563574 0.0294579 0.06166351 0.08581067 0.06426664 0.04702151 0.05324926 0.08397265 0.05605724 0.06279199 0.08012258 0.06688609 0.07266989 0.1364413 0.07672485 0.07297812 0.09092311 0.1144629 0.1340701 0.2583112 0.3126527 0.21473 0.1221589 0.07122912 0.08757672 0.07167123 0.07737593 0.09304023 0.07844552 0.06987545 0.06207285 0.04036321 0.03410611 0.03391817 0.01876703 0.01928155 0.02036941 0.0201661
0.0695403 0.05891908 0.07063314 0.08964979 0.07918558 0.07975852 0.08896866 0.08862277 0.09015648 0.08448505 0.07985947 0.1334454 0.1080138 0.07229082 0.08304854 0.1257805 0.1151354 0.07116645 0.05463419 0.03256593 0.06676245 0.07643343 0.05211537 0.06612258 0.06808209 0.05890433 0.06495114 0.05747256 0.05207341 0.06301448 0.04925138 0.03793376 0.05619385 0.08812211 0.1002444 0.1020077 0.1727143 0.260082 0.2450326 0.2244824 0.1922888 0.09258731 0.08073805 0.1418813 0.09858399 0.09425367 0.1212612 0.06774702 0.06006779 0.04540346 0.04108048 0.03118904 0.01769928 0.01772945 0.01800516 0.01860515
0.08164439 0.07711609 0.08696145 0.1076575 0.07428565 0.08632476 0.08847895 0.09891914 0.1032012 0.08500576 0.08950718 0.1093826 0.1095972 0.08367192 0.09555346 0.1171737 0.09619609 0.1091639 0.07217554 0.05854485 0.06531543 0.05378691 0.04476399 0.05951705 0.07330232 0.04862007 0.05416351 0.06101016 0.0358759 0.05105814 0.03982336 0.03756965 0.08006231 0.1063706 0.09503357 0.1098724 0.1751931 0.2818726 0.2335685 0.2144593 0.2010863 0.1006701 0.06346752 0.05692862 0.06312158 0.09676955 0.08791295 0.0628728 0.07466526 0.06437024 0.04236438 0.05492281 0.01445738 0.01496871 0.01523458 0.0139048
0.1658572 0.126833 0.09123622 0.09037704 0.08007612 0.08021782 0.09266783 0.1246095 0.1196297 0.09248347 0.1132675 0.1143338 0.127642 0.1030535 0.107758 0.12009 0.1106024 0.1397175 0.1244742 0.0722675 0.05096571 0.05077561 0.04040356 0.06762517 0.07313901 0.05372049 0.06204797 0.04063985 0.04942472 0.05377353 0.04587921 0.04326653 0.05046026 0.07161212 0.07990593 0.1063541 0.1089603 0.104107 0.1158922 0.1396971 0.1453304 0.1099095 0.09616925 0.06900057 0.07987876 0.0998198 0.09530648 0.08130451 0.1191858 0.07983524 0.05696144 0.06199644 0.01079378 0.01452491 0.01391313 0.01176511
0.1768844 0.1816448 0.1162786 0.1045317 0.1133552 0.1252913 0.1002684 0.1040128 0.09148172 0.1104109 0.1118247 0.1297722 0.1441542 0.1041955 0.09379982 0.1141415 0.1392839 0.1711154 0.1662046 0.09935178 0.07816619 0.0871061 0.04739982 0.0622772 0.06935463 0.06586172 0.05697707 0.04393885 0.05481369 0.07708937 0.07068381 0.049743 0.04928473 0.051455 0.06274198 0.0899182 0.07381963 0.06164245 0.1113638 0.1414314 0.1012794 0.1037203 0.1021757 0.0798981 0.09310628 0.1443405 0.09365383 0.0554379 0.1033463 0.05504374 0.02889487 0.008495543 0.009083915 0.009625102 0.01211123 0.01168172
0.2628138 0.2321637 0.1906649 0.1364902 0.1123075 0.1183909 0.1104 0.1169434 0.1006827 0.1133617 0.1005148 0.1270711 0.1467063 0.1286731 0.1098895 0.1454681 0.103802 0.1436879 0.1240919 0.1142403 0.1093412 0.09054206 0.07367668 0.07868909 0.07221603 0.07534975 0.07894734 0.06575492 0.07023475 0.06722642 0.07821776 0.05877431 0.05715032 0.05063411 0.05198436 0.09603319 0.09792113 0.06378428 0.05671468 0.08340596 0.1088145 0.08418834 0.0978571 0.1746139 0.1426538 0.07768603 0.04932426 0.04069185 0.0440808 0.02928119 0.02733427 0.02935215 0.01301517 0.004411526 0.004626349 0.01205753
0.321966 0.2971853 0.2680556 0.1714725 0.1557543 0.1277245 0.1254275 0.1377831 0.1012209 0.1009729 0.09661142 0.1266887 0.1429601 0.1751371 0.1711573 0.1571536 0.2115237 0.1977713 0.1965277 0.1685598 0.1787057 0.1146874 0.08032697 0.09643459 0.08182447 0.08995661 0.07565004 0.07691651 0.06324618 0.07036387 0.0811073 0.08204111 0.0520562 0.05342962 0.06728793 0.1481462 0.1031489 0.06973985 0.06521783 0.09196336 0.1570982 0.09088821 0.09099223 0.131423 0.1407469 0.08030783 0.04201902 0.04253625 0.03226401 0.02433899 0.0242208 0.01529155 0.01391464 0.009615073 0.006953419 0.03552956
0.2796796 0.3208272 0.326421 0.2001344 0.1775266 0.1404383 0.1271463 0.1273266 0.1077344 0.1210882 0.124833 0.1031151 0.1290611 0.1491406 0.2051013 0.1962256 0.2150827 0.2058055 0.2124289 0.2116558 0.2197407 0.1907311 0.1523264 0.1581378 0.1282776 0.11022 0.09564457 0.07899121 0.0919754 0.09815754 0.09510462 0.105945 0.07671058 0.08324339 0.10806 0.1590275 0.09983539 0.08424509 0.08603752 0.06670544 0.1039667 0.1155821 0.08618949 0.079775 0.07376298 0.05977775 0.0432317 0.0428904 0.03492139 0.02485684 0.02030345 0.01833252 0.008013768 0.01872814 0.025652 0.03015916
0.3304513 0.3167281 0.2893347 0.1917391 0.1716313 0.14705 0.1247829 0.1509524 0.1371113 0.09712964 0.1097271 0.08534283 0.08787684 0.1431012 0.139512 0.1883664 0.2056447 0.1948201 0.1832496 0.2619798 0.2464379 0.2400554 0.2634003 0.175863 0.1555642 0.1320305 0.1202231 0.1031827 0.1167317 0.1263775 0.132522 0.114233 0.09852517 0.09046639 0.09423801 0.1356424 0.1048074 0.08312 0.09262864 0.05992931 0.07852344 0.1324764 0.08338021 0.06790911 0.07512645 0.09052239 0.04150976 0.04043758 0.03155356 0.02174039 0.01799542 0.02038034 0.007590475 0.01273991 0.0363066 0.03437999
0.2487883 0.2477673 0.2035233 0.1542483 0.1533218 0.1597898 0.1175991 0.1646017 0.1557593 0.09483038 0.10648 0.09004617 0.08279853 0.1449039 0.1427515 0.1699684 0.1795608 0.203851 0.2408382 0.2802298 0.3193791 0.3133007 0.2270562 0.2116702 0.1708189 0.1385527 0.1220801 0.1075315 0.1168677 0.1198578 0.1379034 0.1375054 0.1004742 0.0830605 0.0833737 0.1069414 0.0928869 0.08055886 0.08210374 0.05931174 0.06738494 0.0691836 0.06058176 0.05361457 0.04790499 0.04164114 0.04022256 0.05878928 0.03689458 0.01968098 0.02419607 0.01594447 0.02019279 0.01771004 0.01982721 0.01431247
0.2004697 0.2386237 0.1600298 0.1185465 0.1064712 0.1167861 0.1141871 0.1926392 0.1710425 0.1056189 0.09642238 0.07186259 0.0810655 0.1227123 0.2207111 0.1879133 0.1852081 0.2326312 0.2055927 0.2888621 0.3005925 0.3343475 0.2652812 0.2205433 0.2053919 0.1613757 0.1310585 0.1114401 0.09467777 0.117606 0.123312 0.1264852 0.1230186 0.08930975 0.07847151 0.07838953 0.08159899 0.08135651 0.05962143 0.06236379 0.06605677 0.06874465 0.04792271 0.04597812 0.03754366 0.03282354 0.03468235 0.04039268 0.02936632 0.02031911 0.01703027 0.01996339 0.0112642 0.01642132 0.01921111 0.02344722
0.1669564 0.1606172 0.1278674 0.1154608 0.1431613 0.1240082 0.1531063 0.165868 0.1546399 0.1135235 0.1375124 0.1006592 0.1142001 0.1349577 0.1637133 0.1703906 0.1722262 0.2099106 0.2385437 0.2724139 0.3099172 0.2959862 0.2260193 0.2134091 0.2227653 0.2090142 0.1644516 0.1348872 0.1369301 0.1416266 0.1340705 0.1261339 0.1307448 0.1160031 0.09381706 0.097748 0.1074897 0.1073405 0.08632794 0.07489566 0.06535139 0.05867349 0.04148952 0.01996643 0.01960044 0.01831896 0.01837759 0.0287422 0.01959017 0.01605737 0.013952 0.01895513 0.01189049 0.01151352 0.02063091 0.02931048
0.1937702 0.1568685 0.120025 0.1339792 0.1448907 0.1292081 0.1211838 0.1031771 0.09745688 0.1165671 0.119438 0.1529577 0.1349038 0.1769491 0.1651011 0.1807768 0.2416555 0.236017 0.2612976 0.2539101 0.3138646 0.2907974 0.2578578 0.2323745 0.2556892 0.2276106 0.200298 0.172 0.1709495 0.1728817 0.151545 0.1228769 0.1164173 0.1187317 0.09996542 0.1059462 0.1132711 0.09970484 0.09060256 0.07393292 0.05060903 0.04523151 0.0412253 0.02077275 0.02460398 0.01890894 0.01147822 0.02068237 0.01932612 0.00979152 0.0137561 0.01525838 0.02416508 0.03368319 0.01509052 0.01752922
0.1138383 0.1823675 0.1424926 0.1235604 0.1425525 0.1242205 0.1050388 0.08787962 0.08629562 0.09096719 0.1245137 0.1564136 0.1633278 0.2034979 0.2030119 0.195819 0.2035702 0.1923989 0.2045286 0.2292191 0.287176 0.3111259 0.2796118 0.261151 0.2217134 0.2161409 0.1901873 0.1758565 0.1845883 0.1931842 0.1772326 0.1346075 0.1229393 0.1134212 0.1193931 0.1249846 0.1243442 0.1156411 0.1035661 0.06895259 0.05074008 0.04735979 0.04194695 0.02623 0.02494635 0.02066816 0.02761324 0.02989445 0.03353497 0.04398539 0.02748476 0.01359206 0.01579961 0.0168159 0.03060814 0.05047364
0.1292904 0.2271165 0.1625039 0.1321626 0.1368673 0.1243648 0.1130569 0.1165503 0.07917988 0.08560197 0.09919818 0.1438961 0.1556324 0.1837889 0.2057902 0.2506239 0.2156079 0.1788579 0.1879879 0.2755846 0.3024453 0.2888492 0.2583504 0.2448628 0.216434 0.2012154 0.1956559 0.2104063 0.1879257 0.187225 0.1720132 0.1403012 0.1486242 0.1160253 0.133126 0.1333984 0.1356297 0.1354079 0.1195259 0.0739854 0.060493 0.05285398 0.04264956 0.04246397 0.04590183 0.02773162 0.02325401 0.04074753 0.03624969 0.03895707 0.03384202 0.02667613 0.02977437 0.01167526 0.0283244 0.02043197
