contrib/geomasonDemos/riftland/DataFiles/RainData/.svn/text-base/42.txt.svn-base
ncols         56
nrows         54
xllcorner     28.264
yllcorner     -5.7719999999999
cellsize      0.25
NODATA_value  -9999
[rows 26 to 51 of 54, columns 0 to 55 of 56]
0.07628559 0.06907941 0.1090896 0.09516066 0.09667607 0.1029987 0.1165816 0.1022593 0.06616647 0.06656466 0.07673723 0.1137558 0.1124099 0.1155782 0.1315468 0.1595421 0.1454631 0.1373184 0.1669821 0.1694194 0.1835594 0.2069306 0.2224125 0.2408971 0.2618545 0.2601041 0.2347911 0.2538088 0.2423881 0.2040315 0.2130146 0.2287395 0.1991487 0.1411243 0.1007601 0.03692311 0.01480699 0.007461729 0.006743601 0.008303335 0.007351608 0.009010519 0.01097401 0.01349153 0.01498514 0.01630962 0.01979451 0.02100377 0.02117295 0.02340229 0.02642927 0.03602575 0.03493286 0.02570225 0.03952863 0.03108728
0.1130564 0.1137402 0.1573108 0.1308362 0.1195122 0.1235999 0.1117103 0.1121067 0.09751293 0.07300339 0.05854237 0.07428808 0.1067301 0.1439121 0.1537612 0.1694789 0.1499727 0.1401841 0.1439961 0.165505 0.2156283 0.2317823 0.2281243 0.2616804 0.2755818 0.2570867 0.2427432 0.2443353 0.2404377 0.2361769 0.234702 0.2174569 0.1815457 0.12732 0.08959537 0.0455208 0.02033531 0.01025757 0.009212739 0.01020108 0.01005914 0.01104813 0.01244298 0.01310576 0.01423404 0.01533494 0.01684183 0.01764387 0.01868947 0.02064193 0.02266566 0.03184108 0.03863472 0.05789787 0.05923592 0.06415632
0.107683 0.1535303 0.1582937 0.1628413 0.1212879 0.08991658 0.09133221 0.07234678 0.06475148 0.07544561 0.07609701 0.09751645 0.08753964 0.09782635 0.09074147 0.09551064 0.09478009 0.09742866 0.1199475 0.1531833 0.1463911 0.1780459 0.2117034 0.2605572 0.2730066 0.2689123 0.2558201 0.2713962 0.2550078 0.2504564 0.221095 0.1882773 0.1657918 0.1171814 0.08616423 0.04810516 0.01727785 0.0108093 0.01024683 0.01070478 0.01124111 0.01217334 0.0133671 0.01396723 0.01510512 0.01795695 0.01957451 0.02123214 0.02127149 0.02548935 0.02772479 0.04679504 0.05219444 0.05998917 0.0663451 0.0775884
0.09427831 0.1583161 0.13663 0.1328717 0.09792826 0.07302716 0.08038964 0.04378521 0.06193325 0.0559039 0.05126999 0.05352595 0.05399014 0.05496543 0.063949 0.08819326 0.1107992 0.1127296 0.1467307 0.1472439 0.1509374 0.1459616 0.1680127 0.2378942 0.2877866 0.2757527 0.2562212 0.2769796 0.2513336 0.2556089 0.2123623 0.1883058 0.1756429 0.1329122 0.1083396 0.06506966 0.03295154 0.01168877 0.0166587 0.01150802 0.01230181 0.01318387 0.01435087 0.0148391 0.01584284 0.01763818 0.02060703 0.02114294 0.0229425 0.02548871 0.02929969 0.04426448 0.04925 0.05612589 0.08196636 0.08854835
0.1099041 0.1426708 0.1499168 0.07895704 0.07037393 0.05315723 0.04470204 0.04911304 0.05715305 0.04679943 0.03793214 0.04765752 0.04815923 0.05026178 0.05437372 0.09531006 0.09766297 0.09543497 0.1433179 0.1397655 0.1481448 0.1550887 0.1364631 0.1928783 0.2503119 0.2439904 0.2219464 0.2694826 0.2499813 0.2396815 0.205993 0.1891143 0.1981438 0.1663805 0.127866 0.08917811 0.04563958 0.01927511 0.01147662 0.01264963 0.01386509 0.01472992 0.01601166 0.01637942 0.01743284 0.0195498 0.02310194 0.02498472 0.02730249 0.03177927 0.04074531 0.0666706 0.06005012 0.07653347 0.1246181 0.1036113
0.121518 0.1336854 0.09492397 0.06011923 0.04156994 0.04372069 0.04530344 0.05883699 0.06348 0.05409164 0.04602114 0.05308688 0.06019121 0.07160554 0.07711572 0.1009747 0.1256167 0.14255 0.1618346 0.1407489 0.1518658 0.1414442 0.126236 0.1485459 0.1690543 0.2347129 0.1867353 0.2265662 0.2417911 0.2123845 0.1949323 0.1688513 0.1522704 0.1244774 0.0971427 0.07745351 0.06858151 0.02364099 0.01853219 0.01431416 0.01525048 0.01610428 0.01744852 0.01862526 0.02048808 0.02289427 0.02639303 0.03437275 0.03891959 0.04535273 0.05093831 0.06388412 0.109194 0.09280778 0.1032479 0.1345667
0.1245246 0.1163962 0.07825801 0.0392837 0.03278318 0.03334553 0.03742126 0.04382984 0.04256934 0.04074452 0.04025099 0.05053901 0.06174216 0.07696527 0.09506495 0.1550666 0.1742137 0.1772513 0.1543486 0.117792 0.1281756 0.1216222 0.1230331 0.1596372 0.1542422 0.1787481 0.2050429 0.2483856 0.2566443 0.2159391 0.19231 0.1617673 0.1261476 0.1058315 0.08076949 0.04980495 0.03485116 0.02309065 0.02006358 0.01557908 0.01656542 0.01737391 0.01879416 0.01969491 0.02162898 0.0245615 0.03114838 0.04448368 0.04606103 0.04907836 0.05434717 0.0754649 0.09341763 0.08284536 0.08103584 0.119687
0.1294531 0.09450428 0.05682197 0.03708498 0.03788859 0.02881593 0.03170289 0.03142467 0.02892407 0.03082205 0.03591983 0.04671611 0.06251838 0.07781605 0.1019569 0.1862156 0.2422042 0.1263039 0.1192828 0.10412 0.1020654 0.09813581 0.1050512 0.1041362 0.1546709 0.2445624 0.2515809 0.2529151 0.235689 0.2080707 0.1771029 0.1404131 0.1136058 0.08505191 0.06958612 0.04576053 0.02900691 0.02307585 0.02053372 0.01631511 0.01732835 0.01880298 0.02162754 0.02201155 0.02495587 0.02822295 0.03299557 0.0479208 0.05456741 0.05828207 0.06629706 0.05627008 0.05501958 0.06076894 0.07538358 0.1033098
0.1174407 0.09404946 0.0525746 0.03532552 0.03639432 0.0314739 0.02388335 0.02299318 0.02366387 0.02735914 0.03392886 0.04835633 0.06236655 0.0787482 0.109933 0.2343553 0.2104651 0.1587112 0.1185691 0.1080053 0.09886114 0.08796211 0.07056462 0.08195062 0.108063 0.1815669 0.2031364 0.1857643 0.1804305 0.1500094 0.1295118 0.09014843 0.09835166 0.06818341 0.05780393 0.0358098 0.02750388 0.02214657 0.01982501 0.01620195 0.01741945 0.02051077 0.02591024 0.02534507 0.02870525 0.0324445 0.03736959 0.05545295 0.06694351 0.0731023 0.08181311 0.06865615 0.07308032 0.0667244 0.07612527 0.08915611
0.1155783 0.1105373 0.04642954 0.0346326 0.03224535 0.02902865 0.02057305 0.01796541 0.01915369 0.02477212 0.03013934 0.0519051 0.05270871 0.07187919 0.1103489 0.1912782 0.1845991 0.1383004 0.09599433 0.05755194 0.04165706 0.03846141 0.02173975 0.07460408 0.07339749 0.1155583 0.1501194 0.1191337 0.108382 0.09232453 0.07550032 0.0748165 0.07305492 0.06575136 0.05252812 0.03548972 0.02791501 0.02211947 0.02056548 0.01460045 0.01660514 0.02117192 0.02428248 0.03886977 0.04387904 0.05263072 0.06679034 0.09793102 0.1192705 0.1314794 0.1424652 0.1407761 0.1560955 0.1645384 0.1808299 0.12805
0.1293128 0.0606565 0.02331498 0.01780674 0.0189185 0.01634356 0.0136923 0.01442505 0.01601144 0.01911542 0.02892192 0.05289412 0.05996458 0.07988358 0.1069601 0.1238376 0.137275 0.08208939 0.05725162 0.03582383 0.02489804 0.0248062 0.02803894 0.08686498 0.08860608 0.1261279 0.1159296 0.09458347 0.0992376 0.0840067 0.0654622 0.06115187 0.05835142 0.05745547 0.04981674 0.03895435 0.02665518 0.02139187 0.0192293 0.01208817 0.01428128 0.02290987 0.02873115 0.04331694 0.05126397 0.06075991 0.07824403 0.1189364 0.1319248 0.1434576 0.1584554 0.171879 0.2029081 0.2037816 0.1870128 0.1622851
0.09848724 0.04455892 0.0187318 0.01455864 0.01677303 0.0118508 0.009839988 0.01234167 0.01251188 0.0154855 0.02203538 0.04509711 0.05457169 0.07949995 0.100077 0.08184234 0.05682762 0.04124522 0.03000936 0.02176232 0.01055175 0.008760148 0.02102301 0.05704483 0.08050239 0.1256999 0.1025589 0.0912044 0.08967059 0.078522 0.06267912 0.05922171 0.05498617 0.05140081 0.04143346 0.03442072 0.02446661 0.02078674 0.01835517 0.01157181 0.01410235 0.02214038 0.03001199 0.0480221 0.05876828 0.07068752 0.09154726 0.1324997 0.1516299 0.170408 0.180401 0.2394188 0.252159 0.2223462 0.1916109 0.07283333
0.08331339 0.03196164 0.01095634 0.01178364 0.009437431 0.008138322 0.007807349 0.009422225 0.01048498 0.0131862 0.01766547 0.03258214 0.04194692 0.06529284 0.07748768 0.05531138 0.03538088 0.01777905 0.01858086 0.01063307 0.0107589 0.02778335 0.03982917 0.05810094 0.07467546 0.08714618 0.07854196 0.07380771 0.07205009 0.06753778 0.05493971 0.04785128 0.05067757 0.0467562 0.03470094 0.02576607 0.02149894 0.01826287 0.02421537 0.01228766 0.01551524 0.02290442 0.03497943 0.0577012 0.07094633 0.08354566 0.09764419 0.1273369 0.1506312 0.1797931 0.2107954 0.2310846 0.318271 0.1934711 0.1431982 0.1179583
0.0837191 0.02789043 0.00742353 0.006116846 0.005342389 0.008463571 0.006390027 0.007673751 0.01141171 0.01096216 0.01651004 0.02783239 0.03824882 0.05784997 0.04897175 0.03748134 0.03176121 0.01299912 0.01656075 0.01391567 0.01387504 0.01819485 0.03636142 0.0524226 0.08639155 0.08625248 0.04568378 0.05221687 0.04266623 0.04741308 0.03603854 0.03890795 0.04050113 0.04086648 0.03393133 0.01933534 0.01384469 0.013808 0.01577013 0.02163513 0.01891978 0.02635593 0.03993536 0.08433056 0.1038404 0.1226626 0.1386504 0.1436555 0.184726 0.2362062 0.2587022 0.246226 0.2822882 0.184555 0.1943738 0.09466667
0.04832749 0.01727659 0.004901134 0.005189269 0.003421518 0.004971936 0.003500045 0.00694292 0.008998681 0.008800653 0.01325839 0.02386405 0.0276447 0.04354585 0.03658096 0.02497949 0.01796518 0.01185962 0.008776697 0.005261165 0.005233285 0.009585487 0.01943817 0.04090038 0.08390138 0.0590816 0.03102938 0.03088864 0.03859098 0.03316026 0.03093479 0.03409817 0.03378308 0.03267825 0.0268466 0.01543219 0.01410745 0.01354049 0.01837744 0.0231185 0.02035364 0.02930543 0.05038617 0.09480167 0.1190164 0.1387663 0.1561492 0.1628167 0.2072803 0.2833975 0.2897356 0.2266718 0.1798347 0.194623 0.186333 0.08941666
0.059909 0.02598928 0.005894583 0.008793154 0.003584021 0.002240138 0.003468111 0.004713036 0.005569179 0.007244636 0.009677154 0.01604049 0.01984765 0.01980206 0.01746232 0.01248696 0.01188628 0.008507052 0.007187149 0.007278475 0.005561096 0.006971305 0.00578643 0.0218839 0.0319422 0.01766181 0.02307657 0.02333477 0.02982459 0.02827422 0.02767566 0.03364754 0.03159555 0.02852376 0.02624786 0.01545782 0.01269727 0.01559393 0.02580159 0.02869488 0.02610279 0.03694667 0.04847863 0.1020468 0.1284591 0.1490774 0.1645574 0.1652791 0.1799053 0.2086521 0.2737858 0.1977087 0.2105104 0.2247455 0.197278 0.06025
0.05302085 0.02128291 0.005152907 0.002539713 0.00251213 0.002339877 0.002570046 0.003720723 0.005591371 0.006117958 0.008118168 0.01347825 0.01608492 0.01636757 0.01463252 0.01020011 0.009294198 0.007690909 0.006050345 0.004521133 0.00311978 0.002543795 0.005082381 0.009127148 0.009611081 0.009272925 0.01444733 0.02607572 0.02756171 0.03202433 0.04273631 0.0264738 0.02798206 0.02549628 0.02192079 0.01840865 0.08957583 0.0168856 0.0225962 0.03457781 0.03115171 0.04039291 0.05850146 0.1056567 0.1321786 0.1584878 0.1720656 0.1814874 0.1882487 0.2435144 0.3824156 0.2360358 0.241552 0.211855 0.1940321 0.09125001
0.04384399 0.02048502 0.004178229 0.00110136 0.002639597 0.0003151832 5.373285e-005 0.002295291 0.0004677491 0.0006084091 0.001688216 0.005977155 0.007026703 0.007163524 0.00631994 0.005444449 0.004056381 0.003424512 0.002951495 0.00219178 0.006169955 0.01071494 0.002370115 0.01331867 0.02712561 0.0266147 0.0111757 0.005612124 0.01142983 0.02192581 0.03239281 0.0129893 0.01502049 0.01455688 0.02085632 0.03460057 0.3280953 0.02239327 0.02396717 0.03133683 0.0349778 0.04362014 0.06920288 0.1333588 0.154417 0.1869933 0.2039292 0.2245994 0.2400353 0.3163817 0.2571399 0.1995417 0.15675 0.170125 0.14525 0.1168333
0.03098498 0.0242126 0.005126178 0.0009745641 0.004535032 0.0003295784 3.805483e-005 0.0002818839 0.0003674888 0.0006476916 0.0006109848 0.004574838 0.005345016 0.00542052 0.004878909 0.003653029 0.00308043 0.002619094 0.002275353 0.006649369 0.01020899 0.0100696 0.001841798 0.00979256 0.01305372 0.01061872 0.002655214 0.00353081 0.004239233 0.004471886 0.004377845 0.01123284 0.01222321 0.01603076 0.01654668 0.01925341 0.02276307 0.02338106 0.03491576 0.03393573 0.03914341 0.05145115 0.07288045 0.1376858 0.1591618 0.1797889 0.209226 0.2067968 0.2655184 0.2498401 0.2700617 0.2111667 0.2043333 0.2022917 0.1692916 0.1046667
0.0219801 0.01849024 0.00267532 0.007384639 0.004990306 0.0006327596 5.333091e-005 0.0002844186 0.0002823174 0.000367083 0.0004652374 0.0034317 0.003999078 0.004051663 0.003580717 0.002737042 0.002309329 0.003089171 0.001724606 0.008088028 0.004645323 0.003697116 0.001409825 0.0007029639 0.004223387 0.001113742 0.001587227 0.002887236 0.003482788 0.006217522 0.004018626 0.008575507 0.01032778 0.01114258 0.0126754 0.02231576 0.02443341 0.02718967 0.04371322 0.05010691 0.04377431 0.05528987 0.07930483 0.1394465 0.1705596 0.18838 0.2057845 0.2255965 0.2839664 0.2504885 0.2640402 0.1809583 0.208625 0.2065834 0.1799583 0.136625
0.01557319 0.003510741 0.0002716622 0.004049055 0.002253849 0.0006637748 1.936875e-005 0.0001550224 0.0002843337 0.000276006 0.0003542323 0.00259281 0.003036083 0.003081906 0.002718576 0.002072831 0.001747435 0.001494087 0.001313703 0.001005576 0.0008442479 0.0009375243 0.001068658 0.0005323316 0.0006126284 0.0009922431 0.002653617 0.002550708 0.002666348 0.002903354 0.0035052 0.008777455 0.01564711 0.01788568 0.02002584 0.02617198 0.03065271 0.02811038 0.03941272 0.0634109 0.05723539 0.05846624 0.07992242 0.1457705 0.1671779 0.2023446 0.1951401 0.2287422 0.2088498 0.2560753 0.2584288 0.1453333 0.1516667 0.1614167 0.1775 0.1192083
0.009951306 0.006403817 0.002135792 0.003158102 0.0006777043 0.0009744488 0 3.849302e-005 5.278464e-005 7.049798e-005 9.182416e-005 0.0008900097 0.001123238 0.001081122 0.0009457222 0.0008148325 0.0006866201 0.0005892447 0.003045774 0.000539396 0.0004570947 0.0004631064 0.0005595982 0.0002392953 0.0001431737 0.0005885343 0.007047511 0.005468381 0.001295767 0.0004765281 0.0005064883 0.009308935 0.01384284 0.01690555 0.02393256 0.03191917 0.03044228 0.02738401 0.04271061 0.0524966 0.07053041 0.08493746 0.1032902 0.1479909 0.1739029 0.1891889 0.1961058 0.06983332 0.1535 0.178875 0.1950416 0.15625 0.1469167 0.1699167 0.1792916 0.1166667
0.005253898 0.005281284 0.002554388 0.001443271 0.0003969753 7.784095e-005 3.8945e-005 1.669196e-005 2.300635e-005 3.152277e-005 4.229453e-005 0.0004196357 0.0005720299 0.0005165566 0.0004594046 0.0003996275 0.000342905 0.000300133 0.0002725084 0.004328049 0.0002568888 0.0002558627 0.0002872999 6.098731e-005 6.683208e-005 8.887447e-005 0.0001263945 0.000322626 0.0009762121 0.0002337355 0.0002946694 0.01074043 0.01464252 0.02158722 0.02214037 0.03285249 0.03028239 0.02867635 0.03537245 0.05476701 0.08191587 0.08563212 0.1024761 0.1368682 0.1600513 0.1710858 0.1940154 0.092375 0.09312499 0.145875 0.164125 0.1617917 0.1818333 0.177 0.1720833 0.115375
0.001979475 0.002511477 0.005147652 0.003190264 0.0003969725 0 0.000662571 0.0004592779 7.095749e-006 1.040339e-005 1.507492e-005 0.0001562873 0.0001927802 0.0002017381 0.0001845538 0.0001649812 0.000646001 0.0001350098 0.0001282279 0.0001444279 0.0001364147 0.0001323216 0.0001314979 2.49677e-005 2.492787e-005 0.002020265 0.0002569203 0.001814372 0.0001533651 9.667419e-005 0.0001710246 0.007787464 0.009733303 0.01743985 0.01441301 0.02103509 0.02445938 0.02910628 0.03459486 0.05305098 0.06817042 0.08800428 0.09112694 0.1236219 0.1378376 0.1410006 0.1527391 0.095125 0.098 0.1468333 0.1430417 0.1760416 0.1909583 0.1807917 0.1355833 0.132125
0.0004201734 3.570996e-005 0.005171247 0.002601353 0.001786945 0 0.0003038455 0.0001581111 5.308589e-006 7.552097e-006 0.0006184782 0.000112129 0.0001380637 0.0001441423 0.000132274 0.0005559062 0.001248187 9.665347e-005 0.001800656 0.003436433 9.793023e-005 9.528532e-005 9.530362e-005 1.807832e-005 1.800795e-005 0.0003799842 0.0001220747 0.003433232 4.016859e-005 7.774029e-005 0.0008986003 0.004421216 0.007063163 0.01498383 0.02094341 0.01951833 0.02303746 0.02721297 0.03200862 0.0486549 0.06344643 0.114386 0.1123647 0.1153591 0.1143992 0.1141408 0.09646525 0.08258333 0.1003333 0.1059583 0.1217083 0.130125 0.1567917 0.1485417 0.11175 0.1450417
0 0 0.0002666667 0.009462489 0.0111504 0.002715311 0.0004749952 0.0005131936 0.001210336 1.402485e-006 1.985926e-006 0.00088771 1.957279e-005 1.685953e-005 1.186743e-005 0.0006875945 0.001257773 0 0 1.559945e-005 1.476694e-005 1.444319e-005 1.43798e-005 1.139015e-005 1.141385e-005 1.389087e-005 1.905134e-005 0.0007990403 0.003050508 0.001126875 0.001907889 0.004346388 0.006074617 0.00911606 0.0124825 0.02351749 0.02571592 0.02798746 0.03202629 0.04727936 0.05571696 0.07243267 0.09059705 0.08488769 0.08429171 0.08885179 0.06793588 0.06029166 0.1185417 0.1199167 0.1308333 0.135125 0.1382083 0.1475417 0.123875 0.1451667
