contrib/geomasonDemos/riftland/DataFiles/RainData/.svn/text-base/42.txt.svn-base
ncols         56
nrows         54
xllcorner     28.264
yllcorner     -5.7719999999999
cellsize      0.25
NODATA_value  -9999
[rows 0 to 25 of 54, columns 0 to 55 of 56]
0.1216553 0.1294383 0.1218302 0.1065342 0.07194477 0.09964925 0.1058264 0.1086844 0.1334509 0.1265101 0.1835514 0.1887353 0.142978 0.12111 0.1507266 0.2206336 0.1676168 0.1970797 0.250207 0.3029492 0.2366903 0.3267869 0.3500733 0.3087749 0.2412247 0.1945294 0.2066138 0.1979727 0.2235185 0.2353861 0.2874019 0.1949393 0.2343169 0.2326884 0.3647685 0.2950314 0.2888294 0.2550431 0.1661877 0.1273877 0.07139698 0.06035643 0.0736476 0.1138126 0.1461859 0.1132128 0.1661485 0.178653 0.1380757 0.1720406 0.08417286 0.04265805 0.04302819 0.04419506 0.06465384 0.07138784
0.1419244 0.1465571 0.1296112 0.124148 0.09610273 0.1012816 0.1167184 0.2155707 0.1781145 0.2258064 0.1947542 0.1845497 0.1101596 0.1217242 0.1927304 0.2193669 0.1643455 0.2232579 0.2977949 0.3793587 0.2893122 0.3773883 0.4663207 0.2579417 0.18577 0.2054005 0.1852738 0.201342 0.2647472 0.2570018 0.238829 0.1857096 0.165563 0.1998594 0.2485435 0.2869956 0.244275 0.1910706 0.1471343 0.09995965 0.1104021 0.07962025 0.1041355 0.09671832 0.09682617 0.0783786 0.07009297 0.09779453 0.09468891 0.06681275 0.03000545 0.02384473 0.0206421 0.01333517 0.04048379 0.06351842
0.1863138 0.1946545 0.1428369 0.1644943 0.1256638 0.1859688 0.2567161 0.2677982 0.2305124 0.2827234 0.1823471 0.2097393 0.118955 0.1383222 0.2007804 0.1888896 0.1713595 0.2645496 0.2987457 0.4392156 0.30195 0.3289618 0.2840934 0.269518 0.2559965 0.2457969 0.2486826 0.383343 0.2327573 0.2180566 0.1958476 0.1852107 0.2011699 0.2253534 0.2237414 0.2049699 0.1976278 0.1490056 0.1368616 0.1120193 0.1472793 0.1052241 0.1020753 0.06516133 0.05960194 0.05760899 0.06450286 0.1013014 0.07476578 0.04086671 0.0227251 0.01528582 0.01117324 0.005128632 0.02577429 0.03076883
0.1750444 0.2258769 0.1698558 0.1882821 0.1811971 0.1954535 0.1908934 0.1929613 0.2065599 0.2396926 0.1484621 0.1402157 0.08762123 0.1347805 0.2117574 0.23205 0.1953922 0.3259967 0.3258651 0.3703603 0.4010946 0.457344 0.3317907 0.222868 0.201785 0.1356659 0.1936632 0.2513952 0.168658 0.194918 0.1511261 0.208611 0.205082 0.2597606 0.2830653 0.2200231 0.1870125 0.1872824 0.1551452 0.1397509 0.2008956 0.1922251 0.199964 0.1593035 0.1131351 0.06669928 0.08290072 0.05218136 0.03485313 0.03782809 0.02332419 0.01789923 0.01460658 0.007066729 0.005918045 0.01127406
0.1306809 0.1536272 0.1901912 0.1824937 0.1956195 0.2062812 0.1590013 0.1645233 0.20669 0.2440397 0.237928 0.1646091 0.2168388 0.2168572 0.2334947 0.2482798 0.1646135 0.2495496 0.3273791 0.2348535 0.2653643 0.3798975 0.3226492 0.1394685 0.1153677 0.125956 0.1299122 0.1566445 0.130187 0.116775 0.1227302 0.1584674 0.300047 0.2207236 0.2563561 0.2416106 0.1855326 0.125984 0.116277 0.1169506 0.193784 0.1689925 0.1630325 0.1637457 0.1203487 0.05822584 0.02257306 0.02823707 0.03671453 0.04589217 0.0336917 0.02565023 0.01564263 0.005869189 0.002820975 0.007053312
0.1029832 0.1826116 0.1908913 0.1755409 0.2287481 0.1786944 0.1945534 0.2502542 0.2584195 0.1806354 0.2365138 0.2408866 0.2156333 0.2391478 0.3007605 0.3621852 0.2437308 0.2133335 0.2628792 0.1885858 0.2129221 0.2753438 0.1858824 0.2579451 0.220579 0.1192943 0.1956804 0.1647709 0.09338997 0.0844697 0.102772 0.1597698 0.2183559 0.1816697 0.2113408 0.2290037 0.1875976 0.1012863 0.1521304 0.1171944 0.1493361 0.1712157 0.1256159 0.09682337 0.05229921 0.02900615 0.02289196 0.02873461 0.03438958 0.04749313 0.03442473 0.01732161 0.005209359 0.001585351 0.001023942 0.00358812
0.1731686 0.1520936 0.1279277 0.1575259 0.1987404 0.2188663 0.1997332 0.2789896 0.2258731 0.1721189 0.1644226 0.2408752 0.1924147 0.1830137 0.2879852 0.347831 0.291388 0.2360594 0.1957384 0.2186004 0.202987 0.2109848 0.1561399 0.1513692 0.1272511 0.1830644 0.1688929 0.1963317 0.0906269 0.08058775 0.09897742 0.104327 0.134406 0.1876777 0.1273039 0.1382977 0.1303333 0.0806416 0.09274244 0.1037059 0.1109685 0.145345 0.1385372 0.09496485 0.0604349 0.03232182 0.02259733 0.01545153 0.02023438 0.02378506 0.02277089 0.008636069 0.002285416 0.00088637 0.001549165 0.00326427
0.1578719 0.1847661 0.1830946 0.1716013 0.1836903 0.1451078 0.1618974 0.2459836 0.2438993 0.139394 0.1595071 0.2080755 0.2672581 0.3213796 0.3003889 0.2383146 0.3317551 0.1882215 0.2123917 0.2355178 0.1764349 0.07059736 0.05031878 0.08351515 0.1394398 0.122171 0.1314987 0.1888299 0.08077486 0.08684951 0.06623205 0.08506219 0.09587017 0.1191049 0.09107903 0.09466086 0.09765857 0.08835524 0.08345432 0.07772105 0.08931199 0.1001864 0.1090407 0.07135855 0.04837462 0.03576029 0.02411861 0.01340108 0.01842965 0.008248397 0.006173778 0.0003290135 0.0002267031 0.0001958656 0.0002478248 0.0001842842
0.2211326 0.2355704 0.1992498 0.119086 0.1499408 0.1361194 0.1711233 0.2394503 0.1879517 0.1179663 0.1606428 0.145503 0.2232098 0.304524 0.2653588 0.3959965 0.2962537 0.1901724 0.1906164 0.3076789 0.207436 0.1310994 0.1609387 0.08059985 0.09143477 0.1838117 0.1181368 0.2001712 0.1297688 0.09809709 0.05684324 0.06133699 0.1177813 0.0832659 0.06087866 0.06456133 0.06170054 0.07010654 0.0614603 0.07761054 0.0761366 0.05186342 0.05240658 0.03502952 0.01334376 0.009676062 0.01002835 0.0147574 0.0147134 0.01118275 0.000944115 0.0002011037 0.0001800917 9.337017e-005 8.04598e-005 4.70108e-005
0.2292894 0.2593731 0.216055 0.1666606 0.15573 0.1503247 0.2099227 0.1632194 0.1347502 0.1274654 0.1650449 0.2517966 0.3062958 0.3344071 0.2483306 0.3108692 0.3331139 0.1679724 0.1775116 0.1543754 0.2155492 0.1037825 0.1956111 0.1133033 0.1146476 0.1286824 0.1225422 0.1429838 0.07217416 0.05309509 0.05293189 0.06188485 0.0510974 0.0607545 0.05845408 0.04043795 0.03353954 0.03178589 0.02878914 0.03955849 0.03398752 0.01940798 0.02885853 0.01249888 0.004277486 0.002059688 0.009031464 0.006706155 0.002155552 0.002115481 0.001106537 0.001902524 0.001809097 3.46758e-005 2.802304e-005 0.001572582
0.1719031 0.1935697 0.2341229 0.1518596 0.1690906 0.2089592 0.1760242 0.1571039 0.1654248 0.1350716 0.2020902 0.3708565 0.3489765 0.2573009 0.2340441 0.2569483 0.2524931 0.1514775 0.1674051 0.155659 0.149119 0.122427 0.160748 0.1358911 0.2946526 0.07638506 0.1702614 0.1304128 0.02820933 0.02214811 0.01458104 0.03103551 0.03918458 0.02238927 0.02551145 0.03393831 0.03095041 0.03481646 0.03054952 0.0371296 0.02467348 0.009486633 0.01712075 0.008475127 0.006045972 0.007605057 0.00801522 0.006235498 0.003565678 0.00288161 0.001397289 0.0002522301 3.928447e-005 2.880953e-005 2.302244e-005 0.001056054
0.1684922 0.1773136 0.1312188 0.1429289 0.1686105 0.2069954 0.1949688 0.2175792 0.2131035 0.1833187 0.1871363 0.2176536 0.2253169 0.2168537 0.2083161 0.2151477 0.2141645 0.1787963 0.1692298 0.2071083 0.1020451 0.06755766 0.07041841 0.09251852 0.07965395 0.03157949 0.05026194 0.02659012 0.005198336 0.003089833 0.002800576 0.01169353 0.01585276 0.00690282 0.005077635 0.01282561 0.01845178 0.01921723 0.03845114 0.03002293 0.006640815 0.006638417 0.008755903 0.009557804 0.01042558 0.009428405 0.007876319 0.005509637 0.005511501 0.003830749 0.002755405 0.001084601 0.0007629192 0.0005336131 0.0004430151 0.001313482
0.1490024 0.1623636 0.1487551 0.1789983 0.2053948 0.1837652 0.189386 0.2021423 0.1887967 0.1856959 0.1885342 0.2462907 0.2151865 0.2007942 0.1993975 0.2086756 0.1916766 0.1563121 0.1606711 0.1911036 0.09848706 0.0695955 0.06530015 0.06644439 0.05915231 0.04291936 0.02564392 0.002327747 0.001946543 0.0004744987 0.0008285585 0.002504177 0.001444997 0.001340326 0.007371725 0.006533117 0.004611603 0.008600282 0.01951925 0.01232103 0.005272767 0.005492905 0.006114031 0.005267049 0.004627776 0.004272094 0.003742194 0.004434998 0.003655007 0.002974111 0.002381694 0.0009133032 0.0006083583 0.0007675607 0.0018259 0.002630259
0.1523281 0.1469751 0.1678693 0.1658521 0.1961714 0.1987685 0.1801819 0.1843501 0.1746678 0.1902469 0.1935899 0.2036905 0.1898893 0.210517 0.2047781 0.1893364 0.1653658 0.1595813 0.1753807 0.1250061 0.103727 0.1046587 0.09049724 0.06735964 0.05227089 0.02186244 0.01206081 0.002129253 0.0004397202 0.001218862 0.001621064 0.0006634559 0.004127218 0.001044771 0.005820093 0.004089657 0.0009076631 0.004518078 0.01108453 0.01247996 0.005543174 0.006083506 0.004559179 0.004338553 0.004227931 0.003941901 0.003438153 0.004104329 0.003435055 0.002800222 0.002229086 0.0008395358 0.0009586849 0.00210966 0.003003141 0.003801215
0.1108572 0.1753052 0.1828818 0.1706759 0.2058485 0.1695476 0.1461381 0.1651354 0.1642963 0.1577404 0.1553825 0.1499241 0.1706025 0.1961632 0.2017882 0.1811777 0.1787432 0.2260421 0.2146639 0.1118354 0.07893609 0.09812409 0.07428867 0.06728242 0.0430662 0.03547157 0.01486733 0.008261155 0.001866744 0.004362791 0.001939214 0.001731668 0.0102199 0.004898852 0.001706416 0.001620046 0.001713839 0.001794865 0.001869045 0.006339625 0.006357385 0.004888509 0.004561139 0.004350372 0.004219192 0.003942409 0.003543817 0.004163683 0.003508963 0.002874978 0.002293786 0.0008717778 0.001554401 0.002484558 0.003223494 0.004007479
0.1112914 0.1075379 0.1076069 0.1472581 0.1936457 0.1404346 0.1327339 0.1573347 0.1540326 0.1553131 0.1569272 0.1651859 0.171646 0.1758812 0.1713281 0.1608927 0.1471039 0.1556982 0.1614913 0.130955 0.1055316 0.1068352 0.09487919 0.08684078 0.08536363 0.0319798 0.01697547 0.009129209 0.001104828 0.0004123381 0.0004324234 0.001164666 0.002215474 0.001457292 0.0019162 0.003354013 0.003511808 0.00392382 0.004262718 0.006975585 0.007490184 0.007636886 0.007470052 0.005009172 0.004879522 0.004576373 0.004147975 0.004810354 0.004003957 0.003294103 0.002638862 0.001068635 0.001663526 0.002422544 0.003067978 0.003935073
0.1206705 0.1403085 0.1255324 0.1261194 0.1355137 0.1126618 0.1088647 0.1465551 0.1542562 0.1653084 0.1644472 0.160546 0.1561328 0.1463964 0.1540421 0.1639365 0.1298816 0.1560581 0.134141 0.126091 0.1156009 0.09801678 0.09075075 0.09402429 0.05343745 0.024066 0.01596323 0.007997058 0.002093283 0.0005543029 0.0005444381 0.0013681 0.00133505 0.001530928 0.001970774 0.003017739 0.003524046 0.003924793 0.004238085 0.006950343 0.007428783 0.0076698 0.007436043 0.00502279 0.004922293 0.004606956 0.004089346 0.004801184 0.00408598 0.003385881 0.002713881 0.001070332 0.001436731 0.002053692 0.002643012 0.003434144
0.1282523 0.1560849 0.1317975 0.1371069 0.1387341 0.1330875 0.1202861 0.14969 0.1450684 0.1314286 0.1348859 0.1850563 0.1512183 0.1343253 0.1566726 0.1841335 0.182299 0.1758083 0.1708932 0.1398935 0.1500655 0.1300631 0.1260671 0.09007481 0.06428948 0.0333021 0.03199929 0.009653212 0.002319752 0.0014623 0.002116254 0.003087163 0.002411224 0.002296898 0.002527271 0.003455661 0.003713865 0.003982062 0.004261607 0.006891165 0.007326678 0.007432652 0.007302516 0.004919474 0.004832095 0.004551667 0.004058427 0.004811136 0.00413722 0.003476273 0.002823947 0.001303468 0.001567774 0.002123328 0.002585308 0.00320542
0.1379076 0.1628476 0.1538714 0.1810434 0.1470729 0.161296 0.1542828 0.159056 0.1423996 0.1327939 0.1412158 0.1559744 0.1592388 0.1562158 0.1690737 0.2248089 0.2475037 0.1910552 0.1951671 0.2092778 0.1408242 0.1458673 0.1490281 0.08890348 0.06754632 0.06132293 0.07732612 0.02895629 0.004047222 0.003994505 0.00471988 0.005521437 0.004363625 0.004545458 0.003567331 0.00426544 0.004099148 0.004102787 0.004303914 0.006826614 0.00716336 0.007217461 0.007049066 0.004871318 0.004651657 0.004385182 0.003964987 0.005235929 0.007564622 0.005640666 0.003898919 0.003376076 0.003741437 0.004268232 0.003886763 0.004156183
0.1048493 0.1102773 0.1207712 0.1594716 0.1507356 0.1668615 0.1644187 0.1419674 0.1809879 0.1709575 0.1453754 0.117468 0.1208292 0.1356988 0.1766928 0.2475825 0.2734939 0.2388626 0.2275823 0.2125368 0.1922766 0.1738215 0.1485652 0.1287088 0.1041661 0.09146874 0.0743838 0.03984888 0.02383182 0.0187651 0.01673027 0.01416261 0.01707523 0.008778969 0.007197418 0.004384774 0.005739324 0.003637464 0.003751421 0.006624267 0.006838746 0.00684064 0.006657877 0.007240835 0.006299874 0.005943026 0.005455949 0.00574808 0.005236656 0.00531924 0.005294655 0.005965464 0.004860681 0.005581493 0.007723847 0.01048175
0.07896654 0.1320209 0.1226959 0.1400285 0.1514167 0.159223 0.1305874 0.1677481 0.2031119 0.1901373 0.1601085 0.1189525 0.0889619 0.1060509 0.1349474 0.184024 0.1927499 0.2222855 0.2310068 0.2175906 0.1898409 0.1911199 0.1556233 0.1641909 0.1321427 0.1014047 0.1054117 0.06695484 0.04110862 0.02647914 0.02016529 0.01670598 0.01346397 0.01019411 0.008701851 0.005057337 0.00414984 0.003724328 0.003781937 0.00654422 0.006660282 0.006617806 0.006416868 0.006198873 0.006015527 0.00570743 0.005461493 0.006759331 0.006983082 0.006984926 0.006958881 0.00685688 0.006375871 0.006958567 0.006417729 0.01313987
0.06634488 0.1008755 0.09847855 0.1335374 0.127327 0.1378342 0.1297732 0.1599976 0.1903921 0.1527405 0.1286306 0.1040072 0.09511898 0.1088148 0.1325473 0.1506954 0.1484113 0.1937795 0.1949228 0.2102912 0.1727183 0.1599473 0.1729522 0.187103 0.1770842 0.1381127 0.1165822 0.08676381 0.07277152 0.04621966 0.03546663 0.02917151 0.0216822 0.01503989 0.01249504 0.006693808 0.004937869 0.004013264 0.003956798 0.006702541 0.006619009 0.006476442 0.006223939 0.005979299 0.005759068 0.005594457 0.006701658 0.008163325 0.008449018 0.008341581 0.008144392 0.008117759 0.008408493 0.007943642 0.007956761 0.009418464
0.08374298 0.06501455 0.05085689 0.08925299 0.09499896 0.09671427 0.1175704 0.1647176 0.1248745 0.09988388 0.08768109 0.1013457 0.1046553 0.09782563 0.1233139 0.1444527 0.1188709 0.142871 0.1629464 0.1518797 0.1598265 0.1709911 0.1867497 0.2032636 0.2043172 0.1672728 0.1326101 0.1111653 0.09991743 0.08405518 0.07315695 0.07405239 0.04100741 0.02307086 0.02018128 0.009218689 0.006183819 0.004485627 0.004305372 0.007045527 0.006731502 0.006434118 0.006128262 0.005806231 0.006846339 0.007746913 0.008860276 0.009834299 0.01033804 0.01011737 0.009925146 0.01029857 0.01009769 0.01090607 0.01092427 0.01306769
0.08575534 0.06527732 0.05958107 0.07273202 0.08263946 0.08093888 0.08569364 0.1128253 0.08899289 0.09890911 0.09872263 0.1258537 0.1300026 0.1224558 0.1437081 0.149031 0.149161 0.1652813 0.1571846 0.1842804 0.2043622 0.2374546 0.2450792 0.2060468 0.1979337 0.2033648 0.1752482 0.166072 0.1755578 0.1602175 0.1586304 0.1308637 0.07759961 0.06270768 0.04405885 0.01428664 0.008896261 0.005934334 0.005549083 0.007152367 0.006608907 0.00617892 0.005822409 0.006503501 0.008250612 0.01043874 0.01260923 0.01507809 0.01578899 0.01627366 0.01762595 0.01441722 0.01403066 0.01466952 0.01625942 0.02780762
0.06408652 0.07383507 0.05196418 0.05855769 0.07368859 0.07842577 0.07872939 0.08616614 0.07308459 0.1075374 0.1083192 0.1265984 0.1223763 0.1058765 0.09546588 0.1323749 0.1325046 0.1335886 0.1474668 0.1799152 0.2018317 0.2583217 0.2190899 0.2304306 0.2392916 0.2260648 0.2086595 0.1978257 0.216829 0.2216899 0.1937462 0.1441223 0.1068573 0.1007461 0.08492111 0.02376296 0.01452476 0.00650797 0.005968004 0.007480362 0.006726103 0.006137833 0.007484196 0.008935637 0.01065945 0.01195727 0.01469715 0.01613469 0.01743237 0.01698668 0.0175401 0.01643857 0.01853731 0.02348603 0.0231861 0.03230812
0.0491773 0.0615674 0.0665447 0.08552085 0.09423336 0.09115941 0.08316289 0.08175801 0.08203251 0.1043634 0.1017276 0.1167724 0.11106 0.09301452 0.09652272 0.1214496 0.1350427 0.1287352 0.1559896 0.2049703 0.2355436 0.2507125 0.2395783 0.2414951 0.2684148 0.2678405 0.2580399 0.225296 0.2313059 0.2193843 0.2034355 0.2037242 0.1795967 0.1153617 0.08516154 0.02683597 0.01598116 0.007027656 0.006352704 0.007853488 0.006945397 0.00717847 0.009222948 0.01119471 0.01285791 0.01415197 0.01718038 0.021288 0.02056465 0.02156797 0.0217216 0.02055153 0.02124392 0.03140425 0.04386101 0.03650627
