contrib/geomasonDemos/riftland/DataFiles/RainData/.svn/text-base/45.txt.svn-base
ncols         56
nrows         54
xllcorner     28.264
yllcorner     -5.7719999999999
cellsize      0.25
NODATA_value  -9999
[rows 0 to 25 of 54, columns 0 to 55 of 56]
0.2375849 0.2221079 0.262854 0.2054157 0.1886518 0.1638158 0.1607749 0.1531213 0.1018493 0.05701199 0.05663468 0.1313773 0.1388102 0.131884 0.106157 0.07849731 0.07701822 0.09636519 0.1280557 0.09479719 0.1046884 0.09067858 0.1106941 0.1646144 0.2482813 0.2488594 0.2641366 0.2806384 0.2775323 0.260588 0.2706377 0.2857671 0.3596075 0.2994761 0.2234735 0.2122908 0.2217412 0.1481133 0.1151128 0.0550297 0.03315223 0.02638514 0.04337334 0.09246507 0.1384941 0.09750269 0.1377281 0.1608619 0.1866253 0.2534942 0.2234225 0.1710875 0.1743564 0.1116167 0.1391964 0.1198272
0.2489046 0.2694268 0.2485227 0.2298555 0.1629418 0.1223434 0.1198604 0.07826703 0.07540848 0.06361917 0.05530621 0.1000495 0.1272301 0.1270967 0.1215949 0.08695534 0.1017124 0.09821347 0.1122906 0.08336643 0.08840182 0.1106446 0.138567 0.1929735 0.1933622 0.1725345 0.1679077 0.2514313 0.2536018 0.2237688 0.2225868 0.2490226 0.2646349 0.258504 0.2118735 0.1830438 0.1832601 0.180398 0.1691393 0.08514848 0.03989151 0.05430773 0.06717345 0.08144195 0.0771569 0.07036192 0.07769707 0.1481476 0.1966392 0.1603587 0.1222027 0.096173 0.1247316 0.1008071 0.1078647 0.09221797
0.1870376 0.2183741 0.2041813 0.1679405 0.1364506 0.1480484 0.1793127 0.1141656 0.0780768 0.07424577 0.07073614 0.1019732 0.1295095 0.163247 0.1456029 0.1202053 0.1383949 0.1172651 0.1035077 0.08165855 0.09599747 0.1932784 0.1724247 0.1750702 0.1625367 0.2152011 0.1685835 0.245899 0.222106 0.1990653 0.1923017 0.2286595 0.2759716 0.2985275 0.2405589 0.1909106 0.156785 0.1878612 0.210566 0.137736 0.1328888 0.1251109 0.08804633 0.09378848 0.06749965 0.0692898 0.0942362 0.1603312 0.1542291 0.1154225 0.07028499 0.05263829 0.06115602 0.03445776 0.0239899 0.03126605
0.2081287 0.2616358 0.2123928 0.2057527 0.18928 0.2066014 0.2127489 0.1397636 0.09315079 0.1036226 0.1260734 0.09833969 0.0867327 0.1523742 0.1382984 0.1691401 0.2095775 0.1340094 0.109074 0.109696 0.09441746 0.1781255 0.1899142 0.1635153 0.2029205 0.2310131 0.2718938 0.2498209 0.2025926 0.1932125 0.2213186 0.3046891 0.27621 0.2661855 0.2661019 0.2692171 0.2115744 0.1847412 0.1523746 0.149543 0.1661762 0.1824807 0.1562236 0.1712959 0.1307105 0.1106566 0.1081559 0.08621024 0.06446145 0.06688993 0.08079278 0.04786347 0.02865341 0.01590791 0.02709591 0.03024259
0.1900105 0.2412629 0.2484757 0.1925672 0.1789092 0.1993811 0.2452961 0.2934769 0.1419767 0.1343169 0.1648343 0.1551772 0.148193 0.1649013 0.126369 0.1826946 0.2314334 0.1556996 0.1232 0.1246879 0.1053481 0.130044 0.1911315 0.2190185 0.2592041 0.3160242 0.2682543 0.251006 0.2177239 0.2187891 0.222388 0.3172715 0.2798506 0.2426355 0.2983612 0.3022927 0.2483104 0.1328106 0.1382333 0.1601847 0.1853435 0.1576147 0.1663094 0.1737362 0.09807803 0.09444977 0.1006033 0.07323891 0.06540183 0.05227631 0.06783631 0.07055221 0.02837517 0.01384227 0.01425734 0.01369605
0.2814118 0.2375602 0.1924448 0.2346586 0.2015089 0.2149375 0.2334374 0.261147 0.252887 0.219263 0.1731383 0.2725432 0.2316148 0.2019576 0.1592716 0.2589259 0.2542337 0.2748873 0.150261 0.1234842 0.1055957 0.1850327 0.2323593 0.3101482 0.3973332 0.3546393 0.3581101 0.249509 0.2298056 0.1831048 0.1729513 0.2433457 0.2692502 0.3113457 0.2607723 0.243629 0.2098719 0.1203147 0.1080446 0.1753692 0.1468041 0.09395941 0.0824954 0.08778416 0.09240934 0.1045403 0.0633899 0.07784163 0.07839262 0.07818875 0.08812472 0.08409661 0.01839678 0.01014699 0.008237852 0.002376909
0.2679198 0.2073271 0.2405015 0.2333282 0.2333589 0.2037077 0.2049641 0.2866164 0.2726679 0.2800444 0.1949018 0.2898691 0.1965548 0.1694309 0.1503184 0.1891219 0.2921293 0.2786404 0.2034325 0.1961007 0.149959 0.2274568 0.3490973 0.3540599 0.4354386 0.2764904 0.2117713 0.2012601 0.1804697 0.1719458 0.1717984 0.1827639 0.2197291 0.2711872 0.1923237 0.1872543 0.1512066 0.09573707 0.09001944 0.1375235 0.1410227 0.08442257 0.06448901 0.08243165 0.1031528 0.1274187 0.07875974 0.06645922 0.05192513 0.05994413 0.08584043 0.06758571 0.02063492 0.004493552 0.01106224 0.01010211
0.2246242 0.2296748 0.2514007 0.254637 0.3130726 0.2156563 0.2210166 0.3105229 0.3219005 0.3404086 0.2417652 0.238949 0.1997599 0.1585605 0.1457909 0.1554796 0.2194528 0.2270238 0.1913684 0.164578 0.2317459 0.2282034 0.3460111 0.3375475 0.2033063 0.1773803 0.2095064 0.1882984 0.1124905 0.1122471 0.1614961 0.1524724 0.1837659 0.2013383 0.1895404 0.2102558 0.1452021 0.05559134 0.06078771 0.08031677 0.103356 0.08319622 0.08355015 0.1029981 0.08781978 0.1072757 0.09694418 0.0802611 0.04143635 0.04716404 0.02105599 0.009265229 0.008428606 0.007330311 0.00848326 0.00315201
0.2399534 0.2260675 0.2550295 0.2753341 0.366274 0.2317754 0.2987391 0.2974931 0.2300001 0.2257634 0.218791 0.221234 0.2178353 0.1871361 0.1378102 0.1841103 0.2200356 0.2917879 0.3706483 0.2333834 0.1910608 0.3002959 0.4009618 0.2827256 0.2241035 0.2189075 0.2021054 0.1899119 0.08862546 0.0606312 0.1172894 0.1176574 0.1249641 0.1523662 0.132521 0.1764554 0.1672757 0.06133028 0.05858194 0.04661385 0.05464682 0.04728348 0.06293613 0.1095618 0.1115688 0.0594841 0.06421159 0.04167128 0.04204158 0.03649546 0.01390728 0.01402266 0.01014878 0.01399502 0.02142441 0.006003464
0.2673459 0.2659808 0.2369472 0.2808642 0.3428322 0.3672173 0.2618197 0.2448608 0.1801748 0.2376589 0.2476986 0.2508229 0.2303972 0.1562747 0.1738307 0.2022836 0.2363851 0.2407306 0.3053079 0.188437 0.1673307 0.2151395 0.3409317 0.2373626 0.2134661 0.2915598 0.1829406 0.1240688 0.08143693 0.05345586 0.05884632 0.0916553 0.106535 0.09377015 0.06193823 0.1164052 0.1798569 0.1112364 0.0814427 0.05650692 0.04556517 0.04092009 0.06212908 0.06825485 0.05419056 0.03579508 0.02854382 0.01009872 0.01458531 0.0325408 0.006289733 0.01165244 0.0147828 0.005870982 0.008051323 0.001720429
0.2814046 0.3535889 0.2030101 0.2006241 0.2348312 0.2957767 0.2401021 0.2068058 0.1917899 0.1986374 0.1662927 0.2158454 0.2249768 0.1562166 0.1904192 0.2404552 0.2894774 0.2798962 0.2409225 0.1591634 0.1448132 0.1247527 0.1750258 0.2012229 0.1945769 0.2638182 0.1366017 0.09657893 0.07625014 0.03632248 0.03491003 0.04518018 0.07779142 0.0834212 0.0496231 0.07210165 0.06901298 0.07741831 0.06758114 0.04978011 0.0380522 0.04196648 0.04043033 0.02585701 0.01450846 0.02851708 0.03638544 0.007756664 0.007794783 0.02195506 0.01155778 0.00349632 0.005799521 0.003522705 0.0002773613 0.0003189174
0.3832645 0.3608657 0.2087489 0.1880319 0.2145629 0.2446716 0.2349487 0.2243334 0.2201314 0.1880143 0.1807486 0.2094766 0.2049705 0.1708271 0.1636635 0.1946448 0.2838354 0.3069874 0.3627943 0.1617584 0.09459054 0.07949615 0.09400306 0.1298532 0.1048407 0.1195546 0.0826937 0.07525737 0.03861217 0.0279646 0.01665249 0.03678685 0.04149586 0.04738136 0.0220022 0.0343745 0.05278277 0.05217439 0.03752545 0.03534164 0.02797705 0.02870802 0.02339021 0.02464042 0.01871225 0.01618315 0.02172584 0.01566504 0.01466774 0.01599843 0.01393518 0.007686687 0.005782696 0.004649929 0.004778352 0.004792321
0.217546 0.2580147 0.270486 0.3250245 0.2658651 0.2984846 0.2428493 0.2597398 0.2444821 0.2307787 0.2451583 0.226216 0.22552 0.1959533 0.1587049 0.1546641 0.1793969 0.2527151 0.262616 0.1911314 0.1243271 0.1018099 0.07039103 0.06799056 0.08161657 0.05319727 0.06315529 0.05052193 0.02566038 0.01391944 0.01289706 0.03501217 0.02425156 0.01986093 0.01357867 0.0151435 0.01621423 0.02437029 0.03448625 0.02676465 0.01697984 0.01526139 0.01281806 0.01254643 0.01130468 0.009691555 0.02020013 0.01438032 0.01639436 0.008896505 0.01179637 0.01058827 0.009239626 0.01050927 0.009189799 0.00585116
0.3197732 0.3993132 0.337764 0.276922 0.3251675 0.3517036 0.2924167 0.2682702 0.3288895 0.2520703 0.2262139 0.2460818 0.2621893 0.2728131 0.20664 0.2411454 0.2425125 0.2199553 0.2206998 0.1703656 0.143488 0.1132533 0.09151693 0.06321996 0.03808298 0.03719975 0.05451529 0.04100405 0.02459742 0.01229351 0.005638301 0.00627728 0.008612216 0.01319095 0.007521455 0.009963007 0.007712713 0.02785547 0.02480916 0.01560662 0.005193329 0.006656735 0.005810222 0.008782797 0.01119796 0.02279136 0.01350786 0.01195232 0.01759041 0.01337698 0.01513347 0.009538959 0.009788739 0.01029156 0.01047079 0.006274876
0.3330466 0.20444 0.2424716 0.305261 0.2249549 0.2671085 0.2859581 0.3172129 0.2617432 0.2145457 0.2230095 0.2263933 0.238074 0.2839612 0.2259924 0.2265769 0.2150951 0.2206814 0.1637834 0.1059187 0.07939237 0.07090662 0.07298403 0.06028527 0.1009964 0.033838 0.01973877 0.02010453 0.009210846 0.005491464 0.002427476 0.003400102 0.005992325 0.004409083 0.006247037 0.007176485 0.003510006 0.006006785 0.01333327 0.026111 0.007181236 0.01338968 0.007199849 0.007134035 0.007666868 0.01516383 0.007792235 0.01045177 0.01012539 0.01213617 0.01243977 0.01057728 0.01120981 0.01189638 0.01215657 0.01271156
0.2260809 0.191035 0.2419128 0.2622548 0.2334753 0.2348158 0.2410005 0.2602514 0.2362933 0.2227277 0.2450962 0.2834071 0.2877513 0.2221307 0.1927167 0.1829747 0.2376287 0.1847018 0.1503983 0.06849327 0.07131398 0.07732233 0.07251973 0.05073055 0.04786044 0.03161075 0.01850988 0.007261512 0.003148061 0.001998201 0.0009722876 0.001710345 0.001933462 0.00223366 0.001949512 0.00437025 0.004792182 0.005007455 0.004670381 0.01016303 0.01148306 0.01247643 0.00810922 0.005620378 0.005673152 0.008090111 0.005440618 0.007252763 0.007001251 0.01402979 0.01078169 0.009426367 0.009445094 0.01098032 0.01157233 0.02283795
0.2734909 0.2620169 0.203437 0.2272756 0.2403149 0.2895976 0.3489774 0.2941516 0.248715 0.2359354 0.2455729 0.2363679 0.2383696 0.2001017 0.16548 0.2040711 0.1647562 0.1836006 0.1412585 0.08136816 0.0874533 0.09951976 0.04539546 0.0366808 0.0348635 0.03223366 0.01708186 0.003651463 0.001934604 0.001289016 0.000648757 0.001069451 0.002148493 0.001120376 0.001256365 0.001968663 0.007028047 0.004053619 0.002787681 0.007303796 0.006980998 0.00787605 0.007635602 0.005407813 0.005536529 0.005522447 0.005355591 0.007128352 0.006866712 0.0103138 0.007050959 0.005552176 0.00606118 0.006210454 0.007972992 0.02222255
0.2921404 0.2076786 0.2293295 0.2509867 0.2427092 0.2705359 0.3484596 0.2832059 0.2357821 0.2177121 0.2011543 0.2074367 0.1770368 0.1949329 0.1607331 0.1873459 0.1961606 0.2014434 0.1404465 0.09321985 0.08659125 0.1140785 0.06216946 0.03281437 0.04275171 0.02593372 0.01615889 0.003257617 0.002487853 0.002227394 0.001500267 0.00146644 0.001110219 0.002099978 0.001006881 0.002269241 0.004712396 0.004662537 0.00393452 0.006414417 0.006361539 0.006760074 0.007047391 0.00502296 0.00524245 0.005279788 0.005134383 0.00683458 0.006614542 0.006480863 0.006445205 0.00595522 0.006663774 0.00626695 0.006761625 0.007409239
0.2348305 0.1885363 0.2446481 0.2676552 0.2753215 0.2736858 0.431449 0.2636618 0.2572142 0.2668101 0.2330033 0.2268889 0.2023039 0.2235757 0.2048353 0.2457662 0.2151515 0.2142091 0.166954 0.09335094 0.1020246 0.08990742 0.04664353 0.03681918 0.03500676 0.02471444 0.02366613 0.008274584 0.004229587 0.003267683 0.002659431 0.002809443 0.002233234 0.001999996 0.001545572 0.00199884 0.003258114 0.001620484 0.001971462 0.004893416 0.00530855 0.006107288 0.006186977 0.005029788 0.004786842 0.00487436 0.00478199 0.006387892 0.00622434 0.006143645 0.006704669 0.006267917 0.006755746 0.01131248 0.007052365 0.007613461
0.2639166 0.2497466 0.2191419 0.2783591 0.3026438 0.3498033 0.4553056 0.2980071 0.2504187 0.2522468 0.2594149 0.2553967 0.2348198 0.2457749 0.2299061 0.2590581 0.2332332 0.1656854 0.1356911 0.123396 0.1526072 0.1482381 0.09064274 0.06256517 0.0548951 0.06016986 0.05828128 0.02393297 0.01797324 0.01511197 0.0129697 0.01178649 0.008856166 0.007837425 0.005435937 0.00152688 0.001022047 0.0008633791 0.001042366 0.003379238 0.003848875 0.004271057 0.004641429 0.005754631 0.00619875 0.006365888 0.006281899 0.006994396 0.006957033 0.007169813 0.007842205 0.007880096 0.008123789 0.00819222 0.008601127 0.007978237
0.2558707 0.2822377 0.2257212 0.32493 0.3985884 0.4068482 0.330898 0.3021946 0.2370234 0.2413201 0.2651699 0.2393036 0.2176057 0.2593842 0.2656593 0.2282567 0.1991242 0.1734418 0.1818449 0.219957 0.2745404 0.1998018 0.09297737 0.06912556 0.06561447 0.064803 0.05613376 0.02826168 0.02643252 0.01983656 0.0169825 0.01426864 0.0111803 0.008683953 0.007530938 0.005376306 0.001431386 0.0007260471 0.0008575494 0.002758081 0.003108052 0.003536572 0.004113023 0.005082787 0.005510054 0.005742348 0.005719883 0.006596996 0.007127941 0.007242692 0.007815641 0.007908784 0.008223234 0.01485274 0.01194984 0.03459162
0.2895187 0.3125005 0.3041778 0.3410001 0.4679842 0.4045834 0.3150479 0.2908642 0.2277843 0.2295679 0.232498 0.2110935 0.2273051 0.3266541 0.2719224 0.2425447 0.1990303 0.1833539 0.189044 0.3112305 0.4066442 0.2743424 0.1163534 0.07851756 0.08098226 0.09090549 0.08159399 0.04834432 0.0396189 0.02745165 0.02382681 0.02177551 0.0182432 0.01341588 0.01030971 0.002576942 0.001394519 0.0008328711 0.0008530481 0.002541265 0.0026931 0.00299023 0.003719708 0.005482563 0.005709306 0.005577181 0.005798154 0.006706966 0.007165375 0.009562164 0.007754504 0.009000616 0.008358682 0.01181776 0.01214299 0.02148608
0.2462128 0.3219252 0.352045 0.3114644 0.3974591 0.3586986 0.2465481 0.2585736 0.2261216 0.2152707 0.1854315 0.1932327 0.2062692 0.2865932 0.2330958 0.2472891 0.2012911 0.1733506 0.1986875 0.2865699 0.319882 0.2775729 0.1842432 0.1072117 0.1168796 0.1447745 0.09398206 0.06378333 0.04519896 0.04067708 0.03340544 0.03158 0.02841281 0.02068589 0.01679545 0.003924048 0.002117078 0.005317757 0.00103136 0.002748968 0.003294542 0.002751989 0.004763154 0.006465599 0.006539429 0.0062713 0.006416814 0.007082561 0.007514622 0.009788152 0.008349661 0.009366445 0.009814354 0.01235822 0.01272087 0.009359551
0.3171272 0.3275885 0.3678465 0.3336657 0.4006295 0.3308707 0.2098724 0.2391099 0.1894365 0.1541365 0.1475016 0.1654507 0.2151934 0.2312557 0.2683971 0.231428 0.1670551 0.1844752 0.1950201 0.207718 0.2190995 0.2401616 0.2163474 0.1452298 0.1514028 0.159218 0.1253802 0.1140326 0.1102358 0.07862924 0.05535309 0.0675643 0.05703127 0.04551527 0.03733893 0.01274834 0.004842707 0.002372135 0.002116593 0.002503808 0.002150018 0.003044166 0.005406936 0.008487396 0.006839246 0.007380346 0.006418531 0.006791362 0.007432088 0.007680591 0.007650515 0.008164008 0.01063513 0.009145128 0.009558801 0.009887218
0.3296659 0.3643614 0.4100455 0.306363 0.3816971 0.2697109 0.1525377 0.157765 0.1339581 0.1206952 0.1056345 0.1668597 0.1989691 0.2158971 0.2584033 0.1931474 0.1388549 0.1847049 0.1817046 0.1961773 0.2205308 0.225025 0.2043144 0.1438586 0.1296158 0.1364165 0.127083 0.1179044 0.1139599 0.08811013 0.07681659 0.08252046 0.07116771 0.06609589 0.04571402 0.01202321 0.006501545 0.002857752 0.002422203 0.002676526 0.002079472 0.003526378 0.005465252 0.00779888 0.007577625 0.006997584 0.007141995 0.007526401 0.00967124 0.008021024 0.008361096 0.008752564 0.01879234 0.009682126 0.01012617 0.01091822
0.3252072 0.3685185 0.3641216 0.3257097 0.2741529 0.2062918 0.1450529 0.1449774 0.1134951 0.09461566 0.1221091 0.209442 0.245451 0.2271081 0.2020285 0.1918945 0.1966139 0.1952916 0.231616 0.2033404 0.2037411 0.2601737 0.2789019 0.1912554 0.1411999 0.1361499 0.1353574 0.1299277 0.1354389 0.1268606 0.1209392 0.1090173 0.09435209 0.07885004 0.04895259 0.01290757 0.006841802 0.005485669 0.002737728 0.002923646 0.002223268 0.00392089 0.00582465 0.008221353 0.007927061 0.007305956 0.008392103 0.01787145 0.009878255 0.008495956 0.009937983 0.009351825 0.01105971 0.0145988 0.01455289 0.01180388
