contrib/geomasonDemos/riftland/DataFiles/RainData/.svn/text-base/45.txt.svn-base
ncols         56
nrows         54
xllcorner     28.264
yllcorner     -5.7719999999999
cellsize      0.25
NODATA_value  -9999
[rows 26 to 51 of 54, columns 0 to 55 of 56]
0.2683749 0.3953768 0.3797711 0.332828 0.2994735 0.1906891 0.1025658 0.16433 0.1652364 0.1583993 0.2262369 0.2656291 0.2844913 0.2546394 0.2036839 0.2292177 0.2608161 0.2069862 0.2520052 0.250195 0.2402827 0.2927849 0.2815187 0.1833232 0.1731219 0.1526419 0.1670393 0.1906337 0.1557577 0.1566383 0.1205932 0.1194163 0.1100784 0.1011809 0.05852042 0.01345573 0.007349742 0.003930633 0.003059188 0.003242546 0.002782611 0.004472271 0.006286951 0.008703813 0.01145575 0.007598764 0.01185651 0.02020046 0.0186364 0.008976297 0.01224422 0.01257276 0.02297949 0.03883333 0.03085061 0.01263579
0.346238 0.4474797 0.4473561 0.3787998 0.3138061 0.2155441 0.1834892 0.2392538 0.2269768 0.2272308 0.2703167 0.3564986 0.3558739 0.3145602 0.2472953 0.3102753 0.2900818 0.2536241 0.2565528 0.2979651 0.2649332 0.2668296 0.3069785 0.2529693 0.2444381 0.2256685 0.250567 0.2484535 0.202389 0.1907393 0.1630685 0.1275298 0.1105426 0.09213283 0.05960005 0.02264431 0.01336444 0.006434947 0.005301651 0.004958822 0.004127492 0.005457827 0.006458416 0.007441266 0.007652292 0.0213586 0.006697373 0.006905219 0.00763458 0.00776697 0.008321234 0.01842264 0.02166525 0.03444967 0.07939433 0.05927874
0.3295524 0.4205154 0.5449994 0.3829695 0.3278159 0.249689 0.1852357 0.2599492 0.295385 0.2222395 0.2168786 0.3090514 0.2886782 0.2659858 0.3205596 0.308619 0.2961436 0.2561059 0.2373 0.260153 0.2497126 0.265474 0.2617238 0.2727734 0.2590346 0.2674432 0.2485466 0.2408817 0.2152392 0.1995805 0.1677453 0.1323448 0.1161717 0.08877325 0.06062734 0.02361306 0.01310045 0.007065241 0.005808597 0.005407711 0.004593953 0.005418539 0.006548447 0.007404994 0.01065721 0.01617497 0.02299625 0.00677723 0.007361715 0.007677627 0.01045681 0.0142915 0.01950715 0.01708147 0.02542021 0.03536073
0.3079183 0.3321499 0.387564 0.4071718 0.3839391 0.2225065 0.1830317 0.240823 0.2729498 0.2095488 0.1988345 0.2535496 0.3018795 0.3055801 0.3060204 0.2814792 0.2655333 0.2358968 0.2573327 0.2334804 0.2333755 0.2530898 0.27229 0.3111776 0.3225857 0.2813636 0.2833306 0.2978014 0.2534632 0.1988976 0.1640995 0.132745 0.1175116 0.08320222 0.056617 0.02269324 0.01349674 0.01121633 0.009020418 0.005405304 0.0046438 0.005445184 0.006532584 0.00730043 0.0066701 0.008080469 0.006625973 0.00706107 0.007824058 0.008336038 0.01352745 0.01963748 0.01292464 0.02635387 0.03151329 0.0286545
0.3411241 0.414919 0.3727853 0.3105675 0.2182873 0.1421057 0.1151867 0.2050605 0.2123511 0.2289474 0.2005321 0.2529768 0.2799969 0.234043 0.2269204 0.2420897 0.2387783 0.2116452 0.219608 0.2095869 0.2134766 0.1695659 0.2048455 0.2648362 0.3305976 0.3074386 0.3139667 0.3214774 0.2685222 0.2022552 0.1653308 0.135552 0.09539117 0.08551159 0.06875259 0.03659756 0.04571981 0.01044369 0.007562932 0.004951557 0.004388955 0.0053098 0.006380976 0.007225861 0.006609324 0.007649016 0.007077994 0.007750948 0.008813458 0.034324 0.0176182 0.04669643 0.0331358 0.01594175 0.02294933 0.01614475
0.4294593 0.420895 0.3317925 0.2801851 0.2156797 0.1885005 0.1859028 0.2471428 0.2864935 0.242 0.2188008 0.2230724 0.1971492 0.1923918 0.1884156 0.2043553 0.2229977 0.1822279 0.181532 0.2509273 0.2295812 0.1864873 0.1704915 0.1904847 0.2749742 0.2904601 0.3006142 0.3084001 0.27688 0.195289 0.1503296 0.1174017 0.08250414 0.08143231 0.05784407 0.04300085 0.08276165 0.006334741 0.004906616 0.004610017 0.004175462 0.005201221 0.006287993 0.007655405 0.00707453 0.00654175 0.007114253 0.009466752 0.0107715 0.01175512 0.02679793 0.04932215 0.01948441 0.02503224 0.01723968 0.01534788
0.442644 0.4086895 0.2891352 0.257093 0.2007572 0.1860773 0.1994651 0.3175473 0.3080052 0.2244488 0.1871491 0.2019179 0.1802222 0.206255 0.2367862 0.197641 0.1861159 0.1796495 0.2004632 0.2232302 0.2102922 0.1981242 0.1759866 0.1913702 0.2319717 0.2773635 0.2335805 0.2857007 0.2813513 0.1914538 0.1438017 0.1074845 0.08745503 0.07222888 0.03518347 0.02103847 0.01298159 0.004448029 0.003811982 0.007847067 0.003833121 0.004981501 0.006117497 0.007566531 0.009760682 0.006537693 0.007285095 0.009964953 0.01155488 0.01353228 0.01602097 0.04212802 0.01587227 0.03163017 0.02830172 0.01565388
0.47882 0.3330847 0.2756236 0.2504173 0.2128292 0.2189032 0.2621452 0.335757 0.3208669 0.2421321 0.1795636 0.1838661 0.2032857 0.2120607 0.1892133 0.2072533 0.1931054 0.1955119 0.2032422 0.2419089 0.2083465 0.2019161 0.1861085 0.1958305 0.2672459 0.2739 0.2866997 0.2618416 0.2632297 0.1768164 0.1481808 0.1173646 0.1005524 0.06506389 0.03051037 0.01689502 0.006907654 0.004078398 0.00356527 0.003701516 0.003411947 0.004775058 0.008159007 0.007623222 0.01123251 0.01053146 0.007734439 0.01107022 0.01292701 0.01434144 0.01701778 0.01899376 0.02173938 0.01532046 0.0197562 0.01581874
0.5645289 0.3460037 0.2356723 0.2679366 0.2511643 0.279283 0.2806378 0.3073212 0.2362577 0.2253751 0.178374 0.1863919 0.1787835 0.1732652 0.1766362 0.2417773 0.2825189 0.2426969 0.2521648 0.2689526 0.2326205 0.1836172 0.1777506 0.2078483 0.3232302 0.3451153 0.2948222 0.2212021 0.1989991 0.1461544 0.1212194 0.09351347 0.08701629 0.04675507 0.02243215 0.01270274 0.00597923 0.003466611 0.003199842 0.003295676 0.002946449 0.004586854 0.006577072 0.007822555 0.01389186 0.01230631 0.00851963 0.01275755 0.01492118 0.01643686 0.01814271 0.0145102 0.01447305 0.01509115 0.01559041 0.01594897
0.4464998 0.397412 0.2494686 0.2870492 0.2887511 0.2475104 0.2355026 0.2442504 0.198891 0.1985532 0.1693291 0.1933971 0.1964353 0.1686917 0.1474598 0.1893996 0.1962317 0.2029286 0.252619 0.1629376 0.1792063 0.1277625 0.09650648 0.181612 0.3109644 0.3404749 0.2462047 0.1722714 0.1401212 0.1151227 0.08175626 0.06617549 0.04486585 0.0437356 0.01768587 0.01059016 0.00656358 0.004820877 0.004355399 0.001927773 0.001658963 0.003826872 0.005744818 0.009121023 0.009673518 0.01111945 0.01426834 0.01960407 0.02341904 0.04073305 0.03928529 0.02491961 0.02687973 0.03172842 0.02769399 0.01469591
0.4107623 0.3574939 0.227525 0.2535559 0.2427417 0.1984969 0.1922006 0.2133784 0.1935072 0.1768211 0.1838764 0.2002138 0.1543655 0.140029 0.1485613 0.2188046 0.257599 0.2564744 0.3133864 0.1975242 0.1421875 0.07735746 0.05031333 0.172034 0.2658527 0.2685682 0.1791126 0.15698 0.1210229 0.08678164 0.07006529 0.04617567 0.03573196 0.04012211 0.02338739 0.01485435 0.006432522 0.003830421 0.002761951 0.001705399 0.001327353 0.003617805 0.0059107 0.009824573 0.01082798 0.0127474 0.01642962 0.02259165 0.02698977 0.03009311 0.0327923 0.02807708 0.04568401 0.02980441 0.02927561 0.032363
0.3058231 0.2744657 0.1931527 0.1683319 0.1692111 0.1563752 0.1639487 0.1945286 0.1723824 0.1551016 0.1858986 0.2172342 0.1361766 0.1007362 0.1480311 0.1958603 0.2224736 0.289329 0.2884279 0.1481951 0.07667299 0.04685829 0.05307478 0.1895222 0.1838221 0.1762296 0.1453049 0.141914 0.1069611 0.0831136 0.0674833 0.0430146 0.02952091 0.02674166 0.01761279 0.01189555 0.005407412 0.002916743 0.002301395 0.001385491 0.001117373 0.002997512 0.005799612 0.009993982 0.01127815 0.01349721 0.0175394 0.0242032 0.02895806 0.03225 0.03502878 0.02883233 0.04034486 0.03217731 0.05233485 0.01404167
0.2652605 0.2670388 0.1734184 0.1543039 0.1444576 0.1473233 0.1472451 0.1736176 0.1742224 0.1446899 0.1744615 0.1435317 0.1205351 0.08847984 0.0959993 0.14175 0.1907233 0.1929119 0.2389232 0.1179635 0.06629128 0.05221923 0.06287864 0.1605136 0.1683961 0.1413961 0.1364759 0.115671 0.09614813 0.06994693 0.05290346 0.02745377 0.01642511 0.01377367 0.007305318 0.005299513 0.003972423 0.002927983 0.001826907 0.001119519 0.001178955 0.002561352 0.005409783 0.009581191 0.01122065 0.01332272 0.0174617 0.02513413 0.02924809 0.03269833 0.04296689 0.04169115 0.04393615 0.04871263 0.0403853 0.01558333
0.2183193 0.2224163 0.1486065 0.1420128 0.1452217 0.1486443 0.1196846 0.1526644 0.1816054 0.1580352 0.1379366 0.1103646 0.1074747 0.08501063 0.08963653 0.1576869 0.2209472 0.1864502 0.130867 0.1185496 0.08714185 0.05396518 0.1989082 0.1119296 0.145044 0.1126221 0.1436673 0.09328983 0.04922872 0.02966129 0.01513455 0.02786798 0.008785892 0.01200231 0.003067641 0.002358582 0.001698365 0.001005168 0.0008940372 0.0005192465 0.0004474594 0.001486649 0.003889635 0.009211074 0.01120032 0.01416006 0.01895826 0.02446736 0.04439091 0.03935229 0.03680336 0.04326835 0.04842434 0.0430181 0.04425913 0.001958333
0.2022789 0.1892551 0.1251143 0.1322004 0.14822 0.1264946 0.1054325 0.1036947 0.1306415 0.1256409 0.1072414 0.1114035 0.09653629 0.07325695 0.07760759 0.1277203 0.162922 0.1532599 0.1025676 0.08536803 0.04426812 0.05269948 0.1410457 0.08347571 0.08842854 0.1169169 0.1398951 0.08714806 0.03918458 0.01353258 0.02146082 0.01713396 0.006573962 0.004359193 0.002938769 0.001898713 0.001016596 0.0006163176 0.0007014066 0.0003552747 0.0003298942 0.001073974 0.003530487 0.008884752 0.01090142 0.01430574 0.01891955 0.02451244 0.03765172 0.04322082 0.037616 0.04399669 0.04282083 0.06034306 0.04604281 0.007041666
0.171207 0.1269649 0.09708299 0.1124978 0.1276999 0.113559 0.1052811 0.1408331 0.1540444 0.1295696 0.1029703 0.1116796 0.0837955 0.1035645 0.1015606 0.0790249 0.08409305 0.1000448 0.0928738 0.09318814 0.06482091 0.1349182 0.1443704 0.07250282 0.0855409 0.08604887 0.08674683 0.03267827 0.0182548 0.01345169 0.01127092 0.01087258 0.004167906 0.00250754 0.002365386 0.00207334 0.0008558172 0.0003960966 0.0004087343 0.0002780531 0.000337129 0.0009133778 0.003232938 0.008308599 0.01027518 0.01305773 0.01767591 0.02296154 0.02949271 0.03987456 0.03749265 0.03795854 0.0506815 0.09338733 0.05682266 0.01425
0.1942647 0.1322626 0.1191182 0.1027041 0.1077662 0.1215607 0.1291879 0.2028642 0.1923625 0.1403398 0.1264649 0.1424308 0.09732218 0.07621373 0.08789182 0.09154364 0.06228604 0.07956312 0.08158456 0.09357408 0.07884243 0.1105184 0.0478138 0.03716508 0.04697384 0.04020285 0.03136681 0.01384355 0.006985461 0.01520819 0.01270123 0.003063116 0.001832198 0.001084442 0.00188265 0.004920288 0.02784645 0.0005264402 0.0003920627 0.0004861053 0.0003657662 0.0006648011 0.002781167 0.007351208 0.008921065 0.01121469 0.01505387 0.01977798 0.02527633 0.03082648 0.04394477 0.03741799 0.05614047 0.0674339 0.06549549 0.03383333
0.1832383 0.1194922 0.07384218 0.09497401 0.08532312 0.1161231 0.1386421 0.2082489 0.2171191 0.1847837 0.1344241 0.1242065 0.1622024 0.1025008 0.1126108 0.06253289 0.06803155 0.08371921 0.07350016 0.05655527 0.04784419 0.03113548 0.03171201 0.00745884 0.01843569 0.02380986 0.008351897 0.005906221 0.00325692 0.02576949 0.01436437 0.0008147595 0.0005272259 0.0003485984 0.0006119446 0.002564918 0.01371765 0.0006884526 0.0003324394 0.0006900076 0.0006614476 0.001352377 0.003156698 0.005924272 0.009130474 0.008816324 0.01147759 0.01268416 0.01684491 0.02078457 0.01995444 0.01195833 0.01625 0.01858333 0.028 0.03908333
0.1467262 0.1262599 0.06741079 0.06934176 0.05745066 0.0963218 0.1093995 0.1791974 0.188258 0.166756 0.1587173 0.144787 0.1439298 0.1050726 0.1057721 0.05452117 0.05787788 0.03994295 0.05812827 0.0344832 0.027469 0.01723971 0.01095652 0.0096806 0.01058531 0.00740057 0.003078929 0.001459306 0.001038675 0.0007440483 0.000536026 0.000911355 0.0003691479 0.0004697014 8.435184e-005 0.0002216997 0.0002936497 0.000486608 0.0003171104 0.0005857682 0.0007178701 0.001222563 0.002437359 0.004562917 0.00558906 0.008544638 0.00877693 0.01042615 0.01182601 0.01377636 0.01415456 0.0002916667 0.005166667 0.009499999 0.009291667 0.03325
0.1183572 0.106126 0.0628472 0.064063 0.05233742 0.1210776 0.09873471 0.1731106 0.129177 0.1337488 0.1394197 0.1291416 0.1200243 0.09562498 0.08828739 0.04204156 0.03798437 0.02533999 0.01960371 0.01984725 0.0181829 0.00986516 0.008724045 0.00286524 0.00274919 0.002440431 0.001976077 0.002888995 0.00380739 0.0004253841 0.00653269 0.001475876 0.0002224075 0.0001783251 0.0001411671 0.000603936 0.0002019908 0.0002818172 0.0004118369 0.0007724889 0.0009554646 0.001335843 0.002175149 0.004159073 0.005014141 0.005897179 0.007105411 0.007735177 0.009146367 0.006556132 0.007129212 0.0035 0.002083333 0.0001666667 0.0002083333 0.01325
0.1102297 0.1141933 0.06255712 0.04857957 0.03745292 0.05340075 0.06064446 0.09577774 0.0876517 0.08679927 0.1272809 0.1067708 0.1186597 0.08477557 0.06481372 0.03465204 0.02268612 0.01721285 0.01751376 0.0107767 0.01336159 0.008051661 0.007533884 0.006187527 0.003536278 0.002102661 0.008297081 0.01414517 0.01182226 0.0007848555 0.0003158696 0.003504919 0.0006718588 0.0003530976 6.378111e-005 0.0002539057 0.0003189009 0.0004390881 0.0006136125 0.001125457 0.001371694 0.001749066 0.002709752 0.004589734 0.005373974 0.006117754 0.007184906 0.007825835 0.005526247 0.006368704 0.006368704 0.004541666 0.004375 0.003541667 0.0001666667 0.00125
0.06140103 0.07096199 0.04934588 0.01950197 0.01716185 0.02663407 0.03771585 0.07191351 0.05099377 0.05986854 0.05910623 0.05860265 0.0500601 0.05049664 0.03840058 0.02469865 0.02266776 0.01668152 0.01011545 0.009178641 0.009311163 0.005964926 0.006984954 0.008414267 0.002125491 0.002470428 0.00392961 0.01944081 0.01020263 0.005618521 0.000372552 0.0003275019 0.0002707867 0.0002515562 0.0001283032 0.0005767688 0.0007466092 0.001057416 0.001391383 0.002572984 0.002986342 0.003600725 0.00487076 0.008173299 0.006920359 0.008582269 0.00857641 0 0.0003333333 0 0.00125 0.006041666 0.007041666 0.00275 0.0005416666 0.0008333333
0.06629731 0.05437673 0.03044794 0.02059253 0.01703388 0.01581901 0.0314322 0.04521212 0.03728004 0.03670654 0.03251652 0.02808005 0.02173847 0.01462223 0.02056535 0.01648349 0.01561178 0.01860761 0.01170295 0.01132234 0.006349909 0.004340253 0.004941051 0.005851487 0.001072064 0.001092068 0.0006111552 0.00549437 6.912762e-005 3.721932e-005 0.0001336313 9.758884e-005 6.159658e-005 8.06347e-005 0.0001538912 0.0007167555 0.0009442131 0.001281543 0.001728938 0.003823426 0.003671099 0.004295337 0.005620049 0.006414245 0.007332293 0.007979587 0.008665459 4.166667e-005 0 0.002083333 0 0.00475 0.007333333 0 0 0.002791666
0.05809064 0.04800257 0.03621084 0.02153183 0.02714782 0.01596793 0.02360775 0.03178099 0.02493831 0.0283285 0.03088317 0.02573733 0.01654302 0.02378496 0.01814213 0.01150728 0.01172017 0.007712086 0.006625585 0.009971117 0.01058175 0.004580083 0.001814191 0.001014482 0.000687034 0.000378292 0.0002244081 0.002472033 0.0001071356 0.003993717 1.44041e-005 7.030043e-005 4.927204e-005 8.789292e-005 0.0001721599 0.0008087252 0.001071032 0.001448847 0.001935213 0.00396178 0.00909669 0.005456191 0.006090536 0.006657746 0.007145755 0.007489635 0.007735712 0.0008333333 0 0 0.001458333 0.005 0.005916667 0.005 0.0001666667 0
0.06337168 0.04938841 0.04242067 0.03237868 0.02875069 0.02008372 0.009171179 0.03202595 0.03378512 0.03171444 0.02212808 0.02181757 0.01655074 0.04080568 0.03620248 0.01162776 0.006626288 0.003907361 0.003889317 0.006094798 0.00897651 0.003945626 0.002264005 0.0003014118 0.0004399343 0.001140662 0.001621958 0.0003939578 0.003691017 0.001091462 0.001116248 0.0001196017 5.282234e-005 9.617977e-005 0.0001838604 0.0008566813 0.001127894 0.001514347 0.002007844 0.003512195 0.005036754 0.007686358 0.008677511 0.006427371 0.006983845 0.007321577 0.006273724 0 0 0 0 0 0.00525 0.005208333 4.166667e-005 0.0004583333
0.04319154 0.0625388 0.06771611 0.05398554 0.03181496 0.03157295 0.01318554 0.02951949 0.03180283 0.0283147 0.02283009 0.01697987 0.01554368 0.01375596 0.02628556 0.01581039 0.0101745 0.01014743 0.005234125 0.005211611 0.006431909 0.00337606 0.0008764349 0.002986884 0.00284404 0.002828797 0.001743932 0.000472349 2.567145e-005 1.406568e-005 1.579765e-005 0.000780487 0.0001054628 0.000195984 0.0003664738 0.0006825177 0.0008944505 0.002794684 0.001565087 0.003640366 0.004339429 0.01606005 0.01170923 0.007474121 0.006408268 0.006806557 0.005507232 0 0 0 0 0.0003333333 0.0007083333 0.001291667 0.006375 0.000375
