contrib/geomasonDemos/riftland/DataFiles/RainData/.svn/text-base/47.txt.svn-base
ncols         56
nrows         54
xllcorner     28.264
yllcorner     -5.7719999999999
cellsize      0.25
NODATA_value  -9999
[rows 0 to 27 of 54, columns 0 to 55 of 56]
0.008192194 0.006245627 0.006217945 0.007596305 0.01337209 0.006544566 0.01712787 0.05478855 0.0462387 0.0664067 0.07186484 0.1215927 0.1543141 0.1801622 0.0624922 0.02646708 0.03335813 0.03619127 0.02728896 0.02955688 0.08111821 0.1580066 0.1826503 0.1683605 0.1513041 0.196248 0.2547492 0.1938019 0.1552205 0.09373482 0.107898 0.1018188 0.09170574 0.08855373 0.06323937 0.06458507 0.05299955 0.04953736 0.03962507 0.02372672 0.01109144 0.01600986 0.01065461 0.01924307 0.03419885 0.02635141 0.01524328 0.02614918 0.02943516 0.02731499 0.01790114 0.008553544 0.02869286 0.01901555 0.02213039 0.0283279
0.01802876 0.009315172 0.008635599 0.01211383 0.01034598 0.01501165 0.0185392 0.04301155 0.03934282 0.05186665 0.04086947 0.06437686 0.08967448 0.08676977 0.06447508 0.03600682 0.02329559 0.04818789 0.04641742 0.06673042 0.09157127 0.1236215 0.1272867 0.1572962 0.1567793 0.1826445 0.2129382 0.1591005 0.1386329 0.07166517 0.08064245 0.07636454 0.08822634 0.1033337 0.07299557 0.09100737 0.08688065 0.06646197 0.03868409 0.01949901 0.01738206 0.02402337 0.02062403 0.02696358 0.03438723 0.03012525 0.02739536 0.02250836 0.01887867 0.0276265 0.01885428 0.01616343 0.02814838 0.02340578 0.02834865 0.009452051
0.03041694 0.047849 0.03927112 0.03273943 0.01686003 0.01289374 0.03363525 0.02220061 0.01821271 0.03029221 0.04907587 0.05431495 0.08457467 0.07634559 0.07917278 0.06536099 0.06134782 0.05805636 0.04433386 0.08190691 0.1027085 0.06917167 0.07638872 0.1161413 0.1925482 0.2036053 0.1824007 0.1650327 0.1301891 0.08885015 0.0834948 0.1191878 0.08990611 0.0825497 0.08822989 0.1259453 0.1135242 0.09272134 0.0542486 0.02925985 0.04129403 0.03028207 0.04080802 0.02833809 0.03172026 0.02351388 0.02390019 0.02364051 0.02887075 0.03602751 0.03442462 0.03247776 0.02088419 0.01226856 0.01711608 0.008475706
0.02853911 0.07638207 0.08078668 0.07062887 0.04040734 0.01278927 0.02210109 0.02165032 0.03283911 0.03170266 0.02639932 0.02677613 0.03397046 0.05224419 0.05544416 0.05014431 0.03696626 0.06711383 0.05996519 0.07203496 0.05438493 0.05468978 0.0648969 0.1170058 0.1496032 0.1675666 0.1368232 0.1393549 0.1188112 0.08216628 0.06744935 0.09881216 0.06658298 0.07627522 0.07556857 0.1379593 0.122312 0.08823479 0.0604426 0.03947651 0.03820447 0.0568478 0.107308 0.06322408 0.02973473 0.0329437 0.04607837 0.03770046 0.03913517 0.02551368 0.02209367 0.01859786 0.01903596 0.01189077 0.008531222 0.005346966
0.03326288 0.06235766 0.07877142 0.08054359 0.06904363 0.03818211 0.02959745 0.02863673 0.05848366 0.03471847 0.04310255 0.0354035 0.04372391 0.04514223 0.03743043 0.02890194 0.04251806 0.07014821 0.08100232 0.07766716 0.08431639 0.08349995 0.07831336 0.1087673 0.1606252 0.1767972 0.1406234 0.1464141 0.09861797 0.08860618 0.06441369 0.06982173 0.07360768 0.07961755 0.07538027 0.1097265 0.121092 0.08332744 0.05600822 0.04946496 0.06682417 0.1190275 0.1252262 0.1057801 0.06131938 0.07644043 0.07038108 0.08086021 0.0686014 0.04755477 0.03974148 0.03172021 0.03262573 0.0126874 0.008416045 0.005376216
0.02473601 0.03891803 0.05574841 0.08556757 0.0691722 0.03407468 0.02746588 0.0296372 0.03625278 0.05237887 0.04552329 0.0433939 0.0617183 0.06221465 0.05109086 0.03670009 0.05750036 0.1030282 0.09101452 0.06372271 0.05981115 0.06369925 0.06957964 0.1181228 0.1673092 0.1898217 0.1448808 0.1464306 0.08146911 0.08175507 0.06784113 0.07669098 0.07029829 0.09347532 0.08356627 0.1134239 0.1215379 0.09641366 0.1009663 0.07281106 0.0931645 0.07394729 0.1144384 0.1082743 0.1080092 0.1101218 0.06306098 0.08805625 0.08401973 0.07096595 0.05447888 0.03502321 0.01700946 0.01416061 0.00861154 0.007319836
0.0447203 0.04850641 0.05137952 0.06697951 0.05627228 0.0384341 0.04062108 0.05437902 0.06628194 0.06702387 0.07615984 0.05555984 0.01998018 0.0288376 0.03645716 0.0379548 0.0524661 0.05990656 0.07728538 0.0559469 0.05505504 0.04231362 0.05831051 0.1456386 0.251196 0.2518219 0.1408131 0.1384783 0.1281902 0.1241268 0.1095537 0.116554 0.09811687 0.1358417 0.09971818 0.1589442 0.148151 0.1087151 0.1040632 0.1155378 0.09785064 0.08065611 0.07439931 0.06789403 0.08061459 0.08842721 0.06404477 0.05311136 0.06762845 0.08062518 0.04340276 0.04127385 0.02321322 0.02347192 0.01543684 0.009476117
0.04391589 0.05321699 0.05073818 0.03700648 0.02891994 0.0257609 0.04338212 0.05674753 0.06607171 0.07297213 0.06918048 0.05467629 0.04099049 0.05242246 0.06558128 0.05716128 0.05715476 0.04733743 0.04488171 0.03600033 0.02787306 0.03170295 0.05903447 0.1131204 0.1748264 0.1486652 0.09561417 0.142474 0.1118663 0.1647962 0.2028898 0.3284676 0.3060226 0.2616947 0.1496097 0.1212119 0.1264786 0.0909847 0.07194132 0.08140562 0.08568009 0.07331724 0.09064802 0.0835207 0.08557389 0.07445276 0.06936188 0.05567606 0.06509982 0.05987195 0.0288892 0.06958918 0.05478997 0.05032213 0.05066223 0.03558824
0.09302989 0.08185191 0.09113821 0.0779214 0.05522243 0.04083833 0.04311277 0.08425222 0.08799089 0.07697989 0.06620806 0.04606447 0.06264607 0.08018205 0.09283633 0.07230818 0.07978187 0.08561956 0.04538259 0.031475 0.02872507 0.03339334 0.0656566 0.1259153 0.1459333 0.1754341 0.1246699 0.1089187 0.1500392 0.1447754 0.1638518 0.3176239 0.254332 0.1896634 0.1233764 0.09375887 0.08209012 0.1051363 0.09263072 0.07059637 0.08483872 0.1142073 0.09447312 0.09164286 0.1149078 0.0839183 0.06742185 0.05278038 0.04268341 0.04350607 0.03729378 0.0751327 0.07924969 0.09047329 0.04224385 0.02253848
0.1801076 0.1621381 0.225497 0.1295827 0.1183877 0.09061442 0.09245443 0.1314943 0.1065551 0.09173831 0.06409883 0.05783777 0.05574753 0.05384144 0.05012823 0.09389678 0.1021956 0.06694572 0.04289366 0.03620979 0.04689634 0.02965772 0.05244793 0.1284336 0.1584041 0.1369159 0.08882592 0.05934372 0.1335036 0.1536936 0.2188266 0.4076242 0.2031145 0.1581388 0.1733324 0.1596838 0.1784837 0.1114642 0.1090923 0.1215409 0.10029 0.1140538 0.1132804 0.1164192 0.1070579 0.1118421 0.08064863 0.08543613 0.08008597 0.05698905 0.02868632 0.03999164 0.09039031 0.03662801 0.01209684 0.02343749
0.153554 0.1872076 0.1967203 0.1593886 0.174426 0.1283233 0.1257633 0.147681 0.1360031 0.112543 0.08030614 0.06675979 0.067876 0.05043986 0.04912847 0.06321567 0.07124769 0.1159648 0.07872678 0.04120207 0.04862191 0.06504095 0.08633141 0.1282245 0.1525588 0.1551263 0.09410934 0.08939926 0.08578954 0.1142755 0.1597425 0.215306 0.1215725 0.09699134 0.1089365 0.1569031 0.1370573 0.09906261 0.1073391 0.1050381 0.09648515 0.06842092 0.0719019 0.09241386 0.09799973 0.1541844 0.0834334 0.08900597 0.08519273 0.08916984 0.05466468 0.03767781 0.04487604 0.01058634 0.03700228 0.01482597
0.2195224 0.2263772 0.2001891 0.2078604 0.1908065 0.1870733 0.1762777 0.2206445 0.1824511 0.1574751 0.1240458 0.09181848 0.07197697 0.07150542 0.07117894 0.06807819 0.07549983 0.1252965 0.1016895 0.1129144 0.1028066 0.0941829 0.1040345 0.1202644 0.08304895 0.09562453 0.06345176 0.1095923 0.08353958 0.04097914 0.05657274 0.06952136 0.09931141 0.06978991 0.07426786 0.1335388 0.1976589 0.08199155 0.1250025 0.08016634 0.07082389 0.07681134 0.0697102 0.08648799 0.08848952 0.116207 0.07979125 0.05316196 0.06163257 0.08254739 0.07080442 0.05313309 0.01774581 0.01289584 0.02311407 0.02065016
0.2575498 0.3436987 0.2151087 0.199972 0.2690092 0.2031592 0.2198054 0.2526132 0.2016941 0.1510958 0.1445675 0.1193544 0.09775193 0.1206882 0.1132912 0.1204212 0.1136553 0.1263839 0.1300633 0.1397527 0.09582289 0.09954477 0.08124018 0.09047703 0.09881628 0.08061567 0.04617002 0.03772015 0.02374248 0.008278028 0.02005181 0.0404209 0.05516974 0.06561086 0.05557035 0.1189476 0.1641283 0.1016099 0.06367556 0.0859695 0.075389 0.09501467 0.1005797 0.1455959 0.1166675 0.1331446 0.08366231 0.068015 0.06527238 0.06389221 0.06399904 0.05323449 0.01865378 0.01748689 0.02480715 0.02908678
0.3765332 0.3035522 0.2118423 0.2376785 0.3011078 0.2472879 0.2206901 0.263096 0.2064876 0.1574927 0.157681 0.1634547 0.128489 0.1722476 0.1385152 0.1607741 0.201329 0.1972117 0.141415 0.1210103 0.100265 0.06055469 0.07758281 0.1276281 0.1372611 0.0729606 0.03481153 0.03925851 0.02669491 0.01287089 0.02476003 0.05185399 0.1361953 0.1082423 0.1352038 0.2312022 0.1847699 0.1348445 0.2088388 0.1136777 0.100955 0.1194538 0.1158453 0.1302158 0.1280025 0.1903911 0.1473121 0.09470775 0.08107343 0.0721381 0.06040623 0.06702283 0.0607664 0.04250576 0.01931805 0.02085377
0.2781993 0.2760043 0.2822278 0.2735751 0.2387452 0.2460582 0.2548189 0.2574016 0.2360358 0.1795373 0.1627464 0.175003 0.1401147 0.1986133 0.1398693 0.1801586 0.2099595 0.2368396 0.1588531 0.1051399 0.1054827 0.08324806 0.09077526 0.1038221 0.09774794 0.05861219 0.02518602 0.02094498 0.03130286 0.03463417 0.02268814 0.06608463 0.121256 0.1619541 0.1305972 0.1429493 0.2153051 0.1327667 0.1719516 0.167939 0.1403034 0.1390004 0.1435068 0.1415541 0.1643654 0.1645905 0.150513 0.1392407 0.1456347 0.148491 0.09344791 0.1522114 0.09951136 0.02744577 0.01415503 0.01662659
0.2369839 0.2517951 0.2503357 0.2906002 0.2851963 0.3210748 0.3116981 0.2768311 0.2436423 0.2000976 0.200226 0.2288947 0.1790821 0.1861137 0.1626309 0.1567128 0.1801353 0.1722199 0.1426727 0.1456363 0.1545574 0.118475 0.09405961 0.1195863 0.09523756 0.05596603 0.04587576 0.06247889 0.06449848 0.02531641 0.01479538 0.0405454 0.06740706 0.1489246 0.2060198 0.1998108 0.1905 0.1354282 0.1945681 0.2274219 0.1979004 0.1891417 0.1854156 0.1813559 0.2379964 0.1888309 0.1756323 0.1803935 0.1485253 0.2061094 0.123191 0.08085471 0.08858427 0.009205324 0.01518227 0.01414628
0.2529534 0.2700334 0.2278243 0.2582957 0.2662873 0.2943119 0.2644041 0.2440955 0.24644 0.2180847 0.1831511 0.200464 0.1776585 0.1719301 0.1589194 0.1516093 0.1702907 0.1847668 0.169897 0.1997633 0.1776395 0.1377735 0.08987426 0.1182425 0.08707711 0.05366586 0.02690993 0.02956731 0.06793497 0.01934504 0.005414338 0.02974565 0.05520673 0.04746374 0.061208 0.1207142 0.1058885 0.09533401 0.09294761 0.1654448 0.2005627 0.2322335 0.1807528 0.2023616 0.2326088 0.158774 0.1307563 0.163857 0.1525945 0.1501897 0.1368184 0.1137106 0.0823314 0.02518614 0.01301238 0.005900598
0.1895532 0.1954899 0.1748269 0.225341 0.2635588 0.2710879 0.2528121 0.2430563 0.2254044 0.2105506 0.2400053 0.2359211 0.1834713 0.1783679 0.1679125 0.1515167 0.1660952 0.1711348 0.1882226 0.1922214 0.1806967 0.1794922 0.1368057 0.09882266 0.09536832 0.09005567 0.06410081 0.03609445 0.02077052 0.0114957 0.006598837 0.02615245 0.05099777 0.07154716 0.0710756 0.09774271 0.1042631 0.09395669 0.1060164 0.1648739 0.2037354 0.2518064 0.1960795 0.1487178 0.1270788 0.1317629 0.1403957 0.1252033 0.1278133 0.1309442 0.1748502 0.1558323 0.07519691 0.05875108 0.0275356 0.02252172
0.1768734 0.1683362 0.1875167 0.246792 0.2464196 0.2639434 0.262924 0.2153899 0.2078339 0.227395 0.2362107 0.2121118 0.1923007 0.2177468 0.2054015 0.1973809 0.2033695 0.1945403 0.1872132 0.27211 0.3052562 0.2290678 0.1321255 0.1453472 0.08968589 0.06621989 0.08283474 0.02757109 0.0207461 0.01218919 0.01509088 0.03206375 0.04709757 0.07060173 0.08756595 0.1399395 0.1429345 0.07675543 0.09264883 0.1685968 0.1596851 0.2024968 0.2103227 0.1369294 0.1313504 0.1153969 0.1104886 0.1151212 0.08663291 0.1095435 0.2173041 0.2035261 0.08946555 0.0760856 0.05975727 0.03170827
0.2212434 0.1665848 0.200568 0.2465997 0.2285827 0.2384013 0.2257023 0.217593 0.2002171 0.2137825 0.2009034 0.2001021 0.2292223 0.2650385 0.2281567 0.219451 0.2094496 0.2199432 0.2137842 0.2588508 0.2538046 0.2009377 0.1430588 0.1537841 0.0975484 0.09705038 0.06938856 0.03838432 0.03682015 0.0690167 0.08213351 0.06345084 0.07004756 0.07834838 0.09166228 0.0949917 0.1902772 0.1005216 0.09846361 0.1406106 0.1821328 0.1767597 0.2479911 0.1971988 0.1936378 0.1435551 0.1353326 0.14913 0.1270988 0.1104276 0.1188327 0.1136357 0.1045953 0.1235103 0.09213001 0.05398112
0.1997954 0.2174857 0.1915635 0.2222347 0.2149776 0.2296081 0.1958028 0.211832 0.2021122 0.1991822 0.1996117 0.1936903 0.1924164 0.2429556 0.2654435 0.2189235 0.2370281 0.2492102 0.2233884 0.2750533 0.2523163 0.168381 0.1338179 0.130875 0.1219536 0.1344866 0.09756387 0.118923 0.06733056 0.07031853 0.1217925 0.08754465 0.0678581 0.0725404 0.09838803 0.1084648 0.1418317 0.1346816 0.1473859 0.185793 0.2360292 0.1904551 0.2134259 0.1880132 0.1813982 0.16561 0.1760107 0.1548789 0.1243834 0.09769528 0.1065198 0.1154865 0.0999548 0.1309649 0.109991 0.0645297
0.1387888 0.1741605 0.1922518 0.2044828 0.1928153 0.2144536 0.2035663 0.2257995 0.2002032 0.1856863 0.1867172 0.1978254 0.1787259 0.2038001 0.1975618 0.201994 0.18883 0.2183139 0.224531 0.2417003 0.2481063 0.2368792 0.1524782 0.1708077 0.1080637 0.1019552 0.09636196 0.1558043 0.1446786 0.09364212 0.05627369 0.08474683 0.07628271 0.08944121 0.0957548 0.1094946 0.1933226 0.218659 0.2187901 0.1998531 0.224822 0.2638923 0.2674823 0.2198112 0.1851325 0.1490435 0.184605 0.1644442 0.1422946 0.124457 0.1220155 0.1197585 0.1588468 0.1649096 0.1215818 0.08528446
0.1189395 0.1524847 0.2292878 0.2083085 0.1958002 0.2513781 0.2057398 0.2150791 0.1867252 0.1541972 0.1567688 0.178361 0.1525876 0.1646869 0.1858295 0.2253447 0.1731874 0.2131378 0.1878594 0.1900132 0.1784866 0.1799276 0.1541461 0.2133896 0.1785613 0.143161 0.1327323 0.1108467 0.08356838 0.112135 0.1059655 0.1118229 0.09708051 0.1227391 0.1716169 0.1665663 0.2528357 0.364585 0.3190786 0.2220348 0.2659945 0.2488642 0.3076206 0.1995679 0.1628983 0.1394492 0.1567751 0.1786352 0.1396895 0.1434593 0.1606949 0.1484132 0.1623472 0.1358856 0.1292037 0.1351722
0.1928771 0.1731106 0.1964681 0.170936 0.1755974 0.1896508 0.2076342 0.2052446 0.15257 0.143241 0.1707549 0.1879886 0.1639804 0.1841121 0.1980895 0.2299225 0.16625 0.1837142 0.1697744 0.1598923 0.1510997 0.1257488 0.1247705 0.1805351 0.1703859 0.1744547 0.1417995 0.1083695 0.1045118 0.1239274 0.13185 0.1386994 0.1306914 0.1628354 0.1867035 0.2150601 0.264362 0.3135316 0.26252 0.220935 0.1950502 0.2043394 0.2270102 0.1751995 0.1571104 0.1325549 0.1222906 0.1495777 0.1583358 0.2011503 0.190912 0.183532 0.1806414 0.1545761 0.1667463 0.1857691
0.2118666 0.1932785 0.1908797 0.1985203 0.1950653 0.1701301 0.1600942 0.1521679 0.1277586 0.1437051 0.1617029 0.1677864 0.1671456 0.1962235 0.1989291 0.1846877 0.1685962 0.1803688 0.1712274 0.2202946 0.1613924 0.1177744 0.1291805 0.1868988 0.1630189 0.1957504 0.1611269 0.1375504 0.1446066 0.1665377 0.1493516 0.1728361 0.1490831 0.1961108 0.207312 0.2523803 0.2654438 0.2958374 0.2429551 0.234131 0.2345681 0.2190107 0.2144043 0.1881256 0.1611719 0.1573669 0.1687324 0.2137602 0.2225193 0.2144642 0.2251487 0.1902261 0.1881105 0.1932806 0.1743032 0.1657037
0.1889414 0.165748 0.1875342 0.1456364 0.1465636 0.1492295 0.1246758 0.1493414 0.1029376 0.1043825 0.118649 0.1486453 0.1549576 0.1673993 0.1788555 0.1718508 0.166014 0.1541991 0.1674651 0.1973617 0.1855672 0.1151438 0.1389835 0.1831727 0.1867784 0.194105 0.1710194 0.1684278 0.1682436 0.1858174 0.2404034 0.2039981 0.1904252 0.2362598 0.2316598 0.2462009 0.3164051 0.3092617 0.2222555 0.2174247 0.2114334 0.2137448 0.19749 0.1503389 0.1665037 0.158821 0.2136352 0.2081458 0.2120458 0.1869715 0.1514718 0.1618434 0.1475902 0.1731667 0.167115 0.1208252
0.1792788 0.1598018 0.1320456 0.1075205 0.1192189 0.1086147 0.1297561 0.1292016 0.09163406 0.08968185 0.1251865 0.1493115 0.1626002 0.1635143 0.1842189 0.1799163 0.1820415 0.1814222 0.1659162 0.1729906 0.1481936 0.1441642 0.1607437 0.2301071 0.2393626 0.1951369 0.1746026 0.2056603 0.1675228 0.2079371 0.1672413 0.2402029 0.2441807 0.2338953 0.2331644 0.2464151 0.2967825 0.2715569 0.2542554 0.2545484 0.258693 0.2593983 0.2421482 0.1805901 0.1461212 0.1530201 0.176572 0.1786272 0.1836383 0.1567235 0.140841 0.1540913 0.2048959 0.1910368 0.157368 0.1339698
0.1761844 0.1636616 0.1440586 0.1156215 0.09627169 0.1095098 0.115014 0.09827603 0.1203186 0.1097084 0.1434317 0.1682445 0.1783555 0.1656405 0.1588535 0.168223 0.1526588 0.1747991 0.2069499 0.189655 0.1739835 0.1865298 0.1820943 0.2158469 0.3149768 0.2396123 0.1800919 0.1809684 0.1738614 0.1966411 0.1987932 0.2256716 0.247892 0.2429251 0.2671878 0.3297268 0.3643807 0.3686525 0.354666 0.3254999 0.3140451 0.3104171 0.303822 0.1947822 0.1776695 0.199239 0.2014978 0.1922871 0.1647144 0.1562393 0.1564084 0.1165305 0.1755358 0.2095689 0.1779194 0.1492061
