contrib/geomasonDemos/riftland/DataFiles/RainData/.svn/text-base/5.txt.svn-base
ncols         56
nrows         54
xllcorner     28.264
yllcorner     -5.7719999999999
cellsize      0.25
NODATA_value  -9999
[rows 0 to 27 of 54, columns 0 to 55 of 56]
0.1811737 0.1622563 0.1660041 0.1747806 0.1466357 0.1042418 0.08202734 0.04190379 0.03702047 0.03157116 0.03641857 0.05847172 0.05760082 0.02151278 0.02830724 0.03938504 0.04120602 0.03500545 0.04244081 0.08374093 0.1642921 0.1021977 0.1129007 0.1953258 0.174316 0.1885492 0.2067502 0.2082175 0.2376987 0.2339923 0.2501916 0.2111571 0.2170147 0.2166101 0.1947524 0.2271267 0.2603437 0.2590323 0.2127516 0.1548928 0.1426385 0.1033719 0.09580798 0.09642741 0.08621722 0.08003669 0.08416191 0.08841108 0.09080185 0.08983707 0.09750852 0.06254542 0.0824247 0.07336491 0.07806888 0.08386233
0.2048615 0.1766557 0.1931345 0.1412573 0.112168 0.09378728 0.08792233 0.04079277 0.03834387 0.03718508 0.04137629 0.07789559 0.0630126 0.03397209 0.02282902 0.04027468 0.03704922 0.04016258 0.04637462 0.08621184 0.09897783 0.08644462 0.1040287 0.2364841 0.1803418 0.1773454 0.1916903 0.2383549 0.2562562 0.2415625 0.2390883 0.2120058 0.1811242 0.1866477 0.2136313 0.2351741 0.2096689 0.2076239 0.1858849 0.1476937 0.1484096 0.1201369 0.1200722 0.1011865 0.08455089 0.08378343 0.08747617 0.08950473 0.08434695 0.08111748 0.07443909 0.05113926 0.06091144 0.07026915 0.06852227 0.07061172
0.2367253 0.2226665 0.2132285 0.2162281 0.1221503 0.1124306 0.08448774 0.05471257 0.04032284 0.04050022 0.04588213 0.05006487 0.0447005 0.03209558 0.03009906 0.05504785 0.05008192 0.04689961 0.05527696 0.1339044 0.09796088 0.1031154 0.09952191 0.1762485 0.1691765 0.1703878 0.2207708 0.2637721 0.2640061 0.271156 0.2306626 0.2071525 0.1958139 0.2307896 0.2714161 0.232123 0.2091635 0.1969915 0.1769921 0.1390844 0.1254733 0.1239316 0.1225496 0.1042408 0.0899571 0.09143315 0.08908974 0.08917141 0.08574956 0.09418345 0.09135573 0.0755804 0.05844418 0.06201907 0.06864404 0.05204274
0.2160334 0.2033004 0.1905147 0.2032655 0.1416319 0.125903 0.158181 0.09002529 0.06434729 0.06271406 0.06085004 0.06641923 0.05082994 0.06266035 0.05924252 0.04681855 0.04337633 0.04187421 0.03407551 0.07461998 0.09648771 0.09039056 0.09895536 0.1818427 0.1553773 0.1694949 0.2513784 0.2331147 0.2138282 0.220719 0.2115743 0.2162247 0.2298688 0.2305506 0.2662557 0.3022487 0.2276668 0.1763538 0.1646282 0.1522358 0.1311614 0.1489665 0.1598723 0.1330015 0.1371671 0.1288271 0.1269391 0.123708 0.1145035 0.09230209 0.09737604 0.0764368 0.07185648 0.0733173 0.06299301 0.04336864
0.1852376 0.1799109 0.1589545 0.1645843 0.133259 0.1252243 0.1459453 0.1072326 0.09037507 0.0662996 0.07115425 0.05830862 0.04985361 0.06340211 0.06053606 0.06370109 0.03957886 0.03643907 0.03317069 0.06187253 0.08294606 0.09226729 0.09924367 0.1517428 0.1594419 0.1701028 0.2069212 0.2085289 0.1879155 0.1917551 0.2248313 0.245686 0.2550967 0.2577124 0.2663643 0.2708987 0.2048452 0.1695916 0.1480984 0.1490481 0.143661 0.153944 0.1920565 0.1560797 0.1668687 0.1612375 0.1472907 0.1204658 0.1015386 0.08171479 0.08606551 0.07898236 0.07187616 0.07049291 0.06375016 0.057441
0.1835738 0.1832681 0.1736944 0.1547676 0.1371516 0.1703131 0.2071837 0.1577104 0.1192122 0.07452906 0.0620309 0.07386238 0.07569753 0.1015444 0.04939595 0.05367729 0.06367818 0.03276386 0.02133048 0.04514424 0.05923073 0.07711076 0.08501553 0.1483355 0.1785388 0.1789302 0.199479 0.2134467 0.1970532 0.2053816 0.2337129 0.2632204 0.2703741 0.2863446 0.2708657 0.2395496 0.200721 0.1718392 0.1598035 0.1579232 0.1852296 0.1692472 0.1816133 0.1580501 0.1530359 0.1523931 0.161443 0.1214088 0.105725 0.08757477 0.08332539 0.07491677 0.07642094 0.07161835 0.06923586 0.04441408
0.2047256 0.1981224 0.1871564 0.209814 0.1921782 0.2098458 0.2122995 0.1810158 0.1459118 0.1060207 0.08529024 0.1171839 0.09075143 0.0900419 0.06774679 0.06108027 0.05663726 0.03557035 0.02475938 0.0484104 0.06152048 0.06546553 0.06916021 0.1413179 0.1776298 0.1784901 0.1836275 0.1879641 0.19804 0.2031552 0.1980845 0.2798048 0.260066 0.2799639 0.2728032 0.2819023 0.2237727 0.1878321 0.17838 0.1983825 0.1849529 0.1986915 0.1947318 0.1515259 0.1528984 0.1554966 0.140302 0.1221137 0.1087572 0.08206272 0.08196045 0.07938226 0.08067208 0.07841463 0.07875875 0.05139343
0.3245017 0.2398384 0.3586051 0.2847148 0.2239166 0.2076314 0.2412492 0.2242126 0.1726085 0.1629483 0.1568043 0.1214506 0.08996889 0.08677591 0.1083235 0.06863758 0.05106108 0.04385106 0.04617791 0.04282361 0.04734107 0.04947186 0.06126839 0.1406911 0.1534443 0.1668835 0.1926924 0.1664115 0.1575571 0.1713717 0.1416762 0.2431912 0.2075479 0.1929637 0.1885362 0.1707333 0.1297566 0.1102362 0.1313256 0.1311353 0.1456587 0.137019 0.1359714 0.1297605 0.1414552 0.1131499 0.09085274 0.07598718 0.08137929 0.07280519 0.06985896 0.1089546 0.1041485 0.1077447 0.1165052 0.09499903
0.403818 0.2716422 0.2471474 0.2846589 0.2462615 0.2315326 0.2205076 0.2456408 0.1576684 0.1559188 0.2300962 0.1190422 0.06188118 0.0774745 0.07069658 0.08002022 0.05142189 0.03653893 0.03796392 0.04983483 0.03551334 0.04796796 0.05679604 0.1322052 0.1387107 0.1592085 0.1817965 0.1697862 0.1785236 0.1829136 0.1819996 0.18858 0.1710628 0.1695312 0.1692909 0.1600985 0.1531796 0.1111269 0.14427 0.1327523 0.116909 0.1409253 0.1425798 0.1333644 0.116528 0.09834071 0.08536949 0.0673323 0.08082362 0.09208838 0.09605792 0.08846912 0.08339158 0.0930452 0.09890939 0.08719728
0.2757742 0.1881445 0.2215828 0.2237031 0.2268795 0.28829 0.2619822 0.2106403 0.1637394 0.1893235 0.2157977 0.1023212 0.07421768 0.05996713 0.05809288 0.1010125 0.07502684 0.03458161 0.03507075 0.03554986 0.03356797 0.04326521 0.05318958 0.124083 0.1374193 0.1541633 0.1991953 0.1915623 0.1961822 0.1956528 0.2036713 0.1960766 0.1875714 0.1603664 0.156633 0.1661333 0.1831193 0.1305988 0.16959 0.1562673 0.1355112 0.1388417 0.1509799 0.1528288 0.1534966 0.1292678 0.1186275 0.07737545 0.09579406 0.09153015 0.08087132 0.1124115 0.09223897 0.08238185 0.09693822 0.07089268
0.1939353 0.1852616 0.1890442 0.191005 0.242466 0.2595941 0.2153978 0.2410895 0.2117023 0.1841445 0.1794376 0.1338161 0.07730883 0.058582 0.07451721 0.09571117 0.06933542 0.04140932 0.0458441 0.03307134 0.03536493 0.03840592 0.05628086 0.1330455 0.1430432 0.1671439 0.2142978 0.222524 0.1939565 0.2592166 0.2301859 0.1954886 0.1806814 0.1759771 0.2112652 0.2147436 0.1627028 0.1244746 0.1170634 0.1321687 0.1477953 0.1271668 0.1522607 0.1696764 0.140835 0.1047171 0.0996641 0.066585 0.06422278 0.0744633 0.07332149 0.104776 0.09470479 0.08834761 0.1016519 0.08636342
0.2348043 0.2335633 0.263718 0.218988 0.1998616 0.1878242 0.2279204 0.2746005 0.2400959 0.2056314 0.1989431 0.1430696 0.09975969 0.07116897 0.09935573 0.1058393 0.1040962 0.05842767 0.05097886 0.0629338 0.04498813 0.04668083 0.04884896 0.07450967 0.07815441 0.07936613 0.1000245 0.14338 0.1696482 0.165269 0.1902358 0.1628631 0.1615922 0.1405395 0.1357369 0.161948 0.1192513 0.1129599 0.1149302 0.1456988 0.1335814 0.1376795 0.1526517 0.1504993 0.1286168 0.1137064 0.1181112 0.09725616 0.0934352 0.09179213 0.08535591 0.08723816 0.09365812 0.1014372 0.1094985 0.08448762
0.194093 0.2173684 0.233146 0.1888126 0.1634736 0.1509219 0.1543351 0.2089224 0.2662247 0.1653803 0.1584969 0.1234033 0.08653159 0.1003741 0.09865448 0.1121923 0.09400447 0.0779553 0.06729326 0.06603608 0.08041435 0.06121799 0.0557701 0.0743025 0.06777944 0.06456107 0.07184345 0.1121203 0.117893 0.1168373 0.1591952 0.1695878 0.1516049 0.1241102 0.09839761 0.1190108 0.1451604 0.1057609 0.1073884 0.1390411 0.1390824 0.1414469 0.1348751 0.1309149 0.1139506 0.1130232 0.1158628 0.1008235 0.09590178 0.09255894 0.09559672 0.07998312 0.07455757 0.08669706 0.09517378 0.08865833
0.1831031 0.1962077 0.2221327 0.1992621 0.2253572 0.1516931 0.1784247 0.2038645 0.1988966 0.1570809 0.1440936 0.1206943 0.09544952 0.09751727 0.09150721 0.13532 0.1000311 0.09398285 0.08571629 0.0811964 0.1042091 0.07967703 0.07059207 0.08157051 0.07869067 0.06205043 0.0577283 0.07231253 0.1134936 0.1060729 0.1038731 0.1006756 0.1041206 0.1059421 0.09935054 0.09946844 0.1409884 0.1255827 0.1045146 0.1315856 0.1461642 0.1608641 0.1277705 0.11863 0.1116347 0.1088007 0.1126789 0.10146 0.0984519 0.09580124 0.09378732 0.06751708 0.06863598 0.0744577 0.07643536 0.0993728
0.1831009 0.224272 0.238547 0.1814895 0.1931137 0.1416698 0.1630882 0.1750647 0.1842484 0.1311586 0.1315936 0.1326576 0.1242668 0.1138664 0.09702473 0.1677844 0.1501926 0.1409228 0.1180465 0.08826613 0.09549022 0.0816092 0.09041549 0.08449112 0.0672636 0.05716738 0.04791468 0.05227459 0.08685517 0.08514817 0.08648374 0.08732264 0.07823506 0.0740208 0.083194 0.09484836 0.1630415 0.1451399 0.113839 0.1345056 0.1339493 0.1366997 0.1297901 0.1200745 0.111468 0.1072906 0.1083436 0.1027595 0.09792726 0.09286434 0.08597188 0.06441826 0.06370775 0.07019453 0.0696588 0.1105635
0.2195864 0.2158015 0.2234856 0.1930359 0.2349864 0.1467992 0.1769563 0.1358109 0.1229953 0.1052384 0.09619657 0.1146693 0.1885973 0.1913703 0.1600793 0.2076976 0.1951026 0.2132326 0.2232437 0.208932 0.1869496 0.1582917 0.15432 0.09661709 0.07291824 0.04910418 0.04749189 0.05475387 0.0813419 0.08141232 0.08382744 0.07152748 0.06565684 0.06328022 0.07975224 0.115955 0.1099193 0.1301538 0.1231758 0.1300312 0.1255493 0.1301592 0.1232088 0.1006849 0.09256884 0.09357176 0.08908956 0.0952206 0.09733511 0.08236054 0.0744551 0.07632546 0.08954406 0.0938426 0.08128695 0.1036721
0.2423185 0.2053023 0.2199253 0.2195147 0.2031135 0.154355 0.2314202 0.1361942 0.1013168 0.09386998 0.1663507 0.1218089 0.1272044 0.1570498 0.1895344 0.2070103 0.1912621 0.1810537 0.1789867 0.1836828 0.1761359 0.1424542 0.1290463 0.09250773 0.06969637 0.05643508 0.05909149 0.05500624 0.08242285 0.08088473 0.06070898 0.04809428 0.05376401 0.06605707 0.08146444 0.121462 0.1049869 0.1208122 0.1193517 0.1055034 0.1137696 0.1275119 0.1222431 0.09093564 0.09221017 0.09207847 0.09339997 0.09368264 0.09282555 0.07830541 0.08274644 0.08602093 0.07992009 0.08791869 0.07889487 0.08206347
0.2803493 0.2195666 0.2258127 0.1933235 0.2134217 0.1742668 0.1715588 0.1072225 0.07546902 0.06794637 0.08825441 0.1333615 0.1289068 0.1394148 0.1608238 0.1566895 0.1893669 0.1922974 0.1685885 0.1735836 0.1634285 0.1721027 0.1597496 0.09474204 0.06941176 0.07848053 0.07804976 0.07093798 0.07303204 0.05674349 0.05559176 0.04356124 0.04907106 0.06344286 0.07340929 0.1079835 0.1297177 0.1126689 0.08669782 0.09578286 0.1088173 0.1110477 0.1201566 0.08991286 0.09115382 0.09260846 0.08729848 0.09652127 0.08362227 0.08004752 0.1080037 0.1171532 0.069916 0.07475318 0.08623178 0.0807092
0.2775341 0.3302929 0.4377118 0.2521998 0.1711159 0.2735856 0.1791577 0.1084201 0.0699731 0.05408998 0.08829511 0.08880225 0.09486356 0.1403534 0.1507632 0.1459719 0.1638923 0.1472678 0.1569499 0.1814656 0.1715368 0.1845119 0.1398346 0.09483769 0.07991641 0.08262981 0.07107186 0.05935848 0.04828877 0.05408283 0.05862861 0.0546279 0.06151939 0.06970131 0.07557629 0.1283332 0.1584986 0.1316088 0.0832397 0.08640461 0.09552755 0.1007444 0.1109639 0.08731329 0.08564906 0.09406426 0.09057787 0.09194671 0.08513535 0.08504946 0.09612774 0.09216467 0.08539388 0.07682592 0.09879491 0.08545876
0.2994 0.3498278 0.350647 0.240415 0.1768744 0.2245924 0.1486856 0.1091526 0.0634589 0.06827543 0.08282918 0.06188612 0.06359209 0.08224965 0.09589618 0.1308843 0.1287042 0.1348028 0.1509588 0.1511516 0.1561757 0.1779472 0.1578548 0.1415156 0.1453834 0.1262674 0.1209358 0.07185492 0.05994769 0.05593716 0.06514423 0.07301968 0.08413327 0.06943443 0.07689138 0.1123949 0.1039072 0.08327886 0.07299334 0.09563067 0.09100169 0.09732894 0.1118746 0.08248162 0.08426587 0.08205824 0.08214691 0.09341178 0.09156911 0.1124375 0.09886936 0.09250011 0.08903073 0.09161054 0.1055183 0.1037587
0.2316025 0.2706665 0.2637387 0.162245 0.1387803 0.1398839 0.100415 0.08204255 0.05502222 0.0620131 0.05580391 0.05120323 0.05306561 0.06475805 0.08646489 0.1174512 0.132398 0.1274289 0.1660924 0.197859 0.1686821 0.2016987 0.174975 0.1489308 0.1343609 0.1316395 0.1273045 0.07216449 0.06254498 0.06936686 0.09710634 0.08607968 0.08483889 0.08810462 0.08685698 0.09690816 0.08737817 0.08144057 0.07246644 0.08634897 0.08596389 0.09009693 0.08785277 0.07276513 0.07395606 0.06621854 0.06398787 0.1189373 0.0823628 0.08110858 0.09698109 0.08394326 0.08331265 0.09466546 0.1021217 0.1072924
0.2068684 0.1918853 0.2515599 0.185857 0.1287332 0.09939444 0.08173285 0.06312773 0.0700143 0.04246096 0.038791 0.0432402 0.04389038 0.05576754 0.08872551 0.1086924 0.1194989 0.1262884 0.1549574 0.1726817 0.1770967 0.1829414 0.1858155 0.1677101 0.1517373 0.1453501 0.145386 0.1056711 0.09315069 0.1157781 0.1209045 0.09724061 0.08348005 0.09027434 0.09253101 0.09503019 0.08539534 0.08995385 0.0956941 0.1446119 0.09976818 0.08074088 0.0739134 0.05924131 0.05742282 0.06134258 0.06019922 0.08956777 0.08558126 0.08799011 0.09267569 0.08673093 0.08134823 0.09648003 0.1083223 0.1157782
0.2699447 0.1854681 0.2281033 0.1880018 0.1526601 0.1516917 0.08733826 0.0578806 0.04930113 0.04168375 0.03626979 0.04211019 0.04628421 0.05401367 0.05634202 0.1131349 0.1173325 0.1266519 0.1441561 0.1899547 0.1935265 0.1789764 0.187204 0.1979214 0.1872451 0.1811783 0.1535413 0.1187098 0.1267288 0.1140749 0.1237358 0.1057076 0.09631389 0.1064953 0.1113193 0.09489978 0.08791016 0.08953352 0.1088874 0.1316106 0.1015483 0.07820411 0.07066541 0.06047897 0.06225897 0.05910227 0.06219346 0.0946359 0.1010322 0.0866072 0.08522728 0.09987497 0.09686294 0.09811756 0.1075488 0.144241
0.3387741 0.2262139 0.2358859 0.1548399 0.1948323 0.1703405 0.1215267 0.07859649 0.07418419 0.06924699 0.06766302 0.07203392 0.07250354 0.081925 0.09117346 0.1232461 0.1296577 0.1464638 0.1537849 0.1842087 0.2227753 0.2146949 0.2144859 0.2542339 0.2289444 0.220712 0.1878618 0.1542737 0.1701275 0.1838921 0.1870377 0.1593938 0.1458076 0.1450741 0.1493745 0.1264188 0.1176738 0.1201216 0.109987 0.1130194 0.1106642 0.1034899 0.09210008 0.07730892 0.06942268 0.07630874 0.07031542 0.1207264 0.1323762 0.1359187 0.1002365 0.1269093 0.1113275 0.102048 0.1132488 0.1520241
0.2818955 0.2149003 0.1722483 0.1077047 0.101916 0.111199 0.1822242 0.09067993 0.08234836 0.07074905 0.0672465 0.07440826 0.08759943 0.08558704 0.08818274 0.1237963 0.1226091 0.1383395 0.1676463 0.1890591 0.2160391 0.2036591 0.2044825 0.2239977 0.2198084 0.2099049 0.1995933 0.1831422 0.1895632 0.201092 0.1837671 0.1785534 0.1624914 0.1646459 0.1537687 0.1212107 0.131039 0.1375027 0.1072855 0.09711118 0.1122176 0.1183551 0.1099609 0.0813183 0.09044237 0.1006756 0.07639278 0.1001424 0.107276 0.1387532 0.1281731 0.1015872 0.1059274 0.1279164 0.1053508 0.1636314
0.2850537 0.2036593 0.1557135 0.09330813 0.08938647 0.1028103 0.09722203 0.07380234 0.06886386 0.06254733 0.07596623 0.09586008 0.1037984 0.09252626 0.1062847 0.1221739 0.1213025 0.1340922 0.1935854 0.2099258 0.1964083 0.2206183 0.1941318 0.2154652 0.2170153 0.2063027 0.2096462 0.2021911 0.204248 0.2029426 0.1912194 0.1901174 0.1771401 0.182379 0.1770636 0.1430189 0.1588813 0.1437623 0.1342462 0.1168154 0.1057288 0.1137911 0.1106709 0.08546326 0.07638448 0.09448835 0.09551706 0.1089119 0.1411708 0.1479984 0.154847 0.1363401 0.1609472 0.2136548 0.145967 0.1749627
0.2569687 0.2207921 0.1881425 0.1049003 0.1048267 0.08599861 0.07530177 0.07266884 0.06779838 0.07299492 0.08018629 0.1210774 0.1018771 0.10376 0.1030449 0.136687 0.1300769 0.1405633 0.1578611 0.1930105 0.1926042 0.222165 0.210605 0.2394996 0.2450811 0.2354899 0.221703 0.2160834 0.209563 0.1990147 0.1980834 0.1973183 0.1937152 0.2065715 0.2190824 0.1683213 0.1948471 0.1476901 0.1272177 0.1213426 0.1362859 0.1142473 0.1350152 0.09834103 0.0776282 0.07353143 0.08034788 0.1155388 0.2280785 0.2012991 0.1745816 0.2072456 0.1841984 0.1839103 0.1741397 0.1676735
0.1702155 0.1622221 0.1579214 0.1283205 0.1142444 0.1003148 0.09012737 0.08941188 0.08648608 0.09592364 0.1076482 0.1415322 0.1256376 0.1328161 0.1376378 0.1358037 0.1391611 0.1373693 0.1448456 0.175389 0.1840727 0.2061372 0.2151415 0.2526824 0.2696341 0.255671 0.2465997 0.2301226 0.2239085 0.2241744 0.2221643 0.2309439 0.2351032 0.2395117 0.2390908 0.2077526 0.1966672 0.1754489 0.155888 0.1469016 0.1453453 0.1299587 0.1244066 0.1070716 0.09497172 0.08276174 0.08111039 0.1238283 0.1295418 0.1717336 0.1848758 0.2244675 0.1982271 0.21516 0.2154531 0.1338373
