contrib/geomasonDemos/riftland/DataFiles/RainData/.svn/text-base/55.txt.svn-base
ncols         56
nrows         54
xllcorner     28.264
yllcorner     -5.7719999999999
cellsize      0.25
NODATA_value  -9999
[rows 0 to 24 of 54, columns 0 to 55 of 56]
0.2361213 0.3048654 0.3165556 0.2444128 0.2060915 0.1935303 0.1331892 0.1092662 0.06334424 0.06653573 0.08857621 0.09639974 0.08252089 0.1309516 0.1120444 0.09410367 0.1048269 0.1625919 0.2278553 0.2387614 0.2615795 0.2372253 0.2978715 0.346209 0.3005215 0.2935097 0.3106418 0.3278159 0.3238298 0.3056134 0.2741936 0.2586256 0.2430015 0.2609998 0.2432216 0.2023791 0.1884361 0.1884281 0.1905311 0.1769322 0.1381011 0.1082099 0.1257144 0.1211159 0.1041391 0.1186867 0.1045172 0.06799933 0.06986728 0.06274212 0.06491051 0.05753987 0.04415067 0.03510386 0.0357926 0.01487395
0.2364907 0.2549565 0.2299023 0.2124602 0.2007986 0.1411788 0.1183713 0.1091049 0.07510153 0.06844956 0.07746092 0.1054104 0.1127204 0.1084346 0.09243111 0.1185958 0.1122435 0.196717 0.4626652 0.3537627 0.2408791 0.2074212 0.2675987 0.2890337 0.2267111 0.2184223 0.3592716 0.2796194 0.2637356 0.2749823 0.2797022 0.2355786 0.2286621 0.2185054 0.2065734 0.1778626 0.1639747 0.1693179 0.151145 0.1288916 0.1072636 0.1045317 0.1183392 0.08533371 0.07900519 0.06823857 0.0705536 0.06517373 0.0674191 0.05478951 0.04145472 0.04919444 0.03712245 0.03282326 0.01958884 0.006345073
0.2148409 0.2309328 0.2030282 0.2218633 0.2246009 0.1522608 0.1844227 0.1656892 0.1302533 0.1436256 0.1647663 0.145722 0.1542267 0.1768588 0.1383085 0.1314672 0.1537493 0.2005907 0.2683476 0.2594943 0.2351457 0.2347336 0.2120884 0.2322009 0.2047687 0.230691 0.3314222 0.2586736 0.2497159 0.2596259 0.2306137 0.2369919 0.2140152 0.1965425 0.1754123 0.1934975 0.1763966 0.1474427 0.144721 0.1259539 0.1120871 0.1169339 0.1295718 0.0952633 0.09639208 0.073937 0.07463902 0.05694113 0.05272919 0.03612797 0.02911424 0.03187912 0.02257746 0.01955328 0.01731517 0.002094243
0.1377614 0.194656 0.2603466 0.2217909 0.2096485 0.1762653 0.1668923 0.1739056 0.2157217 0.121745 0.1269967 0.1562776 0.1730357 0.1794704 0.1725388 0.1851265 0.1716733 0.2048748 0.2572751 0.236618 0.2346863 0.1968479 0.2232606 0.2715692 0.2143389 0.185749 0.3491361 0.3663606 0.2491807 0.3288537 0.2254534 0.2075038 0.2105318 0.2267172 0.1637546 0.1628567 0.1365484 0.1081389 0.09140277 0.08765902 0.09238293 0.1363321 0.1638147 0.0970116 0.09918347 0.05891037 0.0592966 0.03984895 0.0310105 0.02317338 0.02506275 0.02052165 0.01575376 0.01439617 0.01457342 0.002409482
0.1545964 0.2055633 0.2746781 0.2763645 0.2684506 0.1361975 0.1039286 0.1623095 0.1619797 0.1392022 0.1104674 0.1474279 0.1298391 0.1036821 0.1602779 0.1937192 0.1267168 0.1361175 0.1863419 0.201933 0.1727844 0.1996488 0.2034447 0.2141592 0.169132 0.1309882 0.1960922 0.2674738 0.3287723 0.3145487 0.1828485 0.1768438 0.2853955 0.2490604 0.1361459 0.1141611 0.1128186 0.08323738 0.0723963 0.06977233 0.09450097 0.1274242 0.1398119 0.1101163 0.06103161 0.02422294 0.02388769 0.01907051 0.01892218 0.02018749 0.02181431 0.01976545 0.01968844 0.01500714 0.01276975 0.002774001
0.1648684 0.1975915 0.2780012 0.2010265 0.185392 0.1280877 0.1068083 0.1860858 0.1448759 0.1118857 0.1001918 0.1471175 0.1111939 0.09749987 0.101959 0.1202849 0.08465707 0.09014087 0.1092119 0.1674502 0.1781494 0.162951 0.1484897 0.2226704 0.1532652 0.2305587 0.3178818 0.2192956 0.1538044 0.1346496 0.1628627 0.1557659 0.1534642 0.2034789 0.1477727 0.09732813 0.09921248 0.0974161 0.06553824 0.06931556 0.1011979 0.1454967 0.103424 0.04471472 0.02533417 0.01783307 0.01597319 0.01581603 0.01606317 0.01563084 0.01471772 0.01066504 0.01319107 0.01291303 0.01368382 0.001680454
0.1392093 0.1836598 0.2036867 0.1437529 0.09864849 0.07171978 0.1040493 0.1570816 0.1204204 0.08342083 0.06464361 0.09666151 0.115638 0.08157611 0.06028372 0.08461957 0.1155234 0.1100661 0.1612815 0.1426259 0.1355505 0.1282647 0.1101302 0.131236 0.2100445 0.3271967 0.1527907 0.1548147 0.1094969 0.101741 0.08838092 0.1105506 0.112662 0.1666205 0.1044178 0.0958183 0.09036456 0.06614091 0.0478757 0.06068723 0.07177044 0.06992348 0.0589175 0.02599426 0.0151043 0.01296942 0.01239635 0.01297529 0.01549067 0.01213991 0.01234909 0.008796776 0.01125556 0.01124022 0.01142808 0.001361089
0.1758098 0.2722866 0.2291061 0.1745373 0.1015567 0.08789158 0.1240876 0.2112141 0.163271 0.1237178 0.1256269 0.1559843 0.1427113 0.1466936 0.1641401 0.1692922 0.1585255 0.1275251 0.1240096 0.09543221 0.09601261 0.1187776 0.1042392 0.133986 0.1044512 0.1427536 0.1227185 0.1352896 0.07227801 0.07457639 0.0939391 0.0819463 0.09521089 0.1431928 0.05974805 0.06199293 0.0613228 0.04254304 0.04569194 0.04111283 0.04249506 0.03975976 0.03031857 0.01287404 0.006425777 0.005365973 0.005157394 0.006359705 0.00611793 0.005990614 0.005967493 0.002687712 0.001060667 0.002269841 0.0009872594 0.0006128608
0.2844183 0.3148114 0.198955 0.1558764 0.1079605 0.09695804 0.1546712 0.1705203 0.1469839 0.1237429 0.1063305 0.1607216 0.1545893 0.1393351 0.1663437 0.1710521 0.1602507 0.1275966 0.1102945 0.1428696 0.205985 0.2040295 0.1807262 0.136621 0.1231858 0.1101 0.1331861 0.1050094 0.06066731 0.07724369 0.04942763 0.05653416 0.06681761 0.07090168 0.04864858 0.05476374 0.04991901 0.03953139 0.03857776 0.03869176 0.02789833 0.02275279 0.0189584 0.01080831 0.008553783 0.003753938 0.00364642 0.004558637 0.004430047 0.004336921 0.004263993 0.0007659601 0.0007499246 0.0007196038 0.0006663812 0.0003919303
0.1669643 0.1650247 0.1297025 0.1152183 0.1127713 0.1381676 0.1704921 0.159634 0.1266538 0.115779 0.1648429 0.2000435 0.1753759 0.1514369 0.1287572 0.1493789 0.1475292 0.1435652 0.1182973 0.1841778 0.2337975 0.2849101 0.1943457 0.1036319 0.1159591 0.08356506 0.08836898 0.116665 0.1142919 0.04991695 0.01846122 0.0562294 0.06481384 0.05453554 0.0557026 0.03811264 0.04193635 0.03860306 0.02427116 0.03081558 0.02576548 0.01989022 0.0148612 0.006964891 0.005635703 0.002694905 0.002622016 0.004732121 0.00647671 0.00454871 0.003251569 0.0005455341 0.0005284283 0.001406083 0.002251263 0.002139064
0.1180078 0.1178441 0.1256904 0.09826956 0.1085219 0.1447278 0.1470223 0.1508193 0.1219839 0.1562733 0.1402301 0.1998656 0.1852219 0.1494012 0.1376719 0.1429354 0.170728 0.159666 0.132848 0.154522 0.2430198 0.2658414 0.1156631 0.0758232 0.09383097 0.0580309 0.03284539 0.04201144 0.04418763 0.0132512 0.008030078 0.03859676 0.0734745 0.03412203 0.03408973 0.03026389 0.03018294 0.02155727 0.02400159 0.02597752 0.02118264 0.01645066 0.01376401 0.006314579 0.004959766 0.005687173 0.007619163 0.01161467 0.004206679 0.002456562 0.002352501 0.001929765 0.003333496 0.004364808 0.005103937 0.005047264
0.1239975 0.1337282 0.1260502 0.123054 0.1342836 0.1356934 0.181113 0.2019146 0.2182577 0.2179566 0.1533385 0.2003722 0.1983285 0.1670489 0.1470347 0.1782756 0.1837536 0.2085913 0.2070514 0.2041943 0.3303526 0.2262529 0.1002594 0.06914271 0.102931 0.05854089 0.02832752 0.02221865 0.01384638 0.01091536 0.01386004 0.02094264 0.02074472 0.01934081 0.01801294 0.004994576 0.01163487 0.007489125 0.01238515 0.02237459 0.01722105 0.01353616 0.01082624 0.006558855 0.006469861 0.01251206 0.008598872 0.002576142 0.002319429 0.002430507 0.002897311 0.003182909 0.00376114 0.004234741 0.00448817 0.004165593
0.2147136 0.2178017 0.1325593 0.1122547 0.1071502 0.1160743 0.1531431 0.2026728 0.1656516 0.1812975 0.1838799 0.2054901 0.1869656 0.1599756 0.1866052 0.236557 0.2153694 0.2177288 0.1724182 0.2472093 0.2372219 0.2127218 0.1010245 0.09711107 0.05127648 0.02615816 0.0154066 0.006040488 0.007892349 0.00827901 0.009716151 0.01643148 0.01635368 0.01543257 0.01455956 0.004119418 0.01114306 0.003982215 0.008214694 0.01619218 0.01363895 0.01297651 0.009798234 0.00776677 0.01001476 0.002399782 0.001567478 0.001965738 0.002511136 0.002632766 0.002859436 0.003946562 0.004272547 0.00447834 0.004485923 0.004204433
0.1618736 0.2180289 0.1322213 0.1362104 0.1082594 0.1294301 0.120491 0.1724019 0.149815 0.1722801 0.1459112 0.1706681 0.1842672 0.200278 0.1938298 0.2289139 0.2174016 0.2307949 0.2111857 0.2326713 0.2942342 0.1935268 0.07656746 0.03604715 0.02423256 0.01973829 0.0130706 0.003440271 0.002600639 0.002915943 0.005221979 0.009128356 0.01211031 0.01123711 0.01172894 0.003398325 0.003511623 0.003374783 0.009563894 0.01498844 0.01251434 0.01075453 0.01175296 0.006930783 0.003911616 0.003065584 0.00277248 0.002764296 0.003134752 0.003050696 0.002962625 0.004241491 0.004354566 0.004280203 0.004132589 0.003951379
0.1434715 0.2063052 0.2309506 0.1617662 0.1584067 0.1702476 0.1110631 0.1193661 0.1579761 0.1355791 0.1317329 0.1683962 0.1849076 0.2188409 0.223918 0.2024047 0.2258072 0.2886509 0.2623457 0.2520143 0.2107239 0.1332635 0.06274723 0.0267272 0.01507352 0.01045516 0.005123507 0.003131345 0.002178234 0.002085653 0.002749172 0.00683987 0.008120242 0.008980881 0.009424088 0.002803578 0.006660788 0.009570762 0.01151475 0.01491544 0.01168478 0.01087488 0.009156306 0.006585506 0.00567339 0.004728023 0.004149276 0.003708503 0.003896621 0.00363111 0.003338153 0.00442892 0.004195116 0.003884917 0.003584687 0.003372554
0.1142355 0.2622125 0.3310216 0.2265112 0.2459913 0.205779 0.1183932 0.1167758 0.1249974 0.1184509 0.1592266 0.2021458 0.1846819 0.233256 0.1788063 0.1943524 0.216813 0.267592 0.266889 0.1935137 0.1600732 0.09849898 0.07209785 0.0638525 0.01527014 0.008201862 0.006517738 0.008541876 0.002526696 0.0007344948 0.002982038 0.00452106 0.005423503 0.006078336 0.006524872 0.007097342 0.01088715 0.01287928 0.01082849 0.01119902 0.01042038 0.00959554 0.008835589 0.008587215 0.007901374 0.006835232 0.005973136 0.005201616 0.005194662 0.004693535 0.004207707 0.004523627 0.004073112 0.003609283 0.003199379 0.002957633
0.09269933 0.1430421 0.1465638 0.145495 0.1494181 0.1570904 0.1015266 0.1217832 0.1271532 0.1609333 0.2086079 0.2626792 0.2079442 0.172863 0.1435954 0.1665998 0.1407649 0.1617555 0.1604004 0.1712341 0.1342448 0.09598017 0.09199375 0.075329 0.021465 0.008218759 0.006417888 0.003433974 0.0006573119 0.002039661 0.007834946 0.002714482 0.003277221 0.003786452 0.004233538 0.004690798 0.005114974 0.006301083 0.007669049 0.009150398 0.009189999 0.008735677 0.008340967 0.008734729 0.008258618 0.007160751 0.006186182 0.005293163 0.005197019 0.004540508 0.003966717 0.004101934 0.00351626 0.002996947 0.002575868 0.00237802
0.08580158 0.08984971 0.1637785 0.1791823 0.1722655 0.1758901 0.1017399 0.1371541 0.2083898 0.1583423 0.1977518 0.1844727 0.1587531 0.1343829 0.15122 0.1941692 0.1632512 0.1551453 0.1802373 0.2136808 0.1500764 0.1057075 0.08351897 0.06970126 0.03598212 0.01380566 0.006755707 0.001456351 0.0008512237 0.0005728177 0.0006317608 0.002938004 0.002729882 0.003016848 0.003370757 0.003767216 0.004110749 0.005306702 0.006926853 0.008668032 0.009144508 0.008930808 0.008665588 0.009387836 0.008994042 0.007907432 0.006878051 0.00580053 0.005593898 0.004919052 0.0042228 0.004291544 0.003600881 0.00301179 0.002561762 0.002347856
0.1172368 0.1427172 0.2344245 0.204281 0.1536525 0.1242259 0.1114774 0.1584969 0.1653164 0.1718533 0.1493585 0.167806 0.1733067 0.1544999 0.1731867 0.2447773 0.1857607 0.148018 0.1880703 0.2233765 0.1800175 0.1061934 0.09131523 0.0800539 0.04950135 0.02405916 0.009045073 0.001997823 0.001451963 0.001157783 0.001126086 0.003930204 0.003823064 0.003859255 0.004023716 0.004222158 0.004397731 0.005864963 0.007486749 0.009349378 0.01025907 0.01022066 0.009816464 0.01073514 0.01020152 0.009039889 0.007964561 0.006657058 0.00633466 0.005568265 0.004774552 0.004787027 0.004058715 0.003487539 0.003035658 0.002828516
0.1533705 0.1693514 0.1961984 0.2081068 0.1822758 0.1723886 0.1482485 0.1560443 0.1571889 0.1550302 0.1382488 0.158808 0.1651195 0.1557956 0.1731025 0.2969701 0.2813295 0.2211564 0.2232316 0.166687 0.1835224 0.1552909 0.122768 0.08628941 0.04425459 0.03034155 0.0199452 0.01297026 0.01050305 0.008965277 0.009266357 0.008537955 0.0093276 0.007921892 0.009211079 0.005819239 0.005824001 0.006386927 0.007807104 0.01111787 0.01244857 0.01263657 0.01207791 0.01114174 0.01030419 0.009187887 0.008189606 0.006970905 0.006439026 0.005659934 0.004901668 0.004740443 0.004039891 0.003537397 0.003373823 0.003408773
0.157866 0.1468993 0.1448192 0.1712908 0.1460194 0.142544 0.1387627 0.1820231 0.16014 0.1079965 0.09445385 0.1211217 0.1493576 0.1580329 0.1867867 0.2495993 0.2506224 0.2366306 0.2343812 0.2155735 0.1623182 0.1571409 0.1394309 0.08761769 0.0573676 0.03881818 0.02509209 0.01884719 0.01620358 0.01338144 0.01072643 0.01071109 0.009915255 0.008831942 0.008524042 0.006083549 0.006136387 0.005625268 0.007525135 0.01137323 0.01302162 0.01332664 0.01290513 0.01199195 0.01116366 0.01004811 0.009029315 0.007760748 0.007093721 0.007092367 0.005495979 0.005363576 0.004630391 0.004141191 0.003727179 0.003982483
0.1565624 0.1375739 0.1517564 0.1425577 0.1192004 0.1108967 0.1421809 0.1310459 0.171512 0.1100572 0.08135157 0.08907409 0.1038154 0.1179578 0.1453118 0.1947348 0.2258829 0.2204704 0.1947629 0.2185482 0.1732636 0.1415665 0.1190755 0.1039892 0.1127321 0.06413258 0.03563689 0.02792988 0.01873163 0.0164141 0.01835245 0.01508864 0.01546539 0.0124198 0.0109357 0.007239628 0.006475586 0.005912211 0.006976245 0.01127171 0.01298195 0.01349035 0.01320117 0.01233378 0.01159565 0.01047413 0.00944211 0.008170951 0.007444314 0.00658346 0.005847653 0.00574417 0.004998442 0.004560994 0.004142882 0.004341992
0.1319856 0.1198203 0.1274465 0.1117172 0.08854391 0.08923448 0.1141881 0.1196474 0.1186523 0.06553916 0.04663458 0.07436372 0.08490393 0.1062749 0.1312913 0.1766709 0.1644074 0.1991305 0.1629611 0.1456821 0.1551073 0.1373613 0.1127056 0.1115212 0.09874088 0.08355454 0.05699045 0.03659376 0.02902577 0.02289907 0.02226278 0.02142351 0.02059364 0.01698195 0.01507864 0.009008968 0.007326969 0.0062655 0.006414829 0.01111699 0.01293574 0.01354278 0.01336377 0.01254441 0.01172967 0.01064247 0.009700204 0.008457404 0.007705631 0.006908645 0.00622053 0.00611993 0.005491031 0.005095909 0.004727205 0.004947809
0.171636 0.125573 0.09577001 0.09393522 0.1188732 0.1111196 0.09178255 0.09266897 0.06051056 0.04402544 0.04556293 0.08055252 0.08525076 0.0960187 0.1040153 0.1311555 0.1217057 0.1342464 0.1611765 0.1195126 0.1027481 0.09073886 0.1387025 0.0999478 0.080947 0.08651559 0.07180651 0.0606482 0.05398636 0.05028168 0.04362764 0.04549764 0.04164116 0.03575423 0.03006942 0.01302005 0.009871886 0.007959668 0.007371291 0.01056718 0.01253314 0.01324987 0.01318312 0.01409866 0.01455274 0.0125496 0.01096841 0.01043373 0.009646707 0.008768191 0.007978785 0.007291209 0.01045928 0.006658068 0.007052145 0.009190544
0.1533119 0.1117778 0.09412581 0.1123414 0.1085537 0.08679081 0.05796822 0.06701298 0.05686088 0.05173425 0.03588707 0.06907257 0.06531347 0.07451278 0.08271251 0.1090278 0.09984387 0.09960523 0.1214989 0.09601359 0.07576486 0.07790326 0.1069281 0.107825 0.08813807 0.08955633 0.07767101 0.07460493 0.06970229 0.06986116 0.05454752 0.05642143 0.05093779 0.04379505 0.03645738 0.01513371 0.01110935 0.008400724 0.007732145 0.01098925 0.012804 0.01359305 0.01347359 0.0150372 0.0168307 0.01222968 0.01267165 0.01086191 0.01012058 0.009292806 0.008578383 0.007955285 0.0100156 0.007464009 0.006876159 0.01186898
