contrib/geomasonDemos/riftland/DataFiles/RainData/.svn/text-base/55.txt.svn-base
ncols         56
nrows         54
xllcorner     28.264
yllcorner     -5.7719999999999
cellsize      0.25
NODATA_value  -9999
[rows 25 to 49 of 54, columns 0 to 55 of 56]
0.1174836 0.1004624 0.1586672 0.09760181 0.1020676 0.06146727 0.05851445 0.0668681 0.0454829 0.03596915 0.05158146 0.06917355 0.07391918 0.05958342 0.0595896 0.07992502 0.08634067 0.07750409 0.08401795 0.07398486 0.06693714 0.07776412 0.1031708 0.1061868 0.1106197 0.1048389 0.09231425 0.08510738 0.09435254 0.0962066 0.06102392 0.06363478 0.06395784 0.06086387 0.04046224 0.0177984 0.01157721 0.008675647 0.007936905 0.01078128 0.01288534 0.01418977 0.01608422 0.01495236 0.01867823 0.02030117 0.02233776 0.01249639 0.01073753 0.01001561 0.009464652 0.0092627 0.008512035 0.01396 0.01293746 0.009701273
0.1187712 0.1021883 0.1086641 0.1059852 0.1212924 0.08130192 0.07158393 0.0592945 0.03800724 0.03251754 0.05050907 0.07384738 0.07488815 0.0559828 0.05797201 0.07518848 0.07173508 0.05986229 0.07776113 0.07485608 0.06543605 0.07107367 0.09275204 0.1096132 0.1141229 0.09763861 0.09277853 0.09823284 0.1167813 0.09568773 0.0750442 0.06690706 0.06841798 0.06626491 0.04289697 0.01830178 0.01199713 0.008740609 0.007985979 0.01088894 0.01304532 0.01391465 0.01401955 0.01440293 0.01631323 0.01662412 0.01413734 0.01352138 0.01163841 0.01107797 0.01075409 0.01356006 0.01380273 0.01027489 0.01642969 0.01181457
0.1064457 0.1247169 0.1064884 0.08318712 0.09655903 0.06984932 0.06489397 0.05471633 0.04483912 0.04608313 0.06047588 0.05079236 0.05426264 0.0386465 0.04566401 0.04175602 0.04240092 0.04179835 0.04960282 0.05834929 0.05942431 0.06491381 0.090545 0.1021217 0.1149203 0.1006714 0.1010542 0.1268126 0.143304 0.1201114 0.09894367 0.07839619 0.06834944 0.07172352 0.04588526 0.02245442 0.01572078 0.01095405 0.009986049 0.01175525 0.01324997 0.01392529 0.01399986 0.01388394 0.01459762 0.01471104 0.01261397 0.01133357 0.01089578 0.0106335 0.01072005 0.0120751 0.01653783 0.01406005 0.01409095 0.01558069
0.1421969 0.100967 0.07808057 0.07482503 0.08124451 0.06096857 0.0528256 0.04784606 0.04926473 0.05083423 0.03401297 0.0360172 0.03643639 0.03932673 0.04246695 0.05148302 0.04118867 0.02571847 0.02160787 0.04824021 0.03445218 0.0504178 0.08141831 0.1304183 0.1393166 0.1383996 0.1182316 0.1314266 0.1400881 0.1206751 0.09934372 0.08581987 0.07952029 0.06360593 0.04841641 0.02437375 0.01574743 0.01105536 0.01006148 0.01189744 0.01339577 0.01393484 0.01400483 0.01427546 0.01416541 0.01421309 0.01433095 0.01208361 0.01178355 0.01163108 0.01197762 0.01355999 0.02323371 0.0144586 0.01783052 0.01527497
0.1280436 0.1088466 0.09635635 0.06539886 0.05934537 0.0465262 0.05031754 0.03635374 0.04345445 0.03703748 0.02367982 0.02216225 0.02304617 0.02623668 0.03624591 0.03344633 0.03372541 0.02572498 0.02433596 0.03698278 0.0322223 0.03832003 0.07714615 0.1375441 0.1740361 0.1697453 0.1271349 0.1253182 0.1351449 0.126591 0.1006194 0.08844837 0.08557354 0.06512864 0.05459083 0.02637752 0.01689951 0.01178398 0.01488353 0.01178605 0.01330626 0.013911 0.01408783 0.01437534 0.01410361 0.01745491 0.0135888 0.01286294 0.01622904 0.01604896 0.01366528 0.01545047 0.01748272 0.0179006 0.01908248 0.01725164
0.1071636 0.08205869 0.07937422 0.04544331 0.0379122 0.02570149 0.02791703 0.03379369 0.03831361 0.03498195 0.02215601 0.02315971 0.02503662 0.02365724 0.02354001 0.03711841 0.03009406 0.02689018 0.02747308 0.03714928 0.03270801 0.03445219 0.05065368 0.08866798 0.1663254 0.1575416 0.1219988 0.1247917 0.1341165 0.1178583 0.09974547 0.08489847 0.08534354 0.06546199 0.05236216 0.02724393 0.024682 0.01298833 0.01858025 0.01377292 0.01372352 0.01431176 0.01459159 0.01495374 0.01477671 0.01465911 0.01498951 0.01453153 0.01497517 0.02215764 0.02321478 0.0236111 0.01883353 0.01973811 0.02055751 0.01912972
0.1239673 0.07379489 0.07561007 0.03383544 0.02801603 0.02752665 0.02591163 0.03029728 0.03397859 0.02362216 0.01856107 0.03083154 0.03015225 0.02762001 0.02695245 0.02211542 0.0517793 0.04492966 0.03131095 0.04484686 0.0363823 0.04596921 0.06445987 0.07114693 0.1118771 0.1323998 0.1218368 0.1004187 0.110588 0.1147565 0.0990374 0.09016787 0.06833907 0.06190737 0.04852299 0.03426823 0.0473402 0.01656951 0.01503022 0.01499849 0.0193634 0.01509472 0.01547207 0.01580738 0.01585263 0.01579693 0.0160992 0.01922414 0.02130751 0.02534951 0.04382941 0.03949137 0.02908263 0.02049261 0.02550414 0.03445742
0.1222655 0.08013928 0.04438392 0.0332135 0.02760899 0.02444824 0.02561506 0.0306387 0.02093815 0.0170615 0.01518213 0.01685419 0.0187682 0.01901439 0.01365816 0.02213732 0.03957595 0.03964134 0.04316836 0.03751704 0.03796878 0.04616822 0.06150493 0.06758075 0.09962496 0.1360665 0.1528788 0.1124598 0.1236341 0.1188331 0.09710215 0.07804886 0.06122588 0.05718326 0.03828926 0.0251957 0.01757681 0.01445228 0.01229939 0.01281293 0.01619014 0.01941053 0.01603227 0.01633531 0.02054681 0.01768839 0.01725928 0.01906137 0.02009241 0.02580849 0.0390521 0.06010519 0.06519628 0.03690541 0.02506464 0.04774333
0.09550206 0.07068833 0.04832284 0.03148016 0.02308662 0.02699991 0.02810379 0.02650071 0.0185563 0.01710186 0.01502625 0.01279816 0.01175772 0.0134774 0.01670692 0.04915189 0.09410749 0.07643437 0.0425136 0.03117583 0.03781626 0.04642619 0.06360079 0.08138603 0.1185897 0.1714802 0.1471474 0.1205427 0.1149316 0.1178991 0.09618998 0.06722898 0.06708939 0.04738941 0.03241703 0.02120407 0.01570513 0.0127016 0.01218966 0.01233596 0.01433714 0.01658955 0.01732121 0.0238548 0.02342925 0.02535271 0.01901786 0.02131279 0.02323314 0.02379676 0.02534392 0.02786981 0.03563696 0.04655744 0.04437051 0.04808627
0.0821301 0.0744609 0.04657017 0.0337298 0.02218509 0.02497796 0.02620888 0.01826585 0.01524274 0.01266902 0.0111389 0.0121104 0.01149131 0.01315804 0.0198952 0.03953935 0.07883409 0.08890858 0.05261761 0.0294944 0.03231353 0.03110861 0.04738832 0.07263619 0.08880685 0.1165842 0.1185223 0.1034999 0.09203232 0.08540353 0.07648176 0.0517533 0.0590046 0.03432629 0.02567405 0.01748159 0.01312596 0.01152092 0.009787866 0.01111255 0.01340688 0.01547467 0.01737747 0.02279344 0.0236211 0.02287569 0.02356956 0.02423838 0.02576083 0.02717575 0.02862199 0.02305275 0.02316771 0.02728232 0.03627617 0.04166723
0.07319592 0.05977859 0.04124854 0.0337545 0.03393491 0.02116561 0.01446807 0.013139 0.01008115 0.008537764 0.009278374 0.01174186 0.01164943 0.02047365 0.03165169 0.04504627 0.06675885 0.0815778 0.05473275 0.03112026 0.01190422 0.01909791 0.0337999 0.06095422 0.07111746 0.09274693 0.1093645 0.09020942 0.06492674 0.05063725 0.04644553 0.02722486 0.02167272 0.01806925 0.01393855 0.01161564 0.008847681 0.00703148 0.006807216 0.007803321 0.01047695 0.01285297 0.01527599 0.02322193 0.0268105 0.03117784 0.02920467 0.03289123 0.03749162 0.03937005 0.04153989 0.04592178 0.04619031 0.04518498 0.04438043 0.04429419
0.05076129 0.03872424 0.0257339 0.02419503 0.02187167 0.01183485 0.01065687 0.009844911 0.008246622 0.008267756 0.008640379 0.01078014 0.01146215 0.01611744 0.03996896 0.06560715 0.05480985 0.05731031 0.03729314 0.0183596 0.008049243 0.007686344 0.009002319 0.03994389 0.06049102 0.0935263 0.0784331 0.07504007 0.05430954 0.04118876 0.03271494 0.02170992 0.01518468 0.0132034 0.01104455 0.008795777 0.006709614 0.005344761 0.005419536 0.006968899 0.009848277 0.01271723 0.01585217 0.02172299 0.02575334 0.02867276 0.03489497 0.04092712 0.04210741 0.04554366 0.04731555 0.0432022 0.04852838 0.04934874 0.04603041 0.05457607
0.03313684 0.02345878 0.009217376 0.01019163 0.01025679 0.008269619 0.006677612 0.008117488 0.008294886 0.007960281 0.00828517 0.009971066 0.009822686 0.01197246 0.02857903 0.05798952 0.06240281 0.06151113 0.01270357 0.00656858 0.004758115 0.009938081 0.01934179 0.02959444 0.05835361 0.09276378 0.07898486 0.05600656 0.05492707 0.03802828 0.03005801 0.01870117 0.011084 0.008560454 0.007561265 0.00640402 0.0048494 0.004124417 0.004627302 0.006571691 0.009613684 0.01291444 0.0166836 0.02333077 0.02667373 0.03031745 0.03445388 0.04786999 0.04858903 0.048069 0.05136117 0.04574182 0.05223121 0.05566581 0.0535032 0.00532258
0.02817167 0.01181093 0.004848611 0.007716836 0.007059723 0.006548423 0.005440414 0.007740182 0.00743191 0.006807839 0.006529249 0.008572554 0.008418838 0.009888344 0.02246683 0.0360634 0.05494272 0.05135615 0.02477331 0.004434007 0.00124706 0.01392548 0.01817699 0.04454915 0.06179714 0.06297375 0.04341452 0.02991127 0.03281798 0.02431467 0.02029998 0.01370497 0.008878263 0.00774263 0.006140308 0.005192377 0.00363561 0.003395195 0.004217101 0.006459764 0.009653533 0.01332151 0.01765604 0.02501846 0.02896391 0.03261991 0.03668948 0.04520518 0.05210868 0.0526474 0.0540648 0.05016618 0.0535835 0.0563587 0.03404506 0.01181452
0.03552089 0.02286756 0.004398303 0.003908402 0.001227726 0.0009474523 0.0009171147 0.004965065 0.005228378 0.004740745 0.004641448 0.006723142 0.006874631 0.007681678 0.01715099 0.01696039 0.02720384 0.03227141 0.01269335 0.005768269 0.0009656037 0.00137176 0.005061564 0.03172116 0.04018125 0.03504061 0.01997913 0.01445049 0.008733743 0.009626308 0.008355442 0.008412789 0.006903549 0.006941714 0.004661984 0.003487667 0.001937865 0.001532272 0.00243196 0.005994787 0.009280103 0.01310777 0.017593 0.02904354 0.03466661 0.03982148 0.04492614 0.04592326 0.05516763 0.06342672 0.06675556 0.06754263 0.0689691 0.04640108 0.04885084 0.01854838
0.02032172 0.01131496 0.005068515 0.001185124 0.001116958 0.0007661199 0.0007686379 0.004558393 0.006145587 0.00428735 0.004172641 0.005854127 0.005688225 0.006461427 0.01294867 0.01337964 0.02063304 0.008496904 0.002764415 0.002551211 0.0006402897 0.0009697807 0.001830155 0.01403327 0.02262168 0.02323943 0.0130514 0.007910048 0.007586365 0.006471208 0.005392958 0.005314925 0.005390135 0.003703565 0.002129567 0.001284489 0.001381023 0.001105353 0.002370447 0.005970301 0.01026343 0.01355407 0.01854119 0.0311328 0.03745011 0.04481962 0.04829606 0.04874822 0.05694034 0.06050057 0.06192823 0.07144521 0.04878819 0.04757769 0.04705964 0.01334677
0.02391745 0.005571126 0.0009927875 0.0006291689 0.0009699746 0.0006003112 0.0006260439 0.003550064 0.003685987 0.003697597 0.003591747 0.005024791 0.006869037 0.004506408 0.01431301 0.004248219 0.005484977 0.002971047 0.00111501 0.001127684 0.001127159 0.0005150416 0.002302087 0.007884284 0.01850752 0.01167107 0.007558798 0.004007359 0.005453871 0.004757776 0.004789434 0.003989265 0.003094793 0.002922572 0.001421855 0.0008491956 0.001163763 0.0009917532 0.002813897 0.00628282 0.0128451 0.01419203 0.0194082 0.03261595 0.03929123 0.04494127 0.04989954 0.05227419 0.05613646 0.06444067 0.06248285 0.04729926 0.04863106 0.04843311 0.04989104 0.004274193
0.01843749 0.005191966 0.001129974 0.0007039806 0.0005138455 0.0004660858 0.0004911883 0.002814074 0.002952007 0.002970185 0.002898934 0.004055737 0.003956317 0.004694807 0.003964546 0.002858597 0.002215994 0.0009836026 0.001265641 0.0004209281 0.001196935 0.001048175 0.002217166 0.002551946 0.002307674 0.001943038 0.002860859 0.003111724 0.003262018 0.01216468 0.02733582 0.003006157 0.002853972 0.00231804 0.001129485 0.007904322 0.02119587 0.00179777 0.003071157 0.006949296 0.01389252 0.0151038 0.0202639 0.03361592 0.04077175 0.04570344 0.05541878 0.05646248 0.06194498 0.07151584 0.06675092 0.05074366 0.05232669 0.04931962 0.0483452 0.009596772
0.02988923 0.01214561 0.003087264 0.001469517 0.000873358 0.0009537984 0.0009544097 0.001524095 0.001624612 0.001653272 0.001624433 0.001842591 0.001818544 0.001669819 0.002029741 0.006392705 0.003609875 0.0004233741 0.0003683769 0.0006057625 0.0002174674 0.0008772904 0.0005266852 0.001459402 0.001469398 0.001431151 0.001521146 0.001647934 0.00214334 0.01140345 0.01360194 0.004628575 0.003968454 0.002162569 0.001231833 0.01237958 0.1919007 0.004578858 0.004453639 0.008096001 0.01403879 0.01616934 0.02199901 0.03542686 0.04386351 0.04818559 0.05763195 0.05811953 0.0684699 0.08113346 0.05720504 0.01717742 0.02064516 0.008306451 0.01104839 0.01141129
0.01785082 0.01099826 0.00402723 0.001790092 0.001801134 0.001762403 0.0005537948 0.001017336 0.001027902 0.001072567 0.001073911 0.001243701 0.005683328 0.004979772 0.005212618 0.007678088 0.003325123 0.0002911461 0.0002521676 0.0001807424 0.00029782 0.0001607998 0.0003790315 0.000831772 0.0009749328 0.0005203778 0.001024706 0.002013454 0.001615438 0.003633178 0.003523992 0.003404134 0.002942279 0.0009670741 0.001505406 0.002646173 0.002098111 0.003919055 0.005395654 0.008874714 0.01237178 0.01815378 0.02290178 0.03636742 0.04458461 0.04887725 0.05430012 0.06049006 0.06803732 0.05480025 0.05663747 0.01846774 0.0171371 0.00733871 0.01040322 0.01427419
0.01942242 0.0133273 0.003798564 0.00325726 0.003252531 0.00124392 0.0003940957 0.0005513092 0.0006389737 0.0006821227 0.0006978175 0.0008262923 0.003326253 0.006082708 0.006081101 0.006797128 0.002624581 0.0001990197 0.0001712022 0.0001217521 9.722087e-005 0.0001021217 0.0001355335 7.534742e-005 8.967026e-005 0.000102943 0.00048973 0.0008266286 0.0009069672 0.002115275 0.002488531 0.001502446 0.0007691407 0.002753962 0.003012328 0.005429073 0.003657287 0.004664742 0.006973324 0.01058399 0.01423092 0.01937575 0.02460761 0.03866952 0.04626964 0.05246117 0.05334425 0.06301938 0.08219455 0.06966194 0.05381889 0.02217742 0.01766129 0.007822581 0.009919354 0.01157258
0.007745591 0.00662378 0.001289172 0.001300926 0.001299912 0.0004577863 0.0002505975 0.0005700568 0.001186241 0.0004973517 0.0005074469 0.001487284 0.005532064 0.005868212 0.005861444 0.006733122 0.000672301 0.0001458596 0.000125637 8.952341e-005 7.180053e-005 0.0003737761 0.0001015316 5.728202e-005 6.846761e-005 7.969639e-005 0.0005441941 9.951713e-005 0.0002545087 0.001222991 0.002109299 0.003108568 0.0005566144 0.002340546 0.003526744 0.003736153 0.004181685 0.006111967 0.008786179 0.01322381 0.01744056 0.02205579 0.02692133 0.04102977 0.0471602 0.05310623 0.05375267 0.06746562 0.04772574 0.0602447 0.05453828 0.02790322 0.02100806 0.007016129 0.009677419 0.007782258
0.002892556 0.002508672 0.002083841 0.0009050547 0.0002126534 7.760181e-005 9.320438e-005 0.0001444139 0.0002016949 0.0006416436 0.0002040535 0.0005085389 0.00517547 0.006189443 0.005849353 0.008252257 0.001374648 3.248531e-005 2.80173e-005 2.662185e-005 2.142736e-005 2.309478e-005 3.176558e-005 2.380734e-005 0.0003027832 3.495462e-005 6.537006e-005 7.416511e-005 8.454314e-005 0.001466959 0.0006194086 0.004967524 0.0003364444 0.001249673 0.003024063 0.004667711 0.006165817 0.008617084 0.01226937 0.01976753 0.02621203 0.03053102 0.03583063 0.04079152 0.04598261 0.05036793 0.054119 0.01762097 0.03435484 0.04528226 0.03383064 0.02455645 0.02620968 0.007903226 0.01770161 0.006290323
0.001183167 0.0009692533 0.0005019068 0.0006115598 3.155174e-005 3.359734e-005 3.795044e-005 1.911566e-005 2.115048e-005 2.274001e-005 2.380134e-005 0.00075664 0.001043368 0.003261409 0.00373617 0.004310655 0.001666633 1.353621e-005 1.174883e-005 1.139752e-005 0.00092383 1.096531e-005 1.595375e-005 0.0002797654 1.525365e-005 2.051696e-005 2.794841e-005 5.312871e-005 6.405836e-005 0.0003058664 0.0001049831 0.002232661 0.001145744 0.002766432 0.004255144 0.006414099 0.008197002 0.01106624 0.01524059 0.02355013 0.02926069 0.03432428 0.04049917 0.04510321 0.04857827 0.05016959 0.06786051 0.03008065 0.02616935 0.02653226 0.02048387 0.03129032 0.03068548 0.01798387 0.0166129 0.007056451
0.0002185431 0.0001927295 0.0009879346 1.455342e-005 1.500136e-005 2.487177e-005 3.410242e-005 3.57065e-006 3.176656e-006 0.0001491018 4.059624e-006 0.0001145129 6.033602e-005 0.00125237 0.004350901 0.002989733 0.001532991 3.500417e-006 9.360217e-005 0.0002718562 2.996999e-006 4.229013e-006 7.070475e-006 5.860005e-006 7.497526e-006 0.0001582858 1.855793e-005 0.0001236283 4.845604e-005 0.0003192365 0.0001015201 0.0002995074 0.002315691 0.003856788 0.005458969 0.007882647 0.009932526 0.01302496 0.01736748 0.03472502 0.05523112 0.03836913 0.04227294 0.04620679 0.05640752 0.05399015 0.06095103 0.01737903 0.01435484 0.0291129 0.01991935 0.03459677 0.02991935 0.03225807 0.01931452 0.01157258
