contrib/geomasonDemos/riftland/DataFiles/RainData/.svn/text-base/56.txt.svn-base
ncols         56
nrows         54
xllcorner     28.264
yllcorner     -5.7719999999999
cellsize      0.25
NODATA_value  -9999
[rows 0 to 25 of 54, columns 0 to 55 of 56]
0.1452216 0.1347994 0.1601509 0.1988397 0.2091786 0.1890044 0.2146173 0.2413609 0.1479554 0.1213683 0.1293443 0.1857064 0.2114292 0.1597014 0.1596026 0.2195409 0.2385638 0.3631886 0.3120503 0.2331211 0.2568609 0.2436154 0.323658 0.2593965 0.2559772 0.2322658 0.2373042 0.3187625 0.3253753 0.307712 0.3113754 0.2704131 0.2898056 0.2869153 0.2468386 0.2575275 0.238038 0.2224642 0.2297509 0.2226545 0.1913922 0.1820546 0.1742273 0.2104216 0.2220813 0.2395819 0.2163755 0.1496901 0.08657695 0.07034835 0.0505205 0.03342829 0.03181045 0.03261994 0.03451593 0.004404035
0.1854012 0.1718917 0.2333903 0.2356441 0.213149 0.2203267 0.2623611 0.307737 0.2079391 0.151608 0.1774964 0.202647 0.2251937 0.1624291 0.1714481 0.1930248 0.1893142 0.3781848 0.297237 0.2811919 0.2397965 0.1934491 0.2150898 0.2648008 0.229488 0.2798236 0.2583918 0.3189695 0.2632803 0.2305568 0.2182257 0.2196104 0.2425142 0.235332 0.2172717 0.2384408 0.2156285 0.2497755 0.2199679 0.2225542 0.2247911 0.1853162 0.1997921 0.1938935 0.1966168 0.1481701 0.1254862 0.09049629 0.076807 0.06688951 0.04912163 0.03217001 0.03158017 0.03392169 0.03294128 0.00406295
0.2349697 0.2142751 0.2146298 0.2222095 0.178586 0.2040097 0.2337956 0.2673461 0.2211441 0.2111599 0.1935748 0.2273865 0.2009362 0.159303 0.1388373 0.1571989 0.1814157 0.2615687 0.2959827 0.2893716 0.292279 0.1993839 0.2342879 0.2389129 0.2429896 0.2324648 0.2548963 0.2529534 0.2376952 0.2166411 0.2007968 0.2141831 0.213069 0.2211377 0.2349494 0.2344324 0.2303745 0.2492904 0.2194474 0.229369 0.2260244 0.190987 0.2055469 0.2288492 0.1986906 0.160395 0.1163043 0.09025046 0.06517297 0.04957744 0.04555492 0.02800037 0.02679221 0.02729043 0.02837044 0.006809052
0.2130685 0.1911545 0.1845231 0.2197546 0.2004383 0.190001 0.2074637 0.2895984 0.2189781 0.1831055 0.1883245 0.192524 0.1480602 0.1231736 0.08879405 0.1173792 0.1641476 0.1732979 0.2162576 0.4523689 0.2917429 0.2609644 0.1886982 0.2543557 0.3076768 0.2644022 0.21476 0.2153733 0.1780466 0.1781637 0.18952 0.1878577 0.194006 0.1836131 0.2277623 0.2346804 0.2257416 0.1982564 0.1472812 0.1441103 0.1521547 0.1725213 0.2114088 0.2402222 0.1862511 0.1270037 0.1147499 0.0622246 0.04406786 0.03708693 0.03696081 0.0254717 0.02545026 0.02569778 0.02602952 0.004097864
0.1803522 0.2273664 0.2543708 0.2852354 0.2358553 0.1680231 0.2225998 0.3255048 0.3057697 0.2688049 0.2098146 0.2170581 0.2115252 0.1380239 0.118904 0.1664882 0.1626359 0.2010076 0.2750762 0.4704702 0.3406349 0.227253 0.2081348 0.252899 0.2814963 0.2438741 0.2552273 0.2234381 0.1620815 0.1206488 0.1620092 0.1745047 0.1890336 0.1851484 0.1971065 0.2368429 0.1574713 0.1101924 0.08712171 0.1065893 0.1276247 0.1441884 0.1330967 0.1395813 0.1000607 0.06086533 0.06027986 0.04277051 0.04177308 0.03351104 0.03323307 0.02289061 0.02260605 0.02247256 0.02215112 0.003429887
0.1926934 0.2441254 0.2918526 0.345826 0.310864 0.250577 0.2528442 0.3191866 0.2740181 0.2510557 0.2346359 0.2389884 0.2250455 0.1668328 0.1141551 0.1342498 0.1137496 0.2296849 0.2701587 0.3921159 0.3908533 0.332916 0.2402074 0.2314941 0.2226666 0.2516796 0.2433232 0.2279862 0.1574611 0.1317907 0.1495203 0.1630784 0.1559969 0.1479845 0.1494714 0.1296059 0.121737 0.07238916 0.05934883 0.09237599 0.1178017 0.1330592 0.0961446 0.06331538 0.05216362 0.04956777 0.05255055 0.03505387 0.03217496 0.03172716 0.02893138 0.01974015 0.019486 0.01909448 0.01846857 0.00282528
0.1579034 0.1307498 0.2047056 0.2729182 0.2610842 0.242694 0.2061674 0.2224418 0.2495174 0.2570298 0.1989358 0.1838761 0.1781777 0.1870694 0.1582807 0.124908 0.1305281 0.2064302 0.2241861 0.390054 0.3533502 0.4307806 0.2811781 0.2352034 0.1693727 0.2128387 0.1543708 0.1619163 0.1474667 0.1271289 0.1210733 0.114976 0.1062149 0.1436594 0.09121966 0.05985066 0.05349521 0.03726158 0.04832586 0.06703541 0.07036182 0.08102941 0.06799114 0.048638 0.04167972 0.0405579 0.03971833 0.02827729 0.02526981 0.02429702 0.0238026 0.01629042 0.01599536 0.01553851 0.01500088 0.00230345
0.1976168 0.1511469 0.1825621 0.2572387 0.3289361 0.2190525 0.2400728 0.2852157 0.2378098 0.2387788 0.2227671 0.1847491 0.1455123 0.1769101 0.1908427 0.1742856 0.1866651 0.206 0.2002707 0.2252594 0.2266853 0.2207636 0.2049199 0.2602331 0.1675317 0.1099235 0.09260228 0.07817802 0.04883898 0.06566694 0.08614431 0.07001088 0.09299075 0.09290005 0.05549924 0.03591674 0.01427693 0.01791211 0.04449025 0.03473226 0.04430917 0.04189232 0.03496402 0.01437891 0.01325965 0.01239436 0.01840468 0.01292912 0.01233336 0.01190241 0.01160143 0.00211874 0.002068289 0.002835116 0.004630654 0.005066922
0.197509 0.1435395 0.1634263 0.2555384 0.2777796 0.2004012 0.2108212 0.3007588 0.2362752 0.1897345 0.2359618 0.1952677 0.1861692 0.1791077 0.1760782 0.2134749 0.1804711 0.2125788 0.1854721 0.2069397 0.2683701 0.2201564 0.2134149 0.2947914 0.1838271 0.1049764 0.06170873 0.0499084 0.03920389 0.04507642 0.04173941 0.03690063 0.04246237 0.04249668 0.02676134 0.02162253 0.01712114 0.01703399 0.02553364 0.02325499 0.02247705 0.02055178 0.02186517 0.01572511 0.008972863 0.008489762 0.008300412 0.009220979 0.009050969 0.008776309 0.008429113 0.002525084 0.01077221 0.008704595 0.01010195 0.0107958
0.2381511 0.165728 0.1883545 0.3787128 0.2632927 0.1746139 0.1640448 0.236305 0.2428086 0.2389479 0.2378984 0.2189322 0.2038713 0.1943399 0.1808348 0.1700832 0.1640649 0.2071104 0.1582426 0.2524922 0.2247794 0.2296591 0.1522167 0.1595058 0.1133966 0.0938803 0.06337278 0.04064991 0.03165326 0.01978455 0.01638034 0.017422 0.01689387 0.02196361 0.01472921 0.005080997 0.007058355 0.01169682 0.004683507 0.01580329 0.01567182 0.0150839 0.01360343 0.007392218 0.00615297 0.005833663 0.005836711 0.009424089 0.006653083 0.006468793 0.006809546 0.007022261 0.01109144 0.01282373 0.01402154 0.01485215
0.2093281 0.1621388 0.1938756 0.2874514 0.2790031 0.2840592 0.2443431 0.261232 0.2693829 0.2375681 0.2002065 0.1480311 0.1503941 0.1603631 0.1532718 0.134828 0.1474535 0.1741569 0.1415462 0.1707354 0.1508322 0.1234691 0.09967502 0.1123595 0.1139252 0.08978069 0.06018242 0.04731218 0.04110405 0.02546516 0.01009108 0.01042735 0.01171249 0.008045816 0.009346171 0.005219076 0.00453531 0.005157278 0.007838351 0.009457408 0.01186779 0.01242946 0.01014563 0.005403476 0.004985396 0.005644152 0.004676562 0.01956398 0.0108449 0.005064571 0.007622916 0.009548846 0.01324189 0.01495425 0.01610585 0.01695892
0.1813644 0.2207014 0.230952 0.239142 0.2857333 0.3281258 0.3232021 0.3006319 0.310476 0.2674418 0.1977823 0.1829748 0.1679347 0.1569847 0.1504192 0.1700925 0.1680675 0.1716379 0.1581224 0.1830274 0.1958986 0.1723584 0.1188423 0.09672657 0.07474169 0.07644868 0.06035614 0.03892319 0.01379041 0.003410868 0.001257584 0.004220624 0.004601973 0.006584382 0.006183689 0.004366819 0.005167339 0.004390907 0.002903922 0.006429785 0.008154099 0.007012913 0.006397323 0.00451803 0.01063098 0.004546673 0.004856308 0.01092938 0.004629537 0.005024803 0.006896995 0.008845188 0.01110144 0.01213808 0.01279275 0.01294544
0.1643472 0.2387063 0.2442726 0.2528956 0.2499903 0.3184412 0.2639091 0.2483189 0.2180227 0.2236805 0.2167731 0.1966079 0.2108092 0.1738016 0.2186431 0.2399637 0.2277846 0.221655 0.1972761 0.1835793 0.1996239 0.1872324 0.1383817 0.07105805 0.06265294 0.05662928 0.03752562 0.02871267 0.00791279 0.003046909 0.001503069 0.002041027 0.002303331 0.003527071 0.002946738 0.0008984778 0.0009142516 0.002571674 0.005079022 0.005322268 0.0055108 0.004500178 0.004024715 0.002781278 0.002953731 0.002218909 0.003164663 0.002657918 0.002607658 0.003970557 0.005554684 0.008572021 0.0104643 0.01139718 0.01200747 0.01234171
0.1376758 0.1513046 0.1441046 0.1869978 0.2114026 0.2556101 0.2299092 0.2191067 0.2227677 0.2325836 0.211289 0.2217958 0.2005641 0.1996078 0.2444604 0.3181705 0.2957657 0.2245491 0.2202287 0.2151946 0.2330771 0.237845 0.1529014 0.1152132 0.0829827 0.0644144 0.04233365 0.01097162 0.00459775 0.002692472 0.005385374 0.005482153 0.001017981 0.001178324 0.001365628 0.0008161222 0.0008005433 0.0008311194 0.004503454 0.003440342 0.003332887 0.003080567 0.002847697 0.001788707 0.001472702 0.001324194 0.00124649 0.001499146 0.002234764 0.003305293 0.004577979 0.007976008 0.009646461 0.01055033 0.01097329 0.01132669
0.2390798 0.2414836 0.1957393 0.2217777 0.2652872 0.2293458 0.2359109 0.2983629 0.310571 0.2624004 0.2294361 0.2222711 0.2047053 0.2199254 0.2578607 0.3031008 0.3005089 0.2981996 0.3126996 0.2748907 0.1856603 0.169025 0.177279 0.1432778 0.06546009 0.0410256 0.02810741 0.009876924 0.002164312 0.003703805 0.005992826 0.00616952 0.001034281 0.001191177 0.001388004 0.0007308568 0.0008191664 0.0008494748 0.000812616 0.003356223 0.003163825 0.002876048 0.002478898 0.001621412 0.001298507 0.001110771 0.001055058 0.001549894 0.002349367 0.003098703 0.004108861 0.007114802 0.008471117 0.009156235 0.0107372 0.009774964
0.2715835 0.2717983 0.2488129 0.2998999 0.3012615 0.3168539 0.2946793 0.3385708 0.3254819 0.2876447 0.2740929 0.2592282 0.286251 0.2797055 0.2582372 0.3002661 0.3136319 0.3049676 0.3053551 0.2856475 0.2254246 0.2103015 0.1354965 0.09353095 0.06252655 0.0256018 0.01666623 0.002652351 0.001155832 0.0003787373 0.00245919 0.001743144 0.00175593 0.002009858 0.002363344 0.003017675 0.003403812 0.003496787 0.003263344 0.003625828 0.003390477 0.002964413 0.002515863 0.00116519 0.000908521 0.0007501866 0.001112109 0.001881902 0.002544296 0.003257055 0.00424167 0.006248876 0.007360159 0.007931579 0.008093883 0.01011076
0.2174543 0.2214878 0.2160304 0.2797314 0.25926 0.2992426 0.3166551 0.4052947 0.4006982 0.3152635 0.2852141 0.2949401 0.2941411 0.2979399 0.3001707 0.3061596 0.307722 0.314646 0.2973838 0.2922124 0.2299725 0.2140846 0.1523044 0.1240874 0.07458404 0.03975152 0.02043676 0.004892529 0.001275605 0.001015671 0.001037598 0.001682054 0.001781143 0.002028353 0.002410181 0.003090512 0.003494857 0.003559049 0.003254926 0.003532557 0.003319733 0.002727719 0.002712469 0.001943621 0.001645536 0.001442126 0.00164564 0.002041449 0.002454621 0.002958442 0.003748504 0.005549017 0.006275851 0.006593308 0.006626727 0.007560097
0.2299156 0.2258607 0.2493007 0.2645927 0.2964811 0.3611907 0.2546478 0.3466389 0.3087718 0.3033632 0.2811842 0.2704504 0.2487294 0.2695035 0.3275268 0.3798215 0.3487767 0.3081299 0.2848611 0.2856931 0.2435451 0.205591 0.1692487 0.1353793 0.07658821 0.03178521 0.01936452 0.003719185 0.001852131 0.0009649451 0.0009037457 0.002946506 0.002737944 0.002780668 0.003051313 0.003650042 0.003951728 0.003934371 0.003587999 0.003888165 0.003771696 0.01335456 0.004585264 0.004200576 0.00379517 0.003523519 0.003492277 0.003242196 0.003509992 0.003731761 0.004262926 0.006022959 0.006274628 0.00633578 0.006168838 0.005970329
0.2483939 0.250129 0.2544384 0.3022729 0.294475 0.3214329 0.2967047 0.3950047 0.2748677 0.2734064 0.2764366 0.2865071 0.2873564 0.269347 0.3145912 0.3279494 0.3224589 0.3115538 0.2652478 0.2878672 0.276301 0.2197096 0.1552019 0.121584 0.06506034 0.05183643 0.03554991 0.004338599 0.002850619 0.001964647 0.001749799 0.005308183 0.004563307 0.004215605 0.004258475 0.004681568 0.004739319 0.004590787 0.004245415 0.007255276 0.005937698 0.01296091 0.006682261 0.006554411 0.006079899 0.005650657 0.005520864 0.004673472 0.004728002 0.004720393 0.004900929 0.006428338 0.006512207 0.006180816 0.005904136 0.005707999
0.2546666 0.2211038 0.2589971 0.3230304 0.3017587 0.2772299 0.2699027 0.2178906 0.2340474 0.2600133 0.2551788 0.3146775 0.264001 0.2867368 0.3025117 0.3247284 0.3512084 0.3588648 0.3042669 0.2910517 0.3051167 0.2612404 0.1843529 0.1373437 0.09864391 0.0846623 0.05205183 0.02409847 0.01686872 0.01293792 0.01140025 0.0105871 0.01078752 0.007999656 0.007586157 0.005869091 0.00569538 0.005424604 0.00505203 0.00759043 0.008615736 0.009688293 0.008802203 0.007400333 0.006572976 0.005887071 0.005513076 0.005454577 0.005521519 0.006046087 0.005874464 0.007238786 0.006712899 0.00457799 0.00380224 0.004677345
0.2469098 0.1973257 0.2787445 0.3173337 0.3168974 0.3155067 0.2424119 0.231004 0.2490312 0.2508343 0.2245523 0.2716531 0.2659677 0.2904921 0.2664755 0.2957857 0.3471331 0.403476 0.4232411 0.3946462 0.4227205 0.3294264 0.2834111 0.1731103 0.1196853 0.08243323 0.04729271 0.02804119 0.02095119 0.01692819 0.01482191 0.0136793 0.01123875 0.009747076 0.009217158 0.006914241 0.006484444 0.006094079 0.005708558 0.009156088 0.01014933 0.0104852 0.009963437 0.008245819 0.00722236 0.006352803 0.005797414 0.004728828 0.004074095 0.003708442 0.003410388 0.003859903 0.003493242 0.007579904 0.003048607 0.0105633
0.1747593 0.1946787 0.3130812 0.3067949 0.3212362 0.2829732 0.2195515 0.2212174 0.2379236 0.222729 0.218973 0.2435896 0.2140088 0.2337571 0.2352137 0.2699577 0.3249008 0.3770772 0.4261243 0.418519 0.4207247 0.3444969 0.2587936 0.2093421 0.1386903 0.08603527 0.07314325 0.05233812 0.02766064 0.02370884 0.02090493 0.019656 0.01644353 0.01406405 0.01257158 0.008715997 0.007507495 0.006685424 0.00625748 0.01008884 0.01096157 0.01115995 0.01049401 0.008539524 0.007851548 0.006380212 0.005725376 0.004201722 0.003761381 0.003326706 0.002986774 0.003263736 0.004223105 0.00320627 0.002399534 0.02296367
0.1295489 0.2037325 0.3224799 0.3068608 0.282122 0.2323468 0.2049043 0.2243332 0.2004388 0.1524228 0.1515016 0.1778173 0.1935672 0.2471493 0.2321181 0.2939008 0.3184321 0.2878954 0.2731034 0.3238153 0.3687864 0.4097178 0.3386409 0.2469625 0.195879 0.112972 0.1120473 0.07460567 0.0437988 0.03314812 0.02959707 0.02835524 0.02428654 0.02065868 0.01752883 0.01123797 0.008711695 0.007213654 0.006758288 0.01078176 0.01161365 0.01178098 0.01106668 0.01043341 0.008255853 0.006706522 0.006007698 0.004349768 0.00381556 0.003374103 0.002999245 0.003208864 0.002765294 0.00251534 0.002214189 0.01573145
0.1315322 0.2001844 0.2483723 0.2663528 0.2490505 0.2367922 0.2053246 0.2119068 0.1386553 0.1135077 0.1331641 0.1822062 0.2020381 0.2828212 0.2512148 0.2536108 0.242476 0.2070794 0.1954526 0.2183369 0.2505549 0.2727885 0.272564 0.2548364 0.2278768 0.185129 0.1453465 0.1153266 0.1007186 0.08849757 0.08029895 0.06922198 0.05696322 0.04810666 0.03955892 0.01598193 0.01152789 0.008910765 0.008240037 0.01098158 0.0142826 0.01191876 0.01195529 0.01577699 0.01484787 0.009253254 0.007077642 0.008612739 0.008584331 0.005289912 0.004871995 0.004327056 0.003669911 0.00330419 0.005485441 0.003561926
0.1531949 0.1742325 0.1736095 0.2242953 0.1898966 0.2230846 0.1781661 0.1458993 0.1057793 0.1113028 0.1264297 0.1790316 0.2329689 0.2350644 0.1975044 0.2048918 0.191664 0.1528948 0.1464822 0.1832103 0.2347863 0.2709838 0.2613571 0.2545113 0.2338071 0.2053906 0.1658898 0.1271491 0.1315172 0.1132378 0.09915046 0.08492803 0.07086161 0.06191334 0.05242164 0.02134084 0.01291736 0.009513668 0.008770285 0.01153345 0.01334007 0.01262382 0.01275118 0.01019786 0.009149275 0.009534906 0.007361284 0.006813805 0.006100822 0.005473313 0.01118938 0.005877619 0.004292999 0.004191185 0.005875347 0.003759114
0.1971942 0.1881999 0.1727906 0.1968228 0.1718477 0.1791505 0.1838568 0.1617162 0.1318361 0.1034268 0.1406911 0.1902445 0.1983652 0.2090826 0.1610988 0.1621736 0.1588231 0.1266385 0.1308736 0.140083 0.1714161 0.1967707 0.2060196 0.2273677 0.2596652 0.2446557 0.1976635 0.1670092 0.1609688 0.145025 0.1178761 0.09526261 0.08902067 0.07256555 0.06110203 0.02483014 0.01381432 0.01000029 0.009330965 0.01241506 0.01312935 0.0132643 0.013333 0.01047311 0.009568954 0.009143073 0.02826182 0.01164012 0.009785189 0.01171359 0.01236286 0.006552984 0.004345776 0.006691837 0.01712842 0.005534178
