contrib/geomasonDemos/riftland/DataFiles/RainData/.svn/text-base/56.txt.svn-base
ncols         56
nrows         54
xllcorner     28.264
yllcorner     -5.7719999999999
cellsize      0.25
NODATA_value  -9999
[rows 26 to 51 of 54, columns 0 to 55 of 56]
0.1927277 0.1500811 0.1439075 0.1637819 0.169192 0.1884534 0.229937 0.1694903 0.1241557 0.1215261 0.1626263 0.1888331 0.1615542 0.167961 0.1750169 0.1627675 0.1537071 0.1697808 0.1375875 0.1560531 0.1557015 0.1540803 0.159238 0.2081181 0.2413757 0.2484062 0.2102178 0.1886643 0.20683 0.1843344 0.1548405 0.1094742 0.1046306 0.1079447 0.07308139 0.02989486 0.01686764 0.01034683 0.0103169 0.01356893 0.01425782 0.01442078 0.01502799 0.01525516 0.01442673 0.01004339 0.01596684 0.0110508 0.01148377 0.01131596 0.007979612 0.02085762 0.01331868 0.009041066 0.01365199 0.006379564
0.2688143 0.2433978 0.1911047 0.15464 0.1858791 0.1679909 0.1638941 0.1517209 0.1479362 0.1661251 0.2017265 0.1401703 0.1216558 0.1583473 0.1485045 0.1203587 0.1241045 0.1407178 0.1219277 0.1611221 0.1751958 0.1870961 0.1710522 0.1801579 0.1931406 0.2070186 0.1936592 0.2300972 0.226301 0.1728066 0.151606 0.1185881 0.1045443 0.08927532 0.06808755 0.03029067 0.01860538 0.01366393 0.01362349 0.01624616 0.01652696 0.01760151 0.01744534 0.02165999 0.0183002 0.01836561 0.01374491 0.01117416 0.01132956 0.00917057 0.007314398 0.01050095 0.02787773 0.02866544 0.0242844 0.01175632
0.3295575 0.2780526 0.228143 0.1937896 0.1695896 0.1559113 0.1275965 0.120136 0.1203413 0.1525697 0.1582583 0.1058066 0.113224 0.09937821 0.107084 0.1053641 0.09248389 0.1159809 0.1048519 0.1384481 0.1342807 0.1454225 0.1625549 0.182984 0.1869094 0.2259081 0.2267102 0.2386172 0.2021455 0.1753172 0.1547804 0.132531 0.1003988 0.07369978 0.06307553 0.03116336 0.01864465 0.01456512 0.01459218 0.01740864 0.02044838 0.02201348 0.01979383 0.0180795 0.02043758 0.02019723 0.02497448 0.01156324 0.01053016 0.009173366 0.008538862 0.01508881 0.03635139 0.02472044 0.02791465 0.006948146
0.3444034 0.3670977 0.2919317 0.2160629 0.2072766 0.1067229 0.1136583 0.1040404 0.1089909 0.09737353 0.116165 0.08487281 0.07169425 0.07018341 0.08283936 0.09285203 0.06261785 0.07177687 0.07319143 0.08930646 0.105675 0.1126463 0.1156125 0.194468 0.2093215 0.2329023 0.2316006 0.2338301 0.1954565 0.1833919 0.1446082 0.1450873 0.1149503 0.08413015 0.06556321 0.03064758 0.0231341 0.01739448 0.01830211 0.02190391 0.0226115 0.02185205 0.02048589 0.01712876 0.01451604 0.0154075 0.01691909 0.01280034 0.01119077 0.01122194 0.01044769 0.01037879 0.02916221 0.03798985 0.03603837 0.008942007
0.2962507 0.2932303 0.3045585 0.1430777 0.1476527 0.09509277 0.06551652 0.0729989 0.07982474 0.05630526 0.1043165 0.06818638 0.06521246 0.05368125 0.05136723 0.05998808 0.04968903 0.05978004 0.07717961 0.08971991 0.09645874 0.1028584 0.1150987 0.1466517 0.2418764 0.204177 0.1886542 0.2124817 0.1976753 0.1851657 0.1358384 0.1262741 0.1318188 0.08203624 0.05833201 0.06272135 0.0295387 0.02340067 0.02167937 0.022232 0.02187167 0.02137217 0.0194481 0.01692085 0.01541795 0.01451494 0.01461 0.01510985 0.01435241 0.01261957 0.0122206 0.01201576 0.01188763 0.01737517 0.01167602 0.009651102
0.2827248 0.2957692 0.2508256 0.08687609 0.0675694 0.0707188 0.1013559 0.07972129 0.09204373 0.06083078 0.06715226 0.04943988 0.03975078 0.0453704 0.04766875 0.06636952 0.08393632 0.1042851 0.1078783 0.1082391 0.1273728 0.09717253 0.1078444 0.1379099 0.1883618 0.2110437 0.212795 0.1768522 0.1782646 0.1662358 0.1394053 0.09836867 0.08124551 0.0782686 0.05567404 0.05031988 0.06063535 0.03506045 0.03294023 0.02501848 0.02438633 0.02356822 0.02209662 0.01794003 0.01645397 0.01784 0.018196 0.01959328 0.01804798 0.0145604 0.01503245 0.01309882 0.01561892 0.01242176 0.0113486 0.01893022
0.2685319 0.2905621 0.1973429 0.08954377 0.05123608 0.03302217 0.06415893 0.0743051 0.05431528 0.04128812 0.04469596 0.03543961 0.03407133 0.03953419 0.04475497 0.07057215 0.1153161 0.1350696 0.1573563 0.1288822 0.1122374 0.1025118 0.1324683 0.1320709 0.1458481 0.1656495 0.1980569 0.1857537 0.1762079 0.1563339 0.1294241 0.08952611 0.0671831 0.06617375 0.04587885 0.04490823 0.04175852 0.03954185 0.03638795 0.0277258 0.02675821 0.02536166 0.02414375 0.02043325 0.02083826 0.01858026 0.01657115 0.02052769 0.02333118 0.02021721 0.0174221 0.01501192 0.01925028 0.01806404 0.01430668 0.01289675
0.2280113 0.2326276 0.1798882 0.1221478 0.05450398 0.0429149 0.04431166 0.05469531 0.03949122 0.0332237 0.02628705 0.02982552 0.02867202 0.03770379 0.03838769 0.06070767 0.1213747 0.1839426 0.1481413 0.1320488 0.1190134 0.112781 0.1012711 0.1182296 0.1494028 0.1813343 0.2163899 0.149937 0.1473892 0.1300952 0.1128068 0.07148746 0.06558657 0.04457473 0.0396122 0.04103054 0.04000137 0.03835349 0.03588113 0.0273004 0.02645232 0.02570721 0.02549336 0.02386993 0.02176647 0.0203856 0.01811135 0.0186619 0.02356729 0.02367894 0.01847902 0.01629647 0.01869786 0.01503906 0.014642 0.01653475
0.2626094 0.3125775 0.2099732 0.1082699 0.09248251 0.07989256 0.05581844 0.04231469 0.03416657 0.02675358 0.02692687 0.03014128 0.03135826 0.03306417 0.04732048 0.0724245 0.1128972 0.1124707 0.08714867 0.1040621 0.0988268 0.09115199 0.09430604 0.1093591 0.1346563 0.1675004 0.171191 0.1178707 0.1184673 0.09778126 0.0767666 0.05060771 0.05348812 0.03167341 0.03264209 0.03668714 0.0338323 0.03300674 0.03136066 0.02486601 0.02459351 0.02496832 0.02533758 0.02323304 0.02335201 0.02195609 0.01981872 0.02040569 0.02033674 0.02008669 0.02108665 0.01803366 0.01772547 0.01827807 0.01853668 0.02908991
0.2399752 0.2631169 0.1683089 0.1026622 0.09221976 0.07745902 0.06483945 0.0340061 0.02510176 0.02742189 0.03172183 0.02849956 0.02442071 0.02582597 0.03977368 0.08347376 0.1275077 0.05693107 0.04206932 0.06987452 0.060566 0.05887966 0.06951569 0.09430102 0.1533844 0.1420407 0.1214576 0.09288158 0.08790833 0.06303088 0.04699318 0.02472823 0.01642354 0.01426217 0.01713834 0.02328047 0.02222386 0.02219283 0.02164414 0.01937095 0.0207685 0.02190785 0.02216019 0.0248761 0.02508037 0.02368406 0.0227394 0.02403145 0.03292487 0.02465291 0.03711492 0.02761814 0.02448405 0.02713722 0.03570151 0.05824346
0.1652035 0.1738134 0.09650891 0.05217256 0.03638443 0.03966635 0.04442678 0.03015069 0.02257358 0.02586544 0.03008545 0.02531266 0.02224361 0.02662713 0.03474766 0.06084457 0.07149304 0.04686997 0.03620462 0.0463889 0.04703556 0.0527048 0.06249365 0.1130329 0.1401944 0.1658586 0.1263021 0.08108512 0.06672579 0.05357124 0.03710551 0.0172866 0.0113299 0.009159253 0.009985059 0.01613497 0.01734839 0.01792639 0.01799787 0.01745014 0.01874534 0.01962538 0.02108009 0.02427602 0.02494516 0.02409821 0.0249689 0.02658848 0.02707152 0.02712886 0.02957603 0.02574274 0.03589784 0.03142485 0.04097412 0.05956971
0.09368099 0.07880547 0.03906464 0.02195868 0.02259239 0.02106841 0.02062002 0.02216187 0.02066881 0.02060514 0.02129318 0.02182148 0.02056124 0.02129332 0.03092922 0.02528675 0.04109951 0.04848518 0.03105433 0.03440749 0.03934784 0.04582862 0.07045801 0.1193781 0.1486409 0.165103 0.120062 0.07633804 0.06178781 0.05490547 0.03322518 0.01374914 0.009142699 0.007449741 0.00825785 0.01355229 0.01471019 0.01544898 0.01593005 0.01641457 0.01763968 0.01938801 0.02179234 0.02503813 0.025931 0.02687328 0.0274419 0.02918841 0.02994731 0.03130275 0.0334435 0.03390228 0.03692938 0.03976093 0.05051267 0.03737903
0.05326075 0.04457733 0.03024335 0.0175897 0.01830346 0.01814348 0.01763125 0.02083599 0.01973982 0.01942256 0.01949817 0.01907528 0.01834491 0.01971682 0.02301108 0.02370202 0.02843552 0.02502334 0.02340231 0.03054956 0.03300385 0.03816827 0.05456309 0.0814802 0.1031708 0.1285498 0.1087798 0.06583079 0.05191332 0.03752594 0.02821932 0.0134698 0.01017518 0.008228945 0.008762842 0.01371579 0.01433052 0.0148418 0.01544858 0.01542348 0.01696356 0.01985289 0.02390037 0.02683134 0.02932223 0.03068208 0.03107365 0.03318113 0.03448641 0.04879176 0.03265162 0.02966134 0.03601002 0.05464334 0.03208624 0.03141129
0.05939908 0.02749806 0.0164674 0.01203205 0.01184398 0.01394061 0.01258972 0.0175853 0.01736292 0.01695416 0.01639235 0.01555098 0.01494684 0.01616364 0.01920615 0.01649652 0.02085485 0.01574891 0.01815857 0.01870154 0.02088092 0.02733448 0.03254844 0.04575918 0.06326956 0.07049944 0.07995199 0.04923394 0.03282208 0.02506419 0.02117628 0.01947525 0.01468754 0.01293278 0.0146247 0.01271239 0.01330691 0.01310919 0.01399153 0.0144102 0.01579093 0.01907228 0.02398864 0.03513261 0.03978955 0.04228074 0.04266295 0.03737038 0.04349758 0.04562766 0.04193993 0.04461805 0.0401285 0.01753378 0.03470595 0.05818548
0.0504749 0.02534592 0.01089176 0.01353707 0.01255634 0.0141167 0.01306597 0.01702105 0.01761954 0.01645197 0.01563864 0.01461913 0.01378315 0.01254588 0.01137845 0.01095113 0.00485318 0.005198414 0.007074011 0.01126803 0.01342634 0.02166281 0.02540196 0.04028602 0.0449762 0.05810555 0.03930335 0.03360334 0.02407016 0.02052937 0.01793936 0.01732232 0.01519828 0.01681954 0.0156331 0.01292943 0.01308614 0.01272023 0.01357322 0.01406388 0.01573149 0.02155495 0.02540296 0.03829322 0.0444807 0.04785198 0.04771088 0.04091861 0.04802969 0.04803384 0.04604033 0.05424718 0.02669209 0.02103395 0.04065162 0.07282258
0.04553284 0.01892447 0.009403531 0.01304083 0.01087429 0.01089288 0.01090021 0.01533886 0.01531774 0.01497352 0.01411129 0.01322637 0.01219788 0.01085307 0.01005116 0.0101335 0.003885846 0.003704459 0.005252055 0.008608201 0.01035164 0.0141063 0.01604257 0.02668893 0.03834365 0.04241817 0.02850556 0.02511469 0.02190341 0.01932514 0.01765043 0.02013375 0.01678118 0.01607664 0.01566501 0.01461611 0.01393136 0.01396293 0.01476874 0.01604152 0.01805717 0.02130548 0.02648234 0.04124265 0.04801533 0.05142017 0.05202952 0.05064312 0.05213204 0.05189485 0.04858254 0.02857199 0.0278596 0.03553459 0.05281752 0.05221774
0.04272484 0.02206014 0.009419817 0.008548618 0.008760175 0.008453105 0.008424365 0.0127636 0.01292005 0.01262161 0.01198481 0.01083723 0.01011991 0.009024349 0.007737471 0.004036124 0.003040599 0.003086153 0.004325348 0.007130517 0.008644778 0.01070752 0.01348729 0.02081795 0.02710921 0.02779301 0.02353304 0.02307258 0.02106323 0.02268387 0.03213366 0.01993258 0.02020966 0.02007944 0.01851489 0.01994045 0.03746461 0.01706762 0.01719182 0.01781142 0.01930114 0.0222923 0.02784136 0.04293537 0.0499064 0.05727054 0.06902231 0.05501343 0.05031327 0.06510353 0.06886147 0.03382488 0.03073576 0.03412734 0.04224914 0.07108871
0.0394655 0.02182359 0.01148463 0.005424988 0.00559926 0.005596394 0.005423585 0.005760035 0.005769259 0.005626988 0.005337912 0.005142894 0.004906293 0.004183059 0.003556086 0.002213652 0.002789022 0.001729858 0.002371288 0.003558437 0.004274506 0.005399607 0.006872463 0.004503324 0.006183947 0.00555305 0.005373906 0.00559067 0.00539574 0.006721979 0.03785793 0.02310421 0.02383733 0.02213063 0.02179362 0.02882139 0.1135319 0.0212907 0.02233591 0.0203961 0.02144445 0.02543253 0.03206667 0.0453658 0.05342397 0.05659055 0.06141332 0.07359311 0.06491278 0.08277392 0.05852312 0.0225 0.02524193 0.03 0.04721774 0.0419758
0.03542598 0.02607517 0.01695406 0.006881572 0.004088852 0.004112109 0.003979665 0.004258122 0.004298889 0.004223047 0.003927281 0.003691193 0.003434488 0.003041537 0.0027918 0.005624345 0.002623741 0.00128894 0.001727762 0.0025738 0.003073548 0.003964918 0.005246888 0.003506669 0.004498265 0.004508405 0.00461738 0.005302224 0.006318492 0.008759514 0.01009407 0.02235904 0.02401855 0.02469406 0.02486012 0.02568364 0.02471387 0.02515372 0.02475217 0.02289561 0.02367964 0.02745602 0.03480751 0.04735106 0.05360482 0.06047853 0.06700948 0.07987627 0.07758965 0.0645017 0.06438237 0.02245968 0.0171371 0.02725806 0.05116935 0.05487904
0.04487394 0.01544038 0.007007082 0.00381988 0.002874514 0.0028967 0.00298816 0.00311503 0.0031393 0.003029697 0.002829031 0.002754748 0.00243758 0.002167054 0.001855452 0.001171808 0.0009132638 0.0009435829 0.001243527 0.001838916 0.002185116 0.002878466 0.003908626 0.002705767 0.003226784 0.003638856 0.004618003 0.007016893 0.007063242 0.008672714 0.01118265 0.02356067 0.02499487 0.02602082 0.02665157 0.02709502 0.02703184 0.02718416 0.02767504 0.02562134 0.02657732 0.03106601 0.03729316 0.0485782 0.05652166 0.07288919 0.07421353 0.08853915 0.1004599 0.07460874 0.06475806 0.01508064 0.02846774 0.03024193 0.06487903 0.07104839
0.009865796 0.008374738 0.004264155 0.002877808 0.002751252 0.00278522 0.002819262 0.002355533 0.002349126 0.00225527 0.002395999 0.001958507 0.00179618 0.00159698 0.001364947 0.0008624202 0.0006746823 0.0006991365 0.0009250356 0.01455352 0.00305544 0.002191219 0.003005105 0.002113612 0.002661974 0.003876219 0.004904735 0.006194477 0.007513927 0.00933039 0.01202168 0.02231579 0.02470289 0.026251 0.02705373 0.02775545 0.02826191 0.02908419 0.03035478 0.02891975 0.03145077 0.03378625 0.03887603 0.05021949 0.06408752 0.0709497 0.07217947 0.08563804 0.0719794 0.07373051 0.06309982 0.02431452 0.01741935 0.02475807 0.04370967 0.05544354
0.005551138 0.004009889 0.002058057 0.001072604 0.00109383 0.001328431 0.001489952 0.0004378435 0.0004292122 0.0009443813 0.0003776229 0.0008802454 0.003212516 0.0002300505 0.0001959735 0.0002064407 0.0001627888 0.0001706529 0.000228907 0.0003973006 0.009549191 0.02240537 0.02124493 0.007097994 0.00254682 0.003417889 0.004319764 0.006094906 0.007496474 0.01159554 0.0123233 0.01890736 0.02156544 0.02322616 0.02469468 0.02656544 0.02734416 0.03267747 0.03008835 0.03543989 0.03920848 0.04044037 0.04366223 0.05176175 0.05934759 0.05410783 0.06138281 0.02318548 0.02862903 0.01737903 0.02116936 0.02846774 0.01375 0.02092742 0.02544355 0.03241935
0.004762224 0.001969853 0.001771163 0.0009578216 0.0008248482 0.001775024 0.001300232 0.001390092 0.004094169 0.006715526 0.008788933 0.01050176 0.008807068 8.966472e-005 7.762246e-005 0.0005895912 0.0001028851 7.478699e-005 0.0001031494 0.0001824636 0.0009108984 0.001684157 0.004689871 0.02523196 0.01348755 0.004716733 0.005676468 0.007373716 0.008893109 0.01102726 0.01402849 0.01931372 0.02187565 0.02484439 0.02498338 0.02697563 0.02834848 0.03000519 0.0326696 0.03838487 0.05105938 0.06548414 0.0657533 0.04975561 0.0552938 0.05410526 0.06120058 0.03625 0.02665323 0.01653226 0.02842742 0.03290322 0.01580645 0.02419355 0.0294758 0.0296371
0.003369753 0.00147429 0.0009388344 0.0003325735 0.0005873262 0.0008253275 0.0009748528 0.003147129 0.00732966 0.007390555 0.004280195 0.00483824 0.004508166 1.65373e-005 1.580331e-005 1.924196e-005 0.001640384 2.348322e-005 0.0005672995 0.001192318 0.001856202 0.002414346 0.002662661 0.005389678 0.01669005 0.02614921 0.006223482 0.007803441 0.009403669 0.0115714 0.01455774 0.01902734 0.02121888 0.02295127 0.02471293 0.02686323 0.02867102 0.03096674 0.03391564 0.03988457 0.0575186 0.06853746 0.04889766 0.05116973 0.05435477 0.05537082 0.06240421 0.01830645 0.01149193 0.0008870967 0.01020161 0.01895161 0.01721774 0.01931452 0.01540323 0.02641129
0.000796516 0.0004311397 0.0007554612 0.0008962134 0.0001980207 0.0001785247 0.0008332662 0.002980526 0.00135769 0.0005936293 0.0004052538 0.0003378089 1.328774e-005 1.183275e-005 0.01035567 0.02012372 0.01947021 0.001235611 0.001886674 0.002913224 0.003429799 0.008290851 0.004588356 0.004076626 0.008990496 0.01788688 0.01434929 0.007641007 0.009286704 0.01189182 0.01429047 0.0172785 0.01976092 0.02166259 0.02378429 0.02618186 0.02855587 0.03153726 0.03526827 0.05264448 0.07966261 0.08242024 0.06490261 0.05483802 0.05845729 0.05876929 0.04286213 0.01076613 0.003588709 0.009677419 0.01431452 0.01004032 0.02375 0.01645161 0.02270162 0.02612903
0.0007514814 0 1.678232e-005 0.0003122961 0 2.918469e-005 8.313987e-005 0.001438673 0 0 0 0.0001429935 0 0.0005619776 0.00031415 0.03177626 0.02185997 0.001971303 0.00249118 0.003939282 0.002648584 0.003837473 0.00440142 0.003060666 0.003361787 0.01201055 0.01283871 0.0256847 0.0124191 0.009329758 0.01395675 0.01355821 0.01567739 0.01754443 0.01987769 0.02489679 0.02717471 0.02986714 0.04980643 0.08134022 0.1040166 0.1146468 0.09599109 0.06059843 0.06367303 0.06346904 0.0469487 0.002137097 0.006532258 0.02431452 0.02120968 0.01076613 0.02298387 0.02221774 0.03887097 0.0258871
