contrib/geomasonDemos/riftland/DataFiles/RainData/.svn/text-base/59.txt.svn-base
ncols         56
nrows         54
xllcorner     28.264
yllcorner     -5.7719999999999
cellsize      0.25
NODATA_value  -9999
[rows 0 to 27 of 54, columns 0 to 55 of 56]
0.02889393 0.0198219 0.007271423 0.008935236 0.01098428 0.01070857 0.01436518 0.005568729 0.005152239 0.01290683 0.02362777 0.04348835 0.08018869 0.07331673 0.04722487 0.02718083 0.02686135 0.02775689 0.02928316 0.02443208 0.02749251 0.0214532 0.04130214 0.03326634 0.06178087 0.04267905 0.03161166 0.04688101 0.02040209 0.02811319 0.01133319 0.01411141 0.03613233 0.01996576 0.004224394 0.001098356 0.001311991 0.002262741 0.001813277 0.001139558 0.001007415 0.001718479 0.002467986 0.006632602 0.03210651 0.005157469 0.001385232 0 0.005422759 0.01088195 0.05483512 0.05251282 0.02734127 0.02371716 0.01881369 0.03873305
0.01744426 0.01654999 0.008713464 0.0146175 0.01675279 0.01511045 0.0100521 0.01995987 0.0107045 0.01272782 0.01857929 0.02782853 0.05415436 0.05632221 0.06983806 0.07500244 0.03168993 0.02429865 0.03613361 0.02577302 0.02229816 0.02081287 0.02580874 0.05196459 0.05857782 0.05856105 0.07374895 0.05005608 0.02823089 0.01561925 0.01389171 0.01654924 0.03485201 0.005016277 0.0001957784 0.0005469075 0.001303576 0.001046742 0.00348143 0.001101689 0.0006954847 0.00216795 0.004633762 0.004474925 0.01430526 0.009994539 0 0.0003473963 0.02122004 0.04370124 0.04624039 0.01934194 0.02731146 0.01481057 0.06476507 0.03463743
0.01218442 0.01525925 0.01876091 0.02879975 0.02093155 0.02022343 0.01366019 0.01873537 0.02282553 0.01678774 0.03945663 0.02413554 0.04523658 0.05450102 0.0810102 0.07634524 0.04484893 0.04049096 0.05548347 0.03980853 0.03747028 0.05320083 0.05445096 0.05579228 0.04861525 0.06832607 0.08433509 0.05278919 0.01632805 0.02665386 0.03519891 0.06710682 0.0422691 0.01410975 0.01014284 0.0001456415 0.0004191105 0.00161542 0.001391793 0.001184756 0.01300145 8.411578e-005 0.004438678 0.01093075 0.01802406 0.01631597 0.01507973 0.01509915 0.07315361 0.08559623 0.1072649 0.05854661 0.09242389 0.06465021 0.05114676 0.04419354
0.01643663 0.02487262 0.02327102 0.02149996 0.01574445 0.01765869 0.01859901 0.01925982 0.03843236 0.02838318 0.02047422 0.01776486 0.03289539 0.04686781 0.04998353 0.05681312 0.05218082 0.04066468 0.06505182 0.05798751 0.06241172 0.05468661 0.0705285 0.06054281 0.06327946 0.06047126 0.03905863 0.03468292 0.008837126 0.02235442 0.03016245 0.06313912 0.04134031 0.05143987 0.03915529 0.009976026 0.005074964 0.003094736 0.007355843 0.005530684 0.0216283 0.02048297 0.03083978 0.02777604 0.01239753 0.03128616 0.1191792 0.03991922 0.09082779 0.1143342 0.1221907 0.1060206 0.1439337 0.04925833 0.01402617 0.07853952
0.03239682 0.04102245 0.03061395 0.02481155 0.02398969 0.01988779 0.02019216 0.01615247 0.03459978 0.0322285 0.0170994 0.01992795 0.0357067 0.04055389 0.04984777 0.0730467 0.04455038 0.06356554 0.06700236 0.03756702 0.03628428 0.04619568 0.04810788 0.06327711 0.1098026 0.08409463 0.05050074 0.03978119 0.02351924 0.03795473 0.04487056 0.1050451 0.1049305 0.05873991 0.04751753 0.01908063 0.02172874 0.01601965 0.01921603 0.0119867 0.02845633 0.01641907 0.03568789 0.01500204 0.02124457 0.0242167 0.03613362 0.06512665 0.08603287 0.07627209 0.1362808 0.14595 0.1250489 0.04438919 0.03810255 0.04257127
0.05240801 0.08774694 0.04010931 0.03121235 0.02815094 0.02941829 0.03566198 0.02578107 0.02397167 0.01667603 0.0128624 0.02332281 0.04503072 0.03979448 0.04285532 0.04092659 0.05479218 0.04961148 0.05051159 0.03728149 0.04429198 0.06834987 0.09771043 0.101381 0.08774517 0.1092651 0.06722014 0.07766288 0.04676434 0.04810328 0.06145035 0.137214 0.1433955 0.06351595 0.04487123 0.03513772 0.02174028 0.02907337 0.03705116 0.01316848 0.03325368 0.01568689 0.01279437 0.0115806 0.04844993 0.03009001 0.009580224 0.1021497 0.07833582 0.0868059 0.06804927 0.1102035 0.07873401 0.08078124 0.1140281 0.03486388
0.1102633 0.067637 0.04467215 0.03130798 0.02715129 0.03295565 0.04222398 0.03671184 0.03777417 0.02308264 0.02043827 0.02988367 0.04390154 0.04209491 0.04515035 0.05709378 0.05845899 0.0634003 0.06054099 0.03661749 0.06405423 0.07375399 0.08664075 0.1326887 0.1202819 0.1471704 0.09963089 0.08657918 0.07094865 0.06110262 0.07487638 0.1505687 0.1792395 0.1437083 0.07622787 0.04361455 0.02662553 0.01799859 0.0423827 0.0437131 0.0269699 0.01332495 0.01091214 0.02001934 0.05048788 0.03433337 0.007306928 0.07024895 0.06294381 0.04307108 0.04247665 0.07444093 0.109377 0.161756 0.1478386 0.0952747
0.1626453 0.07410664 0.04100292 0.04424975 0.02805279 0.03145534 0.03659825 0.04750009 0.04063762 0.03276898 0.03093351 0.03596177 0.06010389 0.04395196 0.05399206 0.08651459 0.09788943 0.09212732 0.08405441 0.06494842 0.09262899 0.0816329 0.05237819 0.05832072 0.09484933 0.1552816 0.1051861 0.05293372 0.07220474 0.07716119 0.05544892 0.1687569 0.1562498 0.09777272 0.1241958 0.07655028 0.04128556 0.0157728 0.02375565 0.005783107 0.007217976 0.009319833 0.02274761 0.01417993 0.02493302 0.01475042 0.026892 0.03964716 0.02142251 0.05131969 0.09826887 0.1186753 0.1446257 0.1117599 0.1473134 0.1319207
0.1425676 0.09458228 0.06486061 0.05661741 0.03552717 0.03352337 0.04344211 0.05157024 0.04207129 0.03616329 0.03538805 0.03460866 0.05526907 0.06011523 0.06794415 0.1109958 0.1268474 0.1120312 0.1062017 0.09249174 0.09674405 0.09112853 0.06776949 0.09384959 0.09888752 0.1575937 0.08305074 0.06533819 0.09039892 0.1322308 0.08208673 0.113083 0.1612611 0.1210736 0.07050349 0.05327609 0.07962362 0.023174 0.03470861 0.01599161 0.01072576 0.003714524 0.0256035 0.01571612 0.01138703 0.02153878 0.02839573 0.04565218 0.05571948 0.09436452 0.1494947 0.1394722 0.2044082 0.1984895 0.1710694 0.1351269
0.09654503 0.07630415 0.05452931 0.05531814 0.0462321 0.03287547 0.03980603 0.06879751 0.05283112 0.07377268 0.05050741 0.05430851 0.04733888 0.05793914 0.07829253 0.09008853 0.09866282 0.1278472 0.1279516 0.08708927 0.0730529 0.06522676 0.04391187 0.05339671 0.0549941 0.05276275 0.05593728 0.08086051 0.09412617 0.1021822 0.06872204 0.09456482 0.1211545 0.1090667 0.0628631 0.09097247 0.07574214 0.04715996 0.02147408 0.006647636 0.01799619 0.01280531 0.01887502 0.01737828 0.005619561 0.01396224 0.07395861 0.06506348 0.07073606 0.1234852 0.1538758 0.1221792 0.2997428 0.4019978 0.2986146 0.1679179
0.06770044 0.08617703 0.07396612 0.0674946 0.04420521 0.03361048 0.06945139 0.07870156 0.07057606 0.09596941 0.1205146 0.07014456 0.05147641 0.06548746 0.07805053 0.09293275 0.08663765 0.1284479 0.1481504 0.0844845 0.0594968 0.05613105 0.04332589 0.03366751 0.0330914 0.03673164 0.04185 0.05118459 0.07506187 0.09598751 0.06983244 0.07480409 0.08608866 0.09496672 0.07725438 0.1081685 0.06762434 0.05358921 0.01406769 0.02087914 0.01469479 0.0121153 0.02267294 0.007187952 0.02350069 0.03265346 0.0774694 0.09434469 0.09763236 0.1215997 0.2141701 0.2564526 0.258828 0.269985 0.4595082 0.2727997
0.09235522 0.1323213 0.1276221 0.08590513 0.05896779 0.05238038 0.07071468 0.09777771 0.09123296 0.08341205 0.09039918 0.08110299 0.06754035 0.08343621 0.09523908 0.1016203 0.0923752 0.1285882 0.1230349 0.1004567 0.07467057 0.0771799 0.04051319 0.03404745 0.02957417 0.03640059 0.02539458 0.02491894 0.04552913 0.04519892 0.03335115 0.05688207 0.07155618 0.04703145 0.03016269 0.1301 0.1191084 0.0875622 0.04120354 0.03893719 0.03403988 0.02780885 0.02866839 0.03083331 0.03026116 0.04695403 0.06383737 0.08091101 0.1012157 0.1296356 0.1937417 0.197092 0.1867996 0.1274271 0.1284091 0.118354
0.06106478 0.06611756 0.07766958 0.09646697 0.06716651 0.05926989 0.07404061 0.101909 0.09037267 0.08860191 0.09896433 0.09537949 0.09155967 0.1122275 0.111083 0.08164373 0.1281671 0.1267675 0.1078041 0.09575852 0.07530314 0.05748752 0.04099261 0.04297137 0.04015833 0.05456667 0.03521989 0.01729532 0.02432371 0.02218092 0.02043359 0.04000387 0.06161654 0.04661569 0.05262173 0.08758384 0.114183 0.1020245 0.0545496 0.04707361 0.04423862 0.02326677 0.03432769 0.0381183 0.04062121 0.045385 0.08521649 0.08253277 0.1039157 0.141553 0.192542 0.2397217 0.2149987 0.135187 0.1154103 0.09515634
0.06427515 0.09578175 0.07926445 0.1072968 0.09428794 0.1067635 0.1078405 0.1068243 0.1206771 0.1133478 0.1125232 0.1082682 0.1099083 0.1234692 0.1199171 0.1194605 0.1340147 0.1530544 0.1348387 0.0938521 0.06913117 0.07723164 0.07039811 0.05987857 0.055055 0.04974826 0.04172027 0.04752525 0.01644841 0.01829137 0.0397463 0.03179951 0.03147741 0.06087825 0.0661469 0.09492521 0.1371619 0.137109 0.0819871 0.04741734 0.03994404 0.04346287 0.02504714 0.03478657 0.03974548 0.06775535 0.1093379 0.1086179 0.1088387 0.1306126 0.1377775 0.2013275 0.2440316 0.1391802 0.1126772 0.1017946
0.09687785 0.08810488 0.1194876 0.1301576 0.1105423 0.1249342 0.1159502 0.1294623 0.129508 0.1117349 0.1156175 0.1172661 0.1146307 0.1346824 0.1437575 0.1269074 0.1439367 0.1939782 0.172293 0.1145801 0.06584919 0.07846538 0.09023756 0.08818051 0.0665576 0.05587026 0.03486121 0.07541644 0.02378958 0.02818711 0.0423537 0.03884923 0.04047935 0.06150391 0.07537287 0.1583957 0.1328061 0.1153108 0.07393061 0.0365777 0.03584184 0.03279884 0.03630462 0.04521975 0.04416383 0.05580283 0.06643199 0.07815297 0.09801777 0.1253272 0.1099669 0.1102999 0.09874365 0.1134446 0.1195621 0.1006645
0.1703105 0.1318956 0.09033428 0.1425111 0.1601529 0.1581134 0.1463961 0.1385799 0.1432277 0.1214572 0.133391 0.1369026 0.1425754 0.1531986 0.1590685 0.1579018 0.1838176 0.1872208 0.1414687 0.1193318 0.09967421 0.09815279 0.09337706 0.1207729 0.08111497 0.05407798 0.04690801 0.05739622 0.05691908 0.0434725 0.03701633 0.02845238 0.03808756 0.04392516 0.04867734 0.1180694 0.08762197 0.07639439 0.06703604 0.04103753 0.04297855 0.05249089 0.06658777 0.05281649 0.05251068 0.05767006 0.04679611 0.06402728 0.08226352 0.09390271 0.1003309 0.1093826 0.09373043 0.09515264 0.1412015 0.1866105
0.2221222 0.1540346 0.108955 0.1181624 0.1286925 0.1568229 0.1610222 0.1378561 0.1301104 0.137797 0.1257136 0.1379856 0.1405499 0.1529239 0.1735435 0.1771286 0.1968523 0.1879933 0.1790337 0.1654206 0.1240949 0.08992878 0.07292184 0.08287529 0.08952769 0.05780059 0.04331513 0.04758182 0.06454743 0.03910623 0.01237405 0.01721565 0.0216003 0.02932683 0.03385409 0.05305126 0.08700901 0.06301495 0.03635932 0.03291428 0.04204683 0.05551293 0.05592114 0.05993212 0.06377363 0.04222286 0.02308592 0.05580676 0.07147936 0.07218395 0.08305239 0.1022836 0.135755 0.1207943 0.1144745 0.1603256
0.1881813 0.1513947 0.120158 0.132711 0.137954 0.1597725 0.1774558 0.1556815 0.135589 0.1340332 0.1144584 0.1354946 0.1448127 0.1774995 0.2048101 0.1770314 0.1680033 0.1788491 0.18116 0.1816839 0.1369562 0.1049463 0.06465438 0.03951096 0.05464474 0.05292399 0.03887142 0.02956452 0.02759217 0.03529958 0.01031928 0.01751458 0.02151102 0.0219951 0.02214869 0.02383637 0.05342855 0.0719407 0.06922107 0.04497894 0.05319515 0.06403985 0.07101819 0.09931317 0.1057609 0.04349771 0.03535878 0.03929001 0.05512519 0.0606916 0.06449945 0.0664041 0.0913234 0.1012408 0.105241 0.09885664
0.1478369 0.2633437 0.1771316 0.1481193 0.150371 0.1401563 0.1713115 0.1748462 0.1326404 0.116323 0.1125968 0.1360618 0.1689138 0.2031693 0.20173 0.1983563 0.1694425 0.1759344 0.174464 0.156353 0.1256242 0.09437732 0.04758767 0.0420052 0.05369011 0.07113072 0.05694011 0.02984079 0.02048812 0.01526257 0.01123233 0.01640473 0.01135713 0.02250407 0.02218431 0.02511175 0.03259912 0.07270969 0.07082559 0.05097427 0.05897174 0.06578507 0.09117805 0.1385561 0.1491551 0.08155956 0.0505622 0.05115907 0.06591652 0.05992872 0.06256834 0.04806238 0.07221647 0.1018038 0.1104279 0.08603503
0.1654039 0.2047568 0.1944798 0.2016602 0.1815361 0.1850047 0.2029259 0.1598782 0.1329057 0.1162451 0.09962487 0.136808 0.1920912 0.2198932 0.2269313 0.1956651 0.1729405 0.1811271 0.1730468 0.1906963 0.125593 0.0915141 0.06666236 0.07506773 0.06728593 0.05443826 0.04931466 0.0248056 0.02919749 0.02376782 0.01582023 0.01851516 0.01576755 0.03198267 0.03165489 0.02336618 0.02045092 0.04413235 0.05398142 0.03582777 0.04169299 0.03944201 0.04254805 0.040421 0.0673162 0.06043946 0.04493193 0.04862674 0.06638307 0.05316272 0.05214348 0.05961549 0.06350319 0.09871027 0.1193361 0.129797
0.1442879 0.1389044 0.172561 0.1977243 0.2335097 0.232198 0.2048633 0.1843763 0.1489221 0.1619655 0.1549222 0.1694642 0.1906158 0.2116471 0.1990078 0.182193 0.1728117 0.1529214 0.1468297 0.132855 0.1301309 0.1082686 0.07472703 0.07350824 0.06542767 0.04734176 0.0443898 0.03602583 0.03446128 0.03028318 0.02570229 0.02693515 0.02088254 0.03100158 0.05001776 0.05621623 0.03592223 0.04749862 0.04191075 0.03151909 0.03642874 0.03687713 0.03366366 0.02714818 0.02884004 0.02767724 0.03176368 0.06240403 0.06216423 0.07095931 0.06604704 0.09047819 0.06538509 0.09432053 0.1204833 0.1424216
0.1753949 0.1685335 0.1943229 0.1941905 0.2107416 0.2314281 0.2223818 0.1928349 0.1394675 0.1328941 0.1634198 0.1724162 0.1700964 0.1920856 0.2073696 0.184357 0.1693235 0.1501519 0.1583286 0.1781065 0.1208568 0.1167463 0.1172735 0.1033051 0.0694153 0.05383389 0.04568913 0.05897424 0.02393307 0.03377518 0.03490341 0.03747064 0.02416159 0.02759876 0.0374323 0.09408926 0.0675627 0.04246912 0.03501519 0.03612877 0.03516758 0.03391058 0.02947408 0.02469822 0.02033172 0.02936674 0.03094771 0.06438486 0.09826708 0.08634121 0.1174117 0.145032 0.126543 0.1098014 0.1287073 0.1736729
0.2045283 0.1983851 0.149874 0.203515 0.190725 0.2125437 0.2181159 0.2115938 0.1686445 0.1366767 0.1683467 0.1823793 0.1762837 0.1779791 0.2130912 0.1992748 0.160349 0.1644676 0.1669335 0.17076 0.1518203 0.148824 0.1387802 0.1387954 0.08756678 0.06175982 0.06081095 0.04470747 0.02610249 0.03434468 0.02977522 0.02785394 0.02697946 0.03443321 0.03771577 0.03867832 0.03889551 0.0444058 0.05117343 0.04046591 0.05816095 0.04015233 0.03239287 0.03029088 0.0300381 0.02666555 0.03825879 0.06053754 0.06242203 0.09704315 0.1456511 0.2665321 0.1690797 0.1111308 0.1271602 0.1432957
0.171011 0.1771742 0.1382305 0.1886882 0.2114251 0.2215289 0.2290499 0.2214553 0.2126847 0.1930419 0.205393 0.2164593 0.2249874 0.2166024 0.1988055 0.1773372 0.1941459 0.1797097 0.176121 0.1548363 0.1528198 0.1509731 0.1339094 0.1259774 0.1131891 0.09548952 0.07761591 0.04773021 0.04985328 0.03943067 0.03557001 0.0439262 0.04682079 0.05664364 0.05897423 0.0469875 0.04921186 0.05345962 0.05055683 0.04364713 0.04448311 0.04534684 0.0537918 0.01804321 0.01846241 0.02391404 0.03202303 0.06710321 0.1132904 0.1247844 0.1629492 0.1799101 0.1679161 0.1067289 0.1415778 0.2001944
0.126517 0.1210857 0.1281509 0.1460242 0.1724578 0.1778759 0.1842426 0.1639603 0.1732828 0.2226931 0.1860724 0.2297951 0.2235751 0.2286483 0.2268099 0.1990658 0.1892635 0.1965044 0.1990614 0.1760476 0.1545871 0.1630026 0.1428391 0.1338358 0.1197283 0.1056768 0.08616734 0.06089682 0.06897998 0.0471051 0.03903595 0.04358017 0.05376689 0.05952857 0.06888135 0.06388973 0.06697246 0.06340214 0.06117666 0.05746041 0.0713378 0.06416618 0.06476028 0.02782413 0.03295062 0.05015547 0.06082656 0.1061897 0.1435214 0.170999 0.152771 0.1895983 0.1504256 0.115197 0.1488483 0.2835812
0.1428565 0.1500235 0.1291653 0.1759596 0.1996634 0.1676669 0.1606873 0.1654972 0.1519759 0.1707043 0.2063181 0.2058661 0.2016171 0.2374315 0.246723 0.2137349 0.2078683 0.2047482 0.2001546 0.1877761 0.1978062 0.1839864 0.1633344 0.1649307 0.1379696 0.1274101 0.09880374 0.08196389 0.09384428 0.06353335 0.04525441 0.05605636 0.06752352 0.0862098 0.08092192 0.0924287 0.07935492 0.0799794 0.08045748 0.07157677 0.08696225 0.09443819 0.08108824 0.05041213 0.04587805 0.07943594 0.1042617 0.1218828 0.116152 0.1841036 0.1613207 0.2294274 0.1934907 0.1833927 0.2222196 0.2774652
0.1381559 0.1512445 0.1543097 0.2064802 0.213219 0.1981743 0.1719899 0.1811794 0.1385899 0.1611046 0.1982916 0.1879554 0.1916113 0.2205181 0.239899 0.2173343 0.2314003 0.2305905 0.2045281 0.2109122 0.2042344 0.1790386 0.1760426 0.171064 0.1426133 0.1322708 0.1103139 0.09907167 0.1015852 0.09771517 0.06353097 0.07177486 0.07891255 0.09722205 0.09177746 0.07885203 0.08437572 0.09414125 0.09419515 0.08549466 0.1007981 0.09009244 0.08505913 0.07855225 0.09554074 0.140862 0.1471617 0.1718041 0.171698 0.2985917 0.2259594 0.3018633 0.2652037 0.2668549 0.2237106 0.3057279
0.1430275 0.1731266 0.1690211 0.1864764 0.2015382 0.1894767 0.1729201 0.1956194 0.1554006 0.1705786 0.2058221 0.2163423 0.2183599 0.2612231 0.2672302 0.2527527 0.2896345 0.2701008 0.2965578 0.295191 0.2478743 0.2302972 0.2261748 0.2123145 0.1895854 0.1725598 0.14609 0.1060648 0.09391119 0.07866131 0.07949976 0.09970099 0.1142084 0.1365249 0.1446586 0.1430835 0.1511784 0.1614784 0.154896 0.1438787 0.1539821 0.1465381 0.1204223 0.0817579 0.09434026 0.1437238 0.1775851 0.1934226 0.2024551 0.2692901 0.2013934 0.2565832 0.2427146 0.2636595 0.216233 0.2422545
