contrib/geomasonDemos/riftland/DataFiles/RainData/.svn/text-base/6.txt.svn-base
ncols         56
nrows         54
xllcorner     28.264
yllcorner     -5.7719999999999
cellsize      0.25
NODATA_value  -9999
[rows 0 to 25 of 54, columns 0 to 55 of 56]
0.1374499 0.2184256 0.1227351 0.1382552 0.1276538 0.1193616 0.09858394 0.1018474 0.1181331 0.1013371 0.1117608 0.1651306 0.103417 0.0744195 0.06810053 0.07227366 0.0742164 0.0920791 0.1617351 0.1152261 0.127714 0.1606297 0.1891813 0.2847221 0.2816924 0.2882793 0.3162252 0.2994862 0.2889265 0.2476733 0.2491736 0.2896918 0.2777287 0.2378969 0.2289377 0.2065028 0.1779382 0.1507367 0.142985 0.1131577 0.097225 0.08522028 0.08214926 0.07829969 0.08089941 0.07913569 0.07654013 0.06554065 0.05976789 0.05628108 0.06276936 0.05978398 0.04747425 0.05512512 0.05615123 0.04981175
0.2152897 0.170644 0.1455132 0.1535956 0.1276251 0.1315713 0.1113202 0.1078387 0.1246929 0.1024017 0.09999275 0.1172953 0.09519669 0.08011511 0.08055005 0.1156108 0.09036001 0.07435534 0.1290086 0.1116115 0.1180382 0.1215201 0.1543806 0.2716308 0.2584477 0.244593 0.2307922 0.2673272 0.2359461 0.2243928 0.217869 0.2382958 0.2139782 0.1866602 0.1800084 0.2204666 0.1777185 0.1527217 0.1290073 0.105676 0.09078266 0.07890663 0.07357568 0.08929718 0.08630239 0.07743791 0.0799606 0.07571064 0.06758178 0.06301064 0.05987227 0.04692338 0.04968807 0.04835125 0.05274611 0.04291323
0.1308797 0.2051353 0.2425879 0.2653647 0.1561948 0.1253164 0.1178904 0.1046627 0.1414313 0.109644 0.08618644 0.1165159 0.1054557 0.09161956 0.08962058 0.132848 0.1096767 0.09127644 0.1229786 0.1139981 0.1183273 0.1251773 0.1428548 0.2114905 0.1830101 0.204502 0.2397205 0.2596849 0.2114239 0.2139104 0.2334363 0.2025472 0.1864228 0.1632901 0.1468443 0.176328 0.1667564 0.1443542 0.1295263 0.1108875 0.08177982 0.07567924 0.07381625 0.08335111 0.09061798 0.07172281 0.07309343 0.08000479 0.07644127 0.07434474 0.06767215 0.04764106 0.03911074 0.03944109 0.04491161 0.03981928
0.1730987 0.1793746 0.1844602 0.2022883 0.2119804 0.1492668 0.15832 0.1457703 0.1468235 0.1361085 0.1102107 0.1398128 0.1240617 0.1117027 0.09962927 0.142538 0.1253141 0.116962 0.09081812 0.1061134 0.1467883 0.1390523 0.1309414 0.1739054 0.1666706 0.1778382 0.1912133 0.2066702 0.158779 0.1540693 0.1472694 0.2057123 0.2042329 0.2057979 0.223991 0.1838353 0.1761565 0.1655564 0.1187799 0.0889484 0.08446475 0.09732433 0.09570412 0.08578686 0.06850132 0.06272712 0.06407119 0.08055757 0.08403932 0.08615708 0.08734757 0.05778427 0.04609275 0.03485473 0.02623722 0.02841714
0.1762225 0.1684128 0.2454932 0.1700927 0.1643874 0.1630252 0.1543016 0.1391655 0.1383002 0.1331952 0.1212206 0.1363596 0.1806774 0.1100986 0.1121596 0.1776345 0.1333911 0.09595527 0.08219843 0.1118475 0.1464074 0.1415215 0.1111129 0.1934188 0.1846035 0.1586982 0.1652379 0.1654285 0.1548407 0.1410571 0.1422366 0.1896699 0.1777045 0.1760312 0.2060484 0.1935096 0.1623089 0.1468267 0.09757924 0.0800527 0.07997799 0.08621394 0.114435 0.07830875 0.05784354 0.05600549 0.05442373 0.06876609 0.07599702 0.08157937 0.08493162 0.0576233 0.04616246 0.03671115 0.02413279 0.02197384
0.1978468 0.1842508 0.2956677 0.1600063 0.1582746 0.1523209 0.1539885 0.1427377 0.1431012 0.1305531 0.1319124 0.126942 0.1073508 0.2080156 0.1607559 0.2143403 0.1603513 0.1358214 0.09820904 0.1185476 0.1310379 0.1618874 0.1715435 0.1566024 0.1550031 0.145972 0.1357901 0.1333815 0.1250457 0.1229142 0.1573949 0.1765811 0.1644375 0.1846876 0.2049783 0.1712326 0.1319744 0.1221777 0.08157343 0.07456348 0.07982293 0.07607264 0.09365503 0.05651476 0.0533503 0.05495178 0.05177313 0.06504356 0.06920495 0.07456685 0.07776685 0.05621863 0.04578306 0.03537474 0.02398342 0.01817452
0.2474914 0.2349386 0.1640615 0.1469394 0.1440946 0.1479029 0.1576187 0.1527636 0.1388828 0.1246089 0.1252245 0.1217409 0.1234004 0.1676214 0.1374629 0.226473 0.169175 0.1414728 0.111707 0.1364845 0.1307767 0.1549282 0.1361121 0.1544094 0.1365693 0.1379967 0.1288955 0.1175046 0.1105121 0.1205058 0.1589262 0.166178 0.1489698 0.156314 0.1663482 0.1360908 0.1098439 0.08577269 0.08739168 0.08126386 0.08528259 0.08019298 0.1107855 0.05487686 0.0512083 0.05225449 0.04676401 0.05525369 0.0597674 0.06595423 0.07057752 0.05462172 0.04227886 0.03153033 0.02170203 0.01427807
0.2522983 0.2426716 0.2763637 0.1965784 0.173785 0.1747354 0.1750295 0.1660271 0.1562633 0.1458253 0.1355275 0.1464942 0.1445648 0.1404563 0.1592478 0.238949 0.2396412 0.2209095 0.1674571 0.1501441 0.1567182 0.1587715 0.139061 0.1377456 0.1090498 0.1001525 0.09226774 0.06168227 0.07796948 0.08455461 0.07055616 0.09243426 0.07170948 0.08594342 0.08419668 0.1080612 0.1113124 0.1160645 0.1144843 0.09184609 0.08929691 0.08905388 0.07524709 0.0425163 0.03758841 0.03561074 0.0287415 0.0329452 0.0360328 0.0373257 0.03890589 0.02334404 0.01912106 0.02001043 0.01388876 0.004863028
0.3081231 0.2081009 0.2531594 0.168319 0.1506667 0.1558472 0.2292036 0.1900871 0.1446088 0.1310042 0.1133968 0.1125519 0.1600951 0.1288051 0.1309672 0.2274895 0.2331499 0.20619 0.1861084 0.1630335 0.1439753 0.1169416 0.1286918 0.1250026 0.09595443 0.07103097 0.06869331 0.04630008 0.05014709 0.04586125 0.03922847 0.05615279 0.06072111 0.06351402 0.06743355 0.1018647 0.09923524 0.1028634 0.1010062 0.1165049 0.07381201 0.08519616 0.06360931 0.03577261 0.04635711 0.03205023 0.03055041 0.02895736 0.03160819 0.0315487 0.03556217 0.01900527 0.01711284 0.01672778 0.01036324 0.003469215
0.1994458 0.1840822 0.2479002 0.1579851 0.1442109 0.1414577 0.2257719 0.1473147 0.1271684 0.1113372 0.115151 0.1152842 0.1324811 0.1231429 0.1200963 0.2327243 0.2235853 0.2022963 0.2011217 0.1982352 0.1552962 0.1423573 0.1321245 0.1332192 0.09865573 0.07199655 0.06372742 0.04216723 0.03669951 0.04160802 0.0404153 0.05107355 0.0604861 0.05821861 0.05743089 0.09412368 0.09776758 0.08678455 0.1089708 0.1133355 0.1027166 0.1004588 0.05503452 0.03374549 0.03159038 0.03040213 0.03531184 0.02846262 0.02942533 0.03187845 0.03013739 0.01369572 0.01517205 0.01154583 0.005994538 0.002250906
0.1906824 0.1781412 0.2529889 0.1463954 0.1401099 0.1304698 0.1526438 0.1843714 0.1153364 0.1073909 0.1262305 0.1196233 0.1699596 0.1174137 0.1374832 0.2392326 0.2041432 0.1630466 0.1776101 0.1444185 0.1212521 0.1307724 0.14836 0.1513636 0.1017509 0.07302254 0.06594104 0.05171404 0.04708537 0.04353096 0.05299626 0.05706355 0.05167363 0.05017691 0.05556411 0.08406899 0.08131555 0.08398212 0.1014898 0.1066025 0.1010605 0.08109413 0.05649479 0.05742691 0.04236317 0.04077719 0.03599899 0.03399975 0.03029836 0.0317951 0.02813232 0.01619008 0.01174785 0.009182806 0.003780739 0.001747036
0.2481001 0.2413537 0.2270755 0.2361307 0.1718527 0.1428341 0.1403164 0.2683704 0.1861819 0.1725772 0.1722443 0.1390413 0.1171927 0.1081315 0.1225134 0.1972078 0.1901485 0.1587084 0.1688721 0.1505512 0.1486938 0.1307459 0.1520572 0.1312369 0.08760434 0.06252965 0.06176712 0.0520576 0.05584733 0.05697015 0.05801491 0.0525787 0.06988277 0.06269136 0.06220871 0.1343959 0.1146631 0.1054439 0.1103775 0.09129983 0.09426863 0.08958168 0.06105471 0.04591801 0.05571772 0.04697448 0.05307743 0.04814731 0.04504954 0.0418776 0.03318264 0.01682086 0.01153454 0.01160334 0.01122808 0.0006723483
0.2280867 0.2353975 0.179222 0.1935936 0.1852169 0.1634391 0.1166465 0.1865776 0.2027069 0.139912 0.1576866 0.1272669 0.1038358 0.106657 0.1219387 0.1747919 0.1437335 0.1423699 0.1649643 0.1628995 0.1110949 0.1149857 0.0924167 0.08052243 0.06968042 0.06387554 0.06923682 0.05732761 0.07000138 0.06066924 0.05245504 0.04880806 0.07020747 0.06503634 0.06226419 0.1244127 0.0602292 0.05950649 0.06629907 0.07614332 0.08625522 0.05809843 0.05767139 0.04057104 0.03558101 0.03852123 0.04874393 0.05303724 0.04602732 0.04014487 0.02996659 0.01395428 0.01200491 0.007584361 0.004420526 0.0009475719
0.1677951 0.2011719 0.1598431 0.1726017 0.1872669 0.1685045 0.106883 0.1409239 0.1453849 0.1208656 0.107655 0.1097038 0.1209763 0.1125577 0.1250025 0.1712878 0.1489072 0.1436711 0.1385161 0.142645 0.1052493 0.1216909 0.09165125 0.07341368 0.06445091 0.08522683 0.08047521 0.05879282 0.06098566 0.0585588 0.05747221 0.04725153 0.07393441 0.1066271 0.07477293 0.08768162 0.05613742 0.05477518 0.05698244 0.06631434 0.06125108 0.05686472 0.06398776 0.04125458 0.03791092 0.04134733 0.0464486 0.05638729 0.04528693 0.03546616 0.02913532 0.02125652 0.009143533 0.004450156 0.003536385 0.0003616232
0.1599177 0.1452499 0.1856342 0.2019743 0.1684054 0.1319439 0.09942555 0.09003587 0.1206652 0.09411913 0.1000281 0.1245028 0.1270914 0.1356876 0.1346669 0.1608761 0.1497581 0.1594919 0.1397362 0.1055345 0.08863983 0.07285123 0.08271361 0.07339986 0.07551717 0.09045983 0.0731391 0.09442931 0.07192251 0.07465176 0.104928 0.1206353 0.1159883 0.1171767 0.063822 0.06174555 0.05727525 0.05409052 0.07077993 0.07166368 0.08979907 0.07963151 0.05873164 0.06364435 0.04919033 0.03735555 0.05943251 0.06321066 0.0378002 0.03784019 0.03150825 0.02810371 0.006578188 0.003118994 0.002311451 0.0005090434
0.1699708 0.1508345 0.2351185 0.212619 0.161083 0.1247995 0.1258046 0.1047873 0.08350385 0.1054484 0.1341044 0.199934 0.1679398 0.1561583 0.1685211 0.1734646 0.1520018 0.1742544 0.1856594 0.131043 0.1210578 0.1227005 0.1214405 0.09363998 0.09357532 0.09223969 0.09505334 0.1126159 0.09619833 0.09708475 0.108394 0.1155382 0.1023053 0.06315381 0.05203919 0.04916312 0.05310108 0.0386925 0.04739703 0.09170364 0.1153934 0.09693555 0.08858399 0.06360655 0.06210824 0.06611944 0.11218 0.04766965 0.03745503 0.0514489 0.04825884 0.01546092 0.007103378 0.003135545 0.00226378 0.000335005
0.2475225 0.1790388 0.1746588 0.1931665 0.1831944 0.1504104 0.1687081 0.1223391 0.08279289 0.1010896 0.1214468 0.1655913 0.137353 0.1540682 0.1755233 0.1797777 0.1588008 0.1754018 0.1876964 0.1256859 0.1229965 0.1414569 0.1269231 0.09972038 0.09774534 0.09208293 0.1198301 0.1677337 0.1173979 0.1101435 0.133704 0.09012532 0.07817066 0.05824349 0.05263696 0.04636013 0.06017561 0.05748727 0.03504878 0.04825061 0.05165322 0.08058339 0.04870614 0.04716353 0.04466477 0.09515043 0.06759635 0.05123745 0.04339655 0.0370872 0.02439193 0.01638944 0.005686201 0.003587772 0.002449638 0.0006005261
0.1921204 0.1455727 0.1396167 0.1499756 0.1324349 0.1288081 0.1667418 0.1416897 0.1032233 0.09095822 0.1134902 0.1396391 0.1414078 0.1670189 0.1660528 0.1951083 0.1766445 0.1492486 0.1631862 0.1387185 0.1403227 0.1380751 0.1024648 0.09995387 0.1039426 0.1102 0.1400038 0.1417655 0.1201689 0.1225318 0.1229271 0.08601493 0.06938281 0.05706925 0.05190187 0.04458831 0.04870956 0.06598918 0.0359611 0.04393185 0.04424571 0.04647487 0.04340602 0.04663618 0.04679126 0.04533721 0.03983422 0.03670556 0.03040599 0.02320655 0.01746496 0.007506003 0.004231358 0.00262005 0.002327398 0.0007115668
0.1994493 0.1491591 0.1405751 0.1827012 0.1617651 0.16254 0.1356108 0.1293436 0.119487 0.1027443 0.103618 0.1290538 0.1337109 0.1379067 0.1435538 0.1387637 0.1435116 0.1448556 0.131939 0.1383067 0.1580104 0.1431048 0.1252249 0.1099501 0.1188623 0.1089028 0.1367228 0.1372758 0.1298988 0.1227827 0.1230155 0.08385555 0.07050807 0.06140897 0.05621221 0.04169169 0.03789298 0.03295653 0.02970224 0.03845695 0.03910342 0.04109116 0.04107431 0.05112939 0.04972197 0.04346948 0.04092995 0.03129041 0.02605653 0.01985927 0.01538835 0.004264139 0.002705186 0.001970661 0.001903433 0.001149577
0.2076381 0.145908 0.141518 0.1742104 0.1789499 0.1423093 0.1063372 0.119949 0.1157715 0.1034336 0.09463503 0.1150033 0.09800594 0.08910955 0.09762682 0.1339346 0.1529461 0.1524429 0.1566103 0.2014633 0.198225 0.2171502 0.1889209 0.1344672 0.126187 0.1217564 0.118226 0.124609 0.113539 0.0977168 0.09101754 0.07038154 0.06216491 0.05871611 0.05212697 0.03942574 0.03559951 0.03233342 0.02998665 0.04189166 0.03752705 0.03474726 0.03301118 0.04562877 0.0435169 0.03200391 0.02785723 0.02435995 0.01967082 0.01482406 0.01135091 0.005420211 0.003743459 0.003295783 0.002635312 0.00174209
0.1492529 0.1096241 0.1221179 0.1397385 0.1558459 0.128081 0.08778538 0.1092335 0.0910796 0.08598 0.07559817 0.08847835 0.07068028 0.06015058 0.09523682 0.1736655 0.1071736 0.1265397 0.1762454 0.1752548 0.1588522 0.1921708 0.3078513 0.1686044 0.1285544 0.12725 0.1189356 0.1230632 0.1090185 0.09559297 0.09093583 0.06990488 0.07132429 0.06619773 0.04875509 0.04614411 0.03437897 0.03258022 0.03073343 0.04012203 0.03475842 0.03128762 0.02816229 0.03297085 0.02987808 0.02662148 0.02297249 0.01941575 0.01530304 0.01210311 0.009246459 0.00411616 0.0031859 0.002792308 0.002803664 0.001890212
0.1182703 0.1365399 0.1337727 0.1391377 0.1907276 0.08723049 0.09734485 0.09457336 0.085895 0.07177293 0.07945501 0.0764718 0.05966562 0.06711773 0.07385226 0.1167521 0.1199572 0.1317635 0.1487875 0.1662575 0.1834686 0.2336255 0.232762 0.1391201 0.1371139 0.1227094 0.1195139 0.1304848 0.134481 0.1048038 0.09311996 0.0842265 0.07813671 0.07124817 0.05257968 0.04634006 0.03593432 0.03346529 0.03175572 0.03767367 0.03312115 0.02975792 0.02760977 0.02931133 0.02591937 0.02256025 0.02180041 0.01551969 0.01196889 0.008884593 0.007821959 0.003705019 0.003056461 0.002663248 0.002932317 0.002384212
0.1246007 0.1767066 0.1717737 0.1440587 0.185608 0.07437067 0.0604858 0.08158375 0.08521803 0.06160979 0.05600201 0.06595523 0.07011781 0.04247335 0.07781986 0.1456865 0.1555452 0.1441817 0.1787104 0.1938502 0.2064771 0.1582724 0.1499231 0.1358226 0.1361595 0.1274297 0.1266204 0.13386 0.139215 0.1272504 0.09886088 0.09379161 0.08528961 0.07379477 0.06566537 0.04967855 0.03797779 0.03551045 0.03280513 0.03754391 0.03356844 0.02862564 0.02609012 0.02686923 0.02204783 0.01863508 0.01484206 0.01131213 0.008663503 0.00732077 0.006670686 0.003573814 0.003281919 0.003262399 0.003184264 0.002997703
0.1260899 0.1985489 0.1518348 0.1033086 0.08936952 0.06349669 0.04617488 0.05255103 0.04351543 0.04706263 0.04410081 0.05233129 0.04778805 0.05693503 0.05203694 0.08779576 0.1153765 0.1090641 0.1544969 0.1530074 0.186556 0.1674727 0.1540697 0.1553057 0.1457914 0.1483295 0.1510051 0.1734703 0.1739414 0.1547451 0.1368648 0.130905 0.1267261 0.1153479 0.07712557 0.05513328 0.03975905 0.03433983 0.03024016 0.02849261 0.02729742 0.02518259 0.02253361 0.01098157 0.009100627 0.007430681 0.006234613 0.004127845 0.003521512 0.001839526 0.001690536 0.001900911 0.001755979 0.001953877 0.002525185 0.01331751
0.1181728 0.1354735 0.1064819 0.0943707 0.0632943 0.0444212 0.04233441 0.04898725 0.03721333 0.03629331 0.04124622 0.05879949 0.05204844 0.04847078 0.04842117 0.06572936 0.06796688 0.07860024 0.1177237 0.1289897 0.1539499 0.149411 0.1375386 0.1548778 0.1597484 0.1709632 0.1628789 0.1786388 0.165836 0.1516145 0.1543254 0.1404419 0.1336213 0.1152349 0.08209544 0.05408048 0.04401173 0.0356792 0.03167962 0.02858842 0.02680042 0.02408412 0.02046553 0.009869794 0.007711898 0.005950302 0.00493559 0.00377879 0.003215124 0.001284515 0.001241283 0.001529917 0.00155959 0.00196548 0.0027448 0.01836669
0.08687553 0.1117943 0.1095278 0.06625547 0.05206079 0.04460501 0.04515022 0.05246655 0.03837915 0.03582042 0.04016289 0.06380152 0.05856416 0.06311214 0.06070694 0.05454119 0.05623892 0.06857086 0.09118026 0.1236293 0.1340635 0.1360069 0.1232117 0.1482273 0.162496 0.181093 0.1691132 0.2049975 0.1743439 0.1599736 0.1612115 0.1593263 0.149594 0.1265422 0.09309087 0.06625448 0.04771331 0.03959201 0.03624414 0.0297244 0.02756415 0.02448583 0.02036532 0.009643443 0.00718874 0.005517606 0.006355179 0.004563851 0.003348991 0.001128647 0.001241337 0.001525472 0.001795335 0.003349887 0.007187484 0.0297424
