contrib/geomasonDemos/riftland/DataFiles/RainData/.svn/text-base/6.txt.svn-base
ncols         56
nrows         54
xllcorner     28.264
yllcorner     -5.7719999999999
cellsize      0.25
NODATA_value  -9999
[rows 26 to 51 of 54, columns 0 to 55 of 56]
0.1074964 0.1238257 0.1117963 0.04232783 0.0607981 0.04214872 0.06154302 0.06211381 0.05924982 0.04644858 0.04296712 0.07507167 0.06668362 0.06724118 0.06072664 0.0558402 0.05481477 0.061465 0.07975537 0.1061477 0.1213269 0.1477159 0.1302566 0.1480952 0.1521439 0.155797 0.1808531 0.1940542 0.1860691 0.2002198 0.1998036 0.1852338 0.1677356 0.1281682 0.09834195 0.06451403 0.05332834 0.04433244 0.04202381 0.03200828 0.02958238 0.02618799 0.02178224 0.01190146 0.008221104 0.005927105 0.004999605 0.005446293 0.004594405 0.001467777 0.001510955 0.004022528 0.005878698 0.003606927 0.01370821 0.03748216
0.1141589 0.1613227 0.08577406 0.1119027 0.05671718 0.03716745 0.0741616 0.0563554 0.05388208 0.05296765 0.04609902 0.06791345 0.05733129 0.05256438 0.05659891 0.05292888 0.05232216 0.03882921 0.0498609 0.09399644 0.1100585 0.1241601 0.1511048 0.1937325 0.2162636 0.2060322 0.2086944 0.21536 0.2239313 0.2319362 0.2288125 0.1786061 0.1515363 0.1311925 0.1111418 0.08933237 0.07672315 0.06810635 0.06625415 0.05247153 0.03904048 0.03445883 0.02863745 0.01551615 0.01143341 0.008616074 0.006984081 0.005437181 0.00372446 0.003168443 0.003275299 0.005352834 0.01024382 0.01320824 0.01371745 0.04154664
0.1176124 0.1770307 0.09251323 0.06715984 0.05209527 0.02356593 0.03400559 0.03044927 0.03994384 0.04053373 0.04584766 0.06346135 0.05281224 0.04893354 0.05239931 0.04098933 0.03732923 0.04358335 0.04612867 0.09211282 0.1060282 0.1174943 0.1350908 0.2164967 0.2270106 0.2669931 0.2401693 0.2282726 0.2284885 0.2167116 0.2114632 0.1980724 0.1640269 0.1362575 0.1160979 0.09918722 0.08633692 0.07913608 0.071939 0.05668396 0.04445873 0.03641524 0.03008671 0.01634954 0.01195765 0.009310908 0.00872332 0.005647936 0.004628674 0.00391787 0.003964178 0.01132913 0.01272475 0.01440872 0.01414505 0.04575355
0.1450912 0.1129323 0.09739333 0.03638342 0.03155226 0.01885792 0.02423037 0.03264012 0.03098516 0.04142404 0.04530711 0.06176329 0.0557989 0.05076548 0.05006169 0.04613033 0.03706967 0.04290232 0.05013426 0.09427802 0.1124961 0.1334214 0.1325906 0.1758989 0.2343908 0.2495076 0.2441982 0.2258331 0.2141843 0.2233989 0.2228704 0.2003981 0.1789366 0.1433548 0.1199976 0.1079798 0.09615287 0.08708417 0.08134924 0.05921828 0.04485727 0.03821974 0.03147444 0.01704011 0.01228894 0.009439078 0.009046077 0.006820789 0.008535485 0.007977976 0.008353925 0.01351286 0.01534664 0.01548612 0.01550067 0.04812824
0.2278218 0.1659679 0.09412707 0.02246595 0.01538514 0.01397412 0.02306077 0.03135258 0.03195242 0.04130059 0.04721033 0.05859499 0.05073413 0.04658431 0.04572441 0.06320525 0.06154079 0.04366792 0.04890786 0.1001823 0.1345873 0.1350186 0.1463637 0.1886041 0.2421143 0.2607559 0.2129023 0.2155873 0.2104665 0.2176352 0.2154289 0.178209 0.1621886 0.1378488 0.119877 0.1223275 0.1089476 0.09604229 0.08851612 0.06101499 0.04814898 0.03998928 0.03264202 0.01764536 0.01268101 0.009782865 0.009049997 0.008958066 0.008386206 0.009295036 0.01496571 0.02404491 0.01919179 0.0189881 0.02091976 0.05731324
0.2683369 0.24331 0.1286513 0.03363742 0.02151338 0.01994659 0.0229489 0.0374677 0.0429039 0.05839146 0.06028049 0.05522379 0.05535942 0.05450266 0.06943639 0.1084616 0.1088017 0.09895051 0.09553921 0.157718 0.1761976 0.1782958 0.1845738 0.1979572 0.2719783 0.3057218 0.2533442 0.2130541 0.225567 0.2093297 0.1946439 0.1644264 0.1573462 0.1289572 0.1203168 0.1539459 0.1391151 0.1223968 0.1054834 0.06037886 0.05227713 0.04269719 0.03464619 0.01740194 0.01161708 0.009167355 0.008806527 0.008334349 0.0216055 0.01852548 0.03955222 0.1003168 0.1233751 0.137618 0.1662993 0.1482976
0.2203552 0.1327585 0.109394 0.02751817 0.0223823 0.02084581 0.02346553 0.04147479 0.04378621 0.05025849 0.05295679 0.05029083 0.0509579 0.05370335 0.0554174 0.1088741 0.1275479 0.1253375 0.1145973 0.1561723 0.1703119 0.1783653 0.1831628 0.1932495 0.2437484 0.2767681 0.2624422 0.2107616 0.2151183 0.1983045 0.1827193 0.1612345 0.137544 0.1378211 0.1260891 0.1534319 0.1473173 0.1324115 0.1140018 0.06307792 0.05409633 0.04429593 0.03697422 0.01654739 0.01152843 0.009354779 0.009379656 0.01076665 0.02459578 0.0235414 0.04461768 0.1479325 0.1505574 0.1785776 0.2297252 0.2034672
0.1833032 0.143366 0.1007356 0.02937039 0.02402195 0.02302199 0.02423986 0.04022541 0.04094457 0.04222239 0.05008765 0.04712692 0.04964957 0.06889034 0.0762359 0.1124621 0.1320015 0.1294977 0.1305775 0.1602503 0.1577961 0.1626843 0.1707915 0.1720754 0.2170044 0.2232383 0.2271809 0.2027187 0.2071956 0.1993906 0.1777046 0.1483981 0.1312888 0.1337598 0.1438141 0.1534884 0.14667 0.1306953 0.1118842 0.06356449 0.05434402 0.04468552 0.03885113 0.01770257 0.01313681 0.01167999 0.01235143 0.01588193 0.02372956 0.03167251 0.05024656 0.160624 0.1604578 0.2014309 0.2637714 0.2163005
0.2354957 0.1771034 0.1459602 0.04108465 0.03143226 0.02859285 0.02836547 0.04083488 0.04315369 0.04278338 0.04923568 0.04860774 0.05125895 0.05647396 0.07209251 0.1290163 0.1218119 0.1326461 0.1421098 0.1368036 0.1449798 0.1391044 0.1467825 0.1491516 0.2156986 0.2343026 0.2064452 0.1966106 0.1940588 0.1750086 0.1628036 0.1406773 0.1351767 0.1363905 0.1409352 0.1533908 0.154283 0.1265682 0.1104447 0.05971394 0.05083888 0.04395704 0.04104688 0.01870071 0.01583028 0.01587184 0.01631382 0.02434965 0.03536379 0.04316239 0.09115396 0.1889706 0.1907216 0.2310395 0.3921412 0.3189038
0.2051541 0.1500739 0.1099011 0.05149906 0.03280111 0.03038736 0.04005652 0.04775417 0.04361105 0.04047567 0.04502807 0.03979248 0.04288417 0.04808257 0.05526874 0.064872 0.07173036 0.07544924 0.05579733 0.048499 0.05439655 0.05139729 0.05260283 0.1086955 0.1495624 0.1628477 0.1645718 0.1666346 0.1623881 0.1532004 0.1508925 0.138612 0.1288656 0.1325812 0.1250362 0.1054545 0.09387636 0.08463193 0.07274949 0.0454935 0.03983769 0.03669865 0.03481665 0.02056847 0.02018958 0.02202607 0.0261579 0.06545749 0.07806724 0.07899317 0.1094793 0.1938946 0.2429751 0.2787082 0.326339 0.2784286
0.1872046 0.1089139 0.06734614 0.0376248 0.03603737 0.04166191 0.06189824 0.05479537 0.04027177 0.03810832 0.03981962 0.03935865 0.04211052 0.04755671 0.05315043 0.05810028 0.05594619 0.04654784 0.03800313 0.03293115 0.03050189 0.0515987 0.04655052 0.08810269 0.121852 0.1292431 0.1421255 0.1520102 0.1477514 0.1435901 0.1463968 0.1371061 0.13101 0.1420691 0.1175318 0.09754512 0.07969019 0.07340311 0.06477339 0.04262362 0.0438748 0.03677081 0.03695741 0.02247237 0.02410006 0.02852331 0.03470524 0.07040106 0.08350094 0.09953693 0.1549985 0.2397663 0.2497933 0.2166728 0.2304873 0.2366035
0.1453844 0.112358 0.09173774 0.04714662 0.03571786 0.04155124 0.04372357 0.03741544 0.02999571 0.03550166 0.03815814 0.03687566 0.04354006 0.04822028 0.05575121 0.05394216 0.04793157 0.03941926 0.03262 0.02126337 0.02590454 0.02844926 0.03637893 0.1021649 0.1105618 0.1095292 0.1311642 0.1445027 0.1409055 0.1294748 0.1373783 0.1298675 0.12735 0.1231005 0.1055559 0.08698875 0.07179486 0.06720316 0.05817153 0.04374874 0.03708941 0.0369109 0.0408721 0.02759408 0.0325249 0.0384788 0.04575781 0.08228062 0.1047499 0.1257014 0.1814075 0.346742 0.3836851 0.2622985 0.2096992 0.2306276
0.1077015 0.06504217 0.04345424 0.0393243 0.03017265 0.03663234 0.03167117 0.02691283 0.02777228 0.02791791 0.03597434 0.03528368 0.0443381 0.05028348 0.06222063 0.05113919 0.04616075 0.03467321 0.03691322 0.02499932 0.02126522 0.02612744 0.03740663 0.08340922 0.08543021 0.09648045 0.1162761 0.1366243 0.123193 0.1169227 0.1393483 0.1410926 0.1153079 0.09747037 0.08518037 0.0691089 0.06041866 0.05633441 0.0502996 0.04174355 0.03662374 0.03862592 0.0471936 0.03601105 0.04360874 0.05124933 0.05915347 0.1032694 0.1269614 0.1635977 0.2589916 0.4189548 0.4589623 0.2372432 0.1901516 0.2350628
0.1165947 0.06040651 0.0284291 0.02201435 0.03060097 0.04639269 0.02611263 0.02694148 0.03052831 0.02819618 0.02781037 0.03027564 0.05470567 0.06289179 0.07741269 0.06575485 0.05820187 0.04774019 0.03352234 0.03098759 0.02572232 0.04025277 0.07147553 0.09297732 0.1195721 0.09793519 0.0925016 0.1164038 0.1063748 0.1018554 0.098752 0.09141205 0.08388934 0.07170248 0.06465424 0.04527981 0.04061288 0.036167 0.03470419 0.0487065 0.04384096 0.04648362 0.05547049 0.1043205 0.1072927 0.1255077 0.1313813 0.1577946 0.2170606 0.2354887 0.3180091 0.3717073 0.3500208 0.2455186 0.2625406 0.3002929
0.084 0.05780783 0.02345642 0.02012159 0.0312946 0.03157084 0.01981529 0.02994967 0.02824431 0.02795513 0.02783334 0.03098289 0.04883797 0.05728888 0.07315785 0.05786136 0.04560302 0.03174861 0.03287407 0.02498374 0.02128156 0.02449507 0.0953188 0.06778932 0.09121671 0.1056509 0.08319394 0.09596073 0.09427971 0.09178203 0.08588935 0.07456093 0.06865013 0.06416566 0.05403227 0.03689408 0.03208742 0.02988189 0.02870952 0.04417033 0.0438496 0.04598675 0.06207255 0.1209505 0.1361416 0.1523778 0.1533175 0.1734101 0.2060776 0.2265372 0.357379 0.3956962 0.2799869 0.2563619 0.2503434 0.2331799
0.07853945 0.03696107 0.02748404 0.02360334 0.0223548 0.02335149 0.02084313 0.0274601 0.02797066 0.02801437 0.02788433 0.03191624 0.03348327 0.04368936 0.07101272 0.05089452 0.03497941 0.03107219 0.03183467 0.02003889 0.02218203 0.02384583 0.03469951 0.05204086 0.05963299 0.05673438 0.06340648 0.08540442 0.08471657 0.0808645 0.07723641 0.06304378 0.06315757 0.0569727 0.04767984 0.0321395 0.0273434 0.02615319 0.02635619 0.04330993 0.04015806 0.04667813 0.05924945 0.1290034 0.1487533 0.1727416 0.1768749 0.1639918 0.1836026 0.2610002 0.3047031 0.3005734 0.2794815 0.2424104 0.2445911 0.2177406
0.05007022 0.03234495 0.02773995 0.02059349 0.02425718 0.02173201 0.0223272 0.03059531 0.02794407 0.02796601 0.03122829 0.03215757 0.03366916 0.03793838 0.04636995 0.04785385 0.0446378 0.04104789 0.04278956 0.01913489 0.01992264 0.02295676 0.02186595 0.03650676 0.04334566 0.04268191 0.04977907 0.07475749 0.08061764 0.07176762 0.07706356 0.05479881 0.04977757 0.04903958 0.0397064 0.02834856 0.05517955 0.02392637 0.02540568 0.04102209 0.04024505 0.04353919 0.05991555 0.130272 0.1641188 0.1678693 0.1964901 0.161083 0.2230259 0.2924224 0.3204674 0.2971535 0.2692026 0.2345344 0.2376751 0.1896234
0.04463916 0.03895947 0.01866558 0.001222035 0.001222268 0.004520788 0.003584781 0.009695985 0.001892629 0.001907595 0.0195478 0.01522764 0.003562 0.00373832 0.004325015 0.005945532 0.005548577 0.02712414 0.02645432 0.009631959 0.01046724 0.02094071 0.01350109 0.01591185 0.0186443 0.02381876 0.03144766 0.08124863 0.08617209 0.07396417 0.07544132 0.03324373 0.02936 0.02627508 0.02666877 0.05038185 0.1286039 0.03382116 0.02949093 0.04725512 0.04973719 0.05855763 0.07913575 0.1493735 0.1771724 0.2114282 0.2370997 0.2917607 0.3435044 0.3573931 0.3189174 0.2783263 0.2440167 0.2253138 0.2125523 0.2024686
0.03599472 0.02261707 0.01020444 0.001223875 0.00176699 0.006731616 0.01779086 0.001888781 0.001903258 0.001910599 0.001885632 0.003087642 0.00307706 0.002987998 0.002869552 0.008950402 0.00450258 0.00478179 0.01790711 0.01236798 0.01659137 0.01310395 0.01018198 0.0176004 0.01880092 0.0211979 0.02019095 0.05610717 0.05043922 0.05216732 0.04807581 0.02350072 0.02228589 0.01876529 0.0171541 0.03713023 0.03613296 0.0267221 0.0277791 0.0372842 0.04825445 0.05612477 0.06618125 0.1449482 0.1679239 0.2013801 0.2084796 0.2720737 0.36307 0.3224419 0.3320992 0.2405021 0.1856485 0.2122175 0.197364 0.2031381
0.07064693 0.0143505 0.005834255 0.001221592 0.001235592 0.002312426 0.008170972 0.00189477 0.009370941 0.002437138 0.001888507 0.01076037 0.003067741 0.002967195 0.01002903 0.004121128 0.004148743 0.009159821 0.004569535 0.01228456 0.01317474 0.01153128 0.01227448 0.01744398 0.02492466 0.01722375 0.01579986 0.04163829 0.04894391 0.04118092 0.03830685 0.0168064 0.01540772 0.01396554 0.01417884 0.02712152 0.02614959 0.02824636 0.0302976 0.04895692 0.05096138 0.04990214 0.06442253 0.1402232 0.1662086 0.2065719 0.2240767 0.2635433 0.3325594 0.3205795 0.3207429 0.2256067 0.1853556 0.202887 0.1995816 0.2084937
0.03385235 0.01760855 0.004900344 0.001222366 0.001222682 0.001656182 0.00716257 0.001900673 0.001901547 0.01124901 0.001898779 0.003074585 0.003050303 0.002968575 0.002839419 0.00408564 0.008477318 0.004008579 0.004293452 0.007934042 0.01141229 0.01955271 0.00780789 0.01763903 0.01772895 0.01308906 0.01673851 0.04541382 0.04880501 0.03824034 0.02911841 0.01371598 0.01539772 0.01392215 0.01614961 0.0227633 0.02792376 0.02974853 0.03595438 0.0565747 0.05321447 0.06002243 0.07256856 0.1607192 0.1811367 0.196442 0.2231791 0.2675014 0.2769542 0.3191668 0.3441859 0.2435294 0.1969038 0.2174059 0.2391213 0.234477
0.01079431 0.001375642 0.001772554 0.004142807 0.004081364 0.003928437 0.003845712 0.001891833 0.001911505 0.001903931 0.001888061 0.001890423 0.001862017 0.001823633 0.001733148 0.01092813 0.002077375 0.001954878 0.01086549 0.007298099 0.007331956 0.01333237 0.009041695 0.02626876 0.01143002 0.04673099 0.02553017 0.03155573 0.02353362 0.02272907 0.01644371 0.02258399 0.02077019 0.02049261 0.0196376 0.04406134 0.03833475 0.03879523 0.04853338 0.0816424 0.1097029 0.1269079 0.1398676 0.1702047 0.1923916 0.2071692 0.2093865 0.1918907 0.2694958 0.2659664 0.2160084 0.2822269 0.2655882 0.2463179 0.2587448 0.2494142
0.002255845 0.001229145 0.001578798 0.004346061 0.004200527 0.004305541 0.004357328 0.001879708 0.001904674 0.001902789 0.001885776 0.001886957 0.006011182 0.003857724 0.001722888 0.00216106 0.002058952 0.001945971 0.001795796 0.002678383 0.002787046 0.005896813 0.04983163 0.03431715 0.01173869 0.01223538 0.02293278 0.02099008 0.01301019 0.01174435 0.01437339 0.02108599 0.02086558 0.01878722 0.02189834 0.03597726 0.03921971 0.04546225 0.05673375 0.1108372 0.1270401 0.1395294 0.1569318 0.1740322 0.1753619 0.2413735 0.2193001 0.2089496 0.2509244 0.2215126 0.204874 0.275 0.250126 0.2192857 0.2148117 0.2327197
0.00116556 0.001231213 0.00123179 0.01387025 0.004292824 0.004423267 0.004687873 0.001884882 0.001890155 0.001892667 0.001883533 0.00189261 0.001852343 0.001796551 0.001794207 0.003332269 0.004325213 0.004147867 0.003157466 0.003134626 0.003258002 0.008669717 0.01227976 0.01467888 0.01123142 0.01046892 0.01971849 0.02740471 0.01427836 0.01437279 0.01586083 0.02234626 0.01977471 0.02076812 0.02446519 0.0390492 0.04398093 0.0511289 0.06138508 0.1349752 0.1480616 0.1419945 0.1498306 0.1894417 0.2088578 0.2335383 0.2184107 0.1522269 0.2154202 0.2139496 0.2139076 0.2740756 0.2631513 0.2252101 0.2336975 0.2338655
0.001145357 0.00123088 0.001228977 0.005336172 0.01709873 0.005344081 0.004612901 0.009509525 0.009391055 0.00187444 0.001869671 0.00188232 0.001877438 0.001763555 0.002721851 0.00600705 0.006612422 0.006054552 0.005111367 0.005258603 0.00528127 0.009718139 0.01610753 0.01389219 0.01303805 0.01063941 0.0431445 0.03252164 0.01259007 0.01424797 0.01619637 0.01845319 0.01913699 0.02175053 0.02602598 0.0408472 0.04671472 0.05434379 0.06744867 0.1366451 0.1554734 0.1613286 0.1618393 0.1665921 0.209429 0.2330403 0.1704388 0.1460924 0.2004622 0.2142017 0.2196219 0.2850839 0.2710504 0.2259664 0.2556303 0.2368908
0 0 0 0 0.008936465 0 0 0.0007381765 0.0007388307 0.0007432748 0.0008053927 0.004534308 0 0.001595907 0.003843684 0.006187988 0.006718069 0.006501658 0.005713305 0.005329013 0.005645929 0.006100358 0.006013431 0.009077533 0.007727779 0.007842 0.009518608 0.01384085 0.01117782 0.01163445 0.01149498 0.01879878 0.019609 0.02321107 0.02796586 0.03728512 0.04146726 0.04663773 0.07817762 0.1417167 0.1932188 0.211347 0.2233058 0.2178254 0.2330832 0.2336462 0.193646 0.1267227 0.2027731 0.1956722 0.2273949 0.245042 0.2242437 0.2199579 0.2604622 0.2092017
