contrib/geomasonDemos/riftland/DataFiles/RainData/.svn/text-base/64.txt.svn-base
ncols         56
nrows         54
xllcorner     28.264
yllcorner     -5.7719999999999
cellsize      0.25
NODATA_value  -9999
[rows 0 to 27 of 54, columns 0 to 55 of 56]
0.03031802 0.03342854 0.05092288 0.05019825 0.05489155 0.06438445 0.06257 0.04964952 0.04735263 0.0283583 0.02517435 0.04845652 0.05761613 0.03469535 0.05392223 0.05388311 0.05509059 0.06073005 0.05277523 0.04274628 0.04443741 0.04879782 0.06163529 0.0577425 0.0623837 0.08899291 0.1451338 0.1739292 0.2261629 0.2059301 0.2409488 0.2545096 0.2059905 0.2172773 0.201484 0.1640144 0.1619691 0.152455 0.1760503 0.1095434 0.09781753 0.06342341 0.05770681 0.07976115 0.1354664 0.1193731 0.1097005 0.1090181 0.1167999 0.1523446 0.1588453 0.1504905 0.174884 0.1478284 0.1216393 0.09869093
0.03418154 0.02135302 0.05092934 0.06480184 0.06092763 0.06311882 0.05502423 0.0489085 0.05375018 0.0475427 0.02140969 0.04451051 0.05190366 0.04403951 0.04659386 0.05966211 0.05146954 0.06143929 0.0448859 0.04560936 0.07094802 0.05410125 0.0503696 0.07995851 0.08299304 0.1520408 0.2239108 0.2278148 0.2236159 0.2485693 0.2767009 0.1869688 0.2247981 0.230204 0.2406361 0.1691495 0.1569877 0.1519615 0.1384321 0.08646636 0.1208156 0.1110769 0.10436 0.1234684 0.1145951 0.08416022 0.09175384 0.09287263 0.152618 0.1130943 0.1682513 0.1349123 0.1387024 0.09644381 0.09058049 0.1114947
0.03533848 0.04207448 0.04760883 0.06327251 0.05984037 0.05839359 0.04957893 0.04742312 0.04515645 0.03958012 0.04087111 0.07024027 0.07901555 0.07579463 0.06636979 0.06921013 0.07667575 0.06506103 0.05829883 0.07299728 0.07521684 0.06292163 0.04510516 0.09773678 0.1506789 0.2549739 0.2289596 0.269072 0.3194397 0.3047059 0.3116506 0.2204526 0.2398401 0.259182 0.2131007 0.1915299 0.1734225 0.2204887 0.1478591 0.1009095 0.1502784 0.1526891 0.160337 0.1295071 0.09660147 0.08609024 0.07967387 0.1118108 0.1580136 0.1456528 0.1960054 0.1797247 0.1313212 0.09293031 0.1050391 0.09310502
0.04169952 0.06162005 0.06147749 0.07009079 0.05239929 0.06032293 0.06774848 0.0627163 0.04762892 0.03917174 0.04424639 0.06681719 0.07787915 0.07239847 0.05481906 0.06666198 0.09133418 0.09058715 0.07553984 0.08188559 0.0800379 0.06188294 0.05182871 0.09043464 0.2244182 0.385715 0.2639133 0.3220903 0.3334132 0.3343671 0.3554966 0.3009484 0.2917475 0.2655238 0.2440195 0.2116233 0.2310009 0.2308545 0.1602902 0.150961 0.1972872 0.1954418 0.1981954 0.1975984 0.1624619 0.1396908 0.2006589 0.1757966 0.1948723 0.1620239 0.1824542 0.1621579 0.1668643 0.1779785 0.1311727 0.1091427
0.05267122 0.0562536 0.05814156 0.07614776 0.06594206 0.07159334 0.0653108 0.04940748 0.07479431 0.0638482 0.05965433 0.04948632 0.04737326 0.06064694 0.0461168 0.06252081 0.08340445 0.0933563 0.1095258 0.1063461 0.101133 0.1011119 0.1037955 0.1161867 0.1207973 0.1219711 0.1709774 0.2785487 0.2912171 0.2755797 0.3050344 0.3610505 0.3100404 0.244088 0.230546 0.2261909 0.2220171 0.2049753 0.1628192 0.221807 0.2782915 0.2285825 0.2720316 0.2686338 0.2544263 0.2208038 0.2982862 0.2789297 0.2552602 0.1965177 0.1995105 0.1753363 0.1932515 0.2318524 0.1526476 0.09873759
0.06550995 0.06829687 0.05407703 0.05062617 0.05052038 0.05418463 0.04993504 0.06364097 0.09230653 0.08284694 0.07452787 0.09579792 0.06647898 0.06407471 0.07409024 0.06855781 0.04822025 0.04864712 0.08900966 0.1138334 0.142284 0.1428015 0.1275215 0.1317984 0.0947974 0.1177298 0.1501744 0.2417165 0.2633535 0.2022605 0.3116451 0.2739322 0.2038707 0.2205476 0.2718033 0.2538646 0.2181365 0.2139843 0.23085 0.3143521 0.3275383 0.2301365 0.2267042 0.3070817 0.3422442 0.3067944 0.3173431 0.2401225 0.2152131 0.2045787 0.1787421 0.1260273 0.1955617 0.1594918 0.1015543 0.04788426
0.1116267 0.07423831 0.06615403 0.04805726 0.06398261 0.05979566 0.06305301 0.1051859 0.09199523 0.1330599 0.1143608 0.1284274 0.09985228 0.0704813 0.05565369 0.1297041 0.07179488 0.04414498 0.08793932 0.112707 0.1366314 0.1396906 0.1245717 0.1439264 0.1326959 0.1561631 0.1592361 0.2175691 0.1976901 0.224785 0.2758098 0.2579099 0.1920578 0.2633502 0.2382059 0.2751521 0.2398404 0.2050294 0.207072 0.2898999 0.2915025 0.2409085 0.2915427 0.3782047 0.331927 0.3569026 0.2871329 0.2095496 0.1990131 0.1815592 0.1518312 0.1588335 0.2331004 0.1948073 0.1587259 0.08733378
0.09911851 0.07307292 0.074265 0.05924168 0.0683042 0.07248854 0.07283471 0.1161946 0.09845568 0.1242155 0.1020847 0.1245327 0.1085244 0.06044275 0.05765544 0.135067 0.08867529 0.07408312 0.09144016 0.170401 0.1269222 0.1044739 0.0875893 0.08462088 0.1221519 0.1741288 0.1553567 0.1807609 0.1464288 0.1801877 0.2335139 0.2153773 0.2446242 0.3194409 0.2748806 0.2931505 0.2822527 0.21785 0.2489626 0.2627714 0.2875524 0.303448 0.3573544 0.3682913 0.3691788 0.3106124 0.2757011 0.19334 0.2016946 0.1790148 0.1343434 0.1695579 0.1973626 0.1769029 0.2289708 0.2120164
0.1372248 0.0818059 0.08198352 0.08103985 0.0952023 0.1009642 0.09271164 0.1005493 0.08528287 0.1126026 0.08791824 0.1491513 0.1299146 0.09524513 0.09022857 0.1172027 0.1028711 0.0825597 0.1118571 0.2055551 0.09305999 0.07954754 0.08594168 0.1124511 0.1561148 0.1809573 0.1509461 0.130668 0.1455455 0.1420195 0.1680275 0.2410433 0.2823709 0.2676795 0.3067738 0.364226 0.3028651 0.3054177 0.2990622 0.2237885 0.2750227 0.3122332 0.317223 0.3472282 0.3893637 0.269328 0.2706207 0.198152 0.1706496 0.1859979 0.1797425 0.1732919 0.1685515 0.1648619 0.1589583 0.1885345
0.1873875 0.1236289 0.1406032 0.1289039 0.1043593 0.1137608 0.1206049 0.1055003 0.103407 0.08373433 0.08693115 0.1456868 0.125404 0.07314567 0.1182549 0.1269123 0.1159656 0.1190933 0.1186184 0.1093105 0.09386697 0.08943002 0.09953251 0.1404381 0.143422 0.135407 0.1163069 0.1247624 0.1542643 0.1613327 0.1685813 0.2273187 0.2955105 0.2977605 0.2552992 0.3393002 0.3102748 0.3157192 0.3002714 0.2632329 0.3186915 0.349593 0.3350227 0.3470734 0.3379077 0.3105355 0.2977343 0.1751457 0.1791968 0.203748 0.2158189 0.1669087 0.1389438 0.1575598 0.12164 0.1190702
0.1854845 0.1432168 0.1526111 0.1283443 0.103371 0.1173732 0.1401283 0.137622 0.1389976 0.1153312 0.1115325 0.1531557 0.1293958 0.09138639 0.1116346 0.1359454 0.1473325 0.1480091 0.1027717 0.0693742 0.09508713 0.1000369 0.09135316 0.1207535 0.1559096 0.1308082 0.1027712 0.1090246 0.1448604 0.2261986 0.2261353 0.2353622 0.319526 0.3541554 0.2747797 0.3101939 0.344339 0.3015569 0.3388843 0.2884669 0.3557359 0.3123842 0.4509738 0.4940607 0.4041833 0.2878247 0.2783426 0.2089808 0.1835965 0.194594 0.1931143 0.18564 0.1494882 0.09660868 0.1093463 0.08856244
0.1984721 0.1857412 0.1962104 0.1417452 0.1484179 0.1301337 0.1724179 0.1741458 0.1558427 0.1491632 0.1831072 0.1828363 0.1313872 0.1136751 0.1150345 0.1004665 0.1076497 0.1167833 0.06831535 0.089091 0.08132164 0.06937601 0.0925381 0.1117392 0.125138 0.1314014 0.1312209 0.1605656 0.2084038 0.2245367 0.2054562 0.201704 0.2222928 0.2621063 0.2520315 0.2476769 0.2472118 0.2637725 0.2152288 0.1988531 0.231092 0.2399719 0.3137521 0.3230225 0.2558085 0.1746374 0.1871443 0.1826702 0.1883888 0.1534158 0.1674336 0.165457 0.1606533 0.1221612 0.10293 0.09975792
0.2396961 0.2150328 0.2386177 0.1730539 0.1336717 0.1620324 0.2012832 0.2091761 0.1521945 0.1758598 0.2615041 0.2876514 0.2225713 0.1669858 0.1464086 0.1388719 0.1180416 0.1125957 0.09295008 0.1326694 0.1270241 0.1147178 0.114944 0.1282133 0.1173991 0.1081748 0.1282996 0.1564136 0.1856543 0.1985588 0.2093201 0.1916622 0.1890562 0.2232615 0.2367642 0.2098609 0.2241178 0.2219974 0.2126809 0.2103166 0.1853157 0.2244944 0.2730905 0.2964709 0.2667069 0.2271603 0.1851618 0.1713783 0.1904597 0.1778725 0.1475074 0.1492573 0.1277569 0.1128876 0.07819843 0.08165445
0.1800932 0.1881875 0.2105042 0.156049 0.1233958 0.1175082 0.1696499 0.1999842 0.1697853 0.2130933 0.2136367 0.2900712 0.2316977 0.1874068 0.1757618 0.1872977 0.1742213 0.1178035 0.1081426 0.1123455 0.1144278 0.139721 0.1244121 0.1743325 0.1376004 0.1602508 0.1408119 0.1137337 0.1680241 0.2293337 0.2506903 0.1444825 0.1933248 0.1976835 0.2348421 0.2535604 0.2261119 0.2079949 0.2142612 0.17072 0.1826088 0.1996824 0.2362857 0.2705741 0.2008832 0.2040021 0.1691995 0.2112908 0.216254 0.2143321 0.1580749 0.1685467 0.1537425 0.1530636 0.194496 0.109509
0.1756761 0.1717859 0.2227503 0.1951409 0.1606218 0.162148 0.1873501 0.2350002 0.2275006 0.2308051 0.2167389 0.2904435 0.2564648 0.1998301 0.16924 0.2623626 0.2266025 0.1609764 0.1361936 0.1272714 0.1259411 0.1436669 0.1596697 0.2109207 0.1988065 0.1346508 0.1069716 0.09172051 0.1205097 0.210113 0.2201431 0.1587711 0.1879985 0.1847595 0.1951517 0.1980789 0.2233718 0.2119364 0.1646099 0.1322818 0.1289842 0.1965615 0.2355343 0.2475832 0.1869522 0.1732204 0.1756602 0.1648398 0.2402003 0.2248611 0.1777357 0.2043995 0.171431 0.1640367 0.116555 0.07975966
0.1769131 0.310727 0.2805179 0.2987637 0.3154637 0.3826638 0.3108041 0.283299 0.3191788 0.3078951 0.2995352 0.3221861 0.3407067 0.2869148 0.2029364 0.235072 0.2100366 0.1806912 0.2005002 0.1341354 0.0728329 0.1007359 0.1465794 0.1740834 0.1397192 0.150976 0.09793895 0.08297911 0.1047779 0.1456969 0.1725118 0.1592986 0.1804175 0.181708 0.186585 0.2142704 0.2208886 0.221546 0.1513966 0.1523844 0.1482743 0.1560872 0.175657 0.186915 0.1537665 0.2132365 0.2573953 0.1695685 0.2100396 0.1992852 0.214742 0.257084 0.1950045 0.1662867 0.1046373 0.1035591
0.3712563 0.3959382 0.2593112 0.357394 0.2940118 0.3992425 0.3916908 0.3755018 0.3266509 0.331129 0.3135217 0.2789879 0.3316653 0.1979991 0.232493 0.2310824 0.2056718 0.1796651 0.1829268 0.1208259 0.04722131 0.06358733 0.07201323 0.1215655 0.1226583 0.1018188 0.086621 0.112514 0.1001657 0.1187704 0.1588709 0.126342 0.1597152 0.1739749 0.1778002 0.2164302 0.1947504 0.163927 0.2012659 0.1660224 0.1884614 0.192312 0.1438625 0.1172684 0.1331182 0.1878236 0.281454 0.2101924 0.1772095 0.1792868 0.2350551 0.2915431 0.3078045 0.1937637 0.1287729 0.1160709
0.3593509 0.3664322 0.310976 0.3106593 0.2801907 0.2836785 0.265946 0.2909868 0.3005128 0.3100754 0.2932407 0.254223 0.2746166 0.2321654 0.3014272 0.2826061 0.2524658 0.2095668 0.1814709 0.1231381 0.06416969 0.1045316 0.08313397 0.1226455 0.1209118 0.1222181 0.1203928 0.1045593 0.1058939 0.1121571 0.1420426 0.1395918 0.2197589 0.2113219 0.2046208 0.25799 0.2212086 0.1370568 0.1453798 0.1560285 0.1528762 0.1593651 0.152112 0.1401748 0.1476194 0.1515957 0.1697213 0.173385 0.1518619 0.1536693 0.1637656 0.2075878 0.2067185 0.1542055 0.1621573 0.1887419
0.4785545 0.3610903 0.2364594 0.2914888 0.3161687 0.2752222 0.2538231 0.2623109 0.2992072 0.3266245 0.2315427 0.2187034 0.244807 0.2297865 0.3113357 0.3454104 0.2818265 0.2514684 0.2428411 0.2141749 0.1552641 0.1163012 0.08309732 0.1068859 0.1082431 0.1075722 0.1297609 0.1364092 0.1268224 0.1041633 0.1628971 0.1609408 0.197684 0.2418848 0.2373396 0.2639365 0.2327098 0.1452192 0.1297934 0.1447177 0.1326568 0.1456396 0.175506 0.1455289 0.1394124 0.1327587 0.1182648 0.1479737 0.1497998 0.1323406 0.1375967 0.126072 0.122433 0.1256567 0.1402769 0.1663537
0.6150671 0.3763208 0.3072974 0.4583148 0.4550577 0.7070958 0.4163544 0.3317288 0.3816578 0.3700596 0.3564881 0.3007355 0.3211364 0.2557575 0.3330981 0.3261842 0.3291913 0.312795 0.3253443 0.3184296 0.2262163 0.1481083 0.1213132 0.1376564 0.1161228 0.1228683 0.1301976 0.1186935 0.1192758 0.1200762 0.1153724 0.1819161 0.2076239 0.2444457 0.2849563 0.3343268 0.2691853 0.1588199 0.1335847 0.1601378 0.1562548 0.1832416 0.1994946 0.1898734 0.2044581 0.1861031 0.1610663 0.1928619 0.1784414 0.1767671 0.1746481 0.1363247 0.1289364 0.1813345 0.2028461 0.1883046
0.5925124 0.4018543 0.3853564 0.4340043 0.4149881 0.4455556 0.3734529 0.3169911 0.3320995 0.3733287 0.3948838 0.3040262 0.2485217 0.2582629 0.2734544 0.284359 0.3235116 0.34167 0.3929776 0.3776684 0.2925817 0.2047405 0.1372969 0.1656766 0.1408506 0.1703436 0.2217111 0.1529982 0.1122674 0.1312513 0.1363998 0.1867056 0.1817814 0.216093 0.2623459 0.2743705 0.2342251 0.1830381 0.18953 0.2028005 0.2219269 0.2742459 0.2418247 0.2710333 0.2157527 0.1906828 0.220167 0.230728 0.2389908 0.2430098 0.2253895 0.2320521 0.177359 0.2069024 0.2606602 0.2355247
0.3928297 0.4222824 0.409696 0.3216956 0.253625 0.2313642 0.2944148 0.3079164 0.2889639 0.2947506 0.3298962 0.4624595 0.2552622 0.2457991 0.3011799 0.2893561 0.2928744 0.3688128 0.3366001 0.3465749 0.2891317 0.2122837 0.1722743 0.276856 0.17681 0.1990597 0.3035744 0.1959479 0.1300475 0.1247424 0.1459908 0.187183 0.181872 0.1781355 0.2011844 0.1639189 0.2166791 0.2424068 0.2850617 0.270879 0.2656378 0.2997649 0.3100016 0.290661 0.22735 0.2137805 0.2568866 0.2367454 0.2712637 0.2942237 0.2992285 0.2909165 0.2718045 0.21343 0.232214 0.2243545
0.4242603 0.320659 0.2460196 0.2229515 0.3479574 0.3391523 0.3060795 0.3101152 0.2900996 0.3086387 0.3000892 0.2760691 0.2508067 0.2603888 0.3351583 0.3900567 0.3863564 0.3176129 0.2875321 0.3144965 0.2787604 0.2011521 0.1654868 0.2223198 0.2094812 0.2695855 0.3141846 0.2761905 0.1903493 0.1868805 0.1903606 0.1819823 0.1944754 0.2043793 0.2268172 0.1898896 0.2396708 0.3356608 0.3278832 0.2667225 0.2724029 0.2808439 0.2830499 0.270388 0.2563837 0.236155 0.3134655 0.2896293 0.2683389 0.30953 0.3500017 0.3541388 0.2723881 0.2665125 0.2153657 0.2290968
0.3036418 0.2885818 0.29531 0.389233 0.3523646 0.3686065 0.2882966 0.2241395 0.1914165 0.2598989 0.21413 0.2353904 0.2145811 0.3060944 0.3670513 0.4172852 0.3569307 0.3248717 0.3441252 0.4135868 0.410755 0.3235618 0.2589307 0.2805015 0.2819213 0.2913695 0.3010303 0.3404654 0.3135316 0.3120082 0.2526279 0.2601545 0.2835162 0.3058287 0.3276745 0.3361732 0.3578204 0.3977606 0.366096 0.2628942 0.2760483 0.3191198 0.2908847 0.2428364 0.2853631 0.2899849 0.3975275 0.3714084 0.2623393 0.2409312 0.2746221 0.4030107 0.3805071 0.5386709 0.3794336 0.4831456
0.25731 0.249541 0.3328994 0.4451361 0.4263982 0.3313992 0.2256699 0.1931053 0.1285181 0.1471531 0.1315525 0.1632903 0.2566127 0.3059262 0.2804084 0.3249067 0.235181 0.2872419 0.3233055 0.3734511 0.455061 0.3881299 0.2990651 0.2784186 0.291824 0.3156725 0.3509827 0.4588628 0.4072193 0.3704224 0.3261663 0.3001033 0.3070047 0.3429132 0.3780023 0.4310353 0.4297614 0.4518029 0.4937516 0.3820909 0.3036596 0.3138165 0.3114788 0.2599479 0.2587236 0.2516686 0.2439649 0.2477478 0.2138076 0.2230348 0.4047378 0.5391753 0.4143515 0.4034516 0.3063759 0.3320043
0.2779039 0.1950864 0.2606034 0.4337469 0.47337 0.3109643 0.2368609 0.1821163 0.1004748 0.07865333 0.08246564 0.1195335 0.1968494 0.3148261 0.4029537 0.2869547 0.2387753 0.2321352 0.3047851 0.3389904 0.4164071 0.3592965 0.2543685 0.3304157 0.3714618 0.3915538 0.3386223 0.4381803 0.4580295 0.4078746 0.3451464 0.3304163 0.3156599 0.3549572 0.4295101 0.4679572 0.5207712 0.5138939 0.5341973 0.4114005 0.2917206 0.2612385 0.2799873 0.2242617 0.2496871 0.3355758 0.2549016 0.2050039 0.2039074 0.2623932 0.4290091 0.5302631 0.3751421 0.3774993 0.3410893 0.331667
0.1845227 0.2246831 0.2681456 0.3317257 0.3060124 0.2649965 0.2234054 0.187397 0.1145182 0.0790332 0.1421853 0.140618 0.1151581 0.1875694 0.1894026 0.2347802 0.2899023 0.2266953 0.1872388 0.2635942 0.3630444 0.3115232 0.2947628 0.3255161 0.3393718 0.3434543 0.3279863 0.3939912 0.4074536 0.3821766 0.3492084 0.3343613 0.3200358 0.3503616 0.4116528 0.550396 0.5833885 0.5234061 0.5506223 0.4336558 0.3624152 0.260042 0.2691013 0.2099413 0.2661844 0.2938112 0.2789642 0.2157892 0.2050679 0.2724273 0.2740093 0.2713381 0.3239393 0.348908 0.3062605 0.3441342
0.2651652 0.2762967 0.2939481 0.3611115 0.3236241 0.2558011 0.1759491 0.1936674 0.139691 0.1212874 0.1533844 0.1718163 0.1415801 0.107631 0.1111128 0.16164 0.2205962 0.2476401 0.2394614 0.2578116 0.3063889 0.3588477 0.3204367 0.3289997 0.3312461 0.350388 0.3671075 0.4024692 0.3867951 0.4054947 0.3896679 0.3210809 0.3188812 0.3389512 0.378127 0.5275223 0.5579462 0.605429 0.5894096 0.5023553 0.4326354 0.3760872 0.3138348 0.2435717 0.2728556 0.2361245 0.2306569 0.2173214 0.2217366 0.224353 0.2336375 0.2551127 0.3544306 0.2790073 0.2630782 0.256426
