contrib/geomasonDemos/riftland/DataFiles/RainData/.svn/text-base/66.txt.svn-base
ncols         56
nrows         54
xllcorner     28.264
yllcorner     -5.7719999999999
cellsize      0.25
NODATA_value  -9999
[rows 26 to 51 of 54, columns 0 to 55 of 56]
0.07725099 0.07281331 0.07784482 0.08365368 0.06757999 0.07403658 0.07392215 0.06574471 0.05583776 0.05746842 0.07715483 0.09439851 0.09278864 0.07673213 0.07868952 0.07686242 0.0792018 0.08211699 0.08111392 0.08268039 0.09586322 0.09598658 0.1195623 0.1641311 0.1743421 0.1460366 0.1502908 0.1885942 0.1928479 0.1678979 0.1429722 0.1146864 0.1023329 0.1139913 0.08628792 0.03170197 0.00966286 0.005886949 0.005816045 0.009436761 0.01059375 0.01149663 0.01222957 0.01323425 0.01344117 0.01490097 0.015461 0.01230902 0.008765872 0.008038835 0.01703182 0.05181332 0.04857555 0.01922237 0.03047221 0.04043774
0.0741872 0.1045667 0.08492684 0.1000263 0.09171078 0.08869513 0.08765378 0.1059544 0.09020346 0.1099138 0.1024711 0.1420025 0.1012158 0.09010311 0.09051789 0.08875012 0.1255387 0.1082711 0.119225 0.1019243 0.09616287 0.1222882 0.1186074 0.1532726 0.1580323 0.1443062 0.1400095 0.1744813 0.1731754 0.1595006 0.1482074 0.1264595 0.1258857 0.1009576 0.07075576 0.04124688 0.008761337 0.005053062 0.005801841 0.008509638 0.009872549 0.01060757 0.01094479 0.01178247 0.0133096 0.01359328 0.01118523 0.01031807 0.01803558 0.01810389 0.03806055 0.06193464 0.04923655 0.05981158 0.052799 0.08642842
0.115426 0.1314824 0.09620869 0.09756672 0.0963942 0.09165718 0.08061863 0.1048518 0.0880273 0.0804607 0.06806044 0.0802986 0.07112905 0.08166527 0.0889335 0.09447134 0.1050952 0.1380391 0.1606428 0.1289494 0.1095967 0.1009974 0.1375277 0.1949858 0.185206 0.1857395 0.1913986 0.180641 0.1637537 0.162144 0.1728901 0.1446593 0.118781 0.1003167 0.06733572 0.0229533 0.0109745 0.009132167 0.006760411 0.00891321 0.009435055 0.01035412 0.01122823 0.01254143 0.0168518 0.01326709 0.01381063 0.02042823 0.02128411 0.01927009 0.01962428 0.03615125 0.05478248 0.06397048 0.1153363 0.1133897
0.1246103 0.12027 0.1134904 0.1005458 0.09788434 0.08489925 0.06838681 0.06750222 0.0704082 0.05573364 0.06354335 0.1059957 0.0775592 0.08115798 0.09173836 0.1005034 0.1027645 0.1151171 0.0833948 0.1127912 0.09811632 0.1226917 0.1963684 0.1814554 0.2203191 0.2042314 0.2183208 0.2085871 0.1615136 0.164644 0.1442112 0.1325701 0.1160986 0.09375364 0.06072937 0.03412312 0.007986953 0.004152036 0.00597574 0.008738054 0.009707956 0.01070869 0.01179917 0.01333522 0.01355303 0.0140886 0.01440033 0.02274673 0.02140243 0.01347722 0.01831562 0.03635306 0.03186308 0.07774022 0.1325096 0.07491557
0.1143355 0.108264 0.1078555 0.08737606 0.06174445 0.03937672 0.04297525 0.04013796 0.04102996 0.04321318 0.0446756 0.06772908 0.06426401 0.07190671 0.08197273 0.07695627 0.09551354 0.09750287 0.0830001 0.08699928 0.1058352 0.09553339 0.1413242 0.1750151 0.1952778 0.1987607 0.160075 0.1864065 0.1701724 0.1600381 0.1351954 0.1164091 0.1180568 0.07871571 0.06507435 0.05253471 0.03109144 0.004695359 0.008633131 0.009583713 0.0105282 0.01579788 0.01561896 0.01449124 0.0148221 0.01598167 0.01824865 0.01667909 0.01658332 0.01952202 0.02733522 0.02479968 0.03681869 0.05001023 0.06502039 0.06510948
0.1345656 0.1452309 0.1066232 0.06566329 0.04116479 0.03002577 0.03637176 0.05080621 0.06037479 0.05820877 0.05307337 0.06449129 0.07086122 0.08708371 0.09623126 0.1186039 0.150748 0.1628583 0.12274 0.09485505 0.09772104 0.09863597 0.1418865 0.1325514 0.1482448 0.1175245 0.1039836 0.136085 0.1582205 0.1457066 0.1250809 0.1092255 0.09270928 0.06441748 0.048168 0.03220098 0.02644519 0.01018576 0.0102767 0.01044243 0.0113269 0.01339077 0.01401842 0.01811806 0.01858346 0.01953466 0.02059444 0.04083302 0.02733118 0.03742976 0.0508888 0.06205068 0.04807523 0.04147639 0.07324319 0.1121492
0.1576078 0.1359605 0.09956699 0.05695942 0.04055693 0.04022101 0.05123899 0.0628451 0.0631297 0.05484856 0.04783017 0.06194753 0.07337628 0.1087059 0.1347082 0.1813847 0.1426145 0.1273515 0.1298308 0.1336612 0.1111201 0.09586334 0.114626 0.1162526 0.1160928 0.1371376 0.1037657 0.1289471 0.1454815 0.1415385 0.1128403 0.09524611 0.07225842 0.06124381 0.04645211 0.02198329 0.01444715 0.009217765 0.00956137 0.0110898 0.01193239 0.01436758 0.01495498 0.01898184 0.02022454 0.02086716 0.02377572 0.03070066 0.03118375 0.03559003 0.054786 0.07135706 0.03516196 0.09171845 0.1256181 0.1139808
0.1388651 0.09832196 0.06278144 0.0486319 0.03077442 0.03368685 0.04655927 0.05731774 0.05667476 0.04565335 0.04550099 0.06128516 0.07372864 0.1166978 0.1355264 0.1304677 0.1603444 0.1759844 0.1352152 0.1030845 0.08256489 0.1003552 0.1148674 0.08229021 0.08851273 0.1283507 0.134212 0.1234944 0.1243633 0.1236947 0.1081696 0.09072303 0.06766634 0.05844439 0.0531778 0.0235047 0.01331936 0.00934736 0.009734945 0.01141525 0.01229818 0.01649662 0.01697772 0.02054903 0.02397122 0.02334245 0.02562827 0.03940314 0.03656952 0.04042342 0.05312892 0.07215286 0.07081755 0.1516729 0.1630432 0.1183167
0.1081543 0.09014715 0.05115724 0.06128268 0.04842871 0.04088335 0.04480839 0.04600243 0.04179683 0.03751483 0.04098067 0.05548391 0.07108923 0.1075913 0.1473683 0.1456339 0.1865061 0.2196928 0.1634598 0.1203178 0.125185 0.08121531 0.07824107 0.06858125 0.09484812 0.1848374 0.1414752 0.1236061 0.1025051 0.08562115 0.07987136 0.0730892 0.06661511 0.05898746 0.04153088 0.01782319 0.01151183 0.008784931 0.00928159 0.01123817 0.01230235 0.01526243 0.02003752 0.02272941 0.02443789 0.02693015 0.03588972 0.04683228 0.08479577 0.06174807 0.0650111 0.06078691 0.07307287 0.103733 0.1896659 0.1333116
0.0969936 0.08335628 0.05883462 0.04020284 0.04016564 0.03943497 0.02900435 0.02632505 0.02326781 0.02554659 0.02865679 0.0472502 0.05693326 0.08999925 0.1230238 0.1236167 0.1785592 0.2639409 0.1400002 0.1169053 0.08827723 0.05561862 0.06088571 0.05061585 0.09611958 0.1527083 0.2004729 0.1465377 0.08858388 0.06834342 0.05348751 0.0400346 0.04139234 0.05569766 0.02773768 0.0150639 0.01027945 0.008476586 0.009048311 0.008915429 0.01046357 0.0133913 0.01757037 0.03098136 0.03623647 0.04424644 0.0571831 0.08503638 0.09596111 0.08861271 0.1060504 0.1331469 0.170751 0.1962682 0.2363523 0.1605785
0.09385432 0.06816269 0.03304011 0.02837474 0.02303346 0.01975559 0.01588593 0.01797691 0.02175087 0.01978143 0.02562669 0.04460253 0.05776865 0.0685775 0.09379546 0.1286549 0.1829267 0.1264739 0.1375363 0.1123035 0.05907382 0.03720385 0.04080978 0.08511285 0.1283528 0.09109057 0.1321378 0.1348551 0.07390933 0.05734592 0.04382671 0.04036589 0.03339149 0.02652178 0.01804999 0.01248527 0.009001263 0.007896033 0.008571261 0.008847312 0.0105125 0.01396225 0.0191461 0.03550848 0.04238724 0.05199376 0.06332351 0.0819095 0.09884024 0.1079861 0.1569879 0.1700153 0.1995763 0.2054711 0.2098443 0.2003903
0.0950535 0.04909619 0.02497338 0.01636514 0.01099171 0.008230512 0.009652759 0.01354326 0.01959465 0.02309062 0.02204978 0.04080975 0.05498514 0.07517806 0.07903765 0.100817 0.1336996 0.1561275 0.1165516 0.04773588 0.03759228 0.03985051 0.08842437 0.09882007 0.09243269 0.09772424 0.1539185 0.1124153 0.06572394 0.04823931 0.03735325 0.02940265 0.02148302 0.02106606 0.0144313 0.01066168 0.008090018 0.007509552 0.008465284 0.009010557 0.01077682 0.01478443 0.02093614 0.04015353 0.04917703 0.05916183 0.07143017 0.09191529 0.11825 0.1544349 0.1813503 0.1825815 0.1811772 0.1575497 0.2264622 0.08908334
0.05883512 0.03264874 0.01332488 0.008517552 0.0108892 0.006602802 0.01229579 0.01586907 0.01258877 0.01566948 0.02061874 0.03727262 0.05801197 0.05546037 0.08023073 0.1145875 0.08377048 0.09514819 0.06925894 0.03229513 0.02339786 0.03535104 0.06564547 0.08164451 0.07012967 0.06514192 0.09708463 0.06527625 0.0414712 0.0371272 0.03106389 0.02326885 0.01895417 0.01546551 0.0129207 0.009609689 0.007530341 0.007310857 0.008705846 0.009250887 0.01122686 0.01593631 0.0227759 0.04708643 0.05531356 0.066957 0.08189464 0.1088343 0.1289289 0.154007 0.1426938 0.1797413 0.1833218 0.1965232 0.1661152 0.1475417
0.0519611 0.01664454 0.006109826 0.005468087 0.004830618 0.002554779 0.006236784 0.01285144 0.009450103 0.01209447 0.01694133 0.03132746 0.04160799 0.04512256 0.06971921 0.0719956 0.05529558 0.02751887 0.02608195 0.0312261 0.01467772 0.01841088 0.0275783 0.08443628 0.1123071 0.1492286 0.0866565 0.03151195 0.02897062 0.02432915 0.02021072 0.01865047 0.01531117 0.01259214 0.01060291 0.007064031 0.005971191 0.00641655 0.008311918 0.01078057 0.01307811 0.01937959 0.02935631 0.0602185 0.07553668 0.1012278 0.111654 0.1190481 0.1395389 0.1551309 0.1852867 0.2042231 0.2472562 0.1808168 0.2051177 0.195125
0.07426668 0.02330801 0.004122106 0.002421271 0.003015974 0.001320674 0.003149409 0.007156487 0.007805666 0.01058656 0.01354166 0.02358949 0.02663626 0.04059563 0.04663505 0.03798151 0.02190891 0.01353906 0.01302118 0.01108578 0.01218065 0.01626186 0.02544452 0.09817164 0.07473242 0.1065398 0.07642469 0.02694747 0.02186069 0.01949241 0.01706408 0.01580584 0.01306953 0.01085388 0.00920477 0.006317756 0.005674339 0.006493811 0.008825311 0.01164857 0.01430409 0.02130019 0.03221745 0.06836949 0.0869408 0.1010424 0.1178768 0.1265251 0.1490475 0.1761519 0.1983541 0.2346504 0.1759249 0.2033949 0.2145053 0.17075
0.05495361 0.01439822 0.003019233 0.003163951 0.004138056 0.002597838 0.002256925 0.007479373 0.006439817 0.007822124 0.01024523 0.01859724 0.02329696 0.04245864 0.04969194 0.02064699 0.0120959 0.00872817 0.009025009 0.008620355 0.01111246 0.02313104 0.03724397 0.07701332 0.05640958 0.04077444 0.02533536 0.02239399 0.01846192 0.01682986 0.0149586 0.01488679 0.01180131 0.01002 0.00863175 0.006530791 0.006211879 0.007287277 0.009821652 0.01290588 0.01579758 0.02305596 0.03414724 0.06989988 0.08761189 0.1045542 0.1231663 0.1228771 0.1411715 0.1525239 0.1741074 0.1608962 0.1836258 0.2160164 0.2292943 0.1635
0.05088305 0.02449059 0.003120715 0.001385175 0.005315941 0.00307983 0.001950768 0.005051729 0.005700219 0.007462339 0.009210546 0.01602648 0.02022785 0.03489923 0.02246374 0.02487928 0.01412379 0.007296633 0.008380393 0.007192099 0.01271475 0.02583465 0.03243573 0.06027965 0.05615121 0.02549309 0.0189512 0.01848706 0.01634885 0.01792276 0.03198881 0.01309897 0.01146379 0.01007604 0.009087469 0.008672781 0.04905776 0.008622376 0.01115718 0.01642669 0.0172349 0.02429405 0.03477426 0.0689913 0.08570627 0.1023183 0.1278097 0.1207721 0.1347884 0.1879505 0.2349002 0.176374 0.1918822 0.2083426 0.2401871 0.2019167
0.04121878 0.02448737 0.005185463 0.00237203 0.002715085 0.002902949 0.00298323 0.003493149 0.004052346 0.007966158 0.007300581 0.006690344 0.008429635 0.008124393 0.00954977 0.02037607 0.008802437 0.003381168 0.01764549 0.006304445 0.01125159 0.02633171 0.04040393 0.05541642 0.03064913 0.01770377 0.009298484 0.003411515 0.003322729 0.006760193 0.01601119 0.01027041 0.009365944 0.00886433 0.009640257 0.01246982 0.06372093 0.0132528 0.01597573 0.01611024 0.0189492 0.02666821 0.03873825 0.07172327 0.08935196 0.09962957 0.1159842 0.1382179 0.1598603 0.2056563 0.1870629 0.101625 0.09054167 0.1315833 0.1884167 0.193
0.02890516 0.02460943 0.00606194 0.002796459 0.002376547 0.003412955 0.002721925 0.003109731 0.00370646 0.004221325 0.006390298 0.005099839 0.005765469 0.005574579 0.006259347 0.008618977 0.002785707 0.004211055 0.00259808 0.003822818 0.005163799 0.007821162 0.01347211 0.007997513 0.006228122 0.003371757 0.003000132 0.003349105 0.002859513 0.002736018 0.002612059 0.009572023 0.009355956 0.01068347 0.01211547 0.01307365 0.01439624 0.01584403 0.01844968 0.01806055 0.02089989 0.02822719 0.03903113 0.06673415 0.09147312 0.09662071 0.1130809 0.131187 0.1745533 0.1499054 0.1719006 0.09879167 0.09599999 0.135875 0.2124166 0.1826667
0.03193698 0.02109255 0.004958706 0.00263262 0.003147729 0.003267785 0.002825118 0.003044118 0.003409462 0.003694719 0.004568618 0.004214054 0.004374881 0.004221831 0.003675612 0.009675034 0.007383618 0.001861927 0.001923722 0.002124752 0.002200631 0.00309365 0.003238208 0.001905758 0.002202544 0.002806608 0.002651537 0.002598014 0.002396122 0.002379924 0.002338663 0.008754653 0.01002907 0.0122504 0.01405399 0.0145763 0.01621663 0.01794728 0.02106572 0.02033112 0.02328555 0.02973889 0.03956588 0.06495436 0.08975134 0.1020713 0.1200154 0.1442955 0.1893688 0.1437312 0.1564429 0.1094583 0.126 0.1599583 0.2044167 0.1812916
0.01669001 0.01279334 0.00347763 0.002791669 0.006843561 0.004625619 0.003003333 0.003095193 0.003229836 0.003347269 0.003531837 0.004120731 0.003665435 0.003468145 0.002992926 0.006562684 0.01024813 0.006949279 0.001459727 0.001615308 0.001666569 0.001955272 0.002472962 0.001516143 0.001716753 0.002417774 0.002957116 0.005382842 0.002022215 0.005762261 0.005404432 0.008893101 0.01103038 0.01299331 0.01517307 0.01593401 0.01732984 0.01984791 0.02355633 0.02287373 0.02635118 0.03261216 0.04036264 0.07370601 0.07740381 0.0886841 0.1120844 0.1443248 0.1262441 0.1596854 0.1553362 0.09779166 0.1037083 0.1487083 0.1903333 0.1893333
0.01191735 0.006581655 0.003695577 0.003379039 0.00463192 0.003838602 0.003513612 0.00359798 0.004095677 0.003679303 0.003492786 0.002826931 0.002493034 0.002168861 0.001819147 0.0007465704 0.004704166 0.004831952 0.0004921746 0.0005738016 0.0005893381 0.0006975053 0.0008952346 0.0005115203 0.0009497479 0.0007913837 0.00209295 0.0011624 0.001231834 0.004331738 0.001338533 0.005949564 0.009665827 0.01306494 0.01602402 0.01743302 0.01942039 0.02276305 0.02698805 0.03352701 0.03832355 0.0448459 0.05234137 0.06168079 0.07512438 0.080465 0.09802841 0.079 0.09512499 0.1131667 0.1080417 0.12025 0.1534583 0.1464167 0.1763333 0.2279167
0.007743513 0.009203176 0.003995989 0.003971096 0.006184866 0.00376154 0.003837573 0.003709034 0.003630133 0.003526527 0.003352591 0.002284291 0.001981901 0.00149883 0.001215764 0.0004640568 0.0003120575 0.0002390775 0.0002448189 0.0002826127 0.007056371 0.00470146 0.0004561064 0.0004213595 0.0003179369 0.0003838045 0.000543529 0.0008145712 0.0009192188 0.001236181 0.001117418 0.007049894 0.01074858 0.01426592 0.01730148 0.01875618 0.02124034 0.02452566 0.0301755 0.03663557 0.0408251 0.04615757 0.05302548 0.06264916 0.06710817 0.07503234 0.1156345 0.1379167 0.1627917 0.141375 0.1436667 0.1617084 0.153375 0.161625 0.18775 0.1692917
0.00601356 0.007850161 0.004559 0.004825497 0.008304102 0.0050519 0.004108189 0.003792394 0.003949604 0.003641797 0.002883937 0.002059903 0.001649506 0.001149043 0.0008952329 0.0003170429 0.0001829843 0.0001148345 0.004786387 0.004497264 0.009365086 0.01380285 0.0002035502 0.0001233621 0.0001496276 0.0002055222 0.0002888108 0.000562288 0.0006779861 0.0008008885 0.002549353 0.007990982 0.01224685 0.01569713 0.01886748 0.02015227 0.02305876 0.02863182 0.03183917 0.03787355 0.04311897 0.04831379 0.06341527 0.05826651 0.06366614 0.06732234 0.08657045 0.07495833 0.1815417 0.2185 0.19325 0.189 0.12375 0.1425 0.1548333 0.163125
0.005033038 0.004803198 0.004617862 0.004734333 0.007247311 0.00597449 0.003993674 0.003945034 0.004681981 0.003493377 0.003301531 0.001894641 0.001521083 0.001127658 0.0008769011 0.004577831 0.0001770655 0.007725938 0.008156193 0.003864742 0.008070636 0.007280361 0.0001488583 0.002247971 0.0001089225 0.0001521747 0.0002182365 0.0004304227 0.0006506286 0.001279409 0.005636084 0.00983889 0.01350804 0.0168297 0.02006324 0.0215358 0.02462432 0.02954754 0.03402971 0.04109396 0.0465277 0.04963864 0.06003229 0.0693234 0.06828602 0.06885325 0.04850016 0.040125 0.09641667 0.165875 0.1899167 0.1615417 0.194625 0.1732917 0.127375 0.1392917
0.004311465 0.004128931 0.005722355 0.01424896 0.009558305 0.003823634 0.003670174 0.008048848 0.007790657 0.003297983 0.002818105 0.0025455 0.001745092 0.001268708 0.0009892858 0.0004719998 0.0002382937 0.0001374003 0.003745308 0.003448087 0.001345417 0.0002864243 4.360223e-005 0.000551476 3.583128e-005 5.19711e-005 7.810488e-005 0.0004455225 0.001233734 0.003508647 0.006632886 0.009413335 0.01232064 0.0151232 0.01804625 0.02404173 0.02714335 0.0307807 0.03761682 0.04290825 0.04833972 0.05507318 0.06290427 0.06528751 0.06271479 0.07291856 0.04493555 0.02270833 0.08266666 0.137625 0.1869166 0.1420834 0.1684583 0.1473334 0.140375 0.10875
