contrib/geomasonDemos/riftland/DataFiles/RainData/.svn/text-base/66.txt.svn-base
ncols         56
nrows         54
xllcorner     28.264
yllcorner     -5.7719999999999
cellsize      0.25
NODATA_value  -9999
[rows 0 to 25 of 54, columns 0 to 55 of 56]
0.1268988 0.1235961 0.1336538 0.1117042 0.1172632 0.1339637 0.09901048 0.1454898 0.1389055 0.09161451 0.08276924 0.145729 0.1998983 0.1712519 0.1474408 0.1156652 0.1364955 0.1104805 0.08156561 0.07397817 0.06955555 0.1370084 0.08254849 0.1121163 0.1549601 0.1518427 0.1476889 0.1567241 0.1556747 0.1605493 0.1763811 0.1816604 0.1541318 0.1394912 0.1474679 0.1392225 0.08128882 0.06279317 0.04766668 0.02288333 0.01819167 0.01381667 0.01501667 0.01371667 0.018325 0.02479167 0.02271667 0.01450834 0.02901705 0.02466049 0.01768653 0.01467342 0.02849301 0.03602402 0.02496663 0.02414116
0.1293473 0.1209217 0.1010319 0.1130085 0.1069132 0.1437274 0.1749384 0.1635496 0.129504 0.102042 0.09231604 0.1541928 0.2302068 0.1716901 0.166108 0.161521 0.2013199 0.1618974 0.1192656 0.1160866 0.1397231 0.1632718 0.1181162 0.1274116 0.1254899 0.1185199 0.1436991 0.1573629 0.1292405 0.1345027 0.1524558 0.139961 0.1941344 0.1279611 0.1012225 0.1080374 0.07370248 0.0595969 0.03309167 0.01639167 0.01018333 0.014575 0.022275 0.01509167 0.01414167 0.01419167 0.02255 0.01933333 0.01846923 0.01873831 0.01147674 0.01751415 0.02382653 0.02139238 0.01751593 0.0216256
0.09180959 0.09835218 0.09084915 0.08826998 0.1430088 0.1653125 0.1780462 0.2210421 0.176831 0.102946 0.08524362 0.09374315 0.1456831 0.1021098 0.1070536 0.1520495 0.2116264 0.1617672 0.1484237 0.1935903 0.1778266 0.1792911 0.1456542 0.1845675 0.1325494 0.1384036 0.1876536 0.169544 0.1679988 0.1190735 0.1342949 0.1496502 0.1513444 0.1161479 0.08336448 0.08907094 0.08771257 0.05333017 0.02759167 0.01875833 0.02009167 0.02355833 0.02305 0.01654167 0.01738333 0.01465833 0.02013333 0.01521667 0.01045188 0.009401513 0.01287045 0.01606967 0.008233157 0.007495815 0.008803984 0.01155289
0.09857532 0.1338731 0.09719964 0.1239549 0.1648099 0.2109163 0.2155442 0.2370615 0.2265551 0.2152845 0.09869428 0.07060717 0.07906096 0.0700925 0.06804828 0.08557111 0.1118736 0.1344341 0.1353073 0.1512988 0.1816255 0.2025308 0.1481915 0.1877217 0.1834411 0.1829659 0.1968077 0.1880792 0.1805153 0.1386576 0.1303339 0.1462534 0.1451101 0.1368128 0.1003503 0.08092795 0.07758915 0.03793115 0.02312141 0.01946901 0.02480263 0.02655491 0.02111128 0.02301255 0.01648447 0.006368971 0.01021768 0.007561266 0.008407697 0.009390251 0.01309537 0.008699921 0.006151387 0.007940158 0.008786301 0.004944214
0.09285399 0.1127103 0.1097583 0.1507933 0.1819737 0.2218516 0.2511024 0.2256559 0.1550027 0.1324423 0.145973 0.1293423 0.09129142 0.05896424 0.0823219 0.1013333 0.1245567 0.1647184 0.1293432 0.1876011 0.1907953 0.1783017 0.1376997 0.1890132 0.1925273 0.1303902 0.1246045 0.1635968 0.1352018 0.1034867 0.09561748 0.1062654 0.1188987 0.1086286 0.1142682 0.07235466 0.0547585 0.03595535 0.02389725 0.02279948 0.02541545 0.03079256 0.03391524 0.02916041 0.02265499 0.007671036 0.01027089 0.009297656 0.0096647 0.009958651 0.01096695 0.01322863 0.007653126 0.003282184 0.00485009 0.005424592
0.1134452 0.1134895 0.1415452 0.2122353 0.2157701 0.2029127 0.1886522 0.1731116 0.1376394 0.1008721 0.07550783 0.113483 0.09510494 0.06536728 0.1066344 0.1275481 0.1389143 0.135792 0.1351585 0.1528201 0.1760063 0.1668546 0.1606688 0.2492376 0.1950919 0.1242138 0.1103836 0.1796937 0.1242814 0.1073361 0.06716259 0.0930662 0.1075519 0.08866759 0.07971611 0.06429946 0.05482396 0.02370865 0.0123283 0.02385797 0.03343417 0.04081306 0.02427017 0.01801816 0.01440599 0.006912658 0.007924737 0.006462554 0.007343433 0.007159207 0.008142039 0.005004102 0.004175662 0.002037202 0.002018642 0.004945306
0.1354945 0.1142217 0.1204375 0.1358154 0.1480294 0.1217979 0.1568066 0.1713553 0.1507152 0.08680739 0.08870193 0.1256454 0.1283481 0.08825727 0.09773488 0.1232975 0.1298147 0.1374474 0.1070536 0.1234503 0.157953 0.1616558 0.1809802 0.2382065 0.237376 0.1473238 0.08517093 0.1304996 0.1107787 0.07244511 0.08186931 0.1073275 0.06906946 0.05604786 0.04059025 0.04391532 0.04465193 0.02422325 0.01802054 0.0251723 0.03676699 0.03231303 0.01191298 0.0103952 0.01036655 0.007839515 0.005283909 0.002110669 0.001676528 0.002947845 0.002766925 0.002086683 0.004583135 0.006945123 0.009706133 0.009249688
0.1995125 0.1456615 0.1679012 0.2128006 0.2013684 0.1870142 0.2166545 0.2160472 0.1379386 0.1083497 0.1091196 0.108916 0.1232235 0.1027443 0.1056209 0.1074378 0.1209997 0.1165053 0.09636267 0.08849499 0.1291096 0.1691312 0.1510407 0.2174903 0.2625844 0.1626755 0.08808738 0.06537516 0.04876953 0.04449503 0.06564883 0.06965114 0.04812027 0.02969866 0.01561924 0.03392229 0.02661465 0.018165 0.02780386 0.02415412 0.02142456 0.01366723 0.01120449 0.00875442 0.005497363 0.004329236 0.002314864 0.0016739 0.002689996 0.002598802 0.000214802 0.003472781 0.01085356 0.005694259 0.005991504 0.01720093
0.1801693 0.1792609 0.2009058 0.273681 0.2413168 0.2737774 0.191408 0.1509352 0.1407476 0.1087912 0.1288977 0.09414978 0.108553 0.1101096 0.1002186 0.09800125 0.1062512 0.1126876 0.1001225 0.08997793 0.09182667 0.1265617 0.1320835 0.139741 0.1075485 0.09191106 0.08368774 0.06120928 0.0509811 0.04639858 0.04568807 0.05628835 0.03087115 0.02280349 0.01270071 0.0310202 0.02067067 0.01302199 0.01146176 0.009559982 0.007053371 0.007817858 0.0099963 0.005110398 0.004847083 0.002662802 0.001656603 0.002621704 0.001915888 0.003182696 0.001244368 0.002313644 0.008396367 0.01055103 0.007926163 0.0157918
0.1303397 0.1375654 0.1652405 0.2131614 0.2550462 0.1957268 0.1719369 0.1370125 0.1449814 0.1318918 0.1266087 0.1105445 0.0932018 0.1042012 0.08883104 0.08725532 0.1186678 0.1435033 0.1085485 0.1009641 0.09085541 0.1022757 0.1058303 0.09366714 0.1267467 0.1153844 0.05941479 0.04174881 0.02905134 0.01628781 0.01919641 0.01937325 0.01413958 0.01392411 0.008331829 0.005971361 0.005238493 0.003220079 0.002678101 0.001334312 0.002404676 0.003740355 0.004380728 0.003694092 0.003065816 0.001778222 0.0006040271 0.002063812 0.001436185 0.001970941 0.002424253 0.001048938 0.001251058 0.005349001 0.001265544 3.65525e-005
0.1101704 0.1541318 0.1608057 0.141741 0.1826531 0.1878985 0.1705438 0.1317454 0.1394587 0.1552555 0.1545968 0.1301601 0.08665881 0.07821699 0.08208647 0.1097314 0.1312625 0.1454918 0.1118798 0.09368852 0.1131139 0.1062168 0.08215877 0.07855334 0.08228177 0.07511743 0.04945911 0.03976351 0.01669779 0.006750096 0.003457111 0.003158954 0.004579179 0.001928414 0.002602342 0.003492147 0.001953787 0.0007571856 0.001987125 0.001526064 0.0008289234 0.001280819 0.001496652 0.001674659 0.001590217 0.001730923 0.001668391 0.001521635 0.00137168 0.001982673 0.0008581258 0.0001125446 0.001674133 0.002343916 4.815203e-005 3.114689e-005
0.1386228 0.1494119 0.1634622 0.1349597 0.1482475 0.2003929 0.1868095 0.1712683 0.1929466 0.168241 0.1499949 0.1033859 0.07858905 0.09427781 0.1114442 0.1084819 0.1120519 0.1206622 0.1121597 0.1142687 0.08958957 0.05204256 0.04295497 0.05336731 0.04301044 0.04235529 0.02592053 0.01702902 0.005160627 0.004407164 0.001491664 0.002371329 0.004163326 0.00451317 0.002795933 0.007201416 0.001366311 0.001429503 0.0008936714 0.006638973 0.007414345 0.008093151 0.007195114 0.006411214 0.007130062 0.006196732 0.005466241 0.005561687 0.006206254 0.004383656 0.003899561 0.001576686 0.001102517 0.0008381361 0.0004890666 0
0.120795 0.1366393 0.1558291 0.1306556 0.1134651 0.1766452 0.1843489 0.1587628 0.1677834 0.1521528 0.1571935 0.124439 0.0980399 0.1015925 0.1316071 0.1335687 0.1327546 0.1553388 0.1103218 0.1095781 0.1092127 0.06690143 0.03041001 0.03318536 0.01739429 0.01771343 0.01353907 0.002727011 0.002923468 0.001211048 0 0.001168356 0.001503301 0.002611381 0.002678691 0.0006310496 0.0007423398 0.001093037 0.001105838 0.006417453 0.006819631 0.006922393 0.00672096 0.006499251 0.006802121 0.006163902 0.004793514 0.005685734 0.004706178 0.00384832 0.003661417 0.001445988 0.000848218 0.0005595463 0.0004120859 0
0.1422056 0.162178 0.1682824 0.1155555 0.08563854 0.1038913 0.1076746 0.1084112 0.1024492 0.1123266 0.1288006 0.1277934 0.1188797 0.1265233 0.161965 0.1621453 0.161941 0.1956563 0.1293087 0.09113085 0.0923807 0.08124334 0.03708936 0.02849611 0.01611077 0.008892962 0.007149325 0.0004991993 0.0006244214 0 0 0.001075844 0.00148579 0.002030844 0.002695836 0.0006357344 0.0007459003 0.000837211 0.0009233034 0.00640379 0.007959493 0.006953855 0.006700994 0.006206605 0.005991422 0.005528399 0.00485181 0.005725891 0.004723559 0.004169809 0.003815159 0.00152088 0.0007909387 0.000497815 0.0003574416 0
0.2173391 0.2061417 0.1986907 0.1324175 0.06781459 0.06509968 0.1021585 0.1273552 0.1092626 0.09968299 0.09976001 0.09513607 0.1092236 0.1416645 0.161795 0.1892945 0.1777893 0.1813288 0.1333275 0.08377156 0.05638742 0.05947831 0.03265074 0.02571531 0.01154029 0.005013111 0.003402966 0 0 0 0 0.001125835 0.001551494 0.002100664 0.003626786 0.0006469358 0.000754352 0.0008434838 0.0009019216 0.007000239 0.008019834 0.006926087 0.006677775 0.006316731 0.005969946 0.005520945 0.004822774 0.005659568 0.004640042 0.003719876 0.003309301 0.00117747 0.0007413015 0.0004562091 0.0003274321 0
0.2406344 0.2047859 0.1461664 0.1306353 0.1304836 0.105051 0.1319972 0.1189161 0.1106064 0.1078385 0.1156473 0.09942029 0.1130107 0.1436614 0.1683896 0.1715025 0.1637974 0.1698809 0.1257131 0.1036888 0.04871035 0.07375712 0.03488911 0.01812757 0.008170454 0.003638846 0.002489679 0 0 0 0 0.001309934 0.001818371 0.00245162 0.00320544 0.004185284 0.004905949 0.005484754 0.005874875 0.009558226 0.0101841 0.01027756 0.009949075 0.007166001 0.007438857 0.005780456 0.00503504 0.006022121 0.00469356 0.0037429 0.002956799 0.001040886 0.0006383738 0.0003809 0.0002736192 0
0.2059804 0.1974293 0.1379345 0.1354938 0.1157454 0.107664 0.1302909 0.1177707 0.1252135 0.1390283 0.1320205 0.1261388 0.1334205 0.1594541 0.1499063 0.1821035 0.1293388 0.1283692 0.1259052 0.08182316 0.07023474 0.07229959 0.05981445 0.04745968 0.02111722 0.007632985 0.001967546 0 0 0 1.59202e-005 0.001364345 0.001893329 0.002532013 0.00328132 0.004236337 0.004979289 0.005517802 0.00594299 0.009546771 0.01015367 0.01023502 0.009886873 0.006871012 0.006605942 0.005772498 0.005004507 0.005700397 0.004607801 0.003658151 0.002863629 0.0009974294 0.0006092085 0.0003423927 0.0002454603 0
0.172949 0.137208 0.1423453 0.1792118 0.1619576 0.1758969 0.1392563 0.1243379 0.1354102 0.1359426 0.1142917 0.09871241 0.1026139 0.1088696 0.1413742 0.1800292 0.1325716 0.1413234 0.1380815 0.1086053 0.09004833 0.09261704 0.06952123 0.04814252 0.02768798 0.01078464 0.003626568 0 0 0 0 0.002941828 0.003089442 0.00342689 0.003945099 0.004691878 0.005207734 0.00560863 0.005906803 0.009514423 0.009989812 0.01002337 0.009628464 0.006265161 0.005951046 0.005470522 0.004746073 0.005363445 0.004292359 0.003377855 0.002633011 0.0009103196 0.0005334896 0.0003008106 0.0002171991 0
0.1884528 0.1871275 0.213296 0.2500197 0.1732863 0.186897 0.1890112 0.1468243 0.1332318 0.1166228 0.07752819 0.07870018 0.1023617 0.1081249 0.1130141 0.1276128 0.1116367 0.1689042 0.1731617 0.1722838 0.1430666 0.1332215 0.08491799 0.04367411 0.04481051 0.03577045 0.01316438 0.003858179 0 0 0 0.005861391 0.005315193 0.005078478 0.005174338 0.005489869 0.005604445 0.005737978 0.005946359 0.009439522 0.009733343 0.009654263 0.009118502 0.005822175 0.005453727 0.004929995 0.004246693 0.004756609 0.003731047 0.002917259 0.002255535 0.0007800705 0.0004550864 0.0002565426 0.0001876287 0
0.2042584 0.1390015 0.1823214 0.1867282 0.1476252 0.1409029 0.1589036 0.1304515 0.1074046 0.08457741 0.04279049 0.04754139 0.08154456 0.1080905 0.1047243 0.1168028 0.1333903 0.1823824 0.2246839 0.2605041 0.2835984 0.2133655 0.12729 0.09714225 0.05209845 0.03404512 0.02693644 0.02261439 0.01703948 0.01555439 0.01380311 0.01297171 0.01119601 0.01151428 0.009583261 0.006118445 0.00582492 0.005716963 0.005824404 0.009593192 0.009756434 0.009529741 0.008833797 0.007459376 0.00680371 0.006012026 0.005111038 0.005122286 0.003225684 0.002456269 0.001904128 0.0007936932 0.0004600091 0.0002583502 0.0002124434 0.0002059513
0.1403618 0.127129 0.1330157 0.1741803 0.2006956 0.1180018 0.1101858 0.1473571 0.1111867 0.077361 0.04566316 0.04540201 0.06447712 0.122061 0.1356219 0.1094467 0.16556 0.2349243 0.2019366 0.2688541 0.3043953 0.3032545 0.1787468 0.1303608 0.0715212 0.05466744 0.04007838 0.02894084 0.02408753 0.02151648 0.02110959 0.01942683 0.01576721 0.0134666 0.01133255 0.006921581 0.006205326 0.005861538 0.0058631 0.009474074 0.009504583 0.009120275 0.008302464 0.006837612 0.006063471 0.005252968 0.004399559 0.003555242 0.002636065 0.001953987 0.00240969 0.001576557 0.003683008 0.004211474 0.003939138 4.220111e-005
0.120653 0.1238829 0.1446688 0.1502696 0.1240094 0.1100695 0.1670578 0.1480017 0.09368138 0.06946281 0.05647423 0.07925122 0.04571776 0.0777979 0.120213 0.09662534 0.1319513 0.1378006 0.1452719 0.1724513 0.2654069 0.2495446 0.1711662 0.1379999 0.09918448 0.07253458 0.06279822 0.04538885 0.03189744 0.02811104 0.02701849 0.02613453 0.02131412 0.01667607 0.01444393 0.008143581 0.006715368 0.005908909 0.005809075 0.009194489 0.009053571 0.00855957 0.007658643 0.00616187 0.005469367 0.004907924 0.004043563 0.002942184 0.002109278 0.001523192 0.00118171 0.0004923231 0.0002875706 0.0001750429 0.001195209 0.001173968
0.1181659 0.1233344 0.08784757 0.09360789 0.1068363 0.109793 0.07119708 0.1051415 0.05352412 0.03834175 0.03493113 0.06652842 0.04446985 0.05847698 0.08434978 0.08714364 0.09991163 0.1353521 0.1336077 0.1370041 0.1623529 0.1835905 0.1369895 0.1352825 0.1068565 0.09382631 0.089518 0.07687849 0.0467253 0.04194048 0.03937843 0.03476197 0.02718623 0.02490335 0.02120321 0.00988449 0.007351152 0.005907144 0.005671946 0.008776795 0.008424579 0.007942715 0.008516064 0.007759524 0.00731966 0.006647914 0.005665541 0.003866269 0.002290487 0.001325685 0.000913702 0.0007139516 0.0002389585 0.0001743462 0.001088851 0.01457774
0.1009189 0.08468603 0.08000781 0.09709737 0.09956259 0.07890683 0.06145781 0.07117391 0.05344386 0.05823182 0.05888017 0.06253692 0.07897414 0.08734189 0.0930209 0.09967274 0.09004594 0.1088878 0.1135527 0.1297663 0.1259952 0.1461566 0.1703876 0.1654283 0.1736774 0.1377169 0.1202064 0.1064404 0.08879177 0.09144415 0.0824006 0.06759252 0.05598142 0.05139765 0.03983165 0.01362815 0.009343265 0.006825345 0.00679332 0.008060292 0.008340939 0.009194693 0.00982232 0.008680285 0.008581921 0.008143572 0.007222003 0.01213567 0.00381617 0.004249491 0.004464939 0.0131468 0.01118697 1.431414e-005 0.006952506 0.01997873
0.09042428 0.08184643 0.1120654 0.1044168 0.1060744 0.07921033 0.0558497 0.06470581 0.06373414 0.04908686 0.06525922 0.06574731 0.07239179 0.08096304 0.07381894 0.08778294 0.0811272 0.07893929 0.08772617 0.1069822 0.1148438 0.1320481 0.1435402 0.1791898 0.181422 0.1549227 0.1403529 0.124668 0.1316398 0.1600134 0.1160224 0.08476255 0.07045174 0.06489153 0.05569046 0.02191127 0.01003099 0.006823245 0.006253122 0.008296203 0.009359117 0.01011746 0.01071281 0.01032097 0.0101431 0.009656236 0.008719163 0.02665235 0.02268094 0.01891313 0.02115081 0.02222113 0.0137518 0.009087043 0.01247792 0.01115866
0.06922334 0.08057387 0.09027714 0.08521856 0.08999807 0.08423972 0.05739526 0.07172761 0.05181209 0.04470183 0.06465124 0.09774847 0.08100329 0.07718945 0.07357963 0.08495852 0.08284853 0.08068009 0.09304363 0.09184124 0.1067887 0.127612 0.1272018 0.1674621 0.1804107 0.1593886 0.1566329 0.1580236 0.1747303 0.1480897 0.1401987 0.1095913 0.09171726 0.08210661 0.06715854 0.0273425 0.01014683 0.006504011 0.00587198 0.008985964 0.01004197 0.01080399 0.01140326 0.01174931 0.0115902 0.01110455 0.01626582 0.02962904 0.02383598 0.01733536 0.00610011 0.02043311 0.03007656 0.03669647 0.04343934 0.01196619
