contrib/geomasonDemos/riftland/DataFiles/RainData/.svn/text-base/67.txt.svn-base
ncols         56
nrows         54
xllcorner     28.264
yllcorner     -5.7719999999999
cellsize      0.25
NODATA_value  -9999
[rows 25 to 49 of 54, columns 0 to 55 of 56]
0.1952183 0.204685 0.224248 0.2110076 0.1817335 0.1223406 0.1246177 0.09053341 0.07481734 0.04380031 0.04287823 0.08392256 0.1033094 0.08461038 0.05900081 0.09624175 0.06126372 0.06120439 0.1369466 0.1701303 0.158945 0.1574609 0.1758746 0.2355668 0.2402906 0.2161787 0.184566 0.1933398 0.1983625 0.1568062 0.1437579 0.1166881 0.0882057 0.08348881 0.04655565 0.01224692 0.004419497 0.001958822 0.00167948 0.002304581 0.001830257 0.001475507 0.002197087 0.003033688 0.003730951 0.005160472 0.007541049 0.009605817 0.006339682 0.006249197 0.006239126 0.006223976 0.006123157 0.006308042 0.03661264 0.009161358
0.2064959 0.2362141 0.2032617 0.2155887 0.1576516 0.1132193 0.1254649 0.06149019 0.04594885 0.03940557 0.04436096 0.04742308 0.06352384 0.05817321 0.05718395 0.09058978 0.09089956 0.06509653 0.1113356 0.1385714 0.146762 0.1421953 0.1484054 0.2231834 0.209897 0.2001855 0.1999312 0.2258817 0.2105491 0.160857 0.1382803 0.1352886 0.105734 0.1055569 0.05736079 0.01807465 0.004788411 0.002384353 0.002086488 0.0029322 0.002425124 0.002828417 0.003599509 0.004590815 0.004968542 0.005763405 0.007738275 0.01316589 0.00929359 0.007335575 0.007891176 0.01548687 0.02169594 0.007541992 0.02322485 0.01200066
0.1722338 0.1889293 0.218089 0.2000318 0.1533362 0.07884374 0.08533527 0.06110475 0.05931566 0.04332168 0.05278473 0.07997155 0.088869 0.07394819 0.04895535 0.06885882 0.1243266 0.0740054 0.05553416 0.1421829 0.1952286 0.1776479 0.1776099 0.2233719 0.2206263 0.2297107 0.2239066 0.212052 0.1880316 0.1539258 0.155761 0.1296039 0.1122936 0.07629959 0.05399029 0.01902779 0.009472388 0.005186896 0.004526601 0.005397266 0.004581353 0.004973735 0.005246033 0.004932538 0.00533763 0.005839258 0.006404724 0.006558567 0.006658401 0.006846586 0.007339438 0.0134862 0.03674786 0.05693045 0.05576864 0.04066468
0.1571404 0.1969427 0.1697766 0.1684471 0.1537517 0.1275268 0.12039 0.04109249 0.04904423 0.06772565 0.08169597 0.1036735 0.05916638 0.03920603 0.03991602 0.05083895 0.05622436 0.04560067 0.07742988 0.1496954 0.1482335 0.1685532 0.1937765 0.2493671 0.2483331 0.2560598 0.2279577 0.203198 0.1845512 0.179704 0.171064 0.1383324 0.1063017 0.07446148 0.05245101 0.019083 0.01129813 0.007021649 0.005250872 0.006330683 0.00547292 0.006718947 0.005930146 0.005255938 0.005792332 0.006726162 0.007282402 0.006806435 0.006942127 0.007251866 0.007993024 0.01468405 0.02790113 0.02575955 0.04423032 0.03016506
0.1858581 0.1532074 0.1358068 0.06922262 0.06918844 0.05609236 0.06352889 0.03024036 0.02531897 0.02976624 0.0525583 0.06607618 0.04645483 0.0353942 0.02868747 0.07015771 0.06042822 0.08345905 0.08837844 0.1397031 0.1231195 0.1443444 0.1746127 0.2601462 0.261436 0.2558717 0.2307687 0.1937114 0.2028202 0.1991655 0.1655301 0.1338684 0.1083878 0.08930077 0.0595847 0.02211955 0.01324582 0.009659722 0.006850431 0.007268119 0.005956591 0.006407502 0.006592875 0.005767673 0.005927614 0.007754988 0.008062709 0.008243713 0.008345295 0.008943491 0.009951205 0.01266862 0.03698429 0.04574271 0.04886472 0.02873034
0.1893502 0.1591263 0.1492431 0.08481976 0.04282923 0.02016354 0.0242651 0.0201486 0.02401117 0.03258515 0.06317049 0.05297125 0.04004443 0.02135396 0.03544965 0.04354843 0.0438364 0.04343391 0.0662598 0.1249334 0.1300065 0.1351954 0.168223 0.2100046 0.205585 0.1922432 0.1829512 0.1713022 0.1905859 0.1614225 0.1396939 0.1256241 0.09365328 0.07008585 0.04867757 0.02689675 0.01624291 0.007283005 0.005391283 0.006682949 0.006223295 0.006833653 0.007193032 0.006390564 0.006696984 0.008701525 0.01045532 0.009702348 0.01050792 0.01151567 0.0129726 0.01586947 0.03456299 0.03231841 0.0281738 0.02513419
0.2292834 0.1669057 0.1590892 0.06276252 0.02929769 0.01891839 0.02284479 0.04266053 0.05688923 0.06390379 0.06814241 0.07660712 0.08064236 0.08802282 0.1020663 0.1087208 0.1259822 0.1463493 0.1185952 0.1516591 0.1459505 0.1251599 0.1302712 0.1496245 0.1524909 0.1627462 0.1475995 0.1405615 0.150634 0.153531 0.1341881 0.0859056 0.07288641 0.05879045 0.03826506 0.01941912 0.02409584 0.00724718 0.006692238 0.006042592 0.006043989 0.006839674 0.007449533 0.00678539 0.007366636 0.008747969 0.01056891 0.01397254 0.01533973 0.01688878 0.01886538 0.01478551 0.01547408 0.02646318 0.02151293 0.02008755
0.1902083 0.1250724 0.1309255 0.03979142 0.02667601 0.02043168 0.03070309 0.04256484 0.04722446 0.05461317 0.06110714 0.07283598 0.08265169 0.0850073 0.09074382 0.1102705 0.1608896 0.1759296 0.1705666 0.1535919 0.1643472 0.1336196 0.09338792 0.1214745 0.1349737 0.1723225 0.1307112 0.1424445 0.1444508 0.1419514 0.1193872 0.07965519 0.05774961 0.04301387 0.02863117 0.01571433 0.01008432 0.006937886 0.006510871 0.005970957 0.006323659 0.007253754 0.007980798 0.007334203 0.007982912 0.00957678 0.01175027 0.01589133 0.01783285 0.01963643 0.02203659 0.01702656 0.02632457 0.02275521 0.02224768 0.03491504
0.2024837 0.1510832 0.04203277 0.02223353 0.02871895 0.03341257 0.03545894 0.04255496 0.04032821 0.04556829 0.05422531 0.06758943 0.08334753 0.08685976 0.09773658 0.1227204 0.1617987 0.1696354 0.1539953 0.1423536 0.1490684 0.1073214 0.06785359 0.09342922 0.165317 0.2373527 0.1616741 0.1400731 0.1293859 0.1100009 0.09218543 0.06216342 0.05313879 0.03245729 0.02381678 0.01328029 0.008802414 0.006373598 0.006104948 0.005697704 0.006456556 0.007814338 0.009194515 0.008494834 0.00937474 0.01130461 0.01387368 0.0192123 0.02130503 0.02354022 0.02602174 0.01768501 0.02760369 0.03079586 0.05549447 0.07454698
0.1812706 0.08937704 0.03394072 0.02762081 0.02796131 0.04334788 0.03161922 0.04626526 0.03832071 0.04252496 0.05068595 0.06656303 0.08225341 0.1065968 0.09099808 0.1230946 0.1544536 0.1708245 0.1968467 0.1336323 0.1235506 0.09694505 0.05756269 0.08485619 0.1128682 0.1559139 0.1259099 0.1122392 0.09665702 0.07689179 0.06497773 0.04869568 0.05247875 0.02302982 0.01839373 0.01052886 0.007265123 0.005548157 0.005424761 0.005204569 0.006358725 0.008475339 0.01105497 0.01004178 0.01148697 0.01386887 0.01688129 0.02328376 0.02621943 0.02869712 0.0308124 0.01990071 0.0249075 0.02429074 0.04869545 0.06127045
0.1596273 0.09191083 0.04868617 0.04136375 0.03513683 0.03611243 0.01718592 0.02754948 0.02796496 0.03613105 0.04510968 0.08954273 0.1033871 0.1316293 0.1567361 0.1306828 0.1600195 0.2065012 0.1901354 0.08264029 0.06281025 0.0537416 0.03726205 0.06860584 0.09733071 0.1262003 0.09508175 0.07155868 0.05896026 0.04308642 0.03666796 0.02047191 0.01601306 0.006912173 0.005733406 0.007959655 0.005896854 0.004850269 0.004888574 0.003188213 0.004562553 0.006928844 0.009749615 0.01523065 0.01816316 0.02271684 0.02844351 0.03763045 0.04354854 0.05170526 0.05449213 0.05498996 0.05679708 0.04929228 0.08278114 0.04009841
0.1142688 0.07954676 0.03273444 0.03481521 0.01840113 0.02114393 0.01346942 0.02368752 0.02343903 0.03238748 0.04805427 0.08292571 0.1145499 0.1539238 0.1508277 0.1304755 0.1113377 0.08446507 0.1101103 0.0719796 0.02764549 0.03088414 0.02393508 0.05549936 0.08654627 0.1133965 0.09384429 0.05738624 0.04384066 0.0317696 0.02449596 0.009692159 0.006508215 0.004228333 0.003582354 0.0050557 0.004283204 0.003995376 0.004198393 0.003215217 0.0046287 0.007394499 0.01092703 0.01774147 0.02159046 0.02703469 0.03362924 0.04596741 0.0590091 0.06467235 0.06768829 0.06445155 0.06846619 0.08177926 0.07712903 0.1006018
0.07129002 0.04862418 0.02152353 0.009311059 0.003598431 0.009317726 0.01148245 0.02187482 0.02436322 0.02920236 0.0379988 0.07612102 0.1052114 0.1337091 0.1098405 0.08548745 0.06982254 0.08011939 0.09397999 0.04083162 0.02380757 0.01534521 0.02492696 0.07308791 0.08601594 0.08120945 0.06619339 0.04790025 0.0347446 0.0286409 0.01833291 0.006682399 0.01019386 0.002064859 0.002018296 0.003487626 0.003411185 0.003566759 0.003959329 0.003533707 0.005046162 0.00805329 0.01238755 0.02041915 0.02514028 0.0313756 0.03857948 0.05578951 0.06633511 0.06556656 0.06879468 0.0861919 0.05948228 0.08470514 0.1184998 0.0753629
0.07250825 0.04523006 0.01328973 0.01065669 0.002230165 0.004746974 0.004929699 0.01705012 0.02286153 0.0228463 0.02955824 0.05978471 0.07446655 0.0791028 0.08694463 0.05724153 0.07746731 0.08802203 0.07691072 0.04467651 0.03655108 0.01637732 0.02576709 0.0679308 0.08214749 0.05796621 0.05247787 0.02843332 0.03062203 0.02320039 0.01725531 0.006384982 0.003665669 0.001900668 0.00188459 0.003308275 0.003283265 0.003585122 0.004167111 0.004015537 0.005596357 0.009007285 0.0140529 0.02333069 0.02892396 0.0354327 0.04346168 0.05452434 0.06217836 0.06600279 0.07405642 0.07053921 0.07126546 0.08862618 0.100902 0.09899192
0.08226953 0.04321967 0.01303729 0.004946778 0.000867361 0.003285561 0.005660705 0.01108047 0.01586155 0.01857293 0.02521465 0.04759777 0.05859805 0.0776896 0.05350445 0.04290131 0.03559334 0.0493554 0.03313381 0.0532027 0.03009356 0.01573003 0.0367673 0.0506764 0.08845246 0.0578124 0.03615879 0.02225778 0.01606705 0.01487099 0.009390608 0.007111351 0.004423272 0.002601786 0.002621305 0.003474678 0.003216536 0.003637124 0.004573863 0.004683621 0.006455098 0.01031952 0.01626532 0.03213497 0.0408452 0.04919267 0.0669582 0.0700798 0.07813479 0.1017587 0.08493052 0.09988904 0.08608598 0.08107825 0.1242992 0.1007258
0.07179325 0.02569352 0.01564358 0.003246034 0.0008480669 0.004031736 0.008159762 0.01027229 0.01466229 0.01750781 0.01986268 0.03900536 0.04678725 0.04728058 0.04925177 0.02974683 0.02452309 0.02041708 0.02086508 0.0176009 0.01345083 0.01131472 0.01226462 0.02248008 0.04140222 0.03492099 0.01796762 0.01719743 0.01398749 0.008730654 0.006992838 0.00501895 0.003148571 0.002356858 0.002422158 0.003000701 0.003084304 0.003677216 0.005257339 0.00554395 0.007322997 0.01168594 0.01830595 0.03613032 0.04564158 0.05466726 0.06934555 0.08145735 0.1030459 0.104315 0.1039326 0.09932228 0.07514048 0.1005524 0.1604336 0.09524193
0.08019754 0.02804867 0.0112356 0.008698675 0.003386957 0.003823434 0.005303352 0.008157955 0.009407626 0.01250256 0.01722473 0.05349388 0.05642967 0.03863519 0.03368405 0.026682 0.02522985 0.02283271 0.01421104 0.01251604 0.01075047 0.006489975 0.007392748 0.01934374 0.02624331 0.01955292 0.02563868 0.01349559 0.009897615 0.008269565 0.005621415 0.004530489 0.002841051 0.002311776 0.002398129 0.003017522 0.003302204 0.004237421 0.005996328 0.006577117 0.008515816 0.0130781 0.01992297 0.03879901 0.04878424 0.06537339 0.07514615 0.08860301 0.1355712 0.1556171 0.1563806 0.07540078 0.09075149 0.1594043 0.1957218 0.08419354
0.07601253 0.03671638 0.008521208 0.002540455 0.002774971 0.001367579 0.00127612 0.005992675 0.00980131 0.01034828 0.01867091 0.04307931 0.04307031 0.0361354 0.03082497 0.0303293 0.02825564 0.01743075 0.01188806 0.008137817 0.008966515 0.005561408 0.006272076 0.009455362 0.01542819 0.01029478 0.01642248 0.009344419 0.007121584 0.01002815 0.04112442 0.003789906 0.00286213 0.002469484 0.002879734 0.004591902 0.01415596 0.005041498 0.006949523 0.00778135 0.009774686 0.01427071 0.02094495 0.03993217 0.04992492 0.06851213 0.06617852 0.09307169 0.1408611 0.2489778 0.1945738 0.1028317 0.1422023 0.1564066 0.1747786 0.09350806
0.06064286 0.03440492 0.00696693 0.0007992618 0.0004697957 0.0008500718 0.002495168 0.00308502 0.003995731 0.005248378 0.01140449 0.01427403 0.01354182 0.01764483 0.01822188 0.01387463 0.0347647 0.006228904 0.005418903 0.00462172 0.005893626 0.004141695 0.009093598 0.004155095 0.002462722 0.003945345 0.002507605 0.001812052 0.001568516 0.08006135 0.08199845 0.003457458 0.003158673 0.00412611 0.005330416 0.007318723 0.04174601 0.006366665 0.007664952 0.009334696 0.0110762 0.01588532 0.02323367 0.04303676 0.05363994 0.06266995 0.07064927 0.08873863 0.1277616 0.1685028 0.127888 0.1234677 0.1220565 0.1008064 0.09092741 0.08112903
0.06098891 0.03373991 0.008173183 0.000380253 0.0003904543 0.0006697915 0.0011992 0.002290643 0.008955302 0.003856799 0.005012906 0.01044804 0.009768147 0.01004188 0.00820211 0.006419284 0.01149003 0.004733744 0.005268883 0.005873574 0.004564398 0.004630486 0.004762443 0.003692135 0.003771571 0.003269891 0.002026512 0.001427787 0.001266634 0.001141874 0.001062717 0.00382535 0.005021929 0.007476252 0.006772572 0.00603407 0.006434383 0.007521238 0.009339496 0.01083413 0.01271686 0.01728728 0.02451618 0.04448665 0.05713155 0.06484413 0.0734065 0.08473933 0.1298759 0.1155419 0.1220327 0.1587903 0.1267339 0.07637097 0.07133064 0.07580645
0.02959001 0.01796286 0.001934069 0.0002851237 0.0003107194 0.002282866 0.0008818648 0.001668009 0.002136323 0.002786339 0.003700842 0.006905132 0.006597359 0.006716732 0.006060046 0.004711815 0.004030648 0.003734474 0.004002767 0.003985537 0.003940391 0.004069013 0.004158292 0.003210886 0.002976366 0.002555937 0.001794745 0.001121048 0.001022416 0.0009579359 0.001204334 0.004077729 0.005989453 0.006908521 0.007443977 0.007068134 0.007627507 0.008918462 0.01098465 0.01253313 0.01469616 0.01926805 0.02601839 0.04588658 0.0554167 0.0631277 0.07084034 0.08141095 0.1213343 0.1023684 0.1113593 0.128629 0.132379 0.09681453 0.04064516 0.05391129
0.01370964 0.01587295 0.0008663698 0.0002123752 0.0002298706 0.0007323475 0.0006491644 0.001232803 0.00158225 0.00207802 0.002894011 0.004232884 0.004989403 0.005079987 0.004568847 0.003572594 0.003064571 0.002674331 0.002476047 0.00263684 0.002730794 0.002916789 0.003105838 0.002207131 0.002016151 0.004242511 0.003290674 0.0009087801 0.0008456545 0.0008157777 0.002458877 0.00462829 0.005614171 0.006601342 0.008010752 0.007803635 0.008732635 0.01041122 0.01311733 0.01480847 0.01753989 0.02248485 0.02791631 0.05519416 0.06101087 0.0646067 0.07140569 0.1018361 0.08782759 0.0986286 0.1075912 0.1224194 0.1095564 0.09943548 0.04290323 0.03637097
0.005219414 0.004832023 0.0003296568 5.925059e-005 0.0001409541 0.0001028378 0.000176908 0.004523549 0.0002886402 0.0003864031 0.0005177061 0.001137462 0.001285769 0.001315354 0.001174071 0.001306193 0.001124902 0.0009862318 0.0008845361 0.001771602 0.001446919 0.001664399 0.00176643 0.001123817 0.0009837118 0.0008693856 0.0005077536 0.0004878538 0.0004729341 0.001569323 0.001881817 0.005843083 0.005966058 0.006992247 0.008599125 0.01012006 0.01119805 0.01354306 0.01658053 0.02205555 0.02608575 0.03761795 0.03837201 0.05023127 0.05326344 0.06008453 0.07026234 0.03439516 0.09544355 0.06596775 0.05205644 0.0842742 0.1287097 0.07862902 0.03185484 0.03346774
0.001282682 0.0002292084 0.0001589434 0.002015957 0.0008679227 6.255013e-005 7.339547e-005 0.003945461 0.0001167938 0.0001590139 0.0002172534 0.0004637375 0.0006630346 0.0005792243 0.0005273546 0.0006047153 0.000583996 0.0004864391 0.003633906 0.002777522 0.001130485 0.001329415 0.00146454 0.001255799 0.003379765 0.002164687 0.00102953 0.0008701359 0.001109367 0.001832838 0.003080302 0.005104549 0.005990012 0.007780326 0.009476327 0.01077907 0.01255445 0.01503887 0.01784532 0.02515733 0.03539988 0.03470628 0.04035692 0.04796346 0.05508422 0.0568393 0.07410545 0.03241935 0.04705645 0.05705645 0.04318549 0.06374999 0.1039919 0.09919354 0.05471775 0.03
0.004037877 0.00122682 0.0004133951 0.005672064 0.002261365 2.63896e-005 2.438077e-005 2.718942e-005 3.262349e-005 4.494761e-005 6.407081e-005 0.0001409898 0.0003519963 0.0002830236 0.0001816845 0.0002642342 0.0002198538 0.002863861 0.003935581 0.002610737 0.001597654 0.001071975 0.001115439 0.0009928074 0.001822365 0.001443213 0.001386513 0.002619804 0.00305665 0.004278709 0.00390153 0.005026622 0.006457314 0.00819658 0.009971397 0.01125061 0.01309965 0.01608467 0.01919904 0.02720768 0.0468609 0.042544 0.04145025 0.05211801 0.0533555 0.05790742 0.05808471 0.02665322 0.03310483 0.05185484 0.06125 0.04806451 0.0993145 0.08677419 0.05056452 0.03463709
