contrib/geomasonDemos/riftland/DataFiles/RainData/.svn/text-base/67.txt.svn-base
ncols         56
nrows         54
xllcorner     28.264
yllcorner     -5.7719999999999
cellsize      0.25
NODATA_value  -9999
[rows 0 to 24 of 54, columns 0 to 55 of 56]
0.2331388 0.2642968 0.2258864 0.2235943 0.2113062 0.2062123 0.180902 0.1850459 0.1623838 0.1223922 0.09554357 0.1047564 0.1012148 0.07915147 0.08569172 0.1167518 0.114549 0.08364239 0.1142813 0.1563964 0.148668 0.1280852 0.1173538 0.1661625 0.1717537 0.1955465 0.2260469 0.2260159 0.1746596 0.2339549 0.2335319 0.2434726 0.228216 0.2150486 0.2482765 0.3089376 0.2482984 0.2090512 0.1664643 0.1376567 0.05999475 0.05321462 0.1087204 0.1661144 0.1782645 0.1336381 0.2384008 0.2085763 0.1195074 0.06624169 0.03940769 0.04370688 0.04729343 0.02196514 0.01196586 0.01368447
0.3051074 0.2986401 0.2646132 0.2432117 0.2382966 0.2386871 0.2289118 0.2384629 0.1674367 0.1688399 0.1111139 0.06834186 0.08442269 0.07347678 0.07553884 0.0971334 0.09709442 0.08833417 0.1150118 0.1587925 0.1678859 0.1159038 0.1125962 0.114654 0.09059323 0.130349 0.1508449 0.1818633 0.1864913 0.1648013 0.1858846 0.1725911 0.1655164 0.1935657 0.248272 0.2860865 0.2313202 0.191886 0.1417462 0.07735161 0.05114006 0.09704013 0.1378033 0.1031033 0.1438406 0.161101 0.1386839 0.1359587 0.08444805 0.07097521 0.04838356 0.04019802 0.03422255 0.02114691 0.01012458 0.005223046
0.3020724 0.2689929 0.2243854 0.2184806 0.1979646 0.1686987 0.1643835 0.2609102 0.2008974 0.1248139 0.0916179 0.08843906 0.09615647 0.09636924 0.1022136 0.1163535 0.107788 0.1116512 0.1037655 0.1570413 0.1592307 0.1279071 0.08684304 0.1024074 0.1274851 0.1344092 0.1293558 0.1698408 0.1608662 0.1479994 0.1859078 0.189948 0.2157828 0.2285991 0.2235117 0.2599157 0.1972091 0.1599562 0.1363421 0.07467363 0.09041888 0.08388123 0.09274373 0.1047269 0.1367015 0.1674094 0.1869729 0.162025 0.07653048 0.07021569 0.05309661 0.0243107 0.02341767 0.0240526 0.006221649 0.000506591
0.2735829 0.3034038 0.2638832 0.2289332 0.2366059 0.2045576 0.180756 0.1386794 0.1493167 0.1170743 0.1152623 0.1137772 0.1008427 0.09596983 0.1189194 0.09312871 0.09360558 0.09901626 0.09730246 0.1302585 0.1182136 0.1166098 0.08308487 0.09224808 0.0893817 0.1274846 0.1403028 0.1956427 0.1677778 0.1475326 0.1624957 0.1866017 0.1926699 0.2085078 0.201429 0.2150917 0.1879137 0.1610227 0.1032749 0.08432868 0.07380456 0.05428411 0.09309009 0.1394994 0.1589907 0.1368321 0.1410671 0.07072868 0.03243502 0.04542418 0.03036942 0.01525191 0.0152535 0.006606884 0.00420962 0.000525767
0.2485653 0.246314 0.2357395 0.2337573 0.2608245 0.1671591 0.1646532 0.1408018 0.10072 0.08335286 0.08448682 0.09236334 0.07272001 0.05583526 0.05645368 0.06641155 0.06494656 0.07189616 0.08154083 0.1021883 0.09382658 0.1097637 0.1141611 0.1090033 0.08023354 0.08831523 0.1286847 0.1686612 0.1351684 0.1025539 0.122506 0.1319026 0.1761455 0.2085103 0.1958328 0.2407007 0.2302335 0.1109056 0.06555782 0.03125747 0.03091815 0.06767645 0.09623349 0.07501849 0.05696347 0.03933012 0.03232719 0.02441061 0.02556035 0.01617784 0.02106396 0.007254044 0.006704311 0.001299425 0.001036514 0.0003792528
0.2687041 0.1983884 0.1995092 0.1999423 0.192981 0.1475331 0.1197622 0.1305424 0.1136252 0.07860582 0.06306662 0.0680786 0.06156577 0.05799372 0.06296354 0.0755644 0.07435737 0.07022038 0.06501798 0.08880848 0.07239147 0.09221589 0.08247041 0.09840518 0.09609134 0.1266744 0.1378762 0.1819807 0.1183192 0.1040679 0.09533428 0.1180557 0.126271 0.1728899 0.1882843 0.1621089 0.1427926 0.06530851 0.02705772 0.03930696 0.07789887 0.07726334 0.06648599 0.04885282 0.03823992 0.01341099 0.02209605 0.02859639 0.02371315 0.01700233 0.008443628 0.001870054 0.0013378 0.0009526921 0.0007537007 0.0002686948
0.2295736 0.2101319 0.2171379 0.1815944 0.1727107 0.1904823 0.1545285 0.1123952 0.09771114 0.07880532 0.0625001 0.07155886 0.06496871 0.07531638 0.09301778 0.06336999 0.06022862 0.06496295 0.05387593 0.06902923 0.06594323 0.095126 0.06908487 0.09971182 0.1248625 0.1316912 0.12325 0.1576152 0.09947409 0.07148995 0.0632098 0.09983311 0.1396649 0.1717829 0.1189056 0.0727488 0.0584555 0.01993404 0.02458823 0.04002276 0.07600638 0.04592622 0.02163817 0.01318292 0.01860389 0.01795726 0.01668214 0.02503759 0.01352323 0.002336366 0.001984525 0.001433372 0.001018959 0.006280084 0.000569775 0.002029136
0.2895435 0.2867169 0.3055055 0.3088545 0.3327727 0.3707744 0.2751413 0.1859711 0.1511336 0.1009522 0.08892585 0.08674909 0.08243018 0.08528613 0.08842012 0.07827626 0.08107734 0.0765544 0.07695477 0.07157974 0.07462366 0.08300531 0.09674199 0.09633125 0.09876965 0.09632132 0.08568557 0.0757314 0.07514821 0.07795643 0.05143255 0.09090354 0.121047 0.1192445 0.08450829 0.07617465 0.04584731 0.03500967 0.02264301 0.01445908 0.02133284 0.01261974 0.005518307 0.001163373 0.001120307 0.0010969 0.0009724845 0.005412858 0.006050008 0.009571276 0.0004068718 0.001945827 0.001982983 4.456133e-005 3.444035e-005 0.003283788
0.2246122 0.2436024 0.2650435 0.3242035 0.3114338 0.3379451 0.2984419 0.2333888 0.1612896 0.1444505 0.1362498 0.1255798 0.08651745 0.08141265 0.08561027 0.07937778 0.09192503 0.08110082 0.07435963 0.07849852 0.1006899 0.0955454 0.09896089 0.1039002 0.08762387 0.07837959 0.0660456 0.08197607 0.08131459 0.06745178 0.05650647 0.05841032 0.04367511 0.08204223 0.05603947 0.06051154 0.03058572 0.02436156 0.01011109 0.00140474 0.006997926 0.007949825 0.003167653 0.000667343 0.0006365256 0.0005911277 0.0005296567 0.005124765 0.0002775175 0.0002348846 0.0001903871 4.278905e-005 2.747011e-005 0.002163171 0.0005001275 1.678052e-005
0.197701 0.2021331 0.2260329 0.268621 0.2737077 0.3042927 0.2629675 0.2149295 0.1260295 0.1147201 0.1238832 0.09888688 0.09012751 0.08774186 0.1306031 0.09376446 0.08208173 0.07698428 0.08391026 0.08970639 0.1095153 0.09465411 0.08819771 0.09905782 0.07852327 0.05316703 0.04259602 0.05462551 0.06825051 0.05379651 0.04416723 0.03753285 0.04576472 0.06187731 0.03292702 0.02458514 0.01692332 0.01134102 0.004692549 0.003747242 0.0006134689 0.001304576 0.0005602692 0.0004043308 0.0003322054 0.0002966278 0.003987757 0.005453956 0.01020515 7.830776e-005 6.003936e-005 1.209925e-005 6.455145e-006 3.319246e-006 2.789378e-006 3.944428e-006
0.245043 0.2137818 0.2371383 0.2636543 0.2338122 0.2319618 0.2189053 0.1526184 0.1231926 0.1157915 0.1338129 0.1167989 0.1026484 0.08590537 0.1207187 0.1006844 0.07767908 0.07512024 0.08572622 0.1368887 0.1446594 0.1290511 0.09865949 0.08443394 0.07044352 0.05837785 0.04259261 0.07432967 0.05599485 0.03888348 0.02485446 0.03489957 0.0290287 0.02565706 0.01233286 0.01336781 0.02794359 0.01130679 0.005464674 0.009807706 0.01347612 0.009754177 0.006020284 0.0002832087 0.0002633798 0.0002860942 0.008144779 0.0001069769 8.20103e-005 0.01130322 4.771701e-005 9.638081e-006 5.224102e-006 2.756329e-006 2.262559e-006 3.09999e-006
0.2641389 0.2630924 0.3011711 0.2741606 0.2561422 0.2179645 0.180716 0.1471175 0.1616465 0.1564233 0.1210718 0.1190588 0.1030968 0.09576041 0.09187407 0.1056949 0.09583218 0.1110296 0.1228382 0.1905646 0.1612962 0.1173126 0.1225137 0.07801157 0.05796223 0.04280284 0.05364048 0.09885753 0.03493217 0.03149125 0.0468027 0.03367605 0.02369802 0.02258912 0.009329113 0.00699229 0.007617784 0.0009455471 0.0003001243 0.003717451 0.01751234 0.01362347 0.002445284 0.002446175 0.01032564 0.004040217 0.00872928 0.003405642 0.001552346 0.001184331 0.0009117651 0.0003933492 0.0007496699 0.00129604 0.001213105 0.0009220545
0.2963955 0.3388581 0.3103019 0.342724 0.1939596 0.1858459 0.1876621 0.146355 0.1472838 0.1595159 0.1280828 0.1347376 0.2039857 0.1017445 0.1092296 0.1049974 0.09351978 0.1166626 0.1424631 0.1432005 0.1373237 0.1198251 0.1049843 0.07487089 0.04918743 0.04183586 0.04293279 0.04129019 0.01630859 0.03917393 0.04114375 0.01579079 0.01234466 0.004233414 0.001716575 0.001823542 0.0007286639 0.0007686054 0.0001544864 0.001418362 0.001460663 0.001464293 0.001398748 0.004138659 0.001331533 0.008078855 0.00931015 0.003418235 0.001840503 0.00075042 0.0008787186 0.002708034 0.003541081 0.003856264 0.00353267 0.003307854
0.3610693 0.3649011 0.3164984 0.2291256 0.1802357 0.1915764 0.1697536 0.1342595 0.1338539 0.1163453 0.125172 0.1143388 0.162139 0.1256977 0.1221446 0.09417421 0.08833156 0.1145461 0.1098985 0.154838 0.1518485 0.1397529 0.1121308 0.09432767 0.06415784 0.06158389 0.03755457 0.01371854 0.008156028 0.009176696 0.008731828 0.005887576 0.001053393 7.964297e-005 0.0001139869 0.000158096 5.281078e-005 0.0006926219 0.0007395286 0.0007230431 0.002603038 0.0008514983 0.00887954 0.009290306 0.009210314 0.003826323 0.009047866 0.0008476169 0.000656919 0.0006865961 0.002321138 0.004281058 0.004773979 0.004893358 0.004517216 0.004058525
0.2988034 0.3466703 0.2882222 0.2797194 0.2056151 0.2182613 0.248022 0.1921672 0.1779059 0.1496867 0.1429417 0.1468328 0.1793943 0.1518389 0.1461622 0.1227759 0.1260903 0.1403522 0.1347765 0.1350465 0.1216419 0.1087853 0.1006375 0.08680463 0.0620838 0.03156219 0.01284237 0.005776695 0.002208858 0.003982679 0.004515906 0.004035484 0.003845955 8.289803e-005 0.0001109606 4.031773e-005 4.826709e-005 0.0001002603 6.903626e-005 0.0006788993 0.002863044 0.00807871 0.0008051153 0.003530631 0.01025078 0.0007697305 0.0006640726 0.0008010583 0.0006763369 0.001818333 0.003122159 0.004910087 0.005149398 0.005102565 0.004669108 0.004192637
0.2455443 0.3282862 0.31977 0.3100678 0.2251541 0.2041612 0.2193118 0.1689723 0.1658597 0.1476781 0.1403182 0.1846229 0.1668164 0.1562188 0.1342156 0.1419642 0.1483097 0.1350845 0.1362555 0.1248593 0.1152304 0.1183602 0.1182143 0.1040758 0.03242045 0.007805833 0.00803348 0.003906423 0.004986253 0.004307755 0.004352048 0.003171506 0.002081655 0.0001365253 0.0001713376 0.0004117874 0.0004825061 0.003339744 0.007294501 0.001640265 0.001880033 0.002026803 0.001999045 0.00139609 0.001395374 0.001304351 0.001123723 0.001197951 0.001385051 0.002266425 0.003242304 0.0046309 0.004705275 0.004565996 0.004086554 0.003709106
0.2212926 0.2284134 0.3354887 0.3460062 0.2619955 0.2005926 0.1995337 0.185985 0.176298 0.1481781 0.1165738 0.1148719 0.1002665 0.1138895 0.1242153 0.1318316 0.1460999 0.1389273 0.1184738 0.165064 0.1204773 0.1645862 0.1115727 0.06032106 0.03130873 0.0106539 0.01355476 0.01102687 0.006830455 0.005793661 0.004772388 0.003303611 0.002187633 0.0001415226 0.0001669096 0.0003820088 0.0004335722 0.000520145 0.0006410584 0.001529204 0.001769289 0.001901704 0.001923452 0.002037885 0.001962958 0.001289048 0.001106439 0.001179073 0.001422503 0.002162217 0.002900599 0.003999839 0.003947936 0.003741393 0.003377911 0.003056141
0.1944715 0.2249047 0.2924199 0.2644333 0.2348993 0.2236456 0.2378232 0.1955795 0.1863351 0.1617111 0.142945 0.1203838 0.09137933 0.09946828 0.1087864 0.1492447 0.1765407 0.1699775 0.1611555 0.2021688 0.1729333 0.1451256 0.1479815 0.07534406 0.0444979 0.02277483 0.0191489 0.00785311 0.005397781 0.004522932 0.003994393 0.002729228 0.002779053 0.0004235516 0.0003639947 0.0005999714 0.0004842375 0.0004784045 0.0005850127 0.001391078 0.001602929 0.001727454 0.00175606 0.001250164 0.001271941 0.001197624 0.001029462 0.001093275 0.001812535 0.002410728 0.002946012 0.003988684 0.003847949 0.003652927 0.003233213 0.003011801
0.213403 0.2820586 0.3202432 0.3196012 0.413656 0.2589405 0.2357493 0.2176868 0.2100644 0.1371727 0.1400011 0.1062309 0.08811415 0.1090737 0.1307736 0.1372145 0.1618751 0.1758312 0.2060382 0.2044242 0.1474037 0.1187203 0.1545498 0.1104773 0.08428574 0.03835409 0.02313452 0.007433489 0.004225779 0.004412291 0.002229362 0.002753503 0.00168328 0.00113496 0.0007584914 0.001056407 0.0006320428 0.0004501831 0.0005277714 0.001219955 0.001375303 0.001470029 0.001499894 0.001073389 0.001095813 0.001034487 0.0008879579 0.001422751 0.003238624 0.002689344 0.003078169 0.004069323 0.003833828 0.003594496 0.009105516 0.003139552
0.2312249 0.2331852 0.2640656 0.2477574 0.2658083 0.195348 0.2019032 0.2434729 0.1548667 0.1442233 0.1036078 0.09946131 0.075428 0.1130151 0.1394753 0.1422021 0.1556837 0.1642778 0.1671543 0.1761063 0.1734703 0.1567177 0.1398045 0.1421148 0.110214 0.06550854 0.03223806 0.02295217 0.02094444 0.01599658 0.01348723 0.01382761 0.008808765 0.004609688 0.003508725 0.0005901466 0.0003001095 0.0001620076 0.0001805694 0.0007317531 0.0008006733 0.001112882 0.001316348 0.001438979 0.001150299 0.001086484 0.0009312565 0.001654951 0.001971405 0.002178979 0.002298024 0.003153183 0.005356187 0.007661101 0.006756616 0.01512566
0.214728 0.2171572 0.1927688 0.163165 0.187442 0.1884291 0.1498038 0.1522968 0.1632233 0.1916118 0.1184907 0.1002593 0.08302839 0.1136269 0.1174076 0.2022469 0.1795828 0.2185377 0.2315013 0.2097863 0.3015941 0.2766214 0.2183781 0.1779857 0.1284128 0.1042843 0.05289643 0.02912308 0.0240067 0.01778418 0.01831111 0.02212983 0.01384721 0.006203077 0.004660469 0.000768608 0.0003568964 0.0001508195 0.00257098 0.0006301427 0.0006366265 0.001467666 0.001423088 0.001681704 0.001769064 0.00162146 0.001856489 0.003032286 0.003819216 0.003719145 0.00301032 0.002403245 0.002214719 0.003260626 0.002043636 0.002758959
0.1643092 0.1759441 0.1423522 0.1491314 0.1771211 0.165751 0.1747928 0.1476609 0.1807025 0.1241436 0.1153781 0.07034519 0.07689356 0.09378737 0.09845428 0.145623 0.1889464 0.2692616 0.2607679 0.2985066 0.2447236 0.1969715 0.1549551 0.1501993 0.1526313 0.1391484 0.100183 0.05227566 0.03003805 0.02483506 0.02357168 0.02320551 0.01712424 0.009793341 0.007369068 0.00122957 0.0005675855 0.000245004 0.0004418019 0.0007101452 0.0006626028 0.0006375216 0.0006349602 0.0007958742 0.0007935817 0.0007385286 0.001216126 0.001653045 0.001906728 0.00190905 0.0019308 0.002229472 0.002106224 0.002828578 0.01365293 0.02355496
0.2000536 0.2094515 0.1852995 0.165174 0.1714167 0.238741 0.2134362 0.1943244 0.1362703 0.1185333 0.04959379 0.03964636 0.04062191 0.08636606 0.113376 0.1587327 0.152648 0.2027344 0.1960878 0.2155753 0.2294172 0.1943171 0.1823722 0.1823175 0.1587938 0.166461 0.137716 0.09250898 0.044646 0.03700978 0.02927325 0.02416209 0.01944222 0.01886675 0.01725123 0.007050153 0.0009243573 0.0003700288 0.0003260082 0.001034541 0.0008768714 0.0007705127 0.0007182473 0.0008337834 0.000766855 0.001299974 0.002060861 0.002230787 0.002369339 0.002306292 0.002280646 0.002653889 0.00252883 0.002549966 0.008539964 0.003256722
0.2206681 0.2584476 0.2431767 0.1968839 0.1826083 0.2010137 0.1507539 0.1105982 0.07820101 0.08938471 0.07017755 0.07292277 0.06683973 0.1111494 0.09958533 0.09650796 0.09079841 0.1025131 0.1114642 0.1418118 0.1263536 0.2070172 0.2233026 0.2079986 0.1898421 0.1655028 0.1685334 0.1316244 0.1119562 0.09358596 0.07603931 0.06768156 0.04749496 0.04019668 0.03295274 0.009556992 0.003016526 0.001251502 0.001058444 0.001470282 0.00118276 0.0009809985 0.0008682144 0.000493567 0.001316622 0.002254184 0.003224807 0.004426632 0.01896832 0.004147969 0.00410198 0.004128896 0.00398501 0.01614409 0.01606216 0.03120702
0.2016703 0.2476543 0.20918 0.2120345 0.1635286 0.1323296 0.158417 0.1326592 0.07044406 0.067514 0.05254715 0.0792399 0.1047237 0.08755353 0.07205577 0.06815273 0.0482695 0.06766216 0.08552567 0.1075723 0.1179441 0.1694967 0.1942831 0.2079735 0.1797851 0.1745031 0.1850634 0.1523518 0.1403701 0.1303638 0.1378035 0.1038837 0.06489792 0.05050716 0.0357252 0.007895562 0.003861348 0.001661598 0.001335506 0.001813952 0.00141347 0.001125999 0.0009845435 0.001746775 0.00248189 0.003404329 0.004347759 0.005114665 0.005249638 0.005135101 0.009563234 0.005120605 0.004990932 0.005115798 0.005199599 0.007778704
