contrib/geomasonDemos/riftland/DataFiles/RainData/.svn/text-base/7.txt.svn-base
ncols         56
nrows         54
xllcorner     28.264
yllcorner     -5.7719999999999
cellsize      0.25
NODATA_value  -9999
[rows 25 to 49 of 54, columns 0 to 55 of 56]
0.1337078 0.1559171 0.1716082 0.2252609 0.3194965 0.3249669 0.2139446 0.1720192 0.0984991 0.1047107 0.1272314 0.2094525 0.1679845 0.1671244 0.1605778 0.1273198 0.1074706 0.1089779 0.1070767 0.1373291 0.1425225 0.1513156 0.1710293 0.1853824 0.1914971 0.217218 0.2023998 0.232353 0.2128807 0.2019415 0.1714494 0.1485602 0.1308156 0.0956931 0.07226891 0.0607464 0.06798513 0.0240137 0.01314259 0.0191567 0.01845403 0.01586471 0.0150144 0.005343234 0.004547281 0.003991716 0.01826993 0.008795816 0.006727178 0.007171515 0.006766805 0.008868569 0.008334141 0.01186744 0.02036108 0.003917567
0.1519652 0.1484849 0.1743824 0.2658639 0.2695153 0.2759166 0.2022204 0.154687 0.1049244 0.090681 0.1305786 0.2253064 0.1753228 0.1597185 0.1295048 0.124648 0.1282148 0.1246153 0.1075639 0.1480703 0.1528258 0.1610034 0.1697638 0.1924082 0.1818835 0.1996184 0.2217719 0.2795494 0.2313454 0.2057327 0.2252076 0.1972154 0.1367058 0.1183068 0.09242098 0.08804913 0.05382184 0.02925249 0.01436898 0.02011646 0.01974477 0.01902336 0.01837687 0.006896073 0.005976245 0.005023306 0.009027116 0.01154171 0.007654618 0.007536165 0.01600133 0.01999621 0.01539512 0.01004887 0.01247116 0.02416188
0.1905235 0.1746763 0.2009245 0.2727078 0.2599064 0.2116916 0.2221778 0.1193653 0.1353557 0.1397448 0.1128736 0.1237459 0.07454883 0.1110305 0.0936413 0.1233843 0.1232279 0.1047131 0.1003248 0.1531251 0.1414088 0.1517485 0.1769109 0.2037454 0.2179951 0.226762 0.2339486 0.2615246 0.2582261 0.2510882 0.2403698 0.1821751 0.1369791 0.108188 0.09525272 0.07181857 0.03862044 0.0293279 0.01873693 0.02677211 0.02674748 0.02666167 0.02680478 0.01367006 0.01748001 0.01347611 0.01370737 0.0171576 0.01666 0.01637516 0.01640912 0.02476074 0.04469545 0.03517646 0.0281851 0.02700608
0.1869497 0.1742194 0.2209461 0.2438163 0.2210573 0.1987355 0.1902553 0.107495 0.08825048 0.1054212 0.06429084 0.04515533 0.04422796 0.04573594 0.04077807 0.08008564 0.0759047 0.06833135 0.0729536 0.1181359 0.1369233 0.1454693 0.1484555 0.2060497 0.24134 0.2599486 0.2609322 0.2707694 0.2793028 0.286708 0.2502216 0.1800652 0.1406037 0.1022113 0.0815516 0.03767019 0.0250463 0.03622278 0.02489331 0.02759976 0.02781854 0.02798846 0.02821469 0.01491078 0.01622085 0.018016 0.01781792 0.0195655 0.01847085 0.0182388 0.0181355 0.0395879 0.03788773 0.03985048 0.02898066 0.02460873
0.1766519 0.159768 0.1394431 0.1484381 0.1376727 0.09596977 0.09587426 0.04208367 0.05086143 0.04278766 0.03341813 0.02650205 0.02847343 0.02260337 0.0280093 0.05939893 0.05448285 0.05649991 0.05818259 0.1082639 0.1129533 0.1246888 0.1366954 0.1999027 0.2375135 0.2413193 0.2487175 0.2853171 0.285771 0.2842385 0.2565184 0.1736926 0.1305096 0.09524667 0.07150314 0.02989759 0.02335003 0.02222236 0.02307005 0.02961218 0.02985959 0.02985846 0.03024735 0.01646515 0.01614356 0.01756067 0.02041513 0.02301137 0.02213462 0.02112757 0.02062078 0.02613698 0.04264306 0.0509746 0.0470206 0.04222256
0.1786469 0.1437029 0.1381602 0.1025392 0.07752439 0.03837703 0.0401269 0.02434003 0.03822073 0.03242021 0.02925998 0.01665349 0.01395024 0.01941545 0.04890664 0.05549712 0.04737828 0.06133599 0.05357915 0.1004141 0.1015638 0.1072598 0.1180962 0.1837121 0.1987769 0.2142373 0.2263844 0.2662833 0.2515678 0.2383564 0.218464 0.1535633 0.1155376 0.0917806 0.06881963 0.0318561 0.02795882 0.02534208 0.02182736 0.0325768 0.03243133 0.032074 0.03233795 0.0183507 0.01806584 0.01818778 0.02179869 0.02875095 0.02501424 0.02425531 0.02459473 0.03180239 0.03112546 0.0295959 0.02877162 0.03224025
0.2498711 0.2030012 0.1444833 0.0681831 0.05247933 0.02208102 0.02309961 0.0355588 0.04288322 0.04539588 0.05185367 0.05213979 0.05689776 0.06256972 0.07571423 0.1010056 0.1067348 0.1313569 0.1435695 0.1251374 0.1109018 0.1058536 0.09846351 0.1327737 0.1549725 0.1772341 0.2007718 0.2176861 0.2237225 0.1932766 0.1737552 0.1175341 0.09334528 0.06444857 0.05312223 0.05403199 0.05776745 0.03847897 0.03616009 0.03644221 0.02970349 0.02838075 0.02767853 0.01827486 0.01844933 0.02695489 0.01932172 0.03436146 0.0324256 0.03166587 0.03341797 0.04578852 0.04421436 0.04131099 0.04114376 0.03918644
0.2392331 0.2050544 0.1005324 0.04626508 0.02771544 0.02280082 0.02028759 0.03717503 0.04211317 0.04613073 0.06475438 0.05791491 0.05603225 0.05976974 0.06449287 0.1231662 0.129219 0.1220077 0.1840465 0.1165099 0.1200401 0.1105645 0.0989228 0.1293857 0.1390384 0.1520089 0.1643875 0.2035859 0.1982863 0.1812561 0.157604 0.09877907 0.07647936 0.05322075 0.05239259 0.04966854 0.04482754 0.04308831 0.0407065 0.03873013 0.03197575 0.03027068 0.0297938 0.01862738 0.01884492 0.03081363 0.02826287 0.03514363 0.03669537 0.03135978 0.03079999 0.04291835 0.04354514 0.03927312 0.04010201 0.03931262
0.2071271 0.2225532 0.1212045 0.02936358 0.01947443 0.02014549 0.02466194 0.03297773 0.03739067 0.04094609 0.04708428 0.04898849 0.05479412 0.05877328 0.06549768 0.1307567 0.1571303 0.1502571 0.1723983 0.1023063 0.09353872 0.1040384 0.1014263 0.1094077 0.1164548 0.1362989 0.1527103 0.172289 0.1748254 0.1648339 0.1305297 0.08485632 0.06883886 0.04988267 0.04491689 0.04889434 0.04627223 0.04414593 0.04128287 0.03447129 0.03223264 0.03044206 0.03109208 0.01877584 0.01875499 0.03057375 0.02107074 0.03456993 0.03182454 0.03280027 0.03232035 0.03986835 0.0404441 0.03974886 0.04471555 0.04008749
0.2228152 0.2131228 0.1080509 0.03100367 0.02007946 0.0287653 0.03274768 0.03540611 0.03972965 0.03403937 0.0372928 0.04834592 0.05460433 0.05777154 0.07161118 0.1328359 0.1414082 0.1545867 0.1533301 0.08693954 0.06855451 0.06619316 0.07345139 0.08078531 0.0921445 0.1075165 0.1269454 0.1375775 0.1340082 0.1241168 0.1093891 0.06803759 0.05515461 0.04394725 0.04208802 0.04607502 0.04400909 0.0418239 0.03899458 0.03143627 0.02939068 0.02812947 0.02890643 0.01843043 0.01884777 0.02067075 0.0220653 0.03673043 0.03564188 0.03337716 0.03318091 0.0417757 0.03989017 0.04154898 0.04137846 0.04451818
0.1560992 0.1390103 0.0727703 0.05120456 0.02972932 0.02879694 0.02828633 0.0340624 0.02308967 0.02597848 0.03028694 0.05712089 0.06527204 0.06927548 0.07156235 0.07918578 0.07195961 0.08624866 0.08707086 0.04770671 0.03769325 0.02967037 0.03033241 0.06020769 0.0715073 0.07509173 0.09478197 0.08260682 0.08389841 0.08080925 0.06813488 0.06257138 0.05124736 0.04635854 0.04315108 0.04272694 0.04059208 0.03850927 0.03549749 0.02502395 0.02273382 0.02198217 0.02286494 0.02029566 0.02088879 0.02165727 0.02312347 0.02916563 0.02933664 0.0303241 0.03050596 0.03028875 0.03368541 0.02931139 0.02869246 0.0347859
0.1379004 0.1042728 0.05248052 0.02723495 0.02680936 0.03040194 0.020839 0.01830412 0.02568844 0.02429495 0.02787619 0.05191744 0.05917277 0.06163826 0.06066982 0.05803319 0.05515628 0.05378749 0.05855902 0.03705867 0.02555248 0.01920406 0.01954833 0.04436222 0.06207499 0.06323996 0.0666213 0.07263511 0.06961288 0.06373166 0.0563992 0.05395797 0.04737356 0.0434704 0.04088753 0.04003998 0.03820568 0.03622844 0.03314739 0.02286876 0.02096555 0.02057236 0.0221724 0.0193173 0.01988471 0.02199583 0.02337091 0.02873195 0.03058896 0.03371025 0.03266774 0.03114811 0.03032465 0.03005568 0.02775764 0.03949682
0.1003391 0.07464544 0.02234608 0.01294726 0.01958466 0.01477971 0.01865065 0.01583464 0.01897982 0.0212085 0.02569633 0.04609955 0.05295995 0.05294707 0.04617057 0.03868789 0.03730209 0.03619757 0.03833891 0.02687732 0.01610353 0.01255412 0.01705895 0.03346279 0.05374929 0.05900482 0.05228157 0.0518992 0.05829946 0.05237234 0.045599 0.04517977 0.04196259 0.0395241 0.03698274 0.03620874 0.03458629 0.03226081 0.02974943 0.0207321 0.01905411 0.01925277 0.02089705 0.01854585 0.01955265 0.02176003 0.02428617 0.02973681 0.03148857 0.03340432 0.03283959 0.02393684 0.02486931 0.0247443 0.02546052 0.01790323
0.1539349 0.05303938 0.01298135 0.01011805 0.01339005 0.02931131 0.01776589 0.0139222 0.02148316 0.02356194 0.0229448 0.0402098 0.04649105 0.04576689 0.04004023 0.03109239 0.02775086 0.02815876 0.03040903 0.02008648 0.01212049 0.01014303 0.01192454 0.02689348 0.03482952 0.04396092 0.04506155 0.04390533 0.04908159 0.04703601 0.03885048 0.03844659 0.03664469 0.03464637 0.03240431 0.0311506 0.02880495 0.02670974 0.02494895 0.01692628 0.01593943 0.0162336 0.0198976 0.01800277 0.01967422 0.02244444 0.02554936 0.03140363 0.03510502 0.03560726 0.03500304 0.02916105 0.03281911 0.03134465 0.0188623 0.03153226
0.1117917 0.02406614 0.008595996 0.01878675 0.01564344 0.02333631 0.01339991 0.01313097 0.01907114 0.02141208 0.02236428 0.03230568 0.03670731 0.03625721 0.03132396 0.02130767 0.01692629 0.01357428 0.01123464 0.006130805 0.003886905 0.00429694 0.006423956 0.01281758 0.01533144 0.0205116 0.02627232 0.02878713 0.03298716 0.03190471 0.02880062 0.03266341 0.03149071 0.02971685 0.02724779 0.01954051 0.01759115 0.01618632 0.01523627 0.0106207 0.009713622 0.01132281 0.01518692 0.03435691 0.03931688 0.04663235 0.05421301 0.05508257 0.05827426 0.06480389 0.05184812 0.05892433 0.05872054 0.03988426 0.03527866 0.01625
0.05408171 0.01528607 0.005860207 0.01115733 0.008305416 0.009867685 0.00892674 0.01152839 0.01619727 0.01508838 0.02093552 0.03023471 0.03080157 0.03033501 0.02592447 0.01770602 0.01397434 0.0111321 0.009158731 0.004272556 0.003064731 0.003526139 0.004811992 0.008772693 0.01124625 0.01443836 0.01665976 0.02395442 0.02353697 0.02437276 0.02402159 0.02752385 0.0269893 0.02544221 0.0226304 0.0156671 0.01353577 0.01217875 0.01177468 0.008315671 0.008113723 0.01029944 0.01490802 0.0375222 0.04395408 0.05246584 0.05578755 0.05507265 0.05680792 0.05685432 0.06226147 0.05721208 0.0435487 0.04072776 0.03940025 0.02205645
0.0563637 0.04139299 0.004567197 0.007110264 0.007482629 0.008769163 0.00675131 0.009847767 0.01134263 0.01303719 0.01495424 0.02322217 0.02582559 0.02524183 0.0216437 0.0146909 0.01154584 0.009119462 0.007472058 0.003468642 0.002577827 0.002497241 0.00333643 0.006151318 0.008940595 0.009396084 0.009968678 0.01730364 0.01867375 0.01962342 0.01952997 0.02295931 0.02232527 0.02095948 0.0183896 0.01278628 0.01049472 0.009486342 0.009533406 0.007857813 0.006875161 0.009791347 0.0149165 0.03924197 0.04757812 0.05472817 0.05773022 0.05500326 0.05798876 0.06311993 0.06867208 0.04438661 0.04103853 0.03709242 0.03689239 0.0221371
0.05150244 0.02746855 0.004166536 0.005090219 0.006114825 0.006767891 0.005430727 0.009370795 0.01055467 0.01184058 0.01318895 0.02005487 0.02186267 0.02127978 0.01816767 0.01230646 0.00961573 0.007592903 0.006203238 0.003066004 0.002023015 0.001942858 0.002625809 0.00478729 0.005760396 0.00677796 0.007894541 0.01320909 0.01479498 0.01554448 0.01785085 0.01765227 0.0174479 0.01638704 0.01447407 0.0106558 0.02467831 0.008478 0.00841104 0.007598029 0.00663081 0.009685471 0.01526549 0.04207045 0.04714109 0.05474309 0.06560222 0.05874344 0.0641311 0.08112074 0.07946561 0.04629047 0.03991989 0.0418104 0.04171219 0.02943548
0.02868831 0.02888105 0.006816981 0.00112479 0.004091125 0.003072153 0.0008473659 0.001153799 0.001272153 0.001361645 0.001463233 0.009279254 0.01102928 0.01082284 0.009765817 0.006004731 0.00480673 0.004051182 0.003611139 0.00262495 0.002124113 0.001425544 0.001635201 0.001314119 0.001186871 0.001394239 0.00162653 0.002112746 0.002357937 0.002474859 0.002434169 0.006096917 0.006005958 0.005673297 0.005073564 0.005154069 0.0166291 0.004021896 0.004564712 0.008805153 0.009173042 0.01295549 0.01882217 0.0546357 0.06014235 0.06456049 0.07967734 0.06858544 0.0814713 0.1112548 0.0646041 0.01971774 0.03116935 0.03625 0.02443548 0.03233871
0.02264928 0.02330198 0.007030335 0.00181428 0.002717412 0.0007742018 0.0008345961 0.001101775 0.001177772 0.001212961 0.001244682 0.007552795 0.007696028 0.007296261 0.006224265 0.004478489 0.003688594 0.003160294 0.002897565 0.002176706 0.001594573 0.00125815 0.001075651 0.0006394968 0.0007370516 0.0008651298 0.001021114 0.001402935 0.001523078 0.00158189 0.00153963 0.003695237 0.003580501 0.003385447 0.003132126 0.003019462 0.003214618 0.003017362 0.003799456 0.008337333 0.008959955 0.01295698 0.0197187 0.0535089 0.05854304 0.06570704 0.07198225 0.07643624 0.08599696 0.07331502 0.06281973 0.02806452 0.0291129 0.0271371 0.02383064 0.02616936
0.03269792 0.01028234 0.003223757 0.002387043 0.001660542 0.0008103536 0.0008248865 0.001028905 0.001065422 0.001071149 0.00105637 0.006111354 0.006007297 0.005563798 0.004707778 0.003387155 0.002820191 0.002468964 0.002344214 0.001830807 0.001358883 0.001015545 0.0009058109 0.0004047904 0.0004499662 0.0005301818 0.0006379215 0.0008578826 0.001023115 0.001013846 0.0009783366 0.002293277 0.002204547 0.002164902 0.002176879 0.00227784 0.002318874 0.002805546 0.003744039 0.008788052 0.009863225 0.01426213 0.02035999 0.05350562 0.05778981 0.06894433 0.07394691 0.09302972 0.09819115 0.08435372 0.07439258 0.02802419 0.03495968 0.02447581 0.03185484 0.03100806
0.01221971 0.004568654 0.002580693 0.0006963075 0.001042921 0.00104408 0.0007431808 0.0009307588 0.0009380166 0.0009302408 0.0008879519 0.004952882 0.004762062 0.004319817 0.003643425 0.002627951 0.002231215 0.002008522 0.001778329 0.001618072 0.001219947 0.0008914862 0.0007479626 0.0003091383 0.0003443556 0.0004072406 0.0004960187 0.002672223 0.0007682386 0.0008125833 0.001188891 0.001931634 0.001918074 0.002012613 0.002207692 0.00239905 0.002596838 0.003329809 0.004649378 0.009395826 0.01147297 0.01509185 0.02069077 0.05286817 0.0598253 0.06814728 0.07049222 0.07650812 0.05585644 0.06354272 0.06148099 0.0203629 0.02254032 0.02564516 0.02665323 0.02576613
0.001788257 0.0009959547 0.001136403 0.0007387611 0.0007266585 0.000727771 0.001204522 0.0007884329 0.0007640393 0.000735343 0.0006809768 0.002557511 0.002493568 0.002313484 0.002250117 0.001324374 0.0009695342 0.0004348923 0.0003589459 0.0007367163 0.001130289 0.001091909 0.0008718295 0.0007389159 0.0003341981 0.0001459677 0.0001811075 0.0006180905 0.0006449544 0.0006577597 0.0009447533 0.001527332 0.001475202 0.001546394 0.00186478 0.005553314 0.006272677 0.008500798 0.01045436 0.02464831 0.02801155 0.03102122 0.03666551 0.07396217 0.07880903 0.08514249 0.08577505 0.1016129 0.07495968 0.05883064 0.07737903 0.03899194 0.03677419 0.05104839 0.03548387 0.02407258
0.00143652 0.001252879 0.0009747619 0.0007100476 0.0007091602 0.0006847219 0.0009762216 0.000688593 0.0006371269 0.0005843955 0.0005068993 0.001899505 0.001668174 0.001632171 0.001590172 0.000992005 0.0005006911 0.0003873642 0.000960287 0.001599097 0.002054027 0.001991601 0.00172261 0.002115927 0.001684433 0.0008336274 0.0001033592 0.0005300998 0.0005396401 0.0005498818 0.0008625228 0.001230889 0.001241697 0.001415381 0.001887787 0.006040011 0.008010216 0.009532028 0.0114349 0.0265765 0.02812466 0.03013481 0.03535169 0.07567142 0.07849764 0.07210959 0.1072512 0.1069758 0.07262097 0.0396371 0.05512096 0.05504032 0.04169355 0.05544355 0.0416129 0.01834677
0.002132019 0.001757702 0.001083321 0.0006694537 0.0006593945 0.0006275321 0.0008808352 0.0005900942 0.0005279561 0.0004606183 0.0006613256 0.001404334 0.001261554 0.001168834 0.00138971 0.0005904739 0.0006135607 0.0008768585 0.001436208 0.002033957 0.002488322 0.002431695 0.002063409 0.002646486 0.002200811 0.001345196 0.0006467107 0.0006779652 0.0004859901 0.0004940795 0.0008105855 0.00109954 0.001185639 0.001394816 0.001936244 0.007005469 0.008000389 0.00957361 0.01266015 0.02532985 0.02659589 0.03820945 0.0348869 0.06185269 0.06033068 0.05868253 0.0803655 0.1145564 0.08754033 0.05717742 0.05306451 0.04512097 0.04899193 0.04379032 0.02931452 0.009032258
