contrib/geomasonDemos/riftland/DataFiles/RainData/.svn/text-base/7.txt.svn-base
ncols         56
nrows         54
xllcorner     28.264
yllcorner     -5.7719999999999
cellsize      0.25
NODATA_value  -9999
[rows 0 to 24 of 54, columns 0 to 55 of 56]
0.2528681 0.29471 0.2874251 0.238424 0.2268536 0.2236583 0.3098236 0.3490726 0.3046034 0.290889 0.3389775 0.3082793 0.2386016 0.2495933 0.2193145 0.2180099 0.2106859 0.1966789 0.1854187 0.194849 0.1541459 0.1802143 0.1978643 0.2532853 0.248932 0.2485044 0.2276344 0.3426578 0.298924 0.2860884 0.275735 0.3136206 0.2893452 0.3526691 0.3145473 0.3130269 0.2992963 0.2711259 0.2544872 0.2457946 0.2373561 0.232451 0.2081202 0.1839492 0.188449 0.1675203 0.1597012 0.1646805 0.144122 0.1013636 0.08943864 0.05361184 0.04583785 0.03783678 0.03386122 0.004895978
0.2982892 0.2807867 0.2662857 0.4787689 0.2920871 0.3366072 0.2833141 0.3619947 0.3009449 0.3455834 0.2990436 0.3187778 0.3840807 0.2345521 0.2365822 0.2313444 0.2222051 0.2357027 0.1755198 0.1586853 0.2398448 0.1952054 0.168573 0.2586864 0.2720484 0.2465478 0.2529669 0.3128857 0.2902094 0.2649595 0.2632129 0.3112597 0.2907254 0.3293875 0.3045239 0.296584 0.2636591 0.2383453 0.2226733 0.2235029 0.217725 0.2046694 0.2140093 0.1992061 0.1799932 0.1717085 0.155591 0.1338631 0.1107522 0.09945685 0.09748942 0.06369673 0.04573155 0.03817276 0.0353603 0.004659976
0.3308721 0.3018288 0.3036409 0.3996585 0.2956179 0.4540352 0.4713988 0.3871908 0.3993651 0.4554549 0.3524368 0.38384 0.3061008 0.3877284 0.3143985 0.252634 0.2477206 0.2135648 0.2113922 0.1699584 0.1589336 0.1942421 0.1743984 0.2483447 0.3039173 0.5006898 0.25317 0.2678671 0.2780247 0.2425064 0.2294918 0.2836341 0.2867909 0.2796199 0.2825648 0.2646665 0.2236996 0.2034303 0.2008683 0.2099633 0.2016348 0.1936679 0.2020332 0.1860629 0.195016 0.1496207 0.1449302 0.1128559 0.1059965 0.08902974 0.08328375 0.05941458 0.04739384 0.03694076 0.03209582 0.005808949
0.3241456 0.3037579 0.3457519 0.3635908 0.3432184 0.294098 0.1879657 0.2755522 0.3163846 0.3661972 0.3115077 0.3354804 0.266254 0.222275 0.1459052 0.1908439 0.1487697 0.1557217 0.1585445 0.1579681 0.129137 0.1335948 0.1932615 0.1528819 0.2011518 0.2414358 0.2259627 0.3077232 0.2869185 0.2570595 0.2631341 0.3289714 0.313428 0.3011661 0.3153459 0.2177763 0.1775716 0.1425211 0.1347805 0.1686527 0.1751315 0.1721534 0.179134 0.1739467 0.1658906 0.1167176 0.1057507 0.08631577 0.07048725 0.06286684 0.06045189 0.05564443 0.05400605 0.05267302 0.05223756 0.02267743
0.2565967 0.2815252 0.3029214 0.3351048 0.2895184 0.2168733 0.2118932 0.2518339 0.2515312 0.2467969 0.2547367 0.2896812 0.1909963 0.1482208 0.1399732 0.1444736 0.1041959 0.08561441 0.1083135 0.1342199 0.1239107 0.1103037 0.09693246 0.1424053 0.1735472 0.2462054 0.1889645 0.2510995 0.2575107 0.2286178 0.2575324 0.3093537 0.2525711 0.2531463 0.2748037 0.1979991 0.1349463 0.1133779 0.09631607 0.131034 0.1542356 0.161008 0.154292 0.1146053 0.1048294 0.08765991 0.08310453 0.06976934 0.07882081 0.06096451 0.05690189 0.06409952 0.05846933 0.06364624 0.05557271 0.02053205
0.2767369 0.2194872 0.2264784 0.2417713 0.2357564 0.1930885 0.1909069 0.2473126 0.2352312 0.196812 0.2035135 0.270339 0.1764911 0.1354367 0.1437377 0.1153577 0.07924721 0.06605507 0.07270344 0.08445103 0.09376071 0.07016227 0.07362157 0.1124858 0.2074367 0.1453481 0.134304 0.1941267 0.2193623 0.2179779 0.2222165 0.2359048 0.2152569 0.1958104 0.2083308 0.1322796 0.1170029 0.09815617 0.08395453 0.1130947 0.1283602 0.1367736 0.1304365 0.09079167 0.08199597 0.08472484 0.08794239 0.07071457 0.06120887 0.06227103 0.05196592 0.05609005 0.05751749 0.05684081 0.05439071 0.01865645
0.2646784 0.2319442 0.2339091 0.2450532 0.2037158 0.1720803 0.1922527 0.264073 0.2058243 0.1720996 0.1919336 0.2351679 0.1979137 0.180157 0.1847398 0.1349657 0.1107899 0.06095363 0.05517983 0.06369137 0.076889 0.07250915 0.06805075 0.09333114 0.1458496 0.1094105 0.07892895 0.1328224 0.149608 0.1653008 0.194091 0.214752 0.1845931 0.184899 0.1769941 0.1324093 0.1081034 0.07130428 0.07344244 0.09137964 0.1008267 0.0936572 0.09010811 0.08651529 0.08086871 0.07992711 0.08753032 0.1027069 0.04907559 0.04816923 0.04540202 0.05543463 0.05562405 0.05961021 0.06389663 0.01726852
0.2010991 0.1961994 0.2058379 0.2162252 0.183027 0.1842888 0.2322751 0.2697839 0.2614063 0.2424072 0.2418404 0.3471746 0.2505317 0.2281275 0.2145998 0.2180585 0.1952908 0.1214041 0.1101259 0.1595079 0.15884 0.1469176 0.09686164 0.06634875 0.06582305 0.05587285 0.06219132 0.08463219 0.07858942 0.08648665 0.09815953 0.1199064 0.08915255 0.07870751 0.07345568 0.06704155 0.04528178 0.03038976 0.03709176 0.05098606 0.05641609 0.06062172 0.06539167 0.05484632 0.04885105 0.04328447 0.05614349 0.07003124 0.05067717 0.04245863 0.03850979 0.08593984 0.07908224 0.07681628 0.07270815 0.007866801
0.1959679 0.1464293 0.1719125 0.1867978 0.1639735 0.1552359 0.2276586 0.301541 0.2563988 0.254278 0.2082972 0.3210398 0.2855732 0.2578406 0.2028198 0.2763993 0.194434 0.1345256 0.1437164 0.1472667 0.2708724 0.1960339 0.1164189 0.05682171 0.05838118 0.07449611 0.1084409 0.1227724 0.08436394 0.08732059 0.09475332 0.08091995 0.07162184 0.05679421 0.05142367 0.04117697 0.03074553 0.02831567 0.02978245 0.03905109 0.04017676 0.04030361 0.04378155 0.0377336 0.03715 0.04329871 0.04816926 0.06498487 0.04183951 0.04156143 0.03851503 0.0793553 0.07784434 0.07152203 0.06819317 0.005610469
0.1738333 0.1272128 0.1229961 0.143737 0.174326 0.1415998 0.1952473 0.2426738 0.1846703 0.1854273 0.1643614 0.2816291 0.298425 0.2996704 0.2616424 0.3130918 0.232485 0.2056598 0.1804788 0.2364181 0.1997683 0.07830156 0.07168467 0.04611797 0.04075946 0.04883529 0.07094733 0.05105492 0.05358293 0.05384544 0.08556277 0.06939528 0.04940334 0.03924131 0.03585385 0.04017868 0.02561561 0.02201338 0.02112698 0.02982467 0.03149993 0.03154138 0.03233657 0.02446595 0.0328378 0.03190136 0.02337288 0.05675823 0.04742775 0.03127433 0.02911316 0.07834993 0.07054421 0.06800281 0.06714248 0.004392805
0.203969 0.1332376 0.1094376 0.197237 0.1652389 0.2709284 0.3010302 0.286271 0.2526263 0.2084602 0.1994605 0.3301712 0.2965136 0.2856979 0.2798225 0.3602087 0.295409 0.2252283 0.2482299 0.2730372 0.109049 0.06968202 0.04992251 0.06053177 0.05759011 0.04870755 0.03490381 0.03900082 0.03333908 0.03024397 0.0400076 0.04562144 0.03922638 0.04162121 0.03708123 0.05279636 0.02954157 0.02157856 0.02124666 0.02581617 0.02635494 0.02787282 0.02654325 0.03552868 0.02607877 0.03101143 0.0301601 0.04144192 0.03086201 0.02583226 0.02628347 0.07290038 0.07021876 0.06938501 0.07003891 0.003428367
0.2433378 0.2167264 0.1809929 0.2415078 0.1982931 0.2492662 0.271782 0.3667338 0.312647 0.3504785 0.2937366 0.4088357 0.4042141 0.2954946 0.2904377 0.3756543 0.3176276 0.2256441 0.1954278 0.1432463 0.09025213 0.08194854 0.07422804 0.0685617 0.05644735 0.03595572 0.0389084 0.0489505 0.04527963 0.04309396 0.06740705 0.07732794 0.06413557 0.05720738 0.06165622 0.08275934 0.01725296 0.02004269 0.01603983 0.02497251 0.02450853 0.03674304 0.04741558 0.03175194 0.02487553 0.01941651 0.01589881 0.0186399 0.01669156 0.01526694 0.01352 0.005296054 0.004162632 0.003574347 0.003352267 0.004823223
0.2465992 0.2059647 0.2003566 0.2287315 0.2102727 0.2270973 0.2627977 0.3438087 0.2333308 0.2969658 0.2548148 0.3895753 0.3180341 0.274115 0.2615122 0.3151043 0.3219389 0.192142 0.2680815 0.1565917 0.09535664 0.09646861 0.09493135 0.03281028 0.02547833 0.0247348 0.03491903 0.04166222 0.03675678 0.04060285 0.04370534 0.0537337 0.05847994 0.05725968 0.107152 0.09373038 0.03024994 0.03984442 0.03818721 0.02311122 0.02098702 0.02906396 0.03379437 0.03208596 0.01994768 0.01391725 0.01120459 0.01428566 0.01304063 0.01157261 0.01013397 0.004438328 0.003990697 0.003526638 0.003200793 0.004157252
0.2028717 0.1891068 0.2055151 0.2706754 0.2260539 0.2602274 0.3387137 0.3662023 0.3168977 0.2929569 0.282107 0.4335798 0.3509351 0.2798833 0.2808943 0.3221375 0.2773682 0.1814948 0.1585603 0.1468754 0.115556 0.1013022 0.08981831 0.03930383 0.03528681 0.02345728 0.03881509 0.0294938 0.0271484 0.03600125 0.04016795 0.05856866 0.06144042 0.06056825 0.08097251 0.03983755 0.01995473 0.01894515 0.0180421 0.01931715 0.01770542 0.0164024 0.0177302 0.0136036 0.01409151 0.01291743 0.009788439 0.01182299 0.01047949 0.009246419 0.007940507 0.004330487 0.003714643 0.00308072 0.002644215 0.002718449
0.2459691 0.2550947 0.2727217 0.3628113 0.3508897 0.3476376 0.3370352 0.6161361 0.5175255 0.4100623 0.323564 0.4673391 0.3807825 0.3254347 0.4945477 0.278411 0.3255649 0.1938505 0.120735 0.1420336 0.1214095 0.1144138 0.0898039 0.05271383 0.08205397 0.03839159 0.03635025 0.02487111 0.02737706 0.03331413 0.04372471 0.06260028 0.06352521 0.06411368 0.07170817 0.03892872 0.036419 0.03132417 0.02965986 0.01818471 0.01675355 0.01565808 0.01444625 0.01204554 0.01140373 0.01061402 0.009676056 0.01140486 0.009943995 0.01255043 0.01217389 0.004045236 0.003371961 0.00266685 0.002207361 0.002312663
0.3503554 0.3727936 0.3608301 0.4561823 0.3047554 0.2995653 0.346 0.4968721 0.548238 0.3127687 0.2941159 0.4416132 0.3698401 0.3916138 0.3742914 0.2090818 0.1743926 0.1447033 0.09918519 0.1270547 0.1220611 0.1392179 0.108693 0.107026 0.07729626 0.04661672 0.04768649 0.02807064 0.0195111 0.01294268 0.01607014 0.02418835 0.02818446 0.02858633 0.05100112 0.03356773 0.02783254 0.02779251 0.03186955 0.01693864 0.01657978 0.0161034 0.01558242 0.01066839 0.0100575 0.008945686 0.008001911 0.009622947 0.008318733 0.006608508 0.006032784 0.003457712 0.002693382 0.001948284 0.001500779 0.001423235
0.3750155 0.3439535 0.3512136 0.3124226 0.2297352 0.2282934 0.2902865 0.3661108 0.3879925 0.2516288 0.2409418 0.3674561 0.4290177 0.3928567 0.3286663 0.2419418 0.1473365 0.1404742 0.1016476 0.1138818 0.09882382 0.1259816 0.1095716 0.08409548 0.07035698 0.05273705 0.04600014 0.03087284 0.02801138 0.009206765 0.01231162 0.01659507 0.01910888 0.04747079 0.04623377 0.01472575 0.01297295 0.01108538 0.010943 0.01504119 0.01522387 0.01515444 0.01447812 0.01027176 0.00975382 0.008707987 0.007803343 0.008692328 0.007394447 0.006044006 0.005248726 0.002752857 0.001993969 0.001271312 0.0008624588 0.0008271508
0.363231 0.3154587 0.2573858 0.2935522 0.2570734 0.2569627 0.3192407 0.3732186 0.4370897 0.2636981 0.2354565 0.3618488 0.4651286 0.3232197 0.2899571 0.2423806 0.1799627 0.1798983 0.1297179 0.1688027 0.1006815 0.08908793 0.1048665 0.07342191 0.07504487 0.06516409 0.0574122 0.01433676 0.0132569 0.00792988 0.009422133 0.01219483 0.01171915 0.03333363 0.01607745 0.01016431 0.009023601 0.009478842 0.01003885 0.01399302 0.01426326 0.01408172 0.0168789 0.009493949 0.009272355 0.008286173 0.007334553 0.007940374 0.006630322 0.005436728 0.01448924 0.01672494 0.01812435 0.0009577095 0.0007591445 0.01411807
0.3144027 0.2742942 0.2914314 0.3134936 0.3104405 0.2972403 0.3448502 0.3856708 0.2898115 0.2394428 0.2499158 0.3220211 0.3366596 0.3030444 0.2491355 0.2961852 0.2403441 0.1567819 0.1551113 0.1438537 0.1498919 0.09284554 0.07914086 0.0758728 0.07125087 0.07386871 0.0740407 0.01830194 0.0104862 0.009431055 0.009550011 0.01121803 0.01023361 0.01035831 0.01180123 0.008418844 0.009071158 0.009261912 0.009707073 0.0134391 0.01350428 0.01304409 0.01848765 0.0144935 0.008290696 0.007516213 0.006854317 0.007388358 0.007838595 0.00587132 0.02581924 0.01580527 0.001784825 0.001077026 0.01461875 0.001268589
0.2585447 0.2595268 0.2331449 0.3206172 0.3078046 0.2967136 0.2904056 0.2789949 0.2160596 0.2210463 0.2138668 0.2774594 0.3101009 0.2208149 0.1742401 0.3113033 0.2602539 0.2511996 0.2879537 0.1640406 0.1336135 0.1655393 0.1076337 0.1096842 0.09568071 0.08254975 0.06911004 0.05603321 0.04596834 0.03809618 0.03468065 0.03153402 0.03141769 0.02350815 0.01906637 0.01997982 0.01492983 0.01315151 0.01159966 0.01265987 0.01268214 0.01221049 0.01742459 0.01477233 0.009531335 0.008677561 0.00764651 0.008405625 0.008414425 0.006525896 0.005451894 0.01088693 0.009808266 0.004009367 0.003298461 0.01144465
0.2297414 0.2124469 0.1881218 0.2054603 0.2293644 0.1557922 0.1298291 0.2970426 0.1907817 0.1197163 0.15482 0.210798 0.1766969 0.1759949 0.1470046 0.2702194 0.2568888 0.2315212 0.2117836 0.1299279 0.1268386 0.166942 0.1135331 0.1100977 0.08905393 0.0895494 0.07597399 0.06974304 0.0928831 0.05922977 0.04015972 0.03470337 0.0305733 0.02898978 0.02257228 0.01867174 0.01421086 0.01247118 0.01369574 0.01583253 0.01365271 0.01166206 0.01073641 0.01527461 0.01421692 0.00767972 0.006755324 0.007443491 0.006367392 0.005771346 0.004881291 0.01002937 0.009428159 0.006959436 0.01608535 0.00988543
0.2253848 0.1796229 0.1898245 0.1922898 0.2148628 0.1368053 0.1006543 0.1330716 0.1548164 0.1155046 0.1611708 0.1610715 0.1198118 0.1243511 0.1556782 0.2757306 0.226612 0.230269 0.2311517 0.1398823 0.1525873 0.1693078 0.151995 0.1345358 0.1087312 0.107021 0.08645358 0.09441263 0.08946049 0.07007776 0.05784233 0.0425102 0.03609236 0.02935998 0.03021925 0.01870677 0.01286237 0.01148861 0.009111892 0.01541268 0.01351724 0.01134341 0.01039329 0.01254351 0.007822381 0.006996143 0.006310539 0.00685881 0.005872673 0.00510724 0.004745425 0.009782432 0.009111765 0.004531782 0.01539239 0.008867132
0.2313058 0.1650744 0.181613 0.2300418 0.2581672 0.1546348 0.1073252 0.113262 0.1150024 0.1095669 0.1307341 0.1284045 0.1235629 0.1273424 0.1468215 0.257571 0.2208645 0.2048185 0.1970322 0.1511973 0.1364539 0.1546838 0.1555881 0.1570112 0.1237061 0.1193523 0.1058774 0.1010612 0.1204821 0.1342796 0.07443152 0.06232576 0.05502013 0.05379981 0.05034798 0.01913328 0.01458508 0.009658338 0.01191867 0.01501679 0.01577086 0.01437121 0.01392958 0.008313031 0.007281329 0.006425791 0.00574894 0.006539172 0.005666066 0.01191512 0.01183759 0.01011716 0.009433506 0.004899023 0.008734296 0.008900492
0.1873682 0.1682925 0.1613627 0.2790653 0.2969455 0.2067174 0.1650407 0.178366 0.1143118 0.09854168 0.1360206 0.1434148 0.1203571 0.1363918 0.2293023 0.1605157 0.1271139 0.1176472 0.1221716 0.138945 0.1397356 0.1706213 0.1592907 0.1875682 0.164485 0.1681437 0.1497995 0.1541986 0.1513438 0.1417939 0.1095516 0.0942388 0.08022822 0.07928494 0.06729455 0.05350835 0.0249107 0.01580492 0.01732549 0.01723747 0.01709859 0.01686811 0.01380539 0.005126701 0.004429289 0.003816647 0.003379306 0.00596746 0.005417784 0.01354631 0.005589132 0.008460843 0.00695119 0.006258721 0.006132175 0.003353271
0.1743003 0.1722842 0.1665033 0.2741568 0.31444 0.2191457 0.1879679 0.2343743 0.09085172 0.1098165 0.1078128 0.1322053 0.1584004 0.1545679 0.193626 0.1492605 0.1056621 0.1349066 0.1037127 0.1292712 0.1392319 0.1687566 0.1542006 0.1926469 0.1955598 0.2025061 0.1729436 0.2006549 0.1768093 0.1662389 0.1468675 0.123228 0.1005691 0.09405872 0.07216004 0.07180683 0.05057501 0.01746959 0.01242923 0.01705379 0.01625679 0.01517918 0.01383226 0.004979502 0.004244194 0.003650101 0.00315845 0.006205206 0.005920207 0.006085002 0.006153093 0.008269244 0.007553561 0.006727978 0.007003675 0.002749843
