contrib/geomasonDemos/riftland/DataFiles/RainData/.svn/text-base/71.txt.svn-base
ncols         56
nrows         54
xllcorner     28.264
yllcorner     -5.7719999999999
cellsize      0.25
NODATA_value  -9999
[rows 0 to 27 of 54, columns 0 to 55 of 56]
0.04414331 0.03607989 0.03573408 0.03415597 0.03986978 0.03400123 0.03069884 0.02028462 0.01936175 0.02438653 0.02940379 0.02732469 0.02712314 0.02739924 0.03752369 0.04414671 0.03414382 0.03932822 0.05116223 0.05653212 0.06382035 0.05557974 0.06084899 0.06326862 0.06111571 0.06582226 0.05280946 0.04750382 0.06964513 0.05598399 0.02642273 0.0315947 0.02965356 0.03707591 0.01308571 0.01547017 0.02097841 0.02119839 0.005653012 0.008911328 9.405813e-005 0.004987582 0.01190575 0.01803689 0.01875653 0.001812075 0.008379883 0.01145402 0.002181844 0.01168624 0.005945498 0.0004589881 0.008432787 0.006199296 0.0008572455 0.002244194
0.05340004 0.04526323 0.04760571 0.05000462 0.04790204 0.03919449 0.03150072 0.03118727 0.04037375 0.03968593 0.118512 0.03105939 0.03182927 0.03827018 0.04570505 0.05637794 0.04812098 0.03949948 0.04445362 0.05023497 0.0478619 0.06028103 0.1145634 0.08472422 0.08449835 0.06751655 0.0616449 0.04470599 0.07321813 0.03604466 0.04062524 0.04510846 0.05181529 0.04525987 0.03634439 0.02614515 0.02740556 0.0363814 0.04749199 0.03394472 0.007223264 0.007482101 0.009546255 0.007703409 0.009145202 0.006803681 0.009032197 0.001717328 0.00906744 0.01151431 0.01579376 0.008399965 0.00117638 0.003604108 0.002747979 0.01367923
0.08241255 0.06559306 0.06075061 0.1075544 0.05946975 0.04803568 0.04226943 0.04148626 0.03973774 0.02715776 0.03289137 0.03526388 0.04872182 0.05927547 0.05218614 0.0705732 0.05304165 0.06140782 0.05669925 0.03821529 0.04697314 0.04503905 0.09491392 0.06814139 0.07403982 0.08251894 0.0652263 0.04110132 0.07435977 0.05649812 0.05026438 0.05625563 0.06374613 0.06584631 0.03217093 0.05534739 0.1123232 0.121613 0.0750137 0.05012674 0.03682783 0.06891821 0.0339767 0.001999991 0.01598834 0.007784338 0.01975429 0.01033155 0.01035241 0.005649187 0.03153904 0.01681416 0.009837907 0.007588083 0.000846048 0.009144112
0.05365327 0.06041472 0.07509472 0.07788508 0.06203021 0.07472211 0.0598356 0.04988169 0.04943829 0.0565496 0.04695847 0.06096024 0.07264564 0.06565113 0.07680345 0.09111556 0.09033621 0.07601184 0.06644687 0.06130719 0.06930762 0.05704711 0.1177097 0.1274777 0.1322699 0.09092554 0.07492275 0.05802098 0.04932908 0.0948232 0.112711 0.1106587 0.1187467 0.05150681 0.08340091 0.1326732 0.1348988 0.146088 0.07147633 0.05188579 0.05751272 0.08395965 0.03295228 0.06655838 0.07876053 0.04722561 0.07043097 0.05530514 0.0244956 0.03624294 0.03844158 0.03872336 0.0163225 0.01771386 0.0006607081 0.01032615
0.04896807 0.0578464 0.05572768 0.05815078 0.05142653 0.06621972 0.08541346 0.07040034 0.06738814 0.07904312 0.08183913 0.09609737 0.09789896 0.08020627 0.09607607 0.1101416 0.08891694 0.07393891 0.06212551 0.06290921 0.06963369 0.100292 0.1381502 0.171449 0.2083202 0.1791204 0.1307517 0.1021513 0.06162755 0.08163999 0.1422864 0.1019186 0.1223242 0.07063446 0.1817836 0.189332 0.1200528 0.07683191 0.03412247 0.04864517 0.06826352 0.06646889 0.09386974 0.1003092 0.1300527 0.08261668 0.0983171 0.06177614 0.05321272 0.07015152 0.05222226 0.07263816 0.09195274 0.07048095 0.01022279 0.000664797
0.06224732 0.0447403 0.0473543 0.06909745 0.07408585 0.07488197 0.09511355 0.1177624 0.08311716 0.1093378 0.1060669 0.1141842 0.120378 0.10983 0.1365265 0.1636461 0.112318 0.0752275 0.0827788 0.07048137 0.08334185 0.1161073 0.1126175 0.1302918 0.1463656 0.1889068 0.1608832 0.09362303 0.0849339 0.1123957 0.1201404 0.1854529 0.1430724 0.1236614 0.0944917 0.1129731 0.09021075 0.0537072 0.02093756 0.07272317 0.1011693 0.0585782 0.04493048 0.08472855 0.08266695 0.07781871 0.04490246 0.04450087 0.02453177 0.06975528 0.06474551 0.1267152 0.1355397 0.1033069 0.03826172 0.004952668
0.0541052 0.0540383 0.05403398 0.0661406 0.07751603 0.09179414 0.1024407 0.1337696 0.1140828 0.1137926 0.1171958 0.1044932 0.1247614 0.1348368 0.1232751 0.2170588 0.1222611 0.1163345 0.1332117 0.08654 0.1025633 0.1224224 0.1138999 0.1272363 0.1387579 0.150097 0.1105995 0.0767995 0.09633184 0.1134654 0.2172359 0.2092953 0.1567198 0.1633948 0.1040426 0.08586691 0.06936676 0.04820995 0.05707651 0.08278456 0.09508886 0.1023992 0.05214129 0.07513043 0.1007812 0.04475292 0.01987922 0.02621697 0.06819332 0.07811721 0.1225221 0.155187 0.1620763 0.1232903 0.1127926 0.07499064
0.06363316 0.07449754 0.06427711 0.08551553 0.07468564 0.07710266 0.09051923 0.1061421 0.1209597 0.1904513 0.1485507 0.1021345 0.1150767 0.1135462 0.110773 0.1302698 0.1183398 0.1225826 0.1203973 0.1026223 0.1008466 0.1202397 0.1107219 0.1450636 0.120314 0.08127912 0.08453368 0.08175061 0.08893837 0.091635 0.1482595 0.1818708 0.1476212 0.09002615 0.09138993 0.09164454 0.06341979 0.0699357 0.06919493 0.06879882 0.0801583 0.1370027 0.0522999 0.04477632 0.03386036 0.06105466 0.05529692 0.05531973 0.06954209 0.1083381 0.1361142 0.172952 0.2129714 0.1416198 0.1563139 0.09402616
0.06216989 0.06854977 0.08153995 0.09111045 0.09494253 0.1001184 0.09513793 0.1208673 0.1180055 0.1433711 0.1319443 0.1106568 0.1423017 0.1257061 0.1123371 0.1095696 0.1175153 0.1198546 0.1009875 0.0837824 0.07595765 0.09290809 0.07872591 0.1181267 0.1172929 0.05656173 0.06813 0.06613112 0.0584221 0.1191304 0.1582737 0.1573333 0.1079056 0.08372578 0.08666399 0.09968501 0.08037738 0.06964637 0.04978665 0.0567034 0.0640481 0.06326798 0.05451255 0.03581421 0.04122755 0.07813647 0.1170439 0.1297393 0.09168378 0.0970374 0.1074843 0.1896103 0.2423768 0.1928291 0.1400297 0.1115504
0.08067212 0.07279753 0.0945202 0.1133584 0.1085362 0.1456447 0.09304135 0.1059143 0.1215782 0.1108294 0.1110421 0.1039757 0.1161655 0.1031606 0.09394803 0.1022602 0.1039499 0.1098114 0.09830915 0.07715719 0.06092978 0.0800619 0.07888708 0.08768706 0.07932026 0.06472792 0.05188757 0.03623857 0.03502531 0.1064439 0.1451365 0.1273847 0.1069161 0.09488308 0.1366007 0.1815958 0.1443449 0.1404692 0.06539857 0.06416229 0.04406171 0.04448169 0.06076953 0.06206487 0.07287364 0.03851513 0.07550872 0.104567 0.08175699 0.06961603 0.1416684 0.2372969 0.3080921 0.1713249 0.106192 0.1082024
0.09872525 0.098332 0.09928159 0.1172389 0.09520597 0.1135889 0.1094956 0.113548 0.1237638 0.1005618 0.08581441 0.0891088 0.1103799 0.1103211 0.1069593 0.1258885 0.1032941 0.1067606 0.09574082 0.09044348 0.06531735 0.05784374 0.06367876 0.08890224 0.06052841 0.04154782 0.02684135 0.03521689 0.03333303 0.04983056 0.0685633 0.08085474 0.08814818 0.1730301 0.2275409 0.315901 0.3440556 0.1326597 0.07677383 0.0638307 0.02360003 0.03146849 0.06141171 0.08066109 0.1258243 0.06936814 0.08759685 0.1238724 0.1260116 0.08727532 0.1801657 0.2049224 0.2646818 0.1346408 0.0674528 0.03933123
0.1083997 0.1056289 0.1064433 0.08065182 0.09169798 0.1276016 0.1197305 0.1149384 0.1061279 0.09460442 0.1058367 0.08912651 0.08425828 0.08650181 0.09220789 0.09178744 0.09003242 0.07456106 0.07415616 0.07711889 0.0665889 0.05023461 0.03653584 0.04005782 0.04320088 0.0277488 0.02968684 0.02326929 0.02817406 0.01638523 0.02317976 0.0446492 0.08619347 0.1168923 0.1913381 0.3084065 0.2992113 0.180554 0.1031388 0.06428934 0.0232692 0.02334309 0.03187937 0.06840217 0.06771332 0.06224822 0.05612651 0.08506145 0.1102976 0.1225575 0.1293694 0.1386311 0.1516067 0.09540149 0.09209395 0.09180828
0.1139504 0.1162337 0.1063621 0.08140468 0.1037357 0.1046797 0.1222833 0.1209425 0.1370127 0.137897 0.12076 0.09133208 0.08961958 0.0763602 0.07723421 0.09125384 0.09286853 0.07421695 0.0641026 0.05119723 0.05017424 0.05931457 0.03434457 0.02466671 0.02642845 0.01782038 0.03321479 0.03352645 0.02099468 0.01470191 0.03206532 0.04041316 0.06461472 0.06754144 0.1133074 0.1688053 0.1805445 0.1875695 0.1241738 0.07857512 0.05049281 0.01637416 0.02877563 0.02567239 0.05475113 0.07258416 0.07642316 0.06641138 0.1133802 0.1821073 0.1466022 0.1184336 0.1365867 0.1029333 0.07595995 0.08239038
0.1125172 0.1179142 0.08491486 0.07022616 0.09661091 0.09561632 0.1324108 0.1518322 0.158102 0.1523794 0.1387068 0.1057575 0.08616777 0.08249787 0.06548171 0.06612279 0.07902943 0.07326284 0.06171688 0.05162987 0.04342586 0.04959733 0.04163019 0.03115027 0.01765964 0.009637524 0.02287366 0.02863092 0.02387512 0.0157712 0.01012371 0.02946793 0.03834932 0.03527009 0.07303464 0.1885201 0.1631354 0.1213359 0.09314911 0.07654909 0.05790297 0.04629298 0.04248243 0.0245436 0.03996474 0.1085865 0.1486848 0.1277235 0.09795662 0.1422493 0.1693525 0.2028485 0.09499183 0.04806623 0.04274178 0.05471282
0.1123541 0.1000725 0.0959895 0.06606691 0.0570454 0.06667456 0.1114362 0.1555166 0.1742275 0.2084822 0.1657804 0.106171 0.0928475 0.09175096 0.08740588 0.08284923 0.07211118 0.07141867 0.06790682 0.05667878 0.03654742 0.03914797 0.03245488 0.02760983 0.01759287 0.01205169 0.02218967 0.01554985 0.009694873 0.01492588 0.0312545 0.03712119 0.03747472 0.08229987 0.08981136 0.1701107 0.1566224 0.1791693 0.169859 0.1158302 0.09183118 0.07341474 0.0782317 0.0867136 0.09113692 0.1212139 0.1493306 0.1524287 0.1030239 0.1046108 0.1491227 0.2615452 0.1501903 0.07549523 0.06019479 0.05769415
0.1271263 0.114704 0.1105195 0.06180104 0.06139024 0.07101381 0.1041698 0.1264001 0.119928 0.164275 0.1408498 0.09453379 0.07918543 0.06675733 0.06520776 0.07944293 0.08110554 0.0774188 0.08823629 0.04730492 0.02847168 0.02186858 0.02407761 0.02008459 0.01555534 0.01894564 0.02583068 0.01252518 0.009429157 0.01103913 0.004248153 0.03460699 0.05286449 0.07482499 0.1155491 0.1234242 0.1314505 0.1122934 0.1601118 0.1648575 0.1476694 0.1381013 0.128451 0.07567642 0.09927405 0.1144337 0.1548888 0.1739067 0.1301691 0.1228055 0.1087723 0.1304101 0.1413393 0.1072026 0.09265961 0.08512907
0.1184228 0.1203886 0.113279 0.09717506 0.08664142 0.09238658 0.1421915 0.1210496 0.1380703 0.1427332 0.1080309 0.1022226 0.07728415 0.06017005 0.05371494 0.07052741 0.08270983 0.09426718 0.08956877 0.07154863 0.04368351 0.02079678 0.01623681 0.01030612 0.02351131 0.01936274 0.01194004 0.01008627 0.01392626 0.004908824 0.004441726 0.03246166 0.04073016 0.06660389 0.1630701 0.1341022 0.1020214 0.1139477 0.111784 0.1647645 0.188271 0.1993028 0.1856788 0.1684345 0.1090694 0.1402519 0.1185773 0.1779979 0.1918431 0.1804685 0.1547219 0.116422 0.1730252 0.1585625 0.1010902 0.06719349
0.0901558 0.08195613 0.09647909 0.1135392 0.1066528 0.1141544 0.1511839 0.1266369 0.1238893 0.119987 0.1114387 0.1092367 0.09781916 0.07365713 0.06898145 0.09126841 0.07845135 0.08765067 0.08381268 0.06914912 0.04230217 0.02770429 0.01688516 0.0138996 0.01708401 0.005849373 0.006919436 0.007465595 0.004899353 0.008481653 0.00316569 0.02371822 0.03281604 0.04703628 0.09474429 0.08565877 0.09510145 0.0964699 0.09685081 0.1213975 0.1535016 0.1694511 0.2071263 0.1667305 0.1423174 0.1339648 0.1110736 0.1240561 0.1492413 0.1005446 0.1044846 0.1041852 0.1046867 0.141616 0.09640234 0.05629272
0.09512703 0.07968435 0.084428 0.1377891 0.1145711 0.1145718 0.1472806 0.1193222 0.09517123 0.1247896 0.1351332 0.1093344 0.1017324 0.09123056 0.09179138 0.1007591 0.09187711 0.08916501 0.07338717 0.08072571 0.05790766 0.03768464 0.02799434 0.03572714 0.01436911 0.005170513 0.004107475 0.001456272 0.001288389 0.00273155 0.005512386 0.02695695 0.03433247 0.04577918 0.06065111 0.1362011 0.1003268 0.08959579 0.0865271 0.08485942 0.1016253 0.1199908 0.1475425 0.144315 0.1516345 0.1029028 0.0865624 0.09284394 0.1225784 0.101713 0.1110783 0.09938446 0.08449475 0.1053228 0.1030606 0.05805141
0.139146 0.09098334 0.09477827 0.09372088 0.116859 0.1670852 0.1339279 0.1073504 0.08916915 0.09583621 0.1102054 0.1192236 0.197697 0.1643232 0.1502693 0.1298752 0.09868933 0.1075519 0.08739699 0.06824151 0.06427288 0.07488577 0.06310719 0.0409361 0.02927585 0.01258745 0.01188069 0.008733703 0.007208403 0.01007543 0.01786628 0.04023793 0.05003527 0.06340318 0.1061524 0.1647949 0.136598 0.08957155 0.08220219 0.09000537 0.1162277 0.1249111 0.132057 0.1077871 0.08413461 0.06602683 0.09240219 0.09137721 0.1125505 0.1087881 0.1171276 0.09539445 0.04720436 0.07102375 0.0946618 0.05912117
0.1266956 0.1308556 0.1111845 0.1306438 0.1510891 0.113697 0.1113256 0.1343663 0.09602532 0.08254306 0.1035843 0.1373447 0.1919094 0.1714889 0.155113 0.1405304 0.1101021 0.1173895 0.08356185 0.07139514 0.05988926 0.06024979 0.05039607 0.03610781 0.03131112 0.01954012 0.02376815 0.0237696 0.02401699 0.02332813 0.01904111 0.0423306 0.05062489 0.06591263 0.1119697 0.1026704 0.1118556 0.09517936 0.08589117 0.09127581 0.1215418 0.1139414 0.09713969 0.06579448 0.06023742 0.06119971 0.08675473 0.09984414 0.1147623 0.1089697 0.135409 0.1026982 0.06776208 0.06870168 0.08662441 0.05812405
0.1564591 0.1488995 0.1507546 0.1618293 0.1704921 0.1366363 0.1190856 0.1170494 0.08895253 0.06694691 0.1171205 0.1410755 0.162455 0.145961 0.1363462 0.128874 0.08520905 0.1389319 0.08733846 0.06786192 0.06673691 0.08686837 0.06600203 0.04994303 0.04196792 0.02995868 0.02413962 0.02941891 0.0369577 0.01921565 0.02158065 0.04904317 0.0581102 0.06902832 0.09751326 0.07744204 0.09927015 0.09172947 0.102738 0.1236847 0.1582532 0.1209786 0.07770652 0.07630707 0.0631431 0.0608073 0.06570698 0.08451524 0.0890715 0.08019979 0.07361033 0.09904547 0.09616225 0.07833736 0.09016051 0.07098384
0.2007935 0.1829834 0.154979 0.1723159 0.1636144 0.1448502 0.1323865 0.1345893 0.08108919 0.06008645 0.09077461 0.1119557 0.1181844 0.124507 0.1240966 0.1103164 0.1132964 0.09187526 0.08821017 0.08161299 0.0903027 0.1081218 0.07967755 0.06399465 0.06274348 0.03518404 0.03157065 0.0603185 0.04185795 0.02518033 0.01974451 0.06043021 0.07998551 0.07858615 0.0934833 0.08234766 0.1116729 0.1195752 0.1357372 0.1234844 0.1501358 0.1135028 0.0792696 0.0816326 0.08228263 0.05504243 0.04076745 0.05134547 0.07010657 0.05340564 0.05968056 0.09987241 0.08789223 0.09667701 0.09258574 0.111851
0.1747093 0.1504931 0.1099218 0.09917947 0.1389637 0.1472119 0.1103226 0.1416543 0.06736157 0.09027843 0.09707569 0.09821381 0.1066804 0.1562892 0.1482676 0.1316428 0.08105752 0.05583517 0.06069766 0.07532135 0.09267217 0.1013475 0.09836346 0.07152525 0.05928097 0.05401649 0.05530074 0.05371593 0.05439855 0.03896285 0.04457163 0.06857552 0.08374103 0.1018882 0.1269201 0.1369906 0.1727403 0.1746125 0.1691062 0.1424824 0.1531614 0.1378643 0.09473842 0.05904796 0.06969447 0.0372546 0.03716319 0.04318524 0.06547321 0.057189 0.06159307 0.1047113 0.1134195 0.1187235 0.1197053 0.2202913
0.1677778 0.1451445 0.07879446 0.07872182 0.08870921 0.09615746 0.07250922 0.08835777 0.06678589 0.06650788 0.07843614 0.09734078 0.1157367 0.1157881 0.1499731 0.105863 0.06831042 0.05785222 0.0840364 0.07257952 0.07176177 0.0781426 0.07892793 0.07087253 0.06660991 0.05342944 0.05717852 0.04333444 0.05337669 0.04935031 0.04750907 0.07230832 0.08431501 0.1126008 0.1454153 0.1898502 0.2148783 0.1836257 0.1795793 0.1438693 0.135661 0.1222868 0.1095218 0.04677143 0.03567564 0.02913777 0.0286198 0.0404992 0.07341097 0.07168324 0.08649672 0.08502883 0.1020668 0.1705049 0.1528668 0.2255271
0.160764 0.1403113 0.1198034 0.110174 0.09166697 0.08920144 0.0947688 0.0798303 0.04971408 0.04587367 0.06203937 0.07819159 0.09748116 0.09989629 0.117911 0.104869 0.07195745 0.05924621 0.0726478 0.1078923 0.1082364 0.0971863 0.08069186 0.07359412 0.06455801 0.06364495 0.05529872 0.04246788 0.07776736 0.06836801 0.0659181 0.09935824 0.1009565 0.1313206 0.1988825 0.2964484 0.2873655 0.2468308 0.2119696 0.1530018 0.1488527 0.1385581 0.1321236 0.05266765 0.0416269 0.04317718 0.06199601 0.06438542 0.08519082 0.101313 0.0904128 0.1221919 0.09805608 0.1721373 0.1812117 0.2306323
0.1198937 0.1319302 0.1055014 0.1082542 0.06108792 0.06044498 0.08370161 0.09644479 0.04136262 0.05352619 0.05936458 0.06808955 0.0771042 0.06960076 0.1370106 0.1207986 0.09782495 0.1027142 0.1185137 0.1256321 0.1052616 0.0959792 0.1010894 0.08063867 0.0754298 0.06827166 0.0626807 0.07184029 0.05705493 0.06874691 0.07980666 0.1260763 0.1135996 0.1686586 0.2171485 0.2194718 0.3076676 0.2785839 0.2696302 0.1953305 0.1472903 0.1254282 0.1264997 0.08482093 0.08359728 0.05654266 0.07330447 0.0695525 0.06700142 0.1377845 0.1334781 0.1915002 0.1888489 0.1498436 0.167085 0.1666312
0.1575013 0.1408923 0.1645658 0.09500577 0.07011236 0.0634112 0.09790441 0.1047526 0.09534739 0.1092157 0.08970489 0.0979744 0.09253209 0.09163909 0.1107218 0.1296245 0.1435724 0.1309061 0.1731124 0.1619387 0.13562 0.1178305 0.1144425 0.09695064 0.09011375 0.07133625 0.06377486 0.05810904 0.05365383 0.0635344 0.07091507 0.1090441 0.1173176 0.153166 0.1933508 0.2406065 0.2912797 0.2995189 0.3032531 0.2595625 0.2118802 0.1983339 0.1650023 0.1063298 0.1337937 0.09207065 0.09136612 0.1095313 0.1305515 0.1481784 0.1613045 0.2031884 0.2403899 0.1978132 0.1969976 0.2247432
