contrib/geomasonDemos/riftland/DataFiles/RainData/.svn/text-base/8.txt.svn-base
ncols         56
nrows         54
xllcorner     28.264
yllcorner     -5.7719999999999
cellsize      0.25
NODATA_value  -9999
[rows 0 to 24 of 54, columns 0 to 55 of 56]
0.1894444 0.155299 0.1497587 0.1296889 0.1098191 0.1146539 0.1166374 0.1899381 0.1817021 0.1816066 0.189642 0.2280055 0.1924436 0.1836726 0.2052185 0.3056606 0.1999267 0.1801648 0.1731981 0.1611136 0.1670119 0.1523396 0.1661205 0.2705478 0.2295945 0.2054078 0.2251876 0.3031858 0.3145126 0.3385906 0.3563745 0.3550748 0.3385797 0.3271262 0.3215712 0.3081059 0.2917336 0.2777508 0.2570863 0.2310089 0.2104681 0.1965953 0.1934839 0.2036952 0.1933084 0.2073429 0.1799505 0.1357631 0.100414 0.08741996 0.0761454 0.05421676 0.04795724 0.04126665 0.03262834 0.00731565
0.1459317 0.129795 0.1186002 0.1244283 0.09977439 0.09816246 0.1094313 0.1701296 0.1618917 0.1578593 0.1724034 0.2022326 0.1879119 0.1775002 0.1992975 0.2545659 0.192956 0.1907024 0.1629601 0.1338674 0.1337961 0.1351824 0.1696814 0.2408973 0.2151263 0.2005201 0.214404 0.2862361 0.283159 0.2940722 0.2983963 0.3226748 0.3150672 0.3044428 0.2840852 0.2864519 0.2570113 0.2476788 0.220451 0.1996291 0.1828261 0.1710891 0.1744387 0.1856114 0.1747035 0.1624314 0.1540495 0.1085302 0.08721897 0.08091594 0.06865896 0.05186716 0.04328885 0.03710796 0.03034627 0.004882944
0.1552359 0.1298235 0.1316144 0.1144836 0.1022997 0.1115434 0.1235986 0.1484374 0.1461425 0.1475458 0.1559298 0.1888489 0.1788459 0.174454 0.1933967 0.2625121 0.2108497 0.1789933 0.1653904 0.1391137 0.1177393 0.1235652 0.1516369 0.2289349 0.2173382 0.197357 0.2069655 0.2684846 0.2674321 0.2711635 0.2815847 0.302209 0.2935747 0.2765858 0.2514993 0.2434142 0.222987 0.205367 0.1887808 0.1737144 0.1594112 0.1519696 0.1574703 0.1728988 0.1580602 0.1453415 0.1332224 0.09404885 0.07802866 0.07002831 0.0617335 0.04264789 0.0391759 0.03342877 0.02755716 0.004144123
0.1910922 0.1684988 0.1461378 0.1410935 0.1321284 0.1165103 0.1064867 0.1199795 0.1046654 0.1021183 0.1104525 0.2070446 0.1871973 0.1811077 0.1775733 0.2204635 0.1705128 0.1451792 0.1557596 0.185966 0.1809466 0.1536534 0.1349877 0.1948369 0.1683617 0.1525483 0.1602591 0.2278645 0.2257179 0.215902 0.2177327 0.2615865 0.2496468 0.2334209 0.2153474 0.1710901 0.153143 0.1420497 0.1328778 0.1378471 0.1249163 0.1182058 0.1231392 0.1165682 0.09870817 0.09206315 0.08559777 0.07159957 0.06709293 0.06056679 0.05643987 0.03879219 0.03441936 0.03003356 0.02566964 0.01657642
0.1886841 0.1655671 0.1480626 0.1345779 0.124561 0.1069874 0.09739947 0.1262367 0.09275939 0.09665566 0.106207 0.1852948 0.1768008 0.1632465 0.151329 0.1719172 0.1294573 0.1171681 0.1274715 0.1937343 0.1767205 0.1445594 0.110252 0.1771687 0.1438972 0.1303466 0.1311927 0.2035594 0.2160883 0.1900648 0.1832968 0.2197479 0.2124153 0.1992817 0.1842684 0.1417772 0.1224544 0.1032969 0.09626526 0.1090446 0.1031062 0.09933569 0.1025819 0.08445352 0.07359594 0.07132383 0.06547774 0.05983415 0.06146027 0.05523979 0.05066168 0.0337887 0.03087698 0.02751329 0.02313711 0.01459392
0.1695656 0.1606657 0.1573038 0.1454093 0.1246261 0.1238266 0.1275467 0.1391506 0.1045505 0.09912475 0.1185637 0.1838807 0.1580398 0.1535101 0.1504387 0.1421151 0.09444278 0.07862007 0.1091626 0.1727902 0.1635877 0.1208517 0.1081064 0.1445682 0.1305567 0.1213494 0.1154428 0.176952 0.1739441 0.1596387 0.1617461 0.1846378 0.1755224 0.1692468 0.1551475 0.1126671 0.09075583 0.07923514 0.07672363 0.08550876 0.08171555 0.07829155 0.07561497 0.06101619 0.05596607 0.05392649 0.05343683 0.05270154 0.05320984 0.05082893 0.04789376 0.02918665 0.02705528 0.02605954 0.0204365 0.01275126
0.1864451 0.1687004 0.1624548 0.1429487 0.1346827 0.1169701 0.1163746 0.1367391 0.1082268 0.1119704 0.1267387 0.2070625 0.1578627 0.1492896 0.144291 0.09744962 0.06600655 0.07317021 0.1161192 0.172684 0.1436016 0.1343671 0.1341797 0.1412905 0.1290514 0.1275356 0.1119995 0.1519231 0.1510251 0.1476979 0.1428684 0.1577891 0.147657 0.1354166 0.1274554 0.09134414 0.07620718 0.06568163 0.062858 0.07122441 0.06678394 0.06386046 0.06116296 0.04738826 0.04472326 0.04259921 0.04302557 0.04619177 0.04593372 0.04499714 0.04085305 0.02595225 0.02304913 0.02122789 0.01718305 0.01104346
0.1540798 0.1086777 0.1396784 0.1661611 0.1297034 0.1189891 0.1208902 0.1438605 0.1385502 0.1364905 0.1538738 0.2064891 0.1626678 0.1316113 0.117427 0.09739964 0.09428707 0.08946704 0.0948067 0.1335127 0.1156284 0.1110375 0.1111076 0.1239876 0.09879672 0.09508438 0.07474624 0.08139329 0.07733908 0.06915542 0.06652533 0.09004293 0.07963371 0.07257707 0.06665358 0.05012438 0.04249261 0.03618157 0.03297021 0.03666201 0.03417586 0.03698257 0.02837295 0.01682748 0.01535813 0.01489055 0.01567826 0.02232244 0.02814915 0.02653447 0.02107394 0.00760538 0.005389368 0.006513377 0.004816923 0.0091195
0.1816204 0.1209995 0.1161481 0.1672259 0.1326709 0.1174273 0.1102508 0.1246095 0.1277252 0.1262158 0.1362903 0.1752766 0.1415922 0.1203769 0.1087764 0.09997044 0.08819423 0.08621579 0.09369307 0.1257071 0.1156423 0.109556 0.09749839 0.1185206 0.09576388 0.09378693 0.07826953 0.08871172 0.07685734 0.07107681 0.06421967 0.08051421 0.07012665 0.06111661 0.05127886 0.03900741 0.03365085 0.03109484 0.02538263 0.02683327 0.03580768 0.03187319 0.02262487 0.01302382 0.01056263 0.01267155 0.009944923 0.01655508 0.01628545 0.01717971 0.01798667 0.005859958 0.003517714 0.007778738 0.002324221 0.006768869
0.1688867 0.1371763 0.1290472 0.19243 0.1572327 0.137115 0.1294185 0.1360192 0.1210234 0.1238628 0.1384988 0.1513713 0.1207366 0.1017049 0.0967011 0.09687295 0.08698712 0.09302225 0.1050639 0.1303221 0.1155348 0.103015 0.09956276 0.1132331 0.09801807 0.09637178 0.08310069 0.07703069 0.08114456 0.05911485 0.06956435 0.06536151 0.05011041 0.05104981 0.04615305 0.03509556 0.03214572 0.02563361 0.0217837 0.022762 0.02206933 0.02060289 0.01607228 0.008775664 0.01022635 0.01821172 0.009650983 0.01233937 0.0130334 0.01338678 0.01635039 0.01255596 0.002798432 0.005348688 0.004328643 0.005241442
0.1750811 0.1573192 0.1701504 0.2436837 0.2025236 0.1822278 0.1640958 0.1516312 0.138131 0.1357553 0.1401414 0.1406929 0.1178008 0.09675758 0.09850899 0.09857167 0.1009686 0.1163552 0.1101577 0.1280906 0.1218833 0.1057618 0.1027091 0.1119991 0.08724457 0.08450766 0.08431752 0.07012754 0.06470916 0.06072371 0.06873105 0.05608594 0.04569544 0.04775321 0.04122703 0.03415676 0.02922101 0.02352975 0.02247971 0.01941173 0.01801913 0.01734664 0.01620175 0.0151784 0.007045222 0.008401721 0.007035614 0.01126688 0.01174873 0.01191856 0.01095116 0.007000507 0.00232216 0.001917995 0.001755867 0.004526503
0.2291407 0.2030181 0.1899187 0.2963353 0.2162446 0.1831778 0.1623632 0.1837321 0.1620296 0.1358624 0.1395324 0.2120042 0.1740986 0.1680717 0.1250993 0.1485377 0.140023 0.1443172 0.1475409 0.116135 0.09745552 0.1017952 0.09450178 0.08431534 0.07670286 0.07095975 0.07053427 0.06299615 0.0583212 0.05142333 0.0505763 0.03497526 0.03773724 0.03265443 0.02680504 0.02859052 0.01633933 0.01456444 0.01317243 0.01825387 0.01720074 0.01645045 0.0140823 0.01595565 0.01344212 0.01255201 0.0127822 0.01251842 0.01114897 0.01105706 0.009472732 0.006253646 0.003416015 0.001002921 0.000860366 0.003878562
0.2453435 0.2354036 0.224201 0.262544 0.2269286 0.2131144 0.1548355 0.1773656 0.1639237 0.1352327 0.135925 0.2019278 0.1722384 0.1517192 0.1474807 0.1382659 0.1312987 0.1319097 0.1290825 0.1029178 0.1030795 0.09605291 0.09268915 0.07426392 0.06826903 0.06336185 0.05960223 0.05052557 0.04487411 0.042178 0.03454636 0.02258189 0.02819177 0.02420944 0.01769164 0.02144967 0.01339856 0.01274686 0.01062 0.01617818 0.01509692 0.01390523 0.01257197 0.01396203 0.01265261 0.01167983 0.01157782 0.009971532 0.008646347 0.007835704 0.00745218 0.001490741 0.0008600013 0.003830816 0.0006856371 0.003148698
0.2779304 0.2703806 0.2192281 0.2677858 0.2136738 0.1787531 0.1584583 0.191757 0.1445514 0.1211104 0.1318249 0.2114377 0.1989108 0.185296 0.1536942 0.184415 0.1545611 0.1248818 0.1291844 0.0989793 0.1098795 0.1149835 0.08595788 0.06695119 0.06481136 0.05511793 0.05259747 0.03771904 0.03649465 0.03021554 0.02781662 0.01502794 0.01882311 0.01592159 0.01485721 0.01182814 0.01158239 0.01091703 0.007257682 0.01486026 0.01401134 0.01308456 0.01204402 0.01403276 0.01303054 0.01218753 0.01181473 0.009789821 0.00831113 0.00807166 0.007692558 0.0008518481 0.0008034944 0.0007317368 0.0006431375 0.002942847
0.2970635 0.2675745 0.2381951 0.3343282 0.2474213 0.1980104 0.1789638 0.182384 0.1611435 0.148961 0.1481489 0.2310281 0.2086191 0.1915006 0.1596631 0.1879824 0.1662573 0.1692435 0.160041 0.1164649 0.1111906 0.09724886 0.09738066 0.05893044 0.05913759 0.05123511 0.04965553 0.03316303 0.02700514 0.02633646 0.02564102 0.01265631 0.01707755 0.01319711 0.01197157 0.009473957 0.00927604 0.007449978 0.005834514 0.01540101 0.01364645 0.01339613 0.01309127 0.01524487 0.01399448 0.01376666 0.0133455 0.0103611 0.01026026 0.009220848 0.008832848 0.0009662798 0.0009181572 0.0008380034 0.0007274933 0.003312031
0.3068835 0.2529632 0.2120106 0.2972691 0.2292723 0.1928087 0.1525151 0.1871561 0.1902833 0.1910888 0.1647342 0.2181078 0.175574 0.1570235 0.1380531 0.2136312 0.2119019 0.1947003 0.2158479 0.1793859 0.131624 0.1130756 0.1071491 0.07315776 0.06658832 0.05424812 0.04768644 0.02103572 0.01900476 0.01668985 0.01464199 0.01152835 0.01293967 0.01246667 0.0119228 0.009552686 0.009151547 0.009160335 0.009352198 0.01660939 0.01431786 0.01602807 0.01402163 0.01259433 0.01191457 0.01122935 0.01057892 0.01014164 0.009565406 0.009139542 0.008750336 0.001690569 0.001238966 0.001633283 0.002155835 0.006400058
0.2703009 0.230874 0.2063774 0.2410563 0.1713445 0.1585162 0.1671276 0.2023589 0.1882191 0.1677715 0.1546405 0.2152669 0.1784874 0.1578392 0.1363539 0.2055005 0.1854185 0.1923216 0.191738 0.1640846 0.1277935 0.1068806 0.103297 0.07596912 0.05961971 0.05048608 0.04408045 0.0188274 0.0164526 0.01350706 0.01064304 0.0110205 0.01070749 0.01045747 0.01212806 0.008508527 0.008378788 0.008639445 0.01433849 0.01581117 0.01401908 0.0144196 0.0145008 0.01260188 0.0123465 0.01179757 0.01145341 0.01073471 0.01036793 0.01007971 0.00969275 0.002536072 0.003310818 0.003399899 0.003812044 0.007697823
0.2750008 0.2791207 0.2213436 0.1985369 0.1541682 0.1577227 0.1862578 0.1927337 0.192304 0.1815478 0.163116 0.2313267 0.2065347 0.1647679 0.154862 0.2111821 0.1947484 0.2013167 0.1852129 0.1450467 0.1155566 0.1195581 0.1017204 0.07606648 0.05975252 0.05092573 0.04500194 0.01891739 0.01525805 0.01306155 0.01012831 0.01244825 0.01345564 0.01148672 0.01041079 0.008158324 0.00786726 0.007975167 0.008472661 0.0125209 0.01332324 0.01393698 0.01430263 0.01236646 0.01229432 0.01221819 0.01190274 0.01101193 0.01089661 0.01067747 0.01108264 0.005483638 0.005230716 0.006017646 0.006079227 0.008776235
0.2881452 0.3010618 0.2531963 0.2442999 0.1689949 0.1795992 0.2471752 0.2148183 0.192812 0.1771747 0.1907335 0.2289822 0.1915314 0.1747223 0.1785496 0.2029005 0.2073883 0.2067883 0.1772384 0.1450633 0.1178907 0.1007244 0.09608676 0.08636037 0.06203055 0.05458853 0.05630149 0.02028951 0.01750967 0.01409351 0.01267972 0.01535484 0.01409995 0.01278718 0.01167473 0.009007492 0.008045974 0.007500456 0.007987104 0.01159056 0.01216146 0.0127988 0.01339545 0.01171134 0.01182729 0.01183611 0.01172077 0.01093292 0.01090204 0.01085155 0.01163873 0.006532095 0.006620062 0.006516856 0.006324706 0.008772317
0.3489536 0.2884746 0.2553345 0.2500566 0.2199188 0.2536066 0.1907063 0.2336192 0.20198 0.182369 0.1897623 0.2573929 0.2193026 0.1977312 0.1883002 0.1681588 0.133723 0.1180787 0.1022598 0.1122026 0.1002952 0.09496536 0.09984411 0.07702786 0.07113382 0.06557097 0.06455722 0.03763762 0.0329505 0.03046691 0.02742051 0.02639374 0.02393557 0.02189823 0.02037284 0.01529544 0.0145817 0.0147422 0.01532196 0.0137456 0.01266469 0.01070682 0.01114442 0.009550955 0.01004381 0.01030902 0.0103981 0.01041934 0.01048435 0.01049559 0.01127673 0.009952281 0.01079615 0.01057326 0.0100473 0.02346078
0.2686728 0.2201062 0.1884488 0.1940524 0.190153 0.1887085 0.1796727 0.2063 0.1873825 0.1714218 0.1550745 0.1949706 0.1921114 0.1681009 0.1615693 0.1584837 0.1373411 0.1068507 0.08765404 0.09852155 0.1024967 0.09283756 0.09134398 0.07406929 0.07092091 0.06787703 0.06502606 0.04468363 0.038335 0.03559348 0.03114983 0.02991985 0.02687171 0.02377293 0.0211122 0.01442232 0.01296847 0.01238266 0.01306895 0.01098868 0.01089014 0.009458444 0.0102735 0.008942423 0.009614513 0.01000095 0.01016803 0.0103614 0.01052592 0.01072877 0.01125054 0.005468227 0.008536263 0.009161863 0.00819146 0.01455763
0.2313121 0.2013329 0.1988307 0.2033836 0.169192 0.1614636 0.1462633 0.1557019 0.1494504 0.1375797 0.1299727 0.1701487 0.1550382 0.1533311 0.1573865 0.1658466 0.1395287 0.1004211 0.08477148 0.1011974 0.09673462 0.09405871 0.09025712 0.07942425 0.07575004 0.07470751 0.07226276 0.05837826 0.04851178 0.0448785 0.03980432 0.03858537 0.03432396 0.0302056 0.0258926 0.01510913 0.01248555 0.01149111 0.01189302 0.01000564 0.008594089 0.008562261 0.009359752 0.008262374 0.008842188 0.009266353 0.009544641 0.009762242 0.009996179 0.01015147 0.01053722 0.004003972 0.004565751 0.007330867 0.007047174 0.01521778
0.2358752 0.1801109 0.1691121 0.1776689 0.1909677 0.168776 0.1429393 0.1410955 0.1370439 0.1334475 0.1253858 0.1432634 0.1315884 0.1810414 0.168911 0.1573414 0.1321104 0.104524 0.09261122 0.1154058 0.09555738 0.09112827 0.09085327 0.08924708 0.0853246 0.08640224 0.08847595 0.07009813 0.06352123 0.05847684 0.05293305 0.05326153 0.04639956 0.04174853 0.03353111 0.01715528 0.01340613 0.01122663 0.01131046 0.01002349 0.00796158 0.007810387 0.008420108 0.007350237 0.007843345 0.008162044 0.008380279 0.0085847 0.008803437 0.008939183 0.009052766 0.003027432 0.003075561 0.003358535 0.002357618 0.01352418
0.2635014 0.1909359 0.1573389 0.147537 0.1198989 0.1082975 0.08907221 0.1122589 0.1065703 0.09631096 0.09023836 0.08399497 0.0863279 0.107978 0.09690142 0.1198042 0.1023405 0.09434564 0.1004523 0.08444376 0.07923172 0.07544389 0.07631383 0.1015188 0.1043196 0.1099617 0.1181558 0.1159996 0.1150236 0.1112103 0.09957334 0.08650073 0.07757517 0.06892877 0.05233246 0.02192729 0.01598048 0.01171719 0.0105613 0.005843549 0.004968864 0.004686161 0.004961379 0.001690876 0.001823235 0.001851841 0.001947405 0.00428619 0.003922939 0.004117392 0.004018163 0.006192942 0.006256198 0.005116626 0.001945733 0.007282069
0.2215511 0.1594006 0.1544565 0.1475225 0.09712969 0.08789203 0.08827106 0.1066975 0.08754411 0.07718403 0.07409575 0.07657187 0.08279169 0.09409779 0.08702796 0.1159393 0.09829751 0.09462487 0.09520543 0.08504034 0.07955348 0.07962507 0.08309323 0.1087935 0.1185192 0.1267805 0.1352568 0.1400391 0.1423402 0.136953 0.1250996 0.1056565 0.09647888 0.08279004 0.06594528 0.02439 0.01609849 0.01230399 0.01093228 0.006043085 0.004834216 0.004240699 0.004360369 0.001478425 0.00157004 0.001620682 0.001662144 0.003860383 0.004083227 0.003959231 0.003927314 0.00602498 0.005906969 0.00485339 0.001716907 0.005459412
