contrib/geomasonDemos/riftland/DataFiles/RainData/.svn/text-base/8.txt.svn-base
ncols         56
nrows         54
xllcorner     28.264
yllcorner     -5.7719999999999
cellsize      0.25
NODATA_value  -9999
[rows 25 to 49 of 54, columns 0 to 55 of 56]
0.24309 0.1594027 0.13182 0.1110612 0.09952169 0.1016715 0.09595409 0.09170663 0.07532705 0.07072144 0.07173873 0.0836783 0.08812793 0.09302211 0.08915345 0.1090464 0.09936111 0.0962257 0.09639095 0.09182732 0.08323185 0.08395699 0.08877546 0.1163932 0.1302972 0.1377717 0.1423611 0.1596416 0.1580554 0.1577028 0.1413543 0.1181471 0.1081371 0.09401651 0.07312515 0.02814881 0.01671911 0.01269662 0.0119441 0.006527752 0.004933523 0.004147741 0.004065691 0.001400748 0.001404375 0.001420922 0.002539465 0.003753769 0.003966716 0.003509016 0.003788661 0.005438892 0.003760624 0.002241527 0.004442953 0.00507994
0.2426694 0.1796972 0.1581793 0.124233 0.0927746 0.1004919 0.07384175 0.07621557 0.07275832 0.07548435 0.07742646 0.09871177 0.09597344 0.0940093 0.0875908 0.1092472 0.1056105 0.108904 0.1034833 0.09749894 0.09038459 0.09310466 0.09442506 0.1219773 0.1354091 0.1432786 0.1507791 0.161385 0.1709703 0.1645934 0.146474 0.121825 0.1113383 0.09845308 0.07303793 0.03712667 0.01993057 0.01532178 0.01448715 0.007497154 0.00552405 0.004373596 0.004037887 0.001301362 0.001233336 0.001210063 0.001367501 0.003732286 0.003576544 0.003488773 0.003708193 0.007568098 0.005861083 0.002050078 0.004547799 0.00679775
0.1942481 0.1582363 0.1325784 0.0879072 0.06610808 0.06373286 0.06005755 0.06911693 0.06701427 0.06795765 0.0753722 0.1024857 0.08414733 0.0761251 0.07585354 0.0815189 0.07640689 0.07648756 0.08158857 0.08287701 0.08749358 0.08933652 0.1013617 0.119295 0.1309381 0.1444968 0.1601402 0.198575 0.2108332 0.2088525 0.1876785 0.1491055 0.1304191 0.1122697 0.09105671 0.07339583 0.0453376 0.03113184 0.02617533 0.01961938 0.01805542 0.01437997 0.008622762 0.004239232 0.004395568 0.004038164 0.002825246 0.00348585 0.003430239 0.003285887 0.003439042 0.002719487 0.01142717 0.003910299 0.0028257 0.0182228
0.1429039 0.1288037 0.1314128 0.09215297 0.07976431 0.06931395 0.05622973 0.06118484 0.05878144 0.06342462 0.06597304 0.08363935 0.07308753 0.06186504 0.0677039 0.07156906 0.07317968 0.07364237 0.07579178 0.086367 0.08654612 0.09152687 0.1022683 0.1225882 0.1272845 0.1440844 0.1670983 0.2069004 0.2232 0.2148359 0.1941521 0.1556613 0.1359726 0.1159586 0.09645583 0.06673612 0.04617824 0.03354607 0.02874938 0.02032959 0.01874858 0.01842349 0.01012649 0.003971087 0.004236377 0.006362726 0.007364925 0.00246336 0.002272833 0.002403122 0.002374775 0.001698273 0.005746081 0.00142717 0.00313258 0.01530328
0.1329819 0.1175575 0.121934 0.08784694 0.08043428 0.06531473 0.05645674 0.05518684 0.05779012 0.06129177 0.06065994 0.07295492 0.0645166 0.06183165 0.06341108 0.06878851 0.06928269 0.07309283 0.07290667 0.07602593 0.07592465 0.0802587 0.08802618 0.1162142 0.1225568 0.1319372 0.1498928 0.1920685 0.2087614 0.2046724 0.1867401 0.1573541 0.1366283 0.1158409 0.09552712 0.06791648 0.04844377 0.03505912 0.02917852 0.02093128 0.01892014 0.01848249 0.01239763 0.003802478 0.002859867 0.002622704 0.002670776 0.002634253 0.002468827 0.0026433 0.002706265 0.001430826 0.001788443 0.001348856 0.001248022 0.01535899
0.1396047 0.1418404 0.1568633 0.09644058 0.07753935 0.0622595 0.05918031 0.05831911 0.05452181 0.05546503 0.0618666 0.05770824 0.06242134 0.05750087 0.05832188 0.05431208 0.05553388 0.05893722 0.05970827 0.06782782 0.06868508 0.07235938 0.07672482 0.1065898 0.1082668 0.1186253 0.1356952 0.1696879 0.1780965 0.1760222 0.1599755 0.1459984 0.1289974 0.1076655 0.09110547 0.07184516 0.04850337 0.03527012 0.02887367 0.0204498 0.01851179 0.01404104 0.01208414 0.003963262 0.002891542 0.002287118 0.002012637 0.002915599 0.003022026 0.002962651 0.003364459 0.001948764 0.002565151 0.002602703 0.002590723 0.02217351
0.09425293 0.08028013 0.07217983 0.05517927 0.04516399 0.03502906 0.03464186 0.0405332 0.04068856 0.04112401 0.04243004 0.04332536 0.04342894 0.05089927 0.04803482 0.06134743 0.0583096 0.05793773 0.055314 0.051529 0.05069479 0.05322021 0.05608581 0.05855993 0.06167306 0.0681005 0.0849152 0.1119191 0.1144672 0.1144476 0.1075611 0.1025153 0.09273554 0.08035725 0.06606075 0.05674038 0.03932971 0.02846343 0.02577112 0.01429422 0.01124135 0.00987654 0.009101457 0.006246274 0.006472542 0.006684125 0.007123127 0.007176854 0.007160276 0.007784956 0.008139214 0.02361553 0.02146518 0.01783408 0.016598 0.02687088
0.08727192 0.08083344 0.06743535 0.04259732 0.0364766 0.03377674 0.03307962 0.03516299 0.0356295 0.03687674 0.03689775 0.03946177 0.03946477 0.04164582 0.04484212 0.06212886 0.05747604 0.05452344 0.05326445 0.04510184 0.04396228 0.04372763 0.04384379 0.04527099 0.04737648 0.05062886 0.05973389 0.07872754 0.08594722 0.08725955 0.08153803 0.08025794 0.07284495 0.06392016 0.05223601 0.0396141 0.0301941 0.02505833 0.02171712 0.01451275 0.01123429 0.007884813 0.006897615 0.006871006 0.00646965 0.006373494 0.007116093 0.006906092 0.007966016 0.007333249 0.008198378 0.01755659 0.01952727 0.01544008 0.01479152 0.02735854
0.09280068 0.07043836 0.05962197 0.04036143 0.03369546 0.03192856 0.03221608 0.03258898 0.03421352 0.03616033 0.03424634 0.03565802 0.03422235 0.03731532 0.0412687 0.0524327 0.04910727 0.04602397 0.04178612 0.03756038 0.03779965 0.03758568 0.03525462 0.03727962 0.03633104 0.04003917 0.04807298 0.06006893 0.06506902 0.06473565 0.06269526 0.0594566 0.05482963 0.04907456 0.04176256 0.03138189 0.02491147 0.02093692 0.01818949 0.01078805 0.008144796 0.006663778 0.005569701 0.006758598 0.006350569 0.006666799 0.007297065 0.007381452 0.007461618 0.00729958 0.008289096 0.01628341 0.01804461 0.0143994 0.01819138 0.0220308
0.08195288 0.06950485 0.06776427 0.03886256 0.03320467 0.03174662 0.03260924 0.03241775 0.03437956 0.03631909 0.03291602 0.03511405 0.03401264 0.03619662 0.03848951 0.04670849 0.03956577 0.03635313 0.03330645 0.02911043 0.02802122 0.02813572 0.027963 0.03154331 0.03055155 0.0345192 0.040666 0.04749697 0.0503725 0.04975904 0.04748012 0.04758641 0.04453519 0.03914443 0.03310049 0.02559337 0.01996735 0.01669707 0.01480312 0.009374807 0.00755189 0.005899305 0.005137238 0.00703092 0.006833484 0.007428783 0.007717062 0.008500069 0.00812249 0.008404538 0.009216735 0.01644464 0.0159732 0.01642759 0.01389686 0.02444961
0.0569342 0.04384952 0.04281974 0.03836102 0.03188783 0.03048429 0.02962261 0.03015163 0.03093869 0.03373404 0.02995938 0.03776263 0.03244132 0.03019391 0.02862782 0.02374558 0.0197474 0.01751823 0.01644583 0.009593396 0.008559804 0.008755893 0.009930437 0.02993896 0.03045771 0.03889014 0.03403802 0.02676714 0.02376162 0.02187656 0.02053182 0.02388713 0.02297021 0.02065044 0.01786735 0.01566805 0.01259172 0.01088646 0.01026669 0.008298484 0.005415905 0.004787471 0.005044696 0.0077991 0.008031245 0.008500247 0.009544945 0.01036996 0.01104764 0.01140936 0.01248186 0.0235209 0.02178136 0.0224555 0.02337175 0.0883083
0.04939225 0.03917535 0.03748269 0.03377676 0.03046046 0.02925418 0.02978244 0.03080464 0.03063522 0.03082503 0.02817864 0.03060722 0.02681296 0.02438934 0.02221437 0.01991856 0.01713542 0.01408753 0.01421757 0.006379601 0.004888232 0.006444748 0.006924969 0.02446731 0.02333569 0.02653406 0.02696902 0.01574254 0.01454651 0.0139491 0.01322738 0.014604 0.01446236 0.0136078 0.01207744 0.0106242 0.009000175 0.007759069 0.007227774 0.01112714 0.004087099 0.004035801 0.004636392 0.006701903 0.007569937 0.007149227 0.008322581 0.01050586 0.01148638 0.01192576 0.01326615 0.01950769 0.0285524 0.02511182 0.01686716 0.07095018
0.0419421 0.03528824 0.03093414 0.03029398 0.0289471 0.02841687 0.02842579 0.0324639 0.03154556 0.03034755 0.0282933 0.02962755 0.02436231 0.02189581 0.0197709 0.01649115 0.01252177 0.01028295 0.008996605 0.003227104 0.003046373 0.003709911 0.006581515 0.01781553 0.01815169 0.01853659 0.01982458 0.01106706 0.008945759 0.008432486 0.00819015 0.009875342 0.009901458 0.009488717 0.008401029 0.007287365 0.006154741 0.005528145 0.004963543 0.003650126 0.004548291 0.003570611 0.004348625 0.006769344 0.006723102 0.007945484 0.009297214 0.01134703 0.01237791 0.01303469 0.01387439 0.02515296 0.01744609 0.01665311 0.01798923 0.03512096
0.04147173 0.03476945 0.02900605 0.03086375 0.03005856 0.02953428 0.02922201 0.03388834 0.0337447 0.03183806 0.02850563 0.02786991 0.02516283 0.02305566 0.02137809 0.01649869 0.01231923 0.009453221 0.008822175 0.002771869 0.002547934 0.00310827 0.005076743 0.01550583 0.01532795 0.01552301 0.0156741 0.007856043 0.007308442 0.006798787 0.006820657 0.00830947 0.008483163 0.008343428 0.007107001 0.005891528 0.005037018 0.004468801 0.004172766 0.002943013 0.002847164 0.005078924 0.005358605 0.006458274 0.00774841 0.008910836 0.01189546 0.01392242 0.01335756 0.01387855 0.01493838 0.01975892 0.02980037 0.01802922 0.01343972 0.03947581
0.0474566 0.04412578 0.03989339 0.03045276 0.02906807 0.02819421 0.02772224 0.03318166 0.03387605 0.03272278 0.02851349 0.03325019 0.02869574 0.02410781 0.02025923 0.00686571 0.00447661 0.002973789 0.002563313 0.008817432 0.008301406 0.008345443 0.01071134 0.01510773 0.01443283 0.01297784 0.01219658 0.008977662 0.00716839 0.007139082 0.007348011 0.0077537 0.007851356 0.007517584 0.006543424 0.003738422 0.003115254 0.00279928 0.00276147 0.002889891 0.002939269 0.00384165 0.00547976 0.01050965 0.01248893 0.01460793 0.01711226 0.01548565 0.01529648 0.02625828 0.01911307 0.01712852 0.01915188 0.01671197 0.02064 0.002016129
0.04321551 0.04120231 0.03806837 0.03038655 0.02990749 0.02945148 0.02918467 0.03508455 0.03536339 0.03290297 0.02927674 0.03194346 0.02610757 0.02190683 0.01797307 0.006504583 0.003975799 0.002467928 0.00208053 0.007366795 0.006712721 0.006740361 0.007155417 0.01018228 0.009288915 0.008585605 0.008108303 0.005996 0.005370629 0.005835483 0.005532668 0.00607497 0.006162118 0.005785995 0.004958248 0.002721558 0.002161049 0.001976577 0.002179955 0.002521039 0.002729815 0.003955704 0.006163231 0.01137747 0.01405518 0.01707051 0.0187068 0.01577866 0.01596048 0.01889941 0.02020302 0.01383056 0.01381504 0.01425845 0.0155117 0.002419355
0.04736131 0.04704093 0.03557143 0.03091703 0.03085998 0.03026955 0.02944933 0.03600788 0.0354698 0.03329872 0.02920102 0.02975431 0.02425481 0.01972478 0.01575047 0.00604877 0.003562363 0.002106081 0.0017915 0.006421441 0.006091966 0.005592676 0.005815519 0.007446318 0.00702057 0.006125182 0.005525869 0.004372792 0.004243175 0.004411463 0.004441854 0.004917954 0.004885057 0.004546526 0.003836113 0.002126483 0.001622049 0.001539189 0.001852292 0.002456657 0.002622742 0.004031689 0.006478789 0.0121584 0.01535608 0.01794379 0.02012417 0.017773 0.01742347 0.01761307 0.01745755 0.01537969 0.01469178 0.01605207 0.01449905 0.00108871
0.04791224 0.03641503 0.03531174 0.03131133 0.03119348 0.03056394 0.02964241 0.03570992 0.03554252 0.03272632 0.02845777 0.02739999 0.02228112 0.01740435 0.01352942 0.006117932 0.008406437 0.001888305 0.001580587 0.00580439 0.005062197 0.006588756 0.005348877 0.005761703 0.005014451 0.004313372 0.004006753 0.003437843 0.003434489 0.003598151 0.00432229 0.003999085 0.003990486 0.003743701 0.003214285 0.001799576 0.001527425 0.001455978 0.001791673 0.002425645 0.002772982 0.004074899 0.006602281 0.01244764 0.01531004 0.017998 0.02039179 0.01743571 0.01828185 0.02091219 0.01886879 0.01550358 0.01550293 0.01427213 0.01435577 0.00657258
0.05451651 0.05176058 0.03261996 0.008162879 0.006606158 0.005429449 0.004623305 0.005084193 0.004917331 0.004529938 0.003903625 0.02344411 0.01712512 0.01599683 0.01450748 0.01251983 0.01435484 0.009568145 0.008734437 0.003869691 0.003452486 0.002065626 0.001723051 0.001570884 0.000708708 0.0006958515 0.0007108121 0.002143387 0.001965093 0.002987204 0.002103381 0.002530082 0.002293756 0.002131457 0.001867272 0.001762078 0.005223702 0.001753112 0.002113466 0.003130204 0.003564783 0.004904907 0.007299935 0.01498558 0.01859577 0.02034314 0.02365596 0.02825659 0.02800725 0.01891907 0.0183688 0.001330645 0.002016129 0.002540322 0.002822581 0.003427419
0.05365018 0.04864784 0.03149185 0.008115488 0.006876268 0.005379045 0.004432198 0.005008834 0.004847548 0.00441788 0.003755849 0.01929967 0.0143683 0.01308149 0.01305293 0.01183409 0.01032352 0.009264933 0.01188107 0.005216699 0.003992165 0.002454096 0.001755858 0.001241139 0.0004563403 0.0003613453 0.0004222517 0.001642723 0.001733608 0.001797998 0.001849426 0.001939866 0.001662704 0.001552022 0.001400729 0.001520597 0.001589912 0.001675968 0.00207898 0.003147335 0.003557104 0.005012902 0.007415821 0.01538762 0.01738354 0.02021349 0.0229464 0.01842079 0.02000844 0.01956203 0.01926164 0.0002822581 0.004435483 0.006693548 0.005564516 0.001209677
0.04640903 0.04222167 0.02630579 0.008257161 0.006843825 0.005105739 0.004431102 0.004825742 0.004607326 0.004175418 0.003496313 0.01624675 0.01282651 0.01168841 0.01188042 0.01163313 0.01034737 0.009418678 0.005402583 0.004235406 0.003680476 0.002481235 0.001759918 0.0005626529 0.0003481291 0.0002634361 0.0002721268 0.001512418 0.001573923 0.001643933 0.001731878 0.001289316 0.001273928 0.001287344 0.001264861 0.001350916 0.001446576 0.001918202 0.002406069 0.003570165 0.004127504 0.005553676 0.00776834 0.01583379 0.01734325 0.02331138 0.0235216 0.02842417 0.0240012 0.02037113 0.02026166 0.003306451 0.005927419 0.001653226 0.0008064515 0.002217742
0.03652802 0.02925318 0.02214489 0.008268047 0.006858908 0.005117219 0.00431007 0.00447703 0.004160351 0.003708385 0.003107201 0.01427512 0.01086992 0.01022707 0.01025729 0.01122991 0.01032008 0.005865598 0.005664551 0.004269515 0.003156628 0.002579011 0.001838934 0.0005341586 0.000252108 0.0002186816 0.0002232985 0.001804897 0.001514753 0.001494009 0.001606846 0.001170629 0.001183678 0.001183026 0.001355333 0.001648429 0.001819386 0.002239344 0.003115935 0.005529189 0.006383474 0.007829577 0.009946297 0.01628657 0.01682257 0.02003778 0.02242392 0.01588174 0.01787142 0.02025342 0.02094956 0.0008467741 0.003709677 0.001693548 0.0007258065 0.00532258
0.01723981 0.01488605 0.008945616 0.008905889 0.007571053 0.007702771 0.008908405 0.02109025 0.01214863 0.01080587 0.01042238 0.007967432 0.006270957 0.00569079 0.005483629 0.002758581 0.002606902 0.002484446 0.002490946 0.0009517498 0.0006663941 0.0004202704 0.0002044028 0.0001111328 4.11135e-005 5.315431e-005 6.885548e-005 0.0002675856 0.0002970689 0.0003275203 0.0003620487 0.0006646896 0.0008075939 0.0009558512 0.001185617 0.003246726 0.003693459 0.004467436 0.005886023 0.01273027 0.01462042 0.01718075 0.02061146 0.04141118 0.04882635 0.02701843 0.02656533 0.008709677 0.01387097 0.004879032 0 0.0004435483 0.004919355 0.002096774 0.0008467741 0.005040322
0.008857263 0.008216945 0.007632581 0.007774466 0.006653465 0.00597353 0.01457239 0.01291343 0.01076507 0.01045417 0.01045702 0.006414799 0.005308486 0.004446565 0.004632397 0.002523057 0.002382355 0.002252967 0.002122513 0.0007444978 0.0004638903 0.0002162464 0.0001082417 1.689186e-005 2.135216e-005 3.005611e-005 4.311768e-005 9.017372e-005 0.0001105223 0.0001353562 0.000163329 0.0005051828 0.0005881719 0.0008658626 0.001189018 0.003379304 0.003977358 0.004927167 0.006562352 0.0134484 0.01550121 0.0178829 0.01904565 0.04502001 0.05019995 0.02413847 0.02720588 0.004838709 0.01733871 0.007338709 8.064516e-005 0.006935483 0.009596773 0.003387097 0.0002822581 0.006008064
0.007011136 0.01148167 0.01616314 0.007261506 0.006293457 0.005442231 0.007906244 0.01863375 0.01058297 0.01065952 0.01104765 0.005053852 0.003575394 0.003212586 0.003476609 0.002302381 0.002179014 0.002036806 0.001971762 0.0006735408 0.0003774256 0.0001724454 6.008765e-005 7.615331e-006 1.012693e-005 1.65335e-005 2.672812e-005 0.00016939 7.550685e-005 0.0001005754 0.0001347493 0.0004400457 0.0006465827 0.0007639587 0.001252368 0.003290514 0.004321184 0.005374667 0.007157198 0.01505018 0.01561677 0.01773828 0.02020811 0.04901436 0.04700386 0.02184856 0.02615459 0 0.01282258 0.006290322 0.002620968 0.007379032 0.008588709 0.002983871 0.001129032 0.003588709
