contrib/geomasonDemos/riftland/DataFiles/RainData/.svn/text-base/82.txt.svn-base
ncols         56
nrows         54
xllcorner     28.264
yllcorner     -5.7719999999999
cellsize      0.25
NODATA_value  -9999
[rows 27 to 53 of 54, columns 0 to 55 of 56]
0.07768704 0.07561355 0.1111489 0.1119547 0.1140921 0.09186361 0.07752094 0.1368895 0.1326175 0.113407 0.1311832 0.121385 0.1350037 0.1662154 0.13864 0.1562629 0.1280794 0.1489683 0.1427205 0.153482 0.1535833 0.1706677 0.1654351 0.146772 0.1555357 0.1592057 0.1314376 0.120585 0.1070445 0.1120931 0.1039118 0.1021967 0.1056063 0.1286603 0.1617134 0.1832294 0.1826198 0.1726982 0.1730539 0.1400351 0.1241511 0.2507865 0.1715105 0.08341864 0.2403007 0.2564467 0.1971983 0.2099223 0.1135934 0.1618788 0.1456273 0.1667059 0.2657322 0.326385 0.3302007 0.3148156
0.08204886 0.07999314 0.09429228 0.1222213 0.1145664 0.1030517 0.09760687 0.1400563 0.1444188 0.1185745 0.09549397 0.1040928 0.1167452 0.1366712 0.1345282 0.1227769 0.08045729 0.09751676 0.1104983 0.1828596 0.1960056 0.2229686 0.2037474 0.2444753 0.2062361 0.1256021 0.1132969 0.1052683 0.1085721 0.1000529 0.1014489 0.1255825 0.1077329 0.129818 0.1537243 0.1773185 0.2285934 0.2386591 0.2036977 0.1562897 0.1303737 0.113494 0.09615254 0.06793643 0.195613 0.2540383 0.2496037 0.08676432 0.07791833 0.09119099 0.09578148 0.1801945 0.2461659 0.2911031 0.4772 0.3009429
0.1024351 0.1239593 0.09409267 0.1088146 0.1015752 0.06837375 0.09129561 0.1134966 0.1335203 0.1364404 0.09854437 0.1091763 0.09770613 0.111077 0.1029472 0.1119604 0.1145023 0.1372948 0.1334243 0.1448352 0.2274437 0.183773 0.1898698 0.2142809 0.1700942 0.1356357 0.1071958 0.1089219 0.09411649 0.09888636 0.0938531 0.1029013 0.09886457 0.1131164 0.1333544 0.2029673 0.2272102 0.2535127 0.2715243 0.2210866 0.1906852 0.1440792 0.1059345 0.05480836 0.05844371 0.1374354 0.2137058 0.06821145 0.06433152 0.08039233 0.09992258 0.1165524 0.2282536 0.315099 0.3309321 0.2263653
0.1744547 0.1775128 0.1273375 0.1254432 0.09321614 0.0688912 0.06352724 0.100398 0.1372837 0.1395118 0.1141488 0.104596 0.1122341 0.1176273 0.1048344 0.1011069 0.07776894 0.06832681 0.06903011 0.100154 0.1245166 0.1376917 0.1216452 0.2175267 0.2031498 0.2139342 0.1374813 0.112963 0.1062377 0.100755 0.09134273 0.1047813 0.1006191 0.109933 0.1362038 0.2137144 0.2518397 0.2777658 0.2984093 0.1815675 0.1519121 0.1474243 0.110538 0.04464292 0.03766272 0.03818569 0.04018921 0.054968 0.05625129 0.07450316 0.1079556 0.1108095 0.09408188 0.1472397 0.1465587 0.1406274
0.3364585 0.2698549 0.1353923 0.1280273 0.1050634 0.07101176 0.09850167 0.1517207 0.1596993 0.1386718 0.1520508 0.1300966 0.1213353 0.1485493 0.1173888 0.09170432 0.07660916 0.1004452 0.08762436 0.08891559 0.1051289 0.1148763 0.1128808 0.1429543 0.1597529 0.1816233 0.1661159 0.1308016 0.1119167 0.09983874 0.1006017 0.1127079 0.08633278 0.08738738 0.103347 0.1681318 0.2246766 0.2165093 0.2047865 0.1481472 0.1550286 0.1455923 0.1066469 0.02434547 0.02634141 0.02172718 0.03356417 0.0536809 0.06655987 0.08254191 0.1738148 0.2648935 0.1825865 0.1847524 0.1918239 0.2085008
0.340838 0.2250428 0.130699 0.124776 0.07650924 0.08170084 0.1344799 0.1498934 0.1129698 0.1195565 0.1217458 0.1173548 0.1072133 0.1544564 0.09588239 0.08999186 0.09242522 0.09774281 0.0957329 0.09334567 0.08905701 0.09728405 0.1146816 0.1522737 0.1523162 0.1587047 0.1730469 0.1342907 0.1229454 0.09926712 0.08637636 0.08667562 0.09129639 0.08864912 0.09146519 0.1457119 0.1600808 0.1776343 0.1583612 0.1695943 0.1572855 0.1395248 0.1096112 0.04394877 0.0169665 0.0245728 0.0302449 0.04225775 0.06472035 0.1030769 0.1410466 0.2101057 0.09600899 0.07742645 0.09245327 0.1833828
0.2549617 0.1691203 0.09570382 0.1035009 0.08781467 0.1453979 0.1646264 0.1371425 0.1014065 0.1037192 0.1223811 0.1495078 0.1188387 0.1384627 0.1020184 0.08722138 0.08719096 0.09230559 0.08698265 0.08878706 0.08407812 0.08133437 0.1094266 0.1625626 0.2392259 0.2062168 0.1235925 0.1113003 0.1128976 0.1088546 0.08872471 0.08174783 0.1029508 0.08603988 0.08503886 0.1043428 0.1017154 0.1158134 0.1602487 0.1755954 0.1110294 0.08968055 0.07705739 0.01498352 0.01283375 0.01217299 0.03866988 0.03829331 0.06865574 0.1177305 0.09525108 0.08027441 0.04060336 0.04102483 0.1242131 0.1582472
0.3420237 0.1909522 0.104413 0.1211932 0.1099924 0.1360259 0.08224761 0.1081007 0.1156295 0.1104474 0.1412623 0.1405855 0.1355563 0.1445708 0.1190677 0.09661996 0.1095704 0.1161469 0.09226386 0.07767672 0.07029794 0.07502006 0.1026806 0.1585869 0.2345376 0.1560275 0.1121935 0.1048928 0.08884849 0.08902531 0.08317567 0.07666873 0.1071469 0.0653116 0.07951646 0.1042369 0.07978737 0.07462626 0.09168772 0.127151 0.1175046 0.07484748 0.05775335 0.02246035 0.01061654 0.02193926 0.0678576 0.0363191 0.0957555 0.1673396 0.1438694 0.1015253 0.02967613 0.142773 0.1683732 0.01818597
0.3624257 0.2712911 0.1720892 0.1547676 0.1202102 0.1009348 0.0976005 0.1110994 0.1206575 0.1363757 0.1207879 0.1330273 0.1407477 0.1674446 0.1397724 0.1441419 0.1289271 0.1246886 0.09591404 0.06810516 0.0673058 0.06896735 0.08131468 0.2587186 0.2904634 0.1505867 0.09866543 0.08895794 0.07894976 0.07165407 0.06647348 0.06957287 0.06211524 0.08718637 0.08745438 0.08981127 0.07371152 0.06139103 0.08161549 0.083794 0.08257797 0.0376252 0.0343037 0.04207511 0.03212298 0.0481503 0.08947062 0.04881706 0.06633565 0.06578686 0.06476462 0.04709599 0.03187546 0.2179989 0.07291119 0.01710165
0.2305907 0.1732351 0.1129867 0.1574902 0.09668071 0.0811584 0.103719 0.09425082 0.1152606 0.1425675 0.1491453 0.1373165 0.1294532 0.1600256 0.139716 0.148296 0.1500771 0.1516126 0.09104408 0.07652739 0.08413989 0.07877874 0.09565736 0.2833789 0.2178337 0.1311549 0.1078029 0.09539669 0.08036521 0.07260462 0.06718551 0.06382635 0.06159512 0.06842875 0.06393743 0.06624731 0.08844905 0.08238754 0.07222618 0.07221271 0.05980741 0.03673715 0.03339684 0.03448409 0.04487606 0.04854881 0.05754494 0.1200449 0.05802586 0.05743201 0.03861214 0.04920945 0.2556556 0.1857429 0.0308337 0.01367597
0.2121914 0.1260446 0.06994175 0.08728825 0.0772673 0.06564855 0.06893812 0.09650095 0.09733237 0.1297497 0.1677781 0.1430073 0.1769033 0.1493315 0.147836 0.1338021 0.1435511 0.1157128 0.0975702 0.07883644 0.07971972 0.08551282 0.1904124 0.1427947 0.2050423 0.153099 0.09609384 0.08389568 0.07585584 0.06996127 0.07721655 0.05496495 0.05806043 0.05175165 0.05915893 0.07257173 0.07942766 0.07574959 0.06315868 0.04799479 0.0391441 0.03932848 0.03743757 0.04166309 0.05605539 0.044038 0.04800609 0.0563313 0.125289 0.1029368 0.03972504 0.2983873 0.2640131 0.04006379 0.03446534 0.01826613
0.2818427 0.1407543 0.0588012 0.1001204 0.1132686 0.06323561 0.07045379 0.1072031 0.1197903 0.1090166 0.1120656 0.1186453 0.1670817 0.1486436 0.1349208 0.1493363 0.1481404 0.129265 0.1005237 0.09480037 0.07329151 0.09710079 0.1687957 0.1176074 0.17547 0.1443384 0.07826938 0.06996445 0.06952555 0.06677887 0.07349085 0.107298 0.1053384 0.04668227 0.04802487 0.05603431 0.06210059 0.05937892 0.05678001 0.03928319 0.03816864 0.04244352 0.06649583 0.05029872 0.05150968 0.05286343 0.07723356 0.07179714 0.06887796 0.04501533 0.1285693 0.1913221 0.06768645 0.04508233 0.02946766 0.01217742
0.3532148 0.1847192 0.1325555 0.1190083 0.1261369 0.08331279 0.06575453 0.1206877 0.1569673 0.1349661 0.1664457 0.1184064 0.1700537 0.1634564 0.1735229 0.1468978 0.1586531 0.1184797 0.09197649 0.07979465 0.08508307 0.1006368 0.1023439 0.07633708 0.08781953 0.09319743 0.07015178 0.06433969 0.05817856 0.05513078 0.06427438 0.1389142 0.08656172 0.03019316 0.03028887 0.03516747 0.03981888 0.03898503 0.0410764 0.04073417 0.05854412 0.06350819 0.06168136 0.0828429 0.08650295 0.1219804 0.1413342 0.1535009 0.1924414 0.3392158 0.1562261 0.04987028 0.05359621 0.04772401 0.04405919 0.01508064
0.2970817 0.145549 0.1024885 0.1280987 0.1307376 0.09531464 0.07341409 0.1348361 0.1480802 0.09671093 0.09160306 0.1106261 0.1162644 0.1366704 0.1375171 0.1236839 0.153436 0.1112009 0.09144079 0.09543126 0.07352052 0.1134399 0.1015081 0.07685693 0.1002954 0.08074208 0.04715024 0.06917649 0.0487936 0.03489561 0.07581399 0.1395261 0.07993425 0.03725171 0.03056089 0.03316987 0.03592366 0.03967591 0.0397763 0.05010993 0.05617844 0.06120383 0.05477767 0.08033548 0.08892089 0.103378 0.1165663 0.1663754 0.2382715 0.171528 0.07747322 0.06916907 0.05215881 0.0521266 0.04996832 0.01669355
0.2173179 0.1359889 0.08187348 0.1143074 0.07952356 0.09554876 0.1079375 0.09874494 0.1019354 0.09710498 0.09248167 0.09841834 0.1036655 0.1382262 0.1297601 0.1547469 0.1551937 0.1436501 0.1358822 0.1445353 0.09010997 0.1602957 0.08206248 0.09616862 0.07224301 0.07902095 0.06557945 0.06553391 0.03734023 0.02998669 0.05776651 0.1404882 0.03160437 0.03858513 0.02866509 0.03732257 0.03793602 0.04900726 0.04476276 0.06499966 0.08900957 0.06109279 0.05818716 0.08457573 0.09886649 0.1177582 0.146385 0.2603573 0.09100099 0.0844717 0.09106536 0.08193429 0.07493695 0.08736484 0.09828176 0.05096774
0.2796924 0.1466204 0.08826151 0.1187538 0.09521741 0.08154329 0.1261958 0.1113444 0.09807266 0.1108592 0.1062505 0.107714 0.1109845 0.1213834 0.1293615 0.1338502 0.1987225 0.1949185 0.15163 0.1467752 0.09880898 0.08178505 0.05842361 0.04864639 0.07820281 0.03742713 0.03591124 0.04370936 0.03102907 0.04620002 0.02944699 0.02672406 0.02298162 0.02307795 0.02445706 0.06459735 0.1077046 0.04195746 0.06179329 0.05518487 0.05168484 0.05688081 0.06069781 0.09377088 0.1265649 0.153122 0.3376529 0.2413225 0.1126218 0.1074648 0.1071712 0.1432587 0.07472504 0.07361045 0.05761759 0.0228629
0.2564395 0.1694347 0.1127451 0.1091811 0.1047279 0.06884185 0.08725844 0.1298231 0.1068697 0.07066366 0.07564461 0.08584387 0.1355755 0.1224418 0.1184772 0.1085813 0.1506146 0.1691735 0.1362451 0.06549457 0.05906211 0.05735711 0.03969901 0.04113518 0.02940622 0.02779163 0.0238312 0.02039115 0.020306 0.03575992 0.009432956 0.0155654 0.01671166 0.0212809 0.02481874 0.1063537 0.264893 0.0565182 0.07262309 0.05305552 0.06510077 0.07006013 0.07874157 0.1235945 0.1592312 0.2260447 0.3358216 0.1514358 0.1236027 0.1543048 0.1218326 0.0425 0.06254032 0.0628629 0.01798387 0.01866936
0.2180331 0.1886784 0.09464671 0.1099915 0.1375878 0.09393546 0.09680271 0.09622654 0.09115626 0.09129179 0.08228283 0.07222039 0.06256631 0.1374313 0.1284809 0.08343852 0.07451703 0.1128344 0.1057107 0.07052477 0.06371768 0.05603127 0.03104409 0.04427133 0.02427213 0.01630616 0.005411415 0.1322618 0.05794472 0.00488869 0.1792747 0.01358405 0.01283603 0.02936414 0.02876233 0.02687831 0.04827712 0.03532232 0.03711792 0.06731536 0.0756198 0.0802156 0.08726677 0.1543601 0.1645073 0.3045235 0.2522335 0.1371036 0.1552302 0.176601 0.1414628 0.07375 0.06318548 0.03278226 0.02552419 0.02879032
0.1890665 0.1059493 0.1163005 0.05258487 0.1222942 0.1305309 0.08818635 0.09556259 0.1003736 0.08446297 0.07009894 0.07896684 0.07980993 0.08203261 0.08751936 0.06487878 0.05285877 0.09772991 0.1116934 0.07347844 0.06520115 0.05018681 0.03541584 0.02685061 0.02138211 0.04099908 0.2162751 0.1946374 0.1184674 0.08385888 0.2246655 0.01074937 0.02302211 0.02577811 0.01505944 0.03590362 0.05988016 0.05407416 0.04375974 0.08103973 0.08805919 0.08827429 0.1291149 0.1729402 0.1837132 0.4052017 0.2163321 0.1688494 0.1700668 0.1620992 0.1468068 0.06483871 0.02508064 0.02270161 0.07177419 0.02915323
0.1228952 0.08848164 0.1243088 0.06287357 0.08617661 0.1308039 0.07168192 0.08090384 0.09591419 0.0944199 0.07090208 0.07280277 0.08831885 0.06995263 0.05703671 0.04869481 0.04433785 0.07726454 0.0808864 0.04524158 0.04061474 0.04712738 0.05370052 0.02620979 0.01470059 0.08464067 0.1743054 0.1278412 0.092788 0.0297852 0.0144291 0.0110451 0.01577803 0.01494078 0.01597969 0.03093902 0.02725728 0.04430829 0.04875593 0.07976247 0.09208458 0.1050423 0.121317 0.1797804 0.2134125 0.3500137 0.1908091 0.1981415 0.1683617 0.1786516 0.1477024 0.03717742 0.05403225 0.03024193 0.04125 0.02169355
0.1002612 0.09080778 0.09685522 0.05210609 0.05434744 0.1076219 0.1004647 0.08311447 0.09462296 0.08240951 0.08265758 0.09723241 0.07153288 0.03487402 0.04508943 0.07767133 0.05154917 0.03459537 0.03179481 0.02846707 0.01625346 0.03029512 0.02811959 0.02641776 0.02574919 0.009221201 0.006041485 0.007053323 0.009980944 0.005263723 0.01304746 0.01444035 0.01472507 0.02241813 0.01846412 0.03149644 0.02820011 0.04240745 0.06216726 0.09859204 0.1203848 0.1395789 0.1610046 0.2538749 0.4158293 0.2541695 0.1644519 0.03721774 0.05169355 0.0675 0.06608871 0.05294355 0.04584678 0.03387097 0.02427419 0.02084677
0.105592 0.06916776 0.08962398 0.06673016 0.07228194 0.07741037 0.1123661 0.09011786 0.08807383 0.09026343 0.09001769 0.05683629 0.1002018 0.03701649 0.03794804 0.08324361 0.09056652 0.06785554 0.04305603 0.02702288 0.01241106 0.007783664 0.006756775 0.1014636 0.001057882 0.001017658 0.002549016 0.005162579 0.003515711 0.005855172 0.001400063 0.007180636 0.02055969 0.01522494 0.01838201 0.02691111 0.03256353 0.03806764 0.06010365 0.1158241 0.1257772 0.1783467 0.2423826 0.3014603 0.3627802 0.2083875 0.1912236 0.02802419 0.03310484 0.06237903 0.06399193 0.0332258 0.03282258 0.0341129 0.01362903 0.0153629
0.09955042 0.06634102 0.09213686 0.07440983 0.07873262 0.08872892 0.1485804 0.1005208 0.09179747 0.1199922 0.09047219 0.06919342 0.1111488 0.05862515 0.05072741 0.06108913 0.08934133 0.06366881 0.04589602 0.03155939 0.007571421 0.006099091 0.003835346 0.01319892 0.0006673666 0.001752288 0.01964055 0.007380217 0.01072917 0.00373809 0.01046414 0.01838849 0.01237002 0.009176199 0.01673351 0.03640112 0.04940703 0.03891892 0.06043493 0.1009249 0.1386672 0.1449861 0.1921261 0.2791063 0.1813965 0.164217 0.1557245 0.03459677 0.04245968 0.05096774 0.05375 0.03362903 0.03697581 0.02310484 0.03689516 0.02225806
0.09495148 0.08880352 0.1015998 0.07270847 0.07372861 0.05699271 0.152947 0.117109 0.1009456 0.1229103 0.1028825 0.0944787 0.08899557 0.08681531 0.05559345 0.0557988 0.05442535 0.03144106 0.02257389 0.0184018 0.007534397 0.01001769 0.004335832 0.006385775 0.004878483 0.001669529 0.001741411 0.00166847 0.004441901 0.003632458 0.0121146 0.008615008 0.01244198 0.01995129 0.02635667 0.03830842 0.04466142 0.04435348 0.06572891 0.09658912 0.1278204 0.1540855 0.2792334 0.208225 0.1602801 0.1669669 0.1384898 0.03346774 0.04056452 0.06177419 0.07080644 0.03145161 0.0175 0.03467742 0.04322581 0.03850807
0.100149 0.09754973 0.1034971 0.08932377 0.0785457 0.06722015 0.1335286 0.1179225 0.08984098 0.08789015 0.09067199 0.06983139 0.04971049 0.1225206 0.08455815 0.0713508 0.05559075 0.02672824 0.01341181 0.006452475 0.00445665 0.001519539 0.002338386 0.003148645 0.004205987 0.001771635 0.002260842 0.002820959 0.0009674391 0.001824296 0.007586164 0.008567962 0.009778864 0.01296171 0.01835584 0.02933631 0.02552319 0.03718224 0.04986257 0.106601 0.1468624 0.2123842 0.2957968 0.1532883 0.1403712 0.1513135 0.137673 0.05729838 0.07346773 0.0841129 0.07181451 0.02806451 0.01875 0.03983871 0.04540322 0.03883065
0.1280226 0.09982072 0.0933577 0.09182032 0.07366714 0.06769019 0.102291 0.1297619 0.07869964 0.07562457 0.06276062 0.05811238 0.05634644 0.1358286 0.1053064 0.08181169 0.05998969 0.02310702 0.01585552 0.00599341 0.002941184 0.001336959 0.001355476 0.001363147 0.006424808 0.004788829 0.004869686 0.003522125 0.002493348 0.001680968 0.001198216 0.003657345 0.006741758 0.0211426 0.01702991 0.03060586 0.02821387 0.02853425 0.05275756 0.1083651 0.1129981 0.2215223 0.2424196 0.1364337 0.1348356 0.1431063 0.1398643 0.06294354 0.08258065 0.07016129 0.04322581 0.01923387 0.02157258 0.04169355 0.04024193 0.05237903
0.1327105 0.08031805 0.1081942 0.1074847 0.07336237 0.08590791 0.1277174 0.1297741 0.06407154 0.06535865 0.04662456 0.03613773 0.04386815 0.07726548 0.06378742 0.05326321 0.0521455 0.03334103 0.01618875 0.01062001 0.006039532 0.005098448 0.0008475372 0.0009208986 0.002247117 0.007849169 0.01171198 0.004217223 0.001248233 0.003523703 0.00143429 0.003479273 0.00723526 0.01306658 0.01791655 0.04521281 0.02868719 0.03242194 0.08186657 0.1051907 0.109254 0.2479282 0.1588989 0.1134204 0.137501 0.1509735 0.1396061 0.07959677 0.06483871 0.0491129 0.0378629 0.01564516 0.0208871 0.04959677 0.04375 0.03048387
