contrib/geomasonDemos/riftland/DataFiles/RainData/.svn/text-base/82.txt.svn-base
ncols         56
nrows         54
xllcorner     28.264
yllcorner     -5.7719999999999
cellsize      0.25
NODATA_value  -9999
[rows 0 to 26 of 54, columns 0 to 55 of 56]
0.04434611 0.01650503 0.01684082 0.05064677 0.06268886 0.04070277 0.02690561 0.03526799 0.004941567 0.002976341 0.016543 0.04969102 0.06284956 0.08100141 0.05442443 0.03980295 0.06920747 0.09070938 0.07111407 0.06107029 0.07074726 0.1101802 0.09516636 0.1053452 0.1076056 0.1121592 0.1325503 0.1735609 0.1412808 0.1170985 0.1224135 0.2140747 0.2490639 0.1583485 0.1397536 0.1366915 0.1425592 0.1747659 0.1121544 0.06330796 0.0560565 0.08166299 0.1569511 0.07685462 0.06052706 0.05930836 0.06249374 0.1061972 0.1113477 0.1673895 0.2065844 0.1698965 0.1789436 0.274594 0.1788868 0.1302931
0.05877739 0.02019959 0.01968197 0.04442929 0.06127011 0.05206475 0.04227943 0.05426829 0.03181459 0.01785666 0.01479688 0.04106152 0.05822168 0.08451691 0.05805691 0.05945694 0.0941008 0.07703528 0.0849113 0.04869188 0.05483542 0.07093234 0.05885664 0.1014691 0.1067988 0.1115481 0.1154914 0.1705523 0.1385219 0.09610724 0.1305472 0.3366494 0.2861743 0.1529005 0.1718347 0.2027036 0.1960965 0.1761636 0.1379599 0.07300201 0.04629051 0.06764182 0.137877 0.03234755 0.04619849 0.05990978 0.07636175 0.09130681 0.1820659 0.1848559 0.1364017 0.2251119 0.2273478 0.2095506 0.1452233 0.0903779
0.07226588 0.04910659 0.04254829 0.06558934 0.06372305 0.08246493 0.05990835 0.08835823 0.0789625 0.04561852 0.02830586 0.03662019 0.06207154 0.1048183 0.08747597 0.07027575 0.08049022 0.0660302 0.08127014 0.0740413 0.07064794 0.07601561 0.06651451 0.1118577 0.1137725 0.1047408 0.09649933 0.1165535 0.1303768 0.1017078 0.1146751 0.1838397 0.2193309 0.1852746 0.2154888 0.2654731 0.2559892 0.177538 0.1476991 0.09362169 0.1441029 0.1259922 0.1188302 0.03638122 0.0944521 0.04741379 0.05524544 0.101033 0.1508861 0.1281617 0.1668155 0.2851954 0.2757878 0.119313 0.09230498 0.1101408
0.07292186 0.05619292 0.05874997 0.0629933 0.05283316 0.05562096 0.04037885 0.1153377 0.1111349 0.05768637 0.03684366 0.06016465 0.04277235 0.06744473 0.08451808 0.07622035 0.09403992 0.08884744 0.055386 0.0784502 0.06190467 0.06213212 0.07320391 0.1232389 0.1291387 0.1270996 0.1090212 0.124943 0.101025 0.1073875 0.1107728 0.134147 0.162032 0.252134 0.2432048 0.2443217 0.1959305 0.1517973 0.1281167 0.09838887 0.1516739 0.1574121 0.1387683 0.1267211 0.1262723 0.087464 0.09248982 0.10273 0.1144908 0.1089841 0.1771773 0.3257149 0.3144504 0.172342 0.1288671 0.1112441
0.07545843 0.0414132 0.02968655 0.05178959 0.05004397 0.04634745 0.04448476 0.06316262 0.05156154 0.07143488 0.06034762 0.03131244 0.04020593 0.06067357 0.06622256 0.05697738 0.07654835 0.06690385 0.04666397 0.0575586 0.06585366 0.07324819 0.1007879 0.1550304 0.1359332 0.1155994 0.09675986 0.1113142 0.1340341 0.1147566 0.1275607 0.1370902 0.1749045 0.2016919 0.1792153 0.1792109 0.1585816 0.1137806 0.1040994 0.1817489 0.1130476 0.128684 0.1374991 0.1030698 0.1089115 0.1222681 0.10654 0.1027262 0.1324577 0.1423638 0.2066091 0.3019212 0.3010373 0.1754453 0.1210169 0.05436036
0.06233181 0.04833538 0.02999519 0.04627726 0.04936273 0.04066645 0.04226812 0.08426192 0.07141737 0.07407998 0.06269334 0.0616978 0.1030325 0.05730707 0.04941139 0.05746328 0.04803821 0.05792902 0.03999151 0.07395633 0.1007705 0.08709305 0.1107235 0.1428946 0.1085796 0.1035199 0.1117492 0.1082554 0.1054277 0.1272318 0.1130806 0.1292938 0.160817 0.1686183 0.1521572 0.1536988 0.1270621 0.0892674 0.0762196 0.1965801 0.05098867 0.05418108 0.09746232 0.1409821 0.1231733 0.1703566 0.1425095 0.09834227 0.1265528 0.2101713 0.229138 0.2967225 0.3172609 0.1656148 0.07655188 0.0371834
0.08468878 0.04249936 0.04052786 0.03591935 0.05513546 0.03751015 0.03558879 0.06123945 0.08725524 0.07520255 0.08033695 0.0800125 0.04911783 0.05885399 0.04699164 0.03023799 0.03942945 0.04335359 0.06343792 0.087524 0.1331036 0.1363628 0.1068708 0.1075721 0.1215444 0.1133903 0.07283044 0.08387592 0.09864604 0.1438093 0.1196496 0.1350583 0.1438199 0.1740341 0.09779716 0.08622734 0.09538471 0.07478683 0.1528916 0.1934062 0.09723391 0.07400633 0.09957825 0.1026193 0.06326184 0.09476415 0.1731581 0.09707557 0.1772323 0.1432816 0.1974282 0.2353759 0.2281496 0.1689292 0.1921601 0.1007244
0.06669531 0.07845233 0.06087233 0.08175518 0.07003856 0.06901787 0.05544942 0.09368546 0.1085299 0.113645 0.1144235 0.1448213 0.06184621 0.04838951 0.05224574 0.04060118 0.06172675 0.04533422 0.09328702 0.08048131 0.08905993 0.116912 0.1061461 0.1117018 0.09074479 0.08795401 0.04681959 0.06038816 0.05957999 0.06152694 0.1161912 0.1812321 0.1508845 0.1205196 0.07261455 0.06159326 0.05418031 0.1297005 0.2865037 0.1146555 0.09635068 0.08580092 0.1069756 0.04435852 0.04094351 0.06904472 0.1644231 0.1278626 0.1308913 0.09976007 0.1437684 0.1594624 0.195948 0.2306299 0.1985378 0.1228023
0.07372358 0.07610857 0.06828041 0.06291131 0.06123172 0.05309932 0.04432711 0.07290136 0.1313278 0.1475506 0.1562319 0.1484808 0.1066487 0.1083667 0.08754969 0.0825076 0.05378761 0.06096804 0.09381526 0.06560613 0.0428413 0.04429916 0.08708052 0.08479307 0.0702543 0.04303357 0.02827219 0.06639517 0.07321759 0.05629061 0.09972174 0.1481448 0.1291296 0.06652581 0.07071511 0.06248108 0.08293928 0.150245 0.1554155 0.1093654 0.121126 0.1302742 0.1024998 0.1002874 0.07005246 0.07925752 0.1235912 0.1431238 0.1356218 0.1551657 0.2511528 0.1958548 0.2094514 0.2377402 0.2404492 0.1541513
0.07595363 0.07319786 0.07080641 0.09341662 0.08181179 0.05813075 0.06826877 0.08035161 0.1274755 0.1621996 0.1569398 0.1512188 0.1208564 0.1396966 0.06934536 0.04500544 0.0241251 0.03460302 0.03895016 0.0264306 0.03175152 0.02268566 0.06573557 0.05270927 0.05710579 0.05200662 0.01978771 0.04948164 0.05116625 0.05399345 0.04385618 0.08666468 0.1246624 0.09429099 0.109813 0.06308559 0.1011527 0.08435807 0.07219133 0.08207117 0.1135086 0.1259703 0.139376 0.1702828 0.0979989 0.07043402 0.09670228 0.09241121 0.1160149 0.1777698 0.1944695 0.1738432 0.190842 0.1552963 0.117238 0.1629578
0.0944463 0.1152596 0.1086707 0.1035827 0.1202259 0.094042 0.07687329 0.1023194 0.1398324 0.1392029 0.2003385 0.1743288 0.08390865 0.1175618 0.05279541 0.06631627 0.053336 0.04227053 0.03278748 0.0431896 0.03303511 0.0172988 0.03869906 0.06949342 0.05261122 0.0522223 0.09926792 0.02272397 0.02415304 0.04475589 0.04516707 0.1243454 0.0947154 0.0950155 0.08742623 0.1161553 0.1430773 0.1185148 0.08080203 0.08335275 0.08541301 0.1074755 0.09944135 0.1005274 0.08864919 0.09230122 0.1133679 0.09610483 0.1318288 0.1554335 0.1482545 0.1808318 0.1774441 0.2177402 0.1553774 0.1223759
0.09113577 0.0921009 0.1281964 0.1012906 0.1243681 0.09937281 0.08924368 0.133754 0.1537089 0.1520447 0.2160032 0.1611052 0.0950046 0.1048267 0.07854442 0.1055055 0.107111 0.06096353 0.04797349 0.05185519 0.05253843 0.01793834 0.02244905 0.01504077 0.07151494 0.04933447 0.06569935 0.01796585 0.02696174 0.01705631 0.05104561 0.04856469 0.06404425 0.0620764 0.07784672 0.1671981 0.1607704 0.127144 0.0926332 0.1043178 0.07555091 0.05881573 0.08183633 0.05442851 0.08376905 0.1338963 0.120446 0.1393429 0.1999694 0.2183141 0.2095631 0.1765588 0.1252337 0.2000892 0.1287374 0.05447558
0.09289808 0.08355323 0.1010077 0.1147737 0.1399168 0.1121009 0.1023205 0.1303689 0.1225805 0.1498439 0.107299 0.1266063 0.1059606 0.1375192 0.1039406 0.06519835 0.07528657 0.06733764 0.03336335 0.04002418 0.04462132 0.01566561 0.01004788 0.02056219 0.02053285 0.02227448 0.07730206 0.007002536 0.008044979 0.01380087 0.0582093 0.06420714 0.08617249 0.05246249 0.07356336 0.1644727 0.1784925 0.1553336 0.1083702 0.1232548 0.1067576 0.0904986 0.076664 0.09379362 0.1210737 0.165775 0.1343957 0.1896321 0.2210587 0.2881498 0.2091891 0.1449318 0.1780113 0.07970317 0.06964631 0.0841121
0.09700607 0.1260278 0.1078127 0.1442143 0.1307887 0.1313716 0.1438512 0.1335252 0.1144492 0.1163136 0.09546149 0.1292535 0.1130403 0.2030462 0.1200836 0.07731686 0.06732741 0.05488492 0.0471152 0.03670579 0.07075004 0.04665757 0.01346686 0.01883272 0.00771155 0.01124556 0.05532233 0.003258412 0.006406017 0.05642034 0.0484672 0.05629576 0.136095 0.04214726 0.07508146 0.1389205 0.1464547 0.1459386 0.1391545 0.1157844 0.1317474 0.1288626 0.1279622 0.1393412 0.1890927 0.1954249 0.130352 0.118454 0.1715871 0.1709463 0.2658675 0.2245699 0.1769228 0.1648596 0.1623325 0.1794099
0.1003623 0.1321233 0.15224 0.186522 0.1414028 0.1175486 0.1206372 0.1297224 0.1415414 0.13759 0.1163651 0.1475567 0.1279117 0.1024323 0.1265045 0.08491684 0.09978979 0.1041826 0.05109534 0.03178994 0.04358444 0.03446256 0.01944267 0.01032132 0.005662912 0.006206525 0.001014606 0.003555993 0.006723863 0.04763088 0.02514818 0.03549915 0.1964516 0.05718834 0.08161729 0.08244289 0.06759036 0.09287594 0.1316341 0.146932 0.1032385 0.1231193 0.1565132 0.1298723 0.1215871 0.1084722 0.1143541 0.1070151 0.1548275 0.1680738 0.2768837 0.3700187 0.3070932 0.1869816 0.1343911 0.1366348
0.1201504 0.1177606 0.09740023 0.1066794 0.1472395 0.1514584 0.1477571 0.1687403 0.1400635 0.1195624 0.1379714 0.1460509 0.1262033 0.1058812 0.1236828 0.127609 0.1016626 0.07417799 0.04740555 0.06170414 0.08169142 0.09886245 0.04104854 0.006418248 0.002644115 0.001924466 0.001618144 0.004670972 0.01018996 0.04215731 0.01750424 0.05098268 0.2051062 0.04583153 0.0713098 0.04047849 0.03649624 0.05901016 0.08547366 0.05679958 0.09462626 0.1058787 0.125033 0.1156075 0.1468512 0.1516611 0.09842453 0.1136446 0.1460889 0.1502865 0.1796184 0.2295 0.2066485 0.1747493 0.1461269 0.2427909
0.1394312 0.1173856 0.08869877 0.1108903 0.1399348 0.1601054 0.1256216 0.1424889 0.1444539 0.1150919 0.1039171 0.1441525 0.1752502 0.2029998 0.1543879 0.09913918 0.08586945 0.05264649 0.05291634 0.06075577 0.07758381 0.03313892 0.02459676 0.01782878 0.008566585 0.01384754 0.01445664 0.007284916 0.01056267 0.03920139 0.01488263 0.05734413 0.2156937 0.05558318 0.06903534 0.1004803 0.05643864 0.0545646 0.05993569 0.06735767 0.106747 0.1247031 0.1259474 0.1524802 0.1278356 0.1367339 0.1341733 0.174911 0.1586665 0.1227159 0.127638 0.1759622 0.2119876 0.2782725 0.2256503 0.1434065
0.1262342 0.1144873 0.07974625 0.1289836 0.1396797 0.1060439 0.1232318 0.1418756 0.1256971 0.1027526 0.1157775 0.1421808 0.182057 0.282498 0.1384153 0.1560429 0.1334959 0.07409319 0.09488581 0.06663173 0.06498297 0.02868085 0.01745071 0.01566771 0.02123862 0.04825298 0.01789266 0.01154565 0.04052337 0.03752693 0.01743521 0.03239315 0.1870699 0.132799 0.04164178 0.04425128 0.06014265 0.07060029 0.04446734 0.06184546 0.07201979 0.1105214 0.08796032 0.1311585 0.116775 0.1162378 0.1036334 0.1212049 0.1220344 0.08517624 0.1263417 0.1693023 0.2327185 0.2613482 0.2059662 0.1484896
0.1137423 0.1344492 0.1260113 0.1619884 0.1237705 0.1045548 0.1410378 0.1345792 0.1152876 0.1114324 0.113075 0.1645802 0.2155524 0.1797311 0.1480594 0.1673107 0.156388 0.1001545 0.08756181 0.04472695 0.05234915 0.02640782 0.009956186 0.01452135 0.03099948 0.04705426 0.0205096 0.02063478 0.01139105 0.007110609 0.04900076 0.02872029 0.08927174 0.1403188 0.0461592 0.04080969 0.02720816 0.04307915 0.04560945 0.03873916 0.04719126 0.06917355 0.1044728 0.09142703 0.07068648 0.0884357 0.09522143 0.117995 0.3350061 0.1073506 0.09751648 0.16332 0.2668812 0.2797466 0.262343 0.1646841
0.1161348 0.1347738 0.1142253 0.1287444 0.1106154 0.0916812 0.1005154 0.09126819 0.0878652 0.0903631 0.1093697 0.1795655 0.1987891 0.1842025 0.1546295 0.1342145 0.1208576 0.1399048 0.1041865 0.09315576 0.05485488 0.02168278 0.01693702 0.051683 0.0280162 0.02826077 0.02290373 0.02357423 0.02293931 0.01956131 0.02868809 0.05684043 0.03855318 0.05626933 0.09312791 0.04796105 0.03889507 0.0312743 0.05313566 0.0509806 0.05040608 0.06358983 0.1013412 0.08469749 0.08467528 0.07773515 0.08866372 0.08795996 0.1566557 0.1047111 0.1238575 0.1373431 0.179809 0.2964424 0.2200482 0.1533233
0.09363195 0.1234359 0.1126051 0.1223422 0.1331003 0.1267856 0.1078078 0.1171467 0.09578329 0.08686958 0.08755024 0.1338634 0.1716466 0.1489343 0.1402641 0.1446877 0.1663713 0.1555521 0.1683413 0.1612651 0.09269528 0.06823949 0.03932787 0.04722455 0.03566822 0.04010294 0.03462994 0.03295358 0.02574596 0.02545731 0.02034377 0.04050346 0.05145929 0.07445078 0.1595686 0.07334105 0.05056376 0.03273695 0.04734408 0.05044098 0.05891576 0.0664144 0.0782268 0.07342532 0.07441646 0.06562421 0.07636271 0.09416865 0.1281978 0.1476431 0.1746964 0.1899817 0.259107 0.4365556 0.2254543 0.1921802
0.1263954 0.1065203 0.09799147 0.1256417 0.154372 0.1424002 0.1389037 0.1546604 0.1125495 0.08535812 0.09235593 0.1373859 0.1631179 0.1158451 0.1325778 0.1249587 0.1184247 0.1255267 0.1826441 0.1483271 0.08909497 0.08646423 0.08105675 0.07284632 0.06221917 0.04689575 0.06379464 0.0355894 0.03586186 0.0302338 0.02782366 0.04294747 0.04568908 0.05185416 0.04522581 0.04293877 0.05516697 0.03805029 0.05718779 0.06274318 0.05985821 0.05903329 0.05125281 0.07124074 0.06519848 0.0812962 0.08227603 0.1022203 0.1326331 0.1876377 0.2639398 0.2545424 0.2295824 0.2121735 0.2337473 0.2862878
0.1029209 0.1040326 0.1054864 0.1267027 0.1509807 0.1426437 0.1792408 0.1532747 0.1017142 0.09699923 0.1149407 0.1269236 0.1292654 0.1335343 0.1092259 0.1526734 0.1393479 0.1058466 0.1431969 0.1405867 0.1114371 0.09707272 0.1102231 0.1035478 0.0818449 0.06663545 0.06170373 0.05221869 0.04490318 0.04119665 0.03374059 0.04589619 0.04627292 0.05181929 0.07517426 0.03800235 0.04410094 0.03309185 0.0514642 0.05255434 0.2749981 0.2879108 0.05238476 0.05349787 0.07702636 0.08418456 0.09412725 0.1077999 0.1566693 0.2230684 0.1750208 0.2360685 0.2002126 0.2321619 0.2807995 0.2966131
0.0884326 0.08904722 0.0976971 0.1052292 0.1094938 0.120294 0.1259777 0.1431668 0.1060116 0.1163038 0.1069995 0.115022 0.1203594 0.121875 0.0980359 0.1144028 0.106019 0.1346122 0.1115871 0.1426288 0.09880173 0.09902107 0.09861591 0.1443506 0.09659506 0.1187567 0.0812414 0.08250414 0.08831581 0.06354702 0.05817592 0.06876568 0.071631 0.08565249 0.1035785 0.08053351 0.07647955 0.05430146 0.06913944 0.06460579 0.08488796 0.081625 0.06819151 0.04702741 0.07125645 0.08918162 0.119382 0.1248213 0.1440743 0.1466749 0.1381151 0.2006683 0.1810815 0.19042 0.2249786 0.278523
0.05348114 0.06235509 0.05541163 0.07172266 0.1031679 0.1138897 0.09301426 0.1057146 0.1435616 0.125609 0.1123703 0.1057413 0.1201825 0.09208966 0.1033204 0.1138598 0.120584 0.1116734 0.1180765 0.07655194 0.1245673 0.1423403 0.08111422 0.1205824 0.1240267 0.1056324 0.09152798 0.08405706 0.09814831 0.08610329 0.08480886 0.08064635 0.1051042 0.09202255 0.09958348 0.112722 0.07750039 0.06415809 0.07021117 0.07631874 0.0688467 0.0750857 0.0843099 0.05422541 0.06164318 0.07733195 0.09920504 0.1278543 0.1564527 0.1485527 0.159853 0.1823194 0.1863924 0.1883448 0.2081547 0.2327362
0.05694456 0.07596856 0.06380438 0.09875975 0.1100463 0.1088279 0.08425516 0.1082623 0.1080403 0.09661673 0.08931082 0.1431012 0.1301611 0.1021603 0.102393 0.1515162 0.1322763 0.1382246 0.1013995 0.09537257 0.1273653 0.1549767 0.1195006 0.1587956 0.1440494 0.1301602 0.1139541 0.1098036 0.128939 0.1324726 0.08942495 0.08314414 0.1060351 0.1144157 0.1659617 0.1619917 0.1392332 0.09268901 0.08033238 0.09302946 0.08356478 0.09058361 0.08518666 0.06325456 0.06997127 0.06987632 0.2757005 0.1681927 0.1052169 0.1346381 0.1345357 0.1792041 0.1891377 0.2935148 0.3687341 0.2768285
0.05265363 0.06423264 0.06206409 0.08623943 0.1042943 0.08119749 0.06932312 0.1014881 0.08938026 0.07959954 0.1316455 0.1104207 0.1110375 0.116895 0.1001799 0.1200273 0.1688172 0.1678076 0.1566603 0.1647752 0.1983679 0.2065075 0.1197249 0.1393587 0.1409913 0.1505532 0.1942372 0.1137092 0.1517356 0.1245868 0.1103777 0.1033167 0.114127 0.1489857 0.18213 0.1865222 0.1509821 0.1018545 0.07936137 0.09035867 0.09371145 0.08805089 0.07928888 0.152629 0.1676802 0.06901702 0.2001396 0.1645192 0.1107545 0.1391826 0.1186116 0.2676271 0.2748833 0.2290629 0.3409277 0.3240973
