contrib/geomasonDemos/riftland/DataFiles/RainData/.svn/text-base/83.txt.svn-base
ncols         56
nrows         54
xllcorner     28.264
yllcorner     -5.7719999999999
cellsize      0.25
NODATA_value  -9999
[rows 0 to 27 of 54, columns 0 to 55 of 56]
0.01972505 0.02416551 0.02215688 0.01387729 0.0104836 0.01362694 0.009472822 0.005264711 0.005729789 0.0108239 0.03657561 0.10469 0.1105333 0.09658352 0.1535607 0.1380738 0.124577 0.1365225 0.1274174 0.1024913 0.1146052 0.1152355 0.2128387 0.220635 0.2403655 0.1935503 0.1939347 0.2134161 0.1530594 0.1281023 0.133886 0.2048351 0.1813109 0.09247933 0.06513369 0.06534281 0.06867359 0.02617165 0.02253382 0.01520675 0.02464627 0.05478939 0.08715364 0.0168206 0.004942574 0.006882052 0.00617414 0.01250491 0.01062841 0.02612749 0.05673997 0.1055063 0.118295 0.1476396 0.09817941 0.05665208
0.02859256 0.03727886 0.03011236 0.01582658 0.01119153 0.01286149 0.01377037 0.007539 0.003278699 0.008369885 0.07896049 0.1113136 0.10407 0.1084726 0.1731428 0.2119044 0.2242858 0.219506 0.2290155 0.1259878 0.09933319 0.1291361 0.1947371 0.2426958 0.3527935 0.2810245 0.1662631 0.2242523 0.192784 0.1485053 0.1188296 0.2584608 0.217053 0.1181608 0.1163608 0.06588525 0.0462857 0.02961962 0.02478789 0.01444284 0.06493013 0.04073343 0.04653164 0.01514579 0.008943363 0.01474705 0.005370724 0.004132321 0.01015108 0.02125442 0.04200149 0.06129332 0.1247015 0.05439598 0.03423337 0.05741993
0.03330765 0.03374772 0.02082038 0.01907256 0.01887768 0.01841694 0.01161751 0.002557197 0.005071109 0.008112538 0.02919671 0.1065667 0.1080271 0.09658347 0.1604643 0.2238934 0.2826222 0.2464888 0.180341 0.1098482 0.09381264 0.1389861 0.1721892 0.2370664 0.3359781 0.3698958 0.2929678 0.2382536 0.1703663 0.1629067 0.1275238 0.1523558 0.1525266 0.1314177 0.1379798 0.06709855 0.04877106 0.04079378 0.03503031 0.04048241 0.09432383 0.04096973 0.01929414 0.0099615 0.01907915 0.02158387 0.01370222 0.02244762 0.01433152 0.0209843 0.03868672 0.04950413 0.03577141 0.02736703 0.03931265 0.04415119
0.02228741 0.02334945 0.01958489 0.03114717 0.03560112 0.02353497 0.01453508 0.006394126 0.02046672 0.01475705 0.02421401 0.1221375 0.07004961 0.07167227 0.08762231 0.1842052 0.2697279 0.1988079 0.148932 0.0884343 0.08036468 0.0775114 0.1065653 0.216602 0.266939 0.3554333 0.3382507 0.3165779 0.2333762 0.1625871 0.1355991 0.1753637 0.1828241 0.1602692 0.1454439 0.1100564 0.06599867 0.05155112 0.04231193 0.04923989 0.07282434 0.09100691 0.0584968 0.03629262 0.04927034 0.04732318 0.02175624 0.05041791 0.04519071 0.03716381 0.02944836 0.03825731 0.02845445 0.0280556 0.03694577 0.04117871
0.0285575 0.02306911 0.02640667 0.04001495 0.03582336 0.02447497 0.02353909 0.01142158 0.01656994 0.02018723 0.02687304 0.05242134 0.07277819 0.09225763 0.1147145 0.1771438 0.2163043 0.1937972 0.1489598 0.1172149 0.08113375 0.07006152 0.09500796 0.1038463 0.1479223 0.2946015 0.3632205 0.2985021 0.2219958 0.1916992 0.1816194 0.3302285 0.2707773 0.1688757 0.2333632 0.1701181 0.09209623 0.05780137 0.04999984 0.08745743 0.07459534 0.1277145 0.1732931 0.1144962 0.1076199 0.07662657 0.05868706 0.04525997 0.05127115 0.03346384 0.03547024 0.04449655 0.05482873 0.02735608 0.02634573 0.03237475
0.03913403 0.03593627 0.03524294 0.03143566 0.02925002 0.03254599 0.02984209 0.02488801 0.0283322 0.03457757 0.03850316 0.06677566 0.1350752 0.0952652 0.1215233 0.1518992 0.2836446 0.2708313 0.2282659 0.2001551 0.1698961 0.1624486 0.1733443 0.1004343 0.1413271 0.1987964 0.3064224 0.2886655 0.183333 0.1859459 0.227738 0.3024643 0.3351071 0.2746494 0.2324734 0.1353519 0.1191957 0.09657987 0.07409229 0.1511316 0.2166504 0.1835181 0.1886286 0.1551557 0.1721075 0.1125106 0.05318044 0.05544357 0.05974306 0.06665386 0.08496862 0.08409461 0.05782443 0.04294572 0.02689148 0.02454731
0.06477746 0.08258206 0.04272909 0.03851752 0.03097673 0.03180114 0.03235998 0.03404784 0.03821243 0.03754872 0.03713965 0.06060058 0.06068427 0.09486497 0.1732214 0.2329595 0.2371102 0.2517144 0.2374835 0.195113 0.1821883 0.1682866 0.1683999 0.1118015 0.1108221 0.1528526 0.1776869 0.1822481 0.1610742 0.1531429 0.1461834 0.2848834 0.2659885 0.1766056 0.160576 0.1378718 0.1267544 0.1120666 0.1280984 0.2026311 0.2497523 0.2472626 0.2110586 0.2218775 0.1943687 0.0851998 0.03174235 0.03835663 0.05445764 0.0857305 0.1101843 0.1101089 0.06243509 0.07184676 0.06001128 0.04918762
0.07002062 0.07832909 0.06639417 0.03851744 0.01916634 0.03237534 0.03430184 0.06157841 0.0520232 0.03923944 0.03170983 0.03829893 0.05140991 0.07019714 0.09202908 0.164765 0.2400298 0.2002815 0.1818457 0.1231677 0.1688506 0.1359065 0.1801355 0.144814 0.1299491 0.1223497 0.1386345 0.1639215 0.1347581 0.1162417 0.1447038 0.1906945 0.210243 0.1609254 0.1697749 0.1706704 0.1300769 0.1671865 0.2467165 0.1487127 0.2403097 0.2581099 0.2647536 0.2296943 0.1588734 0.07904024 0.04116262 0.04514033 0.06660841 0.0960618 0.1118245 0.09847932 0.0821292 0.0868776 0.1401949 0.07935927
0.05230983 0.03671859 0.07530887 0.06178867 0.04590221 0.05593086 0.04408602 0.1209781 0.1248865 0.1563125 0.08090859 0.05024275 0.02968314 0.04304647 0.1388884 0.2139544 0.2500449 0.1581671 0.2377402 0.188597 0.1208181 0.09550217 0.0912285 0.0929647 0.09840279 0.1133492 0.08052234 0.129383 0.09024909 0.1066658 0.2093081 0.234376 0.2491234 0.2532528 0.2222238 0.1479565 0.1048447 0.2064008 0.2655859 0.1889248 0.223355 0.2192115 0.3162254 0.1819938 0.1373056 0.08080531 0.03209971 0.03987763 0.06821854 0.09889181 0.08895578 0.07636984 0.07579499 0.07078474 0.1061341 0.08702893
0.05102702 0.03729282 0.05469772 0.133365 0.1001487 0.1040968 0.06329156 0.05835966 0.07666492 0.1030765 0.09338941 0.08095836 0.08629582 0.1579738 0.1611463 0.1412919 0.1755217 0.1500727 0.1106743 0.1162818 0.09918693 0.09524442 0.1197812 0.06377246 0.09067862 0.09007785 0.06919758 0.0958709 0.1223896 0.0913793 0.1512282 0.2556437 0.2701186 0.2910496 0.2059846 0.1352133 0.1200452 0.1558806 0.2210501 0.2068795 0.2125358 0.2025227 0.2448217 0.1529708 0.1374616 0.07517609 0.05449515 0.03566744 0.06027196 0.07543892 0.09564891 0.06942514 0.08297961 0.07411862 0.0666083 0.08146033
0.09661228 0.04958154 0.0826177 0.1709431 0.1330189 0.1369305 0.06964383 0.07414684 0.06699669 0.08384601 0.1060314 0.110354 0.09537391 0.1555167 0.07137757 0.07179832 0.1474244 0.1901232 0.09922732 0.1335695 0.1172348 0.102483 0.1156972 0.124799 0.159037 0.1456566 0.1827597 0.126527 0.1064756 0.1243839 0.1834823 0.2372674 0.3043574 0.2565714 0.2259703 0.1869545 0.1848859 0.1672 0.1637011 0.1785823 0.1893167 0.1499932 0.1869418 0.1521071 0.100821 0.08366376 0.05651343 0.02386414 0.05097895 0.06627741 0.108659 0.09241489 0.06164551 0.05787893 0.05857677 0.0584701
0.09731153 0.07186113 0.08249282 0.1736259 0.1208081 0.1624315 0.09092309 0.1525688 0.1210499 0.16514 0.1711398 0.1593924 0.0862964 0.1468761 0.1927727 0.1100401 0.07714945 0.08547009 0.08562905 0.1251916 0.09223748 0.09116047 0.1070317 0.1865479 0.1914883 0.1292759 0.1762352 0.1786651 0.1778137 0.1534418 0.1735917 0.159293 0.2477878 0.2113767 0.157235 0.1897421 0.2015834 0.1911461 0.2001021 0.2090123 0.178137 0.1310225 0.1294374 0.127042 0.08556798 0.06071175 0.06878098 0.05164112 0.05804003 0.06611677 0.101078 0.1024209 0.08142032 0.06213678 0.05609136 0.06357994
0.08999178 0.0974586 0.108864 0.1932281 0.09568749 0.07807358 0.06584632 0.08319706 0.2504041 0.2684236 0.1553323 0.1390186 0.2066485 0.1599895 0.1811364 0.1813895 0.100577 0.07935858 0.100051 0.178441 0.0939545 0.1106002 0.1279338 0.126537 0.09335656 0.07547581 0.2070121 0.2208077 0.1669318 0.1403688 0.1590011 0.1332308 0.1785899 0.1263081 0.09845217 0.1370524 0.1967066 0.1602096 0.1449197 0.1408517 0.1480272 0.1106703 0.07807766 0.04961685 0.04873535 0.06245792 0.1041824 0.1112174 0.0875438 0.06415877 0.07046133 0.1064612 0.09352357 0.07927599 0.06332177 0.05774399
0.08140401 0.1031343 0.1389208 0.1537514 0.1345835 0.07401109 0.0845667 0.1290452 0.1616778 0.1738085 0.1571338 0.1459944 0.2099934 0.1566235 0.2097174 0.1513753 0.0908317 0.07924277 0.1052592 0.117179 0.08381692 0.1247225 0.1220995 0.1092695 0.09984706 0.08810028 0.1399474 0.1050262 0.08933475 0.1677509 0.1476721 0.1150416 0.1645095 0.1032758 0.103308 0.1151615 0.154493 0.139829 0.1059152 0.1170347 0.08667421 0.1032006 0.08428303 0.07293507 0.06628305 0.1067962 0.09456338 0.1147486 0.1167639 0.1194247 0.0972396 0.1066774 0.1083139 0.09850478 0.0691342 0.07937804
0.1278992 0.09716588 0.08339283 0.1147801 0.1472904 0.0939735 0.1109918 0.1626911 0.1117157 0.09506451 0.1630941 0.1650859 0.116352 0.1194643 0.1028534 0.1041905 0.06439883 0.0953828 0.1329217 0.1449142 0.1086177 0.1259635 0.1157546 0.1399737 0.1030189 0.07838983 0.06072006 0.05980461 0.09157231 0.1791411 0.122968 0.1087907 0.2005791 0.1401572 0.169443 0.1864608 0.2008407 0.1597517 0.1265175 0.08825074 0.04894349 0.03187838 0.07409434 0.1108891 0.07333176 0.05346435 0.05406429 0.08889038 0.1308604 0.1368547 0.1145877 0.1012401 0.09839 0.1127854 0.1171545 0.1420109
0.1567755 0.1172104 0.120078 0.1266092 0.06656 0.1069265 0.1666558 0.1275567 0.08543976 0.07270134 0.1400919 0.110467 0.07055885 0.06650929 0.0705025 0.1040589 0.1264017 0.1165854 0.09678711 0.09649105 0.09949892 0.1128655 0.07229523 0.1102501 0.09467956 0.07528742 0.07629177 0.06662615 0.07288039 0.1673968 0.1590615 0.1332518 0.2434415 0.1612183 0.1468854 0.1269291 0.1413368 0.190245 0.1653842 0.2062571 0.158996 0.09416132 0.1046594 0.1005728 0.1188474 0.05510939 0.04942806 0.07526432 0.0817071 0.09508876 0.09196826 0.08432835 0.07573335 0.1036756 0.1207139 0.1044009
0.1345067 0.128437 0.1253286 0.09738749 0.06855513 0.1394055 0.2223698 0.1783197 0.07235157 0.09525929 0.1136445 0.06978375 0.07121 0.09316845 0.1143081 0.1270086 0.1427403 0.1342941 0.1046972 0.09710812 0.1277552 0.1151964 0.1054932 0.1248389 0.0972112 0.09220012 0.0781116 0.06151962 0.07531662 0.1778294 0.1731714 0.1452429 0.2099891 0.1006426 0.1234284 0.1130345 0.136826 0.1319193 0.1538276 0.2010321 0.1532228 0.1165613 0.1155957 0.08064889 0.1035855 0.1126314 0.04940496 0.08040154 0.06662364 0.08591122 0.09348068 0.1133132 0.1128559 0.08634982 0.1413345 0.1168146
0.1241205 0.1122605 0.103528 0.09821296 0.1103612 0.130129 0.1222025 0.1539721 0.1071251 0.05889807 0.1264308 0.0801164 0.07488007 0.1002761 0.08892763 0.1215591 0.2067054 0.1690898 0.08088162 0.0853332 0.1409542 0.113879 0.1253327 0.153504 0.14435 0.09435793 0.08673047 0.09157441 0.09658223 0.2241303 0.2404641 0.1645987 0.2270764 0.1759233 0.1343783 0.134291 0.1209875 0.09695299 0.1071355 0.1103019 0.103453 0.1125231 0.126675 0.102969 0.1270064 0.1245467 0.06069711 0.08615269 0.0594663 0.1003082 0.08987366 0.1062422 0.1432203 0.1142937 0.1343674 0.1103653
0.1435282 0.1481629 0.0892251 0.1016429 0.08708195 0.1379804 0.1381945 0.1832645 0.1359952 0.08635882 0.1029746 0.1124057 0.1381233 0.1182917 0.1341217 0.133777 0.1520066 0.1114044 0.09152313 0.1084278 0.1292267 0.1216457 0.1205709 0.1432356 0.1018314 0.09830778 0.08739121 0.1010288 0.1025731 0.1251377 0.194328 0.1485086 0.1721594 0.179565 0.1505025 0.149042 0.2147992 0.1580201 0.1248142 0.135526 0.1195666 0.1183542 0.1271992 0.1313081 0.1437012 0.09246515 0.07724018 0.05355898 0.1342386 0.1083914 0.08377028 0.1059199 0.1154996 0.1138616 0.1533349 0.1358514
0.2112619 0.1861644 0.1172359 0.1305237 0.1434003 0.1227181 0.09528616 0.2078501 0.1739703 0.1443152 0.1596401 0.1569356 0.2379517 0.1620948 0.1505767 0.1285488 0.1124222 0.1032518 0.1124695 0.1446147 0.1804388 0.1593058 0.140603 0.1293432 0.1227661 0.1074855 0.1102325 0.1285277 0.1178999 0.1085539 0.1416773 0.1707927 0.1452934 0.1294647 0.1708202 0.1320229 0.1331174 0.1699127 0.1067528 0.1372324 0.1466168 0.147347 0.1643972 0.213542 0.1686828 0.09075351 0.1067492 0.08122502 0.07103855 0.09535423 0.08902473 0.06839494 0.07984339 0.1103594 0.09805266 0.1069229
0.1236483 0.1770939 0.1829208 0.1896689 0.1639952 0.1551344 0.2438807 0.2005519 0.166741 0.1848593 0.1357242 0.1096139 0.1257483 0.1390405 0.1159011 0.1057989 0.1224157 0.1342525 0.1432742 0.1932565 0.1711449 0.1542572 0.1221292 0.1311003 0.1186832 0.1189081 0.1161925 0.1234408 0.1114641 0.09291117 0.1328815 0.177982 0.1682719 0.195369 0.2461382 0.1969476 0.1633584 0.1268947 0.120052 0.149358 0.1381314 0.1366345 0.1443577 0.1884284 0.109611 0.1315164 0.1760049 0.09952935 0.07571529 0.1129906 0.1033823 0.09828389 0.0819022 0.1255282 0.08413012 0.08439464
0.1629536 0.1782917 0.159842 0.3023759 0.176192 0.1914049 0.3438328 0.2233332 0.116864 0.1282776 0.1436076 0.1093694 0.1341511 0.2275944 0.159574 0.1194825 0.1005955 0.1203768 0.1587533 0.2017474 0.1945274 0.1390535 0.1295283 0.1563875 0.1294461 0.1075231 0.1127382 0.1323152 0.1282126 0.1099288 0.1018414 0.1483203 0.153345 0.2111337 0.1770394 0.1366982 0.1226209 0.1307001 0.223444 0.1858796 0.125432 0.1240741 0.1205382 0.1174698 0.1194085 0.1653989 0.1427026 0.08692884 0.08826558 0.1146364 0.09812637 0.07190057 0.08068389 0.103209 0.08965112 0.06785669
0.2242236 0.1748191 0.2059336 0.230008 0.2795569 0.240164 0.3233425 0.3267783 0.1875705 0.1932569 0.1816889 0.1000952 0.1531345 0.2526657 0.3092537 0.1272006 0.1058822 0.1115603 0.1441343 0.1995794 0.2143324 0.1508676 0.1305315 0.1549484 0.1627351 0.1584543 0.164608 0.1741634 0.1077641 0.1330598 0.09437156 0.113031 0.1161689 0.1683972 0.1836245 0.1368433 0.1446997 0.1730599 0.1690555 0.1411208 0.232191 0.2230126 0.1064799 0.09661297 0.09889992 0.1242049 0.1240974 0.08478814 0.09841879 0.115187 0.09557926 0.07457582 0.1019452 0.1136308 0.1528809 0.1317358
0.3172687 0.1681359 0.1705623 0.1605131 0.3344483 0.2886307 0.4232659 0.2930871 0.2168987 0.1837492 0.2694445 0.1164841 0.122344 0.1293046 0.15866 0.1362416 0.1118312 0.1203523 0.1383769 0.1340002 0.1653463 0.1772556 0.1639403 0.1902803 0.193472 0.1966318 0.1978436 0.1869583 0.1826198 0.1680511 0.1532676 0.1825844 0.1545326 0.1715811 0.1940187 0.1949577 0.1986898 0.1981926 0.1884789 0.1582807 0.1719199 0.1610664 0.1589703 0.1360318 0.1101968 0.08710118 0.1109558 0.1571255 0.1852458 0.1872375 0.1896692 0.1405987 0.142347 0.1526453 0.1706709 0.1751641
0.3551294 0.2561963 0.2618278 0.2274292 0.2472039 0.2995293 0.2745979 0.2171772 0.1681996 0.1974273 0.1123445 0.1062601 0.1205037 0.1192678 0.1245773 0.1097713 0.08914455 0.08978137 0.1019024 0.1237868 0.1402428 0.1881547 0.1503179 0.1873441 0.2098871 0.2042842 0.1875384 0.2165929 0.1898108 0.1789498 0.1625305 0.1680455 0.1587669 0.1777515 0.1999242 0.2312354 0.210447 0.185408 0.2078891 0.1813624 0.1736616 0.1445587 0.1450907 0.1501465 0.121456 0.1105965 0.1699791 0.2155531 0.2965077 0.2498282 0.2800874 0.192315 0.1857033 0.1967394 0.2662644 0.2754813
0.4160877 0.354638 0.3677999 0.3161588 0.2531717 0.2164067 0.228747 0.2055265 0.1610089 0.09015688 0.07877042 0.1128014 0.1234128 0.1121549 0.1193907 0.1257214 0.1129715 0.1242613 0.1484096 0.1385309 0.1611022 0.1747527 0.1964561 0.2054952 0.1869252 0.1750094 0.1649709 0.2049388 0.218566 0.1670092 0.156333 0.1495883 0.1690057 0.1799043 0.1902192 0.2141788 0.2247483 0.2401288 0.2569019 0.2253645 0.1578428 0.1378942 0.1384364 0.1134279 0.08043601 0.08604098 0.2697838 0.2176989 0.2317853 0.2294061 0.2001692 0.1542917 0.2205566 0.2322984 0.3198448 0.2458836
0.2534965 0.2330331 0.2936581 0.2618367 0.2414181 0.2414768 0.267593 0.2322299 0.1990841 0.1260429 0.16725 0.1412259 0.158514 0.1146981 0.09771182 0.1089431 0.1459281 0.2035244 0.1890541 0.1799333 0.1521113 0.1767302 0.1960459 0.1576401 0.1557544 0.1567851 0.1988954 0.1779269 0.1751697 0.1812867 0.174732 0.1636785 0.1736929 0.1788155 0.204212 0.2367284 0.2570322 0.2666214 0.2393493 0.2257688 0.1663912 0.1321017 0.1265859 0.1732522 0.161764 0.123998 0.225123 0.2114984 0.2061204 0.2464107 0.2124054 0.197918 0.2200321 0.1934695 0.2325974 0.1655141
0.3398212 0.3148097 0.3258327 0.3443715 0.3104114 0.2609353 0.2282022 0.1915539 0.224366 0.2127849 0.1870565 0.1887799 0.1927945 0.1670965 0.1678749 0.2254073 0.2098571 0.2993412 0.2933086 0.2161349 0.1970514 0.1914115 0.2337123 0.1836888 0.1595057 0.1574215 0.1622205 0.1530772 0.1778516 0.1966408 0.1881002 0.1682805 0.1733776 0.1726038 0.2102965 0.2927298 0.3046312 0.2944323 0.2801741 0.2613977 0.251935 0.3382452 0.2996337 0.1433 0.2709159 0.2741548 0.1807243 0.1312034 0.1813592 0.1614285 0.1467229 0.1309656 0.1827899 0.1971104 0.1711309 0.1142248
