contrib/geomasonDemos/riftland/DataFiles/RainData/.svn/text-base/85.txt.svn-base
ncols         56
nrows         54
xllcorner     28.264
yllcorner     -5.7719999999999
cellsize      0.25
NODATA_value  -9999
[rows 27 to 53 of 54, columns 0 to 55 of 56]
0.1449507 0.06718985 0.1020591 0.2538155 0.1680645 0.1368714 0.1337253 0.1774164 0.135783 0.088686 0.1105768 0.1005512 0.1053234 0.0538062 0.04344167 0.1762629 0.09299851 0.1955748 0.2375886 0.1790077 0.1562065 0.1146861 0.1497311 0.08944317 0.09000809 0.09547471 0.09603187 0.08086932 0.08546337 0.07343154 0.06655423 0.06024445 0.05358487 0.04493449 0.04697645 0.05700427 0.06729124 0.06086369 0.05384686 0.03816089 0.03126674 0.0613584 0.03464715 0.0100551 0.02855811 0.03177133 0.004320301 0.0006609719 0.0002684701 0.0002924159 0.0006939234 0.00538619 0.02653817 0.02863467 0.01374429 0
0.2874191 0.09281082 0.0886176 0.1843647 0.1240397 0.1781503 0.1676124 0.09915145 0.1268297 0.092207 0.1093744 0.09061298 0.0932494 0.07501674 0.0734036 0.09050367 0.1222459 0.1417263 0.133452 0.1540116 0.1741526 0.1295466 0.07244257 0.09267559 0.1035101 0.09754532 0.08779304 0.07706097 0.08458375 0.06792189 0.05088437 0.0602479 0.04629382 0.04422771 0.05477742 0.06369624 0.06799819 0.06525399 0.05929879 0.04888824 0.03714017 0.03201203 0.02533212 0.01083454 0.02806219 0.05092354 0.02700842 0.0007860193 0.0003229505 0.0002554021 0.0005343567 0.01234605 0.03270219 0.02930155 0.02414168 0
0.2866374 0.1560112 0.09898621 0.147355 0.06794076 0.0873223 0.07673329 0.0832765 0.1274313 0.1746986 0.177841 0.07751571 0.04476078 0.09016518 0.1191499 0.1481745 0.1734208 0.1510586 0.2451567 0.1632017 0.1371969 0.0884916 0.1087384 0.1138349 0.1026873 0.1127398 0.1111167 0.08863616 0.06887537 0.06598758 0.05243704 0.04701794 0.05145006 0.04386879 0.04977673 0.06320591 0.07101636 0.06966189 0.06811561 0.04980572 0.04391238 0.03434565 0.02606652 0.01112061 0.007235869 0.007733868 0.02302488 0.0007903462 0.0003241112 0.0001272661 0.0005263518 0.0003763868 0.01475582 0.02395033 0.02225307 0.0004075647
0.3096032 0.2594784 0.1693765 0.1162993 0.05992078 0.06671156 0.06671492 0.07067255 0.08300836 0.08635996 0.1094387 0.08097827 0.08944615 0.08704865 0.09220106 0.1119823 0.08198971 0.08736659 0.1362919 0.1692593 0.1256757 0.1056296 0.1532742 0.1332164 0.141897 0.1222435 0.1281429 0.09213056 0.07319547 0.05624895 0.05152043 0.0478518 0.04685288 0.04502496 0.04862634 0.06473565 0.07637033 0.06785194 0.0577318 0.04191609 0.03581161 0.0298957 0.02354841 0.01004281 0.006091252 0.003568938 0.002624322 0.0006760134 0.0002742667 0.0001119185 0.000545348 0 0 0.003311112 0.003279211 0.0007713932
0.3246069 0.2927329 0.06673493 0.1301888 0.08568782 0.06244201 0.1074198 0.1440258 0.1362001 0.127256 0.1403456 0.1449068 0.1570963 0.2275624 0.1888337 0.1805866 0.2042664 0.2024883 0.3213345 0.2284772 0.2078371 0.2251452 0.2205748 0.1044634 0.1192022 0.1105851 0.1269578 0.08694155 0.06675053 0.05496455 0.0508575 0.03787684 0.03166876 0.03208979 0.03184019 0.04630756 0.07110689 0.04860746 0.0437961 0.03586958 0.03142573 0.02597049 0.01950268 0.004848818 0.002891032 0.001634382 0.001197573 0.0001747226 6.931131e-005 2.998871e-005 0.0002085588 0.0002696397 0 0 0 0.00362267
0.2946934 0.1707262 0.07853282 0.1546185 0.07577808 0.07462475 0.1236122 0.1342404 0.1498693 0.1419944 0.156527 0.1489047 0.15616 0.2976741 0.163577 0.2061281 0.2224793 0.2889812 0.3298338 0.224655 0.1385083 0.1717461 0.1968221 0.1046904 0.09981783 0.116718 0.1130489 0.09294283 0.08293819 0.065492 0.05478077 0.03871179 0.0289231 0.0252448 0.02819105 0.03844606 0.03701415 0.03697456 0.03646014 0.03372161 0.02793917 0.02267735 0.01716848 0.004222339 0.002436176 0.001316513 0.0009626102 0.0001388994 5.323627e-005 9.134948e-006 6.515846e-006 0 0 1.982975e-005 0.0001087019 0.009890409
0.1943893 0.1224816 0.08317374 0.1149282 0.07432797 0.07151866 0.1638195 0.1433311 0.155096 0.1386619 0.1819214 0.2555277 0.1975373 0.3150353 0.2663966 0.232307 0.2804755 0.274227 0.2752499 0.2214275 0.1619187 0.1720511 0.189987 0.115733 0.1156313 0.09635363 0.1078208 0.09420893 0.07657705 0.0708115 0.05844437 0.04064837 0.04355251 0.03216112 0.02645804 0.02900453 0.02884333 0.03134178 0.03306917 0.02958153 0.02612113 0.0199003 0.01587981 0.004234738 0.002093281 0.001110699 0.0008146686 0.0001489809 4.651234e-005 0.0001201572 0.0001131894 0 0 0 0.00792117 0.01067645
0.155195 0.14012 0.06015094 0.06930511 0.08651491 0.1096556 0.1023219 0.1297918 0.1317294 0.1296697 0.1677502 0.1945577 0.2367655 0.292955 0.2637294 0.3112966 0.2669962 0.3135496 0.3227092 0.2265063 0.1538112 0.1874085 0.1488537 0.1442397 0.1570343 0.1387571 0.113424 0.08680496 0.07887781 0.05955951 0.0493965 0.04475391 0.04329513 0.03338291 0.03407922 0.03642887 0.03117826 0.02916937 0.02810672 0.02840158 0.02223321 0.01897736 0.01470368 0.0034649 0.001856379 0.001015544 0.0007522904 0.0003458794 0.0004735454 0.0002480161 0.00021947 0.0001314371 0 0.01125334 0.01893282 0.0008984123
0.3177951 0.2512861 0.1059911 0.09497067 0.1076807 0.1117511 0.09493511 0.1001825 0.1099048 0.120948 0.1159262 0.1676813 0.2018921 0.2858615 0.2529391 0.2695272 0.2986456 0.3638637 0.316338 0.2344282 0.197018 0.1486108 0.1811683 0.1876828 0.1728256 0.2302667 0.1702631 0.09321817 0.07142723 0.05468874 0.02924791 0.04013178 0.03545939 0.0375681 0.03960868 0.04660711 0.04305401 0.03189776 0.03076212 0.02340677 0.01450707 0.01475915 0.00910224 0.003496966 0.002058323 0.001166652 0.0008746836 0.002113101 0.002496284 0.00032059 6.752235e-005 0.0004860862 0.0004256137 0.005603757 0.001004701 0.0001076428
0.3633517 0.3300526 0.1392754 0.09873542 0.1423734 0.1259741 0.1227708 0.09929443 0.1084993 0.1500113 0.1763877 0.1575921 0.1718576 0.2534227 0.2725443 0.2931799 0.3046417 0.3059186 0.2468081 0.2139679 0.1866111 0.1370355 0.1992528 0.1620743 0.150729 0.1220594 0.1183609 0.09183034 0.08223298 0.03920445 0.03031348 0.04697917 0.04407813 0.04407601 0.03215132 0.03116612 0.03331578 0.0264477 0.02036632 0.01884405 0.01155687 0.01045432 0.00709752 0.005628136 0.001743893 0.001045133 0.0007962936 0.002747449 0.001895958 0.0004817469 8.604568e-005 0.02178231 0.006442537 0.003724821 6.469173e-005 0
0.3764461 0.3320146 0.1736234 0.08979841 0.1106981 0.09375807 0.09488916 0.08664162 0.09434574 0.1375354 0.1891698 0.1549152 0.2134604 0.2260773 0.2580034 0.3054546 0.2588913 0.2434041 0.2068931 0.177102 0.1951669 0.1469433 0.1688458 0.1243328 0.1194239 0.1145097 0.1063381 0.08325446 0.07802042 0.04869858 0.04179578 0.04596102 0.05717218 0.04004939 0.03726685 0.02801587 0.02650123 0.02570667 0.02462552 0.01917414 0.009510616 0.008192755 0.00662885 0.002835514 0.001930094 0.001316703 0.001023832 0.0009839182 0.002096772 0.0002031794 0.000146521 0.01161675 0.007904304 6.92867e-007 0.0001388458 0
0.4635306 0.3772055 0.1199763 0.1223876 0.1579511 0.1159511 0.1000792 0.09323563 0.0917799 0.1151042 0.1410569 0.1640293 0.2448151 0.2341323 0.2414631 0.2953057 0.3173339 0.2276693 0.1700543 0.1850182 0.1989504 0.1523057 0.1686972 0.1542386 0.1511829 0.1568034 0.1293076 0.08218456 0.06203022 0.05055328 0.04694058 0.05802479 0.06549732 0.06343308 0.0353869 0.02513671 0.02522098 0.02391388 0.0210104 0.0127103 0.009980314 0.008801262 0.007441231 0.003361207 0.002577589 0.001972942 0.001552334 0.001037801 0.0009784271 0.0003456053 0.002799619 0.004513352 0.0002659736 6.894518e-007 6.889639e-007 0
0.4246245 0.3014149 0.2229635 0.1211757 0.1840472 0.112353 0.08575373 0.1271988 0.1370189 0.1362047 0.2018186 0.1763988 0.2420064 0.19648 0.2003405 0.2418974 0.2784426 0.2687795 0.1588009 0.1520155 0.1288618 0.1222237 0.1262344 0.1598912 0.228701 0.2498196 0.167502 0.08148871 0.08118702 0.06646636 0.05142029 0.05846872 0.06080007 0.03232768 0.04009484 0.02598723 0.02091234 0.02073704 0.02179437 0.0211084 0.0121725 0.01007206 0.008825775 0.007378092 0.006397326 0.005261286 0.003879636 0.001766245 0.04750413 0.118251 0.01611809 9.427745e-006 3.252391e-006 1.643791e-007 1.646677e-007 0
0.3632443 0.2870673 0.1746621 0.1532526 0.178186 0.163969 0.09507175 0.133557 0.1503729 0.1595896 0.1401074 0.1617968 0.2695501 0.2144476 0.168516 0.2374839 0.211534 0.1772462 0.1418662 0.1551934 0.14113 0.1402352 0.1786591 0.2148899 0.2764055 0.2457734 0.1357151 0.07674918 0.07440197 0.05584643 0.04783852 0.04883694 0.04007332 0.03398345 0.03678786 0.02599437 0.03187683 0.03940039 0.02588714 0.02956709 0.02116529 0.01361077 0.01200928 0.008773012 0.007656596 0.006859279 0.005266633 0.03688065 0.0773562 0.03778771 0.0006481398 1.214373e-005 4.152379e-006 1.633691e-007 1.639115e-007 0
0.3118812 0.2466429 0.2254131 0.2221224 0.2161405 0.1462833 0.1210562 0.1334811 0.1254087 0.1224208 0.1295015 0.1699635 0.2175674 0.2013116 0.1626631 0.2212039 0.2366553 0.2040746 0.1966394 0.1978046 0.180746 0.2215709 0.2013907 0.178134 0.181898 0.1387868 0.1051194 0.06737937 0.05493655 0.04036641 0.03670488 0.06079442 0.0406195 0.04239661 0.04106182 0.02726404 0.02449271 0.02485488 0.03951851 0.04469869 0.0251173 0.01559308 0.01598113 0.01193576 0.009662209 0.008508459 0.006945795 0.08604125 0.002267681 0.001348993 0.0009789339 2.088886e-005 1.11571e-005 1.627269e-007 1.63109e-007 0
0.3350768 0.2717819 0.2935228 0.2758974 0.2857223 0.174668 0.1289451 0.1583816 0.1663126 0.1441229 0.1266767 0.1873768 0.2345333 0.1971064 0.1685815 0.2235207 0.238191 0.2211321 0.220211 0.2080206 0.2192245 0.2188876 0.1862635 0.152361 0.1654087 0.1345944 0.1100286 0.06694047 0.05038077 0.06609068 0.05869601 0.04678686 0.03636521 0.03459789 0.03475761 0.03700784 0.04987716 0.05070587 0.06116339 0.08506196 0.0427443 0.02035111 0.01642928 0.01927346 0.02079597 0.01454478 0.07485445 0.04682708 0.004032513 0.002247628 0.001558856 3.556232e-005 2.424291e-005 0.0001974743 0.0005788445 0.001854839
0.2899382 0.3346033 0.252794 0.3822163 0.3741221 0.2597757 0.2169281 0.174812 0.1914433 0.1985777 0.1484199 0.157263 0.1430037 0.1417755 0.1272807 0.1405885 0.1518132 0.1775372 0.2040548 0.1767347 0.1734139 0.1716236 0.1340106 0.1001336 0.114759 0.1152149 0.07806228 0.0742403 0.08699334 0.0653307 0.03743318 0.02920794 0.03026978 0.04764413 0.0696207 0.06237037 0.142581 0.08461518 0.06213677 0.05615377 0.0539532 0.0267037 0.02096213 0.0275073 0.02826505 0.0504737 0.0754678 0.01056365 0.005570984 0.005384937 0.004343027 0 0 0 0 0
0.3415878 0.3096207 0.2703204 0.3847829 0.3371851 0.2176447 0.2577229 0.2746836 0.2934233 0.2137012 0.2101348 0.1895142 0.2015338 0.197669 0.1602693 0.1691364 0.1478929 0.181662 0.1899015 0.1558718 0.154028 0.1803437 0.1341534 0.1276127 0.1629788 0.09269851 0.07882943 0.0515292 0.05614889 0.02872375 0.07967243 0.0464271 0.06051107 0.07000442 0.04787459 0.05218688 0.06080851 0.05730098 0.05434597 0.06760838 0.06003468 0.03372854 0.0258617 0.0344283 0.03428284 0.08032341 0.06365412 0.01191515 0.009182221 0.0114934 0.01000856 0.009556451 0.006088709 0 0.004032258 0
0.3955986 0.3064391 0.306624 0.3029189 0.2818416 0.2541708 0.2360895 0.2695791 0.3265638 0.2943395 0.2485534 0.2067684 0.1843737 0.2389852 0.2003022 0.1198435 0.1543294 0.1575271 0.1422728 0.1311785 0.1331213 0.1570001 0.1164964 0.115458 0.1116947 0.09105369 0.0575195 0.04521369 0.06277958 0.07174784 0.07878436 0.04498211 0.05213041 0.05767014 0.04655332 0.05750383 0.06022798 0.08603385 0.1155915 0.09891638 0.0861996 0.04928256 0.03125288 0.0395404 0.04237171 0.1367217 0.04426546 0.01938209 0.01224541 0.01737402 0.01892661 0.01544355 0.009233871 0.002580645 0.002580645 0
0.4794697 0.338667 0.4213547 0.3220009 0.2634517 0.2776287 0.241548 0.3122089 0.3209341 0.3178821 0.3096404 0.3087215 0.2048852 0.2052424 0.1978657 0.2135899 0.2191593 0.1998978 0.1330344 0.1060979 0.1211539 0.1562722 0.1761188 0.1332248 0.1404055 0.1139287 0.1014748 0.07826162 0.0953894 0.05525158 0.02986898 0.05205874 0.06069708 0.05578347 0.04892788 0.06343286 0.07980188 0.107027 0.1216244 0.09667398 0.05619403 0.04828578 0.0413591 0.05821022 0.05597067 0.1171147 0.04362034 0.03417119 0.01799699 0.0127618 0.0141871 0.01318548 0.007298387 0.005201613 0.003991935 0
0.3413948 0.351124 0.3439195 0.2345031 0.3021222 0.2954384 0.268843 0.3111827 0.327365 0.3619349 0.3757768 0.3309324 0.2705972 0.2301919 0.2180472 0.3024598 0.2497831 0.2302124 0.2016598 0.2009532 0.1735875 0.1623715 0.1376274 0.1775145 0.1375056 0.1546645 0.1417814 0.09749042 0.07569051 0.04817683 0.07260496 0.05646294 0.06223972 0.08295498 0.0642074 0.0579652 0.07021974 0.08101548 0.114778 0.1069456 0.1035106 0.0552801 0.07491452 0.1219928 0.1657421 0.08558486 0.0493002 0.02221774 0.01104839 0.01504032 0.01004032 0.005846774 0 0 0 0
0.2976922 0.2875024 0.2612765 0.2021899 0.2243143 0.2554504 0.3072224 0.374309 0.3362013 0.3701201 0.3807636 0.3110932 0.2980747 0.3053429 0.3055214 0.3724188 0.2709303 0.218381 0.1959718 0.2680728 0.2203736 0.2173889 0.1700467 0.2247154 0.1459453 0.1754369 0.1125033 0.1108978 0.06764347 0.09383386 0.06863919 0.04151766 0.05109288 0.05615241 0.06455825 0.07267017 0.06010455 0.08134871 0.117733 0.1152159 0.1043283 0.1299114 0.1043019 0.166722 0.1603875 0.06408706 0.09093386 0.03564516 0.03024193 0.008588709 0.005564515 0.01278226 0 0.003709677 0 0
0.2780156 0.2606416 0.3055071 0.2694787 0.3057924 0.2840746 0.4163381 0.4415446 0.3738655 0.3715264 0.278087 0.2849213 0.3020301 0.3167225 0.3080565 0.3721201 0.3173544 0.278638 0.1952878 0.2012187 0.2421308 0.250905 0.2034435 0.2178954 0.1205986 0.1063039 0.1018046 0.09526696 0.1047283 0.1045126 0.07283478 0.060711 0.06990458 0.0616647 0.0630689 0.07064381 0.06872614 0.08503419 0.1071288 0.1346996 0.1366691 0.1255278 0.1023252 0.1842627 0.1068011 0.1093964 0.1028134 0.06774193 0.07024193 0.06479838 0.04939516 0.03266129 0.0002016129 0.006491935 0.0008064515 0
0.3419298 0.328832 0.4197457 0.4431537 0.2887828 0.3665392 0.4113885 0.4270057 0.3395654 0.3053147 0.2343157 0.3165698 0.2883317 0.2124897 0.2377316 0.2674825 0.2666714 0.2455562 0.2806998 0.2727987 0.2128749 0.2401722 0.1899733 0.1653373 0.180783 0.1406136 0.1315065 0.1038179 0.118526 0.08090602 0.09320438 0.07202984 0.08077967 0.07847304 0.1003924 0.09415429 0.08754682 0.09664629 0.09869205 0.1241267 0.1470111 0.1432465 0.1792716 0.1964986 0.1365694 0.1135176 0.1019334 0.04625 0.06491936 0.06927419 0.06104839 0.04778226 0 0 0.0002419355 0
0.4671988 0.3937266 0.4567649 0.3587548 0.2385401 0.2390384 0.3504036 0.3810778 0.3358008 0.2917068 0.2436916 0.2919978 0.2321611 0.2255031 0.1768854 0.2232622 0.2220269 0.2626629 0.3016828 0.2557437 0.2151344 0.1925974 0.2216464 0.1672172 0.1898406 0.1558059 0.1675714 0.1036752 0.09435258 0.06851587 0.07354407 0.0915895 0.0835902 0.07488862 0.07584177 0.1164292 0.1158254 0.07720677 0.08260049 0.1463539 0.162669 0.1408689 0.1518941 0.1814705 0.1117869 0.08712414 0.06155403 0.03072581 0.02338709 0.0228629 0.01979839 0.002096774 0 0 0 0.0001612903
0.4067679 0.328007 0.378052 0.3190667 0.2368483 0.3115382 0.3212646 0.424452 0.3971337 0.3328521 0.2623109 0.2965927 0.3159042 0.2764452 0.2267545 0.2344747 0.2062962 0.2323372 0.2953145 0.2685851 0.2480564 0.1848481 0.1854136 0.1392207 0.1923535 0.1776351 0.164308 0.1153652 0.070197 0.1101568 0.08174621 0.1030903 0.09309839 0.08200666 0.06822554 0.09272896 0.1075159 0.07411095 0.07064218 0.1160687 0.1740885 0.1394052 0.1355783 0.07733581 0.06734723 0.08502855 0.06278757 0.0558871 0.0158871 0.0008467741 0.002177419 0 0 0 0.003225806 0.001935484
0.4235571 0.3417483 0.3550409 0.4209025 0.3862469 0.230816 0.2966229 0.4503264 0.399589 0.3657072 0.3069773 0.272307 0.262969 0.230922 0.2944552 0.3328806 0.3044784 0.262543 0.2383639 0.2260543 0.2580218 0.2135279 0.1926069 0.1399615 0.1779094 0.1734031 0.1701069 0.1098207 0.07068273 0.07923982 0.1151306 0.1431147 0.1044827 0.08091236 0.08913515 0.1097761 0.1467577 0.08389298 0.05459076 0.09469873 0.1008882 0.1411541 0.09960507 0.06658228 0.07101734 0.0707901 0.06816754 0.05032258 0.02806452 0.004677419 0 0.0003225806 0.0003225806 0.001209677 0.01008064 0.009879032
