contrib/geomasonDemos/riftland/DataFiles/RainData/.svn/text-base/85.txt.svn-base
ncols         56
nrows         54
xllcorner     28.264
yllcorner     -5.7719999999999
cellsize      0.25
NODATA_value  -9999
[rows 0 to 26 of 54, columns 0 to 55 of 56]
0 0 0.0003514925 0 0.0008331219 0.0001031696 0 2.483777e-007 3.477089e-007 1.268617e-006 4.669249e-005 0.0002460086 0.0007313012 2.544993e-005 4.833203e-005 0.0001028119 0.0001339715 0.0001881309 0.0002630042 0.0003998454 0.0004775712 0.0006646964 0.0005917759 0.006860364 0.007534578 0.01446963 0.01473987 0.01752075 0.03940206 0.05236386 0.06094282 0.1629864 0.1587056 0.05539789 0.06470952 0.06473287 0.06979552 0.05453176 0.06580991 0.05782109 0.07079684 0.1560478 0.1090709 0.0311056 0.04436257 0.07130787 0.047278 0.04620825 0.02510623 0.01779199 0.01390891 0.0004368435 0.0003158232 0.0002316617 0.000191397 0.0001428866
0 0 0 1.806596e-005 1.880181e-005 8.047077e-005 0 3.458966e-005 3.912206e-005 0.0009816258 3.872721e-006 1.133331e-005 1.533019e-005 3.07449e-005 5.693793e-005 0.0001196253 0.0001549306 0.0002616123 0.001734061 0.0004308642 0.000510047 0.0005749712 0.001827426 0.006820271 0.008975354 0.01182979 0.01513561 0.02022916 0.03824622 0.03578377 0.04631298 0.2006507 0.1877232 0.06550582 0.06064384 0.05486524 0.0421662 0.04004352 0.0682776 0.05722816 0.1144324 0.1006056 0.04803738 0.04036987 0.05407639 0.06820221 0.07659523 0.06512369 0.02986776 0.01813685 0.01090649 0.00239182 0.0003062305 0.0002227884 0.0001837972 0.0001360215
0 1.435859e-005 0 4.364928e-005 8.974534e-005 9.476042e-005 0 7.10396e-007 9.688092e-007 0.0009613997 0.0007172966 1.424605e-005 1.906801e-005 3.708559e-005 6.736219e-005 0.0001396527 0.0001807328 0.0006148181 0.001820011 0.0004617867 0.001417188 0.008207892 0.002656543 0.007214583 0.008746888 0.01355419 0.01436997 0.01811843 0.02409904 0.03737339 0.0328969 0.1114723 0.1239241 0.05516142 0.05818166 0.08174624 0.09320293 0.08183942 0.08021687 0.06873955 0.1394562 0.1103552 0.07405511 0.06805721 0.07413287 0.0540972 0.0540682 0.03959319 0.03110144 0.01623714 0.005504436 0.00283332 0.0002751282 0.0001986048 0.0001629227 0.0001199382
0 0 0 8.809129e-007 1.23326e-006 4.02181e-006 9.206709e-006 1.36879e-006 0.0006111322 0.0004656277 8.353783e-006 0.04230871 0.002655863 3.260334e-005 5.824395e-005 0.0001178263 0.0001512101 0.0001953832 0.0002507182 0.002369935 0.005296109 0.008213386 0.002516752 0.002513082 0.005171844 0.009050368 0.01529787 0.05334707 0.03011872 0.04824194 0.04324403 0.02473426 0.04487976 0.06393182 0.09104881 0.1166539 0.1394731 0.05481838 0.08588324 0.06771623 0.1012841 0.08538326 0.0776249 0.06993011 0.0569556 0.04594001 0.0936593 0.0286369 0.02417797 0.01317106 0.002223634 0.0004654002 0.0003246683 0.000229776 0.0001873856 9.367728e-005
0 0 0 1.23326e-006 1.723802e-006 5.284524e-006 1.188572e-005 0.0004171281 0.0008004156 0.0003261392 9.906132e-006 0.002490627 0.005157163 0.005087711 0.005297058 0.002837228 0.001304363 0.001758046 0.0002719654 0.002608348 0.01758917 0.03041868 0.001795287 0.0007770486 0.001855953 0.003415808 0.01572401 0.02609783 0.03222662 0.03645769 0.03451579 0.02622853 0.03032742 0.09986129 0.1074498 0.1117771 0.1230853 0.05387117 0.09451907 0.08730746 0.09841591 0.06879157 0.06814629 0.1032364 0.0492206 0.03521692 0.02303257 0.02611547 0.01774899 0.01211358 0.001200556 0.0008351135 0.001052224 0.0001943557 0.0001580963 7.840234e-005
0 0 0 1.411663e-006 1.966933e-006 5.781179e-006 1.281015e-005 1.888581e-006 0.0004986041 0.0001439487 0.0006730573 0.00304041 0.07235807 0.00319262 7.421567e-005 0.001030135 0.002947901 0.005638208 0.002758711 0.001993664 0.06883842 0.009561429 0.0008957777 0.000807898 0.02405283 0.02211509 0.0213109 0.02047196 0.01883324 0.02596811 0.02458761 0.03011823 0.03639195 0.0915719 0.1162058 0.1304155 0.1605986 0.1351596 0.1121671 0.09266464 0.07580782 0.08757823 0.06564458 0.05069612 0.03572406 0.03006763 0.008058668 0.01048925 0.005982998 0.00754645 0.007901195 0.002062616 0.0002329353 0.0001580064 0.0001280478 6.336031e-005
2.871566e-005 0 0 1.40943e-006 1.970039e-006 5.499145e-006 1.198479e-005 0.003376017 2.364339e-006 0.0006187171 0.0008120389 0.002608428 0.003051541 0.006609705 0.002171083 0.0009471559 0.00386454 0.008119176 0.005207338 0.003200192 0.1532378 0.003306175 0.003816251 0.00583487 0.01989282 0.02727264 0.02973686 0.02226087 0.02538272 0.04196878 0.04273988 0.07490253 0.08049516 0.1960157 0.06679247 0.08597819 0.08834998 0.05962726 0.0694277 0.06026438 0.08043811 0.08700383 0.06099463 0.04143326 0.03737156 0.01533181 0.002087751 0.006288371 0.008799531 0.008302322 0.006595407 0.00628602 0.0001803185 0.001528719 9.830776e-005 4.890328e-005
0.001145868 0 0 2.433028e-009 3.406233e-009 9.028726e-009 1.932763e-008 1.568798e-007 0.0001587606 0.001267285 0.00207929 0.002893512 0.002819131 0.08277734 0.08451412 0.09252068 0.1936856 0.08554923 0.1351646 0.0009956637 0.01328647 0.0007748699 0.001047603 0.0008127803 0.007991801 0.02856079 0.01452957 0.02695187 0.03111308 0.02101005 0.05285282 0.04393169 0.1175261 0.1835353 0.07236477 0.08146355 0.03195621 0.1111328 0.1225838 0.04766325 0.06428777 0.06166337 0.06388689 0.03568095 0.02691495 0.01230555 0.007622152 0.0002289661 0.001804463 0.0001410184 0.0001144207 0.0005202119 0.0004359905 1.57271e-005 1.279954e-005 1.458082e-005
0.001617114 0 0.0003287644 0.001321644 0.001252668 0.001363927 0.001048481 0.001367331 0.002056196 0.003391687 0.004211823 0.005024597 0.005443354 0.1075444 0.1011939 0.1875823 0.1236386 0.09944405 0.1972113 0.1849332 0.008578007 0.03013675 0.01809296 0.001690759 0.009841735 0.01563731 0.01705045 0.04423624 0.05144776 0.02004815 0.0496022 0.05357585 0.1578508 0.1913927 0.1046822 0.1346833 0.09520108 0.06500755 0.0462318 0.03819343 0.07367907 0.08801642 0.06537344 0.08906446 0.05462102 0.01280116 0.007285209 0.005221267 0.004480081 7.833539e-005 6.279069e-005 1.974301e-005 1.260805e-005 8.257938e-006 0.007201472 8.076038e-006
0.004067701 0.004577945 0.00568889 0.006645835 0.006658614 0.00686477 0.006514218 0.006631701 0.007209292 0.008332318 0.009003745 0.01187902 0.01005914 0.02165955 0.009484337 0.02192374 0.00654524 0.004557656 0.01915514 0.02583723 0.002241001 0.02471987 0.2189875 0.007274631 0.01649719 0.01851272 0.02781667 0.03581095 0.03882667 0.01109537 0.02152644 0.1044486 0.1142541 0.1057465 0.1384216 0.06999425 0.07112199 0.1007358 0.04957418 0.03643077 0.05594296 0.07765178 0.06501207 0.03101666 0.03022975 0.01330517 0.005645927 0.003953666 0.005559464 0.0002176796 3.107187e-005 9.698144e-006 6.020744e-006 3.909724e-006 3.371448e-006 0.006354128
0.008662624 0.009139588 0.0103082 0.01128447 0.01121858 0.01163794 0.01150845 0.01146254 0.01184869 0.01272363 0.01311765 0.01811179 0.01640526 0.01349772 0.01296207 0.01122633 0.009526046 0.00650795 0.0002491442 0.005333656 0.006167317 0.02448965 0.02934147 0.03576445 0.05211498 0.09634838 0.1578761 0.01757458 0.0110089 0.01159705 0.02708094 0.04531627 0.04953504 0.04890497 0.03112516 0.02002715 0.03234559 0.03981224 0.04372246 0.05465828 0.04160186 0.02793524 0.007171117 0.006611311 0.006621164 0.0002890219 0.0002322738 7.312727e-005 0.001054152 0.005630511 2.266873e-005 7.021571e-006 4.338179e-006 2.819903e-006 2.439986e-006 3.045109e-006
0.01287255 0.01455649 0.03258291 0.03978346 0.01534787 0.01572081 0.0155555 0.01529357 0.01551524 0.01606677 0.01694868 0.01768115 0.01608859 0.01611872 0.015403 0.01347149 0.01208948 0.008067582 0.0009206799 0.008608306 0.004124919 0.003774223 0.009764913 0.02788236 0.1303448 0.06683848 0.1118443 0.01687651 0.03016036 0.01862994 0.04927827 0.01866301 0.03283153 0.04111432 0.02131638 0.06704934 0.05394543 0.04322942 0.03143661 0.02390737 0.01897693 0.01827923 0.00575986 0.0001413732 0.0001049609 0.005400498 6.157391e-005 0.0001380306 8.399905e-005 5.149412e-005 4.043052e-005 2.318039e-005 1.429361e-005 9.231477e-006 8.00033e-006 1.630321e-005
0.01510979 0.01549324 0.02036252 0.02109175 0.01874008 0.01715667 0.01675791 0.01610673 0.01605236 0.01659875 0.01715236 0.01736457 0.01593822 0.01636743 0.01509634 0.01302544 0.01200417 0.007471553 0.001250464 0.003433981 0.006930733 0.01947043 0.01025051 0.02809696 0.006408783 0.003194703 0.1592984 0.01541094 0.03700807 0.03658205 0.05128947 0.03513897 0.07455217 0.03741273 0.02306482 0.09703209 0.06604973 0.07638802 0.05417108 0.0192526 0.01008945 0.01099454 0.006174553 0.004687429 0.0001020546 0.002107087 2.546178e-005 5.576056e-005 0.0007285984 1.903202e-005 3.70091e-005 8.540414e-006 5.214532e-006 3.35367e-006 2.94977e-006 6.120843e-006
0.01665639 0.01706939 0.01828545 0.01883534 0.01808779 0.01789347 0.01714099 0.01658161 0.01583677 0.01629002 0.01625724 0.01619096 0.01535006 0.01531837 0.01840864 0.01252981 0.01090313 0.007079642 0.006871625 0.004155029 0.009261229 0.009825694 0.006071954 0.01971713 0.00569735 0.007478714 0.1123419 0.01334892 0.01419541 0.04968796 0.03765547 0.02116508 0.08999401 0.01958071 0.02368907 0.04321763 0.04093106 0.04101879 0.02344345 0.01995881 0.02683144 0.0260274 0.02120489 0.01180058 0.0005379108 0.0009743489 3.229895e-005 1.370959e-005 0.00107951 0.00064035 0.0006322098 1.210958e-006 6.799645e-007 4.09023e-007 3.987826e-007 9.321673e-007
0.01774173 0.01825 0.01960842 0.02331792 0.02664498 0.01884769 0.02335883 0.01716518 0.01644764 0.016445 0.01653526 0.0173609 0.0157427 0.01552194 0.0146684 0.01404611 0.01126507 0.01177005 0.06431836 0.01502338 0.02494823 0.06450819 0.05501952 0.03517025 0.03577599 0.009810428 0.002091308 0.00436008 0.008167461 0.048413 0.01704509 0.04225894 0.1198896 0.01932967 0.03576208 0.004496499 0.01430092 0.01291972 0.01202751 0.01288967 0.04665164 0.03396921 0.03214367 0.01196443 0.005196894 0.005801888 6.064058e-006 1.250831e-005 0.00014225 0.0006604023 0.00348383 1.251793e-006 6.940154e-007 3.970323e-007 3.589734e-007 7.751759e-007
0.01915115 0.01970628 0.02103819 0.02787068 0.03540699 0.02017501 0.01817089 0.01719382 0.01641882 0.01628117 0.01587919 0.01567161 0.01608306 0.01433192 0.01395235 0.0135148 0.01242325 0.02639692 0.08558846 0.01384569 0.01760333 0.03472173 0.04031596 0.01307818 0.01836007 0.01218453 0.002982631 0.01132301 0.01039415 0.1012987 0.01533575 0.03599669 0.2059572 0.04545049 0.05479596 0.0194376 0.01326928 0.03844739 0.04693835 0.02854479 0.009370345 0.005818084 0.01642848 0.009655013 0.01175883 0.005994196 0.001593159 7.673501e-005 0.0001741027 2.111107e-005 1.615143e-005 1.064233e-005 5.821125e-006 0.0003897515 0.0001122916 0
0.02074869 0.02143513 0.02294523 0.02985528 0.02383168 0.02119406 0.01942944 0.01783341 0.01731176 0.01634264 0.01556325 0.01924796 0.0259779 0.02493977 0.03264837 0.01317852 0.01244313 0.009615309 0.01531131 0.009215797 0.0187496 0.02155466 0.01361158 0.01568807 0.01031501 0.01405891 0.009751851 0.01034505 0.002911469 0.07657623 0.02654252 0.05197359 0.2106105 0.02117005 0.02969943 0.01203081 0.01104616 0.01817357 0.006024585 0.01341956 0.002510922 0.0003688771 0.005015044 3.788506e-005 0.005281184 0.005981142 0.005016572 0.003376146 3.930242e-005 0.002185257 0.003376763 1.098051e-005 5.937329e-006 3.054806e-006 0.001941565 0.0009747039
0.02984192 0.03219348 0.02315732 0.02363502 0.02478002 0.02009334 0.01758955 0.01522359 0.01331962 0.01309907 0.01450434 0.01344103 0.01177406 0.01257973 0.02046475 0.01821099 0.01543969 0.0170527 0.02554072 0.02047865 0.01312214 0.03291205 0.02006058 0.01652209 0.01665203 0.01745131 0.008483832 0.004222848 0.002408056 0.09841105 0.04094 0.04128321 0.1938608 0.1086917 0.001991857 0.005346614 0.01034819 0.01825577 0.04025967 0.01392093 0.005192212 0.01242535 0.004938327 0.0004320233 0.006183668 0.0005915619 1.376981e-005 0.004857303 0.002546012 0.004228564 0.002115636 0.001719338 0.0008107407 0.000366292 0.005405805 0.00185058
0.0347944 0.02837838 0.02354597 0.02563107 0.02012152 0.01661963 0.01387753 0.01134224 0.009642572 0.008524619 0.01357581 0.01159118 0.03815845 0.00706119 0.01508859 0.02249718 0.01621568 0.01156621 0.02459066 0.03300478 0.03281777 0.03672609 0.02068701 0.01670946 0.01110555 0.01176909 0.009310047 0.006569776 0.003881234 0.004188307 0.1170413 0.01629469 0.1084142 0.1335978 0.01340328 0.0093201 0.005700009 0.01270828 0.02763267 0.01033776 0.0102798 0.01118742 0.002361179 0.002244609 0.0004097993 1.948761e-005 1.4762e-005 0.001614122 0.02194992 0.001153207 1.31399e-005 0.007128959 0.007507911 0.003134693 0.0001447719 0.0004120299
0.03389744 0.03759241 0.03507601 0.03070529 0.03019888 0.04118842 0.04507912 0.008702667 0.03887245 0.02439391 0.009349098 0.03563832 0.07680349 0.00410364 0.01229173 0.01988656 0.03178284 0.03358117 0.03683379 0.04412843 0.0639457 0.06540181 0.03567903 0.04269988 0.03718606 0.0262914 0.02027337 0.01922971 0.01759297 0.01487511 0.01894294 0.03482545 0.02571747 0.02333816 0.04088535 0.01403365 0.0009603846 0.0004767749 0.008350204 0.002516867 0.005374801 0.008251916 0.0002735952 0.0003746326 0.0008969781 0.0001079652 8.061638e-005 0.0002509968 0.001030198 8.801041e-005 0.0001538695 0.0002313046 0.002259938 0.01033557 0.0006899495 0.0001578863
0.05926927 0.05178794 0.03977588 0.02960235 0.02872362 0.1084241 0.1179152 0.05691395 0.02025838 0.002272828 0.01455983 0.02185745 0.00491037 0.007034386 0.0168823 0.0374234 0.03312939 0.02496825 0.05134457 0.04483607 0.05447637 0.06119145 0.05839883 0.05027885 0.03711877 0.0312833 0.02015607 0.01940131 0.01712986 0.01520877 0.01279503 0.03103876 0.03191213 0.04308475 0.06838701 0.008788855 0.005323493 0.0005768475 0.0005161585 0.000509959 0.0004460943 0.0003793253 0.004541568 0.007015274 0.01171098 0.01143709 0.02324569 0.0007883399 0.0002289951 0.000411203 0.0004202659 0.001600758 0.001254306 0.02502764 0.001027827 0.0008875674
0.1495666 0.07673725 0.07088605 0.03693169 0.03450039 0.08994607 0.116695 0.05043456 0.0400324 0.006318624 0.021659 0.05972501 0.08514559 0.03084217 0.0310217 0.06989679 0.0354607 0.02281831 0.01199803 0.05499473 0.05396919 0.06800702 0.06648559 0.05842556 0.04656107 0.03182874 0.01945199 0.0255646 0.02160721 0.01596745 0.01379187 0.02372307 0.01886962 0.06067697 0.03476788 0.01288824 0.001669367 0.001304541 0.003277086 0.001126087 0.0009882818 0.0008530391 0.0006699696 0.00142568 0.004713524 0.007997789 0.06423997 0.01324312 0.0006708427 0.0004232826 0.000430822 0.001373866 0.001041453 0.001534109 0.004008244 0.001570165
0.04881551 0.06391629 0.05944838 0.09975545 0.07063471 0.101968 0.1462737 0.0838699 0.02636565 0.02346809 0.05080526 0.03050367 0.08289279 0.06824733 0.06515449 0.06485584 0.02026656 0.02493197 0.01497953 0.07801435 0.1632163 0.1222579 0.07845698 0.05179253 0.04367658 0.0420037 0.0256081 0.02381721 0.0233227 0.03110614 0.02100839 0.01483539 0.01849975 0.0325706 0.03945078 0.004537344 0.002807135 0.002477562 0.004135158 0.002234175 0.1030525 0.103257 0.001349733 0.0009228375 0.0006350116 0.0004856458 0.007305483 0.003615354 0.0003426691 0.0003400867 0.0002323287 0.0006537856 0.001313459 0.0004319168 0.0009586436 0.001012703
0.03687373 0.09054833 0.09931218 0.04078169 0.06122777 0.08327384 0.1533001 0.1494109 0.06650159 0.1256155 0.0436392 0.05952074 0.09453998 0.06572844 0.06167431 0.05452877 0.04422452 0.07345456 0.0984232 0.06235868 0.09633411 0.142997 0.06450657 0.08926699 0.05489424 0.04146139 0.04282831 0.04374242 0.04707718 0.05575784 0.04368085 0.03990484 0.03696438 0.02986199 0.02688672 0.0187057 0.0118908 0.01084837 0.01374004 0.008535258 0.01035708 0.01006293 0.005184792 0.002503569 0.002361827 0.001905574 0.001153861 0.0006578025 0.0008208612 0.001933323 0.002575313 0.002074318 0.0009142043 0.00163736 0.0009525305 6.800637e-005
0.0134033 0.07001816 0.1116272 0.05326993 0.1014751 0.1133568 0.1312478 0.1875276 0.1346511 0.03157698 0.04473645 0.06916557 0.1161161 0.02241737 0.02645493 0.05647373 0.05421522 0.04560402 0.08154557 0.07825989 0.115227 0.1687993 0.08928463 0.09601645 0.08889712 0.05171408 0.04841235 0.05271072 0.05662812 0.06415553 0.06132442 0.04762905 0.04077008 0.03683896 0.02868775 0.03640494 0.0216333 0.01427387 0.01748169 0.01159091 0.01029601 0.008606135 0.007134483 0.003330481 0.002695786 0.001632783 0.0007488745 0.0006245342 0.0007990476 0.001680708 0.0003839619 0.0006479747 0.001137123 0.0001835512 0 0
0.0491393 0.02943855 0.04889139 0.09697045 0.08980425 0.07645894 0.05067422 0.1749117 0.06550157 0.04518473 0.1288928 0.1785989 0.05990367 0.02478265 0.0265567 0.1367614 0.06403559 0.07445547 0.03119343 0.08018988 0.1015052 0.139293 0.109272 0.09886638 0.08614147 0.1100238 0.06444407 0.06251597 0.08158945 0.07226793 0.05638754 0.04451483 0.04885818 0.0462206 0.03841473 0.04580312 0.04329974 0.02695618 0.01681552 0.01507605 0.01378124 0.0114527 0.009296463 0.0038498 0.002413136 0.001991395 0.02261524 0.008887324 0.0006180657 0.001153399 0.0006895671 0.001015456 0 0.009233066 0.02313748 0
0.114319 0.1048101 0.0492056 0.100237 0.1197951 0.1152037 0.09719072 0.128562 0.06818837 0.0616005 0.349768 0.1868961 0.1152416 0.05128621 0.02753193 0.088573 0.1327134 0.1962603 0.2531926 0.1389905 0.132263 0.1757084 0.1086747 0.07538743 0.08534653 0.09530523 0.1498898 0.1073006 0.08978456 0.08899327 0.08001789 0.05730789 0.05561987 0.04932594 0.04328148 0.04103691 0.05296597 0.03608776 0.02161369 0.01879326 0.0169074 0.01457789 0.01171602 0.01264304 0.01163161 0.001809889 0.009358278 0.009346773 0.0005787376 0.0002484007 0.0004324681 0.02724458 0.02298695 0.003449978 0.0177337 0
