contrib/geomasonDemos/riftland/DataFiles/RainData/.svn/text-base/88.txt.svn-base
ncols         56
nrows         54
xllcorner     28.264
yllcorner     -5.7719999999999
cellsize      0.25
NODATA_value  -9999
[rows 0 to 27 of 54, columns 0 to 55 of 56]
0.006639983 0.0055502 0.006908349 0.01064318 0.01535288 0.01860741 0.01343178 0.01309305 0.007837735 0.005097082 0.01471667 0.0125235 0.01011071 0.009771995 0.01221687 0.009518927 0.007280315 0.007630411 0.0103817 0.02629671 0.0253905 0.01757117 0.03203708 0.05672639 0.0420788 0.07935553 0.100316 0.1681284 0.1368447 0.2140324 0.1633928 0.1485594 0.1594712 0.1424684 0.1856868 0.1552985 0.1886046 0.1930942 0.3043527 0.1568542 0.1447589 0.1850321 0.1756047 0.1841573 0.2801886 0.1820837 0.2277923 0.4095641 0.33768 0.2690414 0.1795065 0.1562148 0.2747748 0.6290373 0.4178823 0.2127398
0.01220547 0.006739199 0.0047047 0.01057252 0.01770756 0.02219297 0.01753853 0.01840012 0.01347166 0.01117288 0.01245561 0.0126786 0.01253162 0.003918296 0.005210868 0.009965065 0.007079358 0.01172235 0.01518899 0.03384559 0.06547372 0.05644905 0.0343287 0.02710367 0.02100191 0.07575347 0.1515808 0.2133717 0.2010246 0.2089095 0.181132 0.2142555 0.1704894 0.1704639 0.1797147 0.2896737 0.1790996 0.1718163 0.1700552 0.1856899 0.2301179 0.3324783 0.228441 0.1222926 0.130821 0.1514677 0.2003405 0.2531891 0.257558 0.2048037 0.1857701 0.1793672 0.1523532 0.2838023 0.2919786 0.2243434
0.02189598 0.02227375 0.01756723 0.01510866 0.01976201 0.02342961 0.0159582 0.01723348 0.01442389 0.01489819 0.01038173 0.01630834 0.0182822 0.006280238 0.006199834 0.009997883 0.00973677 0.03022691 0.04473304 0.04040149 0.04832632 0.04511563 0.02925522 0.05815783 0.0543649 0.08859804 0.1339756 0.1699823 0.2257911 0.2267212 0.1844353 0.2062772 0.2000408 0.2996041 0.2334194 0.3083236 0.3609997 0.2968852 0.2224744 0.309206 0.329389 0.2654349 0.2107874 0.1238927 0.1306887 0.1901744 0.2082256 0.1837571 0.2136013 0.1789587 0.1980598 0.2560357 0.1498129 0.1001084 0.1308205 0.1678464
0.02211284 0.02033727 0.05291359 0.04087128 0.03138403 0.01661203 0.01601074 0.01655932 0.02230643 0.01856383 0.01512264 0.01422605 0.01206451 0.007005352 0.008655672 0.01400435 0.02023625 0.02766002 0.06909251 0.0690647 0.04608688 0.03087962 0.04283594 0.08714288 0.08954085 0.08315959 0.1514423 0.2503659 0.1905691 0.2455598 0.2481667 0.2910096 0.3304425 0.319843 0.3298923 0.3441677 0.3770189 0.2970122 0.2291758 0.3192256 0.3799877 0.412652 0.2897158 0.2697888 0.277675 0.308034 0.458754 0.4119058 0.2917418 0.2907057 0.1971284 0.1694037 0.1498718 0.1590431 0.1971769 0.2318517
0.03186151 0.02982509 0.06506577 0.05541313 0.03142039 0.01631291 0.01432972 0.02301661 0.02842552 0.01588943 0.01680395 0.01480673 0.01738856 0.01675463 0.02411447 0.03781563 0.04144715 0.04346317 0.04197026 0.0572473 0.05027835 0.05820514 0.09276393 0.09475395 0.05865902 0.08177385 0.1228374 0.1914097 0.17707 0.1993251 0.2663849 0.3390936 0.4316912 0.4148407 0.3249075 0.3346698 0.3311062 0.2342893 0.1893093 0.2732595 0.4339432 0.3765714 0.2795976 0.2841361 0.4306177 0.5437791 0.5967928 0.5029618 0.4333818 0.3716195 0.2728705 0.1692866 0.1783836 0.2289808 0.1576434 0.2300383
0.03390624 0.05301308 0.08057939 0.06295948 0.03646391 0.02327312 0.02528077 0.02711108 0.01878004 0.01428098 0.01763151 0.02868126 0.02877918 0.02877434 0.036027 0.04871188 0.04955332 0.05066999 0.05382674 0.0528147 0.06964991 0.08573985 0.101676 0.1265213 0.1040132 0.1029271 0.09410126 0.1938376 0.2550697 0.3081464 0.3596281 0.5060281 0.5136151 0.5237184 0.4016642 0.3940059 0.3126265 0.1878335 0.2522 0.3527047 0.3896099 0.3484507 0.2399251 0.4003705 0.5583393 0.5932406 0.575574 0.4897957 0.4464916 0.3640645 0.2718887 0.1808989 0.2074368 0.1802645 0.1137565 0.1698598
0.05709874 0.05096382 0.05975064 0.05875006 0.06847252 0.03219201 0.02481206 0.03082496 0.02276907 0.03053557 0.04411165 0.0637673 0.03670723 0.03807533 0.04497885 0.04989858 0.04182469 0.04817403 0.05018251 0.04191207 0.07206028 0.102767 0.1162365 0.1047579 0.07809642 0.07503245 0.09332627 0.2220102 0.3011261 0.4391169 0.4653105 0.4640567 0.4265544 0.5156909 0.3839218 0.4329285 0.4257938 0.3226762 0.2758974 0.3171024 0.2912965 0.2571376 0.3188663 0.3622774 0.4559559 0.4130096 0.4168322 0.5340388 0.3087241 0.2746266 0.2241349 0.1980205 0.1864317 0.1577207 0.1734293 0.2212802
0.09559241 0.09978484 0.109011 0.1182441 0.06866673 0.05538953 0.04862284 0.04094778 0.06653302 0.08776671 0.06161325 0.05714486 0.03351945 0.04199537 0.05118312 0.06670352 0.05636737 0.05902655 0.05987377 0.06386739 0.04961641 0.1021625 0.1391929 0.1068768 0.05631856 0.05428063 0.09792554 0.1778034 0.2971414 0.4515475 0.4246803 0.4311548 0.3732559 0.4996038 0.4747775 0.524594 0.496978 0.4274844 0.3356532 0.2774808 0.3464114 0.3099452 0.3538414 0.4167295 0.5151203 0.393958 0.4010153 0.4665312 0.3700841 0.2559125 0.2602534 0.3139255 0.2313395 0.2549235 0.1649384 0.1202369
0.08387085 0.1412622 0.1354941 0.1241724 0.08932784 0.07670554 0.08647358 0.07167672 0.07288113 0.06594973 0.04986449 0.0577006 0.02982211 0.04211797 0.04791212 0.06693545 0.05183677 0.0560093 0.05520191 0.04126907 0.05010511 0.07269181 0.07756987 0.1008373 0.06752163 0.06224072 0.09782724 0.2100392 0.283419 0.2741095 0.360833 0.386034 0.3428653 0.5695261 0.5478867 0.5668159 0.4859466 0.3868243 0.2815894 0.2568346 0.3527773 0.2945037 0.2217324 0.2807325 0.3109694 0.204194 0.2398074 0.2785732 0.2703526 0.2690133 0.1846418 0.2287706 0.2397415 0.1685468 0.1304373 0.04533096
0.1180547 0.1456273 0.1364004 0.0959197 0.1119183 0.122953 0.1115142 0.09174951 0.06685042 0.08634306 0.06111626 0.06850137 0.02941437 0.02907061 0.04160577 0.05105378 0.0413982 0.04715512 0.05473894 0.05329271 0.05760141 0.04926107 0.09734856 0.08634847 0.07643434 0.1142871 0.1222853 0.1814948 0.1909339 0.13696 0.1505754 0.291645 0.4042348 0.5655405 0.546562 0.5115296 0.4504182 0.3413009 0.2350903 0.2806907 0.3085224 0.3326482 0.1653393 0.2699193 0.2535891 0.157492 0.1435428 0.2099724 0.204515 0.2767303 0.1609356 0.1642757 0.1933922 0.1550884 0.08840749 0.1060204
0.1336791 0.1406814 0.1118521 0.107836 0.1354042 0.158071 0.1231793 0.15526 0.08682118 0.138619 0.08507466 0.0623528 0.03985395 0.05736879 0.05949309 0.04681778 0.03808754 0.03515308 0.03992992 0.05623351 0.07266832 0.07817869 0.0999364 0.1275768 0.107383 0.1483425 0.16416 0.114063 0.1252825 0.0934075 0.1339033 0.187383 0.2773286 0.3817039 0.4192289 0.3840317 0.3436495 0.2822099 0.2970484 0.2965765 0.3087801 0.2261921 0.1688214 0.260171 0.2738805 0.1282697 0.0974641 0.1858971 0.1890399 0.1490531 0.1695515 0.1860088 0.145965 0.1929512 0.1333724 0.1756324
0.1855207 0.1953755 0.1523376 0.1558774 0.09427992 0.1061811 0.1013521 0.1184542 0.1351245 0.1744674 0.08612798 0.1192513 0.074677 0.0577277 0.08704935 0.08338396 0.05689699 0.04790581 0.07312183 0.06270234 0.06705999 0.1316517 0.133382 0.121225 0.1424616 0.2041822 0.1330137 0.1477404 0.20618 0.1693541 0.2333178 0.2941603 0.3321504 0.3368774 0.3006474 0.3563796 0.272586 0.3558574 0.3156975 0.2675477 0.1829714 0.1535571 0.1801742 0.1572753 0.2183381 0.1410636 0.1159172 0.1175525 0.1095183 0.1476743 0.1539188 0.1763204 0.1790206 0.193542 0.1132044 0.09063534
0.2690281 0.2620867 0.2038461 0.1913102 0.1576149 0.1718783 0.1322778 0.19294 0.19125 0.1897938 0.1509823 0.09489736 0.08680735 0.07886489 0.1028183 0.137053 0.08115 0.0974868 0.1055381 0.08647085 0.1182736 0.06451937 0.1239133 0.1147903 0.1315852 0.1207917 0.1091784 0.08022153 0.1039687 0.08615097 0.1275358 0.2150515 0.2969784 0.2062982 0.176232 0.3137853 0.2184316 0.2789421 0.2479994 0.1880212 0.170939 0.1424977 0.1431821 0.1502499 0.1786287 0.1920985 0.1272286 0.07673019 0.1243454 0.1400579 0.0866017 0.1466201 0.1823462 0.2266653 0.1157144 0.08821532
0.2880545 0.2701646 0.2449598 0.2968958 0.1881418 0.27754 0.1957854 0.2226542 0.1648107 0.1440529 0.1167311 0.09970578 0.05950893 0.1290108 0.1111237 0.1633471 0.1094137 0.1048824 0.09750967 0.1418178 0.2003233 0.175942 0.1590176 0.1203922 0.08216325 0.08949202 0.0826021 0.07312499 0.1135858 0.09133369 0.1008871 0.1041896 0.1768788 0.2288749 0.1140224 0.1649296 0.3115689 0.3369071 0.2025592 0.2126995 0.1923452 0.1401815 0.2219445 0.1511618 0.1013783 0.1676353 0.1657312 0.1149611 0.1620805 0.1181462 0.1432681 0.1477244 0.1516028 0.2451374 0.1736484 0.08931527
0.3514795 0.2898698 0.2435962 0.2505359 0.1965022 0.2052955 0.2154553 0.1982179 0.1353826 0.1162255 0.1110933 0.1065976 0.0965291 0.1097785 0.1526858 0.2249453 0.1644457 0.1989987 0.2131707 0.1622942 0.2081162 0.185753 0.2266344 0.145159 0.09760595 0.08844759 0.09098674 0.0836196 0.04780414 0.05754535 0.05393501 0.05052087 0.1204762 0.1833792 0.117131 0.1470121 0.2292488 0.275818 0.24855 0.1809005 0.1166025 0.1340522 0.1163186 0.06696934 0.1421939 0.1679203 0.2015807 0.174049 0.2051423 0.1543145 0.1353664 0.1170392 0.146075 0.1609083 0.1452122 0.06811453
0.3009193 0.282491 0.2411502 0.2380964 0.2023347 0.1865734 0.2107861 0.1701001 0.1623062 0.165951 0.1673331 0.1439238 0.08381939 0.1112001 0.09774249 0.1319186 0.1551676 0.2180765 0.3035348 0.2148677 0.1226448 0.1644602 0.1490458 0.1899111 0.1404615 0.1250329 0.1208893 0.0829123 0.04164941 0.03363897 0.04400422 0.05108055 0.06109533 0.1066205 0.03850922 0.06115508 0.06459995 0.08766726 0.08617882 0.08947296 0.09970357 0.0624749 0.03997072 0.08131947 0.1318554 0.1428619 0.1236079 0.1049572 0.1599542 0.1287056 0.1022234 0.1526309 0.1961844 0.1496677 0.1032043 0.06335697
0.2762649 0.3027654 0.2698721 0.2789721 0.2443201 0.2097916 0.2625505 0.1999467 0.1792465 0.1186853 0.1351436 0.1945929 0.1680532 0.1223021 0.1192422 0.1327398 0.1593584 0.209644 0.2358517 0.2486615 0.2187296 0.2152015 0.2173783 0.2513923 0.2162488 0.1203889 0.1132298 0.07413184 0.04001938 0.03832544 0.04770109 0.05228959 0.04075053 0.07008883 0.04090851 0.04652999 0.06042945 0.07596647 0.06807385 0.07618547 0.07708949 0.0507457 0.03961641 0.07203833 0.08850294 0.1144448 0.07006965 0.09179685 0.1190993 0.09876808 0.09613783 0.1333963 0.2157372 0.1915227 0.1400693 0.08271527
0.2495088 0.3080518 0.3021662 0.2549206 0.1615432 0.1937454 0.2247952 0.1515519 0.1210896 0.1057326 0.1386573 0.1971322 0.1959601 0.1591325 0.1623802 0.1932218 0.2420784 0.2779995 0.2772298 0.2624077 0.190269 0.2195582 0.165191 0.192725 0.1549838 0.1364875 0.1560177 0.1091187 0.06219319 0.06355027 0.03775283 0.0335664 0.02964192 0.03639814 0.04272805 0.05862961 0.07146443 0.1242255 0.1046471 0.102912 0.10059 0.06613567 0.04159657 0.07004255 0.0845461 0.07372456 0.05695587 0.06130684 0.0662435 0.08305278 0.07768521 0.1355009 0.1712815 0.2577216 0.1991437 0.07862453
0.2282576 0.3218185 0.3326576 0.2902735 0.2056329 0.1874048 0.2344387 0.1864313 0.1015444 0.09368972 0.118917 0.3134767 0.1813608 0.154439 0.1389323 0.2334815 0.2165314 0.1998874 0.2376932 0.2666194 0.2047728 0.2063153 0.165581 0.1550965 0.1315226 0.08888397 0.09795099 0.07835554 0.06071252 0.03001318 0.02251673 0.02061996 0.02365448 0.03818446 0.03708766 0.06671258 0.08786309 0.09635266 0.1145169 0.1208048 0.1153141 0.08221601 0.04713152 0.04927807 0.03760301 0.04876936 0.05690069 0.06219052 0.05066399 0.05927549 0.1230379 0.1442916 0.1145172 0.1502242 0.1517515 0.09403418
0.1976214 0.2708474 0.3497109 0.3491447 0.2206916 0.171186 0.1744152 0.1894883 0.1088782 0.06807926 0.1049341 0.1857041 0.1957993 0.1306465 0.144271 0.2006202 0.1569358 0.1728048 0.1618625 0.1813039 0.2301286 0.2691039 0.1537996 0.1180536 0.1057223 0.1003454 0.0399551 0.03889215 0.03042037 0.02396573 0.03057998 0.03157469 0.03582595 0.04246559 0.0609798 0.1109189 0.1137131 0.1152271 0.09784963 0.1293673 0.1322382 0.1054491 0.07403088 0.05671698 0.04906785 0.07080308 0.06835164 0.05839249 0.04424607 0.0432257 0.08470853 0.104921 0.09115515 0.1029702 0.07833325 0.07702075
0.2255597 0.2810206 0.2930456 0.2880524 0.2254459 0.1631014 0.1363857 0.1212474 0.1202319 0.080988 0.06935702 0.1013152 0.1429353 0.1672844 0.207054 0.1680719 0.1544574 0.1642601 0.1529278 0.1744027 0.2875856 0.3851522 0.2666402 0.1693939 0.1530544 0.117746 0.08456443 0.03693636 0.02896928 0.0325553 0.02837819 0.08216305 0.06052348 0.05465094 0.06581934 0.09871476 0.09998797 0.1083343 0.1068792 0.1055945 0.09567847 0.10924 0.09059586 0.06954382 0.0619653 0.04407705 0.02737153 0.02671047 0.03474079 0.03713571 0.07350373 0.09982833 0.1047419 0.1332043 0.07587767 0.05450941
0.241709 0.2546538 0.2956981 0.2413629 0.1797483 0.1348663 0.1326163 0.1959904 0.1689333 0.0751254 0.06933366 0.07918403 0.157633 0.2273277 0.2114501 0.2315213 0.2634168 0.2530947 0.2464818 0.2778715 0.3005015 0.4032328 0.3464077 0.220207 0.2013906 0.1456589 0.1396429 0.07118643 0.03851892 0.0295768 0.05230507 0.06343836 0.04075867 0.04727849 0.08682358 0.1082528 0.1068266 0.1044767 0.1126967 0.1081917 0.09860679 0.09301496 0.07052453 0.06109684 0.05791852 0.04715951 0.03334924 0.03585867 0.0277964 0.03032099 0.04953076 0.05058248 0.07886179 0.115494 0.09348638 0.07748582
0.1878821 0.1949922 0.2148155 0.1594728 0.2113845 0.2140087 0.2429067 0.2849406 0.1580722 0.08163515 0.06568573 0.07682171 0.110149 0.2326289 0.3499549 0.3074954 0.3620573 0.2767833 0.1845302 0.2441974 0.3095072 0.3556497 0.3327313 0.2877157 0.1787528 0.1368635 0.1314201 0.07970291 0.08563069 0.09557408 0.07846253 0.04130771 0.04448164 0.0717196 0.1197801 0.1393135 0.140105 0.1329326 0.1350562 0.1286082 0.1228829 0.1148548 0.08615121 0.0712491 0.08312428 0.0630701 0.050472 0.02424575 0.03074819 0.03827489 0.04949523 0.106701 0.1190278 0.1323372 0.1392822 0.07253572
0.1252639 0.1029753 0.1124136 0.1469973 0.1494916 0.1305916 0.1788711 0.1596308 0.1705876 0.1233907 0.08163349 0.09588003 0.1293885 0.3504602 0.4553837 0.3302173 0.2338644 0.1782508 0.3781554 0.2781618 0.2136603 0.2668051 0.2487407 0.2642024 0.2022001 0.1731365 0.1162179 0.1128467 0.1427737 0.126084 0.103043 0.05914753 0.07428107 0.1201729 0.1462768 0.1629426 0.1476914 0.149735 0.1262709 0.1276383 0.1189582 0.1177284 0.09410689 0.09222305 0.09092286 0.06580925 0.0341132 0.02374395 0.03903463 0.06731552 0.1161836 0.1018653 0.1098247 0.1143463 0.1555448 0.08894469
0.1315547 0.09956717 0.08587036 0.1664146 0.1843934 0.1383224 0.1159526 0.1013835 0.1449553 0.138957 0.08987637 0.07989395 0.1133111 0.143466 0.1598222 0.1827934 0.1219402 0.1152452 0.1761012 0.3424548 0.2416248 0.3370729 0.371035 0.2479403 0.2664274 0.1347255 0.104254 0.1304141 0.2177409 0.1553727 0.1068956 0.06633152 0.1040042 0.1662808 0.19649 0.1865152 0.1889647 0.1569729 0.1122869 0.1130906 0.1235749 0.1024906 0.0790243 0.07086927 0.07648514 0.03339187 0.03064216 0.03521542 0.06400912 0.07779563 0.1381498 0.1005651 0.1788347 0.2018549 0.1332568 0.1062109
0.1606478 0.1227158 0.10037 0.2064121 0.2299288 0.175455 0.1298033 0.1302008 0.1783053 0.1151731 0.08934411 0.09604049 0.1273113 0.1011282 0.1108453 0.183459 0.1362395 0.1494006 0.177047 0.3687379 0.3305932 0.2465157 0.4188965 0.2891673 0.3181038 0.2233206 0.1210471 0.152834 0.2099589 0.2023515 0.1879672 0.1041122 0.1269279 0.2138499 0.1847591 0.2033513 0.2294624 0.1704208 0.1452985 0.1473235 0.1241623 0.1072158 0.09371298 0.06261517 0.04245463 0.03632122 0.06225084 0.05419387 0.07509587 0.07885657 0.09138014 0.1058886 0.1126168 0.1187268 0.2025547 0.1055086
0.1956166 0.205442 0.1239705 0.2415249 0.2392326 0.1631985 0.1316896 0.228255 0.2587817 0.2101056 0.1570179 0.1408859 0.117004 0.1192804 0.180439 0.2131847 0.1659537 0.1631054 0.1848967 0.4311659 0.2784654 0.2917135 0.3453542 0.2849194 0.2634052 0.2170288 0.2112609 0.1854299 0.235137 0.1991066 0.1535796 0.1527624 0.1135664 0.1627967 0.180825 0.1624175 0.1843885 0.1765592 0.1760684 0.2025401 0.1559834 0.1775523 0.1111645 0.05949027 0.03965119 0.03336183 0.05127595 0.0626034 0.08555371 0.07492462 0.07140941 0.1016797 0.09710667 0.0626045 0.1246864 0.1014904
0.3030095 0.3451062 0.2213307 0.21506 0.204912 0.1897771 0.158525 0.2805911 0.2354586 0.1397549 0.1813608 0.1498604 0.1210576 0.1356445 0.1760353 0.4150869 0.357454 0.2968215 0.2113868 0.2844747 0.2798133 0.3220356 0.3563893 0.2840774 0.2794008 0.2614519 0.2445928 0.2097385 0.1783535 0.1560614 0.1440758 0.1181535 0.1182932 0.1036617 0.1248446 0.1144574 0.2122624 0.2078684 0.2246838 0.3030082 0.2107165 0.1555072 0.1272764 0.06741881 0.04516239 0.05636381 0.05257355 0.05150865 0.06639186 0.0545268 0.06709471 0.07402609 0.08198611 0.07251577 0.1034779 0.0909647
