contrib/geomasonDemos/riftland/DataFiles/RainData/.svn/text-base/93.txt.svn-base
ncols         56
nrows         54
xllcorner     28.264
yllcorner     -5.7719999999999
cellsize      0.25
NODATA_value  -9999
[rows 25 to 49 of 54, columns 0 to 55 of 56]
0.266825 0.2952162 0.197749 0.1679912 0.1727225 0.1932082 0.1894009 0.1549196 0.1633885 0.1082892 0.130633 0.1410521 0.206126 0.1919343 0.1945922 0.1568007 0.1779786 0.1276355 0.1117758 0.1417898 0.1615301 0.1214543 0.1268866 0.164774 0.1692297 0.1354645 0.1414647 0.1628636 0.1486612 0.1438989 0.1378316 0.150225 0.1180165 0.1133685 0.04769735 0.009203567 0.005699376 0.001555271 0.001433995 0.002859374 0.002598565 0.002274453 0.001896704 0.001134503 0.0008367697 0.0006776552 0.001555547 0.002329317 0.002371491 0.002148148 0.002154284 0.002311772 0.002186885 0.005181231 0.005366839 0.001597231
0.3764039 0.3140291 0.2484474 0.1985037 0.2316809 0.1577877 0.1836785 0.1488629 0.1306948 0.1051269 0.1426581 0.2158677 0.1860985 0.1768819 0.1290343 0.1377512 0.1802233 0.2093853 0.1635318 0.1872453 0.1413916 0.1237471 0.1124773 0.1529313 0.1726845 0.1605507 0.1446094 0.1804414 0.1724694 0.1448048 0.129943 0.09673053 0.1000613 0.110126 0.04487758 0.01215555 0.006880694 0.003572428 0.002073823 0.004072761 0.003660428 0.003184666 0.002643626 0.001535813 0.001095075 0.0008540438 0.002769657 0.002918354 0.002809215 0.00259294 0.002615807 0.004477974 0.003662905 0.005399227 0.005157246 0.001948965
0.2913504 0.2276127 0.1849578 0.1707951 0.1408037 0.1813611 0.2458518 0.1935353 0.1986662 0.1551533 0.2646936 0.2273849 0.1842516 0.1403143 0.1180869 0.1274203 0.1470969 0.1518956 0.157412 0.1422973 0.1324426 0.1039211 0.12585 0.1377647 0.1293422 0.1345382 0.1472024 0.1600902 0.1397845 0.1399273 0.1536349 0.1365653 0.1399558 0.1264335 0.06713092 0.0289758 0.01322203 0.008499537 0.007344376 0.007231618 0.006175362 0.005607897 0.004373786 0.003795373 0.002321215 0.001559086 0.001917686 0.004064436 0.002999414 0.004277163 0.003363104 0.003342246 0.006229348 0.003449268 0.002365353 0.002094311
0.2688847 0.1663055 0.1507016 0.1569043 0.1321725 0.1752497 0.1936029 0.2284329 0.2177909 0.2319599 0.2903958 0.2098346 0.1891618 0.1213642 0.1189431 0.1368311 0.1281248 0.1854287 0.1815409 0.1147965 0.1318599 0.1137291 0.1165359 0.1289957 0.1173717 0.1122769 0.1662159 0.1659433 0.1602631 0.1701599 0.1666803 0.1922938 0.1499412 0.1159059 0.07310916 0.03420039 0.01546781 0.01081138 0.008538803 0.008375841 0.00748515 0.006645206 0.006866723 0.006649878 0.004389815 0.002672155 0.003913499 0.002974216 0.003141604 0.002928252 0.002982976 0.003610932 0.008266009 0.006838518 0.00382564 0.002349224
0.2617066 0.2266475 0.2138472 0.1535829 0.144684 0.1644845 0.1695708 0.1641685 0.1868351 0.1884815 0.1870771 0.1844217 0.1653468 0.1310435 0.1121768 0.1529844 0.1119738 0.1077484 0.1121551 0.09399874 0.1256068 0.1947535 0.08833841 0.1339068 0.153975 0.1225682 0.1482038 0.1808194 0.1640303 0.1656502 0.1801574 0.1982793 0.1547206 0.133826 0.08806692 0.04114921 0.01843207 0.01299288 0.01467529 0.009316585 0.008802813 0.007132117 0.006402795 0.004846993 0.002387798 0.001737596 0.002419326 0.002585659 0.003013396 0.002808151 0.002878868 0.00320383 0.003142038 0.005080382 0.004090211 0.002609407
0.2741897 0.2476678 0.2592099 0.1949939 0.1176978 0.134284 0.1432361 0.1529766 0.1995188 0.1346953 0.1246492 0.1454859 0.1027054 0.1305231 0.1160888 0.1274894 0.09323659 0.1019172 0.0973029 0.1004926 0.1135466 0.1119723 0.09250601 0.1270817 0.1260158 0.1142906 0.1376734 0.1573314 0.1581484 0.1752494 0.1772725 0.1911916 0.1582321 0.1275895 0.09861454 0.0587774 0.03859561 0.01482265 0.009658208 0.01128612 0.0114123 0.007291185 0.005962037 0.003256281 0.002374268 0.001678047 0.001888318 0.002770162 0.003246048 0.003077048 0.00317364 0.00351275 0.003472083 0.003425751 0.005448847 0.002956273
0.2587984 0.2237486 0.192868 0.1270784 0.1003879 0.09939332 0.0956352 0.121213 0.1511013 0.1324812 0.1341244 0.1250003 0.1300184 0.114297 0.1056182 0.1088318 0.100344 0.1151109 0.09343988 0.08658227 0.07781775 0.06538992 0.08093101 0.09799694 0.1328116 0.09672774 0.09619086 0.1386075 0.1960901 0.2128596 0.1638104 0.148386 0.1249118 0.1074741 0.074132 0.06146809 0.04603564 0.01829745 0.01474664 0.01043237 0.01069995 0.008309789 0.007426878 0.00346751 0.002366365 0.001708874 0.00201161 0.003081312 0.003584448 0.003453489 0.003575325 0.003914915 0.00389785 0.005711213 0.006563356 0.003781618
0.221785 0.1989679 0.1548159 0.1007007 0.1210572 0.1078347 0.09755769 0.1809246 0.2165279 0.1546881 0.1673851 0.1248538 0.1597467 0.1719413 0.09756457 0.1132685 0.08440746 0.09835464 0.09605855 0.103205 0.07865605 0.07100723 0.04750028 0.08734909 0.110183 0.1213185 0.1235666 0.1864987 0.2473495 0.208878 0.1574795 0.1388681 0.1191607 0.1036509 0.06827613 0.04042183 0.02832709 0.01851265 0.01392885 0.00991348 0.009388358 0.007693509 0.007056162 0.004096357 0.002353757 0.00177568 0.002152285 0.003263202 0.003811662 0.003719123 0.003874669 0.004205245 0.005091948 0.005955507 0.0061112 0.004488184
0.2080873 0.1947502 0.1342795 0.1229808 0.09022021 0.1503818 0.205898 0.2030143 0.1428954 0.1107707 0.08445001 0.1132505 0.1429783 0.06843463 0.09450582 0.1114713 0.09076063 0.1023464 0.111129 0.1201863 0.0752643 0.0689963 0.05512203 0.08978917 0.112708 0.1604655 0.2015564 0.1778265 0.1838022 0.1577085 0.1465768 0.109014 0.1035635 0.0801381 0.06001035 0.03588577 0.02315934 0.01544109 0.01417841 0.0097772 0.009218507 0.008109218 0.007912904 0.003916699 0.002440134 0.001843632 0.002234823 0.003381411 0.00397305 0.003905335 0.004080815 0.004384367 0.004944193 0.004367581 0.004295669 0.003754126
0.2142398 0.1681626 0.1507583 0.2116814 0.1635979 0.2254625 0.1368129 0.1549689 0.1520633 0.09160876 0.05802712 0.1105565 0.1047662 0.07273018 0.1055173 0.1271591 0.1356721 0.1072607 0.1133031 0.1137895 0.07246196 0.06207209 0.05683526 0.08645542 0.09586605 0.1697467 0.1461742 0.1202732 0.1141644 0.1031208 0.1039232 0.0882645 0.08802742 0.0622642 0.04827682 0.02830134 0.01880849 0.01355541 0.01246865 0.009169135 0.00838703 0.008686218 0.007344819 0.003356902 0.002780315 0.002000403 0.006020713 0.00350843 0.004129793 0.004067208 0.004241591 0.004629539 0.005239407 0.004439789 0.004214498 0.003820732
0.2690212 0.2345236 0.1881998 0.1941472 0.2322473 0.1941311 0.1196689 0.1116266 0.09118398 0.08816485 0.1070959 0.1248523 0.09606203 0.07699297 0.09345248 0.1317339 0.1303757 0.1271056 0.1209642 0.1211392 0.08160786 0.08775492 0.1118281 0.1173473 0.128981 0.2273955 0.1965803 0.1364688 0.09894999 0.05353785 0.04886364 0.04817198 0.03864669 0.04716565 0.02919449 0.01627026 0.01362859 0.01049739 0.01093999 0.005569188 0.005250951 0.004829418 0.003874602 0.002640153 0.001618954 0.001065409 0.01695981 0.02437692 0.004059325 0.00400069 0.00621756 0.00782366 0.004783486 0.004739803 0.004576418 0.00535685
0.2638634 0.1630335 0.1331764 0.2041149 0.166223 0.1338758 0.1038979 0.155999 0.09304228 0.09785001 0.09386446 0.1234771 0.07965375 0.08553396 0.09921527 0.1138735 0.1293775 0.1241396 0.1227923 0.1111573 0.08596501 0.08276222 0.09352615 0.1223861 0.1927579 0.1754986 0.1851171 0.1083112 0.06492966 0.03461234 0.02180678 0.03084495 0.03240441 0.04015644 0.02032845 0.01139669 0.01044545 0.009807832 0.00963362 0.009148936 0.004980003 0.004663136 0.003889833 0.001953857 0.001480365 0.001497889 0.002426039 0.01555529 0.004098877 0.004036176 0.004190559 0.004782225 0.005042975 0.004715334 0.005052081 0.006781557
0.256658 0.2271308 0.1073369 0.116214 0.1201656 0.1236539 0.1115181 0.1178373 0.09389726 0.08288275 0.0851135 0.1264843 0.08815789 0.07816632 0.07584736 0.1127446 0.1114903 0.1157352 0.1275711 0.1428316 0.0995451 0.08260906 0.0784338 0.1080541 0.1518269 0.1064679 0.09113277 0.08786743 0.05279372 0.04921035 0.0172564 0.01684842 0.02556658 0.02128209 0.009365133 0.008491924 0.008369692 0.008248958 0.009123167 0.005675857 0.005059147 0.004950234 0.004222683 0.005488166 0.002279615 0.009403505 0.00162385 0.004224936 0.004334165 0.00414249 0.004687763 0.004767315 0.006692749 0.00709567 0.008107123 0.001213919
0.222241 0.1628874 0.09091859 0.1178652 0.1084957 0.1175884 0.1272876 0.1221613 0.1073991 0.08248038 0.08011926 0.08974367 0.05682762 0.05342195 0.0647893 0.09811424 0.1103085 0.1449637 0.1549438 0.1518152 0.1453682 0.08490668 0.07851513 0.07780259 0.1215433 0.08898282 0.05466653 0.06535008 0.0680261 0.04069363 0.02096196 0.01269604 0.01056881 0.01014019 0.006924779 0.008342993 0.007878376 0.007515588 0.007419225 0.00467522 0.004633968 0.004641251 0.007289071 0.00664896 0.006497805 0.002914487 0.001793506 0.004543547 0.004792247 0.004573976 0.004383602 0.005780086 0.007122018 0.007432478 0.007087039 0.002680637
0.231311 0.1667968 0.127885 0.1164153 0.1078346 0.1098168 0.1079581 0.1251512 0.106319 0.1020989 0.08120757 0.07369988 0.0632275 0.06108527 0.05541983 0.1200953 0.1368281 0.1320044 0.1638707 0.2104041 0.1263756 0.09659404 0.08020038 0.03075489 0.0704329 0.08599472 0.05677531 0.01644216 0.01395414 0.01306236 0.01196497 0.02735701 0.01673775 0.01167087 0.00798877 0.007208855 0.005930687 0.005954131 0.005294584 0.005684508 0.005754656 0.009767214 0.01182918 0.01973125 0.01224845 0.00589426 0.01576361 0.005377378 0.01159559 0.007367147 0.004637077 0.006126378 0.007572505 0.008110672 0.00383346 0.001881017
0.1684166 0.1475852 0.1345157 0.1083058 0.0924416 0.08592762 0.08028559 0.1164986 0.09980877 0.08841767 0.1097106 0.09930141 0.04952209 0.07047495 0.1040449 0.1949926 0.169542 0.1497275 0.1461272 0.1304125 0.09726972 0.07419376 0.05634795 0.03062595 0.06874668 0.0804408 0.02486211 0.02792251 0.006780415 0.008565999 0.01014241 0.01186682 0.01023528 0.00913662 0.007303809 0.00654078 0.006341488 0.005755701 0.005615083 0.006815186 0.006934762 0.009078933 0.0111818 0.01801636 0.02430841 0.01950843 0.03113648 0.005127575 0.009044128 0.00478006 0.005856404 0.01321071 0.006122933 0.004287568 0.004207933 0.003134999
0.1521587 0.1059199 0.08679149 0.1294934 0.09684552 0.08766828 0.08137868 0.08027519 0.09177861 0.08750326 0.131203 0.08935637 0.06042995 0.05437806 0.06645975 0.139557 0.1636311 0.1661211 0.1321388 0.1081191 0.09339014 0.07301672 0.05951455 0.0336551 0.03207852 0.04954045 0.07410332 0.01791824 0.005399007 0.005296105 0.005568606 0.009533616 0.009797178 0.007523174 0.005873745 0.005380013 0.005242109 0.006045979 0.005870225 0.006718142 0.006977702 0.01005864 0.013407 0.01986906 0.01693966 0.0190663 0.03920518 0.01022082 0.006038125 0.005378591 0.008156233 0.01480801 0.005149077 0.006266165 0.00719914 0.003412404
0.1006475 0.08895488 0.05550991 0.07799229 0.07892264 0.07611042 0.07425777 0.07064065 0.07334062 0.07959141 0.08834 0.05727863 0.05449066 0.05830245 0.0651402 0.1454607 0.1188729 0.1390881 0.1421247 0.08504329 0.07850788 0.06844018 0.06836208 0.03486319 0.02378353 0.03732026 0.02170256 0.006764263 0.004148464 0.01011666 0.007064603 0.008311761 0.007186987 0.003042463 0.003067306 0.009939255 0.03623931 0.01110214 0.00461063 0.008589368 0.006136616 0.01053717 0.01046257 0.01458044 0.01354894 0.01725254 0.02946337 0.00801318 0.008068193 0.008941952 0.01440039 0.009651681 0.007825904 0.006444886 0.008018981 0.005733823
0.1658296 0.13151 0.0512067 0.05343138 0.05006619 0.04338493 0.05285385 0.05335464 0.03041637 0.04433933 0.0574341 0.0455744 0.03756662 0.04845496 0.05673531 0.06924319 0.07907307 0.08473973 0.0628894 0.03532399 0.03737028 0.03348145 0.02600209 0.03079556 0.02935391 0.02456156 0.01775797 0.007079494 0.003570065 0.004728776 0.002364182 0.004512127 0.003495568 0.001798913 0.002128138 0.007949829 0.1465714 0.005969216 0.02393449 0.02969309 0.006456909 0.01012836 0.009375912 0.01592647 0.0182244 0.01958461 0.02699727 0.01286357 0.01126577 0.01136997 0.01548129 0.01057039 0.02526995 0.008279049 0.01936761 0.01358333
0.209444 0.08607238 0.04554547 0.07799363 0.06122756 0.06099313 0.0660332 0.05792786 0.04240151 0.04109592 0.06095446 0.06536902 0.04251884 0.06059391 0.07146736 0.06506547 0.08985971 0.07213946 0.03987432 0.0291869 0.02850483 0.02795316 0.02553575 0.03091966 0.0310732 0.02590822 0.01908161 0.00717489 0.003577723 0.001770511 0.002485571 0.002013021 0.001505373 0.001642116 0.001527889 0.002219218 0.008623734 0.003092065 0.004139324 0.009377307 0.00663177 0.008067125 0.009896386 0.0183682 0.02907256 0.02385794 0.02754799 0.02240402 0.03095446 0.01423064 0.01908532 0.005680393 0.002853621 0.01655426 0.0179789 0.02158334
0.2440816 0.09713739 0.04821864 0.07088561 0.07876638 0.03753943 0.03252687 0.02972851 0.02576889 0.02620486 0.04829282 0.04291431 0.03412377 0.0452132 0.04184711 0.06466965 0.07857783 0.05511683 0.03516009 0.03680827 0.03088994 0.0245625 0.02294998 0.02772105 0.02663253 0.02250523 0.01991956 0.006380198 0.003031928 0.005424619 0.01650641 0.001630492 0.001182804 0.001072433 0.001318199 0.00202077 0.002384386 0.003123136 0.004313503 0.005978269 0.00724656 0.00886758 0.01088041 0.02031167 0.02320984 0.0316067 0.02383438 0.01912112 0.05307393 0.01598597 0.01939459 0.009854753 0.01266208 0.0127606 0.02010411 0.012
0.1345907 0.04859981 0.03897598 0.02944719 0.02889033 0.01826934 0.02624326 0.02335366 0.02217644 0.02300525 0.04656662 0.02057799 0.01924227 0.02677563 0.03473739 0.05068662 0.04952191 0.03567379 0.02583002 0.03586482 0.02528716 0.01939437 0.01864828 0.02183491 0.02085791 0.02089136 0.01583655 0.004976452 0.002503911 0.009709539 0.001107098 0.001345195 0.001038776 0.001016264 0.002109631 0.005818346 0.002340776 0.003769157 0.007153032 0.006566741 0.008054758 0.01448025 0.0117576 0.02151026 0.02556749 0.03173296 0.02656996 0.0188234 0.03128511 0.03155058 0.02286475 0.01482482 0.02455491 0.02226799 0.02807079 0.005
0.1000346 0.06099634 0.0540521 0.02188993 0.0139594 0.01219711 0.0126936 0.01214342 0.009000508 0.01343847 0.01113269 0.006122596 0.01051601 0.009444527 0.01145345 0.02495444 0.04386742 0.01894121 0.01999093 0.02302467 0.02366722 0.02325986 0.02196833 0.01200775 0.02166703 0.01310034 0.007617337 0.004752842 0.001816367 0.001889804 0.0003035075 0.0008175927 0.0006925042 0.0007415838 0.0009630473 0.001286148 0.001512214 0.005226923 0.003178888 0.004813972 0.005910425 0.007044995 0.008303732 0.03239238 0.03917523 0.04568248 0.02282958 0.04729309 0.02661337 0.05013951 0.0662446 0.02175 0.01675 0.021375 0.01941667 0.007208333
0.1100726 0.05279073 0.04093815 0.01913425 0.01151823 0.007683154 0.00648733 0.005128901 0.005813733 0.005877709 0.005163124 0.002497181 0.008135695 0.007343824 0.008499045 0.01227937 0.01134432 0.012683 0.01473128 0.01746414 0.01831302 0.01789188 0.01650935 0.01156535 0.008451913 0.00805714 0.006356268 0.003716295 0.002386201 0.001550588 0.001190386 0.001235208 0.0006200269 0.0006999052 0.0009400792 0.00127646 0.001523134 0.00224758 0.004085974 0.01131167 0.03504524 0.008513162 0.008879283 0.03386571 0.03919502 0.03561236 0.07118685 0.04708053 0.03826408 0.05610804 0.05923908 0.04529167 0.0365 0.01066667 0.01825 0.01666667
0.06872172 0.06329163 0.0519903 0.0184663 0.009541717 0.006143454 0.00389323 0.002538945 0.003122251 0.002106457 0.002639787 0.005653125 0.01212229 0.002867997 0.002271379 0.006137121 0.006997213 0.009809516 0.01179768 0.01403193 0.01471297 0.01436928 0.01305867 0.009445543 0.008110892 0.007181876 0.006593653 0.004630184 0.003576071 0.002683787 0.002361746 0.002189011 0.001605498 0.001175969 0.001017747 0.00118438 0.001433765 0.002148549 0.003263646 0.02538534 0.02061566 0.007409617 0.00860762 0.01785094 0.02154033 0.02470803 0.05286336 0.04770689 0.04712718 0.05664453 0.06574368 0.02891667 0.01383333 0.005791666 0.009833333 0.008958334
