contrib/geomasonDemos/riftland/DataFiles/RainData/.svn/text-base/93.txt.svn-base
ncols         56
nrows         54
xllcorner     28.264
yllcorner     -5.7719999999999
cellsize      0.25
NODATA_value  -9999
[rows 0 to 24 of 54, columns 0 to 55 of 56]
0.1696846 0.1801984 0.1768183 0.2038801 0.2550734 0.2080003 0.1890944 0.2652503 0.1908387 0.1624344 0.1647098 0.1554595 0.1088815 0.1088335 0.139495 0.1055586 0.08742232 0.1429667 0.1543502 0.1474203 0.1900939 0.1410407 0.1280329 0.1275323 0.1278724 0.1349274 0.1347916 0.1248831 0.08237372 0.07011399 0.09539489 0.09029485 0.1034567 0.08628067 0.06645999 0.05988931 0.05822264 0.05269492 0.05461498 0.04555393 0.02253496 0.02120658 0.01610833 0.02414167 0.021475 0.02176667 0.03393334 0.02919167 0.033 0.024875 0.01934167 0.0148 0.01220833 0.01736667 0.008666667 0.006633333
0.2182421 0.2067557 0.2134894 0.1940705 0.2180943 0.2398778 0.2255196 0.2395856 0.1534943 0.09851637 0.0837818 0.09242512 0.09869996 0.1079919 0.1461548 0.1442852 0.08107118 0.1140725 0.1781226 0.1600998 0.2092866 0.1490491 0.1217533 0.09213705 0.09938648 0.1232055 0.1428637 0.1730648 0.110221 0.06209242 0.07833055 0.09346861 0.09710662 0.0963063 0.1057472 0.06983038 0.04886317 0.0474948 0.0472136 0.03817412 0.03180241 0.02461135 0.017575 0.01503333 0.01738334 0.01915834 0.022275 0.036925 0.02876667 0.02314167 0.022675 0.018575 0.0096 0.01001667 0.005675001 0.003775
0.2194037 0.2034281 0.2065275 0.1918619 0.177504 0.2139543 0.192776 0.1823704 0.1409861 0.1451079 0.1005163 0.08880802 0.1064944 0.08563644 0.094836 0.1083238 0.1023014 0.1401954 0.2160344 0.1791647 0.197681 0.1083835 0.07763013 0.06796298 0.1041639 0.116091 0.1238899 0.1335931 0.09212616 0.08565231 0.06567346 0.06713326 0.07356334 0.08354104 0.09101216 0.07865261 0.04202417 0.0394591 0.02968895 0.02877546 0.03878286 0.02633892 0.01851094 0.01895 0.02073334 0.01795833 0.02311667 0.040025 0.03394166 0.02798334 0.018125 0.012875 0.00635 0.00415 0.004858333 0.004425
0.1972882 0.1794998 0.2072885 0.1763386 0.1565018 0.1404752 0.1544172 0.1248241 0.09687963 0.09419191 0.09463268 0.09354211 0.1150415 0.07779109 0.08243267 0.09290063 0.07908741 0.07478382 0.09455179 0.1362274 0.1156706 0.08620009 0.07283712 0.0858812 0.08994775 0.09155907 0.09482394 0.09207224 0.08155685 0.07184067 0.064786 0.06685769 0.06408255 0.0766276 0.08325592 0.07296231 0.05029299 0.04469042 0.03002136 0.03240382 0.02448732 0.03681118 0.03672659 0.03928784 0.03505833 0.012225 0.01980834 0.03419166 0.028175 0.019125 0.01174167 0.01036667 0.007116667 0.004083333 0.003583333 0.001925
0.1858739 0.1736089 0.1914116 0.1358952 0.1604489 0.1334874 0.1385742 0.1258645 0.1044855 0.1049336 0.1051232 0.09823116 0.1046499 0.1199675 0.08761422 0.0890702 0.05882711 0.06946695 0.08970614 0.116848 0.1217236 0.09079692 0.0698875 0.08547077 0.09614369 0.090123 0.08791264 0.08725784 0.08493338 0.08770618 0.05856067 0.06006062 0.06131537 0.0967663 0.07721204 0.07039785 0.06026958 0.03381204 0.0206319 0.02840446 0.04479943 0.03345815 0.04234561 0.04133992 0.0282685 0.017125 0.01869167 0.02605 0.017025 0.01365833 0.007875 0.009791668 0.00645 0.004075 0.002591667 0.0006583333
0.1772519 0.1748114 0.176406 0.1771177 0.1880962 0.1392136 0.1324322 0.1191778 0.1019597 0.1113978 0.1010207 0.09917825 0.1245459 0.1075 0.1627539 0.1335334 0.05900337 0.06515542 0.1121096 0.08512446 0.1037528 0.1004086 0.1034981 0.1237402 0.1097699 0.1049847 0.06993943 0.08463872 0.09759232 0.10921 0.0705688 0.05518534 0.05954693 0.05240934 0.07617407 0.07867542 0.04853059 0.02933571 0.02251911 0.0265412 0.02984051 0.03184762 0.02781991 0.0301787 0.03538612 0.02123143 0.0136 0.016175 0.009033333 0.01095 0.008316667 0.004091667 0.004291666 0.003191667 0.00265 0.000675
0.1675714 0.1487551 0.1283039 0.1477177 0.146005 0.1162413 0.09162197 0.1282839 0.09380204 0.1114939 0.1044969 0.1067195 0.1191228 0.1197811 0.1483317 0.110557 0.1682508 0.1612938 0.06768478 0.08346851 0.1059419 0.1165316 0.1266474 0.1345853 0.1135075 0.1040134 0.06134913 0.09868845 0.1002691 0.07486691 0.07633814 0.05581138 0.04261541 0.04557345 0.04717863 0.04676434 0.03024855 0.01706799 0.01837221 0.02169362 0.03255798 0.03347875 0.02269994 0.02157521 0.02676724 0.02657086 0.006382813 0.00655 0.0067 0.004333334 0.00345 0.002216667 0.0007083334 0.0004666667 0.000175 0
0.1936655 0.1962776 0.1699061 0.1479727 0.1276905 0.06898647 0.0733742 0.1236505 0.1200616 0.1342496 0.1772206 0.1813532 0.1611376 0.1288022 0.1184602 0.06916095 0.08591618 0.1096728 0.06067086 0.0918076 0.1000309 0.1268481 0.1063788 0.1251269 0.1201008 0.09894541 0.065271 0.1005352 0.06265108 0.05167031 0.06479111 0.04741653 0.05349085 0.04758445 0.04685706 0.04009615 0.0306567 0.01960845 0.03115655 0.0271369 0.01960933 0.01384487 0.01679001 0.01123991 0.01153165 0.009376308 0.004309956 0.005454373 0.003774265 0.003441206 0.002724483 0.002425 0.001075 6.666667e-005 0 0
0.2113731 0.2162087 0.1400559 0.1452982 0.1196117 0.06646729 0.08370525 0.09721158 0.1069411 0.1055825 0.1094444 0.1167714 0.1137393 0.08641107 0.1085749 0.03885058 0.0461507 0.07281633 0.04490831 0.09575398 0.09165199 0.1087374 0.1264958 0.151259 0.1067002 0.07397086 0.06551816 0.08588951 0.05523465 0.0277808 0.03046511 0.03567672 0.03908798 0.03574552 0.03473761 0.02825848 0.02695483 0.02577885 0.02238323 0.01863138 0.01316621 0.0116089 0.01259593 0.01035634 0.006223841 0.004263004 0.003834544 0.006095601 0.002941822 0.001536761 0.0006812976 0.0005333333 0.0004 0 0 0
0.1397656 0.1612341 0.200348 0.1003925 0.1066078 0.1032529 0.1464132 0.1447163 0.1380656 0.1350494 0.1378959 0.1104922 0.1071037 0.1040188 0.04903543 0.02963527 0.03064916 0.04444329 0.06246781 0.09999504 0.1108168 0.1157076 0.116304 0.1391634 0.09284298 0.04209005 0.0408265 0.05405731 0.02805102 0.01858161 0.02195895 0.02372826 0.03821483 0.02328941 0.01641357 0.02932756 0.02582903 0.02340836 0.01697252 0.0146558 0.01164272 0.01023805 0.009223127 0.009162524 0.009084553 0.002681574 0.002411799 0.003564091 0.0009038588 0.001495578 0.0008442914 0.000675 0.0003 8.333333e-005 0 0.000425
0.1402578 0.1344807 0.1102597 0.1238418 0.1373183 0.1316402 0.08518464 0.09092914 0.1013881 0.1449672 0.1328588 0.1157352 0.1329273 0.10248 0.06005114 0.03949475 0.04941626 0.05850033 0.05821358 0.09694363 0.1157545 0.087071 0.1002969 0.1141298 0.05614809 0.03567827 0.03056833 0.02311447 0.01223699 0.01070081 0.01501385 0.01432741 0.02141507 0.01692209 0.01522513 0.03056031 0.02808729 0.01995965 0.01795088 0.01187349 0.009824847 0.01279495 0.01587386 0.00891138 0.005677166 0.002065774 0.004370535 0.005540582 0.003015946 0.002940589 0.005306561 0.001175255 0.0004916667 0.000375 0 0.0003083333
0.1086979 0.1007444 0.08374213 0.1047987 0.1095959 0.09794611 0.08589046 0.07910649 0.07631929 0.08987627 0.08117417 0.08759053 0.09844308 0.06963553 0.0546054 0.05121564 0.06923794 0.0845218 0.05633985 0.05136631 0.08711699 0.0614679 0.06227943 0.05528854 0.04067475 0.03293888 0.03121293 0.02393011 0.007767489 0.01017014 0.01354701 0.01288995 0.01133526 0.006403554 0.006616129 0.006530637 0.01298624 0.01183777 0.01818345 0.01360752 0.00923672 0.005444128 0.00932779 0.006264307 0.003157933 0.002556817 0.004726931 0.003237773 0.00495397 0.002904702 0.002979734 0.0008565907 0.0002926699 8.802449e-005 8.875526e-005 9.117946e-005
0.1034901 0.1238762 0.08755703 0.09991615 0.09866284 0.07985567 0.08472451 0.0923728 0.05776251 0.09903269 0.08054464 0.08227827 0.07979417 0.06390522 0.06232429 0.0783302 0.06217628 0.1079865 0.0902965 0.06151376 0.06909779 0.05824891 0.03969253 0.03023889 0.04938164 0.04212077 0.02396722 0.0194524 0.01345892 0.007392677 0.009143597 0.01530557 0.01627016 0.009244754 0.004923713 0.00451874 0.004395289 0.003939328 0.005703977 0.004734367 0.002999917 0.002788901 0.002106845 0.002537536 0.002037949 0.002219236 0.004671013 0.00471275 0.0004143933 0.0007218525 0.0001535381 0.0003423097 8.800482e-005 8.768611e-005 8.864972e-005 9.107611e-005
0.1580891 0.1056742 0.1289536 0.1026301 0.1148899 0.0743769 0.05795598 0.06790275 0.05914626 0.07340284 0.08228588 0.135161 0.1249995 0.07114492 0.07670725 0.08759791 0.07146934 0.08834467 0.1407479 0.08802775 0.06037947 0.07431284 0.05397992 0.04344076 0.0490726 0.0456133 0.02230663 0.01406409 0.007021786 0.004468808 0.009112865 0.01739519 0.01437097 0.004186112 0.004169521 0.003737073 0.003112577 0.004055256 0.005005265 0.001870871 0.001228889 0.002385006 0.005055281 0.003634855 0.002880377 0.002432584 0.004108878 0.005330742 0.003534348 0.00137455 0.0001502002 8.763126e-005 8.709289e-005 8.763045e-005 8.905587e-005 9.114803e-005
0.1857283 0.1621021 0.1252155 0.126552 0.08682808 0.07298598 0.06673403 0.06187948 0.07400604 0.08267588 0.06037641 0.08942911 0.1069683 0.08631042 0.06894318 0.08007909 0.1002725 0.09144703 0.1144362 0.08013333 0.06659105 0.06957643 0.04680116 0.05595693 0.05159343 0.03395719 0.03142067 0.01705216 0.005498028 0.007969443 0.008248535 0.01442973 0.008379629 0.004932647 0.003719416 0.003098216 0.003287263 0.002905088 0.002994235 0.001414306 0.001237766 0.001790479 0.002814418 0.0007911661 0.0004265376 0.0001851015 0.0004278405 0.001796541 0.0001586252 0.0001499952 0.0001504084 8.794068e-005 8.778943e-005 8.799027e-005 8.915181e-005 9.181655e-005
0.1521465 0.1477476 0.13154 0.1253655 0.1491646 0.09789836 0.08213332 0.09063651 0.1149012 0.1220128 0.09640947 0.1286449 0.10188 0.07631162 0.09684608 0.09574528 0.07996208 0.05159942 0.07982166 0.1030763 0.1103583 0.07641549 0.04895455 0.06618111 0.04814114 0.02681925 0.02084317 0.02553434 0.01524607 0.01432253 0.0144906 0.02466499 0.01280626 0.01056978 0.009109785 0.003446241 0.002847423 0.002332417 0.002705361 0.001341494 0.001712293 0.0007504922 0.0006287803 0.0002903523 0.0002395088 0.0001721968 0.0001610072 0.0001834098 0.0001705364 0.000164193 0.0001649987 8.924835e-005 8.907992e-005 8.955211e-005 9.109045e-005 9.146275e-005
0.1298743 0.1051499 0.0734463 0.1209476 0.1625608 0.09797276 0.1435962 0.1461962 0.1299588 0.1442054 0.1515372 0.1278267 0.09079389 0.09506335 0.09400506 0.09572184 0.07905693 0.07412551 0.07039662 0.1054728 0.1225717 0.07001988 0.05590842 0.05392694 0.03344678 0.02807123 0.01893719 0.0280689 0.01942317 0.01410183 0.01656925 0.02261897 0.01411048 0.0103839 0.008851438 0.00327455 0.002677287 0.002140291 0.001788139 0.001147439 0.0008175893 0.0006004224 0.0005781381 0.00026535 0.0001832323 0.0001523287 0.0001477248 0.0001731801 0.0001883464 0.0001647819 0.0001655861 8.915075e-005 8.958051e-005 9.032532e-005 9.160383e-005 9.191639e-005
0.1729415 0.1838154 0.1109276 0.1367693 0.105838 0.112559 0.1303787 0.09607405 0.07861453 0.1289597 0.1146955 0.1135173 0.07500654 0.08434997 0.1091152 0.1155706 0.1129872 0.07827561 0.09425285 0.1282052 0.1584322 0.08624972 0.07368696 0.06435888 0.03488161 0.03321207 0.03075448 0.02267139 0.01807027 0.01675572 0.01739933 0.03331237 0.01911071 0.01176506 0.008577655 0.003100449 0.002362541 0.00187475 0.00468756 0.0009774776 0.000705223 0.0004924547 0.0005693241 0.000205203 0.000163216 0.0001419799 0.0001408166 0.0001682466 0.0001657624 0.0001648604 0.0001665935 9.083038e-005 9.095918e-005 9.176852e-005 9.263305e-005 9.272787e-005
0.1765837 0.1777181 0.1319579 0.1170355 0.1175096 0.1365134 0.1075504 0.116082 0.09020688 0.1477112 0.149935 0.08775385 0.06753983 0.08908781 0.1356404 0.1489416 0.157378 0.1133 0.1360362 0.1527943 0.156419 0.1195841 0.09754191 0.0719047 0.05068662 0.05506533 0.04732728 0.03513507 0.01743319 0.01893418 0.01743659 0.0200967 0.02253285 0.01058689 0.008319302 0.002929799 0.002102436 0.001552423 0.001735746 0.0008308244 0.0005801424 0.0004272775 0.0003743891 0.0001879723 0.0001575505 0.0001411749 0.0001410369 0.0001689988 0.0001666429 0.0001676435 0.0001687324 9.180127e-005 9.281545e-005 9.346594e-005 9.37436e-005 9.432125e-005
0.3029045 0.3428284 0.2654966 0.183017 0.1387053 0.1428121 0.1158685 0.09513358 0.1225621 0.1462165 0.1750729 0.1146776 0.08111361 0.08304002 0.09776638 0.1289047 0.1255315 0.1368561 0.1321092 0.1340994 0.1723627 0.1406365 0.0961524 0.09069283 0.05373364 0.03421926 0.04754495 0.04205175 0.03365072 0.02381082 0.02164575 0.02501395 0.0170998 0.0119599 0.01061448 0.005527487 0.004785403 0.004395084 0.002451477 0.00124069 0.0008728575 0.0006556348 0.0005943183 0.0007072896 0.000625406 0.0005811056 0.000583058 0.0006285584 0.0006270147 0.0006316052 0.0008612925 0.0001742066 0.0001757632 0.0001774577 0.0001785096 0.000178345
0.3154843 0.2576018 0.1639684 0.152795 0.1284879 0.1194891 0.1124744 0.1006023 0.1477305 0.1657278 0.1345684 0.1030565 0.08084854 0.07575918 0.09715133 0.1160885 0.1385854 0.1719692 0.1540267 0.1707396 0.1407307 0.1157343 0.09083866 0.09275707 0.06282286 0.063264 0.04790267 0.0502945 0.03928387 0.03182455 0.03389158 0.02137587 0.01314791 0.01729711 0.01052809 0.009457175 0.006287506 0.001433609 0.001239372 0.0009461626 0.0007011153 0.0005323902 0.0005046998 0.0006356013 0.0005962004 0.0005782138 0.000583122 0.000634571 0.0006361785 0.0006425449 0.0006462582 0.0001768037 0.0001780532 0.0001798414 0.0001813894 0.0001813085
0.3421228 0.3110657 0.1827335 0.191198 0.1389469 0.1719983 0.1599617 0.1962936 0.1703405 0.143968 0.1661026 0.1276299 0.08061679 0.0957964 0.1788935 0.1808186 0.1583744 0.1922901 0.2058607 0.1839802 0.1990837 0.1619454 0.1308256 0.1151677 0.09451254 0.07550859 0.08570676 0.09592801 0.05959904 0.041913 0.03086039 0.02562625 0.02198689 0.01534824 0.01460151 0.007893641 0.005843215 0.0013093 0.0008643638 0.0008960697 0.0007154855 0.000572757 0.0005374266 0.0006669039 0.00061829 0.0005941952 0.0005996879 0.0006521211 0.0006542724 0.000659013 0.0006644481 0.0001819094 0.0001833701 0.0001855057 0.0001871057 0.0001874259
0.3919977 0.3280118 0.2287408 0.2222738 0.1754542 0.1786824 0.364924 0.3405077 0.1786488 0.1098479 0.1391602 0.1172872 0.07918222 0.06543487 0.1025425 0.1578874 0.1475648 0.1818173 0.2038162 0.1680249 0.1971091 0.2118792 0.1676371 0.1644773 0.1755835 0.1103873 0.1176716 0.1278258 0.0589517 0.05538308 0.04132244 0.03007648 0.02997783 0.01907804 0.02458098 0.007528938 0.003115264 0.001150045 0.002244901 0.001092897 0.0009117975 0.0007754472 0.0006897642 0.0008010887 0.0006898684 0.0006325869 0.0006318633 0.0006839966 0.0006812286 0.0006847014 0.0006914313 0.0001899246 0.0001917358 0.0001944729 0.0001964353 0.0001966155
0.3751311 0.2722231 0.2945546 0.2102862 0.159023 0.2044245 0.2537051 0.252412 0.1748622 0.1311548 0.1779354 0.1640899 0.09774011 0.08444315 0.1144352 0.1552555 0.146047 0.1701326 0.1770153 0.1816412 0.1611888 0.1655212 0.1480421 0.1603594 0.1489342 0.1301966 0.1383458 0.1351892 0.1371056 0.1071133 0.07950013 0.04272329 0.03190634 0.02616533 0.03009567 0.009219923 0.003481667 0.002844207 0.003159433 0.001834872 0.001605187 0.00139162 0.001202575 0.000763485 0.0006176441 0.0005442758 0.0005383863 0.0006600179 0.0009252116 0.0007185193 0.0008556337 0.0006926376 0.0007303852 0.0007922126 0.0006384182 0.0004835568
0.2525403 0.2263883 0.2252067 0.1907763 0.1709031 0.2197969 0.2787927 0.2005149 0.1334336 0.135488 0.1732651 0.1429948 0.1302415 0.09499916 0.1426067 0.2069902 0.2078118 0.1560964 0.1471042 0.1318653 0.138769 0.1407017 0.1458286 0.1589093 0.1487712 0.1269749 0.1176691 0.1236108 0.1253558 0.1487117 0.1233763 0.08263512 0.08239768 0.06845516 0.03308733 0.01087965 0.005529067 0.002586071 0.001898832 0.002105363 0.001906671 0.001677715 0.001420585 0.0008734684 0.0006768351 0.000573413 0.0005652957 0.001224541 0.001647201 0.001432489 0.001502933 0.00153365 0.001545218 0.001461121 0.001237286 0.00102018
