contrib/geomasonDemos/riftland/DataFiles/RainData/.svn/text-base/99.txt.svn-base
ncols         56
nrows         54
xllcorner     28.264
yllcorner     -5.7719999999999
cellsize      0.25
NODATA_value  -9999
[rows 0 to 27 of 54, columns 0 to 55 of 56]
0.01196547 0.01192767 0.005092818 0.003048999 0.002269996 0.002268201 0.002081275 0.003228692 0.001220566 0.0006855041 0.001249385 0.004992133 0.004639736 0.002763449 0.001352864 0.001723677 0.0008196122 0.000789455 0.001887973 0.003754568 0.004281499 0.008592684 0.01067808 0.009246713 0.009390246 0.02326516 0.03521319 0.02352419 0.03280645 0.04348387 0.04360484 0.04731452 0.05449999 0.05020161 0.05872582 0.05562903 0.04878226 0.04392742 0.03104032 0.03106451 0.02742741 0.02087903 0.02917742 0.02485484 0.02104839 0.01848387 0.01482258 0.01676613 0.01420161 0.01182258 0.01042742 0.01287903 0.006620968 0.006564517 0.002741935 0.001459677
0.01656198 0.01340535 0.007236301 0.007000959 0.007680901 0.005222165 0.004876163 0.005234201 0.002774483 0.002578621 0.00234682 0.00903223 0.009916293 0.005918912 0.004228644 0.00428078 0.001649291 0.001262926 0.007001719 0.006094284 0.006542682 0.008505628 0.008681255 0.01255844 0.02359961 0.01626796 0.02266235 0.02989151 0.04165507 0.05358977 0.06184097 0.06807417 0.06013628 0.05542741 0.07004838 0.07978227 0.07012903 0.055 0.03912904 0.04475 0.02867742 0.02715322 0.04473387 0.01836291 0.01215323 0.01219355 0.01199193 0.02209677 0.01955645 0.01748387 0.01282258 0.007830645 0.004637097 0.003395161 0.003491936 0.001766129
0.0347618 0.01640804 0.01236616 0.02071253 0.01642537 0.01033145 0.007462682 0.007697995 0.00797866 0.005826441 0.007586238 0.00747156 0.0109477 0.005559806 0.006026164 0.002217585 0.003459828 0.00740613 0.005247933 0.007318707 0.009264146 0.01608915 0.01591558 0.02515067 0.0291338 0.03386845 0.04050301 0.04924223 0.05550848 0.04517185 0.0368672 0.06025743 0.06137972 0.08378984 0.08544867 0.1043604 0.09010485 0.07115323 0.05329033 0.04424999 0.05152419 0.05550806 0.03731452 0.01200806 0.01076613 0.005258064 0.01053226 0.01571774 0.02395161 0.02037903 0.01627419 0.01103226 0.004540323 0.002056452 0.0003951613 0.002620968
0.05923622 0.04975753 0.04007115 0.03222164 0.02534619 0.01994445 0.01428482 0.008395616 0.0125905 0.01040044 0.009066421 0.006183701 0.01014294 0.007725997 0.007281397 0.005201599 0.004934065 0.01222533 0.0110029 0.01158538 0.01213857 0.02247191 0.03805264 0.04198733 0.04427965 0.05533878 0.0711978 0.07380971 0.06073062 0.04763817 0.04478947 0.06095077 0.0902118 0.1018447 0.1001078 0.09980237 0.08727362 0.06748282 0.04764096 0.05250885 0.05980991 0.06161045 0.04457209 0.0241371 0.0253871 0.01520968 0.02618549 0.02072581 0.02469355 0.01859677 0.01625 0.01708871 0.007362904 0.003290322 0.0008467741 0.009048386
0.07445221 0.05087551 0.04315252 0.02109258 0.02627236 0.02270957 0.01964442 0.01152613 0.01361897 0.01521963 0.009942876 0.004856797 0.007191307 0.007808675 0.009920487 0.007382612 0.009324101 0.01101338 0.01719086 0.02014593 0.02818585 0.03466427 0.05639188 0.05332201 0.05922314 0.05889576 0.06318977 0.06952094 0.06573 0.06734424 0.06947713 0.08084556 0.1249499 0.1156168 0.1206245 0.1115186 0.0784472 0.04967499 0.052849 0.05423611 0.06371636 0.05680934 0.03881127 0.02765322 0.025 0.02430645 0.0423871 0.02174193 0.01942742 0.0115 0.01558065 0.01548387 0.0106129 0.00240937 0.002145161 0.0003225806
0.08583414 0.08194773 0.04280567 0.02395126 0.02604422 0.03824593 0.02453198 0.03197925 0.031782 0.01645564 0.007853484 0.008091236 0.009890358 0.01306852 0.00844012 0.01141476 0.01192387 0.01534385 0.01876606 0.03020625 0.05368768 0.05795106 0.07929648 0.0737989 0.07487421 0.05958245 0.05494672 0.0623138 0.06300391 0.08433379 0.08186883 0.07851285 0.119487 0.1163568 0.1189168 0.1163713 0.06957063 0.05426949 0.03700547 0.04780912 0.04642956 0.02944293 0.03287967 0.03574193 0.027 0.02890323 0.03000807 0.02439516 0.0116129 0.01340323 0.01741935 0.01254429 0.008548694 0.008834416 0.001613682 0.0006584852
0.09741543 0.09161878 0.04200226 0.02973181 0.02330382 0.05802673 0.02856916 0.03870425 0.03270099 0.03120683 0.0128822 0.01009026 0.01936337 0.02262908 0.01408955 0.02172253 0.03421845 0.01408647 0.01545302 0.03055412 0.054176 0.06157378 0.08112648 0.07591347 0.08194907 0.07138429 0.05143376 0.06631332 0.07940953 0.089037 0.08502591 0.07665858 0.1009386 0.1124195 0.09846971 0.08856412 0.07270972 0.04995353 0.03166183 0.04001624 0.02303376 0.02290555 0.02822668 0.03279949 0.02326912 0.01910484 0.01352419 0.01584677 0.01087123 0.00638981 0.009801277 0.006407987 0.001970993 0.005482658 0.007617352 0.001664933
0.0922013 0.05924552 0.02737708 0.02897797 0.01941608 0.02966226 0.01898137 0.02597537 0.03240767 0.03947104 0.01797129 0.02008696 0.03001802 0.03255089 0.05082056 0.03510829 0.03280789 0.03243738 0.02973375 0.02661378 0.04092497 0.05192827 0.05761709 0.05898973 0.06337933 0.06508581 0.0539616 0.06023002 0.08545885 0.0994724 0.1026447 0.08671071 0.1024635 0.1034992 0.07938611 0.06527986 0.05590925 0.06169011 0.03833318 0.03448921 0.02660257 0.02566329 0.02378436 0.02528095 0.03264771 0.02073701 0.01267821 0.01837614 0.008287625 0.006475255 0.005360283 0.004407011 0.002392498 0.002196356 0.0028076 0.006070322
0.09440137 0.07278131 0.03722246 0.04100826 0.0249639 0.03397758 0.02595728 0.02747845 0.03286686 0.02703567 0.02802537 0.02869028 0.03710544 0.04652777 0.07194805 0.04316128 0.04138193 0.04378311 0.04540095 0.04337404 0.0475495 0.04813118 0.05696611 0.05999737 0.04934912 0.03933548 0.05119566 0.06423526 0.08414248 0.1011892 0.1087634 0.08993219 0.1033798 0.113954 0.0954234 0.07300995 0.07373653 0.07580997 0.06324556 0.03661556 0.03053159 0.03391578 0.02567054 0.02298239 0.02044731 0.01999586 0.01448549 0.01294292 0.008666049 0.004726514 0.001905231 0.004565817 0.001922103 0.0005586926 0.0004214767 0.004023051
0.1551865 0.1164526 0.04644551 0.05859526 0.04992488 0.03669463 0.04028573 0.04451017 0.06101364 0.04226368 0.03557721 0.04553152 0.0622032 0.05536487 0.04400905 0.03004855 0.02293571 0.02390121 0.03227166 0.06383801 0.08331123 0.07985146 0.05076421 0.0410853 0.05309744 0.05353521 0.0524184 0.05331088 0.05892856 0.07127804 0.07117321 0.1028901 0.1288105 0.1240637 0.1176691 0.1116288 0.1076466 0.1030622 0.09010912 0.05257452 0.03282414 0.02336393 0.02853706 0.02089996 0.03014918 0.01494151 0.009250674 0.009681067 0.009574422 0.01281899 0.005076888 0.0009103746 0.0005732478 0 5.695492e-005 0.0033079
0.131856 0.08983988 0.06635226 0.06455539 0.05946957 0.06647751 0.06210723 0.06460212 0.06670846 0.07047375 0.05329742 0.0642465 0.06639231 0.06174969 0.04137792 0.05309794 0.02481777 0.02550095 0.0294787 0.09826617 0.08557221 0.06563618 0.04809256 0.06028262 0.0479681 0.0545792 0.04637063 0.04294194 0.05741079 0.0738753 0.07580935 0.08243973 0.1194014 0.1108173 0.09835012 0.09863107 0.09902295 0.1016547 0.09290043 0.05331599 0.04714799 0.03416863 0.0224704 0.02852605 0.02534488 0.01735831 0.01415743 0.01381438 0.01952771 0.01569942 0.008399815 0.0005998513 0.0009828217 0 0.0004875009 0.000317149
0.1233688 0.09784307 0.08114228 0.1097392 0.08296021 0.07011349 0.08707987 0.07944535 0.07550053 0.08237526 0.0659323 0.07281102 0.06043404 0.07051316 0.05394909 0.03896661 0.0471473 0.06425863 0.06889495 0.07886431 0.05959053 0.04669838 0.0597227 0.07055876 0.04971751 0.05156332 0.04629987 0.06455874 0.0816098 0.0797142 0.09718069 0.1007086 0.1304065 0.1038026 0.0939112 0.1082623 0.1306676 0.1137843 0.08930324 0.05077667 0.05430861 0.03727725 0.03013474 0.03150256 0.02517315 0.01436525 0.01596971 0.007004392 0.007746662 0.01359456 0.00800667 0.004688371 0.0022409 0.0006711237 0.001699504 0.002660261
0.1342978 0.2176314 0.2352407 0.1761713 0.09824168 0.06942653 0.08991826 0.09858713 0.08757193 0.08935868 0.08551612 0.07859124 0.06274389 0.05118213 0.0525583 0.0308721 0.04845939 0.05240779 0.05529112 0.05144303 0.06150566 0.03817338 0.04403854 0.04649388 0.04027848 0.04782373 0.06490376 0.07217011 0.06147896 0.06438275 0.08527882 0.1094566 0.09372694 0.07434064 0.08306421 0.09693146 0.1323614 0.1137091 0.1138103 0.06709179 0.03513114 0.03357132 0.03341594 0.03823708 0.02479556 0.01545619 0.01881211 0.01758147 0.009115695 0.003438157 0.003125958 0.002373311 0.002900436 0.0006732967 0.003897913 0.002717774
0.1536436 0.1441195 0.1398646 0.1437728 0.1471078 0.1003336 0.07379869 0.09436917 0.1116414 0.1195503 0.09811653 0.09494502 0.1053847 0.09083845 0.0625589 0.03930604 0.04425398 0.07993676 0.06344871 0.06007033 0.06777196 0.0525964 0.04338661 0.04376086 0.0397273 0.02954785 0.03492445 0.03756589 0.0269416 0.03384225 0.05358597 0.06965067 0.09097423 0.06060199 0.0906838 0.1051188 0.09835935 0.1102165 0.1246426 0.0744713 0.03673407 0.05710004 0.03563327 0.03205037 0.02005565 0.01347797 0.01440645 0.02402361 0.005432677 0.005715747 0.003372961 0.001323308 0.001207091 0.001471352 0.003125942 0.006957151
0.1532231 0.1072017 0.1441357 0.2003489 0.1585395 0.1623541 0.1080212 0.1168507 0.1151454 0.1085549 0.1235203 0.131076 0.1219309 0.1095668 0.08413312 0.05652882 0.07512225 0.1093865 0.0893354 0.06530157 0.05842188 0.06311972 0.05971316 0.05654999 0.03681748 0.03020105 0.02253077 0.02666489 0.01789931 0.02584378 0.02193757 0.0495745 0.05202901 0.04500434 0.08155003 0.07911085 0.0508395 0.05389436 0.0811281 0.06997872 0.05765845 0.04643792 0.0337365 0.01865617 0.01671409 0.01865611 0.0165565 0.01744915 0.009185855 0.002742871 0.002651875 0.003291969 0.0006852672 0.0008134 0.0008904565 0.001823589
0.1611484 0.09780983 0.1145257 0.1968772 0.1788258 0.156368 0.08327853 0.134049 0.2097866 0.1859697 0.1910847 0.1148843 0.1117423 0.07852598 0.08013251 0.0797975 0.06794013 0.09490918 0.1065938 0.06586497 0.04451624 0.04442544 0.03694519 0.04992562 0.03486973 0.01423396 0.01542884 0.03509526 0.03331657 0.0312711 0.02241296 0.0274315 0.03424456 0.04054449 0.05873014 0.08605276 0.05392894 0.02360304 0.03176443 0.05493042 0.06703518 0.05510268 0.02376899 0.02430479 0.02502964 0.01528165 0.01485927 0.01053848 0.005300139 0.004856483 0.01612422 0.0422106 0.005845377 0.003766965 0.0006482435 0.0007241087
0.1765409 0.1509881 0.1637627 0.1996945 0.161842 0.1621489 0.1253283 0.2105697 0.2255674 0.2786939 0.1999072 0.1396439 0.1151034 0.07279209 0.06039925 0.04747624 0.04062172 0.05955566 0.08065349 0.05857857 0.05868493 0.05210246 0.03047192 0.03331896 0.03888462 0.02440116 0.017648 0.03474848 0.03065309 0.0257038 0.02253784 0.02984996 0.02116848 0.02477183 0.02829827 0.02737171 0.01916472 0.02045193 0.03584569 0.04998183 0.01962511 0.02188176 0.0196432 0.0354864 0.0169441 0.02499202 0.01014739 0.01579622 0.01671239 0.007314406 0.01471577 0.03463112 0.0221164 0.01293069 0.000838207 0.0009020368
0.1405753 0.1171852 0.1487314 0.1928855 0.1398206 0.1189728 0.1379571 0.2598132 0.2535657 0.19881 0.1931044 0.135002 0.07965767 0.07076772 0.06758327 0.03736075 0.04798933 0.08199918 0.08227674 0.07120857 0.05823262 0.040468 0.02810331 0.02957311 0.0431683 0.02536951 0.02809441 0.02506481 0.02196837 0.02117297 0.02584547 0.03744396 0.03318672 0.02257387 0.02103031 0.01913854 0.02586163 0.02494686 0.03937517 0.02913607 0.02105658 0.01994803 0.01725002 0.02084048 0.01931293 0.02725246 0.03589283 0.02965473 0.02468842 0.01272575 0.04207136 0.01496626 0.03574787 0.01088778 0.00313507 0.00646595
0.1352468 0.1578108 0.1509541 0.1681693 0.1420895 0.1398875 0.1630514 0.2467444 0.2584454 0.1711661 0.1988896 0.1732221 0.1094291 0.07265895 0.0737187 0.1153442 0.1180063 0.0856267 0.1390173 0.1089526 0.06910837 0.0547555 0.02791959 0.03056544 0.03657031 0.02160308 0.02236145 0.04126551 0.02409098 0.02221758 0.02408585 0.01972704 0.03219428 0.02906493 0.02159584 0.01229308 0.0119665 0.008516459 0.005467329 0.01900755 0.01290141 0.01380336 0.01177533 0.0147794 0.02035978 0.01535058 0.02425961 0.02658403 0.02409675 0.01510257 0.03737196 0.01703629 0.01833818 0.021978 0.02883491 0.01526978
0.1741575 0.1669443 0.218482 0.1901168 0.1996797 0.1923202 0.2217822 0.1631868 0.1500863 0.1616258 0.1758247 0.1220656 0.05875922 0.08733461 0.1298115 0.1536075 0.1507889 0.1404423 0.124948 0.1060531 0.103009 0.07092866 0.05484033 0.02403233 0.02620229 0.0192259 0.0303341 0.04574788 0.02818727 0.02226581 0.01989065 0.02096363 0.02811708 0.02771634 0.02497651 0.01984047 0.01504993 0.01311638 0.01250541 0.01463527 0.01374211 0.01221371 0.01353299 0.01081103 0.01545851 0.01956599 0.008550957 0.007429007 0.01962707 0.006322249 0.006847922 0.004465947 0.0294805 0.02720365 0.02119918 0.01944656
0.2252698 0.2280191 0.2839114 0.2110825 0.2373194 0.1911102 0.123595 0.1606201 0.132791 0.2052772 0.1902252 0.09008481 0.08129004 0.1275647 0.1360156 0.1841266 0.1815244 0.1720275 0.1189434 0.07937007 0.06710487 0.07765418 0.06660847 0.04561842 0.02991283 0.03040383 0.04346549 0.04540715 0.03521566 0.02764969 0.0220151 0.01995213 0.02395517 0.03036264 0.02921257 0.02063858 0.01574284 0.02293176 0.02283494 0.02769376 0.01813581 0.01287246 0.01746667 0.01468148 0.01329884 0.0163057 0.01012882 0.007927779 0.005264742 0.005201973 0.01535167 0.002112187 0.018206 0.02354759 0.009964408 0.02080233
0.2971703 0.2884711 0.3478687 0.323055 0.2574622 0.2574928 0.1772942 0.2320152 0.2095829 0.1819785 0.1488916 0.06094057 0.07689945 0.1484941 0.2020853 0.25182 0.1435467 0.1409795 0.09736083 0.1019231 0.1345337 0.1287925 0.1042609 0.1115166 0.05909321 0.05220452 0.05351153 0.05822295 0.0462729 0.06141035 0.03799224 0.03018984 0.01832773 0.02248908 0.02302102 0.02002975 0.02082676 0.02510476 0.01555172 0.0301006 0.02227677 0.01547082 0.02146154 0.01990505 0.01238913 0.00716076 0.005532364 0.005981507 0.009457819 0.007790016 0.01430546 0.01446189 0.02633066 0.02695016 0.03764583 0.0363326
0.3310111 0.3489963 0.2913491 0.3422968 0.2956847 0.2636175 0.3108753 0.3723511 0.2565486 0.1652873 0.1502845 0.09469429 0.09691367 0.1707052 0.1537693 0.1589207 0.1723739 0.1418621 0.1087368 0.1282704 0.1479979 0.1834792 0.1458232 0.113941 0.1287076 0.07953521 0.04774994 0.05902123 0.05796496 0.05835371 0.03746472 0.02973292 0.03166722 0.02245515 0.02308722 0.01699117 0.01471738 0.01428782 0.01654345 0.01419805 0.02302209 0.01992334 0.01041261 0.01170787 0.007871486 0.009120467 0.01018705 0.006813654 0.01588676 0.05170217 0.04137927 0.04147918 0.02082828 0.05495647 0.1272628 0.07467785
0.3297501 0.3350757 0.22212 0.2300148 0.2647751 0.2314639 0.2452058 0.2523345 0.1741421 0.1451479 0.1739311 0.1118251 0.103789 0.1664553 0.1393148 0.1121518 0.1849986 0.1722781 0.1955613 0.1837967 0.1804844 0.2082153 0.1907833 0.1453293 0.1412907 0.1191241 0.1086908 0.07908089 0.07859042 0.05448781 0.04304796 0.0257947 0.02528023 0.03912493 0.01865373 0.01703786 0.01677821 0.01282606 0.01206232 0.01325683 0.01453277 0.0117405 0.0103807 0.006314124 0.005228189 0.004574623 0.005216872 0.009316916 0.0140019 0.03122237 0.04578163 0.05107041 0.01486546 0.03744649 0.06336598 0.03774483
0.2934157 0.4031617 0.2098632 0.1221356 0.1782874 0.1630335 0.1373098 0.1446639 0.1369728 0.1215001 0.1063275 0.08709658 0.1166536 0.1538603 0.1190764 0.09345378 0.07801217 0.09605292 0.1573599 0.2064423 0.1848263 0.1797416 0.1970628 0.1414761 0.1226758 0.1301651 0.1122661 0.1043116 0.08934056 0.08086587 0.05638546 0.04285399 0.03099612 0.03277542 0.01584084 0.01841307 0.01835235 0.01456724 0.01321207 0.01368501 0.01330954 0.01214821 0.01042815 0.00630106 0.005125125 0.004454104 0.0042789 0.005661174 0.01300335 0.01651894 0.03253262 0.05166991 0.0257445 0.02659192 0.02202893 0.02590505
0.3346801 0.3475952 0.2124294 0.1469577 0.1306583 0.1728444 0.1478035 0.1217587 0.09078192 0.1280519 0.1306663 0.1483358 0.1857772 0.2296755 0.1789054 0.1345076 0.09748297 0.1114314 0.12619 0.1832032 0.2102181 0.2222926 0.2510825 0.1746706 0.1569687 0.1368088 0.09814536 0.1138733 0.1334259 0.1247877 0.103832 0.06465044 0.04948546 0.03748689 0.01757048 0.02292502 0.02006421 0.01514112 0.0141668 0.01500989 0.01458806 0.0131238 0.01145033 0.006945396 0.005764541 0.005117605 0.01564405 0.006592826 0.009522839 0.007187075 0.00942692 0.01163714 0.0162947 0.01558155 0.02026246 0.01570749
0.2859771 0.2998085 0.1754744 0.1683715 0.1256446 0.1602379 0.1449219 0.1211508 0.1349741 0.1405471 0.170468 0.191219 0.217888 0.211015 0.1266898 0.1417463 0.1109588 0.1450204 0.1689913 0.2327418 0.2755806 0.1959342 0.1773268 0.1817484 0.1673038 0.1261984 0.08745253 0.1259011 0.1135419 0.1109083 0.1195428 0.04666032 0.04373841 0.03865081 0.02569826 0.02278004 0.02030773 0.01676112 0.01698703 0.01745442 0.01657053 0.01518995 0.0134591 0.008713151 0.007156459 0.00642125 0.007115036 0.007203289 0.006700832 0.007530936 0.01006667 0.008182882 0.01925971 0.004469723 0.007372186 0.03856109
0.2567562 0.2146066 0.130337 0.1680933 0.1658723 0.1733569 0.1794289 0.1717951 0.1698351 0.1494679 0.1864641 0.216042 0.2354725 0.2000539 0.1602456 0.1486012 0.1410108 0.1787204 0.1944159 0.3011281 0.2811783 0.2025874 0.1626433 0.2258256 0.2065797 0.2091047 0.15634 0.1668275 0.1304554 0.1155686 0.1121551 0.1019426 0.08110496 0.06321988 0.05671096 0.04167083 0.03633559 0.03207934 0.02973543 0.02042749 0.01939633 0.01855495 0.01692423 0.01319488 0.0124249 0.0115761 0.0100099 0.009655576 0.009052951 0.01054633 0.01165459 0.02417814 0.03565922 0.026284 0.02041166 0.02511987
