contrib/distributed-geomason/src/main/java/sim/app/geo/dwaterworld/data/elevation.txt
ncols         285
nrows         143
xllcorner     -122.26638888878
yllcorner     42.855833333
cellsize      0.0011111111111859
NODATA_value  -9999
[rows 0 to 42 of 143, columns 0 to 95 of 285]
80 75 72 71 68 62 55 45 43 41 42 48 53 60 64 68 73 76 75 72 72 73 73 73 72 70 70 70 71 72 73 74 75 75 75 77 78 79 81 83 85 88 89 90 91 92 92 93 95 98 98 99 100 102 103 103 104 105 105 105 105 105 105 106 107 107 107 107 107 108 110 111 113 113 114 114 115 117 119 120 121 123 126 127 127 128 128 128 128 129 129 128 128 128 128 126
78 79 79 77 75 67 56 46 44 44 44 47 57 62 66 68 69 70 70 71 71 74 76 75 76 74 72 72 72 73 74 74 75 77 78 78 79 80 82 83 85 86 89 91 92 92 92 93 95 101 102 102 101 102 103 104 105 105 106 106 106 106 107 107 108 107 107 108 107 108 110 113 115 117 119 118 120 122 124 125 125 127 129 130 130 130 131 131 131 132 132 130 130 130 128 127
75 78 77 76 74 67 60 51 46 47 50 55 59 63 64 66 67 67 68 69 71 76 74 74 75 75 74 74 74 74 75 76 77 78 80 81 83 84 84 85 85 87 88 89 92 94 93 93 96 99 101 104 104 104 104 104 105 106 106 106 107 107 108 108 108 109 109 109 109 109 110 111 114 115 119 122 123 125 127 128 128 129 130 131 131 132 132 132 132 132 132 132 132 130 125 124
72 74 76 75 73 69 65 61 58 58 58 58 59 61 62 63 65 67 69 69 69 71 70 71 71 72 73 74 75 76 77 77 78 80 82 83 85 87 86 87 87 87 88 89 90 92 93 93 94 96 100 105 105 105 105 105 105 105 106 107 107 108 108 109 109 109 110 110 110 110 110 111 113 115 117 122 124 125 127 129 130 130 130 131 131 131 131 131 132 132 132 133 133 131 127 127
72 72 76 76 72 68 65 62 60 60 59 59 59 60 61 63 64 65 68 70 70 68 68 69 69 70 72 73 74 76 77 78 79 81 83 86 87 87 87 88 88 88 89 90 91 92 93 93 94 95 96 101 104 106 107 106 106 106 107 107 108 108 109 109 110 110 110 111 111 111 111 112 115 116 116 118 121 123 125 127 128 129 130 130 130 129 129 129 130 131 133 134 134 133 131 130
72 72 73 72 68 64 61 59 58 58 58 58 58 59 60 61 62 65 67 68 68 66 66 67 68 69 70 71 73 75 76 78 80 82 83 84 86 88 88 89 89 89 90 91 91 92 93 94 94 95 96 98 102 105 107 107 107 107 107 108 108 109 109 110 110 111 111 112 112 112 113 113 116 117 118 119 121 122 125 126 127 128 129 129 129 129 129 129 129 131 135 136 135 134 133 132
72 71 70 68 63 59 57 56 56 55 55 55 56 56 57 58 60 62 64 64 64 64 64 64 65 67 69 70 72 73 75 77 78 80 82 84 85 87 88 90 90 90 90 91 92 93 93 94 95 95 96 99 102 102 102 104 106 107 108 108 109 110 110 110 111 111 112 112 113 114 115 116 118 119 119 120 121 122 124 127 127 128 128 128 129 129 129 130 132 133 137 137 136 135 135 135
70 69 67 62 57 55 54 54 53 52 52 53 54 55 57 57 58 60 61 62 62 62 62 62 63 64 66 68 70 72 74 75 77 79 81 83 85 86 88 89 89 90 91 92 92 93 94 95 95 96 99 100 100 100 101 102 105 109 109 109 109 110 111 111 112 112 112 113 114 115 116 117 118 119 120 120 121 122 124 126 127 127 128 129 129 129 130 132 135 138 140 139 138 137 137 137
68 65 60 55 53 52 51 51 51 50 50 52 54 55 56 56 56 57 58 60 61 60 59 59 59 60 63 65 68 69 70 73 74 77 79 80 83 84 85 86 88 89 91 92 93 93 94 95 96 97 98 98 99 100 101 103 107 109 110 111 113 113 113 112 113 113 114 114 115 116 117 118 119 120 120 121 122 123 125 125 126 127 129 131 130 131 132 134 137 140 142 143 143 140 138 139
63 57 52 51 50 50 49 49 49 49 49 50 53 53 53 54 54 55 57 58 60 60 57 57 58 59 61 62 64 65 67 70 74 77 79 81 82 83 84 86 88 89 91 92 93 94 94 95 96 97 98 99 100 101 101 103 105 107 109 113 115 117 118 118 114 115 116 116 116 117 118 119 120 121 121 122 123 123 124 125 127 129 131 134 134 136 137 139 142 144 148 152 152 146 142 141
54 48 47 48 48 48 47 47 46 46 48 49 48 49 50 51 52 53 55 57 57 59 59 56 56 58 62 64 65 66 67 69 72 75 78 80 81 82 84 85 87 88 90 92 93 94 95 96 96 97 99 99 100 102 103 104 105 106 108 112 113 115 116 117 116 117 118 118 119 120 120 120 120 121 123 123 123 124 124 126 131 135 138 140 141 143 146 150 153 158 163 169 170 162 152 148
44 44 46 46 46 45 44 43 43 43 43 44 44 45 46 47 49 50 53 55 53 55 56 56 56 59 64 66 67 69 71 71 72 74 76 79 81 83 84 85 87 88 91 92 94 94 95 96 97 98 99 100 101 101 102 103 105 107 110 111 112 114 115 116 116 118 119 120 120 121 123 123 123 124 124 124 124 125 127 130 135 140 143 146 151 152 158 166 171 177 184 188 184 178 172 166
38 43 45 45 44 41 39 39 39 38 37 37 38 39 41 43 46 47 49 52 51 52 52 54 56 59 64 68 70 71 72 73 75 77 79 81 82 83 86 86 87 90 93 94 94 95 96 97 98 99 99 100 101 102 103 104 106 107 110 112 113 115 116 117 117 119 120 121 122 123 124 125 126 127 126 126 126 127 130 133 139 146 149 150 153 159 169 178 188 198 206 206 201 192 188 188
33 37 40 42 40 36 34 34 34 34 33 34 34 34 36 39 43 45 46 48 48 49 52 53 55 58 63 70 72 73 74 76 77 78 80 81 82 84 87 89 90 91 93 94 95 96 97 98 99 99 100 101 101 102 103 105 107 108 110 112 114 116 117 118 119 120 121 122 122 123 125 127 128 130 129 131 132 132 134 135 139 147 151 153 155 159 168 181 197 214 228 225 217 210 207 209
30 31 33 34 34 32 30 30 31 31 31 31 31 31 33 35 40 43 45 46 47 49 51 53 54 57 62 68 72 73 75 76 77 78 80 81 83 85 88 90 91 93 94 94 95 96 97 98 99 100 101 102 103 104 104 106 107 109 111 112 114 116 118 119 120 121 122 123 124 124 126 129 131 132 133 134 136 137 137 138 141 146 151 154 157 159 166 178 193 209 227 243 241 237 233 227
26 27 28 28 28 28 27 28 28 29 29 29 30 30 31 34 37 41 43 45 47 50 51 53 55 60 63 66 69 71 73 75 77 78 79 81 83 85 89 90 91 94 94 95 95 96 98 99 100 101 102 103 104 105 107 108 109 110 111 113 115 117 118 119 121 122 124 125 125 126 127 129 133 134 136 137 138 139 140 142 144 148 151 153 156 158 164 177 188 200 217 236 249 247 243 239
23 24 25 26 26 26 26 26 26 26 27 28 29 30 30 34 38 40 42 45 47 49 50 53 58 63 66 68 68 70 72 73 76 77 79 81 83 85 87 89 91 93 93 94 95 96 98 99 100 101 102 103 105 107 108 109 111 112 113 114 116 117 119 120 122 124 125 127 128 129 130 130 134 136 138 141 142 143 144 145 146 148 151 153 157 162 162 168 177 190 203 216 228 238 245 241
21 22 24 24 24 24 24 24 24 24 24 26 28 29 32 36 39 41 43 45 48 51 54 59 62 65 67 69 70 71 72 72 74 76 78 81 83 85 87 89 90 91 92 93 95 96 98 99 100 101 103 104 107 108 109 110 112 113 114 115 117 118 120 121 124 126 127 129 130 131 132 133 135 137 140 143 145 148 150 149 149 150 152 153 156 160 164 167 171 177 190 201 208 215 223 227
18 20 21 22 21 21 21 21 22 21 23 26 28 30 33 36 39 42 47 52 54 56 59 63 65 66 68 71 72 72 73 74 75 76 78 81 83 84 86 88 89 90 92 93 94 96 97 99 100 102 103 105 107 108 109 111 112 113 115 116 118 119 121 123 124 126 129 130 131 133 134 135 138 141 142 145 149 151 153 153 152 153 155 156 157 158 165 169 173 178 184 193 201 204 208 211
14 17 18 18 17 16 16 17 18 20 23 27 30 33 37 40 43 48 56 61 64 65 65 68 70 69 70 73 74 75 76 76 77 78 79 81 83 85 86 87 89 90 91 93 94 95 97 99 101 103 104 106 107 109 110 111 112 113 115 116 118 120 122 123 124 126 129 131 132 134 135 137 141 144 144 148 152 153 154 155 155 155 157 160 161 163 168 172 176 180 184 192 200 201 204 204
11 12 12 12 11 11 15 19 20 22 24 26 31 37 42 44 46 49 55 61 65 70 72 75 76 76 75 75 77 78 78 79 80 81 81 81 83 85 86 88 89 90 92 94 95 97 99 101 102 104 106 107 109 110 111 111 113 114 115 116 118 121 123 124 126 128 129 132 134 135 137 138 142 144 146 150 152 154 155 157 157 156 158 163 166 168 172 173 175 180 184 191 197 198 199 198
7 7 7 7 7 13 16 18 20 21 23 26 30 33 39 44 47 50 54 57 61 65 69 72 75 79 83 84 82 80 80 82 84 85 84 84 84 85 87 88 90 91 93 95 97 99 101 103 104 105 107 108 109 111 112 112 113 115 116 117 119 120 123 129 133 132 132 134 136 138 139 141 142 144 146 149 153 155 156 158 160 160 160 164 169 171 175 176 176 179 182 185 190 191 191 192
3 4 6 8 9 11 13 16 19 21 23 26 29 32 37 43 47 50 52 54 57 60 63 67 71 77 85 89 89 85 85 87 90 89 87 87 87 88 89 90 91 92 94 95 97 98 101 103 105 106 107 108 110 112 113 113 114 115 116 118 119 120 123 129 134 135 135 137 139 140 142 143 145 146 148 150 153 156 158 159 161 161 162 165 169 171 175 177 177 178 180 182 184 186 187 188
5 7 9 11 12 13 14 15 18 21 23 25 28 33 38 43 46 48 50 52 55 58 63 68 74 81 89 92 92 92 94 96 97 97 90 89 89 91 92 92 93 93 94 95 97 100 103 105 106 107 108 109 111 112 113 114 115 116 117 119 120 121 123 125 131 136 138 139 140 142 143 145 146 148 149 151 153 155 157 159 161 162 163 165 167 168 171 175 177 179 180 182 183 184 185 186
7 8 9 11 13 14 15 16 18 21 23 26 29 33 36 40 43 46 49 53 56 59 63 68 73 76 81 86 89 93 97 101 103 100 94 91 91 92 94 99 102 102 100 99 99 101 106 107 107 107 108 110 112 113 114 115 116 117 118 120 121 123 124 125 131 138 139 140 141 142 144 146 148 150 151 152 154 155 157 159 161 163 164 165 166 168 170 174 177 179 181 183 184 185 186 187
8 10 11 12 14 16 17 18 19 22 24 27 30 32 36 40 45 48 51 54 57 60 65 69 72 75 78 82 88 92 98 106 108 102 99 99 97 99 103 108 109 110 110 110 110 108 109 110 109 109 110 111 113 115 115 115 116 118 121 124 127 129 130 130 131 137 140 141 143 144 146 147 150 152 153 154 155 156 158 159 161 163 165 166 167 168 171 175 178 180 182 183 184 186 187 187
9 10 12 13 15 16 18 19 22 24 27 29 32 37 42 44 47 50 52 56 59 62 66 69 71 75 80 84 89 92 95 103 108 108 108 109 109 109 111 112 113 114 115 115 116 117 118 117 116 116 116 117 122 126 127 124 124 131 136 139 140 140 139 138 140 142 142 143 144 146 148 149 151 153 154 155 156 157 159 160 161 163 164 166 168 171 172 174 178 181 183 184 185 186 187 188
9 10 12 13 14 16 18 22 24 24 26 28 34 40 43 45 46 48 51 55 59 63 67 69 72 75 79 81 85 89 93 97 103 106 107 109 109 110 111 114 116 117 117 118 119 123 126 127 128 128 129 131 134 136 137 136 138 141 143 144 144 144 145 146 146 146 146 146 147 148 150 152 153 155 156 156 157 158 160 161 162 164 165 167 169 175 177 178 180 182 184 185 186 187 188 190
8 10 11 14 15 15 17 18 20 21 23 28 34 40 45 46 48 50 52 54 57 60 64 66 69 72 76 80 87 91 92 96 103 105 105 105 106 107 110 112 110 110 114 120 122 125 128 130 131 132 134 135 138 139 140 140 141 143 145 146 147 148 149 151 150 149 149 149 150 151 152 153 155 156 157 158 159 160 161 162 164 165 167 168 170 176 180 182 183 184 185 186 188 188 190 191
7 9 11 12 13 14 15 16 17 18 20 25 31 37 41 44 47 50 53 57 60 63 64 64 66 69 74 80 87 89 93 97 102 104 104 103 104 106 109 107 103 105 108 114 117 120 124 128 130 131 133 135 137 139 140 141 142 144 145 147 148 149 150 151 152 151 151 151 153 154 155 155 156 157 158 159 160 161 163 164 165 167 169 171 172 175 179 182 184 185 186 187 188 189 190 192
7 9 10 11 11 12 13 14 15 16 18 21 25 27 31 39 46 50 53 56 57 58 58 58 60 64 68 74 81 86 93 96 100 103 103 102 102 103 102 101 101 102 105 108 110 111 113 118 125 130 133 134 136 138 140 141 143 144 145 146 147 147 148 150 151 152 153 153 155 156 157 157 157 158 160 161 162 163 164 166 168 170 172 174 176 177 179 183 185 186 187 188 189 190 191 193
4 5 6 7 9 9 11 12 14 18 21 22 24 25 28 33 40 45 47 48 48 48 50 54 59 63 67 70 75 82 89 95 98 100 100 99 98 98 98 98 99 100 103 105 107 107 111 116 122 128 131 132 135 137 139 140 141 142 143 144 145 146 148 150 151 152 154 155 156 157 158 158 159 160 161 162 163 164 166 168 169 172 175 177 179 180 181 183 185 187 189 190 190 192 193 196
9 11 11 11 11 12 12 13 14 19 24 27 28 29 29 31 34 37 39 41 42 45 50 54 59 64 71 74 77 81 86 91 93 94 95 96 96 97 97 97 98 99 101 102 103 105 107 112 118 122 127 130 132 133 134 135 136 138 140 142 144 146 147 149 151 153 155 156 157 157 158 159 160 161 162 163 164 165 167 169 171 173 175 178 180 182 183 184 186 188 190 191 192 194 195 197
10 11 11 11 12 14 17 20 23 26 30 34 34 35 35 34 35 36 38 40 43 46 51 54 59 66 71 75 77 80 83 87 89 91 93 95 95 96 96 97 98 99 101 102 103 105 109 116 117 118 121 122 124 127 130 132 134 137 140 142 144 146 148 150 152 153 155 156 157 158 159 160 161 162 163 165 165 166 168 170 172 174 176 179 181 183 185 186 188 189 191 193 195 197 198 200
7 8 10 12 17 23 27 30 32 34 36 38 38 38 39 39 40 40 40 42 45 50 53 56 63 70 73 76 80 81 84 87 88 90 93 94 95 96 97 98 99 100 102 103 104 106 109 113 115 115 117 119 122 125 128 132 135 138 141 144 146 148 150 151 153 154 155 156 157 158 159 160 161 162 164 165 166 167 168 171 174 175 177 180 182 184 186 188 190 191 192 194 196 199 201 203
6 11 15 20 25 29 33 35 38 39 39 39 39 40 41 42 43 43 44 45 50 55 62 66 69 75 78 79 80 83 86 87 89 91 93 94 95 95 96 98 99 101 103 104 105 107 109 111 113 115 117 121 123 127 131 134 137 140 143 145 147 149 151 152 153 154 155 156 157 158 159 160 161 162 164 165 166 167 169 170 173 175 178 181 183 186 188 190 192 194 195 196 198 201 203 205
10 17 23 26 30 34 39 41 41 41 40 40 41 42 44 46 46 46 47 48 52 57 63 67 71 76 80 81 81 83 85 86 88 90 92 93 94 95 96 97 99 101 102 103 105 107 109 110 112 115 118 121 125 129 131 134 137 140 143 145 147 149 150 151 152 154 156 157 158 159 160 160 162 163 165 165 166 167 169 173 177 178 180 182 185 187 189 192 195 197 198 199 200 202 205 207
14 22 27 31 35 38 40 41 40 40 40 41 44 49 51 53 53 51 50 51 52 55 60 69 76 77 79 80 81 83 84 85 87 90 91 91 90 91 94 95 96 97 98 101 104 107 108 109 112 115 119 122 126 129 131 133 136 137 138 141 144 146 147 150 154 158 158 159 159 159 160 161 162 163 165 167 169 169 169 174 180 184 186 186 186 188 190 193 196 198 201 204 204 204 206 210
19 24 28 29 30 31 32 34 36 38 39 41 47 54 56 54 52 51 50 51 53 56 65 74 76 76 76 77 80 82 83 84 86 87 89 87 83 83 86 89 90 91 94 98 102 104 104 106 108 112 116 119 122 125 128 131 132 131 132 136 139 143 145 148 155 159 159 158 160 161 161 162 164 165 166 169 173 175 177 178 182 185 189 191 191 191 192 193 196 200 203 206 207 208 209 212
17 18 19 22 25 27 29 32 34 35 36 39 46 49 47 46 46 47 49 51 56 63 68 71 71 72 73 75 80 81 80 80 81 81 80 78 79 80 81 83 86 90 94 97 99 101 101 103 105 109 113 116 120 122 125 126 126 127 130 134 136 138 140 144 148 151 154 158 161 163 164 165 167 168 171 172 173 176 179 182 184 186 190 194 196 197 197 199 200 202 202 204 208 211 213 214
13 15 17 21 25 28 30 31 34 36 39 43 43 42 42 44 45 48 52 56 60 64 65 66 67 69 71 73 74 76 75 74 73 74 75 76 77 79 80 83 87 90 94 96 97 99 100 101 104 107 110 114 116 119 121 122 123 124 126 131 133 134 137 141 145 148 153 159 164 165 166 168 171 174 176 177 177 179 183 187 189 190 192 195 197 201 204 205 207 207 207 208 210 213 216 218
11 15 18 24 28 33 34 35 37 37 37 38 39 39 40 43 50 56 58 59 61 63 64 66 67 68 69 68 68 68 68 67 69 71 73 75 77 79 80 81 84 87 91 94 96 97 99 101 103 106 109 112 114 116 118 120 121 123 124 126 129 133 137 139 143 148 155 160 162 164 167 170 173 178 181 183 185 185 188 191 194 195 197 199 199 202 210 216 214 214 215 213 214 216 218 220
11 13 18 24 31 35 35 34 33 32 33 34 36 37 39 41 48 54 57 58 59 62 64 64 66 68 68 67 64 62 62 64 66 69 74 78 80 81 81 82 84 86 89 92 94 96 99 102 104 107 109 111 113 115 116 118 120 122 123 125 128 131 135 139 145 151 157 160 161 163 167 171 175 179 185 189 189 190 192 195 198 200 204 205 204 205 207 218 222 221 221 219 219 221 223 225
