contrib/distributed-geomason/src/main/java/sim/app/geo/dwaterworld/data/elevation.txt
ncols         285
nrows         143
xllcorner     -122.26638888878
yllcorner     42.855833333
cellsize      0.0011111111111859
NODATA_value  -9999
[rows 86 to 128 of 143, columns 96 to 191 of 285]
211 189 170 149 137 129 127 127 127 127 127 127 127 127 127 127 127 127 127 127 127 127 127 127 127 127 127 127 127 127 127 127 127 127 127 127 127 127 127 127 127 127 127 127 127 127 127 127 127 127 127 127 127 127 127 127 127 127 127 127 127 127 127 127 127 127 127 127 127 127 127 127 127 127 127 127 127 127 127 127 127 127 127 133 151 172 191 209 229 253 255 255 253 249 244 240
232 213 194 180 164 159 156 142 128 127 127 127 127 127 127 127 127 127 127 127 127 127 127 127 127 127 127 127 127 127 127 127 127 127 127 127 127 127 127 127 127 127 127 127 127 127 127 127 127 127 127 127 127 127 127 127 127 127 127 127 127 127 127 127 127 127 127 127 127 127 127 127 127 127 127 127 127 127 127 127 127 130 139 152 172 187 203 226 250 255 255 255 254 251 246 240
232 233 229 217 197 200 183 164 143 131 127 127 127 127 127 127 127 127 127 127 127 127 127 127 127 127 127 127 127 127 127 127 127 127 127 127 127 127 127 127 127 127 127 127 127 127 127 127 127 127 127 127 127 127 127 127 127 127 127 127 127 127 127 127 127 127 127 127 127 127 127 127 127 127 127 127 127 127 127 133 139 161 175 186 192 208 225 244 255 255 255 255 254 251 247 242
225 223 225 231 231 227 208 194 177 157 146 140 137 129 127 127 127 127 127 127 127 127 127 127 127 127 127 127 127 127 127 127 127 127 127 127 127 127 127 127 127 127 127 127 127 127 127 127 127 127 127 127 127 127 127 127 127 127 127 127 127 127 127 127 127 127 127 127 127 127 127 127 127 127 127 127 127 127 140 161 176 193 208 221 231 246 250 255 255 255 255 255 253 249 246 241
219 219 220 221 222 223 223 218 202 189 180 172 172 166 148 130 127 127 127 127 127 127 127 127 127 127 127 127 127 127 127 127 127 127 127 127 127 127 127 127 127 127 127 127 127 127 127 127 127 127 127 127 127 127 127 127 127 127 127 127 127 127 127 127 127 127 127 127 127 127 127 127 127 127 127 127 127 138 168 186 190 193 199 215 236 253 255 255 255 255 255 253 250 247 242 234
213 214 213 208 207 210 214 219 223 218 209 203 204 193 173 150 138 132 132 132 130 128 127 128 133 128 127 127 127 127 127 128 126 127 128 127 127 127 127 127 127 127 127 127 127 127 127 127 127 127 127 127 127 127 127 127 127 127 127 127 127 127 127 127 127 127 127 127 127 127 127 127 127 127 127 127 136 165 184 185 183 183 190 202 220 237 251 255 255 255 255 251 247 243 239 229
202 203 203 202 204 209 215 219 223 226 228 227 223 213 211 187 173 161 165 160 162 155 154 153 160 146 142 135 129 127 129 134 140 140 142 146 130 127 127 127 127 127 127 127 127 127 127 127 127 127 127 127 127 127 127 127 127 127 127 127 127 127 127 127 127 127 127 127 127 127 127 127 127 127 131 143 166 185 184 180 176 176 183 198 212 226 235 245 253 255 253 248 243 238 231 221
192 195 197 200 204 208 212 215 221 226 229 230 230 230 229 224 218 198 197 192 198 198 191 194 195 191 186 167 158 147 151 158 168 173 170 167 145 134 127 127 127 127 127 127 127 127 127 127 127 127 127 127 127 127 127 127 127 127 127 127 127 129 127 127 127 127 130 134 131 129 130 137 144 152 164 184 207 193 180 174 171 171 175 188 206 216 221 228 238 247 248 245 240 233 223 213
190 193 199 201 201 205 210 216 220 222 224 225 227 231 231 230 228 223 219 217 219 225 227 233 238 238 216 201 185 190 187 185 196 200 197 184 166 152 133 127 127 127 127 127 127 127 127 127 127 127 127 127 127 127 127 127 127 127 127 127 127 127 132 131 135 142 160 174 160 157 159 173 188 195 202 232 219 193 177 171 167 166 168 175 194 206 211 214 220 230 237 237 236 228 221 212
188 190 194 194 196 200 204 210 212 215 220 223 226 230 231 228 226 226 225 218 214 221 216 219 229 250 251 236 231 229 225 224 229 230 225 205 186 170 151 132 127 127 127 127 127 127 127 127 127 127 127 127 127 127 127 127 127 127 127 127 127 127 138 157 173 190 201 228 222 212 219 239 255 255 255 254 222 194 177 168 164 163 163 166 180 197 204 206 208 210 214 214 214 215 209 201
184 182 182 185 189 193 196 200 206 213 220 223 225 230 228 224 223 222 221 219 209 213 208 209 218 234 255 255 255 255 255 255 255 255 251 227 204 182 166 151 135 128 127 127 127 127 127 127 127 127 127 127 127 127 127 127 127 127 127 127 127 131 148 169 192 212 234 255 255 255 255 255 255 255 255 255 234 202 178 167 162 160 160 160 167 186 196 199 197 187 181 178 180 181 186 185
171 171 174 180 185 190 196 200 204 212 219 222 226 228 225 220 218 217 216 216 204 202 203 202 210 223 241 255 255 255 255 255 255 255 255 239 216 199 187 172 160 146 140 133 134 129 127 127 127 127 127 127 127 127 127 127 127 127 127 127 129 141 161 181 201 226 255 255 255 255 255 255 255 255 255 255 242 211 184 168 162 159 158 158 159 166 175 174 169 160 157 156 155 156 157 161
166 168 174 180 185 189 195 201 208 214 217 220 226 228 222 217 214 214 211 210 195 187 195 196 201 211 226 250 255 255 255 255 255 255 255 247 229 212 198 188 178 173 165 158 163 158 142 130 131 129 127 127 127 127 127 127 127 127 127 129 140 158 175 193 214 245 255 255 255 255 255 255 255 255 255 255 247 226 193 172 162 159 158 157 156 155 155 154 152 151 151 150 150 150 151 151
165 171 177 182 187 192 199 205 208 213 219 222 226 229 222 213 209 206 201 199 187 179 184 187 191 202 215 234 251 255 255 255 255 255 255 255 255 232 218 207 197 188 182 178 176 173 159 155 159 151 147 147 142 136 132 132 139 151 144 148 158 178 195 210 230 255 255 255 255 255 255 255 255 255 255 255 249 239 216 184 166 161 159 157 156 155 153 152 151 150 149 149 148 148 148 148
170 176 181 187 192 196 199 205 210 216 221 224 226 228 224 214 206 199 196 191 188 175 177 181 182 190 204 223 245 255 255 255 255 255 255 255 255 255 246 235 224 214 206 200 193 189 183 191 195 191 193 183 171 164 168 185 211 220 201 195 199 221 254 255 255 255 255 255 255 255 255 255 255 255 255 255 247 238 225 201 177 163 159 158 156 155 154 153 151 150 149 148 147 147 146 146
173 176 179 184 188 192 197 203 209 215 220 221 221 222 220 210 200 196 193 189 181 172 171 173 176 186 200 218 238 255 255 255 255 255 255 255 255 255 255 255 255 255 236 227 219 217 220 233 238 233 231 213 218 224 227 227 229 230 234 243 255 255 255 255 255 255 255 255 255 255 255 255 255 255 255 255 247 237 226 213 197 177 164 159 157 155 154 153 152 151 150 148 147 146 144 144
168 176 181 185 189 192 196 200 205 210 215 218 219 219 214 199 189 189 184 181 174 169 167 169 173 183 197 217 239 255 255 255 255 255 255 255 255 255 255 255 255 255 255 255 253 253 255 255 255 255 255 255 249 232 225 223 223 224 228 239 255 255 255 255 255 255 255 255 255 255 255 255 255 255 255 255 251 241 231 225 217 208 196 180 166 160 158 158 156 154 152 149 146 145 143 142
168 175 179 184 188 191 193 197 202 209 214 217 219 217 205 190 180 178 176 173 171 168 165 165 169 178 194 219 245 255 255 255 255 255 255 255 255 255 255 255 255 255 255 255 255 255 255 255 255 255 255 255 247 229 220 216 216 219 224 237 255 255 255 255 255 255 255 255 255 255 255 255 255 255 255 255 255 249 240 232 226 220 209 201 191 178 171 170 170 167 162 155 147 145 143 141
166 171 174 179 184 190 195 198 203 211 217 221 221 217 206 185 179 178 175 173 167 165 162 162 165 175 192 217 248 255 255 255 255 255 255 255 255 255 255 255 255 255 255 255 255 255 255 255 255 255 255 255 242 225 213 207 209 211 220 238 255 255 255 255 255 255 255 255 255 255 255 255 255 255 255 255 255 255 247 237 228 221 212 206 200 195 193 190 187 182 173 163 149 143 142 140
163 166 172 177 183 189 194 197 201 209 216 218 216 210 196 183 172 168 168 167 162 160 160 160 162 170 188 210 245 254 255 255 255 255 255 255 255 255 255 255 255 255 255 255 255 255 255 255 255 255 255 255 235 218 206 201 201 205 218 237 252 255 255 255 255 255 255 255 255 255 255 255 255 255 255 255 255 255 249 240 234 226 218 212 208 206 205 202 200 196 190 178 161 145 141 139
162 165 168 173 177 183 187 192 197 204 209 212 209 201 190 184 173 162 162 161 158 157 157 158 160 166 183 205 232 243 249 255 255 255 255 255 255 255 255 255 255 255 255 255 255 255 255 255 255 255 255 251 230 212 202 197 195 198 209 227 240 251 255 255 255 255 255 255 255 255 255 255 255 255 255 255 255 255 251 245 237 229 222 216 213 211 208 205 203 201 195 184 162 144 140 138
160 161 165 169 175 183 188 193 198 205 210 211 205 194 185 180 169 156 156 156 154 154 156 157 158 163 177 201 224 235 243 247 252 255 255 255 255 255 255 255 255 255 255 255 255 255 255 255 255 255 250 232 220 207 196 192 189 191 195 205 222 240 252 255 255 255 255 255 255 255 255 255 255 255 255 255 255 255 251 245 238 231 224 221 217 213 208 203 200 197 191 180 160 143 138 137
156 159 164 169 176 185 189 194 198 204 212 213 199 185 178 172 159 154 152 152 151 153 154 155 156 159 171 193 215 231 236 241 253 255 255 250 253 255 253 252 255 255 255 255 255 255 255 255 255 249 231 219 213 207 195 188 184 185 187 191 205 228 244 253 255 255 255 255 255 255 255 255 255 255 255 255 255 255 255 248 240 234 229 225 220 214 207 200 194 186 179 168 155 142 137 136
151 158 162 169 177 183 186 190 196 202 210 210 194 182 175 166 155 151 150 149 150 151 152 153 154 156 166 188 208 226 231 239 251 253 249 243 248 249 247 247 252 255 255 255 255 255 255 255 252 236 219 213 211 208 200 190 183 181 181 183 193 213 235 246 255 255 255 255 255 255 255 255 255 255 255 255 255 255 255 251 244 239 235 231 226 219 210 203 194 181 170 160 150 142 137 135
149 153 158 166 174 179 184 188 194 201 210 206 191 181 175 165 154 150 148 147 148 150 151 152 152 153 168 186 203 219 231 236 241 245 242 237 240 240 240 244 250 254 254 253 255 255 255 255 251 233 216 211 209 208 205 197 188 180 177 178 185 200 222 237 249 255 255 255 255 255 255 255 255 255 255 255 255 255 255 253 249 244 238 234 230 225 217 207 195 184 175 166 155 146 140 137
150 152 157 163 170 176 182 187 191 201 213 197 187 180 173 163 151 148 146 146 147 148 149 149 148 152 168 183 197 214 225 231 233 236 232 234 236 237 237 238 241 243 243 243 248 249 253 255 255 236 216 211 209 207 206 202 194 183 176 175 179 190 208 228 241 255 255 255 255 255 255 255 255 255 255 255 255 254 249 246 243 242 238 234 229 224 218 209 200 190 181 173 165 158 156 151
149 151 156 161 168 174 181 186 192 204 211 193 186 180 169 159 148 145 144 144 146 147 147 147 146 152 168 182 194 210 221 227 229 228 227 230 232 232 232 233 233 233 233 235 237 239 247 254 254 239 220 213 210 209 207 204 196 181 174 173 176 182 195 216 234 248 255 255 255 255 255 255 255 255 255 255 251 245 240 237 236 236 233 229 226 221 216 210 202 195 189 181 175 171 166 157
147 151 156 161 166 172 177 184 192 203 199 188 184 177 166 150 145 143 142 143 144 146 147 147 145 152 168 181 196 207 215 220 223 223 224 226 227 227 228 228 229 228 230 232 234 239 248 255 253 242 225 215 212 210 209 206 196 178 172 171 175 179 187 205 226 242 255 255 255 255 255 255 255 255 255 255 245 238 232 227 227 229 229 226 223 219 215 210 205 202 193 188 182 176 170 163
147 153 157 160 165 171 181 189 197 193 184 180 179 171 160 147 142 141 139 141 144 147 147 146 143 151 165 179 194 204 211 214 218 219 222 221 222 223 224 224 225 224 225 228 230 232 240 244 246 243 229 214 209 209 207 204 195 175 169 171 174 177 182 195 217 233 250 255 255 255 255 255 255 255 255 247 238 230 224 220 218 219 221 221 219 215 210 208 205 201 197 192 185 181 176 170
148 153 160 165 173 186 199 203 190 179 173 174 174 166 152 144 141 139 138 141 143 144 143 142 141 148 162 176 186 196 203 206 212 216 216 215 216 219 220 220 220 220 222 223 226 226 229 235 240 241 233 217 206 205 205 200 185 171 168 170 172 175 179 188 207 225 243 255 255 255 255 255 255 255 250 238 231 223 216 211 209 209 211 213 212 210 207 204 201 197 193 188 184 180 177 172
152 160 171 185 198 209 207 193 175 169 168 171 170 161 147 142 139 138 137 139 140 141 140 138 142 146 158 172 178 186 193 199 205 210 209 210 212 215 217 216 218 218 217 216 217 218 223 227 234 237 233 221 204 199 191 182 172 167 167 168 171 174 178 185 202 219 234 253 255 255 255 255 255 254 243 230 222 215 209 203 201 201 203 204 204 203 202 201 198 193 187 183 179 176 173 170
167 177 188 201 213 212 201 180 166 164 166 168 166 154 144 141 138 137 136 137 139 137 136 138 142 147 156 167 174 179 185 195 197 201 205 209 209 208 210 212 215 214 214 212 212 214 219 226 231 231 225 211 197 183 172 170 167 165 166 168 170 173 176 183 199 213 227 244 255 255 255 255 255 244 232 221 212 207 202 196 194 192 194 194 194 193 193 193 192 189 184 180 176 171 169 167
184 189 197 205 209 200 182 164 158 160 163 164 158 150 143 140 138 136 135 135 135 134 135 137 141 149 157 165 172 178 184 193 193 196 203 206 205 203 204 208 209 210 211 210 210 211 216 222 227 226 218 202 189 171 164 165 164 164 166 169 170 172 175 183 197 209 222 237 254 255 255 255 245 232 222 212 205 200 195 191 187 183 184 185 184 184 182 181 181 180 178 173 167 161 158 156
197 201 205 200 193 184 162 152 149 152 158 160 153 146 141 139 137 135 134 134 133 132 133 137 141 149 157 165 171 176 180 184 186 192 197 200 199 196 201 203 206 206 208 206 204 206 210 216 220 220 210 195 175 163 160 161 161 163 165 168 169 172 176 185 197 206 219 233 250 255 255 254 240 226 216 207 201 195 190 184 178 174 172 173 172 171 169 168 167 167 166 162 154 146 144 142
200 208 205 193 176 160 148 143 143 144 151 154 148 143 139 137 136 134 133 132 131 130 132 136 140 148 155 162 168 171 174 175 180 188 190 191 191 192 196 200 203 203 200 198 196 201 207 209 212 214 201 181 164 157 156 158 158 162 165 165 167 172 178 188 199 207 216 230 246 255 255 249 236 225 213 204 197 190 183 178 175 173 171 167 164 162 161 160 157 155 151 146 141 137 134 131
200 202 194 182 162 147 142 139 140 143 148 148 144 140 138 136 135 134 132 130 129 130 133 135 138 144 151 156 159 163 167 171 178 184 186 188 187 188 192 195 196 195 192 192 190 192 195 197 204 206 190 171 157 151 151 154 156 162 166 167 166 174 183 191 201 207 216 228 244 255 255 243 230 220 211 201 194 187 182 179 178 176 173 170 166 162 158 154 148 143 139 136 133 130 128 126
192 193 185 173 158 145 140 137 139 145 148 146 142 139 136 135 134 133 131 129 129 131 132 133 134 140 146 151 154 159 165 171 177 181 186 190 185 184 190 193 192 188 186 188 187 186 186 188 193 197 182 166 150 146 147 151 156 163 169 165 162 176 185 192 199 205 214 226 243 255 255 239 226 218 211 202 195 189 185 184 184 180 176 174 172 168 163 157 150 143 139 136 132 129 127 124
177 179 181 180 167 145 136 134 137 144 148 145 141 138 135 133 133 132 130 128 130 131 131 132 133 136 142 147 151 156 165 171 177 181 187 187 180 179 184 187 188 186 181 183 183 182 182 182 187 190 177 159 145 141 144 150 155 158 159 150 155 176 185 190 196 201 209 224 240 252 255 241 228 220 213 206 199 195 194 193 189 186 182 180 175 170 165 159 154 150 145 141 137 133 128 125
168 173 176 174 164 144 132 130 134 141 146 143 140 137 134 133 132 131 129 129 130 130 130 131 131 132 138 145 150 155 162 172 179 183 186 185 176 172 173 178 181 179 175 177 179 177 177 178 180 182 175 156 144 137 143 146 138 135 134 133 151 174 184 187 191 198 206 222 235 242 248 250 238 227 217 209 207 207 203 197 192 188 184 179 176 171 166 161 156 153 148 144 140 136 131 126
163 167 170 168 156 140 129 128 132 138 143 141 139 136 134 132 131 130 129 127 128 128 129 129 127 130 136 144 150 155 160 171 179 183 184 180 171 166 164 171 174 173 169 169 170 168 168 168 172 178 175 159 146 136 137 131 125 122 120 124 141 161 177 182 186 192 204 219 228 232 237 242 246 238 227 221 220 214 206 196 190 186 183 179 175 170 166 163 158 154 148 143 138 135 131 127
153 158 161 161 153 137 128 125 129 136 140 139 135 134 133 130 129 129 128 126 126 126 126 125 123 128 134 144 149 154 160 170 178 184 182 172 166 161 153 161 167 166 162 160 159 157 158 161 167 174 170 164 151 140 133 126 120 117 116 118 128 146 161 172 182 190 200 212 222 226 228 231 236 239 236 231 224 215 205 194 186 181 178 175 171 168 164 161 157 154 148 141 137 133 130 127
136 142 146 151 149 134 125 122 126 133 136 136 131 130 131 128 128 127 126 125 126 126 126 126 121 125 129 140 147 153 160 169 177 181 178 166 160 155 145 145 155 159 154 150 146 146 151 157 165 168 165 163 155 147 139 128 118 114 111 109 116 135 150 163 177 184 191 203 215 222 223 221 224 225 223 219 214 210 204 197 188 180 176 172 168 164 161 157 154 152 148 142 136 133 130 127
120 125 131 135 133 125 118 118 124 132 134 132 127 125 127 127 126 125 125 124 125 126 126 126 121 121 126 135 144 154 161 168 174 177 176 165 153 146 139 128 137 141 138 135 133 138 146 154 159 161 166 166 160 151 144 131 116 112 110 108 106 116 133 147 164 174 182 192 205 214 214 211 208 205 202 201 201 199 196 192 190 185 180 175 169 166 164 161 158 154 147 140 135 132 129 126
