contrib/distributed-geomason/src/main/java/sim/app/geo/dwaterworld/data/elevation.txt
ncols         285
nrows         143
xllcorner     -122.26638888878
yllcorner     42.855833333
cellsize      0.0011111111111859
NODATA_value  -9999
[rows 43 to 85 of 143, columns 0 to 95 of 285]
7 11 15 20 25 26 26 26 27 27 30 32 34 36 38 41 47 52 53 52 50 51 54 56 60 61 60 59 60 59 60 61 63 70 76 78 79 79 79 80 83 86 88 90 94 96 98 101 104 106 108 110 112 114 116 117 119 120 122 125 130 134 138 141 147 151 154 157 158 161 166 170 175 180 184 188 191 192 195 200 203 205 207 208 209 213 214 216 222 224 225 225 226 229 232 232
10 13 15 17 19 21 22 24 26 28 30 32 34 36 38 42 46 48 47 44 44 45 47 49 54 55 55 55 55 55 57 58 58 61 66 69 72 74 76 80 84 86 87 89 92 94 98 100 103 104 106 109 111 113 115 117 119 121 124 126 130 134 140 145 146 149 153 155 157 160 164 171 176 181 184 188 194 197 202 206 211 212 213 214 216 220 224 224 223 226 229 233 238 240 239 237
14 15 17 18 19 20 22 23 24 27 30 33 36 37 39 42 42 42 41 41 43 44 46 48 50 51 52 52 52 53 54 55 56 57 58 62 69 73 76 78 80 82 84 88 91 94 96 99 101 104 108 112 113 114 116 118 120 122 126 129 132 137 141 145 146 148 152 155 157 159 164 171 178 186 190 192 197 202 206 213 219 222 225 225 226 228 230 231 231 230 232 237 243 245 244 242
15 16 17 19 22 22 21 21 22 23 29 35 38 38 38 38 36 37 40 42 44 45 46 47 49 49 49 49 49 50 51 53 54 55 57 64 70 73 74 75 77 79 81 84 88 91 93 96 101 107 112 115 118 119 119 120 121 125 130 135 136 139 145 150 152 153 155 158 160 162 168 174 182 188 194 199 203 207 210 215 221 225 228 230 232 233 235 237 236 235 237 243 248 250 249 248
14 15 17 18 23 22 18 20 21 23 26 28 31 31 30 29 30 33 37 40 41 42 44 46 47 46 44 44 46 47 49 50 52 54 57 63 68 71 73 75 76 78 80 82 86 90 92 95 100 104 110 115 119 122 125 127 129 133 138 141 140 139 144 152 155 156 157 161 165 168 171 177 188 196 200 204 208 211 214 218 222 227 230 232 234 239 240 243 243 244 245 249 253 255 255 255
13 14 15 17 18 16 14 17 20 21 23 24 24 25 25 27 29 30 31 32 33 35 38 40 41 41 41 42 44 45 47 48 51 54 59 63 66 70 73 75 76 78 79 80 83 87 93 97 101 104 107 112 117 121 124 125 130 134 139 143 142 141 142 148 152 155 158 163 168 172 175 177 187 198 202 208 215 219 222 225 228 230 232 234 235 242 246 247 249 250 252 255 255 255 255 255
11 10 10 11 11 9 10 12 16 19 20 21 21 23 24 26 28 29 30 31 32 34 35 36 38 39 40 41 43 45 47 50 55 59 62 64 67 71 74 75 77 78 79 80 80 87 96 102 106 107 109 112 117 121 126 130 135 136 139 143 144 144 145 152 159 162 162 167 172 178 182 187 193 199 205 209 216 224 228 233 238 237 236 238 241 248 253 255 255 255 255 255 255 255 255 255
8 6 4 4 4 5 6 7 10 13 15 17 17 20 23 25 27 29 31 32 33 35 36 37 37 38 40 41 43 45 48 51 55 56 58 62 70 75 77 79 79 80 80 81 83 91 98 102 104 106 110 115 120 125 129 135 138 142 144 148 150 152 157 162 166 167 169 174 184 185 190 195 203 208 210 215 221 227 234 241 244 245 245 245 248 252 255 255 255 255 255 255 255 255 255 255
2 0 0 0 0 0 0 3 5 8 9 9 15 20 23 26 28 29 31 32 32 32 32 31 33 38 40 42 43 45 47 49 52 54 57 61 68 75 79 81 82 83 85 87 90 92 95 98 102 107 114 119 123 126 130 133 136 140 147 153 157 162 168 175 179 178 178 185 192 200 201 207 210 215 220 227 230 235 242 249 252 252 253 255 255 255 255 255 255 255 255 255 255 255 255 253
0 0 0 0 0 0 0 0 0 0 0 3 6 7 19 23 27 28 28 27 22 23 25 30 33 36 39 41 43 45 47 50 52 54 57 60 63 70 78 80 83 87 90 91 93 94 96 98 102 108 114 118 122 124 127 132 135 139 144 149 153 160 168 176 182 185 188 194 202 206 214 221 224 224 229 240 249 250 253 255 255 255 255 255 255 255 255 255 255 255 255 255 255 255 253 229
0 0 0 0 0 3 6 8 7 9 10 5 6 11 10 11 12 16 17 19 23 30 34 35 38 39 41 41 43 45 49 53 56 58 60 61 62 67 79 86 89 90 90 92 94 95 98 100 102 107 113 118 121 124 128 132 135 137 140 144 147 153 162 173 180 183 185 192 203 212 221 232 240 242 243 250 255 255 255 255 255 255 255 255 255 255 255 255 255 255 255 255 255 255 239 216
0 0 0 0 3 9 12 13 17 21 22 21 8 10 10 15 23 27 29 31 32 34 36 38 39 40 42 43 45 49 53 57 59 61 62 63 64 69 79 87 88 88 90 92 93 95 98 100 103 108 112 117 121 124 128 133 135 137 140 142 146 152 160 169 175 179 188 196 201 208 216 227 241 249 255 255 255 255 255 255 255 255 255 255 255 255 255 255 255 255 255 255 255 255 215 196
0 0 2 6 10 12 13 15 19 21 23 24 25 24 23 21 21 23 28 32 33 34 36 37 39 40 42 45 50 55 58 60 61 63 64 66 68 73 79 83 84 85 88 93 95 96 98 100 103 108 112 114 117 120 125 132 139 142 142 145 149 157 164 169 174 177 181 188 192 200 208 214 224 235 247 255 255 255 255 255 255 255 255 255 255 255 255 255 255 255 255 255 255 243 203 177
0 3 5 10 11 12 14 16 19 21 23 24 25 25 25 27 28 28 24 25 30 32 34 36 38 40 42 46 51 55 57 58 61 64 67 69 71 75 79 81 82 83 84 92 98 98 97 99 104 108 110 113 117 121 124 131 141 147 149 150 152 156 166 175 178 178 181 186 190 198 203 209 217 224 234 246 254 255 255 255 255 255 255 255 255 255 255 255 255 255 255 255 238 217 189 163
4 8 10 10 10 12 14 17 19 20 22 23 24 25 25 27 28 30 31 30 29 29 32 36 37 40 43 47 50 52 53 55 57 60 65 69 73 75 78 79 81 80 81 86 93 96 96 98 102 106 111 116 121 126 129 135 141 146 150 154 156 159 165 172 176 179 184 188 194 200 203 207 212 219 225 235 244 252 255 255 255 255 255 255 255 255 255 255 255 255 255 240 217 196 175 153
4 7 10 11 12 13 15 17 19 20 22 23 24 25 26 27 29 30 32 33 34 34 34 33 37 40 45 48 50 50 51 52 54 57 62 65 69 72 75 77 78 79 83 86 90 93 96 100 104 108 114 120 125 127 129 134 140 145 150 157 164 165 168 173 177 180 184 189 192 197 202 206 212 218 222 231 240 248 253 255 255 255 255 255 255 255 255 255 255 255 247 225 203 183 163 146
7 9 9 10 12 14 16 17 19 20 22 23 25 26 27 29 31 32 33 34 36 36 37 37 37 41 45 46 47 48 49 50 52 55 57 59 62 67 73 78 82 85 89 93 96 100 104 108 110 115 119 124 128 130 132 138 144 148 151 155 160 162 166 171 177 181 184 187 189 191 197 204 210 216 225 232 237 244 250 255 255 255 255 255 255 255 255 255 255 255 242 216 192 171 152 135
11 11 12 12 13 14 16 17 19 20 22 23 25 27 29 31 33 35 36 37 37 38 39 39 39 40 42 43 45 46 47 49 50 51 54 56 59 62 69 77 83 87 91 95 99 102 106 108 111 116 121 125 130 133 134 138 142 144 147 151 155 161 167 174 178 181 183 185 189 194 199 205 212 218 224 230 235 243 252 255 255 255 255 255 255 255 255 255 255 255 232 205 182 160 140 128
11 11 12 13 14 15 16 17 18 19 21 24 26 28 29 31 33 34 36 36 37 38 40 41 42 41 42 44 46 46 48 50 51 52 55 57 59 62 65 72 80 87 92 97 100 104 107 110 113 117 119 121 126 131 135 139 141 143 147 152 157 161 166 170 171 174 176 179 184 189 194 200 206 213 218 223 230 238 244 246 252 255 255 255 255 255 255 255 255 248 224 199 174 152 133 127
10 11 12 14 15 15 16 17 18 19 21 24 26 28 29 31 32 33 35 36 37 39 40 41 42 42 43 44 45 46 47 49 50 52 55 60 64 67 70 72 77 84 93 99 102 106 110 112 115 117 119 121 125 129 133 138 141 144 147 152 157 159 162 164 166 169 174 177 181 184 188 192 200 208 212 216 219 227 233 240 250 255 255 255 255 255 255 255 255 245 214 188 167 146 130 127
10 11 12 13 14 15 15 16 17 18 20 22 23 25 28 29 30 32 35 36 37 38 40 41 42 43 44 45 46 47 48 49 49 50 55 62 68 72 74 77 80 83 88 94 101 105 106 107 109 114 117 120 122 123 129 134 137 139 142 148 155 159 162 164 166 170 174 178 184 190 194 198 204 208 212 216 221 228 240 255 255 255 255 255 255 255 255 255 241 222 200 177 154 135 127 127
8 10 11 11 12 12 13 14 15 16 17 19 21 22 24 26 29 32 35 37 37 37 38 40 41 43 45 46 48 50 52 54 54 56 61 66 69 72 75 79 82 85 87 90 94 96 99 101 103 106 109 112 115 120 127 131 134 137 141 148 153 157 161 164 167 172 175 178 183 190 196 206 213 222 232 240 246 253 255 255 255 255 255 255 255 255 255 255 230 206 185 164 143 128 127 127
4 4 5 7 8 8 9 10 10 10 12 14 17 20 21 24 27 30 32 33 34 35 36 38 40 42 45 47 50 54 56 59 60 62 65 69 73 75 76 78 80 82 85 88 91 95 99 103 104 105 107 109 111 114 121 127 133 135 140 150 155 159 162 165 169 175 182 189 196 204 214 222 229 238 245 251 255 255 255 255 255 255 255 255 255 255 255 255 226 200 179 157 136 127 127 127
0 0 0 1 5 6 7 8 10 11 11 12 14 17 19 22 25 25 27 30 32 33 35 37 38 41 43 45 48 51 53 56 58 60 63 66 70 76 80 81 81 82 85 88 91 95 100 103 104 105 105 107 109 113 118 122 127 131 137 146 154 160 162 165 173 187 193 200 205 210 217 225 232 241 248 254 255 255 255 255 255 255 255 255 255 255 255 252 221 196 173 150 131 127 127 127
0 0 0 0 0 3 2 1 2 5 9 11 12 16 14 16 18 14 17 25 28 30 30 33 35 37 38 40 41 43 46 48 50 54 56 58 61 66 75 81 83 84 86 89 92 96 99 102 103 103 104 105 107 112 115 119 124 129 134 142 152 157 160 166 176 188 198 203 208 214 221 227 234 240 243 248 250 249 248 248 252 255 255 255 255 255 255 255 227 198 166 144 128 127 127 127
3 3 0 0 0 0 0 0 1 0 0 0 1 4 4 5 4 5 6 9 11 13 14 19 23 29 36 40 43 45 47 49 50 51 54 58 60 61 66 78 83 85 87 89 91 95 97 99 101 101 102 103 105 110 114 117 121 126 131 136 145 153 158 169 183 190 197 203 209 215 221 227 231 233 232 228 223 220 219 222 225 236 244 247 250 253 255 249 217 190 164 142 128 127 127 127
6 8 9 9 9 5 3 11 13 15 14 6 2 10 16 20 19 19 17 15 16 18 22 23 23 36 41 42 44 45 48 50 52 54 56 59 62 63 64 73 84 86 89 90 91 93 94 96 98 100 101 102 105 111 116 117 121 127 130 133 136 143 151 163 181 190 194 199 205 211 217 220 221 220 211 204 200 201 205 209 214 224 233 240 242 245 250 242 212 184 159 137 127 127 127 127
9 10 12 14 13 13 7 12 16 19 20 20 15 7 18 24 25 26 26 23 24 30 33 35 31 33 40 45 46 46 47 49 50 54 59 64 65 66 66 71 81 85 86 87 89 90 92 95 99 102 104 104 104 108 113 119 125 130 131 132 134 138 144 155 168 181 188 193 197 200 202 201 197 195 194 195 196 199 206 212 216 221 228 233 236 238 242 237 215 185 159 133 127 127 127 127
11 13 19 23 21 18 15 14 20 25 27 27 22 19 22 28 30 31 31 31 32 37 40 41 41 42 42 44 46 50 50 51 52 56 63 68 69 69 70 71 75 79 80 82 85 89 92 94 98 103 106 106 106 107 111 115 123 130 131 133 135 136 142 152 157 165 172 174 175 178 180 182 188 190 191 192 194 199 205 210 213 218 223 228 232 235 238 234 208 178 153 131 127 127 127 127
12 14 17 24 25 23 19 18 23 32 35 33 27 25 29 32 34 35 35 37 38 40 42 43 45 46 47 47 48 49 50 52 54 58 65 70 72 73 74 75 76 77 79 81 84 88 92 97 102 105 107 109 110 110 111 114 121 128 131 133 135 136 142 152 155 159 162 162 165 171 177 180 184 188 190 192 193 197 202 207 212 217 219 225 228 229 233 235 215 186 156 132 127 127 127 127
19 17 17 20 26 27 23 20 22 30 37 36 32 30 33 35 39 41 42 42 41 42 44 45 46 48 49 50 51 52 53 53 55 58 63 68 72 76 77 77 77 78 80 82 84 87 96 103 108 109 110 111 112 113 113 114 118 125 129 131 133 134 140 151 157 156 156 160 167 172 177 182 186 189 191 193 195 198 201 204 207 209 213 218 219 221 227 230 210 183 156 133 127 127 127 127
27 24 21 20 24 31 29 27 27 26 30 33 33 33 36 39 44 48 51 51 50 48 49 48 48 49 51 53 55 55 56 56 57 59 60 63 67 72 74 75 76 79 81 83 85 94 102 106 109 110 111 112 113 114 116 118 120 123 126 128 130 132 135 141 147 151 156 162 164 169 174 178 185 189 191 193 196 198 199 202 204 206 210 214 216 222 235 241 215 183 158 135 127 127 127 127
35 31 25 22 24 29 32 32 33 36 32 32 33 34 35 39 44 50 55 57 57 56 55 52 51 52 54 58 61 61 59 59 59 60 62 63 64 70 75 77 78 80 83 87 97 104 107 108 110 111 112 113 114 116 118 124 127 128 129 130 132 136 138 139 141 145 150 154 156 160 163 168 181 187 188 191 193 195 198 201 204 209 213 216 221 231 242 246 230 196 163 139 127 127 127 127
44 38 31 23 25 28 30 34 41 46 42 37 36 36 34 39 45 51 55 59 59 59 58 56 54 54 55 58 62 64 63 62 61 62 63 66 69 73 78 81 82 83 86 95 100 104 107 109 110 111 113 114 116 118 121 124 128 128 128 129 131 134 134 135 137 140 148 155 160 161 162 165 176 180 181 184 188 193 199 203 205 209 214 218 224 236 241 246 236 201 170 148 129 127 127 127
47 45 41 33 36 43 46 49 50 49 47 44 41 40 37 37 42 45 47 51 55 57 59 59 58 57 58 58 60 65 68 66 64 65 65 66 70 74 78 82 84 87 90 93 95 99 104 107 108 111 113 115 118 121 122 122 123 124 125 126 128 130 132 134 138 140 145 150 151 152 156 168 173 170 174 182 187 199 211 211 210 212 216 221 228 233 236 240 236 211 184 158 133 127 127 127
47 48 49 47 45 48 49 50 51 50 49 48 47 47 45 43 40 41 43 46 49 53 56 58 59 60 60 61 62 64 68 68 68 68 68 69 70 71 73 80 84 87 90 91 93 95 99 101 105 109 112 113 114 117 117 118 121 123 125 127 128 131 134 136 138 139 141 142 144 146 147 156 159 156 159 176 182 191 202 213 218 221 219 220 227 227 225 228 233 225 197 169 142 127 127 127
47 48 49 51 51 52 52 52 53 52 51 51 51 51 51 49 48 47 46 49 51 53 55 57 59 61 62 63 63 65 67 69 70 71 72 73 76 77 77 77 84 87 89 91 92 94 95 96 99 103 105 105 105 108 116 119 122 124 126 128 130 134 135 138 139 139 141 143 144 146 148 150 152 154 156 163 171 178 184 194 198 199 201 214 216 214 218 222 227 226 205 184 156 132 127 127
39 42 46 48 49 52 55 55 54 53 53 53 54 55 55 54 53 53 52 51 51 53 55 56 58 61 63 64 65 66 67 69 70 72 73 75 77 79 81 80 81 85 89 91 93 95 97 98 99 99 100 101 103 106 112 121 125 126 126 128 130 132 134 136 138 139 140 142 144 147 148 151 153 155 158 160 163 166 172 181 186 189 193 199 204 212 217 220 224 228 220 200 173 145 128 127
30 32 36 39 40 40 41 43 47 50 51 51 52 52 52 52 53 54 55 55 55 54 54 55 57 59 63 64 66 68 68 69 71 72 73 75 77 80 81 84 86 87 88 90 93 95 96 98 99 99 100 102 103 106 109 115 121 123 123 126 130 134 137 138 138 139 142 144 146 149 149 149 151 153 158 161 163 166 171 175 178 183 186 192 205 211 213 220 225 229 232 220 196 168 143 128
33 36 37 37 35 31 30 32 34 36 39 40 42 43 46 50 53 57 58 58 58 59 58 57 57 58 61 64 66 68 69 70 71 73 75 76 79 81 82 84 85 87 88 89 90 92 95 97 99 99 100 102 103 104 105 108 112 119 123 125 131 137 136 133 133 132 134 137 139 140 142 145 149 153 157 162 166 169 172 173 177 182 188 193 201 204 211 221 225 228 232 230 204 181 162 143
32 32 32 32 28 25 28 31 33 35 35 37 40 46 51 52 54 59 63 61 61 61 62 62 62 59 59 61 65 68 69 71 72 74 76 78 80 81 83 85 86 87 88 90 91 94 97 98 99 99 100 101 101 102 103 103 105 112 119 125 129 127 123 118 119 122 127 131 132 133 136 144 152 157 161 164 168 170 172 175 181 191 198 197 198 200 204 212 218 222 231 236 224 207 187 161
24 23 23 22 21 27 33 38 41 42 39 38 40 46 51 54 56 58 61 63 63 63 64 65 65 63 62 61 63 67 69 71 72 75 77 78 80 82 83 84 86 87 88 90 92 94 97 99 99 99 99 99 100 100 101 101 102 103 105 110 112 111 110 109 111 116 121 123 124 127 134 144 153 159 164 166 169 173 175 180 184 187 191 193 195 197 200 205 210 216 224 230 233 227 206 183
11 12 14 16 20 27 35 44 49 50 47 44 43 46 50 54 58 59 60 62 63 64 65 67 67 67 66 65 63 64 67 69 70 72 74 76 78 80 81 83 85 86 88 90 92 95 97 98 98 98 98 98 99 99 100 100 101 101 102 103 104 105 106 108 113 117 120 124 126 130 139 149 155 160 164 168 170 174 177 180 183 185 189 193 195 198 201 205 208 211 214 220 226 228 217 195
