contrib/distributed-geomason/src/main/java/sim/app/geo/dwaterworld/data/elevation.txt
ncols         285
nrows         143
xllcorner     -122.26638888878
yllcorner     42.855833333
cellsize      0.0011111111111859
NODATA_value  -9999
[rows 0 to 42 of 143, columns 96 to 191 of 285]
126 125 124 125 125 125 125 125 126 127 127 128 128 127 127 127 127 126 126 125 125 125 125 125 126 126 125 124 123 122 120 119 119 118 118 117 117 117 116 115 114 114 114 115 115 115 115 116 116 117 116 116 116 116 116 115 115 114 114 111 109 107 106 106 105 105 105 105 105 105 106 106 106 105 105 104 104 104 105 104 100 97 95 94 97 100 100 100 99 95 91 88 86 86 88 90
128 128 128 127 127 127 127 128 129 130 130 131 131 131 130 130 129 129 128 127 127 127 127 126 127 127 127 126 125 124 122 120 120 119 118 118 118 118 118 117 117 117 117 117 117 117 117 117 117 118 117 116 116 116 116 116 116 115 114 112 111 109 108 108 107 107 107 107 109 110 110 110 108 107 106 105 104 104 104 104 103 102 102 103 104 103 102 100 95 89 85 81 79 78 80 83
129 130 129 129 129 130 130 132 133 133 133 133 133 133 133 132 131 130 129 129 129 129 129 129 128 128 128 127 126 125 123 121 121 121 121 121 122 123 124 123 122 121 120 119 119 119 119 119 120 119 119 118 117 116 116 117 117 116 115 114 113 113 112 111 110 110 111 112 112 112 111 110 110 109 109 109 107 107 108 109 110 109 108 107 105 103 99 95 91 87 82 79 76 75 76 76
131 132 132 132 133 133 134 134 135 135 135 135 135 135 134 133 132 132 131 131 130 131 131 130 130 130 129 129 128 127 125 125 125 125 125 126 129 130 130 129 128 126 124 123 123 123 122 123 123 123 123 122 121 120 119 119 118 117 116 116 115 115 114 114 114 115 116 116 115 115 114 113 112 114 116 116 116 115 115 115 114 111 107 104 102 99 96 93 89 85 82 79 76 74 73 73
132 133 133 134 135 135 136 136 136 136 136 136 137 137 136 136 135 135 134 134 134 133 132 132 132 132 131 131 130 129 128 128 128 128 132 138 144 145 142 136 133 131 129 127 126 126 126 127 127 127 126 125 124 123 121 120 119 119 119 119 119 118 117 117 119 120 120 118 117 117 116 115 116 119 121 121 120 118 117 114 112 107 103 100 99 96 93 91 88 84 81 78 76 74 72 71
134 134 135 135 136 137 137 138 138 138 138 138 138 138 138 138 137 137 137 137 136 135 134 134 134 133 133 132 131 131 130 132 135 142 149 155 158 152 148 144 137 135 133 131 131 130 131 131 131 131 130 129 128 126 124 122 122 122 122 123 124 124 124 124 125 124 123 121 119 119 119 120 121 123 123 122 121 118 114 110 106 102 100 97 96 94 91 88 86 84 81 78 76 74 73 72
135 136 136 137 137 138 139 140 140 140 140 140 140 140 140 140 140 140 140 139 139 138 136 136 136 135 134 134 134 138 145 152 159 164 163 164 164 161 156 151 148 150 143 138 136 135 135 135 135 135 134 132 132 130 127 125 126 127 127 129 131 131 130 131 131 130 127 125 124 124 124 125 127 126 125 123 119 114 106 102 100 99 98 96 95 93 90 87 85 83 80 78 76 74 73 72
137 137 138 138 139 140 140 141 141 141 141 142 142 142 142 142 142 142 142 141 141 140 139 138 137 137 136 139 147 159 169 172 171 170 169 169 169 167 163 161 161 163 156 153 153 146 140 139 139 139 138 136 135 133 131 130 131 133 133 134 135 135 136 137 136 133 132 130 129 129 130 129 127 125 124 122 117 108 101 102 103 104 104 102 100 98 96 92 88 84 81 80 77 75 73 71
138 138 139 140 141 141 142 142 143 143 143 143 143 144 143 143 143 144 144 144 143 143 141 140 139 139 144 156 170 178 178 176 172 171 171 170 169 168 170 170 168 167 165 164 166 160 147 143 142 143 141 140 138 135 135 135 137 138 139 140 141 142 141 140 138 137 135 134 133 133 131 127 122 119 119 120 116 105 103 107 112 113 112 109 106 103 100 98 94 89 83 82 80 77 74 72
140 140 140 140 141 142 143 143 144 144 145 145 145 145 145 145 146 146 146 146 145 145 144 143 142 143 156 168 179 181 183 181 177 174 172 171 170 171 176 177 173 170 171 173 173 163 150 147 147 146 145 144 142 140 141 142 143 143 144 145 145 144 143 141 140 139 138 136 136 135 130 123 116 114 115 117 113 105 108 114 117 115 113 111 109 107 104 101 98 92 87 84 83 81 79 76
144 142 142 142 142 142 143 144 145 146 146 146 147 147 147 147 148 148 149 148 148 147 146 145 144 151 165 177 182 184 186 185 181 177 176 175 174 175 179 178 176 176 176 175 173 161 153 151 150 149 148 147 146 146 147 147 147 147 147 147 146 145 144 144 143 141 140 139 138 134 127 120 116 115 113 111 109 109 116 119 118 117 115 113 112 114 114 111 110 99 93 89 88 86 85 83
160 148 143 143 143 143 144 145 146 147 148 148 149 149 149 149 150 150 150 150 150 149 148 148 148 162 171 183 185 187 187 186 185 182 180 178 178 179 182 182 181 180 178 177 170 159 156 154 153 152 152 151 150 150 151 151 150 150 149 148 148 147 146 146 144 143 141 140 137 131 125 124 122 116 113 112 113 117 121 122 122 122 121 121 122 126 126 122 119 113 108 98 93 90 90 89
180 165 152 145 144 144 146 147 148 149 149 150 150 151 151 151 152 152 152 152 151 151 151 150 156 172 181 185 187 188 188 187 186 185 185 184 183 183 183 183 183 182 181 179 165 160 158 157 156 155 155 155 154 154 154 153 152 151 151 151 150 149 148 148 146 144 142 138 133 130 131 132 130 123 119 118 120 124 125 124 124 127 132 134 135 135 131 128 126 125 123 117 109 96 92 90
198 182 166 155 148 146 146 147 149 150 151 151 152 152 153 153 153 153 153 153 153 153 153 153 165 179 187 188 189 189 190 190 189 189 189 190 189 189 186 185 184 184 185 176 163 162 160 159 159 158 158 157 157 157 156 155 154 153 153 153 152 151 151 150 148 146 141 135 133 136 139 138 136 132 128 126 126 128 128 127 127 133 139 141 142 140 138 133 131 131 130 131 121 104 93 93
209 192 178 164 157 153 149 149 150 151 152 153 153 154 154 154 154 155 155 156 156 156 155 156 170 184 191 192 193 193 192 191 192 194 196 196 196 196 192 189 187 187 188 172 164 163 162 161 161 161 161 160 159 159 158 157 156 155 155 154 154 153 152 151 150 148 143 138 139 142 142 141 139 136 133 132 132 132 132 132 132 137 143 145 146 143 141 139 137 135 134 131 122 108 99 104
220 200 184 174 167 160 155 153 152 153 154 155 155 155 156 156 156 156 157 158 158 158 158 159 173 188 193 194 196 197 195 199 203 204 205 205 204 202 199 196 193 193 191 171 165 164 163 163 163 163 163 162 161 160 160 159 158 157 157 156 156 155 154 153 152 149 145 144 145 146 145 143 141 138 137 136 137 139 143 139 137 141 145 146 146 145 144 143 141 138 135 130 121 111 111 114
223 206 190 182 176 166 162 161 159 157 157 157 156 157 157 158 158 158 159 160 160 161 161 161 173 189 194 199 201 200 203 209 215 218 218 216 214 211 208 204 201 197 194 179 167 165 164 164 165 165 165 163 161 161 161 160 160 159 159 158 158 157 156 155 154 151 149 149 149 148 147 145 143 141 140 140 144 153 156 149 141 143 147 147 148 148 147 144 141 140 138 132 125 121 121 121
219 206 195 191 186 175 168 167 164 160 159 159 159 159 159 159 159 160 161 162 162 163 163 164 173 189 196 202 206 210 214 220 227 232 232 230 226 222 218 214 209 204 196 187 173 167 166 166 166 166 165 162 161 163 163 163 162 161 160 160 159 159 158 157 156 154 153 152 151 150 149 147 145 144 145 151 159 165 163 156 146 145 150 151 152 151 148 144 140 139 137 132 129 128 126 123
210 205 203 198 191 183 174 170 166 164 163 162 161 161 161 162 163 164 164 164 165 165 166 166 170 183 198 205 212 217 223 230 238 244 244 242 238 233 228 224 219 212 204 188 174 169 168 168 168 167 166 164 164 165 165 165 164 163 163 162 161 161 160 160 158 157 155 155 153 152 151 149 147 150 158 165 170 169 166 161 153 150 153 153 152 151 148 144 139 137 135 134 133 131 128 124
202 203 203 197 191 186 179 173 170 168 166 165 164 164 166 169 170 170 169 168 168 168 168 169 170 175 191 205 214 222 229 237 247 254 255 252 247 242 236 231 227 222 212 189 174 170 170 169 169 169 168 167 167 167 167 166 166 166 165 164 164 163 163 162 161 160 159 157 155 154 153 152 155 163 170 174 175 173 170 165 159 155 155 154 152 150 147 144 142 140 140 139 136 132 129 125
197 198 198 194 189 185 181 177 173 170 168 167 167 169 172 175 176 176 175 173 172 172 171 171 172 173 180 201 213 223 233 241 251 255 255 255 250 246 240 234 230 227 216 189 175 172 172 172 171 171 170 170 169 169 169 168 168 167 167 167 166 166 166 165 163 162 161 160 158 157 157 159 167 174 178 181 180 176 173 169 164 159 156 155 152 151 149 147 146 146 146 143 139 134 130 125
193 195 195 192 189 186 182 178 175 172 170 169 170 173 177 180 183 183 182 179 176 176 175 174 173 176 178 186 209 222 231 240 246 253 255 253 249 245 240 235 232 228 217 189 174 174 174 174 174 173 172 172 171 171 170 170 169 169 169 169 169 169 168 166 165 164 164 164 164 163 164 170 178 181 183 184 183 180 177 174 169 162 159 158 158 154 150 149 149 148 148 145 141 136 130 122
190 192 191 190 189 186 184 181 178 176 173 172 174 178 182 186 189 191 190 187 183 183 184 179 176 179 180 182 193 212 225 234 240 246 250 249 246 242 237 234 230 224 205 184 177 177 177 177 177 175 174 174 174 173 172 172 172 171 172 172 171 170 169 168 167 167 167 167 168 168 171 179 183 184 185 186 185 183 182 179 173 168 171 172 166 155 151 150 150 150 148 145 142 139 131 116
187 189 189 189 188 187 186 184 182 179 177 177 178 182 187 192 197 199 198 196 193 195 196 191 181 180 183 184 187 197 214 224 233 239 243 242 240 238 235 229 220 204 191 184 181 180 180 180 179 178 177 176 176 175 175 176 176 175 174 174 173 171 171 170 169 169 170 170 171 171 177 185 186 186 186 188 187 186 187 186 185 184 190 187 174 161 153 151 151 152 150 147 144 137 122 115
187 188 189 189 189 188 188 187 184 183 182 181 183 189 195 201 204 205 205 204 203 203 206 202 193 184 184 185 187 191 201 212 223 228 230 229 227 225 221 212 201 194 191 188 185 182 182 182 183 181 179 178 178 179 180 180 179 177 177 175 173 173 173 172 172 172 172 173 173 175 183 188 189 189 189 191 191 189 191 192 192 194 198 193 183 175 166 159 155 155 153 148 136 123 117 116
188 189 189 190 190 190 190 189 188 187 187 186 190 197 203 208 211 211 211 212 213 211 213 212 204 194 187 186 189 192 197 204 211 215 215 215 215 211 206 202 198 195 192 189 186 184 183 186 192 183 182 182 183 183 183 183 181 180 179 177 175 175 174 174 173 174 174 175 176 178 185 191 191 194 195 195 195 197 198 198 199 199 200 200 197 191 183 175 170 166 154 137 126 121 119 118
189 190 190 191 191 192 193 193 193 193 194 195 199 205 211 217 219 218 218 219 220 219 220 220 215 208 201 197 192 195 199 203 206 209 211 210 208 206 204 201 198 196 193 190 192 190 195 200 192 186 185 185 185 185 184 183 182 182 180 178 177 176 176 176 175 176 176 177 178 183 189 194 194 195 196 197 197 197 200 202 203 203 203 203 201 199 195 190 188 179 157 139 130 126 120 120
191 191 192 193 194 194 195 197 197 199 202 206 210 213 219 224 226 226 225 226 226 227 228 228 226 223 218 210 202 198 202 207 210 211 211 210 209 208 206 202 199 197 197 197 200 203 204 200 194 190 188 187 187 187 186 185 184 183 182 180 178 178 178 178 177 178 179 181 185 191 196 196 197 197 196 197 199 200 201 204 206 206 206 204 204 204 203 199 192 178 161 149 136 127 123 122
193 194 195 197 198 198 201 203 203 206 212 214 218 221 226 231 235 237 235 236 237 239 239 239 238 234 228 222 215 208 208 214 218 216 213 212 211 210 208 205 201 199 202 203 205 209 206 202 197 192 190 189 189 188 187 186 185 184 183 181 180 180 180 179 179 180 182 184 189 195 199 201 199 196 196 197 198 200 202 207 212 210 208 207 206 205 199 192 182 172 161 148 132 127 125 125
194 196 197 199 202 203 207 210 213 217 220 222 227 230 234 241 244 245 245 248 249 250 250 249 248 244 238 232 226 221 217 222 226 222 217 215 214 212 211 209 205 203 205 207 212 215 212 205 198 194 192 191 190 189 188 187 186 186 185 183 182 182 182 182 182 182 184 187 193 198 202 203 203 203 204 203 204 205 204 207 211 215 215 211 208 202 193 183 172 161 150 137 130 128 127 127
196 198 201 202 204 207 210 214 218 221 225 228 231 239 243 249 253 254 254 255 255 255 255 255 255 254 248 240 234 231 229 233 235 230 223 219 217 216 215 213 210 209 212 216 222 220 217 208 199 196 195 193 192 191 190 189 188 188 187 186 185 184 184 184 185 186 188 191 195 200 205 207 205 205 203 206 200 202 205 206 209 210 210 209 205 200 192 177 164 153 145 139 134 130 129 128
198 200 203 206 207 209 213 217 221 226 232 236 237 245 250 254 255 255 255 255 255 255 255 255 255 255 255 251 245 242 239 242 247 241 230 225 224 221 219 215 214 215 216 223 223 225 221 209 201 199 198 196 195 194 193 192 191 190 189 189 188 187 186 187 189 191 192 194 197 195 183 166 162 165 174 193 202 199 202 206 206 207 206 203 204 202 193 180 169 162 157 148 136 132 131 130
200 202 205 208 210 213 218 221 225 230 237 240 243 249 255 255 255 255 255 255 255 255 255 255 255 255 255 255 254 250 248 250 253 249 231 225 224 219 210 189 184 178 187 188 182 198 218 210 204 202 202 201 200 200 199 196 194 193 192 192 191 191 191 188 181 175 172 173 177 162 143 132 130 132 148 166 183 200 214 212 210 206 206 205 203 199 192 184 176 169 163 153 139 134 133 133
201 204 207 210 213 216 219 224 227 232 238 243 246 252 255 255 255 255 255 255 255 255 255 255 255 255 255 255 255 253 244 233 222 218 203 191 196 187 173 155 146 141 139 141 152 179 198 208 207 206 205 204 199 192 192 186 186 185 179 170 178 171 173 167 152 142 139 139 139 135 127 127 127 127 128 135 155 177 219 220 216 212 209 205 200 196 190 184 177 171 164 154 142 138 136 135
204 206 210 213 216 218 221 224 228 232 238 244 249 254 255 255 255 255 255 255 255 255 255 255 255 255 255 255 243 231 223 203 188 174 165 157 148 137 131 127 127 127 127 127 128 136 163 189 199 208 210 207 188 166 155 147 138 143 143 133 136 137 142 144 128 127 127 127 127 127 127 127 127 127 127 127 138 165 207 216 213 210 207 203 199 194 188 182 175 169 163 154 144 140 139 137
207 209 212 215 218 220 223 226 229 234 239 246 252 255 255 255 255 255 255 255 255 255 255 255 255 244 236 233 222 203 189 170 154 140 132 128 127 127 127 127 127 127 127 127 127 127 132 154 176 197 204 202 176 145 128 127 127 127 127 127 127 127 127 127 127 127 127 127 127 127 127 127 127 127 127 127 137 167 198 211 209 206 204 199 193 189 185 180 172 165 158 151 145 142 141 140
209 212 214 218 221 224 227 231 235 238 242 249 255 255 255 255 255 255 255 255 255 255 255 255 255 218 203 203 194 174 148 137 129 127 127 127 127 127 127 127 127 127 127 127 127 127 127 131 159 176 172 165 159 133 127 127 127 127 127 127 127 127 127 127 127 127 127 127 127 127 127 127 127 127 127 128 149 176 198 204 201 199 196 191 186 182 179 174 167 159 153 149 147 146 145 147
212 214 217 220 224 227 233 236 239 242 247 253 255 255 255 255 255 255 255 255 255 255 255 255 255 207 183 163 152 135 128 127 127 127 127 127 127 127 127 127 127 127 127 127 127 127 127 127 136 140 135 132 131 127 127 127 127 127 127 127 127 127 127 127 127 127 127 127 127 127 127 127 127 127 127 134 158 182 196 198 195 192 189 185 180 176 172 168 164 160 154 152 151 152 153 155
215 217 219 222 225 230 236 240 245 250 254 255 255 255 255 255 255 255 255 255 255 255 255 255 243 193 164 139 128 128 128 127 127 127 127 127 127 127 127 127 127 127 127 127 127 127 127 127 127 127 127 127 127 127 127 127 127 127 127 127 127 127 127 127 127 127 127 127 127 127 127 127 127 127 127 133 148 159 174 190 194 192 188 185 181 176 172 169 166 164 161 159 158 160 166 172
217 220 222 224 226 231 236 243 253 255 255 255 255 255 255 255 236 225 232 226 214 219 244 242 202 184 166 136 127 127 127 127 127 127 127 127 127 127 127 127 127 127 127 127 127 127 127 127 127 127 127 127 127 127 127 127 127 127 127 127 127 127 127 127 127 127 127 127 127 127 127 127 127 127 127 127 128 133 140 166 188 195 190 187 184 180 175 172 171 171 168 164 164 169 179 180
219 222 225 227 228 231 235 242 253 255 255 255 243 222 222 215 201 189 198 203 178 172 183 168 156 150 144 133 127 127 127 127 127 127 127 127 127 127 127 127 127 127 127 127 127 127 127 127 127 127 127 127 127 127 127 127 127 127 127 127 127 127 127 127 127 127 127 127 127 127 127 127 127 127 127 127 127 127 127 132 174 193 194 192 189 183 178 175 176 177 173 170 172 179 188 190
223 226 228 230 232 234 236 240 248 255 255 254 221 194 195 181 170 157 157 169 143 141 143 135 129 128 127 128 127 127 127 127 127 127 127 127 127 127 127 127 127 127 127 127 127 127 127 127 127 127 127 127 127 127 127 127 127 127 127 127 127 127 127 127 127 127 127 127 127 127 127 127 127 127 127 127 127 127 127 127 149 182 186 186 184 186 180 178 179 181 182 182 187 193 195 194
227 229 231 233 235 237 239 242 246 251 251 237 204 173 156 156 133 129 130 130 127 127 127 127 127 127 127 128 127 127 127 127 127 127 127 127 127 127 127 127 127 127 127 127 127 127 127 127 127 127 127 127 127 127 127 127 127 127 127 127 127 127 127 127 127 127 127 127 127 127 127 127 127 127 127 127 127 127 127 127 130 145 141 141 151 174 182 182 184 187 194 197 197 198 197 195
