contrib/geomasonDemos/riftland/riftlandData/RainData/.svn/text-base/101.txt.svn-base
ncols         56
nrows         54
xllcorner     28.264
yllcorner     -5.7719999999999
cellsize      0.25
NODATA_value  -9999
[rows 0 to 27 of 54, columns 0 to 55 of 56]
0.133408 0.1226266 0.1134435 0.09817217 0.08808487 0.07316235 0.08144943 0.1069648 0.1082281 0.108554 0.1182468 0.147196 0.09785365 0.08417565 0.139548 0.1399081 0.1249169 0.1288308 0.1443944 0.127899 0.1333992 0.1443536 0.2135378 0.2066471 0.2217854 0.2777802 0.2845266 0.2436639 0.226869 0.1917553 0.1667885 0.1974391 0.2479802 0.2418061 0.208654 0.2402363 0.2447676 0.1951817 0.1418273 0.1283146 0.09750464 0.07256334 0.1005374 0.1009835 0.07792231 0.06934176 0.09129374 0.1148828 0.06978586 0.10371 0.1504405 0.1782343 0.202847 0.1628581 0.08139404 0.04774145
0.1240624 0.1405942 0.1370219 0.1238815 0.08963446 0.06869522 0.09669329 0.09834535 0.09635849 0.09121209 0.1224724 0.1358758 0.1331565 0.1061569 0.1398226 0.1873058 0.1203163 0.1312099 0.1886005 0.1431747 0.1729604 0.1854068 0.2221198 0.1842902 0.224774 0.2257407 0.2408645 0.253876 0.2218688 0.211942 0.2027967 0.2417421 0.2414404 0.2443444 0.2431724 0.2809157 0.2286625 0.2194798 0.1500469 0.1738399 0.1436431 0.08682384 0.0992868 0.08293261 0.0680749 0.0661186 0.07567684 0.1040785 0.1205854 0.1225583 0.1191891 0.1232774 0.1434961 0.110549 0.05609177 0.05619739
0.1242927 0.1313034 0.1313263 0.09164783 0.07635102 0.07945366 0.08721996 0.1201146 0.1230994 0.1550997 0.1260868 0.1801567 0.1733495 0.1557938 0.1901903 0.1767617 0.1149065 0.1139951 0.1984877 0.1662869 0.2057598 0.2111129 0.224932 0.1778196 0.1843223 0.1882338 0.2361135 0.2944817 0.2393645 0.2393115 0.234866 0.249309 0.260862 0.2968993 0.3134115 0.3235403 0.3174603 0.2685097 0.1940941 0.1789271 0.1709355 0.1621485 0.1498461 0.09856368 0.07630213 0.06775696 0.08325513 0.1165406 0.1394424 0.1416981 0.1765612 0.1461309 0.1286325 0.1155183 0.09921861 0.1336582
0.1482704 0.1206116 0.09907889 0.0714096 0.06763785 0.07433436 0.08542322 0.1486515 0.09955476 0.1247683 0.1103021 0.2151815 0.2075602 0.2187582 0.2242954 0.1693911 0.1116387 0.1080156 0.1707235 0.1685465 0.16078 0.1572677 0.1826122 0.1512545 0.1487644 0.1629857 0.2001392 0.2127772 0.2659964 0.2155059 0.1760816 0.2591529 0.2900038 0.3234115 0.325597 0.3248834 0.3037282 0.2611817 0.1832502 0.1497624 0.2307913 0.2134443 0.1885339 0.1384333 0.142071 0.1034886 0.1039352 0.1344492 0.1331383 0.1427793 0.1262233 0.0975203 0.08989002 0.07921671 0.0866854 0.1486325
0.1223527 0.1335859 0.09735884 0.08729732 0.07891764 0.08899289 0.07867306 0.1203719 0.1021192 0.1306697 0.132654 0.1914635 0.1764466 0.1494833 0.2737896 0.2193001 0.1308219 0.1351944 0.1747055 0.1573561 0.1425624 0.1263669 0.1688094 0.1637543 0.1304897 0.1442373 0.1513488 0.1288488 0.1546367 0.1505549 0.1569943 0.2376669 0.28101 0.3222088 0.2895296 0.3104497 0.2651644 0.1930996 0.1566491 0.1554355 0.2324208 0.2083422 0.1671517 0.1777082 0.1742711 0.1511026 0.1280707 0.129495 0.1194094 0.1187309 0.1141638 0.08567073 0.06491731 0.07213913 0.07711338 0.1021291
0.1372169 0.1144524 0.1154685 0.1177985 0.09891011 0.09294783 0.0691104 0.1115517 0.1458869 0.1951932 0.1564396 0.205911 0.2501915 0.2189446 0.2578973 0.2465343 0.1842952 0.1801531 0.2199262 0.1446306 0.1440364 0.1264804 0.1360757 0.1236909 0.1274844 0.1483613 0.1409949 0.1221921 0.1117163 0.127011 0.1647003 0.2555297 0.2492004 0.2789357 0.2760484 0.256361 0.2075042 0.1718842 0.2072888 0.2185869 0.2283332 0.1666776 0.1677271 0.1543591 0.1974247 0.1783985 0.138086 0.1406406 0.1579843 0.1260472 0.0991395 0.0608062 0.04830031 0.06434429 0.05439844 0.03716835
0.1480133 0.1578568 0.1237829 0.1344117 0.1077217 0.1133798 0.08657573 0.1222289 0.1635456 0.1766673 0.1977212 0.2915986 0.3913137 0.3613465 0.3011154 0.2320676 0.3087219 0.2694017 0.2048447 0.1320133 0.1109368 0.1148198 0.1200364 0.1229051 0.1375486 0.138059 0.1234583 0.1274598 0.1250978 0.1545301 0.1499616 0.2171341 0.2073691 0.2058912 0.2184157 0.2359898 0.215424 0.1800449 0.1730104 0.2713101 0.2245533 0.184845 0.1420978 0.1172553 0.1481756 0.1795062 0.163177 0.1062926 0.1011787 0.1166011 0.08355813 0.04197585 0.04658853 0.05147576 0.06194984 0.0581157
0.1221822 0.1475199 0.1560234 0.1462941 0.1131659 0.08502464 0.1173711 0.1046646 0.08420919 0.1605606 0.1769661 0.1863389 0.2164618 0.1907166 0.1248197 0.1530083 0.197287 0.1914618 0.156546 0.1376946 0.1264676 0.1271393 0.1373297 0.1351597 0.1361462 0.1204073 0.1278979 0.1298253 0.135666 0.1443595 0.1523504 0.2207839 0.2498592 0.2436811 0.1925548 0.2169443 0.1943123 0.1890413 0.1915056 0.1848712 0.1610905 0.1612214 0.1402771 0.1219739 0.1264807 0.1358952 0.1303698 0.1196118 0.09260181 0.06467836 0.07456142 0.02594416 0.05684286 0.06039227 0.05869091 0.06108946
0.1185292 0.1433096 0.1274874 0.135638 0.099765 0.08873668 0.08098737 0.1309355 0.107786 0.1701962 0.1759471 0.2400574 0.226367 0.1357021 0.1129851 0.1497176 0.1417846 0.1522784 0.1521589 0.1397449 0.1340233 0.1165458 0.1260505 0.1423674 0.1596349 0.1448465 0.09184995 0.1016212 0.1273256 0.123721 0.1570441 0.2344728 0.2073836 0.2290528 0.1759638 0.178916 0.1458078 0.1621519 0.1631803 0.1619822 0.1346737 0.1543965 0.1333187 0.1582149 0.1354243 0.1033819 0.09586073 0.0994368 0.06919467 0.05172427 0.04966185 0.03147861 0.05612357 0.06405593 0.05305639 0.04571985
0.1027216 0.1139225 0.1330775 0.1200102 0.09267002 0.09967481 0.0711047 0.1443473 0.1429481 0.1399018 0.1646667 0.2886093 0.2038942 0.1500421 0.1158204 0.1439027 0.1166557 0.1315825 0.1316635 0.08874349 0.09284443 0.09291774 0.1303719 0.1444268 0.1478283 0.1167851 0.0881353 0.09553937 0.09210201 0.09926756 0.1287762 0.2927468 0.2580439 0.1658138 0.1423755 0.1421713 0.129142 0.1363762 0.1127051 0.09371005 0.1075857 0.09514115 0.112836 0.1735284 0.1615463 0.1028428 0.06882822 0.08146781 0.07259995 0.06315071 0.06299237 0.05799425 0.09133064 0.04806137 0.06095788 0.04729762
0.1048331 0.1083345 0.1329325 0.1159238 0.09764539 0.08418176 0.09174923 0.1705451 0.1386451 0.2107767 0.2115624 0.1986641 0.1679124 0.1400007 0.1400864 0.1824345 0.1502608 0.1114 0.1147742 0.09336779 0.106167 0.1078573 0.1340685 0.1308935 0.1116754 0.07939385 0.08195782 0.06713257 0.05814923 0.06881262 0.1075044 0.2536264 0.2589796 0.1203714 0.1168335 0.1334492 0.1019985 0.08396689 0.07065101 0.06644057 0.06288127 0.06996045 0.0983045 0.08986697 0.09604339 0.09892682 0.08437683 0.08522139 0.08213847 0.07202466 0.06168548 0.0165174 0.03355955 0.02292115 0.02598987 0.02247115
0.104671 0.1839616 0.2165724 0.2184723 0.1339062 0.1073582 0.1078911 0.1607833 0.1424131 0.1636492 0.2336966 0.1459655 0.1450917 0.129055 0.124962 0.1456172 0.1274612 0.1263856 0.1216691 0.2029504 0.1456702 0.1144563 0.1574292 0.1650152 0.1000875 0.10035 0.06570683 0.04394432 0.0333095 0.0548907 0.08255494 0.1056947 0.1556283 0.09984865 0.08478642 0.09867044 0.07473585 0.06458963 0.05324228 0.04812862 0.04305519 0.06546218 0.06906183 0.06433891 0.1249381 0.1905955 0.1024319 0.07829566 0.06329435 0.07934063 0.0712529 0.02947847 0.02977171 0.02065047 0.01672171 0.01973442
0.1285036 0.1188127 0.1151523 0.1373164 0.1317581 0.1117695 0.1142943 0.2205387 0.1451856 0.1468455 0.1763319 0.1742742 0.1527859 0.1650025 0.1571553 0.1881938 0.1229519 0.1249312 0.1590043 0.1741248 0.1535697 0.1435834 0.1661318 0.1308673 0.0796546 0.0843091 0.07760496 0.04293106 0.01988493 0.03023147 0.04317528 0.06000132 0.08557314 0.08918217 0.06462378 0.08387241 0.08312683 0.05824013 0.07023753 0.05469112 0.05513026 0.04489382 0.05439509 0.06408925 0.07894459 0.1083257 0.09099811 0.0909762 0.07971977 0.06548904 0.07078545 0.033747 0.04068102 0.02882008 0.01343906 0.0129658
0.1239494 0.09791297 0.09854506 0.1155957 0.1543451 0.1864819 0.2322837 0.1900377 0.1958637 0.1202651 0.113763 0.1507844 0.1440569 0.1953962 0.1604032 0.1438286 0.1195442 0.1262712 0.1396535 0.1428251 0.1711711 0.1362937 0.08545225 0.07200714 0.05479007 0.06861627 0.02975118 0.01208253 0.009802987 0.02045871 0.01803479 0.02862295 0.04689424 0.06240898 0.06194305 0.06823771 0.0456191 0.04996891 0.07091393 0.04721957 0.06764434 0.06711179 0.05664565 0.06052558 0.0639494 0.075061 0.06359275 0.0856895 0.08946556 0.07078291 0.09603396 0.07840078 0.07560397 0.05756442 0.0170708 0.02365351
0.1157003 0.1195612 0.09225932 0.09993404 0.1255484 0.144952 0.1629007 0.1963796 0.1713475 0.1454576 0.1789588 0.1482175 0.1271373 0.1289628 0.1536792 0.1458489 0.159968 0.1934923 0.1584101 0.1541596 0.135557 0.08695075 0.07674095 0.07503965 0.06836235 0.04295268 0.02354718 0.006309307 0.002353348 0.01425787 0.01059961 0.02426787 0.03577755 0.05660062 0.05479637 0.04868046 0.04603343 0.03367889 0.0417316 0.03984135 0.07128315 0.0580372 0.04345553 0.04557537 0.04538151 0.055151 0.05029678 0.04497566 0.06552645 0.07591157 0.09058317 0.08156463 0.09280128 0.07035048 0.06161946 0.02708249
0.1386412 0.1120314 0.095305 0.1249282 0.1373435 0.1247371 0.1662993 0.2274055 0.1664583 0.1846326 0.1205455 0.1242883 0.09719314 0.09562892 0.1328158 0.1537334 0.1871134 0.2429674 0.1358415 0.1656507 0.1362846 0.1069814 0.08793553 0.06110999 0.05157451 0.04018202 0.02303722 0.006939339 0.002926354 0.01071115 0.00833808 0.0277998 0.03958249 0.04038862 0.02420065 0.02367778 0.02112404 0.02054511 0.02209541 0.02313797 0.03496043 0.05115189 0.04988912 0.02659679 0.02529654 0.01485552 0.02415407 0.04631035 0.06107957 0.07467782 0.07240321 0.1273652 0.1096768 0.07224615 0.06034356 0.07784757
0.1493776 0.1351018 0.1341826 0.1807937 0.1781271 0.1656466 0.3462319 0.2358625 0.1966893 0.1864247 0.1188777 0.1266493 0.1329623 0.1155192 0.1027307 0.1148524 0.126992 0.1509998 0.1176646 0.1995793 0.141326 0.1403448 0.114529 0.06278521 0.06826261 0.04728625 0.0196388 0.01851864 0.006770028 0.01320447 0.01280972 0.04835674 0.0397269 0.02680021 0.01653668 0.01412159 0.01583985 0.02004328 0.03181444 0.04354185 0.05089992 0.05417464 0.05103566 0.03984399 0.05768211 0.01778465 0.02625136 0.03321579 0.05280598 0.06601653 0.06624066 0.1238243 0.0730822 0.1221647 0.04079182 0.06803442
0.1660554 0.1752525 0.1534486 0.2517565 0.1535686 0.1480655 0.3339193 0.2535433 0.1985547 0.188247 0.1187189 0.1272375 0.1586629 0.1517326 0.1525067 0.1253005 0.1240205 0.1580247 0.1654925 0.248678 0.1773836 0.1644001 0.1631849 0.08894175 0.07233463 0.03721101 0.03015459 0.005164871 0.007204889 0.009435983 0.01413817 0.04388392 0.0162417 0.01190165 0.0137389 0.01195455 0.01289671 0.01757009 0.03793457 0.0409403 0.08841351 0.07264555 0.06052222 0.08116662 0.05663648 0.04839727 0.04345778 0.03094441 0.03812977 0.04811563 0.1183709 0.1126692 0.1717857 0.3032848 0.1685017 0.1587138
0.2110029 0.2185795 0.195373 0.2336154 0.1545361 0.1386083 0.2221106 0.223687 0.1551448 0.1935551 0.1634243 0.1745215 0.1845368 0.2112009 0.1769443 0.1622632 0.1340388 0.1750703 0.213918 0.2860993 0.2846606 0.2365388 0.1626222 0.08158775 0.08234522 0.07023879 0.04673018 0.009113225 0.007068473 0.009407504 0.01351386 0.01735626 0.02676718 0.009541448 0.01217361 0.01128156 0.0132279 0.01519536 0.01596969 0.02906847 0.03273708 0.03997655 0.04615589 0.05795881 0.0268231 0.01670351 0.03077307 0.06018963 0.07660037 0.0329444 0.06800418 0.1361104 0.1287688 0.2316475 0.1991379 0.1597921
0.196326 0.2356042 0.2331019 0.2389603 0.1409988 0.1674625 0.1517353 0.2118891 0.1918683 0.1769161 0.1418856 0.1955328 0.1818937 0.1966722 0.1861648 0.1540042 0.1843417 0.2023743 0.2124054 0.1963658 0.25962 0.2598068 0.2117556 0.1319113 0.1113902 0.03886503 0.01846931 0.002502311 0.007964113 0.01072311 0.01312883 0.01382173 0.0285537 0.01512318 0.01622991 0.02837687 0.04090218 0.03710061 0.03440354 0.03406715 0.0484113 0.06017211 0.08055906 0.0634416 0.02732137 0.03224659 0.02370822 0.04259732 0.09187751 0.09718193 0.03267166 0.02447426 0.0241365 0.01815383 0.07508956 0.06719367
0.1502409 0.2955287 0.2479431 0.1730314 0.141395 0.140519 0.167191 0.2496801 0.2176037 0.1206791 0.1244953 0.1583427 0.1258453 0.113024 0.119869 0.1553179 0.1596337 0.2208934 0.22599 0.2519979 0.3075431 0.3283873 0.1994876 0.21285 0.1306237 0.06027848 0.03279179 0.0195598 0.02908946 0.01239585 0.007190323 0.008572401 0.01058744 0.03633093 0.03064597 0.03270669 0.0454264 0.04989716 0.03424992 0.03375167 0.05524533 0.05333917 0.04766588 0.0333158 0.02054381 0.03198237 0.03475303 0.04471188 0.04631138 0.03536487 0.03171995 0.03079715 0.03447973 0.04197531 0.05923673 0.1258076
0.181595 0.2228785 0.1745347 0.199839 0.1727744 0.1653287 0.1882074 0.2353625 0.1822736 0.120193 0.1027035 0.1245672 0.1165151 0.1526635 0.1275486 0.1344787 0.1673678 0.1766056 0.2332782 0.2933903 0.2917628 0.3487744 0.2023399 0.2127713 0.1710341 0.07253706 0.05129737 0.09851342 0.0240191 0.02218722 0.008485814 0.01225238 0.03074051 0.02777447 0.03394169 0.03018226 0.03605347 0.06169873 0.0565023 0.03895943 0.04935714 0.0535009 0.03596924 0.02723683 0.02434019 0.02270343 0.03553391 0.03776719 0.04045485 0.03011604 0.03788894 0.04352038 0.04625276 0.04340818 0.09981078 0.1453796
0.2078834 0.2706316 0.1917478 0.2372503 0.1964839 0.1733079 0.1556504 0.1610171 0.152881 0.08280399 0.08867564 0.1216029 0.09179582 0.1953947 0.2196777 0.1571515 0.1815315 0.1719862 0.2237244 0.3166848 0.2702258 0.3314758 0.3084103 0.3460863 0.2080497 0.1431212 0.09250911 0.102819 0.0617694 0.03746911 0.01973563 0.04076929 0.04272931 0.04642665 0.04186402 0.03355633 0.05005278 0.08654065 0.1059553 0.06278308 0.06171266 0.05041119 0.04165867 0.03232622 0.0287165 0.02646842 0.03907849 0.03313325 0.04141789 0.03835958 0.04780243 0.06445082 0.05333068 0.06046188 0.06807049 0.1242432
0.191943 0.1976901 0.1804397 0.232544 0.1654986 0.1028355 0.09825683 0.1032912 0.07667279 0.06736 0.0901119 0.2245675 0.1754564 0.1848735 0.209656 0.1725875 0.1739808 0.1576329 0.1780497 0.2571419 0.2583643 0.3579432 0.3343782 0.2598792 0.2441039 0.2181496 0.147362 0.1094676 0.1211334 0.1087057 0.04754652 0.03656905 0.03528922 0.06674326 0.02877347 0.051562 0.04545805 0.06148022 0.06759545 0.06620505 0.05117535 0.04944471 0.04536338 0.03529942 0.03152459 0.03129744 0.03178045 0.034102 0.03833099 0.03811795 0.05056967 0.04963427 0.06494191 0.0515943 0.03610549 0.07542696
0.1766504 0.1563525 0.1497491 0.1913487 0.1256755 0.1115505 0.09595277 0.1226543 0.0885281 0.09171435 0.1241685 0.134809 0.2048898 0.2044218 0.2050325 0.1335932 0.1301029 0.1549482 0.1350451 0.1670453 0.2595818 0.32429 0.4155466 0.3122009 0.2343835 0.2093067 0.1862984 0.1384141 0.1459661 0.1406633 0.08269361 0.02962845 0.03610497 0.02029105 0.02155674 0.0543121 0.05679986 0.0567016 0.05514646 0.05577399 0.05658963 0.05417912 0.04970188 0.03928296 0.03909699 0.03393424 0.03264904 0.03532945 0.05292406 0.04525322 0.04759772 0.06640884 0.105619 0.0908746 0.05195513 0.07597498
0.2146069 0.1857152 0.1679907 0.181337 0.1607746 0.132004 0.09351992 0.1272234 0.07570378 0.08985195 0.1008033 0.1718797 0.1709744 0.1597064 0.1811165 0.1629792 0.1872914 0.1884026 0.1611999 0.2359199 0.3188217 0.2571978 0.3096313 0.4106826 0.2692153 0.1897497 0.2115259 0.2399156 0.2270868 0.2419415 0.127465 0.1089559 0.1294212 0.08567519 0.05735197 0.09132286 0.09552988 0.07586004 0.06000526 0.06181461 0.0617163 0.0589474 0.06019691 0.04306526 0.03789505 0.03513502 0.04252917 0.04111475 0.05865264 0.05543298 0.04974519 0.07815521 0.1411408 0.1302797 0.1131189 0.07651048
0.2463913 0.2528135 0.2169244 0.2144392 0.2212038 0.1700004 0.1194161 0.08263373 0.05646389 0.06844435 0.1128734 0.1535786 0.1297611 0.1735941 0.2463609 0.1753778 0.2613678 0.2726238 0.1919594 0.2233574 0.3212411 0.3412812 0.3825813 0.4610476 0.3534869 0.1627152 0.1587441 0.2872714 0.2086933 0.1945465 0.1935989 0.1350179 0.125353 0.07644855 0.04421072 0.08616317 0.1190503 0.07918692 0.06811223 0.07008161 0.067819 0.06394437 0.06179203 0.04542962 0.04082493 0.03752334 0.04479124 0.04348638 0.04789391 0.04490456 0.05357506 0.1268735 0.1626056 0.1382716 0.09561441 0.08594733
0.2594021 0.2799718 0.2032903 0.226563 0.1785191 0.174259 0.1802644 0.1740655 0.1405717 0.1529792 0.1476146 0.2196753 0.1344734 0.1800059 0.1722347 0.1796245 0.2569975 0.3054132 0.2197327 0.2935443 0.2705491 0.3693351 0.3153537 0.4262727 0.3692187 0.2971343 0.2444376 0.2322171 0.1936606 0.1932566 0.2265787 0.1767668 0.1504866 0.1018201 0.1010746 0.1044699 0.1190408 0.1173261 0.1037518 0.0845837 0.08173742 0.07755646 0.0688486 0.04745065 0.0406382 0.04509275 0.04674746 0.04387412 0.05917274 0.05603289 0.1018442 0.1593308 0.1935275 0.2356727 0.1462702 0.142794
