contrib/geomasonDemos/riftland/riftlandData/RainData/.svn/text-base/106.txt.svn-base
ncols         56
nrows         54
xllcorner     28.264
yllcorner     -5.7719999999999
cellsize      0.25
NODATA_value  -9999
[rows 27 to 53 of 54, columns 0 to 55 of 56]
0.2299615 0.2995273 0.2838814 0.2598199 0.2170291 0.2230898 0.1446626 0.1423146 0.154977 0.2260661 0.2731103 0.291654 0.2168879 0.1642489 0.2060897 0.2157774 0.1892124 0.2269876 0.2247426 0.2818071 0.2869915 0.2980667 0.2982814 0.3232491 0.2605199 0.2072299 0.1788281 0.1874399 0.2418175 0.2242812 0.1746346 0.1413594 0.1469049 0.1733079 0.1946894 0.2425295 0.2900025 0.2936146 0.3437429 0.3461977 0.3757157 0.2910574 0.239771 0.22002 0.2577923 0.3397095 0.3775992 0.4333428 0.3255661 0.4284787 0.4821807 0.3825589 0.2616175 0.2268216 0.1808228 0.213512
0.2047355 0.2048407 0.2618632 0.2566579 0.2330668 0.1917567 0.1477736 0.1568129 0.153933 0.1539593 0.2258692 0.2630849 0.230759 0.1958222 0.2004885 0.2224167 0.1814701 0.2024785 0.2337932 0.2212603 0.2685416 0.3089387 0.3479328 0.3970712 0.340247 0.2958367 0.2802206 0.1877284 0.2047381 0.2292174 0.1663122 0.1413874 0.1574153 0.1898105 0.1882505 0.240991 0.2871948 0.344151 0.3962259 0.428107 0.4006419 0.3031939 0.2419674 0.237057 0.2469555 0.3151888 0.3571874 0.2600986 0.2566193 0.2756321 0.3721994 0.3239313 0.3016536 0.1662253 0.09357312 0.1218764
0.2166857 0.2599833 0.2928541 0.2567703 0.1858799 0.1458854 0.1237894 0.1330351 0.1771717 0.1404584 0.1501483 0.1615954 0.1764876 0.1633748 0.1573434 0.1893052 0.1638746 0.1669521 0.2078185 0.1880973 0.2039507 0.2489759 0.3102798 0.3580475 0.4330825 0.4594699 0.305255 0.2586949 0.2101433 0.1632013 0.1483024 0.141697 0.1530586 0.163628 0.1994231 0.251011 0.3221549 0.3926347 0.4088772 0.4009946 0.2351279 0.1949991 0.1826231 0.1376842 0.1689905 0.1966757 0.2170034 0.165142 0.1523493 0.1730653 0.2435488 0.2691863 0.2372568 0.181324 0.104856 0.1196412
0.2019058 0.2542236 0.2667618 0.1703934 0.1297526 0.08645712 0.1069547 0.1058159 0.1240037 0.1257978 0.1314228 0.1655613 0.1536846 0.1508984 0.1671977 0.1742497 0.1475934 0.1312769 0.1558796 0.236619 0.2355245 0.2724556 0.2961789 0.2217494 0.3674605 0.3427836 0.2877516 0.214969 0.1818862 0.1531607 0.1586091 0.1720675 0.1379898 0.1615271 0.1877932 0.2876489 0.3562133 0.4151244 0.4108442 0.2897077 0.1551046 0.1175107 0.1136407 0.09217927 0.1179345 0.09359486 0.1004963 0.1003728 0.1415748 0.2184639 0.2102712 0.2223592 0.2236237 0.2075319 0.199305 0.05275715
0.1920913 0.191948 0.1436174 0.1144856 0.08151336 0.05252035 0.0766076 0.1205357 0.1052739 0.1172157 0.09733822 0.1589529 0.1689614 0.1893183 0.1742785 0.201445 0.2318575 0.231202 0.2075849 0.1935944 0.261636 0.2858178 0.2648339 0.2269389 0.2378323 0.2341969 0.1674515 0.1522106 0.1874065 0.1301486 0.1292603 0.1586833 0.1342098 0.1436895 0.1568553 0.3430264 0.3863949 0.4331898 0.4031277 0.2483314 0.125739 0.1182218 0.09483693 0.05141909 0.08680382 0.06850963 0.05567748 0.1430326 0.2447161 0.2651005 0.3088494 0.2380602 0.1955937 0.1974955 0.2342528 0.08270855
0.2231044 0.162339 0.07610308 0.07348325 0.04911172 0.05108117 0.06173985 0.1170746 0.0964191 0.08781294 0.07325394 0.133095 0.1530355 0.1791793 0.197959 0.2205662 0.2242238 0.2226241 0.2171969 0.1857851 0.197786 0.2132781 0.2609322 0.2347296 0.2269387 0.1919138 0.1792468 0.2035843 0.1783944 0.1329847 0.1124695 0.1038828 0.1032697 0.1231234 0.1674244 0.2761454 0.3416122 0.3872822 0.3318436 0.2535289 0.2027552 0.1226713 0.09935236 0.04951914 0.06837611 0.07368165 0.05493103 0.1087542 0.1664555 0.1859682 0.2830867 0.2889721 0.1969667 0.1900223 0.1657678 0.07257316
0.187665 0.1080959 0.05232321 0.06050384 0.04594268 0.09539882 0.07974184 0.07549929 0.06552076 0.05174883 0.05436572 0.1256512 0.1426121 0.1613862 0.2145616 0.2430275 0.2363754 0.1955265 0.2107382 0.2502601 0.200858 0.1840515 0.206896 0.1775224 0.1835217 0.1594687 0.1696728 0.1791358 0.1350542 0.145729 0.0998816 0.08805174 0.1166399 0.1211753 0.1504665 0.2467315 0.2951538 0.2951803 0.2699304 0.2029096 0.2007491 0.1873677 0.2123071 0.08137953 0.08856514 0.08277994 0.06958137 0.1569863 0.1820986 0.1871412 0.2911953 0.3216946 0.1749578 0.1091234 0.1243905 0.05392649
0.1484107 0.09121352 0.05544811 0.07675539 0.0913504 0.1071079 0.07610478 0.07719538 0.08095011 0.06188872 0.0635229 0.1390449 0.1369732 0.1826147 0.2318818 0.2795141 0.2609876 0.2206766 0.2001802 0.2010021 0.2206642 0.1773934 0.0914002 0.1040494 0.1172483 0.1360673 0.1064313 0.1155715 0.08342034 0.0706667 0.06163824 0.07326566 0.1112021 0.1045936 0.1327401 0.1841826 0.1904 0.2445246 0.240428 0.194094 0.1701464 0.1671977 0.195409 0.1375237 0.1612438 0.1792732 0.1001204 0.1648205 0.1734711 0.167037 0.2258255 0.1983186 0.1821914 0.1622765 0.1265776 0.04584918
0.1469752 0.1333338 0.09344543 0.07502206 0.08540608 0.0845962 0.06630699 0.08474834 0.1072024 0.1231296 0.08585912 0.1292908 0.1465042 0.2286987 0.2629745 0.2748819 0.2959089 0.2608419 0.2146003 0.1799397 0.1634462 0.1718083 0.09852833 0.06802234 0.07990644 0.1017442 0.07623374 0.05393516 0.03779703 0.02349252 0.02025004 0.02758606 0.03367253 0.07197321 0.06058988 0.0635198 0.07314317 0.09612694 0.1277904 0.1829354 0.1518669 0.1381774 0.1177826 0.1395513 0.1649035 0.1138262 0.09855124 0.1369806 0.1111506 0.255982 0.3781202 0.286127 0.1813668 0.1602412 0.09456139 0.04526818
0.1254372 0.1249972 0.09108077 0.08740284 0.06679495 0.05899509 0.06610049 0.08860339 0.1233591 0.1166092 0.1132075 0.1301467 0.1474687 0.2131032 0.2305461 0.2554418 0.2765377 0.2588196 0.2485908 0.1980116 0.1141341 0.1130544 0.06656758 0.07608332 0.06891135 0.0571434 0.06380672 0.02530838 0.01680998 0.02147989 0.01526197 0.02161146 0.02101473 0.04685168 0.04239985 0.039808 0.06232013 0.07097907 0.08629397 0.1049542 0.091802 0.07485604 0.09427905 0.08043176 0.09316733 0.07438804 0.1222478 0.1419969 0.2420582 0.3112245 0.3876901 0.2714383 0.1536003 0.07989973 0.05911264 0.03881699
0.1374835 0.1045468 0.05906252 0.05413387 0.04870255 0.04914433 0.05226595 0.08302292 0.1007715 0.07703225 0.08972479 0.1193368 0.1641623 0.2022717 0.2231748 0.2451404 0.2244258 0.2363063 0.2495765 0.2201119 0.1148805 0.07906596 0.0550726 0.07386167 0.04746695 0.06147278 0.07394154 0.02291462 0.01723886 0.0142207 0.01439407 0.0287998 0.0285026 0.02535697 0.02710414 0.0305131 0.0380558 0.04817072 0.06945036 0.1037036 0.06112107 0.06076025 0.06522494 0.06493113 0.07341898 0.1156134 0.07396465 0.1958908 0.3472456 0.2238014 0.2260841 0.1841155 0.117095 0.07444351 0.04807751 0.01899694
0.1489231 0.09444021 0.05138603 0.06543699 0.04394434 0.05518806 0.05573657 0.06733286 0.06148903 0.06258702 0.07485475 0.1261856 0.1662177 0.2068678 0.234162 0.2382028 0.225588 0.1969718 0.2020361 0.1445472 0.09588201 0.07508436 0.0538523 0.05964392 0.04451342 0.05604157 0.05083666 0.01971498 0.02719956 0.0149678 0.01882191 0.02558947 0.02133055 0.01782372 0.01955756 0.0277525 0.03558748 0.03878767 0.07761449 0.1002317 0.08623952 0.08453664 0.1040487 0.08945844 0.09269495 0.1385045 0.1185599 0.2573068 0.425576 0.3280547 0.1998609 0.1539267 0.06650311 0.09288563 0.01022052 0.03135081
0.1689829 0.08692142 0.08512301 0.08909457 0.05981262 0.0582976 0.05787139 0.05668468 0.05055334 0.06491118 0.07752143 0.09937413 0.2066499 0.1946771 0.2218786 0.2976378 0.1746353 0.1588778 0.1235599 0.1184093 0.07603337 0.04959266 0.05693047 0.03887925 0.03584237 0.02341077 0.01681235 0.01460321 0.01364949 0.01602379 0.01506916 0.02014221 0.02204424 0.02589683 0.02356324 0.06261393 0.04417726 0.03360241 0.05005971 0.09831817 0.09805916 0.05237479 0.06469515 0.106133 0.1089965 0.1017506 0.1293237 0.1321939 0.2558221 0.2697482 0.1530317 0.1070367 0.1145496 0.06521237 0.04825696 0.02961126
0.1834312 0.07338159 0.06113715 0.08574779 0.06284236 0.05675243 0.06604204 0.05388914 0.05636165 0.06920192 0.08434489 0.0870686 0.08996406 0.1143891 0.2159033 0.2384059 0.1892805 0.1261416 0.0932587 0.06012467 0.04703014 0.04350744 0.05888959 0.01913846 0.0443541 0.02664571 0.02898181 0.0141652 0.02553437 0.02386643 0.01183059 0.01988041 0.02228997 0.03544548 0.02554232 0.02065923 0.0284083 0.05496044 0.05429699 0.08170769 0.07144764 0.03525438 0.05303599 0.1327446 0.09833318 0.1534836 0.1850842 0.1380221 0.1509186 0.1003358 0.1210559 0.1322407 0.07100761 0.07011785 0.0489834 0.04199252
0.1890634 0.08946354 0.06493162 0.08382782 0.06399712 0.0767381 0.07033167 0.07501037 0.05831145 0.06851426 0.08824733 0.0868244 0.06046433 0.06014969 0.1309892 0.1383929 0.09935074 0.1070275 0.08762498 0.08223226 0.06287942 0.06237948 0.04221851 0.03147404 0.01839508 0.03502697 0.01713396 0.01405648 0.01588076 0.01271087 0.01329492 0.02860231 0.02143632 0.02428096 0.0248242 0.01907343 0.02453424 0.05350392 0.07140404 0.0735702 0.0422877 0.05670315 0.05879772 0.06392571 0.09497304 0.1745372 0.2441437 0.2176907 0.1374366 0.1749072 0.1837192 0.07893302 0.0724391 0.05205138 0.0467871 0.05875742
0.1914043 0.1002728 0.06044362 0.0702172 0.05240788 0.06257138 0.07482635 0.07312967 0.05651011 0.06808976 0.06481712 0.06406585 0.06008744 0.05807523 0.09610152 0.1610067 0.09822534 0.06658415 0.05494719 0.06362606 0.04143815 0.05178449 0.05558487 0.03659911 0.02121396 0.0211907 0.02004699 0.02675281 0.01341519 0.01394951 0.01961726 0.02169689 0.02132076 0.02192147 0.02364759 0.04647256 0.06638007 0.05229241 0.07144847 0.07937172 0.04870965 0.05401793 0.06295563 0.07023454 0.09651534 0.1694856 0.22989 0.161119 0.1239491 0.2277585 0.2821895 0.08151741 0.07046554 0.06948379 0.05985208 0.06153014
0.1267861 0.07438052 0.03786238 0.03462504 0.04316228 0.0725725 0.08789477 0.07091931 0.06745069 0.0431045 0.02774547 0.05437467 0.07389582 0.06763166 0.05819682 0.09194767 0.06889185 0.05386277 0.06212651 0.03371693 0.01638895 0.02212577 0.01564912 0.02151249 0.01812986 0.0179548 0.01798269 0.0186761 0.03049787 0.02369787 0.02025033 0.03010912 0.02929763 0.0391172 0.03800448 0.07594847 0.2470213 0.04202078 0.04672312 0.06430577 0.08576796 0.07299907 0.07895435 0.1233642 0.1988109 0.2888618 0.3242839 0.1828443 0.209594 0.2093512 0.1534356 0.08182777 0.07493126 0.06397412 0.05533475 0.03435484
0.1154032 0.06309735 0.02774922 0.02748501 0.03805345 0.05074568 0.05751234 0.06906737 0.06788123 0.06942347 0.05085812 0.04598178 0.08805034 0.05931711 0.03498817 0.06453396 0.06173395 0.05074829 0.01875346 0.01551289 0.02893631 0.014848 0.01793362 0.0176436 0.01747464 0.01876489 0.01846939 0.02046736 0.03389136 0.03452278 0.02687535 0.03208434 0.03287401 0.03306618 0.0355678 0.03191792 0.03959921 0.0648432 0.04224673 0.05604444 0.1162744 0.1027987 0.1114286 0.1784348 0.288423 0.3078925 0.3148902 0.2121317 0.2940161 0.1932556 0.1788477 0.1179712 0.08685233 0.07863366 0.0628067 0.03173387
0.106314 0.07485611 0.02989258 0.01903882 0.04657421 0.03245089 0.04263447 0.06603627 0.06051012 0.05738263 0.04617922 0.02844412 0.03988991 0.04563073 0.03974681 0.05185182 0.0450917 0.0246199 0.01524951 0.01336826 0.01317892 0.01306558 0.01759215 0.01571536 0.01560342 0.01940611 0.02446049 0.01939083 0.0349109 0.02604295 0.02400497 0.02939634 0.03130634 0.03331122 0.0344446 0.04567603 0.1000416 0.08122799 0.07633139 0.06436019 0.07231817 0.1166027 0.1966315 0.2563743 0.3944594 0.3786059 0.3732025 0.2693258 0.3455619 0.2318424 0.2187993 0.09671398 0.08051673 0.07450205 0.07990587 0.04741935
0.06684522 0.0457559 0.02555672 0.02440309 0.02845744 0.02779411 0.02767621 0.05493629 0.04066747 0.05228075 0.02509355 0.0166071 0.02186462 0.02657654 0.01481316 0.0240654 0.02197761 0.02192361 0.01285775 0.01071575 0.01057666 0.01046001 0.01049282 0.01245461 0.01237382 0.02237642 0.03121213 0.02041355 0.01913047 0.01522334 0.01388326 0.02830341 0.04140902 0.04570188 0.03634154 0.04910568 0.05871449 0.09386784 0.0728491 0.1322035 0.1703074 0.2585443 0.2915418 0.3231566 0.3787294 0.3504715 0.2956768 0.2878833 0.2410803 0.2710178 0.2252709 0.103903 0.09028888 0.07250891 0.07697046 0.05947581
0.05302874 0.05053191 0.03218028 0.0310288 0.02478829 0.0266297 0.03539918 0.03605268 0.04751117 0.03188684 0.02592936 0.01481006 0.01898005 0.01573533 0.01350531 0.01333472 0.01332068 0.01047696 0.01022831 0.01114546 0.01108663 0.01102159 0.01349875 0.008471235 0.04045437 0.004784673 0.005051257 0.007025127 0.007528724 0.01079092 0.008881071 0.02097303 0.01943766 0.03851157 0.04909109 0.0515138 0.04670877 0.08145089 0.0935538 0.1973622 0.2626717 0.3441846 0.3741228 0.3540244 0.3103907 0.2626383 0.3182513 0.2151136 0.2677627 0.2717864 0.2064177 0.07951613 0.07758064 0.05395161 0.05540323 0.05302419
0.04308585 0.03246908 0.02875155 0.01755668 0.02786963 0.02732118 0.04046404 0.04297189 0.03749023 0.02441067 0.02082828 0.01456527 0.01378038 0.009690591 0.009120201 0.01026184 0.007722014 0.00612632 0.006229919 0.006959382 0.00708149 0.007019113 0.006826918 0.02154222 0.00288385 0.003065678 0.003519112 0.004988992 0.01294952 0.01576171 0.01054092 0.01787334 0.02141754 0.03809077 0.02679447 0.04076337 0.05451195 0.04109965 0.06076866 0.2061623 0.2270067 0.3082102 0.4240718 0.4345609 0.4177105 0.2604425 0.3261869 0.2138947 0.2496136 0.2242854 0.2313556 0.1009274 0.09947582 0.1082661 0.08334678 0.07931452
0.05454257 0.02568441 0.01229388 0.01207174 0.02142959 0.02423028 0.02729958 0.03334082 0.03499876 0.02115281 0.01356558 0.003797328 0.01592435 0.002467592 0.003952147 0.006285855 0.004233148 0.003555764 0.003708041 0.005144066 0.005044051 0.006148722 0.007010324 0.008951958 0.002327545 0.00277007 0.003567274 0.0100178 0.02945288 0.02554554 0.01455082 0.02989322 0.04073256 0.02506396 0.02350849 0.05136641 0.1140116 0.06903185 0.07515316 0.1643052 0.2192265 0.2550983 0.3435589 0.319958 0.3268178 0.2872355 0.3737127 0.2123095 0.2311916 0.2488132 0.2156936 0.1200403 0.170121 0.2309274 0.1676613 0.1236694
0.06458722 0.03812915 0.02299626 0.01706208 0.02561026 0.03227673 0.02733258 0.019 0.01706411 0.01606323 0.01128019 0.008764205 0.01009299 0.003111949 0.001504692 0.00307339 0.003142779 0.002746705 0.002855251 0.004026624 0.003471094 0.003565271 0.006035302 0.02965155 0.002190437 0.001487687 0.001895808 0.006001144 0.01456254 0.01524716 0.01124707 0.0357253 0.03806661 0.02839239 0.02855098 0.0570188 0.105957 0.1150056 0.1441009 0.1877683 0.1939727 0.243063 0.2449244 0.2048593 0.3183374 0.3046052 0.2593272 0.2327473 0.2141566 0.2644072 0.2324418 0.1615726 0.2042338 0.1885081 0.1576613 0.09943549
0.04961254 0.05316383 0.04278522 0.03604552 0.03993667 0.03907056 0.04013915 0.02525152 0.01473316 0.02104907 0.01176525 0.006301333 0.005113169 0.003205472 0.001480015 0.001780858 0.001459158 0.001383049 0.001523663 0.001376554 0.001415723 0.001394388 0.001336986 0.01400842 0.0009198425 0.0009118561 0.00419951 0.008428913 0.01386192 0.02140745 0.02631608 0.02673244 0.01071895 0.04281375 0.02475438 0.0915222 0.1107266 0.1351421 0.1602449 0.2058312 0.2022336 0.23275 0.2674287 0.191516 0.2422742 0.2445168 0.2060331 0.1750485 0.176167 0.2443773 0.2642836 0.2213306 0.1550403 0.1387903 0.1070968 0.08987904
0.0581033 0.05862968 0.04448224 0.04557958 0.04539815 0.03846178 0.03224958 0.02378564 0.01677587 0.02725493 0.0109966 0.007451041 0.003609176 0.002401655 0.001322772 0.00118878 0.0009038634 0.0007635189 0.0008344558 0.001268691 0.0007618922 0.0007945947 0.0006841584 0.0005797184 0.01122941 0.004820773 0.0005908437 0.009219467 0.0145209 0.01267826 0.01180432 0.02610137 0.008617166 0.0149235 0.02002733 0.06114052 0.08471107 0.07428046 0.09721127 0.1932337 0.2429384 0.218209 0.1694262 0.1525368 0.2179786 0.2301657 0.1703705 0.136707 0.1354032 0.2238104 0.2291917 0.1984677 0.1791532 0.1592741 0.1491532 0.1291532
0.03057355 0.04472137 0.04670353 0.05320584 0.04074756 0.03534267 0.03138895 0.02463491 0.01671442 0.02917327 0.01565784 0.006208872 0.00583978 0.003264336 0.002444028 0.001012956 0.0008951241 0.0006245046 0.0005163425 0.001060387 0.0005403254 0.0004389829 0.0005951512 0.0006645987 0.0009957333 0.0003929037 0.0003184539 0.0007936753 0.0009649795 0.004173261 0.006843322 0.006943387 0.009263214 0.01227689 0.02241915 0.03411241 0.04966167 0.09222183 0.06769504 0.2003928 0.2210055 0.2091975 0.1900778 0.1520533 0.2042167 0.177254 0.1321336 0.0881951 0.1030127 0.1537225 0.1942712 0.1764919 0.1845967 0.1398387 0.09362904 0.06866936
