contrib/geomasonDemos/riftland/riftlandData/RainData/.svn/text-base/106.txt.svn-base
ncols         56
nrows         54
xllcorner     28.264
yllcorner     -5.7719999999999
cellsize      0.25
NODATA_value  -9999
[rows 0 to 26 of 54, columns 0 to 55 of 56]
0.116736 0.1199054 0.1464478 0.09604438 0.06175142 0.0725129 0.05845553 0.05493596 0.07438899 0.06933867 0.0541955 0.05978787 0.05355038 0.06895125 0.1055911 0.1195611 0.107197 0.09833357 0.157073 0.1086904 0.1087384 0.1353066 0.1969691 0.3168783 0.3247752 0.2927025 0.256427 0.2188537 0.221739 0.173664 0.1593834 0.1715694 0.1836552 0.1725093 0.1581814 0.1600074 0.1543295 0.122559 0.1009235 0.06671491 0.04393484 0.04879193 0.06267985 0.08092055 0.06166057 0.08265942 0.09550507 0.09790997 0.09872212 0.138238 0.1490747 0.1265078 0.1571693 0.1923803 0.1472346 0.1176094
0.1232716 0.08009776 0.07337076 0.0789627 0.07616582 0.07143732 0.08213653 0.07546644 0.1018156 0.0905171 0.07512459 0.06965222 0.08035132 0.1227104 0.1224104 0.1175932 0.1080383 0.1055212 0.1826621 0.1697156 0.2179671 0.2366141 0.2682714 0.3826272 0.3660145 0.3300287 0.2387152 0.2094806 0.238745 0.1617574 0.158479 0.1463868 0.1294939 0.170896 0.1973049 0.1873708 0.1947503 0.174441 0.1392675 0.115673 0.09155501 0.08708032 0.06640074 0.06598722 0.06358854 0.08456589 0.0928148 0.08907881 0.1118133 0.139053 0.1636768 0.1677058 0.1796986 0.1516199 0.1139487 0.09745744
0.1187196 0.07056624 0.07278667 0.10702 0.09158809 0.09376548 0.08522001 0.07953851 0.1069272 0.1723847 0.07477308 0.08078215 0.09390523 0.1649602 0.1197173 0.1219473 0.1599082 0.1684936 0.1824375 0.1932295 0.2793603 0.3597298 0.3255872 0.327382 0.3099479 0.2988512 0.2494562 0.2238667 0.2387514 0.174256 0.1725946 0.1633042 0.2170569 0.2393773 0.2216618 0.259316 0.287183 0.2801653 0.1823596 0.1995693 0.1509016 0.1004193 0.07816114 0.07612377 0.08638813 0.07627465 0.08575635 0.100468 0.1363746 0.1700403 0.1963874 0.2192146 0.1668464 0.1389884 0.1235512 0.1200342
0.1375921 0.08071541 0.07942232 0.1567792 0.1270393 0.08618929 0.07535223 0.06346422 0.1033747 0.1513003 0.07904212 0.09388958 0.1167708 0.1219301 0.1305234 0.1778774 0.2162947 0.1657694 0.176253 0.2158193 0.3089105 0.3867245 0.3471054 0.2730643 0.2921004 0.2818879 0.2658519 0.2332373 0.2146472 0.2335233 0.2701988 0.2385878 0.3666229 0.4901767 0.3662125 0.3275448 0.3375622 0.2736398 0.194701 0.2864153 0.2848123 0.1776242 0.1210863 0.1361296 0.1346705 0.1171615 0.1152912 0.1485724 0.1557403 0.1802483 0.1807268 0.1884629 0.1794449 0.1536152 0.1371017 0.132715
0.1287936 0.1158917 0.1356894 0.1948373 0.1295958 0.07816023 0.08931133 0.1238893 0.07911658 0.1463534 0.1804385 0.1186444 0.1418496 0.1138038 0.1463898 0.187979 0.1772609 0.1687321 0.2107621 0.2353671 0.3168659 0.312656 0.2518287 0.2403168 0.2890414 0.2354145 0.2281283 0.1565099 0.1542527 0.209213 0.23814 0.2568454 0.3129172 0.4478613 0.3931896 0.3692069 0.3363079 0.2374072 0.2057809 0.2525389 0.2715252 0.1969566 0.1535699 0.1664249 0.2158306 0.1965712 0.2429931 0.1779413 0.1405431 0.1605088 0.1644593 0.1698679 0.1747213 0.1671494 0.1668919 0.1164995
0.1478355 0.1637358 0.1559324 0.1636927 0.09151337 0.06760326 0.0736201 0.1527637 0.1476326 0.1370328 0.09557335 0.1187061 0.1244597 0.06829283 0.08498824 0.1720586 0.1791824 0.1704899 0.2117654 0.2366768 0.2615107 0.2412669 0.2118702 0.2302379 0.3970228 0.2126882 0.1761822 0.1725731 0.1411674 0.1733848 0.197148 0.2379376 0.2598681 0.329672 0.3332864 0.3097276 0.2674708 0.2036556 0.1837531 0.2208593 0.2745732 0.2013066 0.1661908 0.1712672 0.1913953 0.1979877 0.260066 0.208221 0.1695268 0.1898342 0.1917332 0.1796615 0.1225381 0.1070902 0.08884137 0.09760243
0.2198284 0.2141265 0.1824729 0.1398765 0.1073092 0.1058535 0.09082036 0.123077 0.1238778 0.09684493 0.06486014 0.06187846 0.07129212 0.05516712 0.07144404 0.1835987 0.1460686 0.1487233 0.1565549 0.1913159 0.155883 0.1529245 0.1578071 0.172371 0.2590176 0.2143938 0.1602618 0.1366984 0.1235181 0.1509109 0.1632306 0.2225499 0.2252217 0.2466513 0.2436887 0.2292109 0.2193536 0.1891512 0.1904162 0.2629971 0.2424028 0.2144657 0.2114827 0.1849802 0.1715442 0.1959438 0.1846554 0.1714259 0.1654769 0.1857763 0.2084611 0.2182651 0.1381478 0.1186452 0.1475057 0.1416288
0.2504885 0.2062005 0.1463045 0.1158316 0.09604691 0.08416886 0.04634556 0.1016844 0.1544201 0.08161509 0.06997111 0.06287953 0.08539156 0.1057991 0.131227 0.2177135 0.1656901 0.1527128 0.1615858 0.1396311 0.1166425 0.1077043 0.1091077 0.1412147 0.1713817 0.1802917 0.1199379 0.1100242 0.1335105 0.1638781 0.1816655 0.1821095 0.2021173 0.2308199 0.1974283 0.2078476 0.1922842 0.1962755 0.1845856 0.2188876 0.1758569 0.2655249 0.2769684 0.2558054 0.2207651 0.1898049 0.1854375 0.1473426 0.1844148 0.182569 0.1948519 0.1883025 0.1595233 0.2077251 0.2452979 0.1964243
0.2416075 0.2122866 0.1296928 0.1047338 0.09562007 0.0593338 0.05450988 0.06315404 0.1015364 0.07876287 0.08650026 0.1102769 0.135475 0.1782427 0.1379893 0.1097374 0.1043684 0.1298301 0.1405499 0.1070264 0.1030565 0.1051205 0.1106707 0.150878 0.1394479 0.1176973 0.09715658 0.09956723 0.134942 0.1279601 0.136622 0.1455848 0.1896237 0.1714344 0.1498744 0.1985775 0.1847803 0.2116318 0.2022791 0.1696564 0.1640727 0.1828225 0.1976935 0.221595 0.1693593 0.1352594 0.1466583 0.1362456 0.1597223 0.1676067 0.1707205 0.1839698 0.1645415 0.2117721 0.2749415 0.2292169
0.1753689 0.187105 0.1340477 0.1415349 0.1212471 0.07625045 0.06615701 0.07930284 0.1066552 0.08547579 0.1602846 0.1754907 0.1344349 0.1287853 0.07621105 0.1182306 0.1012838 0.1258234 0.1740732 0.12961 0.09644122 0.07392335 0.1023415 0.1527026 0.1282948 0.1295184 0.09434479 0.09608088 0.1072458 0.09666438 0.08340418 0.1087764 0.1494411 0.1547454 0.1621352 0.1903847 0.1916352 0.2297489 0.2361439 0.2209294 0.2042201 0.195877 0.1635194 0.2367739 0.199151 0.1490946 0.1488554 0.139622 0.1649379 0.1657432 0.1670518 0.1882273 0.2362317 0.2025088 0.1841327 0.1599439
0.1956971 0.1759171 0.1297507 0.1748447 0.1705426 0.1036413 0.09922495 0.09668875 0.1527699 0.1908286 0.2272949 0.2531679 0.1683382 0.08913156 0.07779649 0.1421639 0.1220933 0.08542986 0.1312486 0.1872413 0.08479805 0.06079874 0.05907858 0.1145782 0.1137809 0.126784 0.1249682 0.1114463 0.09245614 0.1036807 0.09065116 0.1151436 0.1441184 0.128405 0.1276293 0.268808 0.2091615 0.2072869 0.1984311 0.2842826 0.2425022 0.2230758 0.2102 0.217641 0.2039446 0.169209 0.1261486 0.1534703 0.1849641 0.1753118 0.1515019 0.1828579 0.205795 0.1825042 0.1542807 0.1469549
0.1566055 0.1818882 0.1462795 0.146764 0.1550634 0.130386 0.1324251 0.09477717 0.1008471 0.1607828 0.1411599 0.1472875 0.1038805 0.09228614 0.1084201 0.158058 0.1152614 0.1087662 0.1057363 0.1409422 0.1019081 0.05531076 0.04606311 0.07362075 0.09924263 0.07179201 0.1100546 0.09960618 0.1123081 0.09926964 0.09968721 0.1061844 0.1242277 0.1274152 0.1301883 0.1690881 0.2006875 0.2117274 0.1795235 0.2142352 0.221349 0.1503279 0.1358829 0.1620089 0.1438773 0.126225 0.1107902 0.1314478 0.1663452 0.159513 0.121287 0.1797647 0.2734444 0.2510888 0.2401032 0.1937013
0.2269844 0.2215163 0.1567069 0.1449937 0.1837157 0.1223034 0.1179352 0.1020767 0.08487074 0.1064656 0.08147915 0.138792 0.09131826 0.09016878 0.1029764 0.1664061 0.1050792 0.14995 0.09912958 0.1221991 0.1103289 0.07654659 0.04681244 0.09350689 0.09152479 0.07257642 0.06736688 0.06452755 0.04671856 0.041967 0.06319062 0.09774129 0.1219936 0.131611 0.1892496 0.1152721 0.1483464 0.1900478 0.1640136 0.2064742 0.1126743 0.08795446 0.1154798 0.1373791 0.1340608 0.1407519 0.1272923 0.1284139 0.1559914 0.1800461 0.1325992 0.1462384 0.2813155 0.2641643 0.2986116 0.3015048
0.1927078 0.183765 0.1482487 0.1657277 0.1288636 0.1056203 0.1033185 0.1159478 0.114163 0.1679828 0.1101668 0.1125727 0.08911794 0.1025488 0.1157751 0.1072627 0.08827526 0.1670215 0.1129639 0.1858986 0.1377996 0.05176728 0.08819772 0.1328611 0.09894891 0.06096991 0.05348297 0.0351494 0.02859614 0.03778735 0.04699962 0.09219324 0.1558107 0.1142057 0.194616 0.1134379 0.08815507 0.1240957 0.1740352 0.1392756 0.09278931 0.07580937 0.1169217 0.1566259 0.1505565 0.1356585 0.1215207 0.1704763 0.2477898 0.2505406 0.2453613 0.2216451 0.2633623 0.2969435 0.2443507 0.2649823
0.2121006 0.2073099 0.1981692 0.1838889 0.1224168 0.1141307 0.1323577 0.2710043 0.2883694 0.213805 0.2129387 0.09608139 0.1042537 0.1270496 0.1136447 0.1698694 0.1083277 0.2230763 0.1256615 0.1203436 0.09334559 0.0462086 0.08714321 0.1145365 0.08948638 0.02734885 0.02323364 0.0300478 0.02127131 0.02704187 0.03912269 0.06459432 0.1177835 0.1017094 0.07708143 0.05592459 0.06589502 0.07149388 0.1273675 0.1382678 0.1371523 0.1148007 0.1503222 0.1905811 0.1978366 0.1758515 0.1647275 0.2023045 0.2256832 0.2621773 0.2846323 0.3661762 0.2547973 0.286241 0.3135282 0.3297456
0.299452 0.3798664 0.2435345 0.1909811 0.1562468 0.1481117 0.1577291 0.1819665 0.1555382 0.1749413 0.1511988 0.1219203 0.1148888 0.1368431 0.0887678 0.1110586 0.1547159 0.1514859 0.1195382 0.113968 0.1132983 0.09107813 0.1106895 0.124136 0.07728712 0.04184678 0.07524393 0.05790603 0.0353899 0.03615151 0.04530428 0.05178316 0.05889769 0.05375161 0.06486875 0.08491274 0.06718793 0.07273503 0.07752236 0.07133953 0.1183029 0.1383046 0.1577718 0.1584695 0.1593278 0.2572818 0.2057141 0.2134607 0.1655537 0.2036693 0.2105723 0.2113451 0.2808754 0.3748187 0.3987522 0.4505082
0.2659227 0.3403187 0.2291455 0.1976016 0.1547631 0.1982943 0.138508 0.1787199 0.1567759 0.1546339 0.1006674 0.07647704 0.1328892 0.112051 0.1198364 0.1063737 0.1441926 0.1824306 0.1231991 0.1618389 0.1351705 0.1608689 0.1169455 0.1444799 0.07157609 0.03828085 0.05851669 0.04552973 0.04149513 0.03953326 0.02806387 0.03509964 0.05512601 0.05309192 0.05710116 0.07041635 0.111975 0.07715573 0.08136682 0.09635022 0.1238879 0.1668293 0.1974192 0.1888019 0.1986707 0.1731996 0.2440197 0.253724 0.2198465 0.2410523 0.2756342 0.2128862 0.2170334 0.3777412 0.4592196 0.4586395
0.2109856 0.221513 0.2192392 0.218711 0.1796722 0.1733963 0.1612231 0.1635396 0.1963621 0.1453586 0.1061834 0.08807622 0.1302274 0.1286019 0.1478162 0.1436491 0.1702988 0.2266467 0.1730573 0.1919567 0.1314994 0.0865369 0.09080134 0.1316912 0.1030815 0.06603128 0.05346531 0.04250109 0.04306809 0.03254734 0.03136891 0.05223396 0.06181576 0.07515436 0.05109036 0.04405622 0.06088134 0.08143979 0.08947733 0.08404271 0.177042 0.2049824 0.2460549 0.2649961 0.3435574 0.2786418 0.2420046 0.1820108 0.1880223 0.2222732 0.2578297 0.274142 0.2594075 0.435789 0.5350244 0.4481039
0.2206438 0.2263456 0.2256521 0.236875 0.2244493 0.2138516 0.1632413 0.15286 0.1702506 0.1468533 0.1287152 0.1187371 0.1484095 0.201433 0.1506629 0.1713923 0.2079555 0.1990362 0.2114028 0.2224357 0.1469655 0.07620443 0.07954942 0.1298398 0.1529598 0.07881988 0.08293899 0.08286066 0.07233467 0.04776614 0.04983903 0.05988545 0.04368522 0.06664803 0.05737447 0.04799633 0.07262574 0.08493761 0.09036819 0.08926013 0.1082311 0.159734 0.2459596 0.2887557 0.3365121 0.1886976 0.1892392 0.1370356 0.1877206 0.1959538 0.2456747 0.3763699 0.5197488 0.4979605 0.527078 0.3908652
0.2506343 0.2677971 0.261551 0.3433377 0.3167721 0.2790805 0.2097261 0.1672275 0.1977181 0.1480315 0.11805 0.1538649 0.1776794 0.2186278 0.133716 0.1598227 0.19882 0.2306492 0.2367238 0.2197348 0.1554073 0.1117189 0.1136348 0.1697363 0.1514669 0.1057398 0.1463203 0.1710899 0.1237888 0.08117228 0.05098043 0.07383316 0.05368505 0.05537245 0.0626338 0.08303596 0.09111865 0.113053 0.1321067 0.1284737 0.1620612 0.1949324 0.2584952 0.2195241 0.2189181 0.23177 0.2325872 0.288237 0.1977227 0.190639 0.2491566 0.3213271 0.4749731 0.4704706 0.4508858 0.4156986
0.246788 0.2517352 0.2843945 0.3236282 0.3405816 0.3497865 0.3814934 0.1918781 0.1615119 0.1387194 0.165618 0.138243 0.1811353 0.2508215 0.2615563 0.2236981 0.2127505 0.2210963 0.2588102 0.29479 0.2256766 0.2184913 0.1527648 0.176092 0.1866455 0.2137639 0.1730768 0.2025069 0.1263046 0.06972739 0.06884406 0.0699289 0.06146834 0.07149379 0.07144424 0.09090413 0.09086703 0.1210076 0.1364377 0.1261707 0.1621024 0.1644775 0.189047 0.19579 0.1759281 0.1849917 0.2312151 0.222234 0.2342272 0.218165 0.2611957 0.4394035 0.5155612 0.4479856 0.4029435 0.396816
0.3096987 0.3241409 0.2726785 0.2683183 0.3754917 0.3649597 0.4291856 0.4150555 0.2230897 0.1979295 0.17191 0.2003814 0.1866039 0.3534075 0.3517592 0.2107583 0.2041843 0.2401809 0.2363205 0.3047324 0.2443373 0.2517297 0.190213 0.2121346 0.3127124 0.2353137 0.2145533 0.2351935 0.259496 0.1626772 0.09212883 0.1044347 0.09085716 0.09772637 0.146875 0.1140241 0.1178345 0.1395441 0.1637057 0.175035 0.1669231 0.1945357 0.206795 0.1783331 0.1969833 0.1883335 0.2222611 0.264841 0.2629469 0.2692159 0.2681524 0.3683208 0.4261962 0.5671993 0.6110362 0.3990499
0.4003771 0.3778687 0.3555707 0.3445099 0.3622152 0.5339824 0.5583011 0.2749747 0.239763 0.1997015 0.1535123 0.1446077 0.146527 0.32911 0.2584258 0.1961617 0.1939248 0.1802262 0.1794711 0.2820399 0.24831 0.2078937 0.2503001 0.4276353 0.3885653 0.2873812 0.3421465 0.3721902 0.3075037 0.2000073 0.07739489 0.08909331 0.08172575 0.1378926 0.2009374 0.1139557 0.1165461 0.1114719 0.151781 0.143632 0.1480257 0.1535623 0.14262 0.1334347 0.1827599 0.1854305 0.1975199 0.232401 0.2676236 0.2938313 0.2728104 0.3507836 0.512079 0.59471 0.6108016 0.4155468
0.4093333 0.4015741 0.2631307 0.2641852 0.2162686 0.2456913 0.3157981 0.2406108 0.2273867 0.2332724 0.2101272 0.1670734 0.138933 0.2917999 0.3474151 0.1990519 0.1685069 0.152846 0.1716505 0.2657816 0.2364746 0.2342461 0.2368045 0.2311245 0.205087 0.1866105 0.2180105 0.2000158 0.1828191 0.1129551 0.08211391 0.06644477 0.06704083 0.1788578 0.1983122 0.1736658 0.160282 0.1661007 0.1283367 0.1250561 0.1342021 0.1528467 0.1811975 0.1572159 0.185585 0.2515679 0.2473513 0.2622719 0.3667795 0.3916693 0.3867195 0.3484228 0.4979834 0.4697556 0.5257415 0.4438504
0.4530087 0.4324262 0.2474375 0.2175324 0.2380278 0.200014 0.1974481 0.1463395 0.1661633 0.2214459 0.2018697 0.1903141 0.1582772 0.1853526 0.1783815 0.165237 0.1465038 0.1525414 0.1763151 0.2250202 0.2629465 0.2268729 0.1961991 0.2159321 0.1847633 0.1643657 0.1981399 0.2056313 0.1986086 0.1264375 0.1089216 0.1359996 0.1112908 0.1407283 0.180735 0.2291529 0.1697229 0.1529634 0.1661632 0.1686564 0.181803 0.1827859 0.2003528 0.2132393 0.1858632 0.2142554 0.2382794 0.3086546 0.3628957 0.3756514 0.3689175 0.3036996 0.3180185 0.3544078 0.3970079 0.3957692
0.3446904 0.3387297 0.3128896 0.3309588 0.3402323 0.21849 0.200079 0.1734825 0.1485792 0.1515235 0.2310969 0.2603768 0.3277408 0.1641436 0.1227688 0.1836502 0.1811951 0.171179 0.2026835 0.1938048 0.2455321 0.2994882 0.2443283 0.2784324 0.3083077 0.2265577 0.2186253 0.2124272 0.269178 0.2405895 0.2171479 0.1658863 0.1272934 0.184531 0.1943444 0.2368991 0.1957899 0.1671887 0.1922866 0.2370493 0.2260282 0.2160963 0.1966668 0.252658 0.2332587 0.2014662 0.3128025 0.4014048 0.3542441 0.2748966 0.3205301 0.2487049 0.3108616 0.3267325 0.3291277 0.3092582
0.2887223 0.2992051 0.4197766 0.3183261 0.3411159 0.2832156 0.1820502 0.1713722 0.146812 0.1202892 0.2693668 0.2603947 0.1768032 0.1405698 0.1805423 0.1762358 0.1782848 0.1902646 0.2051845 0.1874221 0.176311 0.2669821 0.2855387 0.2830341 0.2156522 0.198218 0.2034446 0.2508628 0.2542588 0.2469235 0.193215 0.1228 0.1332845 0.2596371 0.2858959 0.2337287 0.2211951 0.2056952 0.2228139 0.21453 0.265705 0.1949535 0.1703229 0.2191131 0.226798 0.2426743 0.3050118 0.3480329 0.2786458 0.294037 0.3175323 0.2511962 0.3061621 0.3096895 0.2561026 0.2486266
