contrib/geomasonDemos/riftland/riftlandData/RainData/.svn/text-base/111.txt.svn-base
ncols         56
nrows         54
xllcorner     28.264
yllcorner     -5.7719999999999
cellsize      0.25
NODATA_value  -9999
[rows 0 to 26 of 54, columns 0 to 55 of 56]
0.04996774 0.06474348 0.05273999 0.02339106 0.02457326 0.02181599 0.01596522 5.819783e-005 0.002048067 0.007034444 0.01228868 0.003516977 0.0064536 0.004901788 0.001209677 0.003104838 0.006064516 0.008548386 0.007637096 0.002774193 0.007040323 0.00558871 0.004483871 0.007322581 0.01208871 0.0223629 0.0312258 0.04679032 0.04069355 0.03525807 0.03667742 0.04639516 0.04023388 0.04793548 0.0333871 0.03227419 0.0296371 0.02993548 0.03115322 0.01395968 0.01262097 0.01941129 0.01824193 0.0142798 0.02320785 0.01969944 0.01481281 0.01432157 0.01619335 0.02191865 0.01558444 0.02086541 0.0235226 0.01665332 0.01483851 0.03068229
0.03646253 0.1124609 0.08959812 0.02494125 0.03647946 0.04605796 0.009683885 0.01729884 0.009202849 0.02259756 0.03782187 0.03081213 0.009656785 0.009720468 0.004691107 0.009075789 0.01208935 0.01062413 0.00798013 0.003693548 0.003709677 0.003451613 0.00498387 0.01237097 0.01941936 0.02545162 0.02981452 0.02546774 0.03574193 0.04201613 0.04592741 0.0418629 0.04075 0.03570162 0.02904838 0.03279838 0.03273387 0.0375887 0.04020161 0.02673387 0.02615322 0.02500807 0.01250806 0.01161665 0.01174729 0.01175516 0.01226684 0.02002656 0.01995359 0.0332399 0.02064536 0.03059583 0.02398065 0.01661726 0.01509314 0.03119493
0.06584363 0.1391075 0.08713748 0.05459526 0.2325864 0.06452996 0.04699953 0.01547691 0.02050574 0.04029641 0.02448718 0.01950499 0.01685413 0.009711347 0.008779623 0.0128316 0.01448605 0.01253021 0.01394292 0.0172064 0.04542669 0.02273512 0.02299983 0.02114135 0.01923387 0.02480645 0.03119355 0.0336371 0.03199194 0.02823387 0.0276371 0.03966129 0.05635485 0.05999193 0.05485485 0.05151613 0.05248387 0.05092743 0.03698386 0.04018548 0.0503871 0.02657258 0.01289516 0.004616328 0.0121222 0.01691311 0.02243428 0.02671657 0.02017187 0.02093351 0.02612568 0.04475253 0.02815709 0.01863995 0.0149413 0.01464692
0.05325 0.04259438 0.02968706 0.08240243 0.09387399 0.0616853 0.05735556 0.03952295 0.01619533 0.01076566 0.0126976 0.014324 0.008135333 0.01171208 0.02446702 0.02446645 0.01398174 0.02070621 0.01439549 0.01255211 0.03819136 0.03519545 0.04411074 0.02777453 0.02366251 0.02627563 0.03262318 0.03401483 0.02738944 0.02894616 0.02701823 0.04333372 0.06888884 0.07926808 0.08798367 0.06319801 0.04750237 0.04774306 0.03299828 0.02907288 0.03609706 0.03353263 0.01796735 0.02282664 0.02518315 0.02829114 0.0502401 0.02795691 0.02354397 0.03064392 0.02142759 0.04172208 0.05204325 0.03165737 0.002717102 0
0.05631357 0.0301554 0.02555529 0.0663453 0.06775285 0.06656696 0.05698335 0.03082648 0.02319926 0.01018857 0.02904932 0.02798811 0.01436674 0.01905474 0.02219068 0.01764877 0.01122191 0.02346133 0.01909547 0.02605017 0.02829149 0.02514639 0.03449657 0.02638078 0.02946266 0.03687193 0.02701459 0.02784778 0.02804715 0.03613465 0.02918913 0.05310226 0.08858466 0.06872578 0.0776897 0.06977098 0.04296209 0.03062951 0.0299415 0.0322552 0.0295869 0.02522892 0.01595142 0.01829377 0.02331022 0.03233387 0.04776781 0.03293373 0.02987307 0.0365747 0.02104072 0.01908113 0.01200517 0.004107289 0 0.0002392559
0.06497274 0.03351307 0.02538576 0.06480834 0.08923023 0.06185196 0.03373905 0.04034266 0.02075182 0.02382269 0.03368483 0.02273277 0.01921728 0.002967672 0.00367263 0.01547382 0.02089285 0.01824503 0.0250783 0.03109121 0.0405921 0.02512169 0.04091393 0.02387996 0.02780275 0.03777122 0.02722977 0.02399685 0.0203098 0.03265597 0.04273029 0.06205525 0.08648112 0.05459722 0.03528985 0.04613557 0.03545889 0.01928521 0.02757582 0.02441011 0.02356634 0.01422271 0.009091821 0.01335843 0.02450067 0.03739744 0.02625531 0.02110283 0.01694316 0.007471388 0.00225819 0 0.004676276 0.003174753 0.01151228 0.001918149
0.05599694 0.0480841 0.02899422 0.06429685 0.08619466 0.03885983 0.04020112 0.04449002 0.02995151 0.01070555 0.02167727 0.03228264 0.01954827 0.004460146 0.00989847 0.01282907 0.01605118 0.02409113 0.01645834 0.02323661 0.03706053 0.02618713 0.03649177 0.03864753 0.03364601 0.0401573 0.03203083 0.02850244 0.02305296 0.03124291 0.033327 0.05019304 0.06216585 0.04574296 0.02060498 0.02452487 0.02445281 0.01691291 0.01340494 0.01413883 0.009615016 0.0106184 0.01227972 0.01757949 0.02685815 0.03273468 0.02128758 0.01634817 0.009961007 0.006418093 0.009286175 0.02001718 0.02273573 0.01839174 0.01566708 0.01744582
0.04874598 0.02020071 0.03538756 0.06846306 0.03935553 0.01999953 0.02400163 0.02870467 0.0184019 0.006449741 0.01139596 0.03029284 0.01822334 0.008784999 0.004498922 0.007883579 0.01113694 0.02024927 0.0354609 0.01819112 0.01245282 0.02375518 0.03155261 0.04487814 0.04632727 0.03545892 0.04281008 0.04852683 0.03541061 0.04551234 0.0531177 0.04021011 0.04981259 0.03956917 0.02150329 0.0203103 0.01634226 0.02056046 0.0182322 0.01568577 0.009230943 0.01503108 0.020101 0.02857368 0.02777992 0.03190247 0.01908758 0.01450357 0.01004379 0.00686677 0.01963534 0.02430458 0.02784776 0.01617521 0.0118951 0.003104001
0.02980711 0.05770947 0.04735161 0.07343455 0.04567359 0.04259408 0.01394316 0.02413731 0.02271672 0.02543145 0.02673397 0.01932529 0.01610633 0.008753082 0.01549786 0.01131445 0.01420427 0.02480338 0.0362205 0.03147021 0.0173874 0.02398629 0.03079823 0.05015847 0.06269173 0.03933301 0.04102703 0.06740852 0.06006609 0.05370667 0.05369608 0.04168944 0.03791943 0.03900519 0.01687023 0.02116113 0.02390156 0.02326967 0.0225207 0.01394771 0.01441328 0.01288399 0.02048727 0.03111013 0.02848215 0.02083326 0.01908311 0.01544937 0.01779686 0.02363902 0.03435273 0.01042148 0.007884283 0.00472179 0.003974577 0.004209263
0.0403048 0.07802168 0.04829346 0.06905729 0.06298597 0.05770661 0.03496804 0.02917053 0.02704975 0.03131649 0.02727673 0.01648937 0.008937533 0.009735046 0.009990091 0.01008527 0.01473487 0.02906656 0.04293602 0.03103749 0.02828994 0.04558939 0.05252077 0.072179 0.06508426 0.05807931 0.04772655 0.09225943 0.07880336 0.07491456 0.05725246 0.04702905 0.04582546 0.03837251 0.01971073 0.0244817 0.0357888 0.01700302 0.008434874 0.009302341 0.01045342 0.01341966 0.0215854 0.02129249 0.0182464 0.02016101 0.01632264 0.02577872 0.02214434 0.04480553 0.02884728 0.01073799 0.0054001 0.002835324 0 0
0.2260676 0.08502718 0.04996034 0.07259286 0.07994287 0.07870933 0.08757301 0.0391024 0.03461235 0.04476672 0.02559776 0.01504442 0.0132212 0.01081888 0.01540164 0.01233217 0.01411222 0.01630324 0.02323995 0.0219861 0.05088404 0.04629728 0.05931955 0.07408178 0.07115616 0.08411375 0.09400494 0.06035283 0.05111303 0.05331908 0.04756668 0.03799745 0.0284586 0.0319743 0.02332899 0.01491402 0.02696892 0.01598333 0.006187529 0.008633032 0.01338174 0.01951269 0.01684561 0.01907073 0.01478115 0.01807911 0.01412467 0.02233768 0.01998368 0.0214825 0.01838912 0.01103372 0 1.838258e-005 0 0
0.1846593 0.07143325 0.05848059 0.05093576 0.09084863 0.1240882 0.07548099 0.05488069 0.08449795 0.05915892 0.02858658 0.01793546 0.03190245 0.04286372 0.009652784 0.009425826 0.01268674 0.01579423 0.01534521 0.02260019 0.03361607 0.05157124 0.07698856 0.07075589 0.07627829 0.0563025 0.04812309 0.08319715 0.07566722 0.1209233 0.09719737 0.03928569 0.03119105 0.01906169 0.01623765 0.01120753 0.01707922 0.01340677 0.009034607 0.01571835 0.02169743 0.02406864 0.02181794 0.01824468 0.0117507 0.01027547 0.01165966 0.02228988 0.02259683 0.0151059 0.005739162 0.001160533 0.0008893318 0.0008708006 0.0008847214 0.001144672
0.08680153 0.05235514 0.0464193 0.07416325 0.0830787 0.06623074 0.06363222 0.05079233 0.09083635 0.05520983 0.07209262 0.04728783 0.07132293 0.02805783 0.0409552 0.02305447 0.03956194 0.04516352 0.03492603 0.05168352 0.06507011 0.05165933 0.1190019 0.08254439 0.04438635 0.05687946 0.06318813 0.06292406 0.05941375 0.1128936 0.09032858 0.04887803 0.01649836 0.0263312 0.01445631 0.01799125 0.04231622 0.01748073 0.01673721 0.02057443 0.02181826 0.02153112 0.01879528 0.01872864 0.01405179 0.01714729 0.02875864 0.04586056 0.02254494 0.009147691 0.005043919 0.004785148 0.003547104 0.0008691784 0.0008680555 0.0008696945
0.1001069 0.07318363 0.08565456 0.09285722 0.08395942 0.05344419 0.04124522 0.08404649 0.1043945 0.06351977 0.04722078 0.05810774 0.1195959 0.09444988 0.04027707 0.05988521 0.1290886 0.05756714 0.07228871 0.07768123 0.0435721 0.04616287 0.04737601 0.04362918 0.0564994 0.03170984 0.06005919 0.08873721 0.06065567 0.04508559 0.04861362 0.0374001 0.03631297 0.03823406 0.02524158 0.02715285 0.0179166 0.0337332 0.01608714 0.02477759 0.02169831 0.01418577 0.01484595 0.01909482 0.02003171 0.01207327 0.01115644 0.0207634 0.02254452 0.00179092 0.001705987 0.007283764 0.007281046 0.0008673752 0.0008638948 0.0008889793
0.1413373 0.07977295 0.08587762 0.08436392 0.115388 0.09696148 0.07350161 0.06948458 0.07812226 0.05817817 0.05749231 0.09273975 0.1550056 0.121568 0.08688375 0.06944814 0.08546004 0.04590024 0.0546539 0.04714554 0.01628845 0.0319182 0.04582726 0.02374487 0.03611118 0.01326292 0.02501599 0.02122864 0.02835886 0.03469701 0.05286159 0.0308399 0.0477242 0.03899138 0.03169745 0.03423526 0.01471719 0.0600139 0.070032 0.02919301 0.02971462 0.0321923 0.02801151 0.04886477 0.05073521 0.02700039 0.01383375 0.0094065 0.007544609 0.002489718 0.001678448 0.007712805 0.007737543 0.0008786712 0.0008575273 0.0008865495
0.1152843 0.1167221 0.1353619 0.1711655 0.2177727 0.1415561 0.1228608 0.137638 0.06846496 0.07305074 0.05744176 0.08188289 0.09442986 0.09106453 0.06982573 0.05274131 0.06274025 0.05238171 0.0485685 0.03272378 0.03176802 0.01715911 0.02575715 0.03462618 0.03629343 0.02130033 0.02643058 0.007363066 0.01352465 0.03305043 0.02587033 0.01707677 0.02065153 0.01271297 0.02790906 0.02531942 0.01301522 0.01341365 0.02294394 0.02223363 0.0223334 0.03120409 0.04555844 0.06260678 0.04921708 0.02959057 0.01486929 0.005255039 0.006649522 0.008559231 0.003153022 0.0009137484 0.002432373 0.006326497 0.003512412 0.005229767
0.120323 0.1041233 0.1644612 0.2100372 0.1642624 0.1082388 0.1081877 0.1415828 0.072372 0.07724748 0.07157766 0.09202886 0.09131747 0.1306793 0.03846361 0.0374036 0.04372813 0.09804251 0.03789916 0.01540469 0.02792521 0.01482668 0.01954212 0.03250774 0.03152362 0.02154006 0.01304636 0.008021715 0.02033498 0.03817863 0.02086338 0.01506079 0.01729812 0.04227424 0.01448163 0.008539889 0.02337155 0.02946257 0.0138517 0.01084342 0.02828568 0.02259704 0.03596552 0.03651188 0.01640399 0.03141196 0.03789265 0.01383847 0.004564985 0.0137516 0.02178168 0.0009089389 0.002721446 0.008788102 0.008024845 0.009384915
0.1227104 0.1104001 0.1827882 0.1860717 0.1883169 0.1711329 0.09627245 0.110392 0.06931004 0.08606377 0.09054158 0.1141337 0.1318347 0.1002001 0.0614351 0.05664309 0.04755647 0.08253644 0.0738425 0.06455145 0.01966655 0.03558847 0.02504321 0.02277002 0.02225756 0.02031783 0.01215996 0.009504849 0.01556154 0.02338445 0.03302098 0.0260719 0.0278028 0.02979312 0.02807791 0.01156353 0.01906191 0.02869408 0.02162113 0.01943334 0.01890043 0.01661255 0.02161949 0.02695458 0.03883257 0.05370332 0.06334168 0.03877743 0.01035972 0.01584347 0.01969923 0.008151183 0.005121773 0.005104732 0.004777569 0.01220887
0.1242199 0.1287915 0.2177772 0.171915 0.1653339 0.2064429 0.1721794 0.1022098 0.08665968 0.09425446 0.1369634 0.1337345 0.138624 0.1799205 0.08394076 0.07289351 0.06019187 0.04055796 0.05661533 0.06775927 0.03045819 0.0184064 0.01392152 0.01280955 0.01993161 0.02516831 0.02001262 0.01139522 0.008003411 0.01771426 0.02741724 0.04091477 0.05555199 0.04497392 0.02437087 0.009792965 0.0104539 0.01317816 0.01169642 0.008028225 0.01062567 0.01547456 0.01751659 0.02608483 0.04623438 0.05396949 0.04732173 0.04299694 0.02384724 0.0166433 0.02083113 0.02408158 0.01799128 0.008042878 0.01534797 0.01790459
0.1320407 0.1573044 0.2000064 0.1559324 0.1196417 0.1033601 0.2220173 0.1450158 0.1228472 0.146406 0.2148878 0.1677265 0.1997657 0.1821233 0.1444665 0.0995803 0.07646021 0.05273938 0.06000017 0.09388863 0.05873421 0.03085632 0.01975674 0.02817224 0.03533519 0.01746813 0.01297342 0.01139126 0.009119875 0.009969083 0.02010736 0.02799368 0.04814909 0.04598015 0.02090928 0.01180169 0.01329409 0.01190076 0.008315094 0.01017355 0.01259116 0.01546193 0.03064176 0.03959835 0.04479558 0.04332233 0.04969066 0.04375311 0.0349273 0.04416036 0.03534275 0.01392835 0.02728345 0.02180391 0.01093353 0.01881062
0.1048749 0.1208124 0.2165099 0.1899459 0.137655 0.1124095 0.08553062 0.1377125 0.1273955 0.1190946 0.1744482 0.2330918 0.2351713 0.2117518 0.193324 0.1438766 0.1720877 0.0750808 0.0775179 0.1047576 0.1090928 0.07152738 0.03083637 0.01939297 0.03261464 0.009745497 0.008501351 0.01267936 0.0112156 0.009789225 0.01004795 0.01135092 0.01422532 0.01736573 0.007887938 0.01077948 0.008011086 0.0122354 0.01224606 0.01568898 0.01636665 0.01422431 0.01880025 0.0256884 0.02272657 0.04265609 0.04300469 0.05021768 0.06245375 0.04668407 0.03844422 0.02678825 0.05047731 0.05355119 0.03054232 0.02428034
0.1407529 0.1423496 0.1951309 0.1463 0.1766638 0.1627614 0.1461097 0.1015002 0.125117 0.1033378 0.1812453 0.2016243 0.216656 0.1639086 0.1676483 0.1341519 0.1169157 0.1170538 0.1060692 0.09478115 0.0857439 0.05008454 0.05462882 0.1050203 0.04311382 0.01424239 0.01148675 0.01913291 0.01288846 0.0134817 0.01046964 0.01408412 0.01242409 0.01133711 0.009372934 0.01223226 0.01067042 0.01554321 0.01629729 0.02165023 0.01591737 0.01444669 0.01484358 0.03061609 0.04262754 0.02117301 0.03099331 0.05481826 0.04009032 0.03717766 0.02558646 0.04176254 0.02737638 0.03988059 0.03670379 0.02978416
0.1934726 0.2253941 0.2009992 0.1969957 0.2693878 0.1986141 0.139431 0.1182818 0.08529751 0.124104 0.1904631 0.1568366 0.09388242 0.106253 0.1368878 0.1228829 0.1461756 0.1405289 0.135552 0.1255048 0.1101765 0.06245424 0.04843413 0.07321265 0.07061327 0.05238242 0.01522315 0.03388762 0.02320491 0.04407229 0.03244291 0.01784872 0.01469159 0.02055924 0.01857396 0.02249258 0.0209147 0.02732053 0.02758294 0.02794784 0.02672504 0.01529083 0.01552004 0.01998648 0.02170006 0.02089592 0.04139018 0.06475838 0.01648824 0.01728133 0.02282049 0.02578219 0.0240212 0.02182484 0.03694839 0.02011213
0.1949045 0.1970213 0.1336962 0.1401267 0.1854343 0.171205 0.09659164 0.1187177 0.1052011 0.1464531 0.1478399 0.09876473 0.103955 0.1372667 0.1307193 0.1378321 0.1922231 0.1036398 0.1819544 0.1357844 0.08784474 0.07097269 0.05041146 0.07599127 0.06552331 0.06240679 0.05540176 0.05027302 0.04319136 0.04152021 0.04066719 0.03830183 0.03309882 0.04598515 0.08143299 0.03466317 0.03144352 0.03535504 0.03175865 0.02951109 0.02959131 0.01428962 0.01810606 0.02265479 0.01618076 0.01830767 0.06845452 0.03550187 0.01504386 0.009452267 0.01216276 0.01278895 0.005828046 0.00823315 0.01952468 0.009400677
0.1895824 0.1365275 0.09524173 0.1416991 0.1804713 0.1307356 0.1182689 0.1276177 0.07775173 0.1482572 0.1193437 0.1242085 0.1530362 0.1671679 0.1261633 0.1290128 0.1290016 0.1004646 0.1161288 0.1154454 0.1085704 0.09802879 0.06449416 0.1001085 0.07049124 0.05772908 0.05884431 0.06287949 0.06486309 0.05405065 0.05039391 0.0225237 0.03150817 0.02425335 0.03398525 0.04335945 0.04334667 0.02144285 0.02458669 0.02270741 0.02184829 0.01475048 0.01699585 0.0148352 0.01546008 0.01860335 0.03888134 0.02272793 0.01780455 0.01107199 0.01156386 0.01371423 0.01162042 0.008368446 0.01369464 0.01224348
0.188131 0.1869113 0.1055104 0.1824131 0.1473947 0.1103939 0.1046652 0.1109231 0.05069789 0.1225048 0.1599773 0.2036338 0.1842874 0.2595494 0.158804 0.1556135 0.1632654 0.1244087 0.1411319 0.1590422 0.1511774 0.1234002 0.09273355 0.1164773 0.08170665 0.07338441 0.05747633 0.07193275 0.09711757 0.1128396 0.0638146 0.04874208 0.05655647 0.02757595 0.05420643 0.08952831 0.05553246 0.04134134 0.02955221 0.03022608 0.02675796 0.01956327 0.01781683 0.02195368 0.023572 0.008038778 0.02598977 0.01468559 0.01413709 0.01479167 0.01551354 0.01335982 0.009691859 0.01711065 0.03489489 0.02029729
0.1668432 0.1622737 0.1687434 0.1586453 0.1774832 0.1591887 0.114333 0.1390758 0.06740613 0.08594234 0.1388284 0.1647404 0.1974423 0.2410866 0.2018087 0.2062751 0.2051894 0.1927235 0.1799545 0.1875208 0.2110939 0.1383388 0.1296458 0.127652 0.08623566 0.07716388 0.0713765 0.07256523 0.07559606 0.08787486 0.0606172 0.04622744 0.05530554 0.04057576 0.05850886 0.06725489 0.03979455 0.04534385 0.05428175 0.04148095 0.03748358 0.03291212 0.01983698 0.01173558 0.01140251 0.00752211 0.02009841 0.01132634 0.01418793 0.0152098 0.02416784 0.02020299 0.01125798 0.0105727 0.02125898 0.02460659
