contrib/geomasonDemos/riftland/riftlandData/RainData/.svn/text-base/111.txt.svn-base
ncols         56
nrows         54
xllcorner     28.264
yllcorner     -5.7719999999999
cellsize      0.25
NODATA_value  -9999
[rows 27 to 53 of 54, columns 0 to 55 of 56]
0.1600452 0.1918523 0.2417327 0.2258495 0.2112522 0.2052514 0.1538105 0.1913635 0.1070277 0.1652794 0.2075432 0.2317478 0.2656982 0.3406972 0.4834179 0.3749522 0.3835634 0.3003243 0.2290142 0.2055664 0.2164446 0.1392046 0.1363277 0.1384439 0.1288276 0.1201383 0.1083293 0.09883793 0.08045243 0.07927069 0.07703212 0.07317617 0.06069357 0.04289324 0.04952796 0.07410471 0.06909788 0.09751216 0.09503267 0.05617673 0.0561486 0.03892364 0.03727457 0.0211686 0.02477003 0.02590585 0.01855677 0.01045415 0.009209576 0.01442211 0.02160833 0.02470884 0.01509825 0.01802008 0.01105802 0.004925106
0.1983494 0.1348677 0.1541087 0.1798074 0.2156684 0.1788135 0.1959499 0.1784117 0.09336038 0.1017627 0.1667771 0.209916 0.2124378 0.2507773 0.3679668 0.2614232 0.285856 0.1691635 0.1589798 0.1779157 0.2010861 0.224208 0.2286958 0.2393624 0.1949737 0.1885202 0.1197009 0.09529002 0.08231808 0.08261335 0.08318464 0.1058084 0.08538767 0.05295942 0.04806459 0.07779454 0.08240074 0.0958005 0.0835432 0.06643298 0.06705087 0.04761407 0.03760292 0.01510648 0.01981146 0.01970849 0.02584685 0.007909983 0.00696655 0.008009949 0.01169044 0.01499075 0.02171911 0.03315798 0.006911185 0.004099587
0.2405674 0.1805664 0.2122359 0.1945527 0.1851497 0.19863 0.1540999 0.1287936 0.09136582 0.1176857 0.142348 0.1365018 0.161353 0.2183872 0.2162699 0.1786646 0.1535626 0.1097274 0.1496238 0.1471364 0.1421774 0.2144637 0.2345608 0.2693288 0.2462193 0.212918 0.1447859 0.1067709 0.1015282 0.08951513 0.06931853 0.06203288 0.08019386 0.06618102 0.05908181 0.08528847 0.1246351 0.1427159 0.1145488 0.07031361 0.05638845 0.04921543 0.04152257 0.02374488 0.01293895 0.01194141 0.01350754 0.007882088 0.008438801 0.007692229 0.006850523 0.01994609 0.03037675 0.05265485 0.009767228 0.009625632
0.1874638 0.1787344 0.2325515 0.1616008 0.1369378 0.1549507 0.1214592 0.110788 0.1176033 0.1642129 0.1669575 0.1429482 0.1527132 0.1147008 0.1627788 0.1695086 0.1033869 0.1159078 0.1384492 0.1347738 0.1442531 0.1329483 0.2127044 0.2019567 0.2184973 0.2064698 0.1847033 0.1234523 0.1199096 0.1073474 0.0784677 0.06602757 0.05031473 0.05512713 0.06679627 0.08078947 0.1069598 0.1023247 0.1173185 0.1019746 0.07627811 0.06294513 0.04604051 0.02581024 0.01597651 0.01213843 0.006737977 0.009109668 0.008613661 0.009032029 0.02101894 0.03153947 0.06582646 0.03095648 0.01722336 0.00514474
0.2285969 0.206542 0.1650585 0.1409466 0.1303731 0.113141 0.143986 0.1501118 0.1675859 0.1420115 0.1257399 0.1736844 0.2469987 0.1931349 0.2384474 0.2324625 0.1861498 0.1615563 0.1649873 0.1345448 0.1621249 0.1565874 0.2339704 0.2036558 0.2814072 0.2696671 0.2279599 0.1431808 0.09411617 0.08065078 0.07120249 0.05671366 0.04381662 0.04503474 0.05115282 0.08136323 0.1118527 0.1031585 0.1113514 0.1109172 0.06650812 0.06425378 0.04310084 0.03568983 0.02207294 0.01374196 0.006691774 0.0167406 0.01835807 0.01521918 0.02524493 0.01362074 0.02771339 0.01946881 0.0165365 0.003530726
0.2178845 0.1701577 0.1644425 0.111513 0.08999158 0.1034868 0.1341104 0.2034865 0.1558032 0.1655468 0.1097699 0.1948309 0.2736912 0.3609603 0.354304 0.303557 0.2731784 0.2657273 0.1888743 0.1211286 0.145642 0.168301 0.2417957 0.2356957 0.2445123 0.2406025 0.2140307 0.1471063 0.09757696 0.07377091 0.07198504 0.06771704 0.04234693 0.04797873 0.04686197 0.09486616 0.09266498 0.09639748 0.1564673 0.1362145 0.07064253 0.05553669 0.05485862 0.01830808 0.01667324 0.01489146 0.01138967 0.02374136 0.04513768 0.01119108 0.02310191 0.03240275 0.02244109 0.02088504 0.01641127 0.002319903
0.1760586 0.1099217 0.1099674 0.087821 0.09474175 0.1089796 0.1454012 0.1332821 0.136963 0.1357531 0.2151285 0.2593291 0.2748866 0.3334097 0.3211339 0.3543839 0.2818925 0.2458745 0.1860727 0.1328763 0.1647338 0.1655743 0.1977794 0.2290817 0.2078433 0.2203852 0.1871945 0.1855569 0.1379216 0.08868275 0.06485695 0.06076229 0.06878542 0.04522304 0.04363722 0.07837185 0.08354931 0.1131473 0.1311678 0.06828324 0.06700455 0.04921045 0.05147806 0.02964543 0.01752654 0.01595543 0.01030682 0.0267148 0.04256134 0.03084981 0.02396873 0.02704603 0.01609873 0.01912983 0.004400326 0.001164023
0.166795 0.1026958 0.09208057 0.08914682 0.1137018 0.108128 0.09480103 0.1053758 0.150443 0.1774272 0.1423944 0.2477958 0.2939964 0.3229792 0.2898683 0.2761393 0.2348329 0.2239378 0.1844887 0.1462057 0.1800079 0.1766403 0.1694363 0.2277402 0.2660354 0.2258014 0.148923 0.154631 0.1286171 0.1172946 0.07830095 0.06561366 0.1160749 0.05156741 0.05512865 0.06943019 0.07937019 0.09180803 0.07621086 0.07760438 0.06483038 0.05462918 0.05507705 0.03616694 0.01701016 0.01567688 0.01459851 0.04744451 0.03134781 0.02091542 0.03420141 0.05777558 0.02479248 0.008022346 0.001447094 0.001010538
0.287156 0.1971579 0.1134748 0.1281559 0.1228941 0.1305866 0.1021539 0.1124261 0.1590008 0.158326 0.1943113 0.2583144 0.3640994 0.3546852 0.4058795 0.3421892 0.3363716 0.2682072 0.2091565 0.1781542 0.2149404 0.2056971 0.1992293 0.2864229 0.3414439 0.1939945 0.130333 0.1012184 0.06464246 0.05938993 0.05448857 0.0651442 0.03525806 0.04016254 0.04776161 0.08565842 0.08279093 0.05139778 0.03865714 0.05563277 0.1206877 0.1011237 0.07646392 0.02685075 0.01325388 0.01508363 0.04938134 0.1045769 0.02474697 0.02037111 0.03084474 0.01370186 0.005079054 0.001890923 0.001867783 0.0008017062
0.3366008 0.2033466 0.1170435 0.1308821 0.1244615 0.129143 0.1201121 0.1286051 0.1352907 0.1342801 0.1930224 0.2734878 0.3215665 0.4142016 0.4466891 0.3649156 0.3868018 0.3208826 0.2060282 0.1623843 0.2107345 0.2178596 0.1865885 0.2040693 0.1858415 0.1793867 0.1308214 0.1401437 0.07145333 0.06780819 0.04481134 0.03407934 0.04432542 0.03385998 0.03709255 0.04631014 0.05458522 0.04327518 0.03793038 0.06464412 0.1124896 0.03917369 0.03839737 0.02291012 0.01667736 0.003989489 0.01459018 0.02848341 0.03135066 0.01409858 0.01574244 0.006820516 0.002714277 0.001480768 0.001572707 0.0006528875
0.2870671 0.1460595 0.112352 0.09962939 0.08672941 0.1149187 0.1114417 0.1531443 0.1282497 0.12602 0.1580883 0.2224365 0.2801707 0.3155903 0.3880279 0.3430043 0.3025963 0.2972044 0.2404328 0.2036554 0.1955374 0.157759 0.1490133 0.2416743 0.2000989 0.1299672 0.1040732 0.1593986 0.1717328 0.1185316 0.1246403 0.07493124 0.04999285 0.03724875 0.02783517 0.04062624 0.06454629 0.04916822 0.04107017 0.05680461 0.1098938 0.02968802 0.01397279 0.05279752 0.01650911 0.009201463 0.01966961 0.02831472 0.05471532 0.03328903 0.01278467 0.004445345 0.00193072 0.001301868 0.001996729 0.0005752942
0.2287589 0.1627673 0.0952141 0.103028 0.108041 0.1257267 0.1010554 0.08017023 0.1224595 0.1372821 0.1848615 0.1842562 0.228847 0.3012962 0.3495144 0.3219142 0.278552 0.2647692 0.3011603 0.2831096 0.1738214 0.1300077 0.1907776 0.1783572 0.1417521 0.09839343 0.09761346 0.07504258 0.07685106 0.05834179 0.08557964 0.1005148 0.0658209 0.1071921 0.07216841 0.06521177 0.1054106 0.09028843 0.0776333 0.1374967 0.1691767 0.05995839 0.01771527 0.007256907 0.01056216 0.01187329 0.09782878 0.05924197 0.06081337 0.03148517 0.007572209 0.003810642 0.002379549 0.001639341 0.001303057 0.0005742584
0.2621787 0.1083819 0.08173168 0.1047609 0.1001783 0.1420868 0.1102796 0.09882942 0.1129192 0.1385489 0.1926003 0.2018759 0.1931767 0.2648215 0.3132588 0.2993066 0.3126639 0.2567562 0.3031227 0.2314961 0.1822344 0.1000648 0.1254693 0.1576628 0.1107006 0.1508545 0.0935191 0.04938645 0.03594527 0.04119865 0.04925127 0.05683872 0.07639202 0.07882163 0.07758816 0.07416318 0.1124872 0.1096387 0.1427516 0.2231067 0.08476952 0.05785664 0.0399655 0.02517702 0.02041204 0.05585825 0.1312843 0.06105239 0.02037752 0.0220045 0.005555127 0.007783451 0.003736676 0.001512757 0.001416715 0.000557454
0.2878734 0.09899659 0.1238263 0.1535898 0.09929091 0.1208224 0.1009517 0.08841836 0.1069863 0.1175372 0.1568502 0.1698216 0.1998475 0.196483 0.2241843 0.2369164 0.2533425 0.2764439 0.229108 0.1488263 0.1282067 0.111098 0.1274926 0.09077408 0.09266444 0.1021673 0.07560008 0.06293593 0.06610944 0.0594755 0.06181267 0.04441698 0.09639566 0.08930153 0.07063563 0.06959615 0.08576849 0.08369391 0.1043564 0.09792719 0.07611463 0.1004839 0.07039911 0.02801021 0.04142332 0.08478288 0.08537341 0.02794256 0.02197485 0.01522439 0.008293672 0.01252061 0.004519039 0.001575133 0.001446914 0.0005564452
0.32917 0.1460015 0.1179989 0.2128052 0.1055194 0.1146003 0.1053009 0.0911608 0.1016333 0.1422206 0.1457496 0.1791979 0.1617537 0.1696447 0.1787233 0.1933839 0.1691815 0.1719659 0.1818461 0.1333993 0.1279086 0.1547085 0.1218071 0.09504822 0.149637 0.1081354 0.07188407 0.06868619 0.08643246 0.07913645 0.06632023 0.1114546 0.09799544 0.09336508 0.05933176 0.06782552 0.0739596 0.07016277 0.0893815 0.0778066 0.0616236 0.09145182 0.09481185 0.1216117 0.09203155 0.07212596 0.02363704 0.01184707 0.009127087 0.00757458 0.01435619 0.00348247 0.002776622 0.007158302 0.001770841 0.0006445151
0.3204097 0.1167926 0.1158129 0.1721595 0.1708581 0.1296371 0.1209797 0.1092541 0.1371028 0.1839824 0.1844363 0.1885661 0.1298133 0.1556304 0.1556125 0.2136923 0.2098146 0.2465846 0.2276309 0.1442983 0.1355683 0.1570689 0.1469372 0.1183577 0.2128283 0.1674157 0.1360739 0.09991125 0.07735306 0.09701945 0.1514492 0.1192876 0.1325335 0.1116799 0.07382762 0.1245136 0.2344271 0.1135454 0.08680424 0.1222238 0.08391728 0.07875893 0.1409056 0.09202579 0.09247617 0.09917318 0.03145488 0.01025627 0.01146246 0.01135715 0.02508325 0.004020366 0.003372029 0.01346101 0.002835474 0.001113213
0.2546144 0.1517457 0.08465391 0.1188066 0.1362551 0.08342402 0.07906858 0.08378658 0.1042184 0.1139335 0.1428857 0.1756947 0.1234785 0.1310635 0.1087157 0.1844439 0.2061889 0.2227822 0.2565624 0.1356071 0.1143229 0.1330202 0.1475579 0.1611618 0.1437379 0.1347088 0.116205 0.1098724 0.1134709 0.1496871 0.1754451 0.1101061 0.1642458 0.1292923 0.1208539 0.1513247 0.4807838 0.1247171 0.08672675 0.09539631 0.09265004 0.1041867 0.1002855 0.09468398 0.0966469 0.07753424 0.02921269 0.01448881 0.0155359 0.02047689 0.01125064 0.002282792 0.003478035 0.005373265 0.018625 0.001572581
0.2060936 0.1748201 0.09266488 0.0941096 0.09888789 0.09967075 0.1102837 0.1462466 0.1240187 0.1327666 0.1424697 0.1536174 0.1431861 0.1270741 0.1147094 0.1418461 0.1597591 0.2282571 0.3195932 0.1874783 0.1166578 0.1184857 0.1652711 0.1590113 0.1350224 0.09382542 0.1103203 0.1229521 0.1514793 0.1486782 0.1655904 0.1363996 0.1267222 0.1353995 0.1320164 0.1212152 0.1397332 0.09521886 0.1743152 0.1549358 0.1339125 0.1498258 0.1746874 0.120022 0.08216424 0.02721239 0.02371369 0.01782757 0.02946552 0.01729323 0.009632249 0.006087134 0.005434346 0.004331706 0.003734971 0.001491935
0.2840109 0.1655037 0.121242 0.1147657 0.1185364 0.160723 0.1282217 0.1219467 0.1727539 0.1220336 0.113208 0.1328546 0.1899599 0.1201101 0.1650342 0.167426 0.1273555 0.1701108 0.2277492 0.1892746 0.147784 0.1185055 0.1764044 0.1837562 0.1346391 0.0946814 0.1312349 0.167795 0.1466025 0.1464965 0.1582206 0.1570566 0.1276795 0.1236743 0.1427996 0.166185 0.1465352 0.144894 0.166203 0.2030897 0.233267 0.3576856 0.1993771 0.1368699 0.1057692 0.04198015 0.03857169 0.02811398 0.0463259 0.02909918 0.01210815 0.00367716 0.003066435 0.002201559 0.003237576 0.003427419
0.1954591 0.1610544 0.1293773 0.08734187 0.1298382 0.1845239 0.1393732 0.1066787 0.1191404 0.1386074 0.1045375 0.08449916 0.09099942 0.1037348 0.1089334 0.09199605 0.0618953 0.1097091 0.1815995 0.1345398 0.1552293 0.09072907 0.1189214 0.1278263 0.08729797 0.08526518 0.09209437 0.1223691 0.1764897 0.1536569 0.1717668 0.1976815 0.1289402 0.1639323 0.2413226 0.2665589 0.1936133 0.1574754 0.1592387 0.2060635 0.2798897 0.2725906 0.1993315 0.1386273 0.07648341 0.06717859 0.04593038 0.07019228 0.05230376 0.03737641 0.02031731 0.0100219 0.008653337 0.001850722 0.002072718 0.000766129
0.1985848 0.1582624 0.1252726 0.1211534 0.1205445 0.1734733 0.1579516 0.1121192 0.1237617 0.1641257 0.1227152 0.06758216 0.0539667 0.066126 0.1119337 0.09297308 0.0628242 0.07474472 0.09692506 0.1111361 0.1317432 0.1167222 0.1141445 0.1616116 0.1086984 0.1129535 0.0917281 0.172461 0.1802177 0.1431506 0.1314567 0.1485336 0.1379364 0.1346624 0.1925357 0.2114689 0.1945121 0.133131 0.1309447 0.1711608 0.4436207 0.1771362 0.1063631 0.1521474 0.0692112 0.04937991 0.04722777 0.03385213 0.04578288 0.04300806 0.02343212 0.004556451 0.006975806 0.00391129 0.004032258 0.001572581
0.1899391 0.1521669 0.1236914 0.137533 0.131958 0.1730223 0.1837113 0.1577574 0.1560106 0.1403524 0.1286764 0.1037253 0.09952664 0.1400701 0.1216097 0.1072448 0.07872858 0.07199781 0.08543728 0.1160824 0.1426968 0.1497751 0.1240159 0.1632349 0.1415451 0.1479329 0.1092021 0.1789369 0.1844084 0.1718193 0.1337034 0.1103112 0.1131969 0.1771619 0.2133314 0.1580885 0.1665275 0.1588149 0.1732594 0.1945844 0.3839934 0.1713754 0.08918628 0.09069525 0.08728071 0.09128098 0.07155496 0.04335101 0.05285185 0.04621676 0.02681503 0.002741935 0.01217742 0.01004032 0.008427419 0.01177419
0.2261663 0.2200551 0.1936794 0.1650164 0.1710673 0.161233 0.2097442 0.2259226 0.1951555 0.1633115 0.1676714 0.1708757 0.1458025 0.118481 0.1372651 0.1195723 0.0738518 0.06936231 0.07696465 0.1079833 0.1266658 0.1173368 0.1014203 0.1609276 0.164087 0.1556527 0.1336737 0.1427382 0.1675045 0.183368 0.1372967 0.1291002 0.1319063 0.2096081 0.1980905 0.1640989 0.182267 0.1752395 0.1618022 0.1300289 0.1497153 0.1260106 0.06600577 0.08075534 0.07871189 0.1132296 0.1144579 0.07546984 0.0760051 0.1511249 0.07101314 0.01979839 0.01282258 0.01221774 0.007822581 0.01241935
0.2249108 0.219066 0.2415922 0.2063463 0.1782189 0.1414042 0.1356439 0.1900772 0.2157201 0.1716222 0.1581093 0.1710751 0.1850893 0.1717882 0.1922937 0.1690285 0.1046724 0.08748427 0.08536531 0.09943953 0.1216173 0.09893515 0.1013874 0.1389079 0.1197794 0.1467722 0.1110188 0.1411447 0.150477 0.137284 0.1601898 0.1676183 0.2100042 0.2368368 0.2075577 0.2235532 0.2488134 0.232537 0.2653884 0.2568779 0.1997075 0.1856438 0.06098981 0.09118564 0.1062929 0.1326021 0.09242232 0.1166285 0.1069086 0.08316765 0.06989016 0.04270161 0.03278226 0.01459677 0.01149193 0.02084677
0.1798588 0.1803156 0.2448382 0.1521442 0.1276325 0.1220212 0.1026661 0.1561424 0.2036425 0.2214945 0.1659534 0.1566616 0.2185958 0.1946611 0.18456 0.1860406 0.1538892 0.1134955 0.1179234 0.1424504 0.1268181 0.1221991 0.1233131 0.1052309 0.1092153 0.1128961 0.0813195 0.1042189 0.1145789 0.1124685 0.1401402 0.1665768 0.1832167 0.2263891 0.2197351 0.1961329 0.2157001 0.2260285 0.252363 0.2878501 0.2447383 0.2357158 0.1695575 0.1647489 0.2065894 0.194557 0.1497827 0.1058697 0.08016934 0.05561236 0.05364385 0.02193548 0.03701613 0.04217742 0.01709677 0.02157258
0.2089545 0.2208258 0.206168 0.1621734 0.1139247 0.126999 0.1152911 0.1741286 0.1963432 0.2127881 0.2555139 0.2268191 0.3053516 0.2119601 0.1772417 0.1716025 0.1457841 0.1285611 0.1180014 0.123849 0.1505226 0.1626241 0.1216876 0.1366303 0.1291959 0.1017247 0.0887761 0.1202716 0.1273427 0.1440886 0.1422129 0.2094628 0.1953417 0.202312 0.2161283 0.2198201 0.2216404 0.2897284 0.1750833 0.2851787 0.306419 0.2800924 0.2354625 0.2613102 0.2825097 0.2793 0.1948884 0.1169651 0.08682692 0.06835274 0.07074826 0.03060484 0.04459677 0.05931451 0.03439516 0.02088709
0.1527523 0.1837721 0.219233 0.1028564 0.07482097 0.09586364 0.120395 0.2070214 0.2063494 0.1996315 0.1911232 0.2251345 0.2740622 0.2641507 0.1677689 0.155441 0.1482435 0.1097021 0.1037869 0.1172659 0.1241518 0.1368408 0.1357488 0.172794 0.1592609 0.1182647 0.1010427 0.1313942 0.1281175 0.161492 0.197701 0.18849 0.1901952 0.2144469 0.2341494 0.2192248 0.2141537 0.2430919 0.202804 0.3107832 0.3200083 0.318918 0.2687735 0.2801718 0.2858391 0.2903389 0.249184 0.1377149 0.09398931 0.08700817 0.08989016 0.05193548 0.0378629 0.04181452 0.03491936 0.01592742
