contrib/geomasonDemos/riftland/riftlandData/RainData/.svn/text-base/112.txt.svn-base
ncols         56
nrows         54
xllcorner     28.264
yllcorner     -5.7719999999999
cellsize      0.25
NODATA_value  -9999
[rows 0 to 26 of 54, columns 0 to 55 of 56]
0.02105885 0.02728657 0.01965728 0.0264232 0.03597993 0.0211067 0.02325595 0.03868685 0.04667989 0.03415105 0.02829759 0.03996127 0.03243092 0.03605695 0.03041393 0.01899096 0.017846 0.02206125 0.03227398 0.04787246 0.04552571 0.07079268 0.06557643 0.08802342 0.1100898 0.1694916 0.148891 0.1474495 0.1243359 0.1040188 0.08583734 0.1197365 0.08941778 0.07203985 0.06933097 0.08098041 0.08640824 0.07705444 0.1034989 0.04605622 0.03439971 0.02455169 0.04023263 0.05241156 0.03780824 0.04596877 0.04342788 0.04275289 0.05648545 0.05980306 0.05020236 0.04388235 0.05011732 0.05451353 0.05691974 0.04266947
0.02975421 0.0230415 0.02221502 0.02215656 0.03266394 0.01654668 0.01667718 0.04857606 0.05881299 0.0467925 0.03323478 0.05144649 0.0673643 0.06283969 0.07157896 0.04327634 0.03815889 0.05120099 0.07214332 0.05307573 0.06077182 0.09892754 0.1066667 0.1181383 0.1043056 0.09881288 0.1266272 0.1264966 0.1374003 0.1256676 0.1073083 0.1389429 0.09375558 0.09934307 0.1177807 0.1065923 0.1322142 0.1351719 0.07286878 0.05038196 0.03799274 0.02740072 0.04862485 0.04921547 0.03168963 0.04365597 0.04944661 0.04346955 0.06799784 0.0663695 0.06704774 0.06940065 0.0638593 0.04549941 0.04904353 0.04915866
0.02864688 0.02388853 0.0259567 0.02351499 0.02203545 0.01604796 0.01892565 0.03044105 0.05114122 0.0531238 0.06546409 0.05122493 0.07358808 0.0804458 0.07973536 0.092295 0.04950272 0.05459446 0.05010688 0.06653052 0.07922778 0.08708056 0.1068802 0.1383468 0.1263424 0.1194344 0.095936 0.1265016 0.1405906 0.1609967 0.1457821 0.1416587 0.1379489 0.1708754 0.2275329 0.1976739 0.1869509 0.1489042 0.08007035 0.07346632 0.08438461 0.08915677 0.09392712 0.04524259 0.03501567 0.052657 0.04808426 0.05608236 0.08036496 0.07052107 0.09088974 0.06767024 0.05942631 0.05224547 0.04206907 0.04642604
0.0412997 0.02559001 0.02277461 0.02121253 0.02447589 0.01361581 0.01663859 0.05416204 0.08394106 0.05791904 0.05390415 0.08075211 0.09274022 0.07479399 0.08359034 0.09088684 0.04359343 0.03470842 0.0553 0.1100709 0.08557699 0.07774203 0.1166135 0.1270141 0.1374313 0.1418688 0.1480873 0.1581492 0.1321963 0.1317607 0.1343995 0.1395098 0.16541 0.1949388 0.2440308 0.2545846 0.1613823 0.1213329 0.08784545 0.1013553 0.1329516 0.1507546 0.1311316 0.1103079 0.1100229 0.07730363 0.0644781 0.08081351 0.1336408 0.08577574 0.07690614 0.070957 0.06936286 0.0708951 0.06879184 0.05928996
0.05603147 0.03077759 0.02989398 0.04376627 0.03301134 0.01871715 0.03506362 0.04027326 0.047105 0.04497607 0.04109988 0.05193422 0.1123668 0.07894269 0.08869343 0.09112796 0.06349667 0.04711881 0.09773259 0.1285261 0.09229826 0.07277797 0.09867302 0.1186261 0.08798137 0.1186896 0.1223827 0.1487511 0.1270661 0.1269108 0.1760215 0.1900118 0.2333103 0.23142 0.2299293 0.2543634 0.1691888 0.1030931 0.07136436 0.08404588 0.1499826 0.1369515 0.1299895 0.1124914 0.1117255 0.1044569 0.1211349 0.1056033 0.1266284 0.1014313 0.07780248 0.07633308 0.06699777 0.06250344 0.05171063 0.05007896
0.06429236 0.06248702 0.04621345 0.05131119 0.05649964 0.04497552 0.03265221 0.03917 0.03687575 0.03005923 0.0335384 0.0731914 0.06796796 0.0569827 0.04575148 0.06513425 0.08459539 0.07990089 0.06993779 0.09249652 0.09985948 0.09204339 0.1093066 0.1121875 0.100533 0.1078873 0.1103455 0.1555292 0.1322309 0.1467737 0.1970204 0.1988696 0.2287696 0.2325967 0.2098028 0.1864752 0.1707108 0.1069028 0.08840688 0.1375854 0.1609089 0.1196157 0.1015643 0.09618949 0.1213068 0.1289126 0.1469893 0.115582 0.1136267 0.1069781 0.1203349 0.08394804 0.08264317 0.06164352 0.05803405 0.04697853
0.06201417 0.08375803 0.06494565 0.04912159 0.07950022 0.05857385 0.03698716 0.03281489 0.02690268 0.03270258 0.03218599 0.04693613 0.03675569 0.04488283 0.06019194 0.04603113 0.05710198 0.09974733 0.08418861 0.07096949 0.09127975 0.08084282 0.09431707 0.08993306 0.0975242 0.1468607 0.1570842 0.2049144 0.1912906 0.1811898 0.1833923 0.2414979 0.3015059 0.2600597 0.1980046 0.1584611 0.1515691 0.1126324 0.1137386 0.1821481 0.1684788 0.1425937 0.1397521 0.1313662 0.1504502 0.1401589 0.1443205 0.1315772 0.1142581 0.08786926 0.08172141 0.07398385 0.06834289 0.0861758 0.09844501 0.06105124
0.09814884 0.1522512 0.1279654 0.0795237 0.06486918 0.1250038 0.06137698 0.04383948 0.02707766 0.03626613 0.02927003 0.05943654 0.08600526 0.1184482 0.1253946 0.09916452 0.05640736 0.05958417 0.08941223 0.06369594 0.06302763 0.08438274 0.08000416 0.1074289 0.1403223 0.1722833 0.1615505 0.1785507 0.1780998 0.1680349 0.1755749 0.2141083 0.2916277 0.2400046 0.2100307 0.2002545 0.1595699 0.1149419 0.1297472 0.1964494 0.2246439 0.2091977 0.2233917 0.1803439 0.1676393 0.1754326 0.2036605 0.1341568 0.1115964 0.07267026 0.06210364 0.07187307 0.07290462 0.0831339 0.1458865 0.08255702
0.08890352 0.1305239 0.1151838 0.07448452 0.06901857 0.08400026 0.08336999 0.08155221 0.04384622 0.0423059 0.03831093 0.03710443 0.118476 0.08843391 0.1345813 0.1381867 0.06495021 0.06641885 0.07293323 0.06756736 0.066233 0.07716653 0.1033266 0.141395 0.1496018 0.1461259 0.139161 0.1727347 0.1920592 0.1996323 0.1814742 0.2211499 0.2242698 0.2194607 0.2169347 0.260748 0.1554841 0.15009 0.1342968 0.1967955 0.209796 0.1989988 0.2062924 0.1634209 0.1778525 0.1619475 0.183713 0.1504048 0.1248154 0.09302107 0.09999502 0.07951504 0.06657962 0.061861 0.07129633 0.05281142
0.06425807 0.09220766 0.1365018 0.1101403 0.0956115 0.04355035 0.05323307 0.07198095 0.07135558 0.05309431 0.04748214 0.0575239 0.1289641 0.1169933 0.06616589 0.1494033 0.07816455 0.181038 0.07455663 0.08130328 0.07144996 0.08874593 0.1054834 0.1561721 0.1422723 0.1258753 0.139218 0.1293 0.1601481 0.172416 0.1619974 0.2272977 0.239182 0.2783376 0.2403452 0.2098244 0.1914242 0.1860446 0.1658887 0.1872439 0.1653803 0.1452021 0.1654876 0.1860338 0.1854636 0.1181647 0.1326691 0.1128674 0.1301953 0.1155178 0.09847916 0.03689805 0.04148018 0.02948858 0.02485524 0.041762
0.07740037 0.0801478 0.1267762 0.09711257 0.1253932 0.05163164 0.05888608 0.04060888 0.09925386 0.0572742 0.06613256 0.07981976 0.194965 0.130866 0.06460073 0.1149022 0.08625278 0.153657 0.1238615 0.159861 0.1177292 0.07256657 0.1305614 0.182436 0.1509611 0.1606093 0.149561 0.129286 0.125467 0.1385685 0.148378 0.2113391 0.2600538 0.2854921 0.255125 0.2565477 0.254283 0.2155481 0.1959319 0.2120271 0.1763184 0.1628923 0.2164901 0.2310291 0.1621748 0.1206745 0.08472423 0.1220349 0.1425214 0.1313824 0.09089217 0.0693537 0.05642916 0.02963355 0.02950227 0.03975315
0.139369 0.1223834 0.141629 0.1837171 0.1744138 0.1210791 0.1197612 0.076723 0.133162 0.1071706 0.05969317 0.09354177 0.1591659 0.09581822 0.08880749 0.09744775 0.1608502 0.1741616 0.1791372 0.2331504 0.1811543 0.1027159 0.123362 0.1299374 0.1400069 0.1379813 0.1350828 0.1445677 0.129468 0.1047321 0.1253514 0.1456401 0.1717565 0.2015101 0.2291658 0.2750463 0.3331096 0.3123778 0.2085788 0.2247712 0.1326647 0.144636 0.2206574 0.1809169 0.1853866 0.1454937 0.09646717 0.06889973 0.08527625 0.08915987 0.06150638 0.03338091 0.03213813 0.03133221 0.03224842 0.03224782
0.204125 0.1264709 0.1485027 0.1398118 0.1414158 0.1942325 0.177275 0.09991184 0.08491478 0.06707095 0.1454714 0.1330791 0.1055531 0.09665812 0.111633 0.2054804 0.2428994 0.2137078 0.1688027 0.3000672 0.2176183 0.1364837 0.1069778 0.08867317 0.1099678 0.09611653 0.06541447 0.1014296 0.1175649 0.1100658 0.1061958 0.1107382 0.1640885 0.1548648 0.1631947 0.2135612 0.3304485 0.2770843 0.2088254 0.1741262 0.1312163 0.1778554 0.1799935 0.1248281 0.1329737 0.1503479 0.1537773 0.1233182 0.092227 0.09415205 0.07399566 0.06186271 0.02602135 0.04152925 0.04445317 0.04035288
0.2302487 0.174721 0.2412073 0.1258963 0.09406905 0.1344003 0.1709704 0.1457727 0.07706767 0.06969928 0.1683929 0.1924334 0.1307045 0.1235161 0.2009439 0.1945508 0.1795478 0.1974505 0.1598822 0.3437379 0.2264977 0.1516007 0.139026 0.1220197 0.06846675 0.04477371 0.05030294 0.06313398 0.0965193 0.1300378 0.1363807 0.1244122 0.1360338 0.1480195 0.1670808 0.194635 0.2410202 0.2038702 0.1647346 0.1526232 0.1247756 0.1342096 0.1349042 0.109599 0.1211616 0.1330561 0.152917 0.09918525 0.0913047 0.08630255 0.0804534 0.07767574 0.07603053 0.08397356 0.09411022 0.05360507
0.2357695 0.2329295 0.1834323 0.1345456 0.1138565 0.1320742 0.1286914 0.1168458 0.08400828 0.1169937 0.1493485 0.1944089 0.1025971 0.1178662 0.1501384 0.1209886 0.1374988 0.2036988 0.1481512 0.2253651 0.1075837 0.1511037 0.2055854 0.1376439 0.08779547 0.05660933 0.04826831 0.0821204 0.11499 0.1657359 0.1662848 0.110756 0.130222 0.09575461 0.09394753 0.109662 0.1442232 0.1179982 0.07919094 0.1179687 0.1240993 0.06301922 0.105461 0.1437431 0.1289854 0.1415277 0.1318725 0.1133327 0.07692572 0.07282146 0.0784276 0.05843013 0.05500238 0.07788496 0.1128069 0.0842304
0.2901361 0.2935275 0.2198367 0.1881109 0.1779392 0.2628298 0.210521 0.09942663 0.1103921 0.1140764 0.1853978 0.1489824 0.1141018 0.09495601 0.0666292 0.08504105 0.1295762 0.1599678 0.1241113 0.109526 0.07960533 0.1091407 0.1227761 0.1602366 0.1053032 0.04847543 0.06496342 0.0813247 0.08978338 0.1412562 0.1294866 0.09903401 0.09761812 0.1076486 0.09869946 0.06846286 0.1356627 0.07319634 0.06303195 0.08950718 0.1102607 0.1091988 0.1305248 0.1126484 0.1212121 0.108037 0.0755537 0.05231827 0.05832973 0.08502416 0.06441432 0.03399686 0.07621555 0.06948072 0.08543549 0.05630563
0.3139423 0.3652943 0.326484 0.2206088 0.227905 0.2691018 0.1980583 0.1056132 0.1198883 0.1153243 0.1037198 0.1466679 0.1292757 0.1169039 0.08598562 0.07125613 0.1224122 0.1201297 0.1108546 0.1587406 0.08607399 0.1354666 0.1225916 0.167541 0.1320188 0.07432871 0.1034488 0.08901519 0.0701147 0.0902876 0.0823081 0.0759814 0.09090239 0.1098091 0.07033566 0.04699202 0.06008314 0.04879681 0.07133657 0.0913701 0.1136317 0.1017203 0.074774 0.07520746 0.1191274 0.1078789 0.07574508 0.05168944 0.04535509 0.06450958 0.06822012 0.07330468 0.0792107 0.09665667 0.07385825 0.07508577
0.3787297 0.3542075 0.3413892 0.2551045 0.2855419 0.2447587 0.2163285 0.1644015 0.1900112 0.1499138 0.1630445 0.1633825 0.1819542 0.3137875 0.1991854 0.1386431 0.1542792 0.1284701 0.095874 0.2017642 0.2132005 0.2324437 0.1810618 0.165458 0.1796101 0.1214795 0.0976687 0.08967696 0.08759517 0.1017254 0.07307614 0.06059828 0.08838057 0.08705164 0.07280073 0.04758018 0.05075644 0.05543278 0.06727039 0.09076176 0.1061988 0.09249293 0.08506206 0.06247843 0.09580015 0.1130457 0.08423958 0.06026945 0.06715709 0.0843275 0.1145948 0.05541871 0.07354341 0.07207933 0.08471394 0.07265131
0.3574519 0.3045675 0.2549317 0.2917908 0.3662637 0.2892522 0.2511734 0.2105552 0.1914309 0.205623 0.1429827 0.1796879 0.132597 0.2848192 0.2248952 0.174471 0.1962615 0.17604 0.1425736 0.2125094 0.2065877 0.2578133 0.1604147 0.1479463 0.1671253 0.1821759 0.1712645 0.1188557 0.09425996 0.08506184 0.06738791 0.07484964 0.06671028 0.08163305 0.07566779 0.05931963 0.07015169 0.07843151 0.05718511 0.1065097 0.1359678 0.166538 0.1262532 0.0637651 0.09884065 0.09940441 0.08699185 0.06591038 0.06944017 0.09458274 0.09335072 0.06012198 0.09492967 0.08581632 0.1105219 0.0997457
0.3141927 0.32713 0.2503903 0.2977059 0.3729095 0.2852907 0.288828 0.2498226 0.1990943 0.1438653 0.1722445 0.165778 0.1987554 0.2292555 0.2078297 0.205028 0.2250374 0.2265879 0.2430553 0.2572685 0.195224 0.1725612 0.1692673 0.1146326 0.1160247 0.1314225 0.1817266 0.1319977 0.109167 0.08626558 0.07573653 0.09754049 0.09750385 0.08668817 0.08874407 0.07815915 0.07594262 0.08375849 0.08904886 0.110009 0.1384356 0.1336776 0.133145 0.07770094 0.07194299 0.08605888 0.08875421 0.06891992 0.08429052 0.0694812 0.05240774 0.05947896 0.06815521 0.08778819 0.1161348 0.2064799
0.3486281 0.3852304 0.3064613 0.2988465 0.3009752 0.2839733 0.2687352 0.2994279 0.2450533 0.2275584 0.1826379 0.188655 0.1881159 0.1944863 0.1994191 0.2504493 0.2268819 0.2069866 0.1980776 0.1807513 0.2364142 0.2306847 0.210583 0.1868977 0.1035884 0.1706559 0.234609 0.1746946 0.1267061 0.1170236 0.1019741 0.1070805 0.06720887 0.08139467 0.0947523 0.05227732 0.05830558 0.07734268 0.07898978 0.1103265 0.1043991 0.0900876 0.09655673 0.09034547 0.07664973 0.08336537 0.09862106 0.08679532 0.07807209 0.06551903 0.07543181 0.06493395 0.05877052 0.05822662 0.07300386 0.09949768
0.3263281 0.3103962 0.3144026 0.3179887 0.3195269 0.2168337 0.2165061 0.277601 0.2407831 0.1866926 0.1408479 0.1387459 0.1395799 0.1683749 0.2544402 0.2121806 0.1749235 0.2028283 0.1581666 0.1558407 0.16401 0.2322535 0.2099346 0.228808 0.2165552 0.1413752 0.20783 0.2000845 0.2119467 0.1655226 0.08712807 0.08514755 0.09099048 0.06878909 0.05555382 0.06243259 0.07428256 0.08904523 0.09420569 0.170595 0.1307196 0.0757454 0.06824178 0.0653668 0.07207599 0.06461301 0.07181417 0.07197181 0.07643048 0.08253292 0.1047175 0.1270936 0.1484522 0.0900863 0.07078926 0.0775543
0.3787944 0.3474809 0.3908038 0.3366026 0.28473 0.2717722 0.2754834 0.2831093 0.214277 0.127517 0.1244958 0.1219364 0.07790148 0.1933461 0.3481193 0.2203444 0.1509101 0.153701 0.1257008 0.149384 0.1676367 0.1845718 0.2178368 0.1876502 0.1657978 0.1880033 0.1848112 0.2098216 0.2415006 0.2168485 0.1667668 0.131246 0.1175382 0.1294731 0.09454357 0.08431327 0.06724161 0.1002681 0.1020246 0.09547218 0.07329238 0.05725089 0.05837701 0.05136451 0.05501172 0.06486482 0.07147621 0.07382963 0.09445712 0.1044388 0.1092952 0.1710407 0.1618893 0.09294967 0.08960553 0.08296059
0.3906432 0.3642983 0.3546787 0.3650081 0.2987103 0.2493581 0.2054018 0.3290263 0.1962293 0.1949622 0.2409884 0.1688522 0.1444723 0.3206191 0.2636036 0.1999998 0.1608413 0.1364415 0.1847908 0.2020485 0.1817024 0.163112 0.139299 0.1970978 0.1728552 0.1803164 0.1902078 0.2271052 0.2473908 0.2514451 0.2184943 0.1849898 0.1482698 0.1798656 0.1357346 0.1586583 0.09767425 0.1010519 0.1152378 0.08687565 0.07424304 0.060258 0.05836174 0.05001126 0.05253224 0.07293069 0.06522485 0.07274026 0.08632517 0.09724323 0.08684024 0.1031681 0.1245236 0.1987653 0.1176913 0.1193411
0.358022 0.3802465 0.3473214 0.3490111 0.2502693 0.2907712 0.1577693 0.2709614 0.1610368 0.2009553 0.1805661 0.3239536 0.2729867 0.2902435 0.207316 0.1528785 0.1481166 0.1454887 0.156147 0.1968273 0.235484 0.2237493 0.2066453 0.2454581 0.1898276 0.2134362 0.2094055 0.2129092 0.2396618 0.2447322 0.2182757 0.2332231 0.1871324 0.181794 0.1281217 0.1760222 0.1100155 0.191431 0.234551 0.1133424 0.08225471 0.06697495 0.06035665 0.04400673 0.0522953 0.05913673 0.0688814 0.08841091 0.09634797 0.09533422 0.08951677 0.124679 0.1323556 0.1143342 0.09916885 0.1485137
0.3351704 0.3246396 0.2557565 0.2418668 0.21059 0.2526241 0.16317 0.1936352 0.1334484 0.07107095 0.107011 0.1551063 0.1943585 0.1947819 0.1637577 0.2547422 0.1741441 0.1590409 0.1358095 0.1970505 0.2228151 0.2345678 0.2715441 0.3063427 0.2224998 0.2191953 0.2256042 0.2558711 0.2911139 0.2512249 0.21153 0.2485641 0.2751189 0.1962725 0.217394 0.2409155 0.2123775 0.240291 0.2433693 0.1627671 0.1196695 0.08958835 0.07708418 0.05216416 0.04070996 0.04157709 0.07261847 0.08482796 0.1397931 0.08856347 0.07754182 0.06116086 0.1084074 0.09930417 0.1114798 0.1354007
0.348281 0.2549477 0.203463 0.1924148 0.1702531 0.206815 0.2210755 0.2739036 0.1697966 0.06634457 0.1815283 0.1992548 0.2208443 0.1894463 0.16925 0.2380475 0.2303982 0.2340402 0.2344507 0.2217509 0.2171507 0.1934075 0.2848327 0.3175135 0.2605457 0.2029873 0.203889 0.2974146 0.2505325 0.3113925 0.2843385 0.2595195 0.2442498 0.2802909 0.2709278 0.2375387 0.2537744 0.2574034 0.2593805 0.1914517 0.1709765 0.1052064 0.07572355 0.05553975 0.05246016 0.03873542 0.05802059 0.05850909 0.08923738 0.08655343 0.06306143 0.06959007 0.07866663 0.09158253 0.1091692 0.1292378
