contrib/geomasonDemos/riftland/riftlandData/RainData/.svn/text-base/112.txt.svn-base
ncols         56
nrows         54
xllcorner     28.264
yllcorner     -5.7719999999999
cellsize      0.25
NODATA_value  -9999
[rows 27 to 53 of 54, columns 0 to 55 of 56]
0.4392882 0.3229157 0.192817 0.2183124 0.2012829 0.156051 0.1543036 0.2602464 0.196959 0.1567797 0.1581828 0.2789634 0.2689094 0.1926401 0.2057228 0.1637021 0.208168 0.2817523 0.3130229 0.2622746 0.3364529 0.2519757 0.3064746 0.2765885 0.2377476 0.2365008 0.2525086 0.2743535 0.2452108 0.2867882 0.3091832 0.2589862 0.2318129 0.2010752 0.2235754 0.2253189 0.2458939 0.2506284 0.244536 0.2061021 0.2254808 0.1546308 0.08844531 0.04124838 0.03913652 0.03776345 0.05532485 0.0521703 0.06872844 0.07475705 0.08684348 0.09234493 0.08634181 0.06319863 0.1217081 0.1531009
0.331716 0.3178513 0.2629421 0.2764099 0.2814973 0.1784475 0.2013629 0.2875696 0.2634138 0.1595221 0.1488678 0.2434556 0.2172011 0.1789508 0.2558885 0.2432185 0.2388486 0.2471835 0.2868606 0.3272003 0.4005556 0.3351752 0.304452 0.2590612 0.2583374 0.2530107 0.2489817 0.3008866 0.2884176 0.3201678 0.33349 0.2639283 0.2186584 0.2008325 0.2002467 0.2210688 0.2404513 0.2610187 0.2400019 0.2488512 0.2346485 0.1493035 0.06472111 0.03567541 0.03080795 0.03977408 0.05305225 0.06592421 0.06668055 0.09492864 0.1203495 0.1406387 0.1069594 0.07460139 0.1487737 0.1780984
0.3748857 0.3702187 0.3457328 0.299008 0.1663777 0.1759413 0.2040489 0.2366454 0.2702629 0.1727522 0.1396708 0.1889896 0.2179861 0.1940586 0.2491418 0.247389 0.2156485 0.2353239 0.3021793 0.3044645 0.3081133 0.2647526 0.246964 0.2545808 0.2821226 0.3094823 0.310917 0.3608372 0.2898389 0.3459628 0.2806773 0.2374566 0.2106833 0.2070086 0.2287974 0.2643086 0.2661227 0.254689 0.3166511 0.289965 0.2351768 0.1533597 0.076911 0.04209641 0.02341946 0.03006523 0.04506845 0.04263294 0.06034545 0.1062694 0.06877031 0.1003239 0.1102713 0.1423943 0.1684365 0.174961
0.4296511 0.4484336 0.3138082 0.2011188 0.1467654 0.1220284 0.139812 0.1451811 0.17377 0.1790203 0.1376791 0.1918063 0.2186647 0.1598916 0.1781418 0.2184758 0.2482818 0.2303659 0.2663344 0.2713317 0.2851887 0.2478541 0.1986129 0.1973518 0.2776167 0.2642819 0.2651114 0.3070161 0.30823 0.3103425 0.2782922 0.2345549 0.2412145 0.1995057 0.2113357 0.2712179 0.2467444 0.2567833 0.3243363 0.3172424 0.2294436 0.1113225 0.07538331 0.03095065 0.03773044 0.05667807 0.05185724 0.04484683 0.0458155 0.08218268 0.06928911 0.06978116 0.1003678 0.1634581 0.220188 0.2318146
0.4259509 0.4329558 0.3229213 0.2334815 0.1621581 0.131727 0.1309545 0.1157563 0.1982528 0.2251433 0.1726374 0.2228977 0.194401 0.2008143 0.2625345 0.3039078 0.325303 0.3712471 0.3930668 0.3823025 0.3024903 0.2316488 0.2622168 0.2520489 0.2387014 0.1888582 0.2177229 0.2866358 0.2406437 0.2216093 0.1993633 0.2346399 0.2327129 0.2069045 0.2030673 0.2640735 0.3003949 0.2871917 0.2887112 0.2786349 0.2291653 0.1480106 0.08480165 0.02074972 0.05472471 0.07117062 0.08559974 0.05413467 0.0532884 0.09583155 0.1192469 0.1072665 0.1019802 0.2017652 0.245943 0.1395661
0.4968809 0.3535033 0.2440912 0.2142568 0.2306509 0.2569368 0.1474887 0.1636013 0.1978436 0.1988182 0.1113265 0.2122173 0.2329735 0.2642274 0.3445693 0.3824606 0.3531987 0.3887271 0.3395478 0.3474092 0.2933759 0.2276235 0.2591748 0.2685983 0.2210816 0.1896017 0.2372099 0.3403187 0.3292025 0.1832538 0.1741052 0.2010434 0.2406543 0.2335582 0.2064579 0.2840227 0.3093371 0.3194071 0.2734476 0.2977216 0.2039211 0.1702399 0.1266138 0.025441 0.02820311 0.04129458 0.01674194 0.04031988 0.06724972 0.1110699 0.106413 0.1809928 0.1225712 0.1067509 0.1053983 0.1508693
0.4710674 0.2997514 0.2078589 0.2217903 0.2003227 0.1730208 0.1689679 0.2023786 0.1557515 0.133239 0.1129854 0.2397861 0.2836035 0.3813371 0.4617979 0.3927359 0.3292062 0.3386571 0.352648 0.3510139 0.300073 0.214623 0.2688296 0.2175218 0.2697785 0.3267653 0.2218484 0.2804151 0.3174397 0.2606096 0.2262628 0.1987693 0.2077744 0.2212595 0.2464158 0.2798897 0.2843908 0.3548066 0.271102 0.2068269 0.1558327 0.1411607 0.1146891 0.03229374 0.02019523 0.01299429 0.006267874 0.02566693 0.0428663 0.1501347 0.06853903 0.1020146 0.07767506 0.06827695 0.1176644 0.03499048
0.2695598 0.2555466 0.1834159 0.2407991 0.2685896 0.2153417 0.1556493 0.1220957 0.1206216 0.1091408 0.1294821 0.2901553 0.3537811 0.4552115 0.5092331 0.3965266 0.330011 0.3675808 0.3479087 0.3253945 0.3303257 0.2244702 0.1648502 0.2294928 0.2858908 0.2893699 0.2400132 0.2049537 0.1842152 0.2207854 0.1932014 0.2161947 0.2126106 0.2271421 0.2765118 0.3059703 0.3148368 0.3135234 0.2251969 0.250973 0.150678 0.1079943 0.08025018 0.01448923 0.013462 0.00565336 0.01254481 0.03493326 0.05982228 0.06537467 0.04522099 0.09424496 0.09562218 0.09087402 0.03578173 0.007541936
0.3809372 0.3517963 0.2673772 0.2985058 0.2260789 0.2489446 0.1763455 0.2142342 0.1619698 0.1656388 0.2144637 0.3188868 0.3801058 0.5430965 0.5965559 0.5535811 0.5231361 0.4670103 0.4208392 0.3272119 0.2724428 0.245075 0.2088274 0.3014711 0.3443078 0.3341675 0.252121 0.2175134 0.1551729 0.118531 0.1527458 0.2138271 0.2260827 0.2301558 0.3043336 0.3015669 0.2933297 0.2459306 0.2148333 0.2071888 0.09968816 0.0611815 0.05016619 0.02197343 0.03510513 0.03686003 0.03466307 0.04791244 0.09045661 0.09898758 0.1168595 0.1581083 0.1233303 0.07043299 0.03217822 0.007651427
0.5042203 0.3031318 0.1624204 0.2310711 0.1870887 0.2246633 0.1629829 0.2305551 0.2110602 0.1674575 0.234344 0.3578827 0.435099 0.5392173 0.6963419 0.5827166 0.5291222 0.4552913 0.3859805 0.3057036 0.2852039 0.2655618 0.2314914 0.3285557 0.2919028 0.378446 0.2322648 0.2245283 0.2322051 0.1722392 0.139475 0.26972 0.3490342 0.221932 0.2269125 0.2410064 0.2007652 0.2108771 0.2167948 0.1688085 0.09779418 0.04302884 0.03357616 0.01240366 0.01283379 0.0143795 0.03761754 0.07356134 0.1287836 0.1377168 0.1897085 0.2214908 0.1135141 0.05739647 0.0290328 0.02237585
0.363171 0.2517472 0.1563728 0.2388765 0.1616533 0.2096119 0.1376818 0.2292709 0.2327746 0.2268556 0.1986285 0.3079395 0.3644816 0.4410056 0.6343729 0.6463631 0.5625468 0.4706914 0.3931273 0.2521601 0.2034398 0.1926809 0.2551988 0.3092802 0.2653622 0.3740345 0.2587061 0.2060533 0.2250952 0.2049394 0.2014292 0.28396 0.28647 0.196622 0.1723981 0.1964162 0.1854763 0.1855329 0.1722286 0.1677408 0.08740596 0.03728387 0.02912776 0.01200198 0.009160606 0.01046607 0.04145543 0.08530518 0.1419612 0.1243918 0.1195142 0.09444933 0.07845382 0.05318597 0.0374472 0.04698604
0.3298498 0.2336899 0.1814154 0.1769756 0.1790288 0.170617 0.1797566 0.1889877 0.2034055 0.1914051 0.225218 0.3009507 0.3865403 0.4639359 0.496384 0.5324562 0.5309481 0.4681128 0.3574377 0.2832223 0.2130412 0.2184634 0.2645743 0.2984693 0.2515335 0.2398403 0.2026823 0.1989471 0.1486013 0.1783699 0.1828165 0.1818679 0.173943 0.167944 0.1572481 0.1417689 0.1479395 0.1572127 0.1340748 0.08483937 0.04901309 0.0314056 0.02521067 0.008070229 0.006976675 0.01688451 0.02232453 0.05273195 0.07782922 0.09605442 0.06068444 0.06441399 0.06044788 0.06549533 0.05086901 0.0215146
0.4340694 0.3393753 0.1766414 0.1800672 0.2091405 0.2352339 0.2168607 0.210907 0.2645485 0.2558243 0.1989687 0.2523878 0.3216819 0.3603595 0.3689617 0.3608684 0.3918259 0.3654627 0.3326205 0.2913045 0.2109564 0.2391203 0.2466625 0.3724408 0.3253704 0.2776248 0.1896521 0.1654839 0.1406813 0.1517353 0.1132761 0.1575408 0.1488942 0.1562546 0.133481 0.09155189 0.08355897 0.1130734 0.1017018 0.05250296 0.0297581 0.02168998 0.021592 0.0219943 0.0192638 0.01961503 0.03476055 0.04618088 0.06227171 0.08146451 0.08785612 0.09302716 0.07961364 0.08055444 0.05529154 0.02381723
0.402482 0.2351983 0.1189528 0.1851536 0.1841894 0.1705419 0.17666 0.2101766 0.2468221 0.3013536 0.2783546 0.2503071 0.2394245 0.205009 0.2252253 0.2907738 0.2632174 0.297979 0.2750493 0.262357 0.2293057 0.2405167 0.3581786 0.4505143 0.3990479 0.2740063 0.1937315 0.1308281 0.07703053 0.07285986 0.05662366 0.09341048 0.1112393 0.14066 0.1337691 0.07591665 0.07481077 0.07444982 0.06516276 0.04522044 0.02542651 0.02440621 0.02177626 0.02313187 0.0210017 0.04364829 0.0288804 0.04166854 0.09175655 0.1211369 0.1247701 0.1134214 0.0722997 0.06223913 0.04107005 0.01275721
0.4070508 0.1962992 0.109951 0.2622679 0.2189378 0.2038567 0.2363163 0.3330269 0.2267452 0.2890971 0.3028274 0.2792985 0.2153475 0.1717632 0.2173796 0.2772878 0.2713925 0.2704735 0.2168953 0.2236055 0.2326082 0.2634372 0.333733 0.3910052 0.3551306 0.2472542 0.1441287 0.07153668 0.06223691 0.05448681 0.06970213 0.1011568 0.09135147 0.09899964 0.1123419 0.07682303 0.09100457 0.07470869 0.08572136 0.03454331 0.02006378 0.01441346 0.01527904 0.02019028 0.04112507 0.0893658 0.03797753 0.0695309 0.1343533 0.1736239 0.1196838 0.08909012 0.06956471 0.07564344 0.06282001 0.01325191
0.4266036 0.1779645 0.1320676 0.2270337 0.3134256 0.2698082 0.2376636 0.3310186 0.3121994 0.256548 0.272795 0.2964738 0.2966491 0.3185452 0.2863888 0.25622 0.2342613 0.2315772 0.1916358 0.2011966 0.2020241 0.2391135 0.2639603 0.2143899 0.227415 0.1648851 0.1374609 0.09346822 0.07684533 0.1195282 0.1165863 0.09667301 0.1508865 0.0861536 0.09431217 0.1483452 0.1501246 0.06296583 0.08637627 0.03736381 0.02095286 0.02171782 0.01879301 0.02241762 0.05497153 0.07872386 0.07066583 0.07754574 0.2095687 0.2472677 0.1617036 0.09578373 0.1031056 0.1253542 0.09879381 0.05287836
0.4087957 0.231252 0.1515181 0.2045046 0.2367255 0.2562197 0.2614525 0.2748466 0.3088339 0.2802646 0.297355 0.3939736 0.4138251 0.3140204 0.3266385 0.2832117 0.324487 0.2466526 0.2105677 0.2020654 0.2025667 0.1830287 0.1338839 0.155575 0.1729444 0.0924182 0.08629981 0.09300014 0.1373356 0.1485375 0.1395619 0.09679461 0.1270971 0.133459 0.09052669 0.126257 0.2958582 0.1028011 0.04299028 0.03320085 0.04672085 0.03042201 0.02987059 0.04076429 0.05611103 0.08068631 0.09452397 0.1047171 0.1959753 0.259318 0.2202562 0.2029915 0.1835029 0.1547812 0.1107612 0.1105439
0.3980658 0.2689024 0.1289259 0.1353521 0.1675991 0.2212874 0.2573105 0.3335856 0.3498975 0.3323531 0.3328823 0.4138458 0.4095519 0.3608253 0.32388 0.263967 0.3057899 0.2941464 0.2315246 0.1671742 0.1534788 0.1993117 0.1956804 0.1700537 0.1236876 0.07471419 0.06487305 0.05455073 0.08789701 0.09143224 0.0794823 0.08023956 0.0573843 0.1022222 0.09832605 0.08054315 0.09896066 0.08199499 0.0426779 0.04108577 0.04756306 0.02108457 0.03862621 0.05265361 0.06405026 0.08509266 0.1304041 0.1518908 0.1857393 0.2311517 0.2506687 0.2582105 0.2175275 0.1148909 0.1147055 0.1125105
0.540462 0.2462221 0.1298873 0.1974513 0.2223462 0.2483024 0.2744281 0.3552608 0.4715796 0.2958045 0.3573193 0.4421489 0.4501115 0.4372164 0.3812955 0.2562411 0.2240132 0.2405543 0.2172099 0.1528044 0.1287687 0.1274727 0.1068568 0.0661204 0.04791528 0.05041919 0.03837002 0.03579878 0.03122945 0.06035464 0.09997854 0.09248003 0.05788437 0.05149428 0.0400697 0.04898241 0.05803009 0.05516809 0.04809115 0.0386141 0.02043201 0.02169514 0.03060998 0.05887774 0.06443001 0.1123919 0.1933954 0.2800632 0.2725495 0.2216671 0.2497537 0.2423645 0.1737943 0.1178155 0.107531 0.07179916
0.2311729 0.1430853 0.1184605 0.2310181 0.2171385 0.2268683 0.2648896 0.4213281 0.381769 0.319222 0.3791025 0.3960413 0.3365051 0.3018475 0.3239676 0.2182493 0.189607 0.2100008 0.1432585 0.1352033 0.1238521 0.09810819 0.07143446 0.04440276 0.05507258 0.05996688 0.05105906 0.05182156 0.04911841 0.0791884 0.1101249 0.06740279 0.05525365 0.04399448 0.03585662 0.04362128 0.0379972 0.04308046 0.03794238 0.02339271 0.02578676 0.03446943 0.03440989 0.08490616 0.07805343 0.1341583 0.2717318 0.3774478 0.2797163 0.2437278 0.2238986 0.2045695 0.1275206 0.164962 0.1456031 0.0834728
0.1809491 0.1348474 0.1623887 0.2421625 0.2318734 0.1952529 0.2114585 0.2713957 0.2791173 0.2758031 0.2819926 0.2496275 0.2770527 0.236314 0.2600326 0.1356099 0.1535936 0.1330843 0.1183143 0.08837046 0.08175047 0.07999506 0.06043128 0.06336191 0.07928903 0.0679775 0.08176123 0.0666392 0.06814224 0.07760442 0.05475498 0.05531147 0.04707398 0.03426027 0.02720394 0.02429243 0.03811496 0.04829272 0.06131431 0.04129663 0.03122315 0.0329917 0.09233812 0.09084359 0.1268239 0.1635811 0.272602 0.2685899 0.2927798 0.2425661 0.1685958 0.1519247 0.1520084 0.1497908 0.09372386 0.05849372
0.1001309 0.125464 0.2146576 0.2683954 0.2584919 0.2546751 0.1971163 0.2060357 0.2024272 0.2042627 0.1960434 0.1862609 0.2044843 0.1968976 0.1766476 0.1383153 0.1227961 0.09744602 0.08346772 0.06587299 0.06952731 0.06514337 0.03547437 0.07499269 0.07091154 0.07035083 0.04804026 0.04569577 0.03161076 0.02709375 0.0254055 0.03757368 0.05298757 0.03084427 0.03151935 0.03241201 0.056127 0.03594756 0.0321071 0.05005633 0.08397374 0.07748764 0.1572748 0.1574448 0.2053695 0.2441248 0.3505389 0.2543401 0.2729814 0.2897167 0.2355341 0.2133473 0.1927615 0.1634728 0.1390795 0.05564854
0.08974235 0.1457931 0.1917685 0.1966564 0.2012128 0.1690537 0.1439216 0.18204 0.1886398 0.1789614 0.1500879 0.1675372 0.211742 0.1540964 0.1459578 0.1057637 0.1103115 0.07339436 0.06678748 0.04632881 0.07570295 0.06188828 0.04243708 0.03086741 0.03603042 0.03046148 0.02274078 0.03101474 0.0315309 0.04673314 0.0330566 0.0515776 0.04653552 0.0311683 0.02604558 0.02250179 0.02645446 0.04136087 0.04209257 0.06827251 0.09157061 0.04839787 0.1898122 0.1914289 0.2230158 0.2744379 0.3243378 0.2660896 0.2529794 0.3358302 0.3050887 0.225272 0.1518829 0.1122594 0.1022594 0.07728034
0.1144681 0.1828196 0.2006235 0.235181 0.1728182 0.122445 0.1634926 0.2699349 0.2947345 0.2581481 0.1800215 0.1378043 0.1714239 0.1437256 0.1336638 0.1089927 0.0888925 0.08276925 0.05605311 0.04968895 0.05988175 0.08545019 0.06852697 0.05645057 0.0402796 0.03075754 0.0219678 0.02988998 0.02648798 0.04992097 0.0472865 0.0221781 0.03425817 0.03827358 0.04078724 0.02967284 0.04844202 0.05005977 0.04439541 0.06052787 0.07499406 0.08117641 0.1925315 0.1610074 0.2273429 0.337132 0.2352379 0.2537089 0.2920461 0.3215857 0.2109844 0.1408368 0.1229707 0.1405439 0.1309205 0.1220921
0.1250411 0.1406427 0.1912968 0.2149047 0.1731115 0.1438587 0.1275285 0.1948867 0.2077284 0.1614856 0.1477287 0.1416526 0.1406738 0.1180721 0.1100455 0.08962607 0.08292292 0.07935354 0.07577329 0.0886402 0.0679919 0.08555079 0.06046728 0.05593951 0.03894715 0.03457442 0.01510117 0.01875634 0.02243644 0.03221645 0.0312653 0.04025962 0.03860575 0.03686163 0.06544068 0.0401795 0.05348403 0.04930047 0.06842174 0.135203 0.1220591 0.1434873 0.1720388 0.1772115 0.1856017 0.2759932 0.3110196 0.3356888 0.3543563 0.3076151 0.2472993 0.137364 0.1485356 0.1318828 0.1613389 0.1341004
0.1015769 0.1275797 0.1417845 0.2116275 0.174592 0.1652902 0.1532339 0.172345 0.1852923 0.1604162 0.1563222 0.1416008 0.1335154 0.1037367 0.122893 0.0689921 0.06662343 0.09269977 0.07580721 0.08858243 0.08199607 0.04995953 0.0411403 0.04272009 0.06300629 0.03067644 0.01200264 0.02042555 0.02244983 0.01030537 0.01106065 0.02017292 0.03129846 0.03671901 0.04662814 0.04141353 0.04909526 0.08922776 0.1164194 0.1563054 0.1618562 0.1984514 0.1690713 0.2253326 0.2071425 0.349219 0.4106827 0.3538 0.2965346 0.2800042 0.2139565 0.1604184 0.162092 0.1213808 0.1212134 0.09267783
0.1353375 0.1095624 0.1043488 0.1307179 0.1313482 0.138772 0.1168281 0.1624987 0.1689518 0.15369 0.1185506 0.07839186 0.06425502 0.05651779 0.07512196 0.03907513 0.03654438 0.04361128 0.06979676 0.08367217 0.06988241 0.05846062 0.05634238 0.05244733 0.04377786 0.06668653 0.03009314 0.03765187 0.01573062 0.007376956 0.01794203 0.04855632 0.02745033 0.02466157 0.03708047 0.06323589 0.07309878 0.116508 0.1396531 0.1644006 0.1918796 0.1770654 0.1790967 0.2100004 0.2634564 0.3431921 0.3749564 0.3306187 0.3298928 0.2260759 0.15441 0.1135146 0.1003347 0.08359832 0.0764435 0.0885774
