contrib/geomasonDemos/riftland/riftlandData/RainData/.svn/text-base/116.txt.svn-base
ncols         56
nrows         54
xllcorner     28.264
yllcorner     -5.7719999999999
cellsize      0.25
NODATA_value  -9999
[rows 0 to 25 of 54, columns 0 to 55 of 56]
0.1288597 0.1100295 0.08218983 0.08235985 0.1438538 0.1294795 0.07680262 0.06598814 0.06285416 0.05947989 0.06691836 0.06255645 0.08802965 0.0794792 0.1221114 0.1101373 0.07596225 0.07281054 0.09165702 0.063266 0.07352688 0.0739914 0.1080946 0.1147331 0.1173202 0.1118254 0.1133326 0.1184527 0.127508 0.1436554 0.1510991 0.1341936 0.1174833 0.1202921 0.1098498 0.1273485 0.07470949 0.06749064 0.06002307 0.08602461 0.05932296 0.05858888 0.08752913 0.1319423 0.1433458 0.1454308 0.1365387 0.1141251 0.144364 0.1083653 0.04257429 0.005104245 0.002192049 0.002912017 0.001560395 0.002267619
0.1004983 0.1272447 0.1092391 0.08634785 0.1265627 0.1132654 0.06471194 0.07938533 0.07148172 0.05576315 0.05426957 0.05486996 0.05485007 0.0720575 0.09651337 0.1102894 0.07083547 0.07152224 0.07452222 0.0900821 0.1131556 0.1305592 0.12672 0.1447569 0.1571225 0.1442456 0.1271224 0.1470213 0.134853 0.1324112 0.1434362 0.1182692 0.09895541 0.0953675 0.07861958 0.06206488 0.0493765 0.07624595 0.09706502 0.09209352 0.1052996 0.09391396 0.1048634 0.1573089 0.1405412 0.1038921 0.1017046 0.0989235 0.1438179 0.07263584 0.01812577 0.005801787 0.004676072 0.001647649 0.0005457222 0
0.1004625 0.1398963 0.1359226 0.1056604 0.06053785 0.06500243 0.07346359 0.08734989 0.08501554 0.0740915 0.08080421 0.06619249 0.07055616 0.06579705 0.09112486 0.08545524 0.1248091 0.09090339 0.07841735 0.1569947 0.1138902 0.137449 0.160182 0.1751357 0.168718 0.1420642 0.1653656 0.1201327 0.1304243 0.1123379 0.09105669 0.1056391 0.112893 0.1103656 0.1041723 0.08208992 0.07636975 0.0823596 0.08838261 0.09568358 0.07412928 0.1331216 0.1594753 0.1870073 0.1741531 0.1166012 0.1091088 0.06856182 0.07115637 0.03595674 0.01498778 0.009291332 0.004454718 0.004256739 0.002252552 0.001726554
0.1239698 0.1174434 0.1459043 0.1071685 0.09774152 0.1024991 0.0892688 0.1007244 0.07735761 0.06705468 0.06292471 0.05630019 0.06770495 0.07537295 0.08212108 0.1050181 0.09559789 0.1009551 0.08031666 0.1463187 0.1610278 0.1629803 0.1655377 0.2011002 0.1790937 0.09884091 0.110168 0.1068718 0.1296855 0.1148703 0.09546767 0.0876591 0.1075627 0.1187212 0.1275081 0.1330974 0.1483346 0.1130844 0.1118897 0.09933177 0.1198841 0.1526268 0.1649918 0.1905974 0.1575804 0.06270041 0.07387266 0.07887288 0.04234867 0.02018332 0.005834081 0.002383605 0.001096167 0.002614948 0 0
0.1673564 0.1510593 0.1382425 0.1214033 0.1148461 0.09776602 0.1001192 0.06108045 0.07487419 0.08217199 0.05457694 0.04897083 0.07372147 0.05685453 0.04952059 0.0642834 0.1178153 0.1041119 0.1564223 0.1551689 0.1612654 0.1806462 0.1966001 0.1509357 0.1242978 0.07390913 0.040533 0.08055177 0.08914619 0.08095206 0.08905209 0.1078902 0.1073877 0.1182336 0.1333426 0.1489882 0.1630691 0.10678 0.06271012 0.07318164 0.1728226 0.095305 0.08748292 0.08772465 0.08459514 0.06962468 0.0993323 0.07912754 0.009736272 0.003868171 0.001658759 0.004950683 0.003083281 0 0 0
0.154326 0.1148893 0.0967171 0.1457174 0.1425627 0.1298244 0.0881076 0.05674437 0.06065729 0.05711764 0.04705536 0.05565644 0.06728895 0.07916635 0.07001764 0.1598335 0.1737107 0.1134416 0.1310589 0.1476943 0.1328593 0.1892132 0.1520657 0.1378278 0.1259278 0.07168457 0.05239905 0.07772885 0.0899623 0.08472666 0.08441454 0.1075727 0.122063 0.1163259 0.08554879 0.1256818 0.1720457 0.1044618 0.0718409 0.1193965 0.1507301 0.09429131 0.06005337 0.05947457 0.07126062 0.03715898 0.03052345 0.0257019 0.003564134 0.003033318 0 0.003467464 0.005792371 0.00218239 0.00223583 0
0.1395968 0.1010384 0.09399293 0.1209971 0.1248962 0.08251864 0.08221842 0.0529356 0.0801582 0.07170464 0.0537989 0.0556645 0.04869798 0.06116899 0.05797615 0.09247897 0.1156382 0.1094258 0.1599292 0.1350808 0.1047749 0.1062782 0.1190068 0.1022537 0.101825 0.06738194 0.07292415 0.08891048 0.08155863 0.09251948 0.09932099 0.1017006 0.1051759 0.09308907 0.07012758 0.124358 0.144265 0.06527269 0.06616981 0.1085603 0.08295262 0.06482026 0.04102314 0.04523369 0.01968904 0.02586978 0.005226098 0.02247388 0.008492095 0.006104523 0.0001252459 0 0.001046778 0.008452735 0.005036031 0
0.2536457 0.173045 0.1582155 0.1486946 0.1344004 0.07964769 0.08669331 0.06612042 0.05831013 0.05707698 0.04698837 0.03348637 0.0286002 0.03800466 0.05512049 0.1066714 0.144445 0.1346635 0.139335 0.1187245 0.1275662 0.1276299 0.0728185 0.05796842 0.050878 0.05331919 0.0664345 0.07113359 0.06993389 0.08068111 0.08253121 0.1063719 0.09207274 0.08957527 0.09018432 0.09285848 0.06981728 0.04936158 0.1074697 0.02995233 0.03025665 0.0267097 0.04442785 0.0148513 0.005777862 0.00960861 0.01093553 0.0131527 0.008488436 0.00574048 0.006076916 0.007779865 0.006365329 0.0121527 0.01132837 0.001920537
0.1839961 0.1750826 0.160828 0.1394404 0.1257685 0.09747639 0.07701829 0.0570786 0.07329868 0.08486692 0.05816419 0.03466049 0.04132975 0.03610174 0.05568007 0.124552 0.1285843 0.1139133 0.1129032 0.1576784 0.1629807 0.1364912 0.06003755 0.04897269 0.04509228 0.05089767 0.05423194 0.05692048 0.05867853 0.07152139 0.06781094 0.09931743 0.1067249 0.08075158 0.04457889 0.06530686 0.07751874 0.08515536 0.1066525 0.04719306 0.03201934 0.04222032 0.0788461 0.05820952 0.007465505 0.006590344 0.004875165 0.002846248 0.003516431 0.009232261 0.006691216 0.0001853549 0.006050824 0.009988162 9.234442e-005 0.001261315
0.1995981 0.1778455 0.1564254 0.1451809 0.1559129 0.1284153 0.09406719 0.09735038 0.0858857 0.08322998 0.06669709 0.06547695 0.1163912 0.07151689 0.07993716 0.1427367 0.1433987 0.1264313 0.1533079 0.173554 0.1380888 0.03776551 0.06016697 0.02888735 0.03966803 0.04245205 0.05062168 0.06575065 0.08320441 0.06473234 0.06737106 0.07067972 0.0884973 0.08161741 0.04035575 0.06943327 0.09203308 0.07292342 0.06929953 0.03046059 0.02682781 0.05967503 0.06823616 0.04015494 0.02021232 0.001258906 0.001315989 0.002345359 0.000867079 0.001802285 0.008363076 0.006994769 0.00396064 0.006620586 0.008885008 0.001740475
0.2047097 0.1628988 0.1516086 0.1621402 0.1304397 0.117523 0.1046558 0.09673938 0.1040791 0.0886094 0.07977623 0.08361234 0.09434474 0.05840368 0.05995359 0.168986 0.1783816 0.1505768 0.1311981 0.130714 0.05745751 0.06895532 0.07447557 0.02509783 0.02110502 0.03786712 0.06850861 0.09286515 0.08412071 0.05586193 0.03963047 0.05814626 0.07255699 0.05360715 0.06433232 0.1125462 0.06884471 0.04655638 0.05814091 0.04083083 0.03125976 0.0340588 0.02075508 0.05999389 0.03297468 0.001190423 0.001085123 0.0009844268 0.000838566 0.001690751 0.003585453 0 0 0 0 0
0.2053628 0.1886836 0.1480483 0.1234977 0.1054814 0.08422367 0.0773706 0.1023996 0.0812971 0.07045761 0.07478381 0.05978347 0.05912363 0.06846941 0.08628047 0.1687779 0.1739385 0.1257513 0.09582126 0.09255844 0.0608581 0.06227484 0.03161855 0.02990007 0.04489283 0.06127111 0.07528801 0.09036664 0.08709889 0.07032751 0.04221064 0.04990154 0.07711781 0.04969289 0.07426892 0.0768889 0.0669561 0.04167628 0.03588045 0.02895852 0.02215541 0.01490382 0.01037045 0.02009656 0.01272352 0.002185838 0.002138382 0.001818477 0.001576613 0.001429903 0.002371443 0.0006658363 0.0006216699 0.0005129308 0.0004984193 0.0005019284
0.2024565 0.2196375 0.1697861 0.1314746 0.1079899 0.08542889 0.08459848 0.08999307 0.09142198 0.06294613 0.08029453 0.07104518 0.08612162 0.08690073 0.1161589 0.1767488 0.1784216 0.1614217 0.09429236 0.07378545 0.06272405 0.06600019 0.0586765 0.0740471 0.07323395 0.06918969 0.07313692 0.09017602 0.07737612 0.07014808 0.05393786 0.07026953 0.04764811 0.07433577 0.07691061 0.0526196 0.06007719 0.02058687 0.01596092 0.01871935 0.008758859 0.01120083 0.01037932 0.002633796 0.00234412 0.002121742 0.001929272 0.001730862 0.001528821 0.001381354 0.001283858 0.0006292199 0.0005800401 0.000521599 0.0005013281 0.0004988993
0.2149578 0.2008762 0.1757057 0.1493942 0.1304102 0.09518682 0.1222856 0.09146191 0.0849777 0.1033154 0.08700622 0.06604034 0.08705809 0.06644317 0.1087203 0.1555784 0.13832 0.0852346 0.08360714 0.110671 0.09310213 0.08781681 0.08590299 0.09488146 0.09377597 0.07127373 0.07793103 0.09320091 0.08167987 0.06405365 0.06798672 0.06644084 0.05260507 0.1042735 0.06901879 0.06433357 0.07723066 0.01254366 0.008357925 0.01394725 0.005106141 0.00725404 0.004254161 0.002559858 0.002269705 0.002048814 0.001861515 0.00166839 0.001478645 0.001332408 0.001265541 0.0005987616 0.0005499715 0.0005611595 0.0004909302 0.0004873401
0.2408876 0.1838427 0.1585142 0.1565137 0.1415403 0.1155816 0.1160388 0.1250085 0.1578146 0.1555693 0.1151504 0.06895577 0.08581568 0.07905472 0.08634636 0.1452658 0.1594907 0.1040349 0.07536328 0.07147864 0.08545665 0.06459786 0.05408754 0.06994425 0.06239479 0.04833351 0.04542537 0.05985635 0.07366484 0.07978318 0.08106536 0.102436 0.05699089 0.04816468 0.03860159 0.03001948 0.00759214 0.006731982 0.005830244 0.005366491 0.004960043 0.004555851 0.004121593 0.002479991 0.002201248 0.001981583 0.001829704 0.00159838 0.001411642 0.001273113 0.001171885 0.0005715861 0.0005262332 0.0004944475 0.0004695483 0.000508116
0.2083219 0.1547751 0.1356606 0.1458096 0.142689 0.1704584 0.1517214 0.1771498 0.1797473 0.1423369 0.09864266 0.07491487 0.08722036 0.08961965 0.08359735 0.09855526 0.08987604 0.1130882 0.1011488 0.07794522 0.07488534 0.06522295 0.05733172 0.07713077 0.06689606 0.04708187 0.05104828 0.05225206 0.06014036 0.06358425 0.0425913 0.0430637 0.03580557 0.03325806 0.02657367 0.02241709 0.01212469 0.008731654 0.007957803 0.009507217 0.0139923 0.00921582 0.005053161 0.002391841 0.002100748 0.001888698 0.001716647 0.001630526 0.001794362 0.001617711 0.001340391 0.000552741 0.0005102446 0.0004759874 0.0005370479 0.0004101313
0.2159044 0.1435105 0.1417857 0.1196046 0.1381806 0.1401294 0.1410591 0.1418511 0.1126283 0.08818978 0.06981026 0.07097532 0.09597606 0.1096543 0.1088572 0.08025987 0.07124099 0.08946069 0.1105179 0.0956286 0.07325789 0.07898348 0.06389163 0.06756422 0.05887788 0.04944463 0.04760864 0.05051202 0.05545341 0.04181109 0.03678982 0.04157972 0.03330427 0.02248769 0.02023268 0.009535384 0.009852485 0.01586696 0.007487127 0.006432432 0.0178093 0.01137606 0.004895291 0.002311242 0.002031354 0.001802459 0.001641877 0.003427035 0.001422231 0.003752311 0.001053048 0.0005274874 0.0004883599 0.0004533983 0.0004266591 0.008625313
0.2435091 0.1848031 0.1564047 0.135292 0.133513 0.1462812 0.1163674 0.1411248 0.09873452 0.07387035 0.07516162 0.08722416 0.1244621 0.143586 0.1119639 0.1074407 0.1073121 0.07856259 0.09359688 0.08389268 0.05768023 0.06946941 0.06858118 0.06404132 0.04940233 0.04245253 0.03420575 0.05358952 0.05242069 0.05258159 0.04512256 0.04375958 0.03584988 0.0222236 0.01838986 0.008230914 0.0202468 0.02022876 0.006654402 0.006274166 0.0125081 0.01003731 0.009682674 0.003146867 0.001946386 0.001748985 0.003623859 0.002277276 0.002232386 0.004405455 0.0009852983 0.001495865 0.0004607721 0.00042829 0.0004059564 0.005560005
0.2537423 0.173796 0.1427349 0.1463366 0.1263218 0.1136371 0.1177914 0.1096781 0.1154634 0.1180616 0.10408 0.1152437 0.172721 0.1718083 0.1621607 0.179853 0.2219992 0.2047871 0.1284742 0.1347308 0.117651 0.09818999 0.05364399 0.06401186 0.05458066 0.03682247 0.06362382 0.06012201 0.05581801 0.05103675 0.0581042 0.05266572 0.03731471 0.0248665 0.01828174 0.0081204 0.007397107 0.006866087 0.006483717 0.006133706 0.005738443 0.005259238 0.004670742 0.002173743 0.009178679 0.001774186 0.001454916 0.00131701 0.001143447 0.001796216 0.0009125866 0.001493789 0.0004309343 0.0004037323 0.00038634 0.0003557095
0.2797283 0.2067568 0.1932346 0.1442877 0.119991 0.120061 0.1109694 0.08106212 0.1218227 0.1340063 0.09027147 0.1134291 0.1761875 0.1895926 0.2069972 0.2194621 0.2500932 0.2226197 0.182724 0.1807257 0.1528586 0.09065433 0.07698893 0.07025742 0.06087602 0.06853534 0.05693642 0.05208432 0.05238206 0.05604488 0.0590461 0.04822979 0.03277101 0.02363748 0.02095915 0.02440988 0.01642924 0.01503249 0.01422915 0.01503093 0.01427931 0.01283044 0.01126265 0.007786415 0.006479134 0.005495853 0.005237789 0.004158812 0.003470816 0.003119743 0.002875963 0.0009911677 0.001057143 0.01558115 0.0135879 0.0005806523
0.2588212 0.2200012 0.2008175 0.1288333 0.1075407 0.1012807 0.0778599 0.07406872 0.1354316 0.1471646 0.1075337 0.1368662 0.1852242 0.20889 0.2085897 0.2171403 0.2496493 0.2113353 0.199779 0.1999411 0.2444462 0.1824082 0.1094494 0.09407935 0.07706636 0.05737625 0.06922579 0.06847385 0.06387449 0.06592599 0.0563164 0.03764753 0.02713187 0.02378364 0.02055782 0.02348272 0.01596565 0.01450132 0.01378232 0.01468686 0.01400686 0.01262216 0.01099375 0.007515214 0.006132505 0.005107489 0.004499853 0.003742176 0.003117829 0.005683305 0.002600984 0.0006995805 0.0007240828 0.003918564 0.000744974 0.002157695
0.2327064 0.2124333 0.1793336 0.1355019 0.1235483 0.1037198 0.1080253 0.09055114 0.1813613 0.1856596 0.1132357 0.1196282 0.154462 0.2546408 0.2424178 0.2226313 0.2506469 0.214157 0.2297644 0.2367121 0.2627186 0.2270614 0.2030611 0.1764076 0.1070434 0.06206198 0.07338833 0.09822565 0.09574962 0.08509833 0.05794932 0.03361605 0.02632303 0.02423263 0.02168436 0.0192758 0.01577244 0.01394345 0.01333467 0.01426036 0.014035 0.01283713 0.01118838 0.007430037 0.00594225 0.00722797 0.004129366 0.003423897 0.005069144 0.002554893 0.002650114 0.0008880713 0.002199761 0.0007226827 0.001382317 0.003571105
0.2399685 0.1905386 0.1469972 0.1220337 0.2031272 0.1220607 0.1011204 0.1268985 0.1122186 0.06568612 0.05460994 0.07288998 0.1255807 0.2334088 0.1884466 0.1909031 0.2088022 0.1999539 0.2086316 0.2247064 0.2260867 0.2701083 0.2273781 0.2310071 0.1443583 0.1002828 0.118649 0.09475057 0.1286969 0.136489 0.08831679 0.04183521 0.03131177 0.02995323 0.03453867 0.02016041 0.01590176 0.01335528 0.01279674 0.01373821 0.01363339 0.01379544 0.01140692 0.006767144 0.005285559 0.004503702 0.00377182 0.006153742 0.009893813 0.003132422 0.003707641 0.003179536 0.003336285 0.0113479 0.01716726 0.008471471
0.1933384 0.1312329 0.1047181 0.1017116 0.1131572 0.09335566 0.0804468 0.09453993 0.07545058 0.05576333 0.05507272 0.09671514 0.1016978 0.1112887 0.1137281 0.1574625 0.1514644 0.1634672 0.174226 0.2169034 0.2433685 0.25044 0.2331536 0.1851797 0.1732206 0.1660949 0.1212728 0.1344937 0.128304 0.1660123 0.1155811 0.04455694 0.02609655 0.05024467 0.03124009 0.01857891 0.01359501 0.01081671 0.01040233 0.01405846 0.01347139 0.01221583 0.01033976 0.005770451 0.004388758 0.003515389 0.004231439 0.005550945 0.006495083 0.007136745 0.01111449 0.01219715 0.0168659 0.01093257 0.02293414 0.03560217
0.1511467 0.1553766 0.1410147 0.1140233 0.1275909 0.08177215 0.06773122 0.0671571 0.06905931 0.0909995 0.07239101 0.07165334 0.06915634 0.07699041 0.07909523 0.1080859 0.1254947 0.1158205 0.1564839 0.2180402 0.183323 0.1597575 0.1613631 0.1626625 0.1881121 0.1863558 0.151086 0.1932775 0.1751056 0.1260512 0.1376637 0.05109225 0.04398479 0.05739177 0.03478586 0.03165489 0.01665561 0.01030588 0.009938619 0.0134342 0.01295911 0.01178615 0.009860294 0.005065656 0.004037668 0.004933791 0.005726841 0.00778747 0.007204468 0.006327187 0.007865137 0.01731358 0.02400303 0.03745113 0.05420568 0.04563169
0.109503 0.1284855 0.1223611 0.1041395 0.1062234 0.1262093 0.1018188 0.08248408 0.07103086 0.08816141 0.07472605 0.0809672 0.08170062 0.07490452 0.0634442 0.1189617 0.1284173 0.1148277 0.1382291 0.129508 0.1302486 0.1662664 0.1165461 0.1747133 0.261411 0.2673114 0.1913653 0.2181911 0.2173066 0.1551911 0.1194709 0.09104914 0.07733065 0.09539111 0.06118405 0.04976317 0.04010949 0.01442422 0.01183408 0.01296139 0.01244059 0.01125009 0.009876533 0.004762446 0.005772135 0.00659022 0.01174717 0.01322559 0.008255933 0.01009933 0.01310602 0.02800549 0.03816773 0.07735329 0.07315803 0.06258012
