contrib/geomasonDemos/riftland/riftlandData/RainData/.svn/text-base/116.txt.svn-base
ncols         56
nrows         54
xllcorner     28.264
yllcorner     -5.7719999999999
cellsize      0.25
NODATA_value  -9999
[rows 26 to 51 of 54, columns 0 to 55 of 56]
0.1094045 0.09660263 0.09022787 0.1328355 0.09793141 0.1239767 0.1240727 0.06622602 0.08484642 0.06495451 0.0721449 0.095403 0.1133701 0.1175888 0.06567521 0.0770989 0.07180909 0.1009022 0.145597 0.137632 0.09887797 0.108014 0.1370392 0.2030583 0.2506184 0.2526245 0.207444 0.2783199 0.1828631 0.1460393 0.1632307 0.1283591 0.1401996 0.1583693 0.06525797 0.03283015 0.01670028 0.01000817 0.00948321 0.01259509 0.01185539 0.01067976 0.01206711 0.007283456 0.01023377 0.01881232 0.015364 0.02157381 0.0130628 0.02361693 0.03965039 0.05907958 0.06848429 0.06218125 0.09419529 0.08380564
0.1297237 0.0821225 0.09146173 0.0992521 0.1377354 0.1039988 0.07979782 0.09931383 0.09688394 0.1000032 0.1247368 0.1302106 0.1251006 0.09450234 0.08481546 0.06996227 0.08527106 0.1224 0.123029 0.1661606 0.158685 0.2194936 0.2560519 0.2045094 0.2336049 0.2705755 0.2319735 0.243579 0.2177722 0.1975016 0.2039249 0.1801502 0.1814377 0.1315888 0.0916119 0.0458083 0.02742174 0.01357098 0.01259135 0.01073068 0.009931716 0.009732593 0.01615484 0.008644515 0.02347299 0.02078945 0.01888767 0.0118776 0.01926782 0.06620008 0.06057172 0.08488949 0.1222436 0.1226997 0.1045022 0.08760554
0.1371444 0.1333062 0.1260353 0.09627022 0.09204497 0.1101438 0.1062713 0.1249284 0.1106566 0.0901878 0.09669522 0.1120582 0.07044793 0.05934388 0.08799575 0.08540936 0.07872763 0.08884034 0.1080065 0.1237844 0.1265971 0.1471011 0.2137957 0.2502846 0.3024325 0.3233334 0.3107014 0.2700595 0.2747455 0.2939295 0.1939333 0.1426807 0.1681999 0.1089687 0.08610322 0.05255978 0.03372985 0.01349094 0.0160274 0.01034172 0.00941115 0.01127125 0.0171411 0.01284981 0.03161766 0.02812796 0.03385578 0.0447223 0.07109291 0.07108261 0.06862544 0.1223947 0.182801 0.1075846 0.07363375 0.0408155
0.2078314 0.2044787 0.1222509 0.09989924 0.0719109 0.08584425 0.08483819 0.1069194 0.1157938 0.1070114 0.09650666 0.08650462 0.07972678 0.0651373 0.06703721 0.07340854 0.0665227 0.06194407 0.06985199 0.08427531 0.09647684 0.1115393 0.1145738 0.2336938 0.2974673 0.2752103 0.2514973 0.2915423 0.2732204 0.2498073 0.1697034 0.1726508 0.1801819 0.1002578 0.0738885 0.07064673 0.02416348 0.01789236 0.07015696 0.01633429 0.01622408 0.0199231 0.01804766 0.01096113 0.01220638 0.0364939 0.0699691 0.06579895 0.07231092 0.06529986 0.06173294 0.05621378 0.06729501 0.0445457 0.07472174 0.05997732
0.2127505 0.2042211 0.1292823 0.09630087 0.07734293 0.05007613 0.05914402 0.06292696 0.07878011 0.08533897 0.08523586 0.1030629 0.06912485 0.04962036 0.04900693 0.05312525 0.04678275 0.03988844 0.03883584 0.05242819 0.1263605 0.09657639 0.1013072 0.1384983 0.2141455 0.238824 0.2471379 0.2766159 0.2972647 0.2356524 0.1760866 0.1788153 0.182609 0.1216611 0.1198308 0.1226156 0.03828989 0.0211536 0.02785716 0.01933417 0.01432824 0.01088468 0.01001571 0.01203777 0.02029033 0.03671155 0.03659125 0.05357273 0.06684921 0.05856836 0.04303091 0.03386877 0.08926585 0.09084693 0.0706842 0.04386254
0.2088321 0.1864105 0.1233639 0.06920657 0.0556128 0.03391823 0.05494506 0.06554087 0.1087312 0.1383196 0.08547315 0.09056283 0.06947484 0.05995325 0.06005269 0.06186408 0.06366488 0.06223456 0.07687625 0.1051027 0.1103725 0.09767199 0.102177 0.1133163 0.150702 0.184129 0.1581337 0.2537204 0.2969796 0.2546718 0.2094207 0.2208812 0.2039606 0.1388078 0.1151054 0.1130686 0.09192135 0.05187925 0.04984816 0.01820029 0.01354103 0.01287361 0.02056035 0.01920689 0.01669138 0.03080886 0.04094658 0.06630626 0.05536661 0.06148556 0.04785013 0.05599627 0.07870934 0.11996 0.07754716 0.06280418
0.165552 0.1063858 0.07388523 0.03796332 0.02823821 0.02773698 0.05209068 0.05725074 0.08105663 0.09271658 0.08824455 0.08667679 0.07584762 0.07740088 0.07831273 0.1017785 0.1185375 0.1018738 0.1028057 0.1258466 0.168952 0.1511718 0.07807942 0.1044609 0.1021889 0.1637993 0.1614635 0.1980056 0.2889789 0.2623634 0.1917603 0.1605798 0.1567274 0.1405157 0.09551484 0.07749073 0.07249276 0.06960893 0.04465403 0.02594649 0.02520634 0.02740894 0.02636838 0.01390897 0.01376381 0.01552076 0.03237485 0.07311909 0.06118302 0.06380028 0.09946589 0.1248073 0.06310132 0.05637942 0.06958687 0.06804235
0.2182211 0.08839171 0.06115967 0.05565994 0.03494697 0.03334022 0.04129343 0.04582884 0.07128467 0.05479033 0.04497221 0.06295908 0.06153512 0.06075533 0.07645808 0.1060434 0.1608862 0.1444596 0.160594 0.150038 0.173221 0.1586945 0.1115068 0.09593979 0.1203471 0.1629842 0.1502099 0.1611744 0.2284675 0.2123675 0.1491174 0.1555639 0.1346646 0.1154035 0.1054388 0.08349267 0.08070821 0.05147373 0.04198741 0.02792608 0.02614717 0.02262348 0.02845591 0.01507714 0.01616659 0.01982558 0.03202649 0.07724123 0.08149983 0.07891864 0.1295451 0.1178369 0.06655678 0.05979299 0.08286683 0.07194556
0.1277797 0.08902645 0.09033714 0.08425894 0.05995474 0.07702401 0.03408644 0.04185054 0.05155366 0.05723642 0.04376792 0.06854992 0.06182254 0.06672876 0.08189206 0.1217829 0.1872628 0.2301865 0.2036566 0.19971 0.1967153 0.181637 0.1168645 0.1075266 0.1497096 0.1378943 0.1104098 0.1523568 0.1673848 0.1237859 0.09116159 0.1186695 0.1348373 0.1151882 0.103657 0.07842245 0.06221744 0.05180642 0.04454756 0.02570789 0.02288672 0.01963298 0.02126749 0.01640571 0.01932714 0.02684794 0.02982537 0.05276937 0.07382289 0.1121245 0.1385115 0.07140702 0.05532457 0.05441938 0.08093993 0.09792309
0.1724485 0.1042553 0.08373507 0.1131661 0.06112808 0.04876456 0.03485976 0.03905013 0.0447039 0.07310004 0.1155653 0.08519389 0.07654108 0.07034994 0.09120903 0.1377766 0.1443257 0.178101 0.1786087 0.141838 0.1261332 0.08425486 0.08086287 0.1060146 0.1329183 0.1128879 0.1074489 0.1201788 0.0959075 0.05361749 0.05367641 0.08605224 0.09375141 0.08498795 0.06920689 0.0550596 0.05024135 0.04506529 0.04457541 0.01840724 0.01509139 0.03442245 0.01676179 0.01807125 0.02884406 0.02387327 0.03597198 0.05207571 0.09310836 0.06881288 0.09236632 0.1017689 0.07089214 0.1151278 0.1133841 0.1228352
0.1612028 0.08855691 0.03733929 0.05015335 0.04376188 0.03222678 0.03494626 0.02926576 0.02980107 0.0377503 0.06855813 0.0837384 0.06094908 0.07004242 0.0927081 0.1308023 0.1263772 0.1613866 0.168242 0.1127522 0.07602002 0.06118724 0.06001526 0.08276437 0.1127987 0.1008149 0.10316 0.1081355 0.07535567 0.07746796 0.05090992 0.08155746 0.08431994 0.07169437 0.06691851 0.05995387 0.05644003 0.05086673 0.04444035 0.03668986 0.0165044 0.0332341 0.01844088 0.01986482 0.02285977 0.02539966 0.03020112 0.05737627 0.1209132 0.06660596 0.08236405 0.07814013 0.09152485 0.1017817 0.1394531 0.130768
0.1082668 0.04128894 0.01936443 0.02685304 0.03136193 0.03037379 0.02362286 0.02149231 0.02664712 0.0253168 0.03873559 0.06817104 0.05625755 0.06528914 0.0778346 0.1182491 0.1179248 0.1135089 0.104526 0.06508496 0.06774999 0.0645849 0.05956044 0.103521 0.1252664 0.08845384 0.0785286 0.06488868 0.08963959 0.05326694 0.04198503 0.06804789 0.06734951 0.07274373 0.09937058 0.06275751 0.05681432 0.05085775 0.04354707 0.02060442 0.03616584 0.03735438 0.01987825 0.02326841 0.02737682 0.03026069 0.03207017 0.08399942 0.09468351 0.07621817 0.1222622 0.0939282 0.1051916 0.1496382 0.2019812 0.06760618
0.1135619 0.03320925 0.02428942 0.03001999 0.03032633 0.03949375 0.0297654 0.02385691 0.03641506 0.04030552 0.04201618 0.06409138 0.05508794 0.06787437 0.06829897 0.09023502 0.06183076 0.06349504 0.06577495 0.08984857 0.1059075 0.06616968 0.05157907 0.07894746 0.06857293 0.06123149 0.0559238 0.05963293 0.05978444 0.03500188 0.03998284 0.05344526 0.05245163 0.06356875 0.06200969 0.05138135 0.0496381 0.04776658 0.03982449 0.01837276 0.01881609 0.03286269 0.01976603 0.02294144 0.02824629 0.04012013 0.03354919 0.08608545 0.1160331 0.07340135 0.1011013 0.107163 0.1044095 0.1918093 0.1450529 0.07627068
0.1228036 0.03361422 0.03052408 0.05216615 0.03468069 0.04314921 0.02739965 0.036283 0.06003325 0.07053521 0.0552182 0.03950359 0.04325169 0.06143839 0.03614108 0.0402451 0.05689182 0.03942776 0.07623751 0.07399315 0.06494234 0.06589551 0.04312045 0.07927642 0.07018016 0.05259699 0.04414768 0.05892835 0.04385278 0.04620752 0.03703208 0.04567779 0.04321218 0.04580556 0.038601 0.03932238 0.0361164 0.03297191 0.02828746 0.01680452 0.01332796 0.01257978 0.01925027 0.03301093 0.05490226 0.05026133 0.05890577 0.08227129 0.08707336 0.1071371 0.08223147 0.1103443 0.1549007 0.1052032 0.1106653 0.07235478
0.1084944 0.03976223 0.02469688 0.02893091 0.03552445 0.04125962 0.03467697 0.03485893 0.057652 0.0522814 0.03423233 0.02517221 0.04003719 0.02931517 0.04188554 0.03486054 0.04355522 0.03837571 0.05311215 0.06986123 0.0488313 0.03726621 0.02947131 0.06257278 0.07216141 0.06798569 0.04112628 0.05421629 0.03144455 0.03419965 0.03434601 0.04165981 0.03726289 0.03997071 0.0363674 0.03233386 0.03102794 0.02908542 0.0242117 0.01440199 0.01140578 0.0116048 0.02693441 0.04865927 0.04146162 0.04710227 0.07278483 0.07300466 0.07783365 0.09436238 0.1048371 0.1300388 0.0968212 0.09136716 0.08824217 0.05593314
0.08402178 0.02426571 0.01329308 0.033476 0.05060587 0.041537 0.02425621 0.02114239 0.02276688 0.0291563 0.02638515 0.01862773 0.0312977 0.02083874 0.01954282 0.02426514 0.025408 0.02357597 0.03770268 0.04938756 0.0420621 0.03363786 0.03647812 0.05843409 0.07492019 0.05384549 0.03683699 0.02339909 0.01553132 0.02220909 0.02529988 0.03706027 0.03495381 0.03236971 0.03063582 0.02767512 0.02652614 0.02436952 0.0212021 0.01280683 0.01042101 0.01189783 0.02014394 0.0667024 0.0509046 0.05779737 0.06528576 0.0709613 0.07726882 0.09525397 0.1101542 0.08012748 0.0797388 0.07360087 0.09241474 0.06829523
0.07316698 0.02727959 0.01035917 0.02150415 0.01891386 0.02102361 0.01445809 0.01405883 0.02043728 0.02298899 0.02482243 0.03526279 0.02442876 0.02801526 0.02854582 0.02663116 0.03238836 0.02540539 0.03612028 0.04698286 0.02874112 0.01467297 0.02334111 0.03857637 0.06005643 0.02623363 0.02302131 0.01559402 0.01548084 0.03247087 0.04361788 0.02908891 0.02610732 0.02546779 0.02562757 0.0395105 0.1128418 0.02120124 0.01903357 0.01202052 0.01035959 0.01616311 0.02525459 0.05925659 0.05367285 0.07036881 0.07741176 0.07545097 0.08085059 0.1087187 0.1341598 0.09451148 0.1018075 0.07971422 0.08704022 0.05542316
0.08244397 0.03633624 0.01003365 0.008453321 0.01087638 0.01809624 0.01459615 0.01091355 0.008534363 0.01295134 0.01891624 0.03602087 0.02689125 0.02500042 0.02086304 0.01240312 0.01856572 0.0238678 0.01958374 0.02666735 0.02808152 0.01029687 0.01159581 0.02157743 0.01603442 0.01386119 0.01364923 0.01485735 0.01368084 0.01444506 0.02019819 0.02334785 0.01975811 0.01955872 0.01981922 0.04677646 0.3007574 0.02714297 0.01529138 0.01293615 0.01315157 0.02321496 0.03623017 0.05215863 0.06595422 0.07399035 0.08903141 0.06698441 0.08246367 0.1146672 0.08405056 0.08766688 0.0869485 0.07525356 0.06524354 0.04403226
0.07602641 0.02893904 0.007498158 0.01494111 0.0150247 0.01860181 0.01557708 0.01620764 0.01106937 0.01362109 0.01489971 0.02960929 0.01726729 0.01261096 0.0130192 0.008206541 0.009246871 0.02131767 0.01685488 0.03076485 0.04964527 0.01750463 0.01069694 0.01942083 0.01393868 0.01285294 0.01054948 0.009997487 0.01233765 0.01002822 0.0175953 0.01535077 0.01547333 0.01988553 0.01826573 0.01474338 0.02826562 0.01342319 0.01402992 0.0176625 0.02031362 0.02663043 0.04757061 0.07014585 0.07494064 0.0914201 0.09769237 0.07252687 0.1465351 0.08844326 0.07818206 0.06630358 0.08708536 0.07150785 0.07782786 0.04637097
0.04635282 0.01060233 0.005150456 0.009572657 0.007334105 0.01431931 0.02904684 0.02539318 0.01906848 0.009632017 0.00933432 0.01069545 0.0124445 0.01147249 0.01508385 0.01201649 0.005841905 0.00653362 0.01231062 0.0161488 0.0249918 0.0457495 0.01978025 0.08599202 0.02281265 0.007123789 0.006895193 0.01112664 0.007795105 0.009351104 0.01562993 0.01257976 0.01273726 0.01270633 0.01504733 0.01641842 0.02253386 0.01826153 0.02866224 0.03269551 0.04433116 0.0403419 0.05788144 0.08144648 0.08710521 0.08992634 0.09762447 0.1212922 0.154536 0.08519931 0.08602108 0.0638959 0.06215139 0.06764308 0.0803178 0.04197581
0.02114297 0.007303667 0.009803869 0.01553058 0.009084702 0.01286594 0.0265099 0.02753446 0.02549205 0.01310331 0.01066309 0.01836417 0.006818575 0.005180402 0.008852999 0.01684681 0.009643967 0.003990457 0.005944489 0.009646533 0.01047734 0.01022818 0.02271394 0.04245943 0.01622979 0.005835863 0.009457849 0.008380929 0.007556035 0.01343037 0.009185238 0.01150449 0.01182276 0.01201897 0.01183579 0.01778196 0.02289017 0.02451942 0.03203622 0.04231428 0.04632522 0.0424153 0.04691534 0.06898428 0.08539023 0.09730921 0.09961835 0.1199715 0.0950096 0.1043435 0.0939175 0.06765959 0.08501314 0.07507373 0.09053893 0.06951613
0.01509222 0.01334294 0.0192881 0.01532586 0.004686634 0.006453295 0.01450709 0.02438122 0.02566055 0.01460564 0.01177474 0.01017963 0.008074641 0.006247113 0.01207281 0.01158377 0.01144295 0.01126219 0.00969974 0.008687278 0.009262933 0.007157953 0.007112459 0.00369525 0.02374184 0.0100289 0.007117773 0.0129298 0.00972282 0.01659059 0.01226994 0.009297834 0.0102883 0.01087762 0.0177725 0.02321645 0.01477896 0.02021118 0.03682048 0.04285276 0.03194434 0.04695084 0.06640688 0.06137671 0.10179 0.09376542 0.08792415 0.09862873 0.1081 0.1034888 0.09241822 0.04975806 0.07229839 0.1016935 0.08790323 0.06528226
0.005733928 0.009910733 0.02022238 0.01012956 0.003178897 0.003787421 0.003788054 0.009349881 0.02275504 0.01347268 0.005967762 0.003780429 0.006617921 0.01247758 0.02641604 0.01196918 0.008101272 0.009353916 0.01053766 0.009195339 0.006754063 0.006268923 0.005987335 0.004542244 0.006407524 0.009142209 0.005417777 0.003366797 0.003956584 0.003480998 0.003876487 0.005469165 0.005905847 0.008114582 0.01899598 0.02367957 0.02989791 0.02497187 0.02926878 0.04114167 0.03620806 0.06113016 0.05780858 0.08469182 0.1121364 0.09455974 0.1136094 0.08334792 0.0903993 0.09775479 0.08375525 0.03443549 0.04532258 0.08217742 0.08653226 0.05620968
0.003452465 0.005691743 0.006999193 0.003264767 0.001751019 0.002676236 0.00151677 0.007138741 0.004790801 0.002456461 0.002353725 0.002768129 0.01985401 0.03216153 0.03933289 0.009717433 0.005188973 0.00667255 0.007712453 0.006692658 0.006363657 0.007978112 0.00639656 0.004855872 0.004066671 0.005683361 0.004647392 0.01330593 0.01262752 0.002752277 0.003179566 0.004628608 0.006921462 0.01020493 0.01258032 0.01353112 0.01755697 0.02030644 0.03259514 0.03210812 0.05901908 0.0836898 0.08449394 0.08753374 0.1003866 0.09182207 0.1102011 0.07720446 0.07853746 0.08968415 0.07045513 0.02471774 0.03064516 0.04907258 0.07810484 0.04923388
0.007016434 0.004670812 0.01222135 0.004288828 0.001133718 0.0006896692 0.001093009 0.004765204 0.002704574 0.001110056 0.002001343 0.005371496 0.01562306 0.04560271 0.06535317 0.008605616 0.006832141 0.007619264 0.01550418 0.03052255 0.03085859 0.03281652 0.01811362 0.007157678 0.004620691 0.006916981 0.007295758 0.01196751 0.009715748 0.01137781 0.01133023 0.004558476 0.010081 0.01561091 0.01159179 0.01248193 0.01375698 0.0166811 0.02311266 0.02884916 0.02925144 0.06261748 0.09003215 0.07471491 0.07149076 0.1056608 0.05440837 0.0753131 0.07627337 0.08975487 0.0645643 0.02919355 0.04056451 0.06745968 0.08681452 0.05705645
0.009375899 0.007082358 0.0169278 0.01513733 0.00202004 0.000178825 0.006019281 0.001113284 0.002140478 0.002282961 0.004575185 0.01040316 0.008761846 0.03472363 0.04786924 0.03202912 0.03067004 0.03264548 0.06182985 0.07600996 0.08360361 0.08282982 0.05108207 0.01170718 0.007694398 0.003675427 0.002103547 0.0008541913 0.0008479258 0.005260675 0.0012387 0.01075763 0.006240142 0.008205961 0.009937565 0.01154167 0.01280234 0.01537491 0.01933266 0.03299157 0.06921148 0.07689472 0.07610478 0.04729484 0.05659597 0.06365369 0.04774639 0.03722189 0.05118921 0.09739979 0.05597799 0.01963709 0.03233871 0.04354839 0.04899194 0.04060484
