contrib/geomasonDemos/riftland/riftlandData/RainData/.svn/text-base/120.txt.svn-base
ncols         56
nrows         54
xllcorner     28.264
yllcorner     -5.7719999999999
cellsize      0.25
NODATA_value  -9999
[rows 27 to 53 of 54, columns 0 to 55 of 56]
0.3276002 0.3050256 0.1675165 0.1483065 0.1125643 0.07884116 0.07448854 0.04725004 0.04226678 0.0839463 0.03015448 0.0815831 0.09269154 0.1018016 0.09549887 0.2083378 0.1421126 0.1114574 0.1232136 0.09971447 0.09814078 0.1025971 0.08659354 0.0917084 0.09705089 0.07352602 0.04545147 0.06227371 0.06100017 0.07574241 0.08414949 0.1170654 0.1259255 0.1160381 0.1207429 0.1268748 0.1414854 0.1768826 0.1258272 0.07964537 0.07227235 0.08438949 0.07269183 0.0336843 0.04897572 0.04964619 0.05180711 0.02058349 0.01670458 0.05561263 0.02464288 0.01937534 0.01612913 0.0439495 0.07650976 0.01603936
0.2286133 0.2221182 0.1359961 0.1483295 0.1351481 0.09743059 0.06420738 0.04106832 0.1155969 0.09442466 0.067844 0.07814582 0.08696236 0.0791926 0.09953572 0.1821316 0.1552825 0.1547374 0.1322369 0.1334037 0.1179032 0.1332343 0.06669742 0.06786696 0.1167452 0.1138677 0.06881908 0.06826399 0.07228095 0.08767069 0.09723034 0.1543665 0.1550108 0.1377665 0.1463324 0.1604447 0.1621095 0.1836363 0.1534575 0.105826 0.1312335 0.114949 0.1224708 0.05425123 0.06190605 0.05035469 0.05571503 0.06197082 0.02028229 0.02114522 0.02092225 0.03283881 0.02932211 0.03401966 0.07803541 0.01086884
0.2838934 0.2389212 0.2253357 0.182225 0.1153609 0.06839193 0.07803088 0.05323509 0.08140671 0.0807843 0.05229868 0.07704501 0.06295003 0.09408974 0.08747403 0.09321166 0.1015439 0.1253124 0.1448084 0.1063316 0.08647537 0.07954898 0.08745078 0.0907082 0.1380337 0.1028568 0.0959455 0.08959072 0.08509815 0.1005156 0.1127576 0.1459556 0.1525804 0.148938 0.1437398 0.1496678 0.1807725 0.1963345 0.2058362 0.1223906 0.1277064 0.1183523 0.1034602 0.04842239 0.0488256 0.04750728 0.0347717 0.01727822 0.0275417 0.02240408 0.02777791 0.02964085 0.06548842 0.1244485 0.1465265 0.03564036
0.3132903 0.2949992 0.2211562 0.1960083 0.08048078 0.07808857 0.05494839 0.04789222 0.07324359 0.08128782 0.06749579 0.07060918 0.07493154 0.07936256 0.09586853 0.1617281 0.1716965 0.2007267 0.2667019 0.1743926 0.184058 0.132761 0.1186494 0.1143247 0.1198719 0.1053985 0.1247465 0.1107679 0.1043087 0.1131421 0.1122581 0.1332942 0.1470711 0.1602736 0.1503287 0.1494704 0.1551915 0.1808607 0.1775324 0.1481433 0.1156338 0.1271774 0.1233707 0.05827286 0.06416711 0.05650516 0.03705692 0.0219959 0.03412438 0.0253615 0.04261683 0.07041611 0.04336425 0.04897302 0.1361538 0.06077722
0.3111688 0.2678314 0.2074716 0.1419554 0.06276981 0.06434109 0.03509572 0.04219723 0.0516022 0.07433219 0.08120984 0.138154 0.1329154 0.1159105 0.1645252 0.2202163 0.3791177 0.3877098 0.2890255 0.261949 0.2460005 0.2426802 0.1899442 0.1544227 0.1088025 0.0972553 0.1375478 0.1322773 0.1216253 0.123799 0.1138986 0.131882 0.1335768 0.1299716 0.1293334 0.1653965 0.1622994 0.1273464 0.1328671 0.164422 0.1516488 0.1427247 0.1633896 0.05377059 0.1035504 0.1496836 0.106956 0.08976817 0.1316064 0.05545186 0.1528704 0.1148779 0.05226723 0.07116792 0.2357626 0.0436651
0.2322423 0.2418418 0.1434309 0.08445605 0.0421054 0.03037464 0.03926252 0.06889941 0.05419972 0.06454543 0.05831333 0.1154075 0.1315916 0.1405783 0.1579917 0.1823871 0.2830423 0.3699124 0.2864165 0.2151641 0.2773938 0.2414952 0.2720903 0.1968004 0.102169 0.1544754 0.196859 0.1607876 0.1482412 0.1301097 0.1162387 0.137966 0.1337211 0.1249973 0.1215578 0.1368866 0.1455367 0.08667898 0.09212088 0.1027212 0.103343 0.153817 0.1260001 0.08458489 0.1219291 0.1395397 0.1901647 0.2751778 0.2250632 0.1453041 0.1304257 0.09349639 0.07292458 0.08569064 0.1045541 0.02712651
0.2522912 0.2462637 0.09609187 0.0796895 0.04897082 0.0522552 0.09389871 0.09351502 0.04954267 0.06873818 0.08468378 0.129253 0.1414898 0.1711603 0.1869876 0.245086 0.2734273 0.3083765 0.3396379 0.2986874 0.2864284 0.2194274 0.1616094 0.1832685 0.1851633 0.1987642 0.1863557 0.1963008 0.2130818 0.1471137 0.1220343 0.1296538 0.155025 0.1265996 0.1052042 0.08147179 0.07223568 0.07093105 0.0877393 0.08463491 0.07349433 0.09378179 0.1081687 0.1127394 0.1128755 0.1094093 0.1855918 0.1383549 0.2475929 0.1922233 0.2595131 0.1473635 0.1009987 0.07361009 0.05889562 0.01039786
0.2864268 0.167007 0.08985676 0.09190375 0.07833336 0.08729795 0.08501471 0.07792521 0.06864815 0.07444847 0.06341447 0.136791 0.1497347 0.2069945 0.2436986 0.3217788 0.3037282 0.3210161 0.3839434 0.3038636 0.248364 0.1740779 0.1720382 0.2429191 0.3802415 0.2100267 0.1867177 0.2445387 0.1946338 0.1567222 0.1613148 0.1405243 0.1707003 0.116118 0.08996023 0.06860872 0.06883162 0.07398055 0.07487267 0.07669681 0.08076103 0.09390605 0.09922895 0.1230049 0.1052781 0.0992022 0.1185177 0.2279337 0.2225606 0.2176355 0.1994475 0.1007515 0.1226179 0.02790824 0.01893502 0.008916028
0.2971395 0.147061 0.089 0.1037622 0.1189057 0.1063743 0.06016478 0.06296144 0.07495302 0.07844162 0.07557765 0.1293796 0.1678463 0.2474269 0.3409692 0.3637821 0.3476202 0.3338902 0.3339849 0.2599436 0.2661691 0.192864 0.1165768 0.1667781 0.2299554 0.1708749 0.1803042 0.2214171 0.1770419 0.1381123 0.1369529 0.1463523 0.08380441 0.07587573 0.05803544 0.04069169 0.09146254 0.07238799 0.07476769 0.05058697 0.059259 0.07757663 0.1044411 0.07933552 0.08517607 0.1125168 0.1251662 0.2126058 0.1504474 0.0967228 0.1426402 0.1252919 0.08179812 0.06139191 0.02091086 0.006525695
0.3364986 0.145748 0.0929459 0.08534542 0.1339268 0.08479211 0.07992926 0.05153675 0.07300085 0.1031631 0.1055404 0.1432823 0.1746455 0.2588661 0.3183547 0.3720398 0.3260771 0.2898107 0.2394913 0.2241223 0.2171744 0.1430618 0.1569571 0.1844697 0.1908932 0.2054928 0.2375727 0.2237345 0.165024 0.09894849 0.101968 0.08574739 0.05401817 0.06884835 0.06861788 0.04513202 0.05633614 0.07540298 0.06293421 0.0365453 0.1036239 0.1341802 0.1175662 0.1186067 0.1002534 0.09696643 0.1402496 0.1290425 0.1218931 0.167775 0.1784234 0.1241749 0.05962929 0.0229823 0.01725853 0.006629398
0.262658 0.1612705 0.06928074 0.06414456 0.0717524 0.1133157 0.09318966 0.05458 0.04973313 0.07025972 0.1072587 0.1430123 0.1548804 0.1665517 0.2402568 0.2928271 0.2452134 0.2152967 0.166088 0.2105869 0.2111505 0.1553324 0.1554132 0.1548278 0.1753281 0.2513872 0.2676784 0.2118534 0.2485432 0.1221768 0.1053748 0.08078461 0.05378664 0.06270767 0.07323161 0.06428923 0.04934091 0.05703223 0.05149789 0.116644 0.1177007 0.1987213 0.1362123 0.1451925 0.1334753 0.06965405 0.132672 0.244213 0.2237812 0.2072197 0.1775385 0.1280048 0.04460905 0.02421098 0.02240772 0.006681127
0.2896677 0.1813884 0.07964672 0.0709265 0.08451815 0.08223394 0.0888204 0.08052404 0.07182486 0.05617685 0.08916156 0.1038831 0.1236869 0.1388215 0.209197 0.2460356 0.222955 0.2337599 0.2431343 0.2306353 0.129091 0.1598977 0.1685892 0.1415605 0.1608161 0.1701031 0.2134149 0.2398295 0.21265 0.1243794 0.0954274 0.07697725 0.04804843 0.07529385 0.06200781 0.05531923 0.07047937 0.06606855 0.05078964 0.1007317 0.1043411 0.0940603 0.06394849 0.07124709 0.08202419 0.1344544 0.1682777 0.2388444 0.2767771 0.263427 0.1436555 0.1351817 0.03829054 0.01917981 0.01978024 0.00666632
0.2716638 0.1511156 0.08319371 0.09897203 0.07195327 0.09865781 0.08931234 0.0806936 0.06762958 0.06060171 0.07230483 0.07085577 0.1036943 0.1170092 0.1233137 0.1730964 0.1776834 0.1895139 0.1979619 0.2025973 0.1276308 0.1092113 0.1087285 0.1533697 0.1934431 0.1583948 0.2635416 0.2475371 0.2238831 0.1447633 0.09718578 0.07206107 0.04408784 0.04982463 0.05634916 0.06264309 0.08283865 0.1023706 0.06736536 0.09598054 0.112575 0.1205686 0.1084194 0.1034687 0.1026617 0.1024055 0.1679566 0.1750137 0.1593729 0.1440442 0.0605046 0.04121729 0.02925473 0.01829738 0.01811192 0.006523825
0.319582 0.160138 0.098954 0.0971622 0.09146285 0.07897737 0.06856072 0.08836941 0.08662628 0.05205803 0.05049501 0.09397249 0.1151581 0.09007265 0.1195211 0.1400966 0.1388416 0.1609089 0.1470151 0.179948 0.1351427 0.1623885 0.1697901 0.1289322 0.1973131 0.1473446 0.1634107 0.1577667 0.192377 0.1842145 0.1218756 0.08616773 0.051693 0.04959615 0.04820039 0.05644395 0.09543588 0.1196944 0.1334434 0.1524458 0.1684348 0.1296331 0.1307164 0.1129061 0.1237049 0.1370544 0.1495289 0.1858333 0.1393221 0.1118408 0.02173086 0.02652834 0.0236763 0.01819425 0.01807117 0.006509311
0.358128 0.2104281 0.1274599 0.1965036 0.1072288 0.06478479 0.07952933 0.09815662 0.1050389 0.06265192 0.06623032 0.08412414 0.08761502 0.1095046 0.1115853 0.146539 0.1375593 0.179182 0.1294517 0.153789 0.101419 0.145061 0.1531282 0.1022164 0.1632634 0.1858105 0.1508655 0.11408 0.1545309 0.156633 0.1316847 0.09325407 0.06784043 0.03706528 0.03140853 0.06669822 0.08369819 0.1020863 0.1637772 0.1718867 0.1821419 0.1651016 0.1186644 0.119597 0.1561709 0.1814786 0.1443355 0.1223843 0.05401577 0.04565631 0.0274402 0.0229167 0.02284162 0.01824356 0.01811583 0.006523331
0.211883 0.1689155 0.1454405 0.1344404 0.1085273 0.07874863 0.0722359 0.09441182 0.1060327 0.09881622 0.1080145 0.1322514 0.1230165 0.1150829 0.113005 0.1583303 0.1278609 0.1514825 0.1589457 0.1292278 0.1089537 0.1339837 0.1511783 0.141157 0.1753757 0.1742358 0.0964529 0.1090278 0.1009204 0.144552 0.1453985 0.09265157 0.06070158 0.04443294 0.03923563 0.1039991 0.186543 0.1588047 0.1496132 0.2057028 0.1874285 0.1467907 0.09399951 0.09886397 0.1875414 0.2471494 0.1480242 0.04833116 0.03164401 0.0298484 0.03352997 0.02239485 0.01943097 0.01841393 0.01827729 0.006551084
0.209254 0.1768728 0.1552104 0.1007071 0.08719858 0.07867946 0.07165354 0.08347325 0.1255753 0.1050776 0.09503951 0.1323012 0.150823 0.1141964 0.1271365 0.1482687 0.1629194 0.127042 0.1197377 0.1306844 0.1782307 0.1598952 0.1888138 0.1486052 0.1527626 0.1788101 0.1079946 0.1244775 0.1434305 0.1632578 0.09377283 0.04592967 0.04314227 0.06196523 0.06294803 0.09432547 0.1835926 0.09198442 0.1168437 0.1756989 0.2307495 0.1841456 0.1245129 0.1191631 0.122263 0.1740352 0.07604221 0.03268509 0.02382495 0.02119677 0.02536056 0.01410489 0.01722829 0.01633754 0.008441074 0.0001612903
0.2169466 0.1363862 0.1294414 0.08699133 0.08652527 0.1087868 0.1322376 0.1237503 0.1746012 0.1651777 0.1579491 0.1313176 0.155433 0.148794 0.1408334 0.1642727 0.177102 0.140916 0.1541495 0.1779693 0.1484006 0.1445987 0.1257551 0.1570352 0.1534238 0.1686392 0.1093563 0.1417465 0.1528522 0.1378593 0.0951855 0.05843123 0.06187712 0.08378512 0.08748566 0.06134393 0.08992331 0.06127993 0.08730935 0.1611233 0.2946568 0.278991 0.1686058 0.1453323 0.09440502 0.1146348 0.09497275 0.03572918 0.02859737 0.0213449 0.02146765 0.009209169 0.008917364 0.02195256 0.008499004 0
0.2545168 0.1844317 0.1396806 0.08292404 0.0835596 0.1240304 0.1882739 0.1682318 0.1795938 0.1870598 0.1443616 0.1717459 0.1501006 0.1455597 0.1309357 0.1723905 0.1736393 0.157145 0.1486373 0.2151442 0.1679304 0.1402337 0.06579089 0.06829263 0.0995851 0.1185053 0.07634681 0.09311461 0.1192358 0.1504192 0.09413008 0.09731071 0.0686922 0.09550542 0.06351426 0.0681773 0.05749676 0.1065011 0.07048229 0.1095513 0.2250038 0.2750143 0.1978114 0.1357623 0.1110217 0.09762398 0.05857749 0.0293738 0.02679647 0.02436645 0.02400256 0.009492152 0.008906302 0.01740677 0.008611936 0.0001612903
0.1877603 0.1743349 0.131304 0.1018803 0.1257165 0.1280073 0.1972591 0.1683235 0.1835816 0.2061641 0.2017686 0.1810962 0.1627322 0.1708029 0.1859953 0.2234522 0.2303383 0.2085611 0.2072692 0.1952335 0.1820539 0.1787724 0.1168523 0.08838822 0.1201529 0.1345047 0.0870347 0.1026066 0.1110439 0.1163868 0.08331745 0.1022252 0.1062518 0.07963146 0.09329392 0.06344657 0.06302705 0.1327357 0.1319349 0.1453461 0.2382241 0.2347043 0.1788446 0.1397463 0.1011508 0.07683878 0.06042641 0.04118041 0.03183493 0.03605677 0.03502379 0.01560113 0.0151238 0.01413915 0.00876272 0.0001612903
0.1752337 0.1444895 0.1203984 0.1081307 0.1028477 0.1225028 0.1886393 0.1945495 0.1748285 0.2292352 0.2389081 0.1811334 0.1810429 0.2031097 0.2153474 0.2236183 0.2758373 0.2596952 0.2569509 0.1675904 0.1369067 0.1671569 0.1505662 0.1001051 0.1443352 0.1154848 0.1055627 0.1134595 0.08231725 0.1463343 0.1127228 0.1186093 0.1171402 0.07767712 0.07744621 0.09715682 0.08425289 0.1162379 0.1646712 0.1805887 0.246733 0.3878519 0.1887345 0.1448324 0.1501097 0.05521044 0.05708212 0.04492708 0.03865659 0.04341053 0.03423325 0.02048387 0.001532258 0.00108871 4.032258e-005 0.002298387
0.1619514 0.1690373 0.1062831 0.1043868 0.1208767 0.1144059 0.1630107 0.1750917 0.1573327 0.2023071 0.1881104 0.151882 0.2020079 0.1982497 0.2067381 0.2385885 0.2578241 0.2870075 0.2641602 0.2206047 0.1545691 0.1321424 0.1356805 0.1300388 0.14462 0.1632893 0.1083184 0.1161938 0.09693542 0.1125869 0.1136224 0.1033444 0.1232397 0.1387462 0.163482 0.1566318 0.1126478 0.08811343 0.1067479 0.1823673 0.2955841 0.1833026 0.1440926 0.09919091 0.08318701 0.05259828 0.04816527 0.03690314 0.04602528 0.0601362 0.03614177 0.04197581 0.03850807 0.01064516 0 0
0.2126177 0.157307 0.1500353 0.1498315 0.1324053 0.09975941 0.1151104 0.1495601 0.1752633 0.1957505 0.2037753 0.1438866 0.1834136 0.1928893 0.1819416 0.2268352 0.2056743 0.2510017 0.2495339 0.2247576 0.2137102 0.1584828 0.1247559 0.1079717 0.137263 0.1294131 0.1558774 0.1235747 0.1125568 0.08001806 0.09451825 0.1329926 0.1575835 0.1809995 0.1790517 0.2036157 0.1249489 0.09547976 0.1242007 0.1721516 0.2656383 0.1627328 0.1063476 0.1136871 0.06196396 0.05158942 0.06169869 0.04332038 0.04887284 0.05390238 0.06069601 0.05008065 0.03278226 0.01766129 0.004959677 0.00266129
0.2305005 0.1589834 0.208415 0.2045273 0.1476171 0.1368126 0.1483902 0.1730405 0.1484221 0.1624438 0.1839903 0.151715 0.151588 0.1790329 0.2057819 0.2258471 0.2655649 0.2805398 0.1828684 0.1957136 0.230498 0.1631666 0.1314857 0.1711133 0.1921614 0.1453168 0.2011454 0.20612 0.2019996 0.1213044 0.1082157 0.1144299 0.1091035 0.1797642 0.1468914 0.2206265 0.1829438 0.1667418 0.1384743 0.1547366 0.1714632 0.1039973 0.1228715 0.1331312 0.06630827 0.05279408 0.05593678 0.07718336 0.0711977 0.05923248 0.07974601 0.04693548 0.01673387 0.01741935 0.008870968 0.006209677
0.2342291 0.207416 0.212409 0.2067376 0.1842676 0.1370305 0.1105717 0.1609469 0.1617745 0.1826523 0.1588285 0.1429989 0.1392663 0.1628 0.2196058 0.253911 0.2349534 0.2250256 0.2001144 0.1927462 0.2497865 0.2010615 0.1888535 0.148039 0.2225429 0.1921491 0.1960897 0.1986075 0.163187 0.1412145 0.1367076 0.1258231 0.1189604 0.1292719 0.1328641 0.1127677 0.1481505 0.1446192 0.122327 0.1462848 0.1503271 0.09848878 0.09633414 0.1095624 0.08670357 0.1046049 0.07204518 0.05629139 0.06044726 0.06347451 0.06967461 0.03790322 0.02947581 0.03399194 0.02818548 0.01125
0.2391097 0.1713077 0.2284938 0.1979548 0.1827348 0.1339525 0.1297345 0.1688293 0.1933727 0.1808525 0.1558815 0.1251356 0.1378469 0.1647886 0.1576678 0.2460269 0.2364082 0.263758 0.2178877 0.2158616 0.2298639 0.2453901 0.2184971 0.18459 0.2145084 0.2158471 0.2855856 0.2562745 0.1968388 0.1631035 0.1523732 0.1654666 0.1635662 0.1568409 0.1950767 0.1640448 0.158718 0.1747363 0.1230674 0.1567114 0.191848 0.1453289 0.08158815 0.1131733 0.1139096 0.1215011 0.08954781 0.08462746 0.06839696 0.06664747 0.06483296 0.03576613 0.05826613 0.04294355 0.06197581 0.03870967
0.1867947 0.1660143 0.223913 0.1705808 0.1302527 0.1361582 0.1320856 0.1626445 0.1692525 0.1911383 0.149439 0.1662444 0.1981932 0.2047983 0.1830045 0.2409019 0.2405609 0.265605 0.2092394 0.2098134 0.2161936 0.2645732 0.259317 0.2140542 0.2452381 0.2397151 0.2305532 0.2540472 0.2124924 0.1696379 0.2011882 0.1979859 0.1744401 0.1411466 0.1715323 0.2291735 0.1849336 0.1758028 0.1323552 0.2408882 0.1848517 0.1133282 0.07680129 0.09433674 0.08289774 0.09396479 0.09764828 0.06804473 0.1158699 0.07425183 0.05515642 0.02379032 0.02141129 0.02528226 0.05189516 0.04318548
