contrib/geomasonDemos/riftland/riftlandData/RainData/.svn/text-base/120.txt.svn-base
ncols         56
nrows         54
xllcorner     28.264
yllcorner     -5.7719999999999
cellsize      0.25
NODATA_value  -9999
[rows 0 to 26 of 54, columns 0 to 55 of 56]
0.0198309 0.02212804 0.02500088 0.03430894 0.03663995 0.03888622 0.04110987 0.04354543 0.0449085 0.04608915 0.04645706 0.04903007 0.04844221 0.04804595 0.05408518 0.06097205 0.07546934 0.07565058 0.09774112 0.04410658 0.04392461 0.08086412 0.04410757 0.06921634 0.03451308 0.04080039 0.03995156 0.02694464 0.03771868 0.02988618 0.02169547 0.006084207 0.00392483 0.001846066 0.0007867445 0.001287505 0.0003382618 0.0004016395 0.0003169037 0 0.0006698741 0.0007496644 0.0006256385 0.0007196958 9.026447e-005 0.0002907526 7.528041e-005 0 0 8.506811e-006 0 0 0 0 0 0
0.02155058 0.02423619 0.02746767 0.03726361 0.03990716 0.04234683 0.04470211 0.04734582 0.04880085 0.04967719 0.05103014 0.05178142 0.05226644 0.05196238 0.05565051 0.08921848 0.112456 0.1015193 0.04546149 0.06674238 0.04975522 0.06240983 0.07205278 0.06581062 0.03512805 0.02232934 0.02156288 0.01838248 0.01962383 0.015671 0.01588552 0.01039369 0.003768251 0.0021073 0.0008232942 0.0006972876 0.000220566 0.001612178 0.0003119331 0.0006676319 0.0008851498 0.0006587537 0.000626408 0.0001820801 7.09119e-005 0.0003577509 0.0002614431 0 0 0 0 0 0 0 0 0
0.02308144 0.02610123 0.02958611 0.03917776 0.04193095 0.04471103 0.04712146 0.04993394 0.05141278 0.05223863 0.05456623 0.05789849 0.06599894 0.06743873 0.0632782 0.09682897 0.06679632 0.08096951 0.04429952 0.04500505 0.06490594 0.08579461 0.06227347 0.04107101 0.02876068 0.02584959 0.0206477 0.0191661 0.02249193 0.0246356 0.012334 0.005486619 0.00510266 0.001826835 0.0006102086 0.0006732267 0.00033664 0.001593531 0.0003544636 0.0009278581 0.0009956367 0.000720139 0.000704649 0.0004590588 0.0004419031 0.0004428318 0.0008387882 0 0 0 0 0 0 0 0 0
0.02990111 0.04351847 0.0516405 0.04494171 0.04369654 0.04671635 0.04925439 0.05183914 0.05425682 0.05416494 0.05444629 0.05480069 0.06671739 0.06638901 0.05551513 0.06111505 0.06056995 0.05614422 0.05503652 0.05282209 0.0421474 0.05141784 0.03750672 0.02826059 0.0265231 0.04919365 0.07148771 0.07422601 0.03056262 0.01023713 0.007355144 0.005347415 0.002789728 0.001048165 0.0002011027 0.001839647 0.001091228 0.0008000534 0.0008423138 0.0002526498 0.0007255922 0.0007263817 0.0006114707 0.0004086747 0.000296093 0.0003125638 0.0008373735 0 0 0 0 0 0 0 0 0
0.02999626 0.05500133 0.04874355 0.04406612 0.04491882 0.04808928 0.05640327 0.05773458 0.06398456 0.05561979 0.05579039 0.05604652 0.06878453 0.06707847 0.059211 0.06405426 0.05736076 0.05374264 0.1013339 0.05824951 0.05505368 0.04209805 0.04834501 0.03553359 0.08493205 0.1207402 0.07319567 0.09522028 0.02836703 0.009854714 0.007608339 0.004215417 0.002253077 0.0006822811 0.0002166838 0.0009243004 0.001638667 0.0005400881 0.0008196352 6.32263e-005 0.0005768847 0.0004103825 0.0003945476 0.0001261366 8.837014e-005 0.0004053537 0.0001705325 0 0 0 0 0 0 0 0 0
0.05026466 0.0329906 0.04795074 0.04249533 0.0468627 0.05179258 0.05663273 0.05609093 0.05753265 0.05583789 0.05777853 0.0557921 0.06035669 0.06178198 0.05990392 0.05789918 0.05715144 0.05555143 0.06011546 0.05079203 0.04458781 0.03866202 0.03463389 0.04094249 0.09766863 0.05387613 0.02565332 0.01519789 0.01470959 0.01874681 0.006732977 0.00393417 0.002027281 0.0005467448 8.416422e-005 0.004028677 0.001446788 0.0008760226 0.0004580189 0.0004839647 9.31097e-005 0.0001689709 0.0003556042 0 4.645679e-005 0.0001027655 0 0 0 1.317674e-005 0 0 0 0.0006709443 0 0
0.02721241 0.03157626 0.0408454 0.04106752 0.0485217 0.05249546 0.05288311 0.05849667 0.05981144 0.05491133 0.05684242 0.05892563 0.06035091 0.06149139 0.05790609 0.06028076 0.06239672 0.06742742 0.06096338 0.04832133 0.050125 0.04760955 0.04993182 0.03988032 0.02450864 0.02116766 0.03852843 0.0188064 0.02069436 0.02185582 0.01295723 0.005770845 0.002546341 0.01418908 0.001333142 0.004303474 0.002613225 0.001064049 0.0007147031 0 0.0008545602 0.0004778116 4.448622e-005 0 4.979268e-005 0.0001647024 6.208111e-005 0 0 0 0 0 0.001519376 0 0 0
0.02503274 0.03057491 0.03811804 0.0466543 0.0513606 0.04631362 0.05300435 0.05360628 0.0534839 0.0579491 0.06431205 0.07318588 0.0742452 0.07474877 0.07413302 0.07650415 0.08091953 0.07447185 0.07559047 0.06239892 0.05836734 0.1005226 0.06867893 0.04433049 0.04586381 0.01994591 0.03571903 0.02243918 0.0185596 0.02798371 0.02438723 0.01711175 0.02316509 0.005593329 0.0001634152 0.0005209395 0.0003484135 0.003840055 0.0003537953 0.0008230807 0.001722706 0.001418904 0.001150406 0 0.0002379365 0.0002591987 0 0.00307369 0.00256206 0 0 0 0 0 0 0
0.02531309 0.02788393 0.03280219 0.03888479 0.04780263 0.04823779 0.04821386 0.05139077 0.05741387 0.05973546 0.06210385 0.07315606 0.07429195 0.07309648 0.07304862 0.07657506 0.07599008 0.07584801 0.07410023 0.05464891 0.05152149 0.08284273 0.06908768 0.04210225 0.06184155 0.02525665 0.02409899 0.05699378 0.03202474 0.03543206 0.0389006 0.02206062 0.01023996 0.0009101111 0.000389106 0.0005915376 0.0003907933 0.0005574713 7.472835e-005 0.002583755 0.0001604198 0.001199391 0.003189635 0.0004847672 0.0003519947 0.0002205663 0 0.00105917 0.006151075 0 0 0 0 0 0 0
0.01956493 0.0286183 0.03216535 0.03875868 0.04125604 0.0506887 0.04662725 0.04904014 0.04992776 0.0523639 0.0521148 0.0739725 0.07177587 0.07177096 0.0714886 0.07861124 0.07341682 0.07426466 0.07354819 0.05356382 0.0538397 0.06486069 0.04290647 0.0404098 0.03424385 0.02133395 0.05353061 0.06196231 0.04676552 0.06690133 0.0444117 0.01893089 0.006779439 0.0008139935 0.0001134732 4.023149e-007 3.783677e-007 3.566632e-007 0.001026622 0.001169865 0 0.002630439 0.002007053 0.00063429 0.0005769875 0 0 0 0 0.0001115347 0 0 0 0.0007470995 0 0
0.03135163 0.04050932 0.02942667 0.03434365 0.03755454 0.04199846 0.04541866 0.04660656 0.04809634 0.05400071 0.05343181 0.07084261 0.07428786 0.07243734 0.0697514 0.0732657 0.07322215 0.07001086 0.0754845 0.06157304 0.06130435 0.05273971 0.04510566 0.03180486 0.02591848 0.02754625 0.05927989 0.04785821 0.04191019 0.106091 0.0680368 0.03209399 0.001833011 0.0004897739 3.599101e-005 0.01037504 0.000226026 0.00138181 0.001518102 0.002242796 0.0003233243 0.0006997912 0.002120066 0 0 0 0 0 0 0 0 0 0 0 0 0
0.01725904 0.03461878 0.02728851 0.03140933 0.03618107 0.04359461 0.04265183 0.04556255 0.04653081 0.05099086 0.05521084 0.07821231 0.07322907 0.07115364 0.07719868 0.07464609 0.07237466 0.06862348 0.06989457 0.06457395 0.05010774 0.04494846 0.03679238 0.04236942 0.0389225 0.05643623 0.05952796 0.06541945 0.04965617 0.09462702 0.1294034 0.08714155 0.002509737 0.0004228018 0.0002746649 0.02074426 0.0002666506 0.0003621939 0.0002820879 0.0008523575 0.000245291 0.0006515299 0.0007376884 6.700731e-005 3.958344e-005 2.447059e-005 2.168038e-005 2.125276e-005 1.817668e-005 1.874625e-005 2.291301e-005 1.750725e-005 2.018198e-005 2.400785e-005 2.88824e-005 4.58694e-005
0.01036227 0.017173 0.02540633 0.02901541 0.04034289 0.04442205 0.04622696 0.05090468 0.04441877 0.04599228 0.05120111 0.07697839 0.06790598 0.06694815 0.07025192 0.07110634 0.08744608 0.07186237 0.0722001 0.05565358 0.06119704 0.04853233 0.05562875 0.07563002 0.08417411 0.06543011 0.05210116 0.03044964 0.05302687 0.06191987 0.06854761 0.009773566 0.0005601799 0.0004933596 0.001214523 0.001142807 0.0007876126 0.0004413331 0.0003854455 0.001035563 0.0003033614 0.0006144916 0.001102269 0.0001206845 5.547302e-005 3.420113e-005 3.034562e-005 2.978971e-005 2.544248e-005 2.620227e-005 3.207041e-005 2.443949e-005 2.823085e-005 3.363695e-005 4.038639e-005 9.983577e-005
0.009348647 0.0394292 0.05004786 0.02736861 0.06189221 0.04668033 0.05123746 0.05264804 0.0538459 0.04156337 0.05453552 0.07374125 0.06799817 0.07180726 0.0718456 0.07208645 0.07879646 0.08744437 0.07140369 0.05314584 0.05096086 0.08501763 0.1012278 0.09012311 0.07627012 0.03599945 0.01876248 0.009381133 0.05342561 0.06304216 0.0772613 0.01625704 0.001938413 0.00234949 0.00056844 0.001247302 0.0005975112 0.0006166786 0.0005970984 0.001264426 0.0005476815 0.0004846481 0.001524734 0.0001976774 0.02218457 0.0001000158 8.823669e-005 8.555924e-005 7.226002e-005 6.80187e-005 7.36484e-005 5.086056e-005 5.469213e-005 6.009561e-005 6.767138e-005 0.0001019819
0.02383764 0.01463841 0.100091 0.04394805 0.09097078 0.08707409 0.0464537 0.05313689 0.05364044 0.06040047 0.05833039 0.07686778 0.07174382 0.08202702 0.07127162 0.06957937 0.07231268 0.08233821 0.09478194 0.08791023 0.05231018 0.06265645 0.06873901 0.05301438 0.0420796 0.02433411 0.01163347 0.009744609 0.008524948 0.04371629 0.04842854 0.01948293 0.006739049 0.01123716 0.0006898355 0.0008174876 0.0009429166 0.001039023 0.0009785654 0.006906208 0.0009419458 0.0008543262 0.002050627 0.0007622691 0.01011797 0.0007009574 0.0009193664 0.0008586245 0.0004946503 0.0001441942 0.0001476398 9.644269e-005 9.926521e-005 0.000103448 0.000110277 0.0001588047
0.01878332 0.01277938 0.02011977 0.04645622 0.04643081 0.03609357 0.049458 0.06140812 0.05084642 0.0680859 0.06171047 0.07829488 0.09728066 0.08994181 0.0433308 0.06072793 0.07094455 0.09302345 0.1003602 0.05702029 0.03894991 0.03443607 0.03495519 0.03738126 0.06161054 0.06902224 0.02064824 0.008219251 0.007042114 0.05735806 0.05261872 0.08036746 0.0650833 0.003566999 0.002499994 0.001711134 0.001754665 0.001866505 0.001851771 0.002185783 0.002631553 0.003273425 0.002331567 0.00191157 0.01013267 0.002637892 0.002759006 0.002530386 0.001807061 0.001026645 0.0002903385 0.0001516695 0.0001532215 0.0001567152 0.0001632066 0.0001699193
0.03131772 0.02130898 0.01404409 0.03748231 0.03159639 0.03719997 0.08021703 0.09128124 0.06438804 0.07389499 0.07319719 0.1756312 0.2331914 0.1225238 0.08773193 0.0874925 0.2099438 0.3737183 0.165517 0.05872056 0.05877295 0.03671957 0.03814964 0.03055161 0.079903 0.07560521 0.02431845 0.006927309 0.005983408 0.05310564 0.06026085 0.09576374 0.004013627 0.003758218 0.003290424 0.002869482 0.002707283 0.06959482 0.04117904 0.005011795 0.004344476 0.004781446 0.00615221 0.003502033 0.04743277 0.004649206 0.005386898 0.003558802 0.002709501 0.001777296 0.0008971604 0.0002179867 0.0001999367 0.0002018117 0.0002075228 0.0002134985
0.0198309 0.02646107 0.03162843 0.06705606 0.05071351 0.0587214 0.1267921 0.2137372 0.06942913 0.09423804 0.08538782 0.2238534 0.2707799 0.2134737 0.1562026 0.1434247 0.08193994 0.2482067 0.3711065 0.1142882 0.07753489 0.03649341 0.03041464 0.0205614 0.0476336 0.03993347 0.006206506 0.006320104 0.002793736 0.01122885 0.0241415 0.06200824 0.08595768 0.002501887 0.00240786 0.002187383 0.002685493 0.112027 0.108836 0.03801557 0.004124179 0.004392015 0.003938856 0.003139048 0.004910829 0.006166893 0.005285423 0.002687022 0.001977707 0.0006318349 0.0004229602 0.0002465135 0.0002478749 0.0002510894 0.0002554769 0.000260355
0.04819702 0.03072824 0.07107903 0.08947146 0.05245805 0.04653101 0.09995794 0.1081045 0.06292906 0.07326008 0.1575003 0.1725154 0.298844 0.4181064 0.1663745 0.2295868 0.121168 0.1103443 0.1328686 0.09950548 0.051228 0.0322894 0.03250117 0.01507899 0.008788302 0.006596944 0.006210148 0.004561455 0.003137464 0.004050899 0.001237906 0.02105427 0.1037579 0.002077543 0.002440734 0.002425005 0.002721435 0.02279076 0.08475896 0.05669262 0.003702256 0.004697275 0.003444128 0.01863636 0.006122841 0.002730892 0.02143263 0.04312282 0.01359845 0.0007877544 0.0004969884 0.0002927743 0.0002983251 0.0003026856 0.0003065277 0.0003114141
0.2225064 0.1600046 0.1725542 0.2379054 0.1251142 0.04373844 0.08504793 0.1384528 0.1045495 0.07509337 0.1380025 0.139872 0.2860855 0.2498937 0.1956544 0.2747564 0.1315672 0.1044873 0.05855322 0.1405872 0.06923368 0.02257634 0.02212129 0.02008579 0.02279156 0.03224626 0.01359385 0.006418854 0.008836759 0.004439933 0.00645286 0.001605867 0.01199939 0.01993646 0.01748513 0.002513562 0.00277737 0.002911859 0.04176393 0.04404728 0.01002776 0.004140031 0.003058913 0.01673991 0.009558463 0.002760808 0.01265387 0.004949016 0.002661894 0.001044296 0.001114086 0.0005077113 0.0005737316 0.007370254 0.0004757756 0.000449372
0.2363179 0.1309127 0.1881003 0.292583 0.2305832 0.06155225 0.06383152 0.08277304 0.1412076 0.1297998 0.1575658 0.1067578 0.1207734 0.2363397 0.4111341 0.2302106 0.118579 0.08988905 0.03476895 0.04993134 0.09113688 0.03203278 0.03290423 0.01574472 0.01372225 0.01336419 0.008803775 0.01013518 0.01224574 0.008548642 0.00300466 0.001899144 0.007010454 0.03971491 0.02004324 0.002772872 0.008490543 0.003129679 0.003047721 0.003425769 0.00335288 0.01328107 0.02322821 0.002385143 0.001993741 0.001929636 0.009696944 0.0188804 0.003992279 0.001171989 0.001251397 0.0006208 0.0007417125 0.007556242 0.006796179 0.008382554
0.3045653 0.07173578 0.1427494 0.3927688 0.3746902 0.2273168 0.05360387 0.05057829 0.0537263 0.05290882 0.07756935 0.07184879 0.08116732 0.3168473 0.4002838 0.1916141 0.1855589 0.0941279 0.064541 0.05957551 0.06696745 0.0616961 0.1008586 0.03738189 0.02967069 0.01977549 0.006116846 0.014786 0.009017013 0.008523887 0.00853999 0.003604284 0.003543141 0.01183703 0.003828275 0.005218172 0.03068469 0.02029519 0.01589548 0.005816585 0.04698422 0.02898433 0.02121203 0.004904086 0.002454142 0.001946339 0.006838195 0.007514373 0.01029951 0.005744905 0.003454981 0.006331022 0.003497465 0.000668905 0.006782117 0.007939979
0.4277885 0.1554399 0.07768226 0.1732016 0.1391173 0.2504222 0.1832232 0.1379174 0.02693975 0.03262324 0.03502072 0.1174853 0.05452596 0.1596723 0.2125014 0.1496672 0.2094893 0.05486508 0.04361925 0.07999605 0.05421341 0.06241959 0.07555663 0.0930398 0.1133851 0.03144946 0.02745934 0.0258958 0.034944 0.01289154 0.01439194 0.0109751 0.006880152 0.007001513 0.009992022 0.009641897 0.009929458 0.009682471 0.03740235 0.0106218 0.07329382 0.01834036 0.01210489 0.01118012 0.005517529 0.002374808 0.00220917 0.003130443 0.001852164 0.001895686 0.003612803 0.01058756 0.001283736 0.003004276 0.02034971 0.02517938
0.3278385 0.1838397 0.1554702 0.1427155 0.1172399 0.1297212 0.2420706 0.2420403 0.06078102 0.02433037 0.1555627 0.1973886 0.1156423 0.1013497 0.0936944 0.07918371 0.08521077 0.04883676 0.06101887 0.06108291 0.03150719 0.05475848 0.0527056 0.0581677 0.03884825 0.0351295 0.03982717 0.04142591 0.06673028 0.0436006 0.01765199 0.01603413 0.01066814 0.01243726 0.01118824 0.02121479 0.02172981 0.02090898 0.02570169 0.01793259 0.01723742 0.01309953 0.01067479 0.004715299 0.005513367 0.0533613 0.002021047 0.001897923 0.002227865 0.002571313 0.003174757 0.0225466 0.01857968 0.01022223 0.005211514 0.04380835
0.2377117 0.234539 0.2381158 0.2175094 0.1135982 0.06961858 0.09395989 0.1453636 0.0439797 0.01748095 0.1030331 0.1591631 0.1047462 0.04179854 0.06143581 0.07055147 0.1904694 0.1484596 0.05237597 0.05965474 0.06072695 0.05435221 0.05379616 0.06006053 0.03763079 0.03777851 0.02693671 0.05120665 0.05927187 0.05047439 0.0277512 0.02621388 0.02037318 0.03889504 0.03339895 0.05535816 0.05235598 0.02861907 0.05285104 0.07924765 0.03006008 0.01828748 0.01842562 0.006590255 0.004649622 0.00403214 0.01195936 0.008132689 0.003617576 0.004024619 0.002032742 0.01442683 0.03141402 0.01901306 0.02354434 0.03515663
0.2818246 0.2933101 0.1507534 0.1643638 0.1563622 0.06258474 0.09880076 0.09438339 0.03735021 0.01635136 0.01450452 0.05257259 0.1198873 0.0398587 0.04877557 0.06263609 0.1512985 0.08644056 0.07108285 0.04404709 0.0529438 0.06389343 0.08766271 0.07861221 0.0866835 0.09374695 0.02494563 0.03015678 0.1233843 0.0988782 0.04334119 0.03401494 0.0397497 0.04497532 0.04928722 0.05890217 0.0897728 0.05649298 0.04214183 0.07875989 0.08608728 0.03018312 0.02181546 0.01020863 0.008417516 0.005822927 0.04649156 0.0388318 0.02358899 0.01612445 0.008204247 0.0165756 0.02354133 0.04296112 0.03309048 0.0249684
0.3154996 0.2771566 0.1772053 0.1383624 0.08677521 0.08578252 0.05107696 0.110543 0.03747338 0.02726029 0.02030504 0.07007381 0.08133346 0.05994579 0.07277104 0.1243045 0.08997463 0.08628844 0.07406404 0.07439919 0.07317967 0.1109031 0.1158645 0.07441625 0.09235175 0.08567293 0.07268354 0.05627225 0.06683821 0.0868203 0.0721067 0.05022493 0.06015272 0.03547371 0.0584815 0.04958388 0.1065581 0.07235305 0.06671441 0.04460118 0.05060357 0.05410798 0.06443924 0.01627733 0.0232847 0.04613169 0.05073143 0.01745168 0.0373856 0.02834602 0.01518939 0.02649993 0.01842574 0.03227812 0.04301417 0.02188746
