contrib/geomasonDemos/riftland/riftlandData/RainData/.svn/text-base/128.txt.svn-base
ncols         56
nrows         54
xllcorner     28.264
yllcorner     -5.7719999999999
cellsize      0.25
NODATA_value  -9999
[rows 0 to 25 of 54, columns 0 to 55 of 56]
0.200682 0.2159088 0.2531717 0.2902962 0.203261 0.136519 0.1133789 0.09538866 0.1047737 0.2111461 0.1885792 0.1809731 0.1988016 0.1801557 0.1639624 0.1531903 0.1774056 0.187387 0.2075415 0.222985 0.1631419 0.18513 0.1694178 0.2081109 0.2396629 0.165556 0.1061337 0.159442 0.1811916 0.2088286 0.1976807 0.220416 0.1923911 0.1939946 0.2057863 0.2073829 0.1342021 0.123359 0.08889877 0.09329442 0.07785764 0.09878672 0.1398018 0.1702816 0.1919678 0.2455715 0.1890729 0.1123135 0.06785969 0.0709224 0.05780497 0.03793794 0.02307033 0.01519907 0.01092905 0.0127533
0.2283054 0.2123139 0.2004883 0.213677 0.1865388 0.1183949 0.1131678 0.1762784 0.1249152 0.1660073 0.1784274 0.1434734 0.1208139 0.1142629 0.1724793 0.2275676 0.1612252 0.2098658 0.1808927 0.18914 0.1996334 0.2454233 0.2469815 0.2999697 0.2153182 0.1521496 0.1162951 0.1840757 0.2139512 0.2242844 0.2115371 0.1937822 0.1518492 0.1430035 0.1589726 0.1495617 0.1155278 0.08769671 0.09276385 0.07109962 0.07259491 0.1043921 0.1345446 0.1834454 0.1518527 0.1672216 0.1315324 0.1084847 0.09981001 0.09490135 0.05132195 0.02170684 0.01267864 0.01484264 0.01364608 0.01642248
0.2549565 0.2640491 0.2324809 0.2388147 0.1834934 0.1328277 0.150563 0.1881639 0.1262388 0.1214165 0.1061703 0.1374211 0.1535416 0.1748122 0.1899244 0.1887261 0.1598602 0.2057807 0.1269436 0.1727616 0.1539591 0.2679357 0.2074869 0.237889 0.2002364 0.1772768 0.1967295 0.1837429 0.1496411 0.1877818 0.1854126 0.1852788 0.1712002 0.1400981 0.1535159 0.1987214 0.202047 0.1248934 0.09544976 0.08761343 0.08343522 0.09591377 0.1085258 0.1464241 0.1376335 0.1505188 0.1292662 0.0735315 0.06578179 0.0299803 0.02098922 0.009823816 0.02539429 0.02635699 0.02864012 0.04366197
0.2736547 0.2483333 0.219609 0.2311098 0.1800748 0.1204485 0.1509639 0.1488648 0.1061776 0.1173182 0.1468862 0.171931 0.1608032 0.1595269 0.1527072 0.1959022 0.1649143 0.1626159 0.1308386 0.2095649 0.1906076 0.197832 0.2054611 0.2777952 0.1704642 0.1524491 0.1646451 0.196949 0.1537621 0.1555287 0.1892608 0.1601061 0.1518575 0.1449015 0.1517558 0.1695038 0.1734341 0.1446429 0.08303738 0.06127734 0.07237949 0.120242 0.1378838 0.1779937 0.1057108 0.06661006 0.05454052 0.05497967 0.03671642 0.01369407 0.01082518 0.01958276 0.02688198 0.03088027 0.03813245 0.04086596
0.259839 0.2191391 0.1940261 0.1829181 0.1616845 0.1360166 0.1425188 0.1260593 0.1602735 0.1311224 0.1273856 0.1755279 0.146869 0.1853814 0.1447874 0.1932414 0.199539 0.1750043 0.242215 0.2883665 0.239457 0.2479254 0.2248705 0.228595 0.1699381 0.1384181 0.1011273 0.1049627 0.103186 0.0930046 0.1272051 0.1485413 0.1518981 0.1553882 0.1202559 0.1383304 0.1534747 0.08657294 0.0424796 0.04561079 0.06697831 0.1168491 0.09575225 0.09105031 0.05648702 0.03094352 0.03064964 0.02633315 0.0363305 0.01415676 0.01059873 0.01895012 0.03156269 0.01865138 0.01245371 0.01291541
0.2397811 0.2587533 0.2320641 0.1845901 0.1766888 0.141306 0.1332838 0.1108038 0.1450968 0.1595341 0.1452938 0.1935266 0.1570945 0.2012394 0.1759728 0.2543871 0.2071595 0.1636287 0.2257237 0.281993 0.2823314 0.2708413 0.2682164 0.2390013 0.2067532 0.146936 0.08453023 0.0982364 0.09524837 0.0908842 0.1205729 0.1166375 0.1255919 0.1450668 0.1211793 0.1277695 0.1211036 0.06895615 0.03354663 0.04188711 0.09139419 0.08712734 0.06657971 0.0381571 0.02829026 0.02535924 0.01613263 0.01603702 0.004957584 0.003548156 0.005380963 0.01197161 0.01010835 0.006161127 0.005686223 0.00666489
0.31375 0.3914972 0.3638736 0.2707204 0.1845675 0.1550848 0.09528127 0.1077812 0.156168 0.1872502 0.2480473 0.2667846 0.2309859 0.2462306 0.2619871 0.1938262 0.1210689 0.1246866 0.122544 0.1697083 0.2103215 0.2255637 0.2341285 0.2236481 0.2290726 0.1841377 0.1220576 0.08002955 0.07114621 0.06244114 0.06858213 0.09453091 0.1075343 0.1408498 0.09126568 0.09035813 0.06944197 0.05047512 0.0311118 0.05401517 0.05002068 0.05517985 0.04161633 0.02925423 0.02169253 0.01452005 0.005459161 0.007003803 0.01408867 0.006804244 0.003985403 0.002754484 0.004464715 0.004353241 0.005626296 0.005191762
0.4602034 0.5502463 0.5505779 0.2859828 0.1998828 0.1241532 0.1259559 0.1378875 0.1403695 0.1789942 0.2259155 0.1820495 0.1663 0.1772237 0.1950436 0.1633948 0.1288188 0.1666187 0.1294007 0.216916 0.1732407 0.1743926 0.1669682 0.2082214 0.2136671 0.2029311 0.1595578 0.07247027 0.04045731 0.075553 0.06234304 0.06757703 0.08346236 0.1232472 0.09005474 0.09140665 0.06199781 0.05397518 0.0607339 0.03878727 0.02798249 0.02694763 0.02708475 0.01370905 0.01106863 0.01064348 0.005597538 0.004520029 0.004512904 0.004969897 0.007817077 0.001102652 0.004379475 0.001394552 0.001727915 0.002011684
0.3262214 0.4430554 0.4877709 0.2715753 0.1743026 0.1393546 0.2000366 0.1634359 0.1839773 0.2061258 0.1823515 0.1791967 0.1757977 0.1434434 0.1255439 0.1290713 0.1233502 0.1618793 0.1933239 0.2638607 0.2286083 0.1804609 0.1484061 0.1665657 0.184102 0.1418728 0.07676829 0.04970187 0.03449026 0.05098983 0.04032698 0.05357384 0.07846723 0.0696638 0.08642536 0.1001324 0.06423802 0.04524937 0.05244562 0.03244824 0.02823574 0.01854497 0.01797477 0.007630275 0.004593899 0.004517165 0.004093523 0.003656451 0.003468907 0.003731451 0.004366862 0.00375321 0.004315095 0.004573076 0.004999077 0.001575755
0.429552 0.3709191 0.4266515 0.2883789 0.1508811 0.1781749 0.210334 0.2563587 0.2296835 0.1882125 0.1451263 0.1277258 0.1333211 0.1108028 0.1078359 0.1039956 0.1626214 0.1538826 0.1453373 0.1298975 0.171228 0.1509655 0.09032963 0.1017729 0.098212 0.07691714 0.05050128 0.05129892 0.03360437 0.05812857 0.02449649 0.02690301 0.07323078 0.06487525 0.0488537 0.06510309 0.050974 0.02600003 0.03163472 0.02614151 0.02493713 0.01693303 0.01446795 0.005074762 0.003497409 0.002891548 0.002969101 0.002835129 0.002770731 0.002957418 0.005751564 0.0006557456 0.004192744 0.004089195 0.00104967 0.00123762
0.636127 0.2923504 0.2080998 0.1541717 0.14959 0.1998391 0.2065891 0.1846243 0.1825824 0.1596576 0.1760053 0.1142393 0.1305253 0.1188574 0.1412118 0.1536405 0.1572857 0.1072164 0.1216701 0.1592303 0.1517233 0.11331 0.0914911 0.09282204 0.06694986 0.05136602 0.03488438 0.05403833 0.03169988 0.01265681 0.009808215 0.0103474 0.0210758 0.03922515 0.04336854 0.04546784 0.02571117 0.02009528 0.0237735 0.01783612 0.01840069 0.01732435 0.01008704 0.005631715 0.005768569 0.003974121 0.00320639 0.00266117 0.002545129 0.002644656 0.005176953 0.00419475 0.0006090191 0.0006895319 0.00080466 0.002189765
0.335947 0.4434211 0.3467744 0.2121806 0.1667359 0.1297224 0.1592071 0.1661149 0.1464458 0.1718937 0.1864378 0.1645671 0.1411077 0.09641307 0.09959497 0.1626453 0.07654233 0.1166878 0.1198089 0.1770002 0.2500804 0.1684937 0.1179312 0.08922893 0.06829968 0.03222734 0.02610922 0.02337951 0.007229388 0.002503046 0.003177397 0.008862257 0.01050761 0.01024115 0.01444313 0.02780778 0.01616311 0.01349861 0.01114887 0.01008528 0.009060773 0.008903341 0.007588007 0.006093602 0.007395901 0.003586155 0.004013177 0.003213582 0.003013848 0.005143626 0.003245167 0.0008434749 0.0008916488 0.0009882146 0.002291129 0.004207356
0.280389 0.3207155 0.3607569 0.2866776 0.209177 0.1772726 0.1786636 0.2547632 0.1812034 0.1382765 0.1653818 0.1841117 0.1197918 0.0753677 0.07780357 0.09988767 0.07946108 0.08702938 0.1146821 0.1522025 0.1972681 0.1753451 0.09976418 0.08470588 0.04999381 0.04129571 0.02799914 0.007761934 0.001634778 0.001672456 0.00219404 0.005042712 0.005860822 0.01078202 0.007998548 0.01424172 0.009581681 0.01156432 0.01009033 0.009697262 0.008684613 0.007308702 0.00530549 0.005696048 0.004184674 0.003258092 0.003011849 0.002984474 0.002718316 0.00260936 0.002646045 0.0006510572 0.001238619 0.00255477 0.003808966 0.005424819
0.2956717 0.2807535 0.3019106 0.2252624 0.266672 0.2386101 0.2581542 0.2031095 0.1727112 0.1561503 0.1772716 0.1597964 0.1711853 0.1133913 0.1142551 0.1745279 0.1563077 0.1371298 0.1219433 0.1392181 0.1804571 0.1502984 0.1554454 0.07430319 0.03474512 0.01833316 0.01935661 0.001401533 0.001106492 0.001970909 0.001959827 0.003839752 0.004231902 0.004680142 0.005142412 0.006462205 0.00695667 0.006924596 0.006856467 0.00738434 0.006881049 0.007294513 0.004891292 0.005097693 0.003789153 0.003246165 0.002706126 0.003635154 0.004514914 0.002221204 0.008505686 0.01338033 0.01484119 0.00333573 0.009549823 0.01226471
0.3558403 0.2975017 0.2760187 0.3229466 0.3576386 0.2623052 0.1859523 0.1929374 0.2043887 0.1657946 0.1979216 0.227936 0.1667159 0.1071936 0.1250126 0.1173041 0.1623004 0.2239687 0.1787174 0.1048468 0.1025954 0.07828338 0.06508237 0.04744586 0.028352 0.005521087 0.00201513 0.001209822 0.001004642 0.001570515 0.00153346 0.003167407 0.004499326 0.003779503 0.004176085 0.005271561 0.005694637 0.005689555 0.005318096 0.004972583 0.005421795 0.005907108 0.003193615 0.004317764 0.003169554 0.002510488 0.002272705 0.002223874 0.001998635 0.005115163 0.009673847 0.01105763 0.02502041 0.03511095 0.04318634 0.0549869
0.3193 0.4121641 0.3058272 0.3063367 0.3227406 0.2162852 0.2118796 0.2714289 0.1710768 0.1896575 0.216486 0.2948776 0.3007734 0.2124455 0.1913838 0.1780461 0.09700389 0.1356113 0.1074723 0.07024456 0.1093868 0.08651502 0.04860591 0.04569326 0.02568981 0.01067688 0.003593987 0.002987497 0.002301266 0.001678896 0.001869427 0.003837613 0.003011589 0.003343468 0.003734741 0.004363141 0.004760162 0.004816628 0.004466392 0.004518493 0.004183752 0.003900932 0.003122261 0.001992212 0.001466454 0.001175357 0.000849129 0.0008508548 0.002788573 0.005087846 0.0006896454 0.001294514 0.007714747 0.01225303 0.008550294 0.008181085
0.3341449 0.5570617 0.3736863 0.2822984 0.2624814 0.2690676 0.3362028 0.3291575 0.2065713 0.1892988 0.1565683 0.2424068 0.2273003 0.20281 0.190038 0.1438164 0.1230952 0.1991676 0.08299839 0.1045811 0.1411934 0.1193263 0.07818501 0.05494618 0.01772741 0.007449027 0.003400217 0.00274286 0.00206264 0.001430122 0.001304 0.004454459 0.001914085 0.00210141 0.002417242 0.002950871 0.003264727 0.00330877 0.003122527 0.003220141 0.003049677 0.002736035 0.002345261 0.001163269 0.0008702662 0.000693062 0.0006357455 0.004629897 0.004832785 0.001062936 0.0005128703 0.002130621 0.007184113 0.00413772 0.004383232 0.005169189
0.4093209 0.4513079 0.4368083 0.3126085 0.2615176 0.3080422 0.3838028 0.272348 0.2432704 0.2259798 0.1664155 0.2223583 0.2146274 0.2049161 0.1911962 0.2144748 0.1971806 0.162055 0.1238628 0.105207 0.103988 0.09472212 0.06631295 0.05712752 0.03827382 0.02297596 0.01152448 0.006232752 0.002903839 0.002241821 0.001895194 0.02026808 0.01177633 0.001869134 0.001948665 0.002192222 0.00226737 0.002270051 0.002169528 0.002277015 0.00219016 0.003550126 0.002869294 0.000846884 0.0006843822 0.0005100445 0.0004680314 0.003500805 0.000421563 0.000393772 0.001099917 0.003297272 0.00529058 0.004445009 0.004480205 0.005070219
0.6292852 0.5809078 0.4740022 0.3811199 0.2971499 0.3663665 0.3673413 0.1918084 0.2109864 0.2512155 0.2341351 0.2890528 0.2990508 0.2577844 0.2581476 0.3133712 0.3167135 0.2327993 0.2184304 0.1348588 0.1404268 0.1219487 0.08174954 0.04394769 0.04396702 0.01822454 0.01798734 0.00615404 0.00495526 0.004047051 0.003516282 0.005890257 0.0123108 0.002663455 0.002386058 0.002272964 0.001952279 0.001760695 0.001664862 0.001725764 0.001644739 0.001476891 0.004098545 0.002392777 0.00195188 0.002111416 0.001844189 0.0003546389 0.01011861 0.0008772169 0.002654424 0.004179785 0.004858856 0.01361287 0.004744816 0.005171703
0.4700935 0.3752157 0.2977098 0.3123802 0.2876272 0.2529626 0.2286853 0.1822702 0.2468448 0.2614596 0.219096 0.1989636 0.2668101 0.3188279 0.3300825 0.4271583 0.4140641 0.4503281 0.4133739 0.2747973 0.2920234 0.2478054 0.1822325 0.0955478 0.06928246 0.04029186 0.0236537 0.02135984 0.01376777 0.01156344 0.009905376 0.007445988 0.01250264 0.004584902 0.003775042 0.0006895926 0.0004748769 0.0003516887 0.003750052 0.0002906198 0.0002685977 0.0002364327 0.0001979842 0.0003007942 0.0002252969 0.0002687648 0.001437817 0.001075792 0.001113209 0.00134773 0.002181699 0.00380245 0.004070563 0.008479279 0.01069213 0.01799171
0.4473033 0.3164335 0.234935 0.2163575 0.2240551 0.2094067 0.1962761 0.2061242 0.2135908 0.3014013 0.1596093 0.1451615 0.2171817 0.3141052 0.3564503 0.3808869 0.3675459 0.346082 0.357462 0.3643505 0.3476867 0.2445674 0.1804477 0.1292226 0.08634406 0.1032498 0.03547334 0.03544118 0.02996273 0.01496018 0.01272049 0.009445887 0.009801522 0.01409932 0.004314282 0.0007130952 0.0003769482 0.003094318 0.004882698 0.001057876 0.003817282 0.002325509 0.000137489 0.0007276401 0.0009724005 0.0006505718 0.0007595047 0.001123674 0.001694078 0.00307305 0.001982401 0.003049552 0.003399914 0.007503113 0.009359036 0.004040613
0.3391805 0.3667048 0.2037269 0.1908792 0.2017167 0.1870118 0.1998514 0.3148214 0.1723058 0.2157806 0.1585844 0.1449207 0.1451619 0.223298 0.2521873 0.3002819 0.2729024 0.2410974 0.2218655 0.3817652 0.3930356 0.2164133 0.1062572 0.09934795 0.1385406 0.1159825 0.05186082 0.07043377 0.0352475 0.02303794 0.0189277 0.01585918 0.01314563 0.01068487 0.006974545 0.001113936 0.0004816285 0.0001337381 0.0001066739 0.0003483065 5.124717e-005 3.537374e-005 0.0009886548 0.001663845 0.001797758 0.001407781 0.001381258 0.001502073 0.002149481 0.001438301 0.001509868 0.002260204 0.005497886 0.003738727 0.002266735 0.001388555
0.2848503 0.275965 0.2171442 0.1984379 0.2051167 0.2125219 0.2526222 0.1703077 0.1838327 0.1870534 0.1655495 0.1402396 0.1211594 0.1469223 0.1658251 0.2469445 0.2423266 0.2654197 0.2996038 0.3677184 0.2565044 0.2033881 0.135173 0.174191 0.1861131 0.1252345 0.07142286 0.0660485 0.05908516 0.03436503 0.03594844 0.02449298 0.01901289 0.01558346 0.01150966 0.00185386 0.0007816866 0.0001825956 0.0002344645 0.0002514734 7.790124e-005 5.554698e-005 0.002071444 0.002596509 0.002623473 0.002166955 0.002089352 0.002111457 0.001951761 0.001635121 0.001931152 0.002531426 0.003329447 0.002519134 0.002122741 0.002544363
0.2074451 0.2559478 0.2050108 0.2093881 0.2093143 0.1592333 0.1313587 0.1408934 0.137743 0.1219912 0.1390768 0.1465563 0.147584 0.2264618 0.1905511 0.1998506 0.1848202 0.1883504 0.2543104 0.2848432 0.3351266 0.3606254 0.2421096 0.1949132 0.1367609 0.1921775 0.1562782 0.09205834 0.07597917 0.06777616 0.07502834 0.0553194 0.02462599 0.02092191 0.01459877 0.002681203 0.00113071 0.0002439208 0.0002008109 0.0005324425 0.0003860792 0.0005395554 0.002946443 0.003431553 0.003423281 0.002914572 0.002795793 0.002700106 0.002574446 0.002542665 0.002797411 0.003030177 0.002922636 0.007345566 0.0107696 0.001618663
0.1858396 0.201177 0.2323284 0.2377183 0.2078371 0.1547953 0.1277864 0.2133514 0.1708325 0.1345913 0.107934 0.1527365 0.2057187 0.2230816 0.1583224 0.1675841 0.1660891 0.2001633 0.2505626 0.306483 0.3112745 0.3661184 0.2774008 0.2718953 0.2069703 0.1638522 0.1577675 0.1563965 0.117957 0.09898047 0.1040362 0.05233892 0.04963733 0.05128087 0.02586829 0.005173146 0.002108276 0.0002951355 0.0002445977 0.0007027895 0.0004828136 0.001010792 0.003345912 0.003781241 0.00372516 0.003201193 0.003075291 0.002882458 0.003851197 0.002460706 0.002256335 0.003097654 0.002843481 0.01015315 0.004150223 0.01449792
0.2787496 0.2601905 0.2100784 0.2331929 0.1853321 0.1585654 0.1550715 0.1900383 0.171784 0.124472 0.08200078 0.13274 0.1848757 0.1914288 0.1433501 0.1491942 0.1688678 0.2026464 0.1862241 0.2397314 0.2841284 0.2665807 0.2858421 0.3542614 0.3122954 0.2086853 0.1408892 0.1993804 0.186834 0.1498979 0.1266409 0.08704866 0.06874887 0.06767675 0.02314166 0.003591131 0.001544994 0.001539869 0.00155875 0.00218878 0.004468286 0.004636758 0.004021539 0.003770292 0.003699348 0.004062552 0.01160793 0.01158953 0.005293655 0.004724472 0.002714271 0.003036133 0.002721115 0.04137348 0.03234243 0.003477965
