contrib/geomasonDemos/riftland/riftlandData/RainData/.svn/text-base/128.txt.svn-base
ncols         56
nrows         54
xllcorner     28.264
yllcorner     -5.7719999999999
cellsize      0.25
NODATA_value  -9999
[rows 26 to 51 of 54, columns 0 to 55 of 56]
0.4455145 0.4188055 0.3013291 0.1882906 0.1995076 0.1772375 0.1375416 0.1657673 0.1746212 0.1141773 0.1049936 0.1516277 0.1454378 0.1315156 0.146154 0.192195 0.2027339 0.1526098 0.1624628 0.2354552 0.2499523 0.2135178 0.2252794 0.3555328 0.3276388 0.2310489 0.2515008 0.3287464 0.2714733 0.1539319 0.1102381 0.1206397 0.1187817 0.08378386 0.02905535 0.00329907 0.002644903 0.0004418925 0.001640233 0.001018305 0.0007842969 0.001848083 0.003377335 0.00367579 0.004673582 0.004979536 0.01564479 0.008230694 0.003776671 0.005829539 0.003410348 0.02498766 0.01025272 0.01871417 0.01340299 0.005267147
0.5012714 0.3526024 0.3590283 0.3281022 0.2558733 0.2165186 0.1637626 0.2524743 0.2640351 0.1911622 0.1893983 0.3422129 0.3196578 0.2154472 0.1789118 0.241117 0.216556 0.1852414 0.1664404 0.2143114 0.2091901 0.2213954 0.2594848 0.2632236 0.2268796 0.2527538 0.2333554 0.2924213 0.1847514 0.16249 0.1482196 0.1241559 0.1174437 0.0760006 0.0565036 0.0150255 0.008287592 0.003656582 0.002288102 0.002124104 0.001654418 0.002727817 0.003714882 0.003483958 0.01023601 0.005674367 0.006852317 0.003937812 0.005322432 0.002732153 0.002017698 0.006753542 0.01549873 0.01246387 0.03317665 0.02111308
0.5258942 0.4196815 0.3518966 0.2911587 0.2220436 0.206304 0.1399141 0.205581 0.1727192 0.2586828 0.2273208 0.2733824 0.2740744 0.2425297 0.214627 0.2065234 0.219099 0.2181145 0.2415366 0.1686241 0.1866177 0.2427349 0.2623765 0.2559108 0.2796118 0.2452793 0.2364628 0.2366492 0.1845643 0.1719083 0.1508221 0.1355315 0.110138 0.08592065 0.04092882 0.01297661 0.006453932 0.002800112 0.002387835 0.005042385 0.006815682 0.001748859 0.003003907 0.003453708 0.01410055 0.01374189 0.01155212 0.002785874 0.006070592 0.005703237 0.002389421 0.0143912 0.0235434 0.02437681 0.03857571 0.01615963
0.6624839 0.524039 0.3225397 0.2956111 0.1951288 0.1112311 0.1234454 0.1556488 0.2126321 0.2138442 0.2526155 0.3156583 0.2861845 0.164378 0.1119832 0.2059322 0.1345474 0.1783281 0.1983681 0.1119036 0.09942609 0.1461166 0.2239683 0.3321127 0.3633575 0.3080973 0.3135825 0.2797246 0.2189846 0.1856199 0.1571563 0.1116904 0.08767491 0.08445959 0.03697056 0.01663961 0.007341552 0.003327326 0.01036307 0.004082948 0.004803249 0.001982911 0.004639099 0.004132731 0.00896959 0.00914554 0.008499233 0.002828455 0.002697899 0.003118927 0.003333335 0.009622229 0.0040693 0.009371342 0.02871985 0.006581445
0.4446356 0.3774751 0.2493486 0.2641203 0.09953365 0.06435218 0.09345815 0.186389 0.2382149 0.1865544 0.2031426 0.2691942 0.1765677 0.1418629 0.0764247 0.1499761 0.1153327 0.1377137 0.1158744 0.05438778 0.04113244 0.03644901 0.07415149 0.2690056 0.323595 0.356881 0.3248576 0.3752823 0.2542423 0.1878905 0.1418306 0.1223951 0.09496391 0.07250538 0.03740882 0.02952434 0.03562399 0.006709524 0.003490855 0.003669343 0.003047959 0.002468999 0.00361583 0.004915637 0.00416302 0.00619631 0.004969374 0.002990954 0.003404292 0.003550631 0.007399459 0.01937266 0.01904313 0.01092021 0.004397576 0.004471052
0.4569193 0.3058922 0.2342614 0.1676573 0.0794962 0.05198267 0.08511276 0.2464695 0.2958373 0.2253701 0.2038763 0.2051249 0.215023 0.1666628 0.1014807 0.1614054 0.17932 0.2366642 0.2098201 0.1083356 0.116201 0.09507453 0.1070026 0.1387992 0.1638158 0.1930355 0.1356621 0.1915554 0.2146976 0.1563942 0.1155346 0.1313213 0.1138574 0.07681441 0.03503788 0.03479925 0.06957595 0.009402265 0.00883131 0.005855171 0.01017342 0.009906201 0.01063371 0.003427681 0.003225657 0.002989872 0.003719165 0.005382713 0.01604935 0.004385057 0.007908798 0.02226994 0.03356904 0.02138535 0.008280758 0.005564507
0.3705707 0.3160057 0.241744 0.1694306 0.07181288 0.1265715 0.1124952 0.2982334 0.3082219 0.2381401 0.1485646 0.1990618 0.1662301 0.06002115 0.1544164 0.2912765 0.2130994 0.2619878 0.2365511 0.1051677 0.1688811 0.1042396 0.04445489 0.1035025 0.1398468 0.161395 0.1482964 0.189843 0.2340284 0.1943755 0.1268549 0.09002999 0.07838062 0.08690058 0.03293794 0.03022054 0.02482802 0.01083226 0.009103701 0.005706992 0.004875882 0.005074104 0.005038552 0.004416163 0.003972284 0.003188293 0.005020297 0.005872561 0.006474243 0.008209568 0.01149926 0.005212952 0.02627226 0.01175385 0.005532628 0.008997441
0.3627364 0.2800705 0.1526909 0.1477114 0.08237918 0.1818128 0.2274773 0.2599885 0.2883232 0.131399 0.08921359 0.1280901 0.06901623 0.04496757 0.1767673 0.2750054 0.2844484 0.3609321 0.2370447 0.1211064 0.1433005 0.06567895 0.07270519 0.08510891 0.2261142 0.2335169 0.2369932 0.1774255 0.2280561 0.1726414 0.1113124 0.08218555 0.06974634 0.06691295 0.02614794 0.01958433 0.01360713 0.01043962 0.01021039 0.006019048 0.007814534 0.004517951 0.005235679 0.003941169 0.003517486 0.003192401 0.004352862 0.006083594 0.009648986 0.009373643 0.009939826 0.005857763 0.01215657 0.01761664 0.01553035 0.0105963
0.3757692 0.2569297 0.2012796 0.2473113 0.1544912 0.2367043 0.1332666 0.1736184 0.2629928 0.1595803 0.1035505 0.1940519 0.2084488 0.1056241 0.2052548 0.2719086 0.393851 0.4107006 0.2817512 0.1573923 0.1445587 0.06752202 0.03197248 0.06954271 0.1419045 0.2187988 0.1738107 0.1130622 0.07853304 0.0763369 0.06525697 0.05929692 0.06865029 0.03711524 0.02339131 0.0160126 0.01173706 0.0094714 0.009589399 0.005822777 0.005336543 0.004913399 0.005821615 0.004043123 0.004014776 0.004426979 0.005779613 0.00922001 0.0205091 0.0171302 0.01402151 0.01162972 0.01237877 0.03609461 0.01999718 0.02997557
0.4051176 0.2656686 0.3293794 0.3584308 0.2665009 0.2935731 0.1189176 0.1330556 0.1429746 0.1816064 0.1131546 0.1703324 0.2210022 0.264152 0.2191133 0.3148161 0.4558176 0.3418136 0.2010561 0.08742477 0.05185886 0.03877508 0.02857165 0.05571083 0.1446044 0.1615566 0.1418888 0.0794182 0.06597228 0.03274739 0.01956624 0.04139972 0.02509803 0.01252544 0.00917759 0.00768384 0.006025524 0.005145886 0.005348569 0.003195995 0.00305765 0.002966233 0.008454253 0.007266235 0.006012189 0.00586543 0.007322392 0.01650237 0.01995428 0.02134629 0.02924965 0.02461259 0.0224122 0.02117151 0.01982422 0.01508697
0.408599 0.3300274 0.2165618 0.2017361 0.1629662 0.1205896 0.08683077 0.1110749 0.1585156 0.1647203 0.2008415 0.1259504 0.1184683 0.1929464 0.2725446 0.2878709 0.349609 0.1983055 0.1988968 0.0864822 0.07186098 0.02818767 0.04833381 0.0600624 0.08881634 0.1540198 0.172728 0.1131356 0.08641955 0.0452002 0.01812621 0.02125327 0.009399498 0.007648493 0.02025077 0.005872899 0.005011978 0.004581985 0.004610253 0.003829988 0.003144831 0.003209127 0.005037609 0.007141861 0.009030793 0.009066529 0.008727115 0.01953994 0.0224924 0.01616561 0.01672479 0.02022589 0.02577447 0.02169207 0.02344479 0.01837168
0.3546835 0.2200171 0.0615393 0.05832949 0.03928982 0.03488177 0.03449403 0.1503903 0.1449016 0.09804698 0.1308713 0.1016542 0.1053144 0.1683806 0.2217135 0.2136926 0.2298839 0.1692733 0.1246699 0.05867438 0.05118303 0.02222265 0.04422509 0.05735497 0.1485397 0.2118554 0.1571708 0.1186905 0.1238528 0.0757531 0.01722804 0.01429625 0.02180618 0.02245553 0.004685044 0.004719555 0.004308097 0.004128284 0.004354091 0.003015828 0.003178156 0.003336811 0.004666056 0.00550178 0.006275644 0.006343177 0.00723297 0.0145648 0.02107012 0.0212529 0.01682462 0.03157778 0.03565004 0.02630963 0.02797146 0.01718467
0.4279465 0.2440617 0.06980034 0.1016974 0.1107886 0.03112629 0.04063123 0.02786448 0.03920805 0.04272065 0.1131555 0.07240383 0.1283395 0.1430545 0.1190153 0.03141408 0.1336419 0.14183 0.1173718 0.02468701 0.04302631 0.06357406 0.0397072 0.09189248 0.15482 0.1521057 0.1110758 0.06247777 0.08909354 0.07040294 0.005664547 0.008081116 0.005258539 0.007463402 0.003334669 0.01144106 0.0111231 0.009022658 0.0101489 0.01102123 0.00319758 0.00355858 0.00400976 0.005097167 0.006190998 0.006587652 0.007572826 0.01521066 0.02888682 0.01801288 0.01897013 0.02613511 0.01792752 0.05464913 0.03476906 0.01564812
0.5548114 0.2211202 0.1213451 0.1391314 0.04439529 0.03688319 0.03710072 0.02399693 0.03411238 0.06683765 0.04189869 0.1026799 0.1503078 0.07371916 0.07685319 0.02742331 0.06217619 0.1232306 0.08661205 0.02035999 0.03304367 0.02726772 0.01680469 0.03059098 0.06542569 0.05856458 0.04019123 0.02562476 0.01168817 0.007850767 0.002221977 0.00354207 0.003116715 0.001401837 0.00132297 0.004372424 0.007433761 0.00727832 0.002909638 0.004295863 0.003374275 0.003005238 0.003575958 0.004948592 0.006468434 0.007070911 0.008147617 0.01692732 0.04393271 0.03991732 0.02042799 0.01871178 0.02766841 0.02954358 0.04917897 0.02191611
0.3304636 0.1068897 0.07525419 0.06584562 0.05546539 0.0483037 0.04252086 0.07537016 0.1399334 0.03329444 0.07425181 0.05588987 0.06756666 0.1175273 0.1820348 0.07842071 0.03917519 0.04113604 0.02596021 0.0272065 0.005226587 0.01779094 0.0144034 0.01554631 0.03122721 0.02851301 0.0188238 0.02022401 0.00654088 0.004902885 0.00151214 0.002039885 0.002066334 0.01158765 0.001077424 0.002770091 0.002655657 0.001508089 0.001767543 0.005462361 0.002616204 0.003139791 0.003880545 0.004720706 0.006411722 0.007296582 0.01524312 0.02365 0.04712305 0.04151121 0.02884942 0.02916242 0.03099854 0.03071228 0.04012378 0.02704571
0.2986873 0.1120389 0.06833357 0.04302444 0.04346054 0.03552152 0.04879197 0.1247892 0.07441406 0.01364705 0.04773351 0.08622936 0.1132732 0.02841336 0.04677555 0.05263131 0.03608406 0.02693243 0.05176951 0.0175624 0.0118994 0.01204418 0.005698646 0.01478775 0.01365886 0.02021887 0.02857835 0.02230125 0.01506185 0.01176831 0.002943499 0.002967839 0.001817138 0.0009564057 0.001220699 0.001345746 0.00136255 0.001514524 0.001798172 0.002688181 0.002697722 0.003236265 0.0039747 0.004686918 0.006310534 0.007317425 0.009026191 0.03611061 0.03261667 0.04527498 0.06956672 0.04523191 0.03178268 0.04316472 0.03228085 0.02794429
0.3053863 0.1149726 0.04424875 0.019587 0.04036692 0.03479147 0.01532981 0.04695339 0.05209003 0.02031913 0.02755168 0.07767736 0.05834506 0.007938958 0.02541675 0.08545075 0.04619768 0.006557036 0.03305176 0.01177096 0.01855731 0.01982401 0.01038549 0.01191885 0.0121275 0.01047942 0.01765122 0.01617765 0.007031793 0.00230254 0.0173277 0.001740331 0.001086606 0.0009362767 0.0009867591 0.002542798 0.02494661 0.002624012 0.001953567 0.002540959 0.002831603 0.003282418 0.003878019 0.004461503 0.00605851 0.007016815 0.01688679 0.01873466 0.0268462 0.075737 0.0622957 0.0324091 0.03477109 0.03716879 0.0295476 0.02387664
0.4367646 0.2366284 0.0393132 0.01833635 0.01881714 0.04707443 0.06725231 0.0834106 0.05227096 0.02223992 0.02392817 0.03175164 0.02518652 0.01515712 0.006429121 0.01528212 0.006477453 0.006437013 0.004917728 0.007101342 0.005651227 0.004499134 0.004986611 0.007228223 0.01101362 0.01015964 0.004138307 0.006039856 0.002093384 0.006175707 0.00890974 0.002642945 0.00265108 0.001885453 0.001779043 0.01002108 0.09755933 0.002926122 0.002176435 0.00194791 0.002147274 0.002412038 0.002722536 0.00865249 0.009511221 0.01088797 0.04618578 0.03847222 0.026151 0.06451073 0.03475417 0.0220815 0.02634885 0.02706224 0.01990118 0.01197581
0.3859531 0.1761126 0.03571004 0.01900867 0.02613383 0.04077673 0.03138397 0.0442123 0.02650422 0.06474668 0.04616528 0.01716163 0.006621906 0.01528303 0.005785069 0.005790066 0.005714338 0.004935859 0.005624262 0.006336724 0.004649831 0.004314703 0.003889888 0.005879747 0.005686482 0.00969222 0.003765613 0.002002898 0.007737464 0.000732511 0.01370845 0.001546873 0.001025477 0.003251406 0.001309688 0.001672007 0.008641005 0.002076827 0.002312843 0.002051661 0.002522628 0.002438331 0.002659471 0.007907293 0.01029997 0.01716727 0.03411129 0.03827357 0.05887586 0.036352 0.03274255 0.03564654 0.03461974 0.03135352 0.01653754 0.004838709
0.3359956 0.141566 0.03614624 0.02510023 0.02533057 0.03971671 0.05984425 0.07701901 0.04965714 0.05363038 0.04041298 0.01857886 0.005030947 0.004985853 0.01449729 0.005105288 0.006721779 0.006422826 0.004596336 0.005904551 0.004788829 0.004096083 0.003573896 0.005359959 0.004976301 0.003623132 0.003303201 0.01345745 0.0007986444 0.0004956718 0.02188642 0.00288996 0.004722673 0.005495011 0.003959745 0.002524934 0.002495706 0.002398706 0.002441094 0.002127155 0.002309038 0.002457108 0.002608341 0.008191817 0.01003231 0.04575946 0.02149265 0.02793636 0.08184499 0.02974449 0.04335889 0.02724034 0.01988 0.0350813 0.01693183 0.0008064515
0.1119914 0.08478549 0.01903983 0.01557631 0.02101498 0.04949861 0.06729244 0.05887632 0.04631115 0.04258666 0.03187682 0.01396154 0.009566045 0.007199971 0.004974648 0.005086067 0.007573197 0.004910302 0.0051221 0.006164843 0.00544082 0.003791031 0.003308596 0.005210046 0.004650037 0.005193786 0.005568039 0.003063004 0.003156093 0.002561823 0.004540004 0.005535663 0.007097754 0.00778117 0.006182191 0.008485401 0.002199933 0.002384497 0.002548437 0.002180097 0.002325295 0.003281296 0.003936046 0.008894074 0.0209555 0.06974728 0.01317814 0.03948424 0.02809131 0.02609115 0.0621017 0.03162545 0.01720949 0.02090845 0.008007979 0.00641129
0.1518534 0.1777196 0.03404263 0.02090202 0.01333014 0.0815995 0.0494587 0.1079846 0.04191909 0.04531229 0.0253884 0.0151502 0.01230133 0.009636343 0.007330954 0.006108865 0.005868964 0.007641877 0.005670026 0.01362259 0.01250887 0.01544366 0.008876797 0.01440768 0.1012871 0.02236183 0.01500386 0.006436488 0.0135821 0.006580536 0.007298146 0.00878148 0.01013089 0.01052284 0.01333441 0.006490974 0.004677166 0.002506047 0.003118178 0.002352852 0.00357437 0.005136919 0.006279335 0.01914817 0.03074251 0.04546075 0.04746739 0.02219889 0.03060188 0.03351868 0.03986946 0.02459677 0.02471774 0.008104838 0.004758065 0.0128629
0.07377861 0.1095593 0.05534349 0.07841595 0.03144597 0.01393816 0.06172717 0.009988844 0.1239678 0.04608972 0.06575784 0.02487049 0.02394106 0.0200482 0.0183713 0.01740034 0.01683579 0.02489211 0.01535096 0.01791127 0.03326095 0.01786224 0.01558816 0.0257484 0.01878574 0.01320559 0.0126098 0.01194532 0.01159712 0.01182861 0.01944837 0.01300423 0.01331753 0.01333254 0.0112113 0.008829561 0.005980232 0.005078561 0.003747556 0.003726596 0.004445783 0.005024245 0.005340632 0.03357648 0.03526301 0.01451748 0.01476 0.009133987 0.02633843 0.0447746 0.0276884 0.01846774 0.03423388 0.008749999 0.005967741 0.01318548
0.04902495 0.07456993 0.02901931 0.02111162 0.01526044 0.02515069 0.05501567 0.03304893 0.1309876 0.1091705 0.0592335 0.03833936 0.03631256 0.03267989 0.03017174 0.02888014 0.02954282 0.03300434 0.02453924 0.02563882 0.02882755 0.02821129 0.02195102 0.02375175 0.03711405 0.03444204 0.02620709 0.01646536 0.01600675 0.01587007 0.01553962 0.01564588 0.01521707 0.01472877 0.01233066 0.01008665 0.007177828 0.006298281 0.004467284 0.004301754 0.00466429 0.006525027 0.007071055 0.02839811 0.03025369 0.01517473 0.02869658 0.02009527 0.01493504 0.04241044 0.03195653 0.008064516 0.01556451 0.0175 0.01447581 0.006491935
0.0342923 0.007774997 0.01557408 0.01997855 0.02273886 0.02184135 0.02825366 0.07770887 0.03658172 0.1001266 0.07454854 0.06500968 0.04873938 0.04450649 0.04120357 0.03949869 0.03693685 0.03555322 0.03422233 0.03816999 0.03104334 0.0299286 0.02746385 0.03220207 0.04662715 0.02926253 0.02734997 0.02021931 0.01923142 0.01866188 0.01759767 0.01647674 0.01581093 0.01494043 0.01233255 0.01008664 0.006531925 0.005199897 0.004342794 0.004018846 0.02491902 0.00472914 0.02906587 0.007921244 0.01648514 0.04465285 0.01031842 0.01707947 0.02289317 0.04039415 0.04092781 0.01366935 0.008629032 0.0116129 0.01504032 0.01092742
0.07191297 0.006774417 0.03515898 0.04551172 0.02926164 0.0195547 0.09848125 0.03559927 0.07690154 0.03726208 0.09385315 0.06750501 0.06233319 0.05504427 0.05410363 0.05983307 0.04560092 0.05021626 0.04901592 0.050742 0.03882242 0.03329952 0.03137219 0.04906794 0.04149095 0.03049868 0.03075958 0.02805803 0.02311026 0.0219879 0.02018253 0.01797627 0.01688999 0.01554083 0.01253142 0.009079523 0.005485854 0.004461837 0.002938395 0.003485759 0.004525444 0.01477118 0.01837496 0.003533594 0.02278155 0.09907564 0.00268234 0.002789604 0.02476284 0.06937598 0.06085043 0.01451613 0.009193548 0.02237903 0.02862903 0.01790323
