contrib/geomasonDemos/riftland/riftlandData/RainData/.svn/text-base/135.txt.svn-base
ncols         56
nrows         54
xllcorner     28.264
yllcorner     -5.7719999999999
cellsize      0.25
NODATA_value  -9999
[rows 0 to 26 of 54, columns 0 to 55 of 56]
0.0002222623 0.003773135 0.009728124 0.00934339 0.005646344 0.0129969 0.01820861 0.008277584 0.004620967 0.005080645 0.003056451 0.003354839 0.008830644 0.01166936 0.01281452 0.006395161 0.00726613 0.01099193 0.01243548 0.0103871 0.01332258 0.016 0.02005645 0.03194354 0.0201371 0.02693549 0.03148387 0.03418548 0.04299193 0.04458064 0.04383871 0.05523387 0.06313708 0.05437097 0.03126613 0.0268629 0.01830645 0.01299194 0.01047581 0.009620967 0.03228226 0.02706452 0.01725 0.01158065 0.01427419 0.009475807 0.01276613 0.01531452 0.01298387 0.01334678 0.01192742 0.006096774 0.004282258 0.001548387 0.0001370968 0.0007419355
0.002001827 0.0002286931 0.0007760407 0.01445398 0.02310771 0.007073756 0.0176833 0.01211557 0.009476292 0.008293891 0.007629504 0.01148716 0.01214516 0.0161129 0.02258871 0.01043548 0.01054032 0.01470161 0.01316935 0.01026613 0.009201612 0.01074194 0.01541129 0.02407258 0.01908064 0.0238629 0.0330242 0.03991935 0.03964517 0.03351612 0.0448871 0.05774194 0.05114515 0.04364515 0.03808871 0.05102419 0.02412097 0.01454032 0.01457258 0.01418548 0.01719355 0.02212903 0.01008871 0.01221774 0.006645161 0.006790323 0.01207258 0.01062097 0.01075806 0.009258064 0.01166936 0.005790323 0.002209677 0.001935484 0.0004354838 0.0007258064
0.02355032 0.009527085 0.02521552 0.03304907 0.016832 0.003460701 0.02136997 0.02355905 0.01694794 0.01819658 0.02077787 0.03132767 0.0279228 0.02661004 0.01904685 0.01106085 0.008262197 0.01432258 0.01449194 0.009443549 0.01107258 0.01275 0.01468549 0.02016129 0.02175 0.02587903 0.03157258 0.04795161 0.04344355 0.0404758 0.04926613 0.05768548 0.05008065 0.04502419 0.03548388 0.05183871 0.02873387 0.01758871 0.01162097 0.01116935 0.02859677 0.02511291 0.02116129 0.01192742 0.0106129 0.01044355 0.008798386 0.005693548 0.009685484 0.005653226 0.004112903 0.003870968 0.004741936 0.003129032 0.0009677419 0.001354839
0.05857897 0.01261647 0.04993503 0.01687968 0.003743876 0.00256418 0.001841877 0.01717245 0.01000954 0.007142144 0.01033061 0.01815412 0.01818067 0.01090566 0.01001963 0.01519309 0.01605434 0.02396961 0.01423098 0.008905137 0.01391088 0.01260155 0.014738 0.01998434 0.0205272 0.02779484 0.04815275 0.06500214 0.04820626 0.04188556 0.04275874 0.04412134 0.0467875 0.0535682 0.05835808 0.04702859 0.02442373 0.01703548 0.01033064 0.01590406 0.03534494 0.03535595 0.03419271 0.02009678 0.01405645 0.02054032 0.02587097 0.0166129 0.01037097 0.006967742 0.004725806 0.008 0.006354839 0.001879032 0.0006451613 0.0005483871
0.1062389 0.08958732 0.08606244 0.02001231 0.006320855 0.002514567 0.01147636 0.01578781 0.0157526 0.007293728 0.01180585 0.02544534 0.02729886 0.02443277 0.01915945 0.02291642 0.02479534 0.02496588 0.0159868 0.01184278 0.01203301 0.01317892 0.01370801 0.01760228 0.01705746 0.02911224 0.04807493 0.05124623 0.0517931 0.04827903 0.04229827 0.04123463 0.04746021 0.06797522 0.06587889 0.05046114 0.02408954 0.01121358 0.009077777 0.02771857 0.04661949 0.03768373 0.02976767 0.0176129 0.01862903 0.01933871 0.02298387 0.01445967 0.01078226 0.008983871 0.006927419 0.008330646 0.006354839 0.001201613 0.0009677419 0.0006935484
0.04832693 0.07166089 0.03513167 0.02139609 0.005807678 0.004427464 0.03199996 0.02109706 0.008325159 0.01299931 0.01393738 0.03340485 0.03765646 0.02864994 0.01678148 0.02750323 0.0227744 0.01660064 0.02241757 0.01525817 0.01783073 0.01050992 0.01179647 0.01681065 0.02161754 0.0314365 0.03952236 0.04479796 0.04889754 0.0488121 0.05046751 0.04851968 0.0452933 0.04357613 0.0356916 0.0525432 0.03399506 0.01119953 0.01152453 0.01281429 0.03211613 0.02782969 0.02391666 0.02101613 0.02374193 0.02356452 0.01771774 0.01141129 0.009290323 0.004169355 0.0009274193 0.003975807 0.005870968 0.003120968 0.002991935 0.0002016129
0.09339704 0.1170091 0.1115187 0.01734551 0.01055852 0.008691622 0.009378082 0.02874125 0.02421431 0.02379595 0.02128402 0.03872719 0.02791299 0.02055813 0.01691724 0.02189961 0.03301154 0.03364392 0.03970889 0.0270691 0.02778826 0.02296623 0.01910908 0.01501942 0.02057223 0.02587525 0.03831783 0.04907477 0.03768342 0.03157311 0.04389327 0.03985409 0.04063606 0.02849299 0.01857951 0.03944304 0.03750134 0.02094682 0.01209635 0.01090386 0.01472374 0.01606786 0.01698 0.01483064 0.01317742 0.01260484 0.008983871 0.006596774 0.003112903 0.0001532258 0.0001209677 0.003524194 0.00475 0.0006935484 0.005596774 0.002975806
0.020998 0.08097319 0.06972963 0.05430717 0.02259803 0.01928187 0.01358243 0.02876921 0.0358147 0.0224059 0.02071398 0.03261685 0.03479194 0.02551531 0.02720172 0.02946469 0.06108398 0.04566102 0.05208991 0.03045402 0.02369105 0.02316924 0.0238231 0.01378494 0.01169357 0.02162368 0.02882148 0.02726345 0.02106796 0.01945504 0.02819304 0.03780295 0.04350437 0.03110945 0.0157871 0.01847349 0.02174035 0.01588115 0.01205489 0.01555018 0.006916428 0.009409181 0.007143182 0.01919507 0.0126053 0.01058282 0.008072873 0.00523804 0.0006321431 0.0001827573 0.0008546322 0.003604839 0.0001935484 0.0001612903 0.002645161 0.004048387
0.02719475 0.0154275 0.0274967 0.03424954 0.0229191 0.04317998 0.04292249 0.05064805 0.04999744 0.04607856 0.03856211 0.03907089 0.03322604 0.03097962 0.04207683 0.0715716 0.09447749 0.07034955 0.05230106 0.03181568 0.03179406 0.03231085 0.02452556 0.009176401 0.009456469 0.03062121 0.02619173 0.01771699 0.01909331 0.01419977 0.01693015 0.04070286 0.02831607 0.02135557 0.01547593 0.02279219 0.01952547 0.01348445 0.009330424 0.008032851 0.008887843 0.007666101 0.01413179 0.02905766 0.01319607 0.01145938 0.004879293 0.004757288 0.004561359 0.001807983 0.001066293 0.002427419 0 0 0 0.003112904
0.07640244 0.04130069 0.02296389 0.02589745 0.03851682 0.0542131 0.07486527 0.09725311 0.1032545 0.1016019 0.06059242 0.060753 0.05000618 0.03352879 0.02819296 0.04170506 0.08099227 0.07472379 0.04687103 0.03074677 0.03806522 0.02655653 0.02960922 0.01025832 0.01551019 0.03089657 0.01997674 0.01422395 0.01818355 0.01747396 0.01234586 0.02080199 0.01213369 0.01510379 0.01432604 0.0227307 0.01680088 0.00720319 0.00881777 0.01396111 0.01796109 0.01889218 0.01577088 0.01910134 0.01386331 0.008317122 0.006555569 0.00360614 0.005658287 0.003771627 0.001402429 0 0 0 0 0
0.02749798 0.02828808 0.03548303 0.07924998 0.07615211 0.08766362 0.1112759 0.1361826 0.1548039 0.1282038 0.08502278 0.06493489 0.05770732 0.03458874 0.01853639 0.0366123 0.05474749 0.06092696 0.03523653 0.02061499 0.03960105 0.03588728 0.02460507 0.02371283 0.03271545 0.02817308 0.02378882 0.02433149 0.01992574 0.01014226 0.007277527 0.006481637 0.01198875 0.01162299 0.007672551 0.01200901 0.008267125 0.005905421 0.008118551 0.01052798 0.01045917 0.0119 0.01254879 0.0135592 0.01015858 0.00337902 0.002046371 0.002252243 0.001345914 2.798008e-005 0.0007651478 0.000532258 0 0 0 0.001580645
0.1065878 0.07826017 0.07541209 0.1098433 0.1212019 0.1209555 0.1564644 0.1559574 0.1588848 0.1576666 0.1155924 0.07724082 0.0387578 0.01986054 0.03078718 0.04240444 0.04964926 0.06306445 0.02688297 0.02429523 0.034702 0.04171734 0.0238984 0.01828337 0.02620283 0.02592975 0.01684888 0.01811261 0.01738742 0.008654622 0.009714672 0.008817433 0.01166103 0.007456624 0.006101574 0.01155551 0.01315126 0.009462968 0.008293381 0.009269658 0.005748639 0.008070825 0.0130315 0.009626108 0.0054512 0.002974178 0.001685101 0.0003667105 0.0007414343 0.001760186 4.236405e-005 2.011028e-005 1.755852e-005 1.204708e-005 1.149489e-005 0.0008580025
0.1253459 0.09407922 0.09368325 0.08361202 0.07613121 0.1191854 0.1113891 0.1473416 0.1239141 0.1138048 0.1272288 0.1036656 0.05808103 0.0301426 0.04211355 0.06184218 0.1087009 0.06252371 0.03951721 0.0284079 0.03818853 0.03325267 0.02286043 0.01944125 0.01718821 0.01522782 0.01294747 0.01521395 0.01205973 0.007145712 0.005958967 0.007123976 0.005248223 0.003975536 0.003635416 0.01285682 0.01192236 0.01105146 0.01169058 0.01433378 0.00751067 0.007230427 0.005157846 0.004813447 0.00959087 0.004442375 0.003332117 0.0007480851 5.046144e-005 4.342386e-005 3.890026e-005 1.781224e-005 1.528027e-005 1.229635e-005 1.164497e-005 1.222411e-005
0.1357445 0.1486981 0.1143667 0.06817199 0.05853343 0.1168105 0.09797201 0.1146494 0.1191157 0.1204829 0.139716 0.1039093 0.06371335 0.03684789 0.03765313 0.05245416 0.05283273 0.07927348 0.06137823 0.03065987 0.03832694 0.04582777 0.02602154 0.01902622 0.01902655 0.01430265 0.01089091 0.005843078 0.004240752 0.004181718 0.004354066 0.004672283 0.003141603 0.00161903 0.001703443 0.002784485 0.00679532 0.01298818 0.01015881 0.01175212 0.006029783 0.007389695 0.00722261 0.00546677 0.005718509 0.0007366738 0.0006691152 5.706315e-005 4.753871e-005 4.039643e-005 3.582128e-005 1.62769e-005 1.373827e-005 1.960753e-005 1.880192e-005 1.166201e-005
0.2831954 0.2449717 0.1700401 0.06399196 0.06484234 0.09083191 0.08366589 0.09154647 0.1189635 0.1107635 0.09324396 0.05870066 0.04633034 0.04156839 0.07023137 0.06667686 0.08585352 0.06594981 0.07852348 0.03785299 0.03037085 0.02943472 0.02355324 0.02081142 0.01404024 0.009504061 0.003870549 0.002346256 0.001728659 0.001713254 0.0007045318 0.001960259 0.0008662808 0.001204162 0.003715667 0.00415979 0.003967633 0.00601414 0.00433355 0.009234442 0.009640425 0.01077143 0.006976209 0.003639654 0.0007375957 8.139973e-005 7.071749e-005 5.466421e-005 4.47601e-005 0.0002358868 0.0002315405 1.519679e-005 1.299921e-005 6.405947e-005 0.0001460992 0.000659583
0.4994146 0.1707823 0.1665886 0.1608514 0.126781 0.09012093 0.1063168 0.07114626 0.1239226 0.151582 0.09860129 0.1175979 0.06952692 0.08504359 0.115454 0.09749267 0.1401039 0.1212072 0.1230234 0.05444073 0.02435934 0.01669534 0.01880494 0.03510369 0.01063212 0.005249595 0.002704458 0.0006651366 0.0005837131 0.0008143507 0.0004570101 0.00180976 0.002965386 0.0003454374 0.0005959456 0.006583492 0.005504529 0.00457647 0.003811146 0.006906962 0.01243941 0.004987249 0.002064478 0.0009927389 0.0001357192 7.500061e-005 7.178892e-005 0.0008815533 4.125983e-005 3.447385e-005 3.076595e-005 1.565454e-005 2.094361e-005 1.157204e-005 0.00019145 0.001498199
0.405654 0.3073236 0.347416 0.2406915 0.2323594 0.1591008 0.1345377 0.140146 0.1841444 0.1868054 0.1534654 0.1332947 0.08383909 0.1129552 0.1624196 0.1223411 0.161805 0.111756 0.1066701 0.06069187 0.03519948 0.01691196 0.01759185 0.02784956 0.008932868 0.003937425 0.001044122 0.0005444498 0.0006328981 0.000508262 0.0005871332 0.003488633 0.000998694 0.000715689 0.001350479 0.00335358 0.001835597 0.002009532 0.003281758 0.006173534 0.003857706 0.004692198 0.003420024 0.001228106 8.477037e-005 7.228479e-005 6.203424e-005 4.859885e-005 4.575767e-005 3.207988e-005 2.850222e-005 1.455163e-005 1.252143e-005 1.076846e-005 9.443662e-006 7.947527e-006
0.4324108 0.3610433 0.3782504 0.2780783 0.2689084 0.2007663 0.1718325 0.2316915 0.2012419 0.2140798 0.1563642 0.1222039 0.1224704 0.1737046 0.1845545 0.1263689 0.09379572 0.08424244 0.073384 0.06834588 0.04085007 0.01663961 0.01747967 0.008488158 0.004456603 0.0008115211 0.002017404 0.0009319588 0.0006092563 0.0003882762 0.0004263532 0.003180964 0.007087413 0.001624473 0.001323642 0.002315662 0.0007971945 0.0008720399 0.001823149 0.003105885 0.002557943 0.002940039 0.002495258 0.001879455 0.00312004 0.0003969203 5.86549e-005 4.533177e-005 3.497455e-005 2.848462e-005 2.516159e-005 1.284978e-005 1.09909e-005 0.000854722 0.0006422991 0.002686478
0.4409066 0.3678602 0.4145176 0.2749743 0.3057266 0.2128295 0.2087682 0.2491107 0.2440864 0.2009342 0.1380228 0.1179799 0.1643326 0.2331867 0.2375325 0.1708189 0.1088684 0.2085578 0.1920453 0.09909702 0.1069699 0.06373433 0.02432988 0.03206596 0.005081381 0.005032769 0.002969796 0.001926203 0.001850416 0.000946601 0.0006662135 0.003902447 0.01348644 0.004854449 0.0008063042 0.001180287 0.001108866 0.001415682 0.002898392 0.003758834 0.001371072 0.001341501 0.002792378 0.001868413 0.0008000549 6.528826e-005 5.481534e-005 4.130014e-005 3.068005e-005 2.412806e-005 2.09967e-005 1.052098e-005 8.751506e-006 7.375141e-006 0.0008771123 0.00523361
0.2746166 0.2540931 0.2793263 0.3785338 0.2355298 0.2585975 0.2696725 0.2484006 0.3187726 0.2474115 0.1936628 0.1901355 0.2042634 0.2089752 0.2189705 0.1602971 0.1297523 0.1829729 0.190899 0.09048187 0.06946483 0.05539892 0.02272627 0.02194337 0.01080247 0.01125121 0.002388586 0.002782535 0.002261271 0.001778735 0.0009493432 0.0009922573 0.01462281 0.007105011 0.0006562945 0.001546601 0.00103755 0.00138676 0.001359832 0.002223348 0.001117523 0.001025087 0.002495458 0.000812075 0.0001866875 0.0001477695 0.0001209963 0.0001006344 7.122278e-005 5.306441e-005 4.539288e-005 1.073634e-005 0.001353733 0.0003772528 0.001206498 2.108796e-006
0.3444606 0.3042866 0.3000103 0.3504398 0.262778 0.2502577 0.3639256 0.2071775 0.2228146 0.1726302 0.1826232 0.1976616 0.1493033 0.2003334 0.2215402 0.2136472 0.1191159 0.09540634 0.106994 0.06647366 0.04926791 0.04685338 0.02669091 0.0200585 0.008231677 0.01813004 0.0051094 0.003043175 0.001567024 0.001212227 0.000916803 0.0004921776 0.004366497 0.01916455 0.0002996828 0.0029759 0.003148592 0.002364645 0.001489783 0.0005205783 0.0009982315 0.001287362 0.001163778 0.0009117712 0.0001809828 0.0001385249 0.0001109486 8.950708e-005 5.940909e-005 4.104057e-005 3.416301e-005 7.72614e-006 5.739897e-006 0.001369019 3.490196e-006 0.0005556889
0.4943869 0.4600772 0.3250131 0.3635353 0.2825208 0.290705 0.5999588 0.3204469 0.1422228 0.1393893 0.1872504 0.2059655 0.2312747 0.2170098 0.1575924 0.2343921 0.1528836 0.1106069 0.09947257 0.0871693 0.06259479 0.03331219 0.02563847 0.02465837 0.01668488 0.009805392 0.01119639 0.004197435 0.003548132 0.00609113 0.005693076 0.001351491 0.001254409 0.01698534 0.0006229462 0.003493786 0.001042329 0.001572664 0.0007951132 0.0009112754 0.0009772145 0.000702315 0.0006095088 0.0003872634 0.0002378344 0.000159124 0.000127099 8.663759e-005 5.148502e-005 3.081671e-005 3.832052e-005 0.0009103409 0.00049491 0.00148813 0.0005545607 6.113536e-007
0.5993448 0.5958858 0.3610309 0.3261903 0.2499367 0.3751358 0.6240934 0.5894213 0.2149166 0.1920026 0.2013696 0.2900445 0.2784081 0.2847069 0.261059 0.2040194 0.1763855 0.141048 0.1263499 0.1155777 0.1277001 0.04961273 0.06702322 0.05122305 0.05107008 0.01447595 0.01296849 0.0194456 0.01354148 0.009399334 0.008508541 0.008176154 0.002943258 0.002437896 0.005974586 0.002765001 0.002441394 0.001542626 0.001414517 0.001570182 0.002025914 0.001196842 0.001042623 0.00115184 0.0008163028 0.0001709219 0.0001287079 9.282467e-005 4.733074e-005 2.228737e-005 1.815493e-005 0.0006178818 0.0005473053 0.001588858 1.451813e-006 4.356862e-007
0.6102974 0.5268248 0.2455838 0.2596692 0.246103 0.3154181 0.5059103 0.4432718 0.2220477 0.2635517 0.2052029 0.2884602 0.2697483 0.2179899 0.1585071 0.2612843 0.2797769 0.2150238 0.156662 0.1234689 0.2102259 0.120557 0.1096056 0.05988214 0.03294395 0.01397267 0.00956037 0.01783287 0.01332842 0.01142825 0.01098229 0.00622081 0.005069443 0.003494504 0.007317476 0.005713931 0.006239736 0.004900068 0.004489086 0.003796109 0.003357396 0.002965295 0.002924376 0.00143692 0.0002452202 0.0001003134 0.0004199751 4.456027e-006 1.946318e-006 6.276413e-007 5.064711e-007 0 0.000650286 0.0001081037 0 0
0.4298275 0.401481 0.2007634 0.2205299 0.1827379 0.1745569 0.4446215 0.2397182 0.2050073 0.2067157 0.1974562 0.1804667 0.234558 0.1307231 0.1507839 0.2493179 0.2018964 0.1693021 0.1106453 0.1169336 0.1641795 0.1713016 0.1337625 0.05756703 0.03892612 0.02532734 0.01180063 0.02268759 0.01921257 0.01522126 0.008004477 0.007826608 0.007481932 0.004632349 0.004576171 0.006491075 0.006531832 0.007406368 0.005924542 0.004939545 0.00445811 0.003688984 0.002780626 0.0006533174 0.000304844 0.0001126829 8.164554e-005 4.71537e-006 1.770575e-006 2.515721e-007 1.92499e-005 0 7.443479e-005 0 0.001145827 0.0001265815
0.3286184 0.2723401 0.2244357 0.2971064 0.235695 0.2486476 0.2594624 0.205153 0.2425536 0.196317 0.1757699 0.2541943 0.246361 0.1608769 0.1695174 0.2391492 0.2663743 0.1954178 0.1196774 0.1073376 0.08170804 0.1686336 0.1514565 0.06920796 0.06435326 0.04923568 0.01832453 0.01760573 0.03672342 0.03030696 0.01673067 0.02389207 0.01385756 0.01232163 0.006706146 0.00836714 0.009203332 0.009242602 0.008503314 0.00740604 0.006452164 0.00553732 0.004113157 0.0009764207 0.0004503018 0.000158764 0.002101619 0.0002158363 2.249345e-006 0.001075065 0.0006541499 9.186074e-005 0 0 0.000564231 0.0003294227
0.295115 0.2491686 0.2719301 0.3016948 0.3028165 0.2396784 0.2670226 0.3015375 0.3127486 0.1943305 0.2078075 0.3021014 0.1904965 0.1798539 0.1529992 0.1711184 0.2961527 0.273906 0.2970973 0.2245544 0.1610656 0.1230704 0.1062308 0.09489028 0.07397328 0.06442027 0.03458138 0.02963359 0.04293614 0.029728 0.021126 0.02114108 0.01242208 0.006768066 0.007673335 0.01139335 0.01286713 0.01307399 0.01214262 0.01033397 0.009422083 0.008089839 0.006072298 0.001466679 0.00070564 0.002076958 0.002316477 0.0005045279 3.381173e-006 1.574757e-007 2.304689e-005 0.0005375576 0.0005439491 0 0.00182484 0.002050171
