contrib/geomasonDemos/riftland/riftlandData/RainData/.svn/text-base/135.txt.svn-base
ncols         56
nrows         54
xllcorner     28.264
yllcorner     -5.7719999999999
cellsize      0.25
NODATA_value  -9999
[rows 27 to 53 of 54, columns 0 to 55 of 56]
0.3686271 0.2912417 0.2255658 0.3401097 0.391635 0.3401361 0.2976583 0.3633633 0.3325962 0.1697876 0.1691593 0.2269204 0.2521587 0.2452838 0.2394153 0.1726646 0.2052123 0.2142555 0.2583411 0.298334 0.2582342 0.1595737 0.1441398 0.1325578 0.06669414 0.05063465 0.03188678 0.02823551 0.01835935 0.02001021 0.01500294 0.02029323 0.01444594 0.01421064 0.01728103 0.02642441 0.03040976 0.03120356 0.02942158 0.01809277 0.01656128 0.01422675 0.0108036 0.00268773 0.001621673 0.0006456967 0.001509002 2.937772e-005 1.016207e-005 4.966149e-007 3.543537e-007 0 0.0003371761 0.005321225 0.006475655 0.00719233
0.4211227 0.346474 0.4406892 0.3197073 0.396897 0.3669522 0.3191392 0.4006343 0.2737441 0.1674482 0.1581752 0.2474554 0.2111629 0.1769629 0.2175908 0.2167787 0.2108323 0.1620638 0.1548769 0.1579985 0.195887 0.1783401 0.167028 0.1138018 0.09682621 0.06766349 0.04024043 0.02437425 0.01787753 0.01730828 0.01802939 0.03208205 0.01467495 0.01729915 0.02143293 0.03300833 0.0381169 0.03893059 0.03591056 0.02215691 0.02035603 0.01739133 0.01318509 0.003360824 0.003361082 0.0007713074 0.003064273 3.673452e-005 1.272135e-005 6.389504e-007 4.539306e-007 0 0.0006708111 0.0001879084 0.003528666 0.002592185
0.3310227 0.4099073 0.4288617 0.2847983 0.2963852 0.3263641 0.2306176 0.2219832 0.2120036 0.1539114 0.1946291 0.1992641 0.1949663 0.1643058 0.1612982 0.2114615 0.2531485 0.2017579 0.1678826 0.148976 0.1560701 0.2089128 0.2262179 0.1295218 0.09762255 0.08686984 0.07532293 0.04062384 0.02518914 0.0223551 0.02328299 0.02183812 0.01651241 0.01891817 0.02486161 0.03599917 0.04462032 0.05051363 0.0451353 0.02734046 0.02298374 0.01962141 0.01481052 0.003726357 0.00172186 0.0007307571 0.0006620629 3.832941e-005 1.329051e-005 0.000312667 0.0166669 0.0273854 0 0.003146498 0.001443298 0
0.4507923 0.3787078 0.3547181 0.3313712 0.2320925 0.2086124 0.1780692 0.2132597 0.2017367 0.1538398 0.1699449 0.2054828 0.1824963 0.2012712 0.2579967 0.2817427 0.3194587 0.276057 0.1942565 0.2640016 0.2895636 0.2398075 0.2436772 0.1148908 0.1048137 0.1250566 0.09911142 0.06597001 0.03748485 0.02738307 0.02982787 0.02749395 0.01848724 0.02186754 0.03456753 0.04105707 0.06339987 0.0567225 0.05824329 0.04071913 0.02589896 0.02071866 0.0155936 0.003896628 0.001741016 0.0005136184 0.0003707898 3.411442e-005 1.188553e-005 7.114747e-007 5.055343e-007 4.443814e-005 0 3.515571e-005 0 0
0.6389607 0.512091 0.3633779 0.2255921 0.1720488 0.1573683 0.1815044 0.3372168 0.3280551 0.2940386 0.2548279 0.2726744 0.2780198 0.3383185 0.3938868 0.4151528 0.3909756 0.3587899 0.3681449 0.3574864 0.3444299 0.3391657 0.3395669 0.1496302 0.140376 0.1367949 0.1278422 0.1036882 0.06358207 0.0519493 0.04578944 0.03454891 0.02424139 0.02876169 0.03650191 0.07487227 0.1047681 0.08277439 0.07404972 0.03194311 0.02802168 0.02343528 0.01757566 0.002435244 0.001033857 0.0002616203 0.0002500076 6.626322e-005 4.221029e-005 8.514852e-007 6.04841e-007 0 0 0 0 1.506436e-006
0.483692 0.4057156 0.1974314 0.1697603 0.1743538 0.201362 0.2723771 0.3648158 0.2797758 0.3030551 0.2492165 0.2864985 0.3041675 0.3957159 0.4762898 0.5190887 0.5115182 0.47801 0.4496103 0.3227536 0.272838 0.2436659 0.2380844 0.1453565 0.1583548 0.1697102 0.1434842 0.1069608 0.07895277 0.06079356 0.0478478 0.03820788 0.0314236 0.03594662 0.04044101 0.07538281 0.09837683 0.1021383 0.0795368 0.03707252 0.02971291 0.02468071 0.01843835 0.002531866 0.001039295 0.0002248636 0.0001624219 0.0004068992 1.091154e-005 8.516667e-007 6.074928e-007 0 0 0 0 2.099752e-006
0.6394985 0.3308925 0.1509444 0.1813411 0.1385459 0.1293528 0.1892698 0.2836347 0.2421104 0.2687983 0.2395678 0.3013224 0.3782257 0.4912353 0.5184945 0.529743 0.544709 0.5030955 0.4380412 0.3760326 0.2414138 0.2129896 0.1582803 0.1555088 0.1530494 0.1888823 0.173278 0.1287347 0.09743431 0.06577636 0.05017851 0.03652837 0.03260572 0.03580287 0.04108202 0.06755227 0.08730329 0.0886293 0.06777891 0.03180035 0.02816417 0.02338509 0.01739358 0.002369507 0.0009555338 0.000190226 0.0001399024 2.763525e-005 1.158166e-005 3.672612e-006 3.871087e-006 0 0 0 3.864331e-005 9.933357e-006
0.663871 0.2967264 0.1458344 0.1790196 0.2235735 0.2094594 0.2604257 0.2763107 0.2578441 0.2664622 0.241775 0.3352932 0.4331914 0.5530039 0.5732523 0.523241 0.4696256 0.5018745 0.4678077 0.354662 0.225281 0.1836361 0.1725808 0.1639097 0.1761173 0.1819277 0.1703526 0.1428509 0.1049209 0.05982881 0.05093511 0.03378333 0.0444601 0.02960409 0.03216535 0.05630035 0.06605644 0.07744563 0.0589284 0.02721986 0.02439497 0.01982855 0.0144919 0.001955315 0.0007868187 0.0001577178 0.0001213235 2.620828e-005 0.0002345383 0.001683534 0.008256159 0.01384713 0.00156071 0 0 2.491138e-005
0.6409891 0.3570541 0.1235321 0.171581 0.2407127 0.2781313 0.153627 0.2177789 0.2470755 0.355436 0.3258947 0.3581882 0.5049496 0.5903131 0.6201921 0.5669979 0.545872 0.5416307 0.4417809 0.3246546 0.2181899 0.2176813 0.2169418 0.2297331 0.2874272 0.3100491 0.2749917 0.1511297 0.1126428 0.03318183 0.02882124 0.02782131 0.02237197 0.01975357 0.02259889 0.03408207 0.04274549 0.03974343 0.03649355 0.02674727 0.0150115 0.01747257 0.00829222 0.0005609812 0.0002238928 4.566114e-005 3.732005e-005 0.005682327 0.01508564 0.02548542 0.04371717 0.05339508 0.007167966 5.122623e-005 5.0161e-005 0.0003030532
0.67782 0.3447912 0.1623473 0.2222299 0.2147952 0.2212691 0.2078407 0.239229 0.2910913 0.3504702 0.3847995 0.4305911 0.5256372 0.5915847 0.6020106 0.560405 0.5413448 0.5002936 0.3502068 0.3064836 0.2383421 0.2490075 0.2267617 0.237312 0.2831263 0.3322498 0.2376207 0.1119716 0.06561141 0.03404073 0.0239573 0.02104319 0.02105381 0.01645545 0.01892943 0.03074038 0.04287826 0.02914984 0.02402752 0.01737467 0.02068865 0.01396722 0.006084061 0.001929291 0.0001601095 0.01150993 0.01675009 0.0267423 0.04102644 0.05431284 0.03873037 0.01317952 0.0004954634 7.125964e-005 6.947236e-005 0.0005760245
0.6153872 0.255053 0.1243078 0.1636953 0.2308818 0.2936052 0.3168872 0.2693886 0.2371797 0.3451464 0.4175317 0.4735205 0.5271603 0.5565778 0.601485 0.4870213 0.4512729 0.3633114 0.3245177 0.2768489 0.2409355 0.2286507 0.2528645 0.2260388 0.2135135 0.2717404 0.1998168 0.09685368 0.05960158 0.03765882 0.0281961 0.02280804 0.01507166 0.01357585 0.01461109 0.01965061 0.02339057 0.02315526 0.02662682 0.02432996 0.02179145 0.008566621 0.006040459 0.0003058609 0.001310503 0.01754303 0.01455445 0.01605569 0.02651906 0.03706264 0.03748878 0.003366193 0.0006253155 0.0001265677 0.0001165155 0.003335536
0.5201127 0.2752634 0.1994139 0.1738152 0.2043487 0.2609812 0.2535766 0.2872028 0.2818463 0.3442592 0.4759607 0.4697443 0.4662927 0.470624 0.4731207 0.4354824 0.369694 0.3335909 0.2578861 0.2466046 0.251781 0.2664425 0.1973403 0.2486645 0.2048853 0.2321571 0.188597 0.09724854 0.08942319 0.03829107 0.02581147 0.01921802 0.01829388 0.01461375 0.01661789 0.02214922 0.01777861 0.01870836 0.02459632 0.05448706 0.03903702 0.004827066 0.004345249 0.0002694572 0.0001505192 0.009881876 0.01974088 0.001147681 0.00104072 0.01407271 0.000308566 0.0008026867 0.004822667 0.000214117 0.0001914942 0.0001868553
0.437535 0.2714582 0.2690034 0.2007758 0.1761388 0.1959118 0.2483849 0.3634892 0.3307036 0.340774 0.4303485 0.4605367 0.4331892 0.3897866 0.3759164 0.3305063 0.1842753 0.2311152 0.2175035 0.2303427 0.2400123 0.2150208 0.17118 0.41267 0.5117678 0.2928869 0.1284487 0.07522197 0.03282922 0.02964364 0.01914129 0.01708217 0.01323908 0.01318938 0.01043116 0.006534362 0.006648143 0.007528238 0.00768736 0.01396639 0.006877582 0.001812937 0.003300606 0.009053582 0.002658037 0.01611673 0.01896826 0.005846692 0.00770214 0.004916071 0.001336424 0.003585333 0.0006803994 0.0006614478 0.0005812335 0.0004044521
0.5550281 0.3528792 0.3327392 0.2321872 0.1775123 0.2314402 0.2692107 0.3837072 0.3883891 0.3535926 0.4401025 0.4194685 0.3830377 0.333701 0.312615 0.2701645 0.1629243 0.2075725 0.1925321 0.1931229 0.2155527 0.193319 0.1818311 0.3753046 0.4399981 0.25101 0.1243153 0.07882329 0.02940203 0.01881224 0.01024208 0.01180895 0.009731783 0.008242255 0.006931613 0.005077928 0.004140635 0.003568623 0.003039151 0.001617767 0.003102267 0.001130499 0.003555226 0.006499835 0.004642852 0.02456391 0.0530957 0.008729489 0.002148716 0.002425535 0.001917697 0.002959464 0.001005209 0.0008392578 0.0007338419 0.0005064071
0.4782047 0.3753881 0.3901602 0.4712499 0.2725351 0.2637394 0.2398123 0.4100253 0.3502274 0.2997572 0.3518452 0.2966351 0.2603872 0.3070017 0.1899934 0.1951298 0.2076751 0.308289 0.1791367 0.1843677 0.2544749 0.2236096 0.2055424 0.5458685 0.5416291 0.3024422 0.1448285 0.07663973 0.02373763 0.01331239 0.01446704 0.01520869 0.008957061 0.008606545 0.007401296 0.005476865 0.003759565 0.006675842 0.006965679 0.001502056 0.00343216 0.00346528 0.001262823 0.002892524 0.01405089 0.03088404 0.02908468 0.01693312 0.002665857 0.002092781 0.004288119 0.0009723231 0.001006768 0.0009698692 0.0008520033 0.0005961179
0.5740587 0.3187405 0.2961263 0.421271 0.3810458 0.3024694 0.3010895 0.2967878 0.3167748 0.3042623 0.2740501 0.2602754 0.2431365 0.3794751 0.187854 0.2246376 0.2618119 0.1756645 0.1957431 0.2434158 0.3210368 0.2399126 0.2479615 0.4861323 0.4732579 0.3020843 0.165525 0.03084238 0.02632771 0.04262355 0.03919305 0.02635236 0.00932191 0.01126351 0.01054344 0.01229984 0.0152183 0.01164185 0.00521027 0.005638292 0.005046574 0.003088626 0.00279164 0.003273508 0.01901332 0.06048291 0.03365231 0.009694288 0.002495875 0.00227157 0.00230775 0.001117337 0.00109896 0.001045368 0.0009385449 0.000705942
0.5388957 0.3168208 0.2375209 0.3987055 0.3453733 0.3213678 0.2780859 0.2187645 0.2130001 0.2205741 0.1959016 0.1970341 0.1974716 0.2175335 0.2438447 0.2276913 0.2617738 0.1854063 0.1588494 0.2125517 0.2991207 0.2830652 0.2618392 0.2476658 0.2500813 0.2111016 0.0899705 0.04390353 0.1313547 0.1103934 0.02971998 0.01988838 0.0168752 0.0151699 0.02256841 0.06423202 0.1482646 0.03773326 0.02080787 0.03324454 0.03076365 0.009843164 0.01652352 0.009153687 0.02256827 0.04231548 0.03364002 0.009620446 0.002714615 0.003080386 0.002464601 0.001114265 0.0009070682 0.0008597397 0.0007799981 0
0.5631528 0.3302194 0.309515 0.3580208 0.3095455 0.3611906 0.2753247 0.2101555 0.256414 0.2689086 0.2122405 0.1703602 0.1594998 0.1840878 0.2127525 0.2361284 0.2365814 0.2090215 0.2111919 0.2171278 0.2429911 0.2467732 0.2252626 0.2113435 0.2097771 0.1779195 0.08955518 0.0236799 0.04944285 0.03183656 0.02904267 0.04561681 0.0300314 0.01538436 0.01412783 0.02078197 0.02766769 0.02505304 0.04299768 0.06269367 0.03331656 0.01546262 0.01823066 0.01635221 0.0485063 0.03736423 0.01713807 0.01010916 0.003195837 0.007931721 0.003128722 0.001201884 0.0009721752 0.004267638 0.004162099 0.002943548
0.5930108 0.2978072 0.351823 0.2710019 0.2420316 0.2562174 0.3105834 0.2606086 0.2668925 0.1846035 0.2146286 0.190661 0.1783542 0.1458824 0.1684952 0.2474017 0.2681572 0.2483376 0.2235322 0.2542296 0.2229423 0.206498 0.2258327 0.1405 0.1092388 0.1163891 0.09089465 0.03674064 0.05651198 0.07565744 0.05886723 0.0598921 0.01805915 0.01320305 0.014257 0.02098308 0.02929256 0.04896859 0.05354877 0.07005651 0.03193219 0.01555634 0.006078128 0.02317367 0.04639019 0.02439815 0.01291697 0.01095686 0.005279094 0.008703916 0.004067272 0.001412616 0.001277373 0.00419245 0.003917575 0.003064516
0.4493658 0.3653242 0.3557053 0.311041 0.2449558 0.2578065 0.3049183 0.3182411 0.256634 0.2058996 0.2576396 0.2367837 0.2448529 0.169115 0.2023514 0.2275259 0.2692672 0.2480936 0.2357833 0.2449832 0.2231014 0.2029373 0.2133473 0.1303634 0.1415416 0.162714 0.1574306 0.1085445 0.07994654 0.117995 0.08739552 0.03846683 0.02465275 0.01476748 0.02110586 0.01565913 0.01958779 0.04217425 0.04473571 0.05946574 0.04769162 0.0437856 0.02241219 0.03046259 0.03423034 0.024917 0.01930706 0.01478341 0.02473718 0.01722768 0.01142977 0.007222939 0.001900295 0.00117719 0.0009747223 0.006008064
0.4597934 0.3831383 0.3751099 0.2977089 0.261557 0.2515533 0.3372954 0.4851458 0.3211285 0.2724649 0.2927384 0.3033375 0.302298 0.2019837 0.1882961 0.2626106 0.3798104 0.2782491 0.2369469 0.2632123 0.2482431 0.1874376 0.1591116 0.130281 0.1865391 0.2005874 0.1731163 0.1725145 0.1076308 0.09050486 0.0738764 0.05605586 0.03975829 0.02300994 0.02157295 0.02065787 0.01675752 0.01964909 0.04137058 0.06948084 0.07838329 0.0631228 0.03415743 0.02432494 0.0364488 0.02696007 0.01801281 0.01914925 0.02546881 0.02082539 0.02413309 0.008991934 0.003346774 0.002943548 0.00233871 0.01145161
0.5099624 0.3694353 0.3906185 0.336816 0.3041339 0.2591176 0.303064 0.3795499 0.3882731 0.3201315 0.3146351 0.3334094 0.2543838 0.3393632 0.2289363 0.304439 0.3660845 0.281256 0.2663859 0.2615197 0.2709981 0.2519267 0.2197216 0.2047484 0.1985211 0.170282 0.1540345 0.165194 0.09294399 0.07760245 0.07657362 0.06666917 0.0566918 0.04271991 0.04984234 0.03467155 0.02341725 0.03160034 0.06048741 0.06812405 0.07154787 0.03655786 0.03870648 0.03608905 0.03301222 0.03421341 0.03893907 0.04818459 0.03746115 0.03102601 0.02679891 0.03560484 0.01608871 0.001733871 0.01407258 0.01689516
0.6050483 0.4135727 0.4303594 0.3662098 0.35995 0.3671265 0.3787507 0.4546647 0.4967555 0.4141638 0.2989498 0.251531 0.2447821 0.3174095 0.2280087 0.3019009 0.3437938 0.3260639 0.3088248 0.2965263 0.2518274 0.2218539 0.2472244 0.2454376 0.2270763 0.2168524 0.1641878 0.188 0.1188022 0.1054844 0.09689515 0.07319257 0.05325625 0.03601695 0.03668088 0.0423171 0.02499868 0.02834089 0.03905919 0.05164007 0.0823632 0.0431914 0.03923343 0.03017655 0.02844412 0.05065927 0.07536789 0.09990701 0.07526766 0.06285722 0.04925136 0.03306451 0.01709677 0.01677419 0.0241129 0.02197581
0.4554695 0.5674269 0.4395959 0.4373906 0.320783 0.4623055 0.2954926 0.39454 0.3142218 0.372438 0.3033524 0.2123982 0.2000074 0.3037688 0.2594049 0.3239191 0.3286169 0.3192867 0.3252203 0.3166538 0.3143063 0.2103702 0.2143231 0.3718784 0.2721959 0.2194249 0.2385657 0.2803358 0.1640073 0.1567108 0.1577799 0.1384147 0.06596655 0.05435614 0.025311 0.02621989 0.02341087 0.03551868 0.03688942 0.05958979 0.1034612 0.07935816 0.05162222 0.05067943 0.04130151 0.06092829 0.07149608 0.1029942 0.1317033 0.09680865 0.05892816 0.02205645 0.006451612 0.005766129 0.02048387 0.02096774
0.3154262 0.3685268 0.5136552 0.4087408 0.3042917 0.2580984 0.2319456 0.236686 0.2014419 0.2533932 0.3310788 0.2371339 0.2132551 0.286974 0.3041475 0.2789029 0.3301315 0.3215576 0.31948 0.3134612 0.3341052 0.2479165 0.1878033 0.2817349 0.2302072 0.2041922 0.2110936 0.2724645 0.2343455 0.1992577 0.1642226 0.1188809 0.1001628 0.07570627 0.06071847 0.04108613 0.0367797 0.05321 0.0647222 0.08131421 0.0843922 0.1069093 0.1115641 0.07945684 0.05656454 0.09560452 0.06985251 0.06802395 0.1360473 0.1266962 0.06554256 0.05173387 0.01649193 0.008991935 0.01133064 0.0233871
0.2644184 0.2229305 0.2449856 0.3991307 0.2470189 0.1977909 0.2347334 0.3290318 0.2222118 0.2353951 0.3142526 0.3254663 0.2541611 0.2768269 0.2828253 0.292796 0.2553693 0.2753963 0.2638589 0.2589743 0.2673139 0.2623303 0.2310254 0.216301 0.2385827 0.2253945 0.2469155 0.2902842 0.1844689 0.1352633 0.1442202 0.1561785 0.1300548 0.1000783 0.074155 0.09253544 0.06391711 0.05590558 0.07705504 0.1029036 0.1086508 0.1452692 0.1041947 0.07509859 0.09249014 0.1386473 0.08231462 0.06681348 0.08741387 0.06787635 0.08049081 0.09104839 0.03306451 0.01568548 0.01177419 0.01842742
0.3353581 0.2909289 0.261323 0.2867244 0.2032898 0.191211 0.2326354 0.2194329 0.2095742 0.2378388 0.2749199 0.3767366 0.3587339 0.2449718 0.2684718 0.2433141 0.2229475 0.2510876 0.2482685 0.2593797 0.2549858 0.242568 0.236759 0.1961994 0.2465801 0.278895 0.2302306 0.2600179 0.2079958 0.1629975 0.1570973 0.1713985 0.1311508 0.1274688 0.1065132 0.1309494 0.1232909 0.1221421 0.1254219 0.1543365 0.1516358 0.1416296 0.1069972 0.09829748 0.1040276 0.1713996 0.1224243 0.08441685 0.08049136 0.07794823 0.0859256 0.06741935 0.05931451 0.03459677 0.00766129 0.01891129
