contrib/geomasonDemos/riftland/riftlandData/RainData/.svn/text-base/138.txt.svn-base
ncols         56
nrows         54
xllcorner     28.264
yllcorner     -5.7719999999999
cellsize      0.25
NODATA_value  -9999
[rows 25 to 49 of 54, columns 0 to 55 of 56]
0.05100669 0.02257463 0.0586171 0.04778975 0.04988561 0.04695913 0.06606412 0.05683874 0.03732159 0.06149684 0.02567046 0.03193662 0.03983774 0.05583834 0.06559812 0.03692394 0.02813029 0.03299154 0.03445485 0.03679944 0.06870389 0.05566629 0.05325297 0.04761336 0.04148 0.04950573 0.04890227 0.03340533 0.03700452 0.04172568 0.0296977 0.03115283 0.02918911 0.01361742 0.00704168 0.008090487 0.007666573 0.00712035 0.008188806 0.006712143 0.00466543 0.003920717 0.003104346 0.001571488 0.001703877 0.0005534122 0.003038328 0.001523725 0.001972334 0.004523442 0.007357317 0.004952275 0.01179849 0.007314821 0.009243608 0.01494729
0.05233664 0.03276106 0.04175721 0.04983264 0.05013119 0.04376581 0.07396246 0.05722005 0.02725681 0.03805254 0.0505504 0.04271308 0.02925906 0.02283488 0.02399985 0.02468681 0.02598114 0.0286686 0.02931171 0.0272319 0.02382136 0.02923745 0.0679487 0.07720616 0.05305653 0.04246924 0.04594686 0.0448593 0.04616272 0.04176224 0.0442125 0.04138965 0.02430049 0.0247265 0.01861154 0.008536616 0.008017362 0.00743143 0.007638057 0.008621366 0.005168117 0.004449788 0.003599911 0.002335367 0.001258172 0.001293722 0.002658359 0.007092202 0.00523644 0.004938888 0.007080684 0.01199386 0.01090895 0.005096762 0.01132996 0.01286794
0.08784524 0.06020268 0.03160276 0.04303521 0.06812239 0.05507007 0.06656172 0.06990273 0.05515612 0.06044811 0.0512309 0.04999249 0.03866517 0.04468652 0.03708123 0.03395515 0.03242731 0.03770236 0.03840891 0.027288 0.03944025 0.040945 0.04772621 0.06623802 0.06954417 0.05287951 0.05168354 0.06277333 0.03945281 0.0393053 0.05830444 0.05797749 0.04726325 0.04616649 0.03408205 0.02169388 0.01942269 0.01803955 0.01651462 0.01111454 0.01012839 0.009321091 0.007885456 0.004206644 0.003877978 0.00498622 0.003472773 0.00448157 0.003250964 0.002704369 0.01507102 0.0288489 0.03011268 0.02251704 0.006295398 0.02078892
0.08421382 0.09252687 0.05861878 0.05766122 0.06719942 0.04930168 0.05358024 0.0536727 0.06404581 0.03865294 0.02771321 0.03239843 0.03928736 0.03797677 0.04728094 0.05209778 0.06190389 0.05250666 0.05852196 0.03540807 0.02943799 0.03056744 0.04481459 0.09175608 0.09695253 0.0750936 0.04431451 0.052723 0.03797134 0.04904032 0.05463602 0.05961666 0.04155808 0.03752356 0.02158421 0.02209602 0.02023731 0.01870912 0.01746069 0.01189573 0.0110013 0.009761048 0.008141596 0.004851562 0.006210123 0.009779719 0.01048351 0.00241313 0.004868687 0.005699199 0.007163309 0.01077121 0.01205799 0.02892208 0.01957074 0.02709248
0.1002193 0.1197847 0.080302 0.08919717 0.07430897 0.06202151 0.03867984 0.04455152 0.06572501 0.04585811 0.02078828 0.03092331 0.0464846 0.03429765 0.0320575 0.05785101 0.04645053 0.049884 0.0598883 0.03179911 0.03201103 0.04807492 0.02278483 0.06060679 0.08288319 0.05944116 0.04143138 0.06562589 0.04909049 0.06596756 0.05539417 0.04947656 0.03243534 0.02669445 0.02263382 0.02294285 0.02169783 0.01921996 0.02523183 0.01224107 0.01134615 0.01010097 0.00852734 0.005173025 0.006684846 0.008112921 0.004965599 0.003699663 0.005045286 0.008265811 0.01036823 0.003700185 0.01112841 0.008260156 0.02308217 0.01966119
0.1026771 0.07929434 0.07076149 0.05219246 0.04201158 0.04317026 0.0475425 0.05054614 0.03663936 0.04645837 0.03272051 0.02774148 0.02574553 0.02401422 0.02457953 0.03229657 0.03491527 0.03998002 0.03449485 0.03249549 0.0263998 0.02181985 0.01399387 0.03587956 0.05012135 0.05291282 0.04613482 0.06900761 0.0628793 0.05022267 0.04909567 0.04829638 0.0403896 0.02588243 0.02952385 0.04059811 0.04281435 0.01942841 0.01799291 0.01213478 0.01108889 0.009822909 0.008373578 0.005184307 0.004737684 0.00456638 0.00322412 0.003119359 0.003090516 0.01628428 0.01572268 0.004561342 0.002835062 0.01703811 0.03225417 0.06517698
0.1250203 0.07062143 0.0777836 0.03271034 0.02479987 0.02760693 0.03446895 0.04120108 0.03476102 0.02845023 0.02548006 0.02706735 0.03113903 0.02714073 0.02876593 0.04705505 0.05138932 0.04584735 0.03923265 0.02680443 0.0241141 0.02424512 0.02192153 0.02806508 0.02621362 0.03154775 0.03376026 0.0466485 0.06558958 0.04516556 0.03666589 0.04540012 0.04323117 0.04523191 0.03496166 0.04903666 0.05381985 0.02205799 0.01905774 0.01082566 0.01438798 0.008591239 0.007415016 0.00538649 0.00433361 0.003744922 0.003609494 0.003538257 0.003360941 0.009546502 0.01108859 0.01059781 0.01820618 0.02593486 0.03189068 0.03627937
0.1301376 0.07992613 0.0299561 0.02448153 0.02073048 0.01659359 0.02269735 0.03555108 0.01748974 0.01791512 0.005003669 0.0200794 0.02301742 0.02579548 0.02803907 0.05990716 0.07413191 0.04340127 0.04638467 0.03449911 0.02538937 0.02346648 0.02504645 0.03015476 0.03399571 0.05002512 0.03819221 0.0623555 0.08163645 0.04588979 0.02535163 0.0425726 0.04387609 0.05132684 0.04011337 0.03514971 0.03445041 0.02114278 0.01908715 0.01118225 0.009459818 0.008324713 0.007298056 0.005415597 0.005053058 0.004206298 0.003886349 0.003617603 0.00350674 0.01340499 0.01253859 0.007696524 0.01744612 0.02144673 0.02626602 0.03509869
0.1078908 0.05612307 0.03400449 0.01664466 0.01521099 0.01367008 0.01831746 0.01819572 0.01166878 0.01540957 0.008343177 0.01768012 0.0182577 0.03362244 0.05235942 0.068537 0.07646532 0.05509241 0.05802042 0.04487636 0.03176212 0.03502633 0.03225732 0.04730069 0.09785165 0.06150007 0.04952914 0.0514 0.06430132 0.0586326 0.03154725 0.04652875 0.05885116 0.05217691 0.04421934 0.03728044 0.02910642 0.02216662 0.01987388 0.01099006 0.00957192 0.008375214 0.01254901 0.009471658 0.004770792 0.01221002 0.004587207 0.00485329 0.005039166 0.01674956 0.006527044 0.002280481 0.005199528 0.0406606 0.03055606 0.03645338
0.0789445 0.03859264 0.02436031 0.02104018 0.01755565 0.02400141 0.0202254 0.01242438 0.01129906 0.01116532 0.003881941 0.01355003 0.01409472 0.03222712 0.06430371 0.04715435 0.06478167 0.07336102 0.04678909 0.03525216 0.02867814 0.0287714 0.03129637 0.04241366 0.1349962 0.1120167 0.05957897 0.06699809 0.05513144 0.03354088 0.03467792 0.04613781 0.0937997 0.08450777 0.04740072 0.03982474 0.03300642 0.02397818 0.02139751 0.01172832 0.01008901 0.008778286 0.007848362 0.006604494 0.005378237 0.01143439 0.03381486 0.01339115 0.02070137 0.01581598 0.009223257 0.007495179 0.01138202 0.03084968 0.02747522 0.03085979
0.1021246 0.04792723 0.03160737 0.02327029 0.01736837 0.0190487 0.01365921 0.01370104 0.00792928 0.006893326 0.003438108 0.006399528 0.005728669 0.01080974 0.01339387 0.02653491 0.04592594 0.04662498 0.02891881 0.02779893 0.02522722 0.02667385 0.03468735 0.11378 0.1176289 0.1774212 0.08979981 0.06784027 0.03415455 0.02079564 0.03293621 0.0326408 0.03510303 0.09002686 0.05041956 0.0207495 0.01961488 0.01804237 0.01814357 0.008174499 0.006619795 0.005800564 0.005212524 0.002664448 0.002329979 0.003329971 0.01446084 0.02123464 0.03842694 0.03329511 0.01351959 0.0287008 0.02559028 0.02583869 0.02510063 0.03979309
0.0793938 0.05537371 0.02120093 0.01779088 0.01908376 0.01145964 0.01267864 0.009295012 0.005109841 0.003463477 0.004123775 0.003903188 0.005186691 0.007089557 0.006379413 0.02171954 0.04430845 0.03826278 0.03121547 0.04175622 0.02505954 0.02916963 0.03298722 0.1178895 0.08328197 0.1281418 0.09422176 0.07373178 0.06256831 0.02331883 0.01480683 0.03049042 0.03258267 0.04627961 0.07722641 0.0344072 0.02289928 0.01925854 0.01842006 0.01037108 0.006935305 0.006010392 0.005462829 0.002812913 0.002493096 0.002638452 0.005250555 0.02497239 0.03318588 0.04618379 0.02493898 0.05263147 0.04669988 0.03568116 0.01771784 0.05631149
0.05829751 0.0256138 0.01015412 0.01019914 0.01331124 0.01819541 0.009256892 0.009693574 0.01057981 0.008555317 0.005529257 0.002494206 0.003802825 0.005900553 0.009219415 0.01890519 0.0327207 0.03110358 0.05401766 0.0548839 0.03249169 0.03548452 0.03922976 0.07834575 0.05061073 0.07691751 0.05023192 0.05383129 0.05613847 0.03854198 0.01595402 0.03244722 0.03068798 0.03141581 0.03699166 0.03379668 0.02248327 0.01907733 0.01710543 0.008293053 0.007145814 0.01236322 0.009548901 0.00351231 0.003477326 0.01468228 0.008619742 0.0219907 0.02808298 0.06611583 0.07504389 0.09594261 0.08529537 0.03885267 0.01896534 0.0622199
0.07107585 0.02962886 0.01361551 0.01350725 0.01500476 0.01473058 0.01370207 0.01053472 0.01048771 0.01036166 0.01510541 0.004304625 0.003519933 0.007481354 0.02099109 0.01343091 0.02186645 0.0270269 0.04289564 0.04870894 0.0246842 0.02930372 0.02732696 0.07523151 0.0579748 0.0679352 0.07036725 0.06036829 0.06899989 0.02993615 0.01787912 0.04013564 0.03684306 0.02857032 0.02629661 0.01933663 0.01968085 0.01748604 0.0161543 0.008075098 0.007335533 0.009336663 0.0215329 0.008118224 0.009308132 0.007892314 0.01359836 0.04551929 0.03096518 0.0744008 0.1035729 0.1057866 0.07059563 0.04281826 0.03121269 0.08355855
0.05250472 0.0332968 0.01583106 0.02519507 0.02032444 0.01588291 0.01307866 0.008630393 0.01115603 0.00883106 0.009746011 0.0052853 0.01426038 0.02473131 0.01994703 0.01537739 0.01734472 0.03842393 0.04335125 0.04478746 0.01796538 0.01542067 0.02653506 0.06161313 0.07054949 0.06489179 0.07178427 0.06075474 0.02306852 0.01526298 0.01672679 0.03415392 0.02120144 0.01468961 0.01443825 0.01411845 0.01465486 0.01356054 0.01298053 0.01120137 0.01160349 0.0145443 0.01271176 0.01690748 0.01850005 0.01920873 0.0300176 0.0682506 0.08290775 0.09428964 0.07730123 0.08436584 0.07018862 0.0521925 0.07267408 0.08868121
0.05151841 0.01734915 0.01376095 0.01634559 0.01712313 0.01398853 0.0116681 0.01167867 0.02097667 0.007491175 0.01166792 0.009941017 0.01296824 0.01987047 0.02986674 0.0257783 0.02227688 0.01710026 0.01232051 0.02472449 0.009280294 0.01252309 0.01700976 0.05417791 0.04820152 0.04984184 0.06082266 0.04732822 0.01614723 0.01192034 0.01254726 0.01833411 0.01371213 0.01335318 0.01241274 0.01226276 0.0121348 0.01321244 0.01212496 0.01089516 0.01086872 0.01317569 0.01566177 0.02072397 0.02210124 0.02956465 0.04324096 0.1040372 0.09673513 0.08949988 0.06828316 0.09396707 0.07900187 0.08478681 0.06269833 0.1087959
0.02608542 0.0122725 0.008001153 0.0146874 0.01194457 0.007707993 0.006793354 0.00469069 0.01112357 0.009071628 0.01520723 0.02189331 0.01105658 0.03696281 0.02000833 0.003453556 0.004415546 0.00683085 0.01530094 0.01235562 0.008029317 0.009322239 0.02931309 0.04185051 0.04108178 0.03539269 0.05685678 0.01962934 0.007569497 0.007515583 0.007283057 0.01763176 0.01491109 0.01432842 0.01066123 0.01059773 0.0106379 0.01097297 0.01153219 0.01092383 0.01309534 0.01342464 0.01773189 0.02276582 0.02916286 0.03611226 0.05417479 0.1044803 0.111666 0.1415636 0.1149743 0.1188247 0.1182216 0.1227106 0.08938466 0.06195052
0.03224257 0.01269062 0.00625338 0.004809579 0.01154209 0.01056009 0.01067887 0.004110977 0.005026009 0.007651592 0.0147864 0.01253226 0.01148129 0.03357919 0.01716776 0.002552476 0.002616266 0.004185968 0.01080277 0.009480579 0.009741109 0.01224333 0.01955136 0.03492168 0.03415113 0.03911189 0.02155801 0.02064805 0.006874591 0.01114 0.02361672 0.009301597 0.009031066 0.008967663 0.009125822 0.01390271 0.0190385 0.01014324 0.0113218 0.01123307 0.01417718 0.01523156 0.01993039 0.02860862 0.04036922 0.05819401 0.08854393 0.08669524 0.1153365 0.1291304 0.1704041 0.1543991 0.135696 0.1046464 0.1186909 0.07991177
0.04776124 0.03410719 0.01078119 0.005384862 0.01147664 0.01064702 0.01127412 0.00892796 0.006986688 0.006754905 0.01851524 0.009751945 0.008831129 0.01813837 0.01931968 0.008841391 0.001857243 0.002040376 0.002389089 0.01074339 0.008846168 0.01339094 0.01534581 0.01782626 0.02064499 0.03388445 0.04605415 0.05218827 0.008637673 0.01349092 0.02032134 0.006412743 0.008910319 0.007692185 0.006542746 0.009025178 0.1181786 0.0170068 0.009842938 0.01281215 0.01563702 0.01856205 0.02314138 0.05823746 0.08023337 0.08558357 0.1064036 0.1302215 0.1597831 0.1974673 0.1637257 0.2006931 0.1740748 0.1397456 0.1266079 0.1134166
0.05618712 0.04185361 0.01655939 0.006768369 0.01005162 0.007913304 0.01070196 0.005572456 0.003658985 0.007030793 0.02204447 0.008744593 0.007441627 0.008023603 0.01671141 0.02750798 0.01006294 0.00347387 0.01470344 0.01778614 0.02000556 0.01049235 0.006632238 0.005389618 0.007785754 0.01372677 0.01573071 0.009641687 0.01079701 0.006145377 0.02934105 0.00751665 0.004567081 0.0103539 0.0051891 0.00572704 0.01083457 0.00859841 0.009608156 0.01215311 0.01563225 0.021932 0.02966398 0.06197769 0.08171882 0.09138317 0.106039 0.1326422 0.2039171 0.2233561 0.2189115 0.2433669 0.1938025 0.1705022 0.1617659 0.153125
0.07527495 0.02880074 0.01179243 0.005402807 0.009131613 0.009598463 0.01359887 0.00553284 0.005067664 0.01121388 0.01675979 0.009327734 0.006223082 0.005107848 0.00820861 0.01920977 0.01736663 0.01701057 0.01701872 0.008667797 0.007537812 0.005323923 0.004090302 0.003434444 0.01053003 0.003538835 0.00329625 0.008663577 0.01373726 0.002566864 0.03169086 0.003636001 0.003584454 0.003846479 0.004933249 0.005077604 0.005641052 0.007687926 0.01013145 0.013327 0.01602458 0.02246996 0.02863226 0.06498256 0.0825795 0.09316415 0.1276486 0.1923802 0.2681386 0.2400499 0.2148934 0.2124866 0.1819228 0.179159 0.1696657 0.2160833
0.0246494 0.01736977 0.006813366 0.01188468 0.01428238 0.01289852 0.00516163 0.006175583 0.009394071 0.01290953 0.008054556 0.005105644 0.003546217 0.005926395 0.006013189 0.00556113 0.01852961 0.01218346 0.007112812 0.007020578 0.006541338 0.004065072 0.002809203 0.006636638 0.01825018 0.01592186 0.00495699 0.006148419 0.006142911 0.002200481 0.003646068 0.003253121 0.003263163 0.003608647 0.004296163 0.005047406 0.005746211 0.007874669 0.01131551 0.01524373 0.01867113 0.02365795 0.04332568 0.06867404 0.07181331 0.0914001 0.106081 0.1843892 0.1674398 0.1733371 0.1985825 0.1920511 0.1571608 0.188549 0.1778992 0.263375
0.02972917 0.03474978 0.008473294 0.02122081 0.02716086 0.0310002 0.01794804 0.0150281 0.01294669 0.0135845 0.0112693 0.004038945 0.005814293 0.005922365 0.007161819 0.006950914 0.009663206 0.01019786 0.0148928 0.01008431 0.01692216 0.006700672 0.006345829 0.007085057 0.02697222 0.0129153 0.002585707 0.001662188 0.01204443 0.001308443 0.001360101 0.001826067 0.001877348 0.002147208 0.002643655 0.002773402 0.003140454 0.004530824 0.006609994 0.01524084 0.01558532 0.0211798 0.07525158 0.0858662 0.08121528 0.06403828 0.1116021 0.1805579 0.1550988 0.1889578 0.1967984 0.13825 0.154875 0.2170834 0.2184583 0.2449167
0.02617136 0.0219878 0.01145339 0.01988852 0.01878506 0.03146817 0.03052756 0.02221847 0.01136184 0.01192951 0.01197767 0.004433092 0.011477 0.01010096 0.008883481 0.008517799 0.00910129 0.007832923 0.008857601 0.008685626 0.0115442 0.01371084 0.01317262 0.009358169 0.004095857 0.03142906 0.004775577 0.003862585 0.00114535 0.003986563 0.001130075 0.001567547 0.001679523 0.002008705 0.002565213 0.002717267 0.003175757 0.004734219 0.00720079 0.0206342 0.02146348 0.02995919 0.03971371 0.08014508 0.07458544 0.08537486 0.1180975 0.1572649 0.1483248 0.1342109 0.1509004 0.10875 0.1557083 0.212 0.207 0.1750417
0.03155824 0.02913361 0.01317829 0.01428482 0.02715772 0.02699177 0.02167672 0.01731245 0.01201517 0.009652616 0.01083621 0.005504315 0.008777938 0.01227116 0.01712096 0.03047717 0.01350753 0.01448057 0.00848917 0.008094181 0.008291068 0.01987663 0.01774603 0.008063165 0.006245799 0.0133664 0.002827425 0.002541153 0.002671218 0.0008148624 0.0009372754 0.001357258 0.001712493 0.001893226 0.002510148 0.002747117 0.003250619 0.005776114 0.007340576 0.02511501 0.02928506 0.04541283 0.09078497 0.08119633 0.07230177 0.08891471 0.1231853 0.1435007 0.1282208 0.1347828 0.1348283 0.144 0.1604166 0.1689166 0.185875 0.1541667
