contrib/geomasonDemos/riftland/riftlandData/RainData/.svn/text-base/138.txt.svn-base
ncols         56
nrows         54
xllcorner     28.264
yllcorner     -5.7719999999999
cellsize      0.25
NODATA_value  -9999
[rows 0 to 24 of 54, columns 0 to 55 of 56]
0.04675227 0.03228719 0.02908844 0.01902572 0.02168505 0.03554251 0.04458473 0.04524544 0.03528764 0.01633601 0.01172006 0.01524233 0.01801845 0.01758785 0.01387892 0.02110524 0.0263313 0.01871124 0.02186365 0.02854239 0.03376694 0.04246638 0.03625603 0.04493565 0.04390633 0.04989399 0.05948146 0.08351675 0.1070735 0.09593289 0.09542949 0.0916594 0.07345362 0.06731773 0.07580181 0.07953494 0.04167808 0.04333704 0.04154356 0.01550796 0.01136391 0.01452499 0.01449641 0.01576459 0.008945228 0.007391552 0.01145142 0.01330466 0.01244654 0.01507873 0.00886351 0.009578841 0.003180678 0.008052355 0.01895505 0.02361226
0.04120011 0.04494937 0.03040417 0.02615587 0.03221844 0.03306416 0.04786173 0.04462824 0.03381308 0.02195785 0.01331275 0.01501868 0.02551025 0.02407497 0.02083719 0.01770734 0.01630921 0.01855413 0.02254689 0.02995743 0.03524892 0.03559525 0.03450886 0.03276813 0.03603438 0.04061909 0.04947129 0.06168684 0.07052459 0.07878611 0.08124124 0.07755452 0.05575718 0.04433044 0.04536738 0.053094 0.04947668 0.03373571 0.02232445 0.01328522 0.01738366 0.01525336 0.01196801 0.009167154 0.004890921 0.005683709 0.004078929 0.004416426 0.01289001 0.0130991 0.003571749 0.000995495 0.001271416 0.00245809 0.002649257 0.005183987
0.060884 0.0448739 0.03246957 0.04101718 0.03593747 0.03482783 0.0391642 0.03958949 0.03803541 0.04918269 0.02906273 0.02503914 0.02753659 0.02010817 0.02443577 0.02488649 0.01689542 0.02111802 0.02636578 0.03434316 0.04365982 0.04314046 0.04979493 0.03805659 0.03632189 0.03604199 0.0349625 0.03578063 0.04578129 0.06262351 0.05559605 0.06406246 0.05033597 0.03709364 0.04170422 0.04190551 0.02721325 0.02157397 0.009739901 0.007449836 0.01739882 0.01863172 0.01656779 0.009775791 0.005745146 0.004411055 0.009635989 0.006700777 0.007336477 0.005772764 0.005251108 0.003092359 0.0007630803 0 0.0002833333 0.004509657
0.0741399 0.0436155 0.03441133 0.02793343 0.02816337 0.02309886 0.03845643 0.04933587 0.05877188 0.05380871 0.03450497 0.02692761 0.02899198 0.02304652 0.02169894 0.01848667 0.01422791 0.01698939 0.02749432 0.0457034 0.0568781 0.04773875 0.04679497 0.04403605 0.03892979 0.02833558 0.03002305 0.02694306 0.0318939 0.0435212 0.03919619 0.04620983 0.0376103 0.03260053 0.03000184 0.03137584 0.02477581 0.02030784 0.00691002 0.008426386 0.01336539 0.02196915 0.02176701 0.01269526 0.005355855 0.002752035 0.009035679 0.002877439 0.001514135 0.006119863 0.005277893 0.001474128 0.0006762926 0 0.000325 0.0013
0.05759502 0.05734029 0.02955274 0.02916977 0.02472979 0.02423519 0.03160711 0.0373749 0.05385608 0.04782064 0.03201611 0.03073957 0.01868178 0.01742002 0.01714619 0.01491566 0.01621224 0.0159214 0.02380683 0.04769704 0.04912843 0.05290521 0.04828012 0.04866325 0.0430765 0.02470547 0.01899881 0.0199795 0.02233078 0.02436032 0.03129324 0.03815208 0.0328398 0.02482277 0.01744072 0.02849877 0.0240998 0.01605571 0.01313585 0.009740733 0.01673228 0.02750437 0.01790662 0.01675259 0.01189659 0.004212441 0.002753817 0.001421854 0.003033175 0.002137113 0.0007739331 0.0006984798 0.0001926323 0 0 0
0.09395559 0.07733395 0.03614388 0.02335851 0.02124791 0.03202466 0.0322157 0.03998571 0.0472859 0.05489415 0.03557453 0.02620595 0.02037965 0.01271408 0.009760076 0.01139128 0.01391015 0.0189356 0.01923444 0.03269583 0.03716234 0.05445051 0.04786685 0.04054356 0.03994964 0.02309528 0.01833289 0.01567826 0.01765077 0.02288625 0.02238894 0.02850487 0.02495976 0.01877787 0.01589305 0.01379822 0.01374055 0.01283731 0.00821175 0.01642735 0.02537661 0.01395152 0.006050457 0.009224999 0.004232763 0.001040647 0.001545095 0.000499093 0.001390083 0.0005782768 0.0001829466 0.0002179855 0 0 0 0
0.08541261 0.07142299 0.05037385 0.03294658 0.02511992 0.0477252 0.04293037 0.04847241 0.06463197 0.05524496 0.03993443 0.02452698 0.01468569 0.01166706 0.0128004 0.01372064 0.02143721 0.02409258 0.01922448 0.0253631 0.02972555 0.04083201 0.04573656 0.03381423 0.03304273 0.01867395 0.0132064 0.01388176 0.01569417 0.01513259 0.0189595 0.02008583 0.0220511 0.01612486 0.008677978 0.01395136 0.009769901 0.00742962 0.003507872 0.005799706 0.01326506 0.01149747 0.005427274 0.002675 0 0.003100394 0.002850149 0.0001438485 0.0001218553 6.939717e-005 0 0 0 8.333333e-006 0 0
0.07000307 0.1078889 0.09050714 0.05111001 0.03723492 0.03484246 0.04065158 0.04125476 0.05424446 0.04277775 0.03480021 0.02673194 0.01763741 0.01482858 0.01499874 0.02209659 0.02675443 0.02762432 0.02873301 0.02529583 0.02717032 0.03990922 0.04659523 0.03610765 0.03164739 0.02831368 0.02190853 0.01620813 0.01268647 0.01242726 0.01140481 0.01762014 0.02072998 0.01100697 0.005494172 0.01205855 0.007600548 0.005759818 0.004969444 0.007869394 0.00971691 0.005726316 0.0009194916 8.333333e-005 0.0001166667 0.00137537 0.001851622 0.0002554073 0.0001314648 0.0001249042 0 0 0 0 0 0
0.07637227 0.07892682 0.07134774 0.07929682 0.05893871 0.03515399 0.04553099 0.04421827 0.05630955 0.09079202 0.05023364 0.02462233 0.0183749 0.0150483 0.01823773 0.0250394 0.02491225 0.02267881 0.02132131 0.02400729 0.02752193 0.03692797 0.03888688 0.03531288 0.03509424 0.03557956 0.01903314 0.01612549 0.0138309 0.01046614 0.008584882 0.005886316 0.007355198 0.006557568 0.002591423 0.008652852 0.006767847 0.005654605 0.003748638 0.004610384 0.003785938 0.002318084 0.0007790865 4.166667e-005 7.549318e-005 7.931444e-005 8.465333e-005 5.103916e-005 0 0 0 0 0 0 0 0
0.1264409 0.08199273 0.06968746 0.08383287 0.06659399 0.06096942 0.06757194 0.06148809 0.0548128 0.04886845 0.05463639 0.02596173 0.01917117 0.01497048 0.02003931 0.02190057 0.0292079 0.02425215 0.02021225 0.0245544 0.02332695 0.02363292 0.02423065 0.02865393 0.03836081 0.02855202 0.01561542 0.0127321 0.007686189 0.002974949 0.001615171 0.002051507 0.003615266 0.002946531 0.001517917 0.007423497 0.009787632 0.0118167 0.007769153 0.001439424 0.0006613936 0 0 0 7.926858e-005 0.0003387351 9.615432e-005 0 0 7.61123e-005 7.993029e-005 0 0 0 0 0
0.1019634 0.08121724 0.06346122 0.08236545 0.08820824 0.07815339 0.05093691 0.05384028 0.03653836 0.0305804 0.05535091 0.03062957 0.01934059 0.01438075 0.01439357 0.02698004 0.03375127 0.02885316 0.02453627 0.02756771 0.02659134 0.02090711 0.01804669 0.0194887 0.02030299 0.01365074 0.01254696 0.01173161 0.006786206 0.001551225 0.001911607 0.001907681 0.006026853 0.005388673 0.002491211 0.005313523 0.004673916 0.00676728 0.004158006 0.001234539 0.0001523169 0 0 0 0.0004670733 0.0003933066 0.0001091941 0 0 0 0 0 0 0 0 0
0.1179869 0.119463 0.121922 0.1189137 0.1206745 0.08541446 0.07233512 0.05501355 0.03830596 0.02032568 0.04667331 0.02756591 0.01968921 0.01853 0.02612594 0.02957639 0.03011268 0.03514689 0.02583596 0.02940461 0.04616014 0.03007511 0.02071044 0.0184403 0.01545558 0.01866297 0.0153321 0.007300557 0.004972772 0.0009043257 0.001283846 0.0004328197 0.0009167658 0.00122017 0.0001884409 0.0009768395 0.002009039 0.0002592471 1.356407e-005 0.000103033 0 6.934806e-005 0.0001031545 9.173567e-006 0.0001933547 5.571268e-005 0 2.153516e-006 2.742002e-006 5.209105e-006 6.061607e-006 7.32652e-006 8.178241e-006 1.192447e-005 1.3182e-005 1.451902e-005
0.1040114 0.1088871 0.09960834 0.116205 0.11918 0.08762161 0.07312831 0.04120946 0.03782063 0.03193894 0.02922843 0.02178115 0.02209476 0.02433358 0.03239663 0.02843235 0.02046592 0.02734796 0.03497809 0.02768857 0.0584358 0.03111162 0.0189264 0.01565983 0.0158423 0.02098284 0.0200317 0.007152078 0.003592073 0.0004223354 0.0002940238 0.0006242254 0.0003030482 5.459761e-005 4.558207e-005 0.0006119191 3.24637e-005 2.378185e-005 1.708532e-005 0 0.0001159399 0.0003227752 0 0 0 9.84532e-006 0 2.269843e-006 3.091719e-006 4.688162e-006 5.948699e-006 7.490285e-006 8.722567e-006 1.118603e-005 1.295117e-005 1.478256e-005
0.08678534 0.07900331 0.07039306 0.09480771 0.09380321 0.1107768 0.08830297 0.04007234 0.06225301 0.02948793 0.02575714 0.03163759 0.0227506 0.01994368 0.0229041 0.04612799 0.02991125 0.02934133 0.03383541 0.03010204 0.02873112 0.03170799 0.03106401 0.02839804 0.02338149 0.02576984 0.01994857 0.009381437 0.005847011 0.0001515886 7.35404e-005 0.0001101557 7.844483e-005 5.825995e-005 4.966204e-005 0.0004178311 3.803698e-005 2.939943e-005 2.221135e-005 4.39252e-005 4.507985e-005 0 0 0 0 0 0 2.891707e-006 3.837615e-006 5.106584e-006 6.756449e-006 8.714127e-006 1.041507e-005 1.242214e-005 1.479525e-005 1.720829e-005
0.09069005 0.09018775 0.06727928 0.07669047 0.08875724 0.06282312 0.0772624 0.04982391 0.04505231 0.03976499 0.02985929 0.01997806 0.02002034 0.01515211 0.02189344 0.04446099 0.03369041 0.04106855 0.02663561 0.03076816 0.02293621 0.03431244 0.02713402 0.01974964 0.01884641 0.01669996 0.01346878 0.007276219 0.002191358 0.0003476337 6.889618e-005 0.000108615 8.150619e-005 6.41708e-005 5.519814e-005 5.468747e-005 4.41244e-005 3.549005e-005 2.899896e-005 0 0 0 0 0 0 0 0 4.643796e-005 4.983053e-006 6.486031e-006 8.575224e-006 1.099806e-005 1.320653e-005 1.578355e-005 1.859967e-005 2.17324e-005
0.118897 0.09913714 0.08395552 0.1163461 0.1062011 0.06417878 0.06034283 0.08066437 0.05824769 0.04372478 0.02517203 0.02646548 0.02222032 0.02098094 0.04138424 0.0418421 0.03856131 0.06558275 0.02746465 0.02688889 0.0171225 0.02610781 0.02131367 0.02263496 0.01793583 0.01785924 0.00813219 0.00178197 0.0004438446 0.000293609 0.00024056 0.0002535183 0.0002037639 0.0001684256 0.0001470706 0.0002368777 3.783544e-005 3.154734e-005 2.696646e-005 3.809054e-005 2.049992e-005 1.628655e-005 1.313154e-005 5.639152e-006 3.837443e-006 3.440196e-006 4.485765e-006 1.00536e-005 1.191116e-005 1.522448e-005 2.020404e-005 1.463772e-005 3.38086e-005 2.083006e-005 2.478228e-005 3.05393e-005
0.1188463 0.09825461 0.105355 0.1005498 0.1059431 0.04610907 0.0519109 0.06052612 0.06300094 0.03426247 0.03157149 0.02575783 0.02045613 0.03031052 0.03379858 0.04993771 0.04113979 0.04199957 0.02017342 0.02314625 0.02566258 0.0222223 0.01684485 0.03528735 0.02156878 0.01240522 0.002738016 0.00130747 0.0003583647 0.0002472951 0.0002225307 0.001086684 0.0002107446 0.0001829416 0.0001605034 5.103238e-005 4.255035e-005 3.629514e-005 3.194756e-005 3.203579e-005 2.739078e-005 2.283773e-005 1.837683e-005 7.929641e-006 5.371176e-006 4.617506e-006 5.683889e-006 1.229466e-005 1.418347e-005 1.793305e-005 2.367622e-005 1.714375e-005 2.046899e-005 2.438189e-005 2.907043e-005 3.607806e-005
0.104451 0.1015671 0.1229931 0.1300025 0.1036067 0.05955273 0.04827962 0.03907678 0.04705942 0.03547171 0.03083585 0.01700794 0.01501582 0.01962431 0.03460706 0.04338015 0.03219686 0.0253791 0.02215512 0.02727429 0.02285954 0.03446855 0.01843284 0.02093879 0.02445453 0.007795267 0.002552273 0.001166894 0.000577406 0.0004459253 0.0003941966 0.002795424 0.003721554 0.0003274346 0.0003192218 0.000115362 0.0001119111 0.0001038584 8.99528e-005 8.823824e-005 7.32393e-005 5.892468e-005 6.09892e-005 1.838702e-005 4.193214e-005 7.261502e-006 8.046467e-006 1.610757e-005 1.749551e-005 8.719002e-005 9.07365e-005 0.0002806201 2.486123e-005 2.967629e-005 3.482859e-005 4.269574e-005
0.1823798 0.1508451 0.1387862 0.1158868 0.09670492 0.07786266 0.06189976 0.04506895 0.03798426 0.02238732 0.01919344 0.008823852 0.01430991 0.02579479 0.0357974 0.04461241 0.04260961 0.03862818 0.03038774 0.05758932 0.05602483 0.03455728 0.03655443 0.02729012 0.01320172 0.009112777 0.002356069 0.001337991 0.001049793 0.000866639 0.0007556505 0.0008022615 0.003838969 0.0006001801 0.0006193151 0.000236378 0.0002436255 0.0002324759 0.0001999477 0.0001934516 0.0001579202 0.0001242127 0.0002098013 3.696147e-005 1.98746e-005 1.136867e-005 0.0001144793 0.0004881281 0.0002676837 0.0003402388 0.0007315127 0.0006696247 0.0003597472 0.0007664798 4.188527e-005 5.086289e-005
0.2355086 0.2343101 0.1458469 0.1260857 0.1214986 0.1123818 0.09918217 0.07084326 0.0444508 0.02076316 0.0193575 0.01600854 0.02451514 0.02989714 0.03787474 0.05386339 0.0485133 0.05205785 0.03376096 0.04732379 0.08632625 0.05513377 0.02378996 0.02869245 0.02444327 0.009574638 0.002460635 0.003318312 0.002790418 0.002362711 0.002056819 0.001297526 0.003575576 0.001954631 0.001013241 0.0008903696 0.000934652 0.000895711 0.0007715361 0.000567056 0.0004607163 0.0003636299 0.0004110225 0.0001578136 8.215931e-005 4.406934e-005 0.0008310544 0.0004493467 0.00135309 0.002659819 0.002315238 0.0002417327 0.002244844 0.001287294 9.096532e-005 0.0001075938
0.174589 0.1844787 0.1406956 0.1458322 0.1349791 0.1174221 0.1223833 0.07809102 0.04183543 0.03204832 0.02490373 0.02402455 0.06193664 0.0649921 0.05825977 0.07082934 0.05175554 0.05348066 0.03800997 0.06210373 0.08924986 0.08024852 0.05566585 0.03969906 0.03883681 0.02826816 0.02195436 0.004209773 0.003843655 0.003090556 0.002687126 0.00169321 0.001376156 0.003770642 0.001333151 0.0011764 0.001247019 0.001192296 0.001033717 0.002068113 0.002388556 0.0004868202 0.0003692559 0.0002096962 0.0001079908 5.566668e-005 5.327273e-005 8.49412e-005 0.002730995 0.00923585 0.005761073 0.003137478 0.004433859 0.007713271 0.0001232009 0.0001217507
0.1489439 0.1659901 0.1040281 0.08421818 0.0935144 0.07618391 0.06445921 0.046056 0.04183738 0.04585012 0.03340602 0.03484293 0.06011676 0.07665215 0.06105916 0.07098168 0.06009181 0.04884165 0.04824751 0.06466031 0.07230154 0.1141194 0.1423143 0.06460797 0.03797914 0.01431787 0.01842798 0.01016993 0.006403231 0.005267745 0.00413038 0.00274191 0.002388301 0.002221456 0.003931575 0.003291256 0.001919484 0.001814626 0.001590117 0.003125915 0.002745733 0.0007896395 0.0006018079 0.0003449824 0.0001791451 9.185175e-005 8.462678e-005 0.0001299855 0.0001180452 0.01012831 0.003028829 0.004967554 0.007992566 0.004364318 0.000714198 0.0001824607
0.09269388 0.09510126 0.06883732 0.06161314 0.07488681 0.07914811 0.04847698 0.02881276 0.036933 0.02249017 0.01932682 0.0318303 0.03245981 0.05480984 0.05098037 0.0551353 0.06992002 0.05357216 0.07925216 0.09376878 0.06759623 0.111673 0.118305 0.0880142 0.04750495 0.03390197 0.01860153 0.0170518 0.01407579 0.009192029 0.009038337 0.005453742 0.004014402 0.003795756 0.004499494 0.003886824 0.002903424 0.002711052 0.002405107 0.001833516 0.001538848 0.001257713 0.0009628688 0.0005612576 0.0002950542 0.0001523477 0.0001372497 0.0009365216 0.0007047573 0.0005913186 0.01002035 0.0006642037 0.006135106 0.004651236 0.002013309 0.0001771172
0.05306129 0.05292485 0.05239001 0.07719112 0.05991634 0.03541017 0.03670739 0.01511778 0.01770411 0.02405352 0.01672688 0.02333168 0.03836746 0.05990987 0.04490839 0.03292847 0.03474982 0.04318713 0.05927329 0.1114422 0.05395857 0.09582518 0.05460899 0.05350619 0.04429423 0.05016631 0.03553087 0.02546226 0.02103123 0.02011366 0.016588 0.009052673 0.005355654 0.0105776 0.004943398 0.005734176 0.005588362 0.005834246 0.004619197 0.003799002 0.003237593 0.002673671 0.002063879 0.0009881799 0.0005253066 0.0002737763 0.0002435452 0.0002677754 0.0002320777 0.0008746557 0.0128877 0.0006167252 0.006345149 0.004255422 0.0005151442 0.001544061
0.03372122 0.03061602 0.05999897 0.05805332 0.04511006 0.03603261 0.04023536 0.0288443 0.0277692 0.02863221 0.01878829 0.02682843 0.05014436 0.06184056 0.08068185 0.0331247 0.02419082 0.04493716 0.04262783 0.04112944 0.04145374 0.05029606 0.04784328 0.0437023 0.03201605 0.03886629 0.04910609 0.03061078 0.0183632 0.01842212 0.01944594 0.01672302 0.007913702 0.009143552 0.00800176 0.007171657 0.006870935 0.006349531 0.005679781 0.004728364 0.004056462 0.003320958 0.002588152 0.001255723 0.0006711982 0.0003510747 0.000311656 0.0003396515 0.000992415 0.004718495 0.01052638 0.001118758 0.01134512 0.003510153 0.00448948 0.007919825
