contrib/geomasonDemos/riftland/riftlandData/RainData/.svn/text-base/140.txt.svn-base
ncols         56
nrows         54
xllcorner     28.264
yllcorner     -5.7719999999999
cellsize      0.25
NODATA_value  -9999
[rows 25 to 49 of 54, columns 0 to 55 of 56]
0.09454522 0.08342279 0.05775889 0.1115509 0.1102019 0.1278584 0.0986952 0.08663918 0.05196395 0.05859733 0.0544754 0.0981399 0.1280377 0.1224502 0.06989544 0.07678042 0.07637607 0.07984661 0.0733438 0.1396198 0.1379429 0.1480539 0.1809518 0.172455 0.1668289 0.1337145 0.1230711 0.1152347 0.090338 0.06965195 0.05709841 0.02880553 0.02032571 0.01611973 0.01539986 0.004693498 0.001943816 0.0007484789 0.0006966837 0.00162825 0.001496804 0.005798222 0.006866499 0.002519784 0.008454157 0.00790073 0.005936347 0.002684309 0.002533271 0.002277365 0.002252341 0.002350793 0.002033243 0.002224821 0.002891895 0.002415824
0.06505455 0.06843764 0.09127167 0.1121167 0.1045607 0.1301174 0.09574477 0.09774631 0.06071617 0.06549107 0.05551372 0.100346 0.08901277 0.08680731 0.07774552 0.09114517 0.08208085 0.07211316 0.08186672 0.1368096 0.1248984 0.1275564 0.1687276 0.1883295 0.1779836 0.121963 0.1132723 0.1534717 0.1351539 0.07193901 0.05703933 0.02837295 0.03286842 0.02896756 0.01348874 0.006107567 0.003216917 0.00111425 0.001036885 0.00240235 0.002207094 0.001926376 0.002382316 0.00295869 0.00294369 0.002477322 0.003472744 0.002732565 0.002580424 0.002703716 0.003149739 0.009464335 0.003244295 0.00252579 0.003131372 0.004176697
0.1031455 0.1074173 0.1106012 0.1274703 0.1275899 0.1372828 0.08736303 0.1210622 0.1019558 0.09907939 0.09457108 0.0911015 0.09789459 0.1159426 0.1007338 0.0940917 0.1126238 0.09167846 0.09044425 0.1244924 0.1960365 0.1378085 0.1226324 0.1844511 0.1964141 0.165168 0.1532725 0.1372722 0.1050296 0.09193821 0.07237656 0.04676772 0.04660546 0.0382531 0.02167686 0.01365795 0.008234123 0.006982059 0.004659782 0.004279566 0.003932975 0.003802106 0.003699837 0.002855015 0.003096542 0.002645764 0.002297838 0.002399935 0.002390105 0.002328869 0.002421002 0.004758479 0.008942735 0.008511923 0.008258673 0.003735569
0.1224328 0.1357048 0.1404663 0.1797534 0.1816927 0.1375337 0.157189 0.1104988 0.08633608 0.1022966 0.1239287 0.09161149 0.07850008 0.09636951 0.1017112 0.09036165 0.09944081 0.07620202 0.08254101 0.08448759 0.1275296 0.1140526 0.09658469 0.1742385 0.2279456 0.2080923 0.1797592 0.1555692 0.1127329 0.09630216 0.07041261 0.05682869 0.04148379 0.02888138 0.02020163 0.01312502 0.008975672 0.006141427 0.005495463 0.005279649 0.004838187 0.004166805 0.00440621 0.003159758 0.004052863 0.003781322 0.004732684 0.003627629 0.002559227 0.00253362 0.00269299 0.006527484 0.008910858 0.008526457 0.008542056 0.004386409
0.1593913 0.1608399 0.1359614 0.1326422 0.1427737 0.1046818 0.1325531 0.09040288 0.1058077 0.1362095 0.1253934 0.1058225 0.1137048 0.1014405 0.09523953 0.08133156 0.1136175 0.1083031 0.08399887 0.06570262 0.04656111 0.0752674 0.075746 0.1584391 0.2330182 0.2318047 0.1910097 0.1687193 0.1282819 0.09303179 0.07023881 0.04683049 0.03708148 0.02396693 0.01887122 0.01297753 0.009560519 0.006690697 0.006194814 0.005909245 0.005418805 0.004980177 0.004844151 0.003377784 0.003186908 0.003081095 0.00371888 0.00672464 0.006912842 0.002928222 0.003197721 0.004140264 0.006106049 0.009821746 0.009022453 0.005303152
0.2076565 0.2073822 0.2058751 0.1343848 0.10378 0.08103342 0.09490968 0.07309305 0.1195943 0.1406249 0.1377688 0.1326574 0.1174761 0.0911927 0.07430466 0.0814761 0.08843699 0.07481146 0.07553193 0.08759094 0.04359379 0.05135736 0.03930733 0.1234079 0.1768912 0.1789679 0.1709387 0.1760915 0.1378449 0.09036776 0.06157701 0.04482232 0.04975437 0.0283431 0.03475981 0.03023326 0.01543537 0.007099621 0.006555603 0.006236664 0.005660957 0.005428305 0.005459602 0.003548052 0.003334342 0.002874288 0.003659986 0.00322853 0.003393199 0.003577306 0.003996028 0.004885623 0.004846154 0.00925761 0.009814782 0.006624591
0.2244106 0.2325122 0.1461714 0.09875649 0.05788703 0.04102495 0.06396655 0.1052343 0.1395777 0.147837 0.1520759 0.128414 0.1145243 0.09948596 0.09496672 0.1006726 0.09459097 0.117176 0.09720692 0.08556943 0.06064409 0.04839563 0.06242246 0.09552788 0.1045953 0.11877 0.1309756 0.1293771 0.1285794 0.08915213 0.04578289 0.04990103 0.0526423 0.02582702 0.01718399 0.03226549 0.04017299 0.011382 0.01068596 0.007491653 0.005976596 0.005157397 0.005430737 0.003046776 0.003169616 0.002865259 0.007922486 0.004119015 0.004487268 0.005490211 0.006254004 0.0106055 0.00921179 0.01167775 0.008155183 0.006938291
0.2245181 0.1853645 0.1151637 0.06849424 0.08412089 0.03444476 0.04314492 0.08593074 0.09493929 0.1146181 0.1279146 0.1134495 0.112746 0.1069349 0.09689023 0.1071114 0.1071205 0.1388308 0.09642764 0.09236421 0.06283366 0.03917665 0.05892322 0.08077515 0.09764892 0.1269343 0.1270171 0.1169312 0.1298396 0.1090896 0.04490026 0.04238502 0.04227492 0.03451071 0.01528266 0.01623107 0.01597495 0.01253302 0.01097368 0.007829046 0.006204203 0.005508744 0.006477533 0.01330149 0.006705647 0.003103977 0.003647943 0.00467751 0.005179636 0.006393966 0.007294341 0.008600281 0.009353429 0.009312514 0.01105695 0.009063412
0.2524756 0.211638 0.1010021 0.05977443 0.05667966 0.05149237 0.0634841 0.0651806 0.07546683 0.08325051 0.07743219 0.09431705 0.09591795 0.1001166 0.108208 0.1262586 0.1254638 0.1173584 0.1060737 0.07564303 0.03651104 0.03173783 0.03265389 0.07004166 0.1224992 0.1626762 0.145026 0.105248 0.08285452 0.09495535 0.05068444 0.02692515 0.02488854 0.03046062 0.01597489 0.01319577 0.01223419 0.01186575 0.01091873 0.007420725 0.006382418 0.005423239 0.00593138 0.003504209 0.003670309 0.00345513 0.003564877 0.00579888 0.00647785 0.007744869 0.008172736 0.009813954 0.0163245 0.01173201 0.01082596 0.01388406
0.1850208 0.150483 0.1091617 0.07320655 0.06068847 0.07338919 0.07235605 0.07569931 0.05982972 0.04979444 0.049151 0.09117965 0.09865773 0.1033915 0.1146022 0.1338668 0.1360964 0.1108422 0.07760732 0.05163292 0.03551513 0.01953015 0.02134656 0.04751168 0.08897303 0.1410052 0.1222638 0.07688408 0.04499293 0.03988705 0.03269475 0.02361606 0.03158475 0.01315295 0.01153647 0.01177833 0.01007614 0.01071652 0.008955494 0.005319908 0.004804125 0.004886359 0.006012048 0.003771124 0.004062529 0.003935254 0.004119433 0.007463079 0.008907596 0.009112028 0.01113755 0.01283716 0.01649596 0.01189645 0.01105693 0.01044012
0.1908888 0.1513167 0.09177824 0.07914856 0.06383637 0.07563604 0.03194026 0.04013368 0.04739103 0.0515963 0.05099979 0.07419308 0.08652956 0.0924716 0.1272448 0.149383 0.1669649 0.1393584 0.0717786 0.01618769 0.01005521 0.00643233 0.008634374 0.01623783 0.06524897 0.1295513 0.10243 0.06998267 0.03360515 0.01575117 0.009793058 0.008038995 0.005352089 0.00560555 0.005326716 0.006359491 0.01063566 0.005031262 0.004523229 0.002397811 0.002163459 0.002798647 0.004475645 0.006343237 0.006936865 0.007090651 0.007769562 0.01135584 0.01454427 0.01569431 0.01604516 0.02091237 0.02777658 0.01852523 0.01624573 0.01583741
0.1458652 0.09531534 0.05838118 0.04458581 0.04149378 0.02667636 0.03420836 0.03348075 0.0302991 0.03965097 0.05068162 0.07974187 0.0899413 0.09975536 0.1274497 0.1421044 0.1771972 0.1487229 0.08668371 0.0166719 0.006478698 0.005437564 0.004601513 0.008923957 0.05656255 0.1166375 0.1011866 0.07354098 0.03050872 0.0150241 0.009277382 0.004750548 0.003494499 0.003091389 0.006851439 0.003748955 0.003849843 0.004500349 0.004554215 0.002006649 0.00154459 0.002447245 0.004523295 0.006738508 0.0076186 0.008046568 0.008807848 0.01344582 0.0165504 0.01747396 0.01786478 0.02562776 0.02577251 0.01773375 0.02004081 0.02013746
0.1456145 0.06094801 0.03315014 0.02990046 0.01876343 0.01678446 0.0206439 0.02944083 0.02831742 0.03021363 0.04838545 0.08623306 0.0830172 0.08892561 0.1028739 0.1160172 0.1040955 0.09730636 0.06832282 0.01456391 0.004848654 0.005917528 0.007035804 0.01293709 0.03400333 0.06496204 0.07533095 0.05726713 0.05410402 0.0150577 0.008350132 0.002896877 0.002130031 0.002430641 0.003494297 0.002892546 0.002653731 0.002548037 0.002478873 0.001259646 0.00191595 0.002691475 0.004733434 0.00720213 0.00835774 0.008887427 0.009742155 0.01521167 0.01972085 0.01862345 0.01924402 0.03622188 0.03016091 0.01987711 0.02677616 0.01999555
0.1047819 0.06991132 0.03089435 0.02789276 0.01555389 0.01753728 0.02177773 0.01952908 0.02486903 0.02523739 0.04285429 0.06141432 0.07040912 0.07314096 0.07098091 0.07655947 0.07343911 0.076116 0.05443242 0.0315672 0.01722455 0.005933866 0.009052572 0.0250473 0.03700699 0.04578693 0.05293759 0.04459267 0.02539879 0.01259844 0.003749344 0.001914978 0.001844792 0.002222768 0.00366146 0.002246069 0.002070347 0.002760516 0.003665563 0.001478875 0.00104457 0.002076815 0.004946513 0.008197392 0.009001424 0.009688319 0.01052658 0.01663667 0.01872451 0.01954618 0.02015356 0.02388583 0.02928807 0.02629237 0.02124179 0.01695202
0.0913413 0.05257148 0.02606367 0.03298782 0.02000488 0.01691846 0.02732406 0.02010184 0.02221448 0.02699427 0.03371122 0.03321212 0.05575517 0.03899503 0.03700405 0.04623822 0.04384824 0.04878109 0.02858831 0.02609666 0.01687541 0.01020897 0.01610827 0.05793593 0.06887252 0.06812783 0.07549553 0.03025226 0.01840502 0.02268129 0.004179453 0.002134847 0.002169716 0.01308849 0.01078097 0.001002524 0.0008999545 0.00118804 0.001271844 0.001332117 0.0008700892 0.001760206 0.003878846 0.0114212 0.01458163 0.01695254 0.01906656 0.02112129 0.02424253 0.02402797 0.02511296 0.02626182 0.02541939 0.02034098 0.02484758 0.02379717
0.05424756 0.03747515 0.01409314 0.01690455 0.01286871 0.01344686 0.01996258 0.03792265 0.06036464 0.03814102 0.03818137 0.03058355 0.03108609 0.03508567 0.070269 0.0506475 0.03258029 0.03698692 0.02303273 0.01579929 0.001925907 0.007611943 0.003708053 0.01926055 0.05281643 0.05184369 0.02359782 0.01426969 0.001536996 0.002585378 0.001151079 0.002170371 0.001973281 0.002332041 0.006029671 0.0008148119 0.0006697741 0.001143284 0.001297189 0.001804477 0.001382013 0.001565266 0.003921393 0.01252876 0.01631539 0.01894244 0.0209072 0.02230782 0.02724181 0.02530777 0.02776227 0.03282131 0.0254076 0.02291773 0.02797879 0.02013435
0.05775872 0.03235731 0.01223279 0.01183153 0.0177618 0.01982925 0.02067553 0.02640011 0.0277672 0.03310981 0.02749966 0.02296255 0.0252658 0.02718139 0.04377022 0.03872612 0.04049139 0.02913638 0.03905922 0.02895825 0.006520929 0.006621886 0.0005491738 0.005915096 0.02745939 0.02392678 0.002851218 0.002617219 0.001392559 0.001321091 0.003956783 0.00250283 0.002073146 0.005330049 0.001424951 0.002498444 0.0006958162 0.002577388 0.0006738836 0.001136196 0.001941008 0.00173068 0.004071716 0.01332482 0.01893453 0.02004989 0.02184181 0.02300075 0.02484461 0.02757499 0.02819828 0.02123805 0.02602407 0.02524352 0.02582756 0.01692137
0.05162143 0.02423536 0.01067792 0.0092948 0.01223921 0.02536368 0.02611955 0.02769626 0.03919964 0.03183199 0.0173594 0.01629929 0.02718891 0.02200767 0.03350865 0.03974859 0.04483657 0.03079505 0.047808 0.01139249 0.001997584 0.0005518267 0.0002256419 0.01337469 0.01343158 0.005587993 0.001796854 0.0009551091 0.000978208 0.003243848 0.006367513 0.00266969 0.00407581 0.002303835 0.001560953 0.002267191 0.002536049 0.0008737358 0.001006621 0.001337397 0.001611377 0.002067248 0.00504757 0.01809087 0.01778521 0.0203262 0.02306789 0.02302884 0.02489306 0.0300344 0.03611387 0.01892775 0.01854153 0.02287403 0.02660498 0.02914446
0.06861812 0.05401121 0.02348756 0.007823124 0.006899548 0.009380252 0.01523843 0.01785227 0.02200344 0.01927269 0.0136819 0.01503298 0.01288737 0.01263194 0.0107714 0.01077337 0.02749223 0.009497159 0.005681206 0.005196678 0.0005013843 0.0002143958 0.0002008897 0.003474304 0.004355279 0.008146106 0.0004832405 0.006583699 0.006684854 0.006534904 0.002199206 0.00333638 0.002410513 0.00305521 0.00208404 0.004107935 0.04126328 0.004204456 0.001654877 0.001480238 0.001689185 0.003036621 0.005844516 0.0172732 0.02035383 0.02209527 0.02350576 0.02232975 0.02249055 0.03132045 0.02697193 0.01578668 0.01002383 0.01533561 0.02138465 0.02612903
0.05339351 0.07351664 0.02339398 0.01082223 0.007566893 0.006458622 0.005555652 0.01045553 0.01097526 0.0124685 0.01149939 0.01759537 0.01421671 0.008721751 0.008526442 0.008363788 0.009525834 0.008897606 0.004090964 0.0005970358 0.0003052654 0.0001716192 0.0001639563 0.0002853135 0.001282478 0.001094297 0.0004625655 0.001558881 0.003175264 0.002481615 0.003856374 0.003251073 0.002665638 0.004759329 0.002363408 0.003259192 0.003334742 0.004051717 0.002176116 0.003060648 0.00589685 0.007619516 0.007835539 0.01561718 0.02013868 0.02237446 0.02509643 0.02403902 0.0269426 0.02504546 0.0259058 0.01776366 0.01629329 0.01777655 0.02021141 0.02104839
0.04787591 0.04962454 0.01652461 0.01132696 0.006530251 0.005788779 0.008867242 0.006381425 0.008791116 0.007598597 0.008402787 0.0082151 0.005187223 0.008662256 0.009571943 0.01007802 0.007354174 0.003657514 0.002061916 0.0002772128 0.0002890794 0.0001319913 0.0001297421 0.0002018605 0.002172799 0.0007449285 0.0004205944 0.002179813 0.001363033 0.001487823 0.0126756 0.002742424 0.002325083 0.00232935 0.002303329 0.003006117 0.001721198 0.002323109 0.003418274 0.005004613 0.0036891 0.004801832 0.008431679 0.016933 0.02114531 0.02441508 0.02737767 0.02951426 0.03162956 0.02155855 0.02471959 0.02265362 0.01284014 0.01322049 0.01471719 0.01205645
0.03242147 0.02634806 0.01358462 0.0106471 0.005517326 0.001370851 0.0023713 0.004251129 0.003893727 0.004363488 0.005675854 0.004482818 0.002617133 0.00460443 0.008298429 0.005537085 0.001815566 0.000319402 0.003605681 0.0006216695 0.0009722812 0.0005523096 0.002588562 0.0006536394 0.007603048 0.001244168 0.0003536094 0.0009847343 0.001187979 0.001824408 0.00588758 0.002168914 0.001920352 0.0021219 0.00205601 0.001796376 0.001841328 0.002559896 0.004105587 0.00631599 0.00434978 0.008600203 0.008538845 0.01920488 0.02277045 0.02870372 0.02671408 0.02541264 0.0213897 0.0244467 0.02093056 0.01704114 0.02061265 0.01385545 0.02428958 0.02145161
0.03423268 0.02046962 0.009900533 0.004501418 0.002300378 0.002984721 0.001726352 0.0007237825 0.0006885293 0.003562627 0.0007222003 0.001174053 6.489894e-005 0.0001442721 0.0002085956 0.0001273378 5.1462e-005 0.000144963 0.0005728574 5.98751e-005 3.945159e-005 0.0008579528 0.0003520155 7.004544e-005 0.003533687 0.00282389 0.003513875 0.00184879 0.00233053 0.0007694382 0.0008343796 0.001181525 0.001575485 0.001575346 0.001706289 0.00242537 0.002164212 0.001434252 0.00516162 0.008717762 0.01014124 0.01074121 0.02447551 0.04100227 0.02562083 0.02898816 0.02333747 0.0165559 0.01711399 0.02407238 0.01743954 0.005524192 0.01205645 0.00766129 0.0144758 0.01310484
0.02317738 0.01040062 0.003625999 0.001770685 0.001236774 0.002012943 0.0008090308 0.0003374873 0.0002887732 0.0006653498 0.0006688037 6.37682e-005 0.0003299059 2.015428e-005 3.56473e-005 2.607511e-005 0.0004299206 0.0002259384 0.0004052125 0.002206411 0.0003109516 1.294433e-005 0.002205637 4.032853e-005 0.0001714216 0.0002446174 0.0005299638 0.0004091535 0.001171108 0.0007486613 0.0007191509 0.0008574013 0.001239854 0.00144774 0.001484198 0.001322468 0.003753636 0.001599572 0.002485561 0.00411934 0.0121211 0.009059422 0.01743821 0.04834902 0.02555192 0.03079279 0.04840232 0.02679217 0.01685368 0.02198352 0.02222849 0.01556452 0.01508064 0.01241935 0.01314516 0.01423387
0.02749126 0.008043746 0.003440825 0.001579993 0.002449955 0.001005909 0.001008921 0.0006601452 0.001688326 0.003104091 0.005834491 0.0017666 0.000191521 0.0001844218 0.001368323 0.0006911617 1.938816e-005 7.328915e-007 7.363312e-007 2.070382e-006 0.0006226377 3.802749e-006 7.290628e-006 0.000410808 2.944409e-005 5.655261e-005 0.0001040766 0.0003121575 0.0004077009 0.0005011343 0.0006833419 0.000702331 0.0007971257 0.0009273563 0.001098158 0.002284529 0.00120091 0.003137284 0.003324027 0.00647758 0.01993632 0.01078553 0.01601483 0.03849511 0.02586911 0.02552832 0.05904397 0.01871939 0.02023033 0.02114002 0.01836138 0.02116936 0.01217742 0.002016129 0.0103629 0.01778226
