contrib/geomasonDemos/riftland/riftlandData/RainData/.svn/text-base/140.txt.svn-base
ncols         56
nrows         54
xllcorner     28.264
yllcorner     -5.7719999999999
cellsize      0.25
NODATA_value  -9999
[rows 0 to 24 of 54, columns 0 to 55 of 56]
0.104188 0.1006109 0.1026553 0.09585115 0.1139459 0.1383786 0.07262777 0.06542592 0.07832132 0.05330282 0.06925043 0.08975651 0.05519914 0.03105582 0.03826923 0.04999539 0.04892075 0.06842753 0.09904597 0.1306478 0.1247018 0.1187508 0.08301932 0.09340206 0.1059003 0.06884027 0.07271917 0.07349719 0.1061754 0.09714372 0.08834607 0.09425785 0.09104455 0.07026335 0.05944214 0.06469987 0.05210191 0.06192477 0.05217711 0.04154787 0.02997421 0.02403696 0.03116936 0.05856631 0.05816426 0.04066575 0.03817363 0.03530206 0.03371438 0.02020706 0.01023117 0.005079377 0.001524433 0.0006209677 0.0004032258 0.001556452
0.1013074 0.08727001 0.1202054 0.1122447 0.1532965 0.121524 0.1061272 0.07645448 0.09625934 0.1000321 0.08492648 0.06289026 0.07603924 0.03824351 0.03364077 0.04328807 0.05558792 0.08763149 0.1383786 0.1014494 0.09362916 0.09635523 0.113621 0.08710416 0.08067331 0.0590301 0.04931314 0.05185369 0.06861973 0.07431623 0.07543907 0.07403155 0.0913789 0.07111449 0.07107721 0.0991653 0.06438219 0.05354757 0.03071866 0.03244478 0.07222663 0.02503232 0.04177366 0.06910915 0.08362292 0.0463456 0.04340637 0.03672172 0.02844215 0.008192775 0.004577676 0.001742822 0.0003069685 0.000516129 0.0008790322 0.002241935
0.103047 0.1157545 0.1218873 0.1263199 0.15399 0.121671 0.1144555 0.1365497 0.1609896 0.1197664 0.06161706 0.06924675 0.05215264 0.05075904 0.04706607 0.07501006 0.08711975 0.0858298 0.09335238 0.1066239 0.1016897 0.08689547 0.08597312 0.06353924 0.06212008 0.05818378 0.03607739 0.04439666 0.05915233 0.06041586 0.04867274 0.05330091 0.06690674 0.06011618 0.06970224 0.08039329 0.06049994 0.05745461 0.0259138 0.02904048 0.04597772 0.03751767 0.04172608 0.0447077 0.06092884 0.05054639 0.03130678 0.03035588 0.01748342 0.003390234 0.002706745 0.0006178273 0.0002761176 0 0 0
0.09193645 0.1388151 0.1279855 0.1137187 0.1170077 0.08850995 0.08315015 0.06609178 0.08363512 0.08224455 0.09741886 0.08267797 0.08434141 0.06978956 0.05843 0.05990656 0.06210712 0.07051983 0.07885116 0.08956881 0.09383273 0.08418636 0.06501275 0.0524374 0.04348054 0.04112352 0.04306846 0.04861258 0.05137351 0.04640096 0.02731378 0.02912883 0.02873368 0.03479597 0.05640857 0.07138942 0.0484034 0.03409957 0.02011249 0.01359036 0.02174032 0.03231386 0.05430287 0.05314258 0.04169808 0.02375366 0.01671112 0.008611688 0.002876656 0.001929192 0.001093741 9.531559e-005 0.0003271986 6.55555e-005 6.155579e-005 6.107629e-005
0.1244975 0.137051 0.1193 0.09896156 0.08883348 0.0692062 0.03996834 0.05733804 0.06579833 0.07753776 0.09959699 0.08350541 0.07017557 0.06955721 0.07545271 0.06799161 0.05293557 0.03876372 0.04834009 0.06325461 0.09371484 0.06896743 0.05189552 0.039255 0.03544252 0.033607 0.02662091 0.0243686 0.02807589 0.02715969 0.0362767 0.02967925 0.02896594 0.03351341 0.02750753 0.03296822 0.03146387 0.01865441 0.01370625 0.01207521 0.02245991 0.02454935 0.03269394 0.0231182 0.01072591 0.006445891 0.003831688 0.0007119942 0.0006098022 0.0005326851 0.0001035804 9.319469e-005 8.126041e-005 6.793955e-005 6.229525e-005 6.043484e-005
0.1015248 0.1065861 0.113674 0.1014768 0.08916333 0.08750588 0.08127662 0.08232415 0.09434284 0.09374289 0.07955666 0.08268894 0.07318909 0.07613608 0.08360467 0.06630351 0.07701851 0.04789431 0.03789755 0.06217329 0.09254178 0.07847054 0.04490898 0.04825852 0.04613598 0.05227886 0.04533236 0.0283638 0.03126375 0.03398498 0.0290459 0.02736099 0.03220515 0.03256904 0.02183335 0.02351899 0.02821773 0.01321388 0.01643711 0.01481873 0.02929088 0.02372525 0.01645337 0.01058838 0.006572727 0.003247514 0.001307092 0.0004188743 0.002201619 0.001039223 0.0001044299 0.0001034878 7.775896e-005 6.771946e-005 6.115154e-005 5.810869e-005
0.0956276 0.07856703 0.08652766 0.08293448 0.06595979 0.07397709 0.1027586 0.06901689 0.0931836 0.07864197 0.07078952 0.07598084 0.07185681 0.05978068 0.02851206 0.03877746 0.07326237 0.03927221 0.04361395 0.05506426 0.05919374 0.04680431 0.03378698 0.03067749 0.03730344 0.04556854 0.03129003 0.01725018 0.02091453 0.02223054 0.01680902 0.01538133 0.01844292 0.02372747 0.01927373 0.01526188 0.01047716 0.01080996 0.01491174 0.01420539 0.01497406 0.01022541 0.006807097 0.002589941 0.001678216 0.0006304118 0.001012423 0.00016599 0.002740512 0.00139392 0.001066575 0.001500674 7.614284e-005 6.520004e-005 0.0009856932 0.001662481
0.0742972 0.07970753 0.0707898 0.06267784 0.04892892 0.05796086 0.04673585 0.04272019 0.06281538 0.07553852 0.09771433 0.09035518 0.09036686 0.05540921 0.03987535 0.0529097 0.07697809 0.04563972 0.06074984 0.04296792 0.04354227 0.04623171 0.03823206 0.02873479 0.03806591 0.03545166 0.01915304 0.01105789 0.01004815 0.00845999 0.006523444 0.005432202 0.005212644 0.004318236 0.01037214 0.008280147 0.01109088 0.0057806 0.00719613 0.006168304 0.002245515 0.002407204 0.001283199 0.002468139 0.0007579174 0.0009648727 0.001460784 0.000169666 0.0001424126 0.0001203989 0.0001052317 8.868571e-005 7.276344e-005 6.119697e-005 0.0003485529 8.225724e-005
0.04859869 0.069359 0.09077038 0.07810119 0.06106915 0.08035449 0.07921702 0.05863597 0.05550245 0.05822047 0.05851539 0.06763343 0.08457029 0.04496183 0.03016693 0.05886399 0.0647475 0.04442386 0.06264825 0.03733955 0.04583884 0.04734462 0.03975678 0.02928255 0.02897801 0.01569345 0.01051113 0.007328892 0.01828219 0.003074844 0.00136245 0.003027844 0.003603878 0.003270812 0.01106034 0.01048007 0.00723487 0.003442973 0.001841372 0.0009353291 0.0006979827 0.0006774808 0.0007083332 0.000895631 0.002329355 0.000914353 0.0003072864 0.0004965969 0.0003293088 0.0001214394 0.0001050353 8.794712e-005 7.065121e-005 5.843462e-005 5.119152e-005 4.425309e-005
0.04579391 0.06031358 0.07788232 0.08960587 0.07483508 0.09013255 0.07221238 0.07589343 0.07928592 0.07156425 0.04920745 0.05097562 0.06756923 0.05772236 0.03915961 0.07958232 0.1141011 0.08210843 0.04578699 0.04023584 0.03868916 0.04776896 0.03902664 0.03228907 0.02209902 0.01270661 0.008884077 0.00599145 0.002113329 0.001400435 0.003587435 0.01209337 0.01464533 0.01312612 0.002220753 0.001264312 0.002982641 0.0004656397 0.0007224833 0.0007358604 0.0007615415 0.0005814799 0.0006068315 0.0005675435 0.0003893515 0.0003596274 0.0003130648 0.0005015607 0.0001471003 0.000123724 0.0001052666 8.639637e-005 6.732601e-005 5.432995e-005 4.72484e-005 4.000487e-005
0.06045999 0.1007082 0.1050526 0.09567297 0.08115565 0.08308084 0.07660106 0.08490969 0.1143407 0.07475007 0.05864804 0.05355499 0.1083866 0.09734537 0.107128 0.1063793 0.1172915 0.09578826 0.04845584 0.03785744 0.03121625 0.04133709 0.05320047 0.02798269 0.01224063 0.007457614 0.005283842 0.001399928 0.0005766015 0.002199591 0.002487584 0.008658094 0.01143072 0.00976036 0.00448077 0.0005492403 0.001668103 0.0006057083 0.001219493 0.001676704 0.003175813 0.0005953893 0.0008423357 0.0004255439 0.0003993498 0.0009124775 0.0003887324 0.0002387044 0.0001514624 0.0004363199 0.0004165678 8.465368e-005 6.308671e-005 4.873492e-005 4.168343e-005 3.487582e-005
0.1154259 0.1392679 0.1147971 0.1063701 0.0911027 0.08423599 0.08036565 0.08406623 0.06273454 0.07036231 0.07708246 0.08566821 0.08093179 0.09961984 0.1505206 0.1193359 0.1198225 0.1086992 0.1185672 0.05335455 0.03423976 0.03355455 0.02811249 0.01109366 0.003769854 0.000905827 0.0003658766 0.0002629715 0.00186508 0.0005065284 0.000522968 0.001110049 0.001101226 0.0005525172 0.0001433559 0.001204248 0.002260376 0.0008960126 0.001206055 0.001939837 0.001663875 0.00134817 0.001979064 0.001158071 0.001207446 0.001028699 0.001177509 0.0005967739 0.0005287132 0.000414672 0.0001991778 0.000220125 0.0001555355 0.0001141827 9.620454e-005 0.0003269422
0.1457738 0.1495047 0.1229623 0.1174103 0.09783461 0.06812779 0.07256863 0.06764063 0.1073204 0.0869175 0.08704716 0.1420001 0.1044944 0.1702304 0.1900641 0.1307464 0.1092295 0.09438479 0.1125629 0.04257787 0.03707279 0.01873795 0.008041526 0.008620114 0.003011886 0.0004659325 0.0002536948 0.0002514379 0.0003699739 0.0001009952 0.0001062355 0.0003340658 0.0001654622 0.0001555633 0.000351088 0.0007607632 0.000775559 0.0007013298 0.001144488 0.001509209 0.00182553 0.001296352 0.001233369 0.00115166 0.00145435 0.001055665 0.001173359 0.000359469 0.000416062 0.0002504032 0.0002008605 0.000254022 0.0001435802 9.927982e-005 8.197108e-005 6.089584e-005
0.1423955 0.1653933 0.130812 0.1088517 0.09423745 0.09246475 0.05103141 0.0623402 0.09028067 0.0757835 0.07066225 0.1133117 0.1539157 0.1754262 0.1854858 0.1420047 0.1130396 0.06433687 0.0705048 0.06933552 0.03159089 0.01162701 0.004467147 0.002209805 0.0004577801 0.0002930171 0.0001516552 4.263162e-005 0.0001072266 9.891116e-006 0.0002452267 4.812734e-005 5.104887e-005 7.454435e-005 0.0001179532 0.0006247237 0.0006067076 0.0005874935 0.0005980129 0.001316972 0.001288497 0.001285038 0.001226918 0.001113206 0.001153339 0.001030043 0.001257524 0.0003681206 0.000312003 0.0002578174 0.0002043364 0.0002141715 0.0001384873 9.217938e-005 7.480504e-005 5.444381e-005
0.1475092 0.1746144 0.1661405 0.1748975 0.1472965 0.09306771 0.06866711 0.09682032 0.0921569 0.07416009 0.1103114 0.127727 0.1774658 0.1696567 0.2194929 0.1662075 0.2005603 0.1606115 0.1075386 0.07194374 0.0333487 0.01191663 0.002430923 0.001558813 0.0003932706 0.0004228982 0.000243934 6.983065e-005 0.0002538369 0.0006630445 0.0002696128 5.425399e-005 4.678462e-005 6.39021e-005 0.0001039035 0.000426156 0.0005000047 0.0003170533 0.0003820903 0.001084577 0.002729674 0.002081126 0.001199741 0.001887449 0.001450347 0.001041675 0.0009297603 0.000373468 0.0003190488 0.0002650084 0.0002100421 0.0002189202 0.0001406708 9.231461e-005 7.518336e-005 5.431664e-005
0.1327085 0.1326601 0.1295972 0.1662524 0.1292973 0.09894163 0.09095249 0.09897117 0.07943169 0.05892409 0.09367102 0.1608431 0.1609013 0.1372585 0.1248286 0.1316836 0.1913016 0.1184223 0.0958245 0.05910659 0.04589866 0.01702797 0.00694155 0.002489885 0.00142776 0.001197907 0.002542009 0.0002834502 0.001092833 4.251358e-005 3.508899e-005 1.731955e-005 1.260231e-005 1.565082e-005 2.651637e-005 0.0007228976 0.0007128511 0.0004168904 0.0004250598 0.001228053 0.001624107 0.001233039 0.001391692 0.001454949 0.001164622 0.001361788 0.0009849662 0.0003898625 0.0003342441 0.0002773024 0.0002220803 0.0002062541 0.0001315054 8.535515e-005 6.911186e-005 4.711276e-005
0.1644202 0.1271187 0.1331747 0.161646 0.1225227 0.1179809 0.1023261 0.09943334 0.1051757 0.07430959 0.08878481 0.1156192 0.1024516 0.1068279 0.1044411 0.08303708 0.1726978 0.09671374 0.08499159 0.07676195 0.05798301 0.05081638 0.02379431 0.00317785 0.00337684 0.002106183 0.003409027 0.0003781428 0.002624462 5.381119e-005 5.364456e-005 1.884159e-005 1.133383e-005 1.248444e-005 0.0001620997 0.000154543 0.0002008655 0.0002598444 0.0003296987 0.002243378 0.001253102 0.001187535 0.001215591 0.001217752 0.001170228 0.001875542 0.001180517 0.0003969019 0.000342099 0.000285207 0.0002266396 0.0002099705 0.0001335285 8.587894e-005 6.92444e-005 4.685622e-005
0.1662413 0.1247085 0.1355093 0.120734 0.1063686 0.1106855 0.09031799 0.07900683 0.1150139 0.08086912 0.08495226 0.1248636 0.1238816 0.1045334 0.1295223 0.1303631 0.118124 0.1010577 0.1126244 0.1382733 0.08555004 0.0743686 0.04174509 0.01042476 0.002573618 0.001962595 0.001576375 0.001219466 0.001188545 0.0002916228 0.0002256646 0.0009444027 0.001296946 3.824091e-005 3.840521e-005 0.0001855568 0.0001855207 0.0002203845 0.0002878627 0.0008290641 0.0009905639 0.001088906 0.001136005 0.001163451 0.001198425 0.001142512 0.0009862722 0.0003973309 0.0003482129 0.0002941679 0.0002364318 0.0002242374 0.000149194 0.0001020031 8.334759e-005 5.760918e-005
0.1247093 0.1409755 0.1473584 0.1534872 0.1357365 0.1397475 0.0971849 0.1026807 0.07905591 0.07574977 0.0925158 0.1312082 0.1504056 0.1592811 0.2068888 0.1299736 0.1086377 0.09719925 0.1356383 0.1832498 0.1172335 0.1206976 0.042757 0.01026552 0.003472545 0.005759282 0.004443921 0.002423758 0.0009952969 0.0007474931 0.0005955076 0.0002591513 0.001666438 9.273863e-005 7.505435e-005 0.0002727457 0.0001854802 0.0004300888 0.0003664209 0.0006909129 0.0008358688 0.000939151 0.001001811 0.0009781023 0.001033238 0.001040776 0.0009394296 0.0003894148 0.0005769967 0.0003035481 0.0002495347 0.0002479908 0.0001786698 0.0001546725 0.0001109955 7.942924e-005
0.1134904 0.1378201 0.1640616 0.1472773 0.1669594 0.138542 0.1032333 0.08597888 0.07861185 0.07371274 0.0945233 0.1407498 0.1295242 0.1475482 0.1428781 0.1697782 0.1264763 0.1175585 0.1386903 0.1730623 0.1412053 0.1162442 0.08750465 0.03347955 0.01584672 0.00674074 0.00588415 0.00896021 0.007028049 0.005138547 0.004061358 0.002340731 0.002442199 0.000601706 0.0008249521 0.0004831948 0.0002105749 0.0002877505 2.596582e-005 0.0003921754 0.000484743 0.0005616467 0.0006196383 0.0008902678 0.0009659915 0.0009732007 0.0009119909 0.0008673753 0.0008008406 0.0007140716 0.0006012988 0.0001997126 0.00015343 0.0001217837 0.0001020714 7.293814e-005
0.09413856 0.1032062 0.1275688 0.1555548 0.118208 0.1049748 0.1173606 0.1390181 0.1347495 0.09894522 0.07829477 0.127457 0.1397689 0.1357849 0.1528106 0.1887651 0.1684807 0.1867031 0.1979037 0.2210663 0.1586932 0.1399722 0.09290946 0.05394302 0.022252 0.01142829 0.009650247 0.01566241 0.008475882 0.007048533 0.005515122 0.002667778 0.001382905 0.002159217 0.0006019474 8.36149e-005 2.678263e-005 1.126504e-005 0.0009172056 0.0005178858 0.0003720265 0.0004491335 0.0005213559 0.0007804299 0.001242161 0.004563339 0.001206315 0.004702193 0.0009576775 0.004412541 0.0006713534 0.000218137 0.0001757579 0.0001448581 0.0001223545 8.805512e-005
0.1041876 0.08402485 0.1233216 0.1405997 0.09506687 0.09514353 0.1212567 0.183608 0.168183 0.1127689 0.07948536 0.1258556 0.1122566 0.1206244 0.1490885 0.1838856 0.1709456 0.1418608 0.1713028 0.1970973 0.2126218 0.2477677 0.1460999 0.1151239 0.06666543 0.02007315 0.01088502 0.01508316 0.01267981 0.01066541 0.009475772 0.004632525 0.002963659 0.003165509 0.001536391 0.0001677258 6.8005e-005 2.033735e-005 0.003697305 0.0003452771 0.0003993854 0.0004555975 0.001135866 0.001295616 0.002691664 0.004215964 0.001045989 0.0014377 0.001297293 0.001168662 0.001100816 0.0008878099 0.0006360324 0.0005356786 0.0004638009 0.0003515536
0.1250068 0.1062179 0.1389733 0.1321228 0.1170748 0.07562536 0.08339346 0.1575478 0.1595756 0.09927262 0.07393564 0.09511136 0.08492532 0.136772 0.1272628 0.1523363 0.1373999 0.1416174 0.1413813 0.1757859 0.2192996 0.2294362 0.1770187 0.1363458 0.09120599 0.07254007 0.03493227 0.02102511 0.02021238 0.01982519 0.01463211 0.007105115 0.006040976 0.00516227 0.004442977 0.0007135646 0.0001501803 4.528043e-005 0.0008910855 0.0005509314 0.0005664815 0.0005817663 0.0005922011 0.001436423 0.001775618 0.001543201 0.001734327 0.001692195 0.001721838 0.001618541 0.00149137 0.001385912 0.001048387 0.00136926 0.0008888394 0.0007743998
0.1221518 0.09696043 0.08888283 0.1166834 0.1071169 0.0864452 0.06793105 0.09711403 0.1130252 0.06906752 0.06857446 0.06709605 0.05981616 0.06992839 0.07951996 0.1077465 0.1097724 0.09799231 0.09457938 0.1291932 0.1896612 0.2069983 0.2111239 0.1667073 0.1213167 0.1065345 0.07764991 0.06182223 0.05363026 0.04690875 0.04066588 0.01654142 0.01349131 0.01329874 0.008159154 0.002935373 0.001203405 0.000368174 0.0003569466 0.001179782 0.001551163 0.001195519 0.0008160046 0.001696467 0.002476573 0.002718056 0.002734602 0.004004588 0.004911529 0.001836981 0.001735462 0.001693388 0.001345941 0.001293149 0.001461755 0.001077127
0.1039676 0.09563577 0.06350472 0.09354515 0.1173025 0.09484643 0.07769258 0.06100729 0.04830569 0.05014984 0.05175549 0.04472844 0.07740003 0.1167241 0.09520693 0.1165537 0.08892229 0.1031378 0.1068878 0.1257373 0.1544083 0.1841255 0.2100155 0.198916 0.1372751 0.1293603 0.09454549 0.07576734 0.06748399 0.05946487 0.05148376 0.02105096 0.0174544 0.01396564 0.01058741 0.004108299 0.001619162 0.0004983465 0.0004692169 0.00111524 0.001042004 0.001353902 0.001222973 0.002103407 0.002363765 0.002038154 0.001968954 0.002225759 0.002707197 0.002061034 0.001973554 0.002012592 0.001800742 0.001638735 0.006701261 0.002208489
