contrib/geomasonDemos/riftland/riftlandData/RainData/.svn/text-base/141.txt.svn-base
ncols         56
nrows         54
xllcorner     28.264
yllcorner     -5.7719999999999
cellsize      0.25
NODATA_value  -9999
[rows 0 to 24 of 54, columns 0 to 55 of 56]
0.1542707 0.1843107 0.1428763 0.1982102 0.3099585 0.2624594 0.2079959 0.1435217 0.129821 0.1112584 0.1308398 0.1492392 0.1238777 0.07299897 0.0699952 0.06443237 0.0409645 0.06736246 0.09933079 0.1174694 0.1248391 0.1205719 0.1269509 0.1740427 0.1519306 0.1148304 0.1332073 0.1924276 0.1312662 0.1044865 0.1407113 0.1876916 0.1677128 0.138 0.08132723 0.1258351 0.0888963 0.1263398 0.04631247 0.03614333 0.02016696 0.02557728 0.03836774 0.088544 0.04979417 0.04885808 0.03770637 0.03355556 0.03309745 0.05552153 0.03244168 0.03716801 0.04158274 0.03184082 0.02805006 0.01884367
0.2689788 0.2354255 0.2544468 0.2047378 0.2462507 0.229831 0.2651754 0.2198948 0.183627 0.1472289 0.1243582 0.1129524 0.08883187 0.07933867 0.0472011 0.0511453 0.04269865 0.05738293 0.1062806 0.1121658 0.1178909 0.1242881 0.12177 0.1638908 0.1626386 0.1195092 0.09819312 0.1252052 0.1504838 0.1225614 0.1192257 0.161095 0.1843177 0.119708 0.09339318 0.1155798 0.1070674 0.07075045 0.04841385 0.05140594 0.04699016 0.03907226 0.05741161 0.07047671 0.03770758 0.03951127 0.03051742 0.04087322 0.05036684 0.0196858 0.01627986 0.01268009 0.01584537 0.01079834 0.008730541 0.006360143
0.2320078 0.3106339 0.3009076 0.2276006 0.232485 0.2127755 0.2439275 0.1892935 0.2213857 0.1556479 0.1177954 0.1046595 0.133076 0.06936459 0.05155629 0.05582312 0.05294822 0.06465577 0.1091193 0.1218415 0.1409201 0.1362841 0.09474705 0.1309351 0.1646074 0.132968 0.1137348 0.1548821 0.1601785 0.1221375 0.1176751 0.1593341 0.1583617 0.1442903 0.1104991 0.1680984 0.1153436 0.07380094 0.04965736 0.05309928 0.06585871 0.0623948 0.06034053 0.03441049 0.02007958 0.02544182 0.02603533 0.04137249 0.04739499 0.02953854 0.02437959 0.02174994 0.009546681 0.004091667 0.003754247 0.006821324
0.3197543 0.2387942 0.2542241 0.227213 0.2939674 0.2266982 0.2189624 0.2046937 0.172418 0.1421651 0.1130003 0.1242788 0.1398023 0.09131543 0.06472903 0.06521016 0.07011291 0.06149249 0.08625212 0.1373902 0.1594657 0.1210495 0.1507846 0.1617794 0.1130005 0.1180511 0.1294166 0.1549374 0.1409264 0.1296446 0.1129778 0.1146245 0.1394233 0.129025 0.1754036 0.1952834 0.161848 0.07024122 0.02638274 0.03563616 0.05630809 0.06235414 0.05580745 0.06359818 0.04117758 0.02163225 0.02852574 0.03540329 0.02626194 0.03176377 0.0238288 0.01596095 0.003368534 0.001317734 0.003982694 0.00327043
0.1852733 0.2034134 0.1866332 0.1863076 0.2025348 0.2412981 0.2181835 0.2057266 0.1623407 0.1872538 0.1651353 0.1195572 0.1358362 0.1185316 0.09859797 0.09213212 0.0861986 0.09471652 0.1015909 0.1187939 0.1222459 0.1142625 0.09840294 0.1206479 0.07996152 0.1103675 0.0850095 0.1138205 0.105615 0.08226882 0.1145135 0.1268713 0.1348416 0.1407906 0.1415612 0.1606687 0.1057081 0.04351566 0.01218581 0.03904334 0.06484735 0.05158354 0.04821594 0.04205817 0.02091611 0.01474021 0.0179996 0.01749883 0.02383405 0.02243311 0.022061 0.01005853 0.00245442 0.0008216926 0.0001261089 0.0002728534
0.1817626 0.1811991 0.1859796 0.2231992 0.1791355 0.1653963 0.1803795 0.2453338 0.1431339 0.1366346 0.1292774 0.1166307 0.108408 0.1519376 0.1157944 0.08947859 0.1123045 0.1571376 0.09773228 0.08424348 0.0877706 0.06848811 0.07119933 0.06502499 0.05953678 0.0825946 0.07443913 0.1042215 0.1069917 0.09095211 0.1069022 0.132774 0.1159266 0.09585679 0.05885011 0.07421218 0.06392197 0.02014241 0.008871741 0.02111461 0.05986164 0.03033786 0.02971715 0.04258473 0.03302152 0.02583795 0.02578555 0.01521013 0.01540901 0.008411842 0.006138514 0.002790521 0.0009464213 0.0008665412 0.0001694311 3.795788e-005
0.2259108 0.2215763 0.186655 0.2806734 0.235496 0.2084361 0.243884 0.2039752 0.1620696 0.1109078 0.1161476 0.1156494 0.1295781 0.161296 0.0994543 0.124518 0.1746097 0.1576419 0.1238164 0.08994751 0.04806555 0.05014611 0.05557624 0.06138114 0.04049773 0.07215626 0.07660084 0.08777434 0.09419261 0.09374455 0.08005444 0.09702043 0.1238647 0.07958654 0.05296585 0.05315709 0.04908691 0.02960004 0.02127851 0.05965072 0.05108341 0.03280396 0.01725667 0.02084701 0.03054498 0.02869155 0.02768597 0.01395701 0.008930353 0.002585765 0.004476427 0.001283205 0.001360734 0.001055127 5.819385e-005 7.313456e-005
0.2185785 0.221815 0.23279 0.2486246 0.2572693 0.1993913 0.1864876 0.1490698 0.1132139 0.09989834 0.1173772 0.1467015 0.1593696 0.1406812 0.1488575 0.1185585 0.1122035 0.154503 0.1401025 0.1106436 0.07128259 0.04975601 0.06890179 0.05156071 0.04971936 0.03814805 0.03750641 0.06628118 0.06952757 0.07773799 0.07681966 0.07950382 0.09215157 0.06769264 0.0414506 0.06109737 0.05355529 0.03793641 0.03544579 0.0495191 0.03472827 0.02230842 0.02205783 0.02989019 0.03016062 0.02265871 0.0265203 0.02032726 0.01021535 0.002991684 0.001497602 0.0009667818 0.00086627 0.0004072823 0.0006704307 4.215571e-005
0.2058846 0.2121768 0.2002753 0.1901383 0.1852534 0.174264 0.1565134 0.09193655 0.07561693 0.09531319 0.1157347 0.1166749 0.1436641 0.1398459 0.1284054 0.1176484 0.1177087 0.1320402 0.1443134 0.109936 0.0777252 0.07554087 0.07169963 0.0715481 0.03715033 0.0321666 0.02964217 0.04098427 0.03845735 0.03466822 0.0457013 0.0614219 0.06149272 0.05763467 0.03781172 0.04810564 0.03745798 0.01919403 0.02708273 0.0371771 0.02416021 0.01303454 0.01246334 0.02526047 0.03326845 0.01193754 0.01072025 0.006879759 0.005579037 0.00146716 0.0005287231 0.0001870477 6.712935e-005 0.0004053437 4.692641e-005 4.065574e-005
0.1459735 0.1641911 0.1464808 0.1836853 0.1988509 0.1560599 0.1360366 0.09099092 0.0932588 0.0965061 0.1031748 0.1208767 0.1170961 0.1176515 0.09585877 0.1155344 0.1438228 0.1284812 0.1421032 0.1017906 0.1284388 0.07741956 0.03536644 0.04379361 0.03109585 0.02537271 0.02188356 0.02403899 0.03664606 0.02588964 0.01530085 0.03259339 0.03075963 0.02391027 0.03274464 0.03908669 0.03408983 0.03446747 0.02212208 0.02469057 0.01705239 0.01259619 0.00644978 0.01062957 0.01244131 0.008910402 0.00539491 0.002839148 0.001846678 0.001197267 0.0003215173 8.303853e-005 6.355772e-005 0.0001597361 5.036039e-005 3.706841e-005
0.1256622 0.13463 0.1080389 0.1215229 0.1263424 0.1398935 0.1372819 0.0795996 0.09521085 0.09946473 0.104705 0.1514541 0.1154771 0.106848 0.08955169 0.1189859 0.1277034 0.1202114 0.1318052 0.1457513 0.1051886 0.07237706 0.03859531 0.04540898 0.02837894 0.01749776 0.01822228 0.02338666 0.03250176 0.01414517 0.005086253 0.01204291 0.01340644 0.008005019 0.01460151 0.0295351 0.03023147 0.02897636 0.02018145 0.02179016 0.01655443 0.01181149 0.005639134 0.004979937 0.006082952 0.008054662 0.001715146 0.0001810326 0.001106089 0.0004127046 0.0002311804 0.0004659727 0.0002623445 4.40217e-005 3.706125e-005 3.12145e-005
0.1172303 0.1034659 0.122356 0.09632682 0.1171252 0.1259931 0.1227714 0.07352608 0.08966891 0.09381337 0.1339044 0.1423007 0.1208377 0.1027706 0.1178291 0.134009 0.1253839 0.1178845 0.116859 0.09722327 0.1058258 0.05605536 0.04149903 0.04865561 0.04568283 0.03149567 0.01843909 0.01813444 0.008030407 0.003444474 0.005393126 0.01079992 0.01370398 0.01163141 0.02052538 0.04526688 0.03308861 0.03552197 0.02916467 0.01583006 0.01290018 0.006609539 0.004807868 0.003482556 0.001075604 0.002203152 0.002006983 0.002659655 0.001944678 0.001045304 0.0001764392 0.0002670261 0.0001381495 9.978862e-005 8.266773e-005 5.721492e-005
0.1300882 0.1808686 0.1535412 0.1180788 0.1238678 0.1501097 0.1628258 0.09485272 0.1056909 0.1634355 0.1997411 0.1339879 0.1100892 0.1026443 0.116022 0.1208449 0.1341112 0.1204779 0.09407894 0.09604311 0.07382754 0.04484696 0.05525008 0.06366137 0.04825115 0.03006531 0.01733495 0.006790097 0.00262884 0.0004374355 0.003194281 0.007033232 0.01433321 0.009310406 0.004031794 0.01683902 0.01960112 0.02588498 0.0243966 0.00864816 0.007413532 0.004878682 0.002963517 0.001790871 0.001209387 0.001804907 0.001490742 0.001573834 0.0009140624 0.000215608 0.0001726581 0.0001874897 0.0001230229 8.301179e-005 6.675212e-005 4.410655e-005
0.1610207 0.2333633 0.1983002 0.2419294 0.1941833 0.1549065 0.1355549 0.1014161 0.1038971 0.08265985 0.1459861 0.1313803 0.1258027 0.09023066 0.1034034 0.1226893 0.1431777 0.166893 0.1245519 0.08333724 0.06494315 0.04594835 0.05970036 0.0558201 0.03627942 0.02002555 0.009730455 0.005902185 0.0008705644 0.0005255158 0.001190485 0.004289011 0.008197418 0.005497976 0.005257751 0.01152715 0.00903846 0.007031208 0.01531227 0.009174343 0.008317269 0.002634633 0.001823747 0.001474103 0.001093067 0.002451255 0.002736786 0.001560996 0.0002677497 0.0002134306 0.000167979 0.000176798 0.0001103512 6.928213e-005 5.417124e-005 3.441562e-005
0.2157611 0.2537685 0.1852084 0.2430315 0.1911818 0.1359661 0.1446307 0.1255486 0.0913137 0.09562504 0.1102808 0.1025653 0.09059737 0.08925065 0.11093 0.1067823 0.1528848 0.1990529 0.1233984 0.0712235 0.06365439 0.0369161 0.02725653 0.0271319 0.02331791 0.02876922 0.00809794 0.005965545 0.002419847 0.001910983 6.837051e-006 0.00208754 0.001645961 0.003442108 0.006930687 0.004975999 0.002628526 0.00229834 0.003601855 0.003327926 0.002194772 0.00193398 0.001278326 0.001522087 0.00147285 0.001907113 0.0008662839 0.0007533312 0.0002650156 0.0002083624 0.0001627727 0.0001680077 9.961901e-005 5.867249e-005 4.530168e-005 2.805836e-005
0.242916 0.2478465 0.2142589 0.2794305 0.2274119 0.1902732 0.1545258 0.1627309 0.1611693 0.1324395 0.09703925 0.09317086 0.08995178 0.07915863 0.08817618 0.1335336 0.1794669 0.156349 0.1103294 0.09069841 0.0805398 0.05391775 0.02676111 0.01202001 0.01151135 0.00941129 0.004896559 0.001186119 9.417505e-005 2.089773e-005 0.0001166572 4.371838e-005 0.000277046 1.721631e-005 0.001265423 0.0002205237 0.001707579 0.002501829 0.002699888 0.001021733 0.001959459 0.0029041 0.002465861 0.002149001 0.001841196 0.001335745 0.0009405916 0.0003474217 0.0002772587 0.0002168241 0.0001669968 0.001244731 0.001990275 3.531896e-005 2.670932e-005 0
0.32028 0.2313022 0.1514378 0.2465807 0.2167271 0.2438761 0.1773634 0.1738124 0.1714072 0.1167641 0.08341878 0.0974386 0.1191245 0.1509435 0.1014057 0.1203917 0.158966 0.1565544 0.1146888 0.09928665 0.08047913 0.05999178 0.03021882 0.01094714 0.009368627 0.006807332 0.002610849 0.0004058089 9.628968e-005 0.0002280418 1.612173e-005 0.0006738019 1.012124e-005 2.662438e-005 2.439841e-005 0.0001617982 0.0002109862 0.0002723956 0.0003432216 0.0009569295 0.001471801 0.001965911 0.002041628 0.001984981 0.001160119 0.001086575 0.0009334041 0.0003447326 0.0002737643 0.0002123926 0.0001611355 0.0001094616 5.756386e-005 0.0004554966 2.019743e-005 0
0.2958082 0.2318315 0.1528473 0.1587101 0.2210002 0.2646795 0.2134927 0.2011301 0.1520801 0.1140861 0.1080949 0.1130947 0.1037122 0.1670612 0.1262211 0.1155704 0.1414794 0.1860487 0.1647515 0.1039984 0.09075145 0.07526883 0.02927581 0.01227971 0.005063107 0.003435483 0.0009358453 0.00029726 0.0002043563 0.0001414932 0.0001105617 0.003264025 0.001595942 0.0002020074 0.0001595887 0.0001852637 0.0001913288 0.0002298231 0.0002978174 0.002240578 0.00100128 0.001086814 0.00139114 0.001667899 0.001567196 0.002137582 0.0008681769 0.0003177454 0.0002514604 0.0001941692 0.0001457891 9.775342e-005 4.899001e-005 0.0002868712 1.525399e-005 0
0.1925308 0.1635314 0.1235544 0.1732627 0.1802442 0.1814082 0.1662997 0.1502914 0.1374329 0.1247578 0.1095741 0.1066319 0.1113805 0.1171383 0.1543344 0.170763 0.1572673 0.2054386 0.2202374 0.1658955 0.1417664 0.1261212 0.08336093 0.01911335 0.007215623 0.009853657 0.003574009 0.0007800431 0.0005063564 0.0003842692 0.000298938 0.0002424244 0.00222308 0.0003514208 0.0002873339 0.001612365 0.0001851793 0.000178604 0.0002385206 0.0006858754 0.0008234271 0.0009020314 0.0009443808 0.0008912451 0.0009142705 0.000863832 0.0007362501 0.0002691023 0.0002108762 0.0001620438 0.0001338822 0.0001689373 8.850628e-005 0.0005982451 0.001106019 0.000122692
0.2020812 0.1059243 0.09143376 0.1391407 0.1957262 0.2112389 0.2455884 0.1698462 0.1773552 0.1536071 0.1140164 0.09805919 0.09431646 0.1284803 0.201172 0.1725881 0.1604484 0.1755513 0.197557 0.2620834 0.2635702 0.2011715 0.138656 0.06033895 0.021689 0.01009014 0.005635054 0.007413552 0.006919987 0.004445112 0.003512124 0.001506485 0.005559354 0.000545235 0.0004131811 5.725107e-005 3.063612e-005 3.660839e-005 3.049945e-005 0.0004582423 0.0005606351 0.0006241116 0.0006494484 0.0007250899 0.0007517298 0.0007115754 0.0006013597 0.0003921213 0.0003035896 0.0002304649 0.0001706506 7.35639e-005 2.011937e-005 0.0005574589 2.15014e-005 0.0002736409
0.192579 0.1003247 0.1041861 0.158157 0.252589 0.2009522 0.1683665 0.1872115 0.1694425 0.1494933 0.1328169 0.08097527 0.093227 0.141078 0.1686015 0.1221745 0.1296374 0.1583048 0.2150874 0.2852432 0.3069369 0.2486694 0.1414068 0.09652659 0.04463468 0.01117029 0.007897167 0.01001314 0.00800104 0.006376394 0.004765739 0.002062864 0.001252327 0.005804339 0.003590898 0.001781987 0.0002699723 1.276684e-005 6.920255e-005 0.000635111 0.001218508 0.001310659 0.0006040427 0.0005586573 0.0005892803 0.0005617781 0.00047184 0.000304164 0.0002311368 0.0001726724 0.0001269417 1.743275e-005 1.790739e-005 0.0002100469 7.675797e-006 0
0.1803453 0.1702334 0.1887672 0.227087 0.2349805 0.1394574 0.113006 0.1681625 0.2462551 0.1386146 0.1224237 0.08034607 0.08020152 0.1226542 0.119932 0.09364947 0.1038832 0.1371138 0.212215 0.2545231 0.259417 0.2633767 0.2144958 0.1444949 0.07023989 0.0198094 0.01122322 0.01424165 0.01597421 0.01084062 0.007933899 0.009338531 0.005029573 0.003322477 0.003490454 0.005031472 0.002414294 9.631356e-006 0.001763102 0.001952396 0.000302713 0.002125419 0.000376258 0.0006579139 0.0004595011 0.0004392453 0.0003680962 0.0002361181 0.0001788235 0.0001337114 9.870345e-005 8.708324e-006 4.172886e-006 1.759515e-006 7.96417e-006 0
0.1705923 0.1839243 0.1747443 0.1998462 0.1984615 0.09711263 0.1664955 0.2107758 0.1897063 0.1176457 0.07891766 0.1014833 0.07397036 0.08912276 0.09212045 0.08549297 0.08896443 0.1053011 0.1573263 0.2061622 0.2537302 0.2490767 0.1881435 0.1781903 0.1210969 0.05184428 0.03659002 0.0230292 0.01804522 0.01522336 0.01308707 0.006816662 0.005662336 0.009027466 0.01302517 0.005150673 0.002075591 0.006372637 0.001734598 0.001734847 0.002324075 0.0007524419 0.001753594 0.0003439708 0.0003744904 0.0008765167 0.0002897867 0.0001892589 0.0001468648 0.0001123985 8.706422e-005 8.309029e-006 4.936841e-006 3.11448e-006 2.839476e-006 0
0.1678768 0.1895085 0.2448912 0.2316767 0.1894678 0.1047889 0.09121604 0.1020509 0.0778885 0.06783444 0.05964943 0.08922163 0.06494192 0.09253743 0.09957907 0.09441877 0.09755411 0.1046236 0.1335894 0.1779387 0.1950646 0.199167 0.1491465 0.1462542 0.1206518 0.08520495 0.06801529 0.05327021 0.0500958 0.0421359 0.03551038 0.01392344 0.01187217 0.01322422 0.01183286 0.001057035 0.0005651585 0.001383455 0.001336283 0.0004482634 0.0009695477 0.0001344312 0.0001369492 9.62506e-005 9.785128e-005 0.0001643557 9.126754e-005 6.773457e-005 5.478125e-005 4.398019e-005 3.611079e-005 1.288714e-005 9.25247e-006 7.265972e-006 6.895979e-006 5.378265e-006
0.2129661 0.1488874 0.1876031 0.2040313 0.1288191 0.1005478 0.08803178 0.04709434 0.04800755 0.08232862 0.08307383 0.04292901 0.05028126 0.08927003 0.1213955 0.1069082 0.08018477 0.09268709 0.1008659 0.1418641 0.1420587 0.1706201 0.1481943 0.138327 0.1335636 0.1091794 0.08856367 0.09221098 0.07752238 0.05789591 0.05018891 0.01917724 0.01692015 0.02499949 0.01356549 0.003112738 0.0002397685 0.0008594253 0.001195519 0.001871348 0.0001043164 0.001461958 9.622338e-005 6.320298e-005 6.03521e-005 5.592182e-005 4.985999e-005 4.475491e-005 3.901137e-005 3.403989e-005 0.001010726 0.001873788 0.0006226322 9.514962e-006 9.134114e-006 0.0002360989
