contrib/geomasonDemos/riftland/riftlandData/RainData/.svn/text-base/141.txt.svn-base
ncols         56
nrows         54
xllcorner     28.264
yllcorner     -5.7719999999999
cellsize      0.25
NODATA_value  -9999
[rows 25 to 49 of 54, columns 0 to 55 of 56]
0.2306272 0.1931383 0.1662914 0.1046453 0.09724756 0.06814579 0.09001724 0.04408773 0.03270502 0.04143256 0.05593901 0.06340695 0.07766797 0.06187056 0.1249666 0.09631936 0.0893369 0.1180818 0.1351023 0.1160958 0.1294045 0.1377251 0.1301337 0.1371077 0.1484831 0.1094122 0.1043674 0.1122179 0.09672719 0.08422952 0.05639685 0.02951629 0.03254801 0.02154293 0.0124508 0.001142546 0.0002822086 3.132039e-005 2.834793e-005 0.000787857 0.0001587722 0.002751961 0.003434583 8.929807e-005 8.378109e-005 7.891941e-005 0.0002376173 0.0002145245 6.868371e-005 6.546143e-005 0.001061301 0.002733941 2.769221e-005 0.001548351 0.001118876 2.382274e-005
0.1688674 0.1194129 0.1695768 0.141211 0.1213915 0.0923094 0.1022301 0.04511157 0.03657326 0.04464292 0.08827888 0.07019193 0.05991745 0.05414919 0.07144102 0.08585221 0.0677382 0.09503796 0.1168657 0.1097228 0.1061759 0.1041914 0.1181369 0.1479574 0.1420828 0.1178483 0.1211462 0.1369678 0.1066316 0.07852809 0.06025091 0.0304185 0.0580968 0.04525496 0.01664999 0.006998586 0.0003077058 5.755318e-005 5.215257e-005 0.0003275157 0.0002913677 0.0002701215 0.0002614482 0.0001740577 0.0001996446 0.0001608503 0.0009714105 0.0007352091 0.0001431213 0.0001382061 0.0004364333 0.003256785 0.003900169 0.001323452 0.002306938 0.00263489
0.2014923 0.1597046 0.1690635 0.1741046 0.10674 0.08763944 0.08286711 0.0689414 0.06588179 0.1202384 0.09775068 0.1036593 0.07076985 0.06550328 0.06506115 0.07605033 0.07006191 0.07385272 0.1083753 0.09788457 0.1036733 0.09310369 0.1304733 0.1743644 0.1981699 0.1742706 0.1690462 0.138614 0.1025766 0.09492563 0.07714933 0.05665432 0.05501192 0.03317937 0.01986735 0.005090785 0.002151412 0.0005972525 0.0004875257 0.0008449655 0.0007524029 0.0007590166 0.0006834351 0.0007025989 0.001150084 0.0007515408 0.0006342963 0.0005619759 0.0005378335 0.0005219048 0.0005186197 0.001625781 0.001214065 0.002272064 0.00153197 0.002499798
0.1666517 0.1486183 0.1373752 0.1611523 0.09187808 0.08194542 0.0727285 0.08039128 0.1290987 0.1220115 0.1465244 0.1083245 0.07391632 0.0770355 0.0890275 0.08888387 0.08691526 0.07070564 0.08685513 0.08033019 0.1042695 0.1210747 0.1816898 0.2049527 0.2341272 0.210311 0.1857272 0.139998 0.1099271 0.1003529 0.07757599 0.06614235 0.04530021 0.02664651 0.01994076 0.005218179 0.002263152 0.0007051705 0.000639844 0.001107259 0.0009851167 0.0009174366 0.0009355281 0.0009299712 0.001544513 0.00139417 0.001431641 0.0007508959 0.0007157132 0.000699472 0.0006963146 0.0006037845 0.002109157 0.003231016 0.006374108 0.00185633
0.1769203 0.1775089 0.1222363 0.1202298 0.07782919 0.06174413 0.07052081 0.06665118 0.07470124 0.09343833 0.1114038 0.0861785 0.06517553 0.07479783 0.0450725 0.07796669 0.1159929 0.07834392 0.08839 0.06955834 0.07644622 0.1114352 0.1609453 0.2127679 0.236069 0.2565462 0.2383174 0.1852378 0.1294871 0.1031357 0.08123683 0.05156496 0.03830757 0.02579194 0.0194633 0.005161555 0.002378431 0.001004412 0.002226945 0.001406327 0.001258256 0.001162503 0.001121802 0.00114499 0.001098995 0.001201691 0.001444716 0.0009352496 0.0009044951 0.0008989031 0.0009072089 0.0003796209 0.002642803 0.005496012 0.003150261 0.001544166
0.1896169 0.1615322 0.1490873 0.1203491 0.06428223 0.04823342 0.08083574 0.05428768 0.05812367 0.0548991 0.06322242 0.07803071 0.08877567 0.07009245 0.0468681 0.08379442 0.07478357 0.08164544 0.1033347 0.0814884 0.09188926 0.09681059 0.1081706 0.1965822 0.2503718 0.2664396 0.2569225 0.2186794 0.1495945 0.1126613 0.08194861 0.05561743 0.03561145 0.02469941 0.01960131 0.01650508 0.02671403 0.001111082 0.001011694 0.001741012 0.001568181 0.001432641 0.001353561 0.001436581 0.001250708 0.001206195 0.001202455 0.001111318 0.001101753 0.001123396 0.00115157 0.0009151518 0.003929818 0.003390919 0.001479703 0.001562526
0.160514 0.1606105 0.08942689 0.05775158 0.0418075 0.03376324 0.064511 0.06687693 0.05020088 0.04599652 0.04737332 0.08217108 0.06839965 0.06466511 0.06016546 0.07782295 0.07964967 0.08494588 0.09623141 0.08903661 0.08774072 0.08463131 0.1014292 0.2052091 0.2627403 0.2613993 0.2352822 0.2449479 0.1844859 0.1346778 0.1024495 0.06459215 0.04766148 0.02948512 0.0261411 0.02429085 0.05638113 0.003918105 0.002724038 0.002478087 0.002233871 0.002027482 0.00188545 0.001528697 0.001260172 0.001211124 0.001230744 0.001250561 0.001268472 0.001311756 0.001365392 0.00108495 0.004751051 0.003446731 0.001072966 0.002286676
0.122164 0.08250061 0.05091327 0.03659513 0.02634533 0.02328789 0.04792714 0.08334454 0.05402936 0.03968332 0.03654278 0.06985904 0.06527923 0.06415991 0.07438411 0.09173735 0.09412533 0.1069197 0.1285391 0.08735399 0.08374769 0.06987024 0.09337132 0.2188303 0.2617564 0.2821545 0.2554762 0.2550642 0.2104362 0.1401174 0.1077533 0.06921045 0.04822926 0.03329404 0.01758324 0.01747929 0.01071786 0.005332265 0.00313877 0.002869825 0.002589188 0.002343961 0.002154602 0.001750478 0.00141099 0.001338662 0.001379559 0.0014203 0.001457099 0.001525625 0.001604359 0.0007994993 0.0008369319 0.002920264 0.000891192 0.001331981
0.148909 0.08553568 0.04396841 0.04373924 0.02968509 0.03823214 0.05597138 0.06888084 0.0614368 0.02917065 0.02237337 0.05741314 0.06965712 0.05954419 0.0753425 0.06967761 0.08035915 0.1290912 0.166822 0.08252055 0.05746718 0.06210066 0.0811138 0.1964346 0.254079 0.2784164 0.2771092 0.2445982 0.1928693 0.1514106 0.1048513 0.06129176 0.04273233 0.03374948 0.01521659 0.01109191 0.008766913 0.003493149 0.003143024 0.002968412 0.002621023 0.002365725 0.002221989 0.001832304 0.001531447 0.001492593 0.001554692 0.001611458 0.001675765 0.001752596 0.001849567 0.0009147051 0.0009577314 0.00160042 0.002484149 0.0009867748
0.1238736 0.1013109 0.05315353 0.04901429 0.04905004 0.06904127 0.05798693 0.05439747 0.04551155 0.02093698 0.02313422 0.06224478 0.05837552 0.06008164 0.07083603 0.07496303 0.09365463 0.126849 0.1096548 0.08464078 0.05653 0.04851868 0.04957175 0.1622987 0.2216361 0.2330901 0.2062283 0.1693242 0.1433562 0.1216971 0.09824105 0.05475414 0.04140069 0.01700596 0.01601093 0.01013041 0.007429624 0.005574613 0.00307139 0.00279931 0.002327319 0.002116367 0.002080014 0.001824514 0.001647199 0.001670159 0.00175812 0.001909307 0.001920375 0.002004554 0.002092967 0.001023842 0.001135681 0.001082488 0.001100381 0.002013613
0.1070724 0.08108025 0.05588329 0.05774535 0.04016016 0.03970831 0.02667346 0.033217 0.0246898 0.02963755 0.03861523 0.04774257 0.05584553 0.05964945 0.08838588 0.1050402 0.1302565 0.131466 0.09533993 0.06321975 0.04914087 0.03586319 0.04228768 0.08195193 0.1680714 0.1979285 0.1788229 0.09447711 0.05100463 0.03754721 0.04594126 0.03169231 0.01873445 0.01162585 0.009359957 0.009280981 0.007951746 0.004397671 0.003731678 0.001602143 0.00123812 0.001099043 0.001182248 0.00120646 0.001039265 0.001090513 0.001444861 0.002301237 0.002562603 0.003196026 0.002316519 0.002158209 0.002225352 0.002262054 0.003386569 0.00493642
0.07549658 0.05962849 0.02826906 0.04919533 0.02778265 0.01740005 0.02006093 0.02538604 0.02549969 0.02910041 0.03337502 0.04459156 0.06507124 0.0736128 0.1139434 0.09440839 0.1209032 0.1855608 0.1069251 0.05782367 0.0381046 0.03498871 0.04269705 0.09624186 0.164322 0.1617515 0.1324864 0.08865925 0.03752263 0.03367553 0.03201311 0.02694618 0.01452887 0.009781559 0.01097625 0.01029074 0.005999243 0.004624565 0.003638268 0.001484174 0.001080713 0.0009258384 0.001095922 0.002172078 0.003298212 0.001247925 0.001463076 0.002373539 0.00260754 0.002477866 0.002649214 0.004968637 0.00583314 0.00252062 0.004665492 0.002892652
0.07327358 0.04512902 0.02401479 0.01760344 0.01794649 0.01840806 0.01948474 0.022028 0.03619455 0.03093176 0.03438944 0.04009934 0.04556909 0.07730215 0.1025197 0.0856863 0.1029969 0.1193765 0.1071953 0.06607799 0.04239102 0.05617788 0.04372656 0.07467964 0.132156 0.1156098 0.07108241 0.08450726 0.05858627 0.02396911 0.01572949 0.02024926 0.01583297 0.01115098 0.01283569 0.00720263 0.005369128 0.003992508 0.003225074 0.001281347 0.0008674525 0.0008136691 0.001120058 0.002301857 0.005738144 0.001954566 0.003047124 0.002867525 0.0028391 0.002924677 0.002916143 0.009988795 0.005192271 0.002816071 0.004486835 0.002347688
0.07003788 0.0466356 0.02295832 0.01905922 0.01457817 0.01248797 0.01605453 0.01932719 0.02333036 0.02329499 0.04334382 0.0352324 0.04390069 0.06577274 0.09592863 0.08365153 0.09706599 0.08070049 0.06103777 0.03774105 0.04053951 0.06773067 0.05691028 0.09168231 0.104121 0.09006173 0.08805764 0.07832877 0.03145216 0.01427108 0.02481751 0.02279466 0.00956933 0.006733305 0.005601341 0.005711456 0.004276084 0.003066094 0.00248408 0.0009935771 0.0006805366 0.0007699591 0.001256013 0.00131251 0.001663761 0.002181366 0.002511212 0.003853162 0.003712501 0.003356813 0.003257663 0.004225671 0.004623925 0.003390747 0.004010255 0.00371836
0.07912111 0.0443981 0.02333847 0.03249573 0.01872215 0.01386475 0.01310084 0.01537885 0.01389673 0.0194708 0.0250506 0.02613337 0.03755032 0.05391341 0.1108513 0.1154381 0.1019363 0.08027476 0.05672284 0.04474981 0.04168252 0.06113083 0.08262689 0.08873723 0.08699661 0.07888397 0.03570395 0.01047072 0.008984698 0.009071952 0.008790304 0.008300789 0.005749021 0.003734601 0.003054715 0.002206531 0.001836281 0.001316584 0.0007206937 0.0004969698 0.0002134188 0.0003148757 0.0006087777 0.004273111 0.005760484 0.007075008 0.006186862 0.005564529 0.007811212 0.01067547 0.004709275 0.006671683 0.0067268 0.004353803 0.00861487 0.005959298
0.06804141 0.03041432 0.03149157 0.02581629 0.02034405 0.01374772 0.01524843 0.02081106 0.01893559 0.02239493 0.02436537 0.02161269 0.03388429 0.05372272 0.0820007 0.09017669 0.07243969 0.09029344 0.05616581 0.03503894 0.03422736 0.04252077 0.05095351 0.05132638 0.1053826 0.05258912 0.02365521 0.009127581 0.008501264 0.007689583 0.006933539 0.005804796 0.0115192 0.00812875 0.002267024 0.001662608 0.001029202 0.0004884922 0.0006705723 0.0004061142 0.0001309931 0.0002958456 0.0006674675 0.004900353 0.006574001 0.00733644 0.007181764 0.005991253 0.006682825 0.006367972 0.005168263 0.00418835 0.005928722 0.00733154 0.004198507 0.00561059
0.06085659 0.0203266 0.01771398 0.02997717 0.03047671 0.01684894 0.014847 0.02497689 0.0170024 0.02174931 0.02195821 0.02466959 0.028252 0.04962339 0.06895267 0.06583347 0.08386976 0.07285802 0.07837198 0.03772352 0.04266905 0.03729773 0.0641559 0.09117341 0.07334487 0.03938139 0.01477792 0.01378257 0.007433405 0.006331088 0.005254694 0.005909118 0.003282135 0.006590951 0.001634756 0.0008415118 0.0004623542 0.0002561641 0.0002267414 0.0003322112 0.0002849872 0.0002838419 0.0006819417 0.005089725 0.006877233 0.007976457 0.00768986 0.01040391 0.006314049 0.009631245 0.005822687 0.004968684 0.006282744 0.004514785 0.005873193 0.005240329
0.05104459 0.02648691 0.01054335 0.01568202 0.01744488 0.0133941 0.01867082 0.02393393 0.01705031 0.01747711 0.01883207 0.03578539 0.02574224 0.03804683 0.06660508 0.06307158 0.08809781 0.08660932 0.07568633 0.05813506 0.05451062 0.04343619 0.04087473 0.05793559 0.0721457 0.03016936 0.02307592 0.02192056 0.007636189 0.007081668 0.01724442 0.003411061 0.002292542 0.001537818 0.001179008 0.002417552 0.001037639 0.0001906254 0.000184547 0.0002772571 0.0001992042 0.0006000288 0.00087323 0.004839866 0.00651159 0.007480538 0.007658252 0.007373376 0.008046423 0.01650394 0.01012866 0.00853453 0.005827391 0.003947228 0.006772866 0.002155795
0.05063047 0.03199567 0.01117272 0.007976819 0.009949575 0.014019 0.01743743 0.02073222 0.02342993 0.01676106 0.02347949 0.03782579 0.0370094 0.03812517 0.05644356 0.08819051 0.08012033 0.06419361 0.05758055 0.07927427 0.05029756 0.06096499 0.03466198 0.05185452 0.04377805 0.04201024 0.01802422 0.007591037 0.004713983 0.02096709 0.001705208 0.000385588 0.0003115337 0.0007788415 0.00033061 0.0002928948 0.03148123 0.0005015433 0 0.000174376 0.0005752851 0.001368517 0.0008926839 0.00457567 0.006163436 0.00833121 0.009632507 0.007755525 0.01001222 0.01685798 0.01447973 0.01292034 0.007549692 0.007372786 0.00538416 0.0005833333
0.05107429 0.02117791 0.006869722 0.005063337 0.0088123 0.009266781 0.008361386 0.01423666 0.01299309 0.01463739 0.02164916 0.04796936 0.02631766 0.02389324 0.02931184 0.05761913 0.04820244 0.03682574 0.04637154 0.07386957 0.0636017 0.04278732 0.02432856 0.04329555 0.03118599 0.03041985 0.02586962 0.006766833 0.001787457 0.002378704 0.008797889 1.539506e-006 0.0002896699 0.000868589 3.030369e-007 0 0 0 0 0.0001108799 0.0001432537 0.0003921097 0.0008528311 0.004339719 0.005805437 0.006900252 0.007673694 0.01294315 0.01484007 0.01377397 0.01104229 0.003019187 0.005039401 0.003680213 0.00382671 0.001875
0.05667277 0.0118201 0.004906712 0.003099506 0.01011629 0.007771088 0.005416038 0.01538277 0.0115811 0.01715844 0.01701509 0.02095282 0.03410133 0.03480137 0.04141485 0.05007776 0.04746645 0.04992618 0.0337004 0.04082284 0.04691163 0.04178621 0.03541416 0.01921334 0.0111504 0.009747132 0.007495761 0.002328519 0.001160207 0.003694667 0.007976214 6.888027e-007 2.293871e-007 1.406127e-009 3.006259e-009 0 0 0 0 0.0001250043 0.0001999727 0.0004036432 0.0008110527 0.004039411 0.005323653 0.006418186 0.007228234 0.008445391 0.01035898 0.0117121 0.009699046 0.004052265 0.006421133 0.005903701 0.003098968 0.002041667
0.03711452 0.013781 0.009226636 0.002755717 0.009001621 0.005769818 0.005754016 0.008892783 0.02785963 0.01873173 0.01201742 0.01500517 0.02363646 0.03015378 0.04180677 0.04460993 0.04347377 0.03900385 0.0291751 0.02606877 0.03049021 0.01551404 0.009628542 0.01278902 0.01040456 0.0083695 0.006994728 0.002111722 0.02146352 0.0003818664 0.0002543861 5.094453e-007 0.0005034406 3.006259e-009 8.159946e-009 0 0 0 0 0.0001677236 0.0002315679 0.000459933 0.0007675141 0.003667704 0.004758628 0.005752077 0.006268227 0.01209962 0.008786611 0.01421581 0.01022333 0.00477541 0.01074127 0.009728637 0.004161847 0.003208333
0.008003519 0.005294084 0.002677381 0.002226173 0.003992104 0.01078443 0.005248288 0.003119489 0.009375459 0.009262094 0.007527292 0.006055258 0.01032665 0.01683003 0.01008681 0.01343612 0.01699929 0.01253023 0.01166302 0.01349934 0.01242286 0.01460618 0.009493827 0.007515072 0.03032707 0.008234776 0.006031019 0.007329056 0.00454259 0.001742123 5.223283e-005 0.0005970856 0.0006424972 0 0 0.0006570657 7.62996e-006 0.0001239445 0.000420766 0.0002681393 0.0007208574 0.0005781304 0.0009010103 0.00207047 0.005351392 0.003549743 0.003363515 0.006989161 0.01169225 0.01603424 0.006412037 0.004833333 0.0085 0.005916667 0.007375 0.007916667
0.009113323 0.003006809 0.001417514 0.001748751 0.002818859 0.01191242 0.01055911 0.004474108 0.004835194 0.004508022 0.007403927 0.006191447 0.0055353 0.006019359 0.007867586 0.009368861 0.0100792 0.009524097 0.009798524 0.008017007 0.008001711 0.008426675 0.007200014 0.01225745 0.007321689 0.003663111 0.002487084 0.0002467964 0.000108387 3.297569e-005 5.0969e-005 0 0 0 0.001825255 0.0008447042 0.0006245964 3.728643e-005 8.706737e-005 0.0003219969 0.0004360764 0.00415198 0.0008526571 0.002193118 0.004480734 0.004337269 0.002770167 0.003101729 0.00398994 0.01182302 0.004493836 0.001375 0.01033333 0.008208333 0.01704167 0.01595833
0.00745058 0.006439291 0.001794004 0.001376947 0.002101785 0.006190857 0.01670514 0.008076049 0.00480593 0.006337958 0.01194177 0.006784333 0.004742485 0.005621836 0.007760307 0.01256475 0.009629054 0.01622269 0.01515885 0.01851973 0.0103679 0.005322684 0.005134911 0.003253031 0.003243711 0.001277533 0.000944257 0.0001438744 5.743284e-005 1.184926e-005 8.4975e-006 0 0 0 0 0.001139744 0.0003281529 4.480216e-005 0.0001586311 0.0003632953 0.0105828 0.003036572 0.0008206044 0.005808525 0.00284852 0.002183274 0.003166751 0.003791292 0.002670526 0.009579433 0.005164641 0.009208334 0.02283333 0.02545833 0.02929167 0.01695833
