contrib/geomasonDemos/riftland/riftlandData/RainData/.svn/text-base/143.txt.svn-base
ncols         56
nrows         54
xllcorner     28.264
yllcorner     -5.7719999999999
cellsize      0.25
NODATA_value  -9999
[rows 27 to 53 of 54, columns 0 to 55 of 56]
0.2932735 0.2351051 0.2316746 0.2804785 0.2484727 0.2379806 0.1389171 0.1278935 0.1722744 0.1496873 0.1838711 0.2926562 0.2672223 0.1975778 0.1853187 0.2293505 0.207709 0.2043169 0.1757941 0.2850232 0.2709956 0.1739694 0.170387 0.2036705 0.2066901 0.1144808 0.1024569 0.09993978 0.06987605 0.06295312 0.05267082 0.05395309 0.0615061 0.06237954 0.07784772 0.1171901 0.1400468 0.134328 0.123865 0.09884084 0.095469 0.0702269 0.05490901 0.02665651 0.03661454 0.03590431 0.03124164 0.03564626 0.05815332 0.04765749 0.02714647 0.03637993 0.02389078 0.03800507 0.04081595 0.1146871
0.2651736 0.2885828 0.2157233 0.2575791 0.2000158 0.1357161 0.1066787 0.1338684 0.1308337 0.1773187 0.2341316 0.2662283 0.2669883 0.2170448 0.2362305 0.3830784 0.3541099 0.2453229 0.1838927 0.1940828 0.277021 0.1897198 0.2636859 0.3237391 0.2419179 0.1364525 0.1298781 0.07486653 0.06404923 0.06554715 0.05920746 0.08865127 0.06804086 0.0705449 0.08636244 0.1305465 0.1537915 0.1537519 0.1489003 0.1092997 0.1278739 0.08576938 0.06384025 0.03571442 0.04932852 0.04712792 0.07159055 0.06576041 0.1153632 0.07428711 0.05890789 0.06958853 0.06991963 0.03602719 0.02421801 0.02909858
0.2890189 0.2521865 0.3463773 0.2237619 0.223838 0.1271151 0.1091 0.1213158 0.1629415 0.1744215 0.1789756 0.2158813 0.1943514 0.1917697 0.275646 0.4458376 0.3150184 0.2541751 0.2836971 0.1792243 0.1095889 0.2095513 0.257237 0.2875323 0.2799022 0.2402556 0.1776523 0.121526 0.07581418 0.08443844 0.08745204 0.09740495 0.068769 0.07640985 0.09151026 0.1497282 0.1916325 0.1920391 0.1876496 0.1603356 0.1546463 0.0942415 0.08055605 0.03879924 0.03205679 0.04086053 0.07684877 0.07750969 0.079322 0.06919356 0.06846318 0.03931183 0.04071334 0.01746522 0.02661523 0.0863575
0.3526007 0.3438133 0.3008906 0.217874 0.1760624 0.134297 0.1865062 0.1183467 0.1078418 0.1562429 0.14981 0.1916579 0.2109214 0.3045203 0.3682708 0.412564 0.2758075 0.2812271 0.3154377 0.2426871 0.2766607 0.2512278 0.2596746 0.2715957 0.3010682 0.2155245 0.1967981 0.2083189 0.1644684 0.1052465 0.09849456 0.09809858 0.08197325 0.08043318 0.1044871 0.1481177 0.1946722 0.2332255 0.2239264 0.1869654 0.1504596 0.1054045 0.08060337 0.04166026 0.04666902 0.03161338 0.03684397 0.05872177 0.0737314 0.082049 0.04673407 0.05826185 0.01620689 0.01356862 0.03666292 0.04652229
0.4005905 0.3659062 0.2679611 0.2438534 0.1388192 0.08916994 0.1688321 0.1647112 0.1570191 0.1598285 0.2295589 0.2729043 0.3036501 0.3313218 0.3716303 0.3997682 0.4427236 0.4883073 0.5437074 0.37114 0.3192813 0.2511365 0.1697034 0.2392816 0.2786209 0.2177977 0.2373074 0.2558908 0.1963543 0.1250029 0.1161397 0.09851693 0.08966842 0.08292897 0.1243696 0.1872946 0.2325761 0.2418685 0.2030666 0.130279 0.1206355 0.09399883 0.08734447 0.04846516 0.03754669 0.04217394 0.05669488 0.06143236 0.05885555 0.06065837 0.05071912 0.06081074 0.05763584 0.03530568 0.04169539 0.03648707
0.4282005 0.3128061 0.1686522 0.1731384 0.1098525 0.06739484 0.1596916 0.2029321 0.2361553 0.1277667 0.1762504 0.3284267 0.3411605 0.3580093 0.4037628 0.4231361 0.4256369 0.5252978 0.5573909 0.4336397 0.4372551 0.2784967 0.1550208 0.2122229 0.2547576 0.2325288 0.2236879 0.2159309 0.1757803 0.1582127 0.1416465 0.09807191 0.09615823 0.1070319 0.1297175 0.1857437 0.2142813 0.2117386 0.1955312 0.1374475 0.1281859 0.09600369 0.1091724 0.08419044 0.04635645 0.04540311 0.04227012 0.06583899 0.0536614 0.03957463 0.05886284 0.08471972 0.09881076 0.07487851 0.0313141 0.02439135
0.5002512 0.2706081 0.1603741 0.1750333 0.1205455 0.1257704 0.1674378 0.1884215 0.1770264 0.1602371 0.2179641 0.3152601 0.3471995 0.3927613 0.4291593 0.4458613 0.3955862 0.5191911 0.5473509 0.425326 0.3587056 0.2595219 0.2197774 0.2296668 0.2608793 0.3048328 0.2439495 0.2161338 0.2057902 0.165563 0.1422859 0.1059219 0.1037337 0.1350889 0.1474596 0.1669078 0.1733685 0.1794693 0.1740876 0.126508 0.1010738 0.09529779 0.09455803 0.058085 0.04199579 0.03427175 0.03649823 0.04748207 0.05089441 0.05045294 0.0556765 0.0591149 0.06879055 0.06338042 0.0332478 0.0120559
0.4353654 0.2670424 0.181886 0.1661887 0.1252181 0.16811 0.1347741 0.1336409 0.1160745 0.2080763 0.2029478 0.2457579 0.3025179 0.3867281 0.4246198 0.4768015 0.5113171 0.441144 0.4647822 0.4404426 0.3436304 0.1816439 0.1749672 0.2251349 0.2832513 0.3013308 0.2243468 0.2199887 0.2294136 0.2015961 0.1738959 0.100401 0.1193195 0.1223996 0.1264306 0.1474817 0.1578909 0.1555892 0.1487595 0.1032175 0.1158967 0.07886475 0.05323364 0.0398924 0.03827839 0.02412846 0.02555943 0.04506046 0.04671039 0.0605699 0.07005588 0.04312404 0.03275223 0.05239958 0.0252979 0.00323353
0.549607 0.355141 0.2547998 0.2233916 0.1955096 0.1968179 0.1450793 0.1440613 0.2105403 0.2481949 0.2148312 0.2387556 0.3157742 0.3734712 0.3982633 0.4853139 0.4562339 0.454301 0.4359689 0.3677584 0.2549547 0.137903 0.1319427 0.2729824 0.305856 0.3818858 0.2538399 0.2279772 0.1306784 0.07858305 0.08715636 0.1081061 0.09532722 0.09446372 0.1074412 0.1180101 0.132515 0.1303787 0.1280987 0.1198408 0.116174 0.1146863 0.06844474 0.04702955 0.04513523 0.03535915 0.04554097 0.07361688 0.07443237 0.05089156 0.07651289 0.05944713 0.06693795 0.04091233 0.01652223 0.003462713
0.5802496 0.3983541 0.2473861 0.210707 0.158771 0.1920492 0.1259685 0.1334339 0.1885498 0.2426704 0.2434274 0.2552785 0.2845643 0.3270894 0.3564321 0.4678381 0.500549 0.4898117 0.4445069 0.3443167 0.2292238 0.1008255 0.1694455 0.2566519 0.2831536 0.3510833 0.3096137 0.1599453 0.120327 0.06257737 0.05509483 0.08615234 0.08529884 0.07709392 0.09045143 0.1034343 0.1183919 0.1141943 0.120745 0.1211932 0.1444273 0.1487267 0.07615539 0.04181712 0.03621396 0.05690261 0.06874908 0.0788316 0.06255016 0.05688627 0.08261652 0.04901746 0.05373047 0.01226008 0.007159912 0.002927946
0.4047937 0.344267 0.2222684 0.1610322 0.1449351 0.1549837 0.138371 0.1251524 0.152969 0.1741477 0.1735409 0.2908847 0.2755595 0.3211337 0.3698989 0.4774429 0.4806735 0.4278831 0.3316451 0.2167008 0.216945 0.1598248 0.239496 0.2691485 0.3821369 0.282658 0.2124302 0.207986 0.1291155 0.08732998 0.08294857 0.1028719 0.1078846 0.1023906 0.08514068 0.08807906 0.09748881 0.1058889 0.105087 0.1027077 0.1345001 0.1368976 0.1152684 0.04201295 0.04328705 0.06810296 0.0752513 0.07828845 0.06716102 0.06202139 0.05540292 0.02478269 0.01614912 0.008816431 0.00685267 0.002831272
0.4193618 0.2918627 0.2350549 0.1927239 0.1507099 0.1477892 0.1110708 0.1334233 0.185828 0.1845292 0.2099551 0.1940985 0.21953 0.2812127 0.3474552 0.4110955 0.369029 0.370454 0.2747297 0.2567091 0.2248934 0.1818721 0.2896394 0.2954393 0.3307171 0.2770295 0.1904855 0.1660841 0.1804004 0.1436315 0.1228802 0.1194672 0.0931888 0.09003657 0.08515839 0.09121266 0.09641857 0.1055272 0.1102444 0.1345534 0.1103443 0.09403466 0.08606001 0.0455654 0.0334603 0.05927476 0.06411871 0.07164376 0.06207522 0.08269357 0.05653917 0.02295884 0.01797113 0.006750339 0.00668857 0.002779422
0.321256 0.2866586 0.3028712 0.1747504 0.152319 0.1589983 0.117922 0.1516254 0.1674909 0.1905685 0.1772432 0.1532124 0.192449 0.195705 0.248291 0.3282845 0.3772367 0.3468756 0.2584316 0.2550302 0.2012369 0.2123451 0.3669027 0.4380861 0.3371103 0.3666323 0.2121858 0.1337177 0.1538556 0.1505343 0.08843965 0.09754721 0.06519242 0.06633905 0.07014313 0.07378125 0.08227749 0.08163665 0.09323929 0.1000175 0.08970361 0.1094694 0.07162865 0.04263949 0.03499392 0.0377314 0.04467215 0.06417156 0.09241524 0.05985219 0.01931884 0.007540017 0.01515484 0.006795293 0.006762362 0.002695449
0.359454 0.2388461 0.2155784 0.1794495 0.1673114 0.1683884 0.1469597 0.1344219 0.1543904 0.1789796 0.1864067 0.1631301 0.2138089 0.1596907 0.1753192 0.2187962 0.2688009 0.3714637 0.2700863 0.2193641 0.2074962 0.225936 0.3414837 0.3799461 0.3650143 0.3560725 0.1921721 0.130873 0.09975437 0.08750683 0.08546031 0.08930331 0.07894879 0.07909459 0.09219213 0.08599704 0.08272386 0.09617896 0.09489413 0.0783207 0.1120757 0.08195355 0.05003775 0.03799182 0.03171612 0.0392899 0.02759415 0.02756046 0.03178544 0.02379612 0.01056721 0.007294111 0.006823008 0.006603501 0.006579213 0.00263081
0.4711001 0.2343982 0.1984836 0.2804829 0.2202372 0.1849742 0.1586307 0.1842764 0.1923863 0.2069067 0.2081979 0.2356169 0.2085433 0.1513436 0.1362991 0.1477005 0.2483249 0.2526398 0.2602181 0.2226322 0.2340851 0.2597795 0.2825573 0.4148118 0.4617929 0.330315 0.1908353 0.1072872 0.06152506 0.06144055 0.06660148 0.09070846 0.08154412 0.07918646 0.09663121 0.0834913 0.07687795 0.07965065 0.1230061 0.07936575 0.08151747 0.06155819 0.03941833 0.04162583 0.03584206 0.03746444 0.03981602 0.01816425 0.01247453 0.02081813 0.02115772 0.007426657 0.007025367 0.007343646 0.006693217 0.002664947
0.344229 0.2020345 0.2199418 0.2141993 0.2311408 0.1883522 0.1733621 0.2295147 0.2309534 0.2719455 0.2824729 0.2128783 0.2336601 0.1898668 0.1642755 0.1841045 0.2222028 0.2047718 0.2199133 0.2108597 0.2209817 0.2852943 0.2735204 0.3099169 0.3835886 0.3315291 0.1654157 0.08799053 0.09621429 0.1219617 0.1142949 0.09800445 0.08476524 0.06599712 0.06105191 0.09818043 0.09910854 0.09717698 0.1414054 0.1336502 0.08978003 0.08387113 0.07787818 0.04484335 0.03052864 0.0464243 0.05286075 0.01847933 0.01318291 0.02743833 0.02294402 0.01340098 0.008156104 0.009542087 0.007081412 0.002778823
0.3014669 0.2105751 0.2042881 0.1445958 0.1687087 0.1764293 0.2016844 0.2170835 0.2163573 0.2367114 0.2469508 0.2408273 0.2165703 0.1481394 0.1498859 0.2506169 0.1770253 0.1498144 0.1972206 0.2279399 0.2137723 0.1631929 0.319563 0.3090421 0.3669302 0.4571814 0.1835544 0.1066677 0.1617564 0.1703663 0.08331793 0.07401685 0.08917872 0.09020035 0.1143975 0.1243256 0.2239413 0.1103481 0.09614452 0.1071112 0.100298 0.09120667 0.0626734 0.03012552 0.0297369 0.02385388 0.03078254 0.01654645 0.01596787 0.026905 0.02117315 0.01048971 0.007775405 0.00435682 0.006352818 0.008875
0.2679629 0.2010395 0.1626035 0.17265 0.1658294 0.1697925 0.2114409 0.2846048 0.2632274 0.2304504 0.2279515 0.2318209 0.2084683 0.2267383 0.2279186 0.2716569 0.1734435 0.2113449 0.1866866 0.302918 0.3147466 0.2041968 0.2652631 0.2617423 0.3344682 0.4034222 0.2757137 0.1300889 0.155933 0.1059552 0.1499568 0.1072589 0.1545642 0.1293111 0.112467 0.0884342 0.1380611 0.1047117 0.0652156 0.06188909 0.09577176 0.08150576 0.05854305 0.03462826 0.0478533 0.03080044 0.02256235 0.0172099 0.02576798 0.02243811 0.01901048 0.004653422 0.004877798 0.007989958 0.004102675 0
0.4279042 0.2704928 0.1781784 0.1532351 0.1390086 0.1701663 0.2358742 0.2546245 0.2814245 0.273548 0.2572033 0.2302681 0.2879431 0.274201 0.2866152 0.3056602 0.2386983 0.2251042 0.1883484 0.2866511 0.3171362 0.2148948 0.2484652 0.2921902 0.1886564 0.2026034 0.2307341 0.1678144 0.1822128 0.1142203 0.1308104 0.1221069 0.1354027 0.1260176 0.09919449 0.1050925 0.1495684 0.1513652 0.09070043 0.0616439 0.05205045 0.05889452 0.04103656 0.02912449 0.0299186 0.02746024 0.02186204 0.02572427 0.0309481 0.02817134 0.01709283 0.00600821 0.004615889 0.004326272 0.004603317 0
0.3895261 0.2934363 0.1887456 0.1527017 0.1393785 0.166923 0.2182241 0.2180649 0.2792896 0.2937215 0.2234722 0.1652945 0.1896132 0.1794199 0.2320563 0.2503545 0.2430283 0.2102408 0.1665021 0.2258852 0.3174183 0.2848906 0.2923851 0.2804248 0.1600829 0.1870644 0.2461769 0.188037 0.1678527 0.1389883 0.1088304 0.1244194 0.1241147 0.1082342 0.09231647 0.09745008 0.1160384 0.1407825 0.1242952 0.128751 0.0462831 0.04133371 0.03014753 0.02918808 0.03883108 0.03007958 0.02427756 0.02476721 0.02753474 0.02474964 0.02295414 0.006579947 0.005282181 0.004365594 0.004363553 0.0003333333
0.2626926 0.2034155 0.2087673 0.1559729 0.1507315 0.1460612 0.180234 0.2512015 0.2392275 0.228735 0.2195809 0.1709094 0.1547978 0.1394482 0.1582339 0.2218555 0.2406639 0.2046563 0.1954339 0.2445639 0.2273019 0.2056671 0.1767207 0.1750585 0.2461176 0.2329888 0.1997742 0.1268606 0.1451622 0.1020721 0.10646 0.1134272 0.09943318 0.1176782 0.1074062 0.09152439 0.09786326 0.1216549 0.1901193 0.162493 0.1374758 0.07054727 0.0283535 0.02916771 0.01227435 0.01182848 0.01350573 0.01507376 0.0188045 0.01782359 0.01699928 0.0004166666 0.00175 0.000125 0 0.0003333333
0.2814883 0.1963095 0.1602942 0.16139 0.2006247 0.1550277 0.1737418 0.2015041 0.1981487 0.2170512 0.2038889 0.1712171 0.1487211 0.1822359 0.1508107 0.2094596 0.2355581 0.2102801 0.1919594 0.2390081 0.205576 0.2062218 0.2037833 0.1808701 0.1698596 0.1824033 0.1833318 0.1130112 0.09354677 0.1487695 0.112258 0.1394575 0.1227881 0.1732044 0.1324141 0.1492212 0.1503758 0.1268845 0.2155385 0.2069346 0.1790413 0.02518828 0.05246324 0.01953378 0.01573179 0.02923869 0.02721298 0.02146808 0.02823475 0.02060539 0.02127775 0.009916666 0.003875 0.000875 0.0001666667 0
0.2656015 0.2208996 0.1844257 0.185881 0.1928762 0.1929062 0.2111026 0.1687056 0.1917672 0.1819426 0.1726115 0.1469106 0.1401147 0.1593563 0.1433825 0.2325775 0.2375032 0.2279092 0.1837022 0.1984107 0.221425 0.2569953 0.2155518 0.1878532 0.1721547 0.1368853 0.07220397 0.1219076 0.1130798 0.1159027 0.1042929 0.08482272 0.0959914 0.1317011 0.1634942 0.1918891 0.1695509 0.1641704 0.1945813 0.1642725 0.1519446 0.05596152 0.05384137 0.03094329 0.03101392 0.04564124 0.04564878 0.02467272 0.02481868 0.03023704 0.02877649 0.01029167 0.001291667 0.008291666 0.007791666 0.0001666667
0.2737456 0.2555757 0.2735108 0.2243976 0.2223251 0.1860915 0.1974127 0.2143962 0.1921719 0.1674141 0.1954194 0.2057902 0.1644619 0.1680295 0.1945177 0.23605 0.2540318 0.2694151 0.2108085 0.1863226 0.2284869 0.2724276 0.2454191 0.2831452 0.3218927 0.2098969 0.1023786 0.1068647 0.08397411 0.1229497 0.08736856 0.07730689 0.1151273 0.1481936 0.1913165 0.2450579 0.1860464 0.171847 0.1961878 0.2159639 0.1058276 0.0445013 0.04671637 0.06033396 0.06471138 0.102006 0.05738752 0.04169314 0.03664454 0.03634609 0.02828549 0.0015 0.01304167 0.00625 0.006833333 0.0002916667
0.2663665 0.2713057 0.2990784 0.2656701 0.2671432 0.2006021 0.2036443 0.2021361 0.2096257 0.1767113 0.2001483 0.1333546 0.1583869 0.1546104 0.1525738 0.236317 0.2746991 0.2504361 0.2006054 0.2198049 0.2340496 0.2311008 0.1770059 0.1895102 0.2187801 0.1660358 0.1213029 0.08816931 0.0829334 0.1105007 0.08165803 0.0896188 0.1257096 0.1481456 0.1642513 0.209666 0.200496 0.2419814 0.1886981 0.1523974 0.1087949 0.1046834 0.09381935 0.1040339 0.1115402 0.1533056 0.08885475 0.05880287 0.05636596 0.03781864 0.02139612 0.004125 0.007708333 0.009 0.006166666 0.009166667
0.2780414 0.2125188 0.2877283 0.2416369 0.2080524 0.1995355 0.1721516 0.1712864 0.1866871 0.1839287 0.1608263 0.1218204 0.1243545 0.2064563 0.2219853 0.2753772 0.2704551 0.2384834 0.2009376 0.2513132 0.2082173 0.1866363 0.2096724 0.2169477 0.2451864 0.1679354 0.1141357 0.09329285 0.07682003 0.1029413 0.1086228 0.06855838 0.08941045 0.1361756 0.2513544 0.2768453 0.2297904 0.2603107 0.2054638 0.1581332 0.1474726 0.1276862 0.114878 0.1329669 0.1232474 0.1233974 0.1032356 0.06170968 0.05363933 0.0363 0.02894734 0.008208334 0.01279167 0.023 0.03320833 0.05670834
0.2919221 0.2172953 0.2301797 0.1836157 0.1567891 0.1679979 0.1580924 0.154113 0.1700934 0.1830593 0.1427153 0.1105092 0.1246131 0.1715841 0.1860037 0.2245078 0.2166597 0.225132 0.187498 0.2221158 0.1900658 0.2129736 0.1913349 0.2226583 0.1795741 0.2062473 0.1194408 0.07800666 0.06831542 0.04701978 0.07141064 0.0650408 0.06668632 0.1433825 0.1857664 0.2096225 0.2223557 0.2409577 0.1958043 0.1609657 0.1526559 0.1323641 0.137673 0.1142551 0.1260056 0.1042611 0.08396454 0.04705785 0.03935535 0.04247695 0.03929712 0.01479167 0.01854167 0.02825 0.015625 0.02754167
