contrib/geomasonDemos/riftland/riftlandData/RainData/.svn/text-base/143.txt.svn-base
ncols         56
nrows         54
xllcorner     28.264
yllcorner     -5.7719999999999
cellsize      0.25
NODATA_value  -9999
[rows 0 to 26 of 54, columns 0 to 55 of 56]
0.003556485 0.002443515 0.001154812 0.004995816 0.004033472 0.001640167 0.000669456 0.0005666667 0.0008333334 0.0008583334 0.006408333 0.004208333 0.001466667 0.004991667 0.007975001 0.00415 0.0008416667 0.0001666667 0.000775 0.000825 0.001 0.001675 0.004625 0.003791666 0.003865578 0.007063624 0.009532519 0.01115425 0.01245077 0.01075436 0.01141364 0.0160102 0.02531317 0.02548211 0.03785906 0.03060929 0.02636743 0.01691336 0.01756393 0.01016542 0.008020377 0.0470278 0.06859483 0.02334849 0.01760466 0.00506043 0.004053106 0.03130325 0.01333673 0.03735352 0.06742432 0.08691914 0.02503051 0.02910336 0.05266792 0.04145077
0.005807532 0.002426778 0.003004184 0.01031799 0.005138075 0.003364017 0.002794979 0.001916318 0.001391667 0.003166667 0.0018 0.004341667 0.01344167 0.009175 0.00695 0.001191667 0.001091667 0.0001916667 0.001108333 0.002508333 0.002325 0.004283333 0.0062 0.005608333 0.007403103 0.01206742 0.01419758 0.01081627 0.012926 0.01469297 0.02523787 0.04188817 0.04233707 0.04043565 0.07359588 0.06376515 0.04473865 0.04065359 0.03644098 0.02303516 0.0325729 0.03915214 0.003317533 0.00359672 0.006966077 0.005490451 0.03147369 0.02274634 0.01136593 0.05057594 0.03397853 0.01792585 0.01315733 0.02375801 0.08463266 0.05558144
0.006142259 0.002577406 0.004610879 0.0098159 0.008753138 0.006158996 0.004502092 0.002410042 0.001748954 0.0002166667 0.003383333 0.002991667 0.009958332 0.007383334 0.007549999 0.001883333 0.002383333 0.001433333 0.002183333 0.004691667 0.007166667 0.007816666 0.004991667 0.006533333 0.01745629 0.01095772 0.01164214 0.01509425 0.03749555 0.02707063 0.02788242 0.0515323 0.06230936 0.06661475 0.08040383 0.1056034 0.1019074 0.08204552 0.0774846 0.05941432 0.07507261 0.01630137 0.006071522 0.001921757 0.01504364 0.0008226427 0.0186185 0.02702657 0.02972922 0.03793168 0.03955808 0.01629221 0 0.006542931 0.08462556 0.07755738
0.00683682 0.009246862 0.005456067 0.004702929 0.006225941 0.01304603 0.001757322 0 0.001757322 0.003556486 0.0007112971 0.001266667 0.004383333 0.01646667 0.009075 0.00396862 0.003403939 0.001995669 0.002726439 0.0066142 0.007998604 0.009959138 0.01115553 0.01185691 0.0185648 0.01386472 0.01489688 0.01533091 0.03299334 0.03684921 0.03490597 0.05583883 0.0555443 0.0894378 0.09702943 0.08921595 0.0882479 0.07701204 0.07217463 0.05875526 0.03189055 0.02851439 0.03096598 0.02326826 0.04054086 0.02879563 0.02780952 0.02627595 0.02310652 0.03349023 0.02385491 0.01819356 0.01403412 0.004870385 0.0178608 0.02220789
0.003529491 0.008601657 0.009366265 0.009435249 0.007047637 0.009693902 0.000973466 0.003006645 0.003938656 0.005338912 0.004343096 0.001046025 0.005308333 0.009316667 0.005758333 0.004801264 0.006696119 0.009548526 0.01317458 0.009103436 0.008411931 0.01091211 0.01391939 0.01491984 0.01617808 0.02068436 0.01817069 0.02495237 0.01942928 0.02527451 0.03250445 0.03875889 0.04878498 0.06885432 0.08159352 0.09304714 0.08210984 0.06811554 0.04829651 0.04326677 0.03667393 0.05175639 0.04310367 0.03516989 0.04066499 0.03043228 0.02398752 0.06089801 0.02086425 0.01462754 0.02155187 0.02881957 0.01579274 0.01247141 0.01199739 0.02067718
0.00105522 0.002187609 0.01256643 0.01258641 0.003175505 0.001794655 0.002194322 0.004561841 0.008668327 0.001384868 0.00964302 0.005582387 0.008600497 0.009397724 0.01195869 0.01016127 0.01568202 0.02277088 0.0287987 0.0148874 0.0130566 0.02765696 0.0288075 0.02460396 0.02294615 0.01471351 0.02204753 0.02758202 0.02705297 0.03069263 0.03836317 0.04404175 0.03749195 0.05646987 0.07302967 0.06630884 0.04876274 0.06234136 0.03991268 0.03793675 0.03948097 0.04293226 0.04709489 0.03730495 0.0240297 0.0118247 0.0150908 0.02908636 0.0309613 0.02018704 0.02652924 0.02815959 0.01403769 0.01722026 0.01164545 0.01595572
0.001715821 0.00851104 0.005346514 0.005661946 0.0006285282 0.002747686 0.008340833 0.01973071 0.01198061 0.003489338 0.005079117 0.01085622 0.007414038 0.01331877 0.01651393 0.01214463 0.019969 0.02994059 0.02669099 0.02046466 0.02493987 0.03548343 0.02448195 0.01957967 0.02943032 0.01881158 0.02568676 0.04465466 0.03120082 0.03066905 0.03981509 0.04281768 0.04353324 0.04493988 0.06335269 0.03853382 0.04806264 0.05996674 0.0415546 0.03496599 0.03472473 0.01944661 0.02121577 0.02075544 0.03094196 0.008216864 0.006031834 0.02240665 0.04794919 0.05040726 0.0539204 0.05289603 0.02979958 0.03972153 0.02461623 0.02564044
0.01036984 0.006995041 0.009173565 0.005242635 0.008051376 0.01194183 0.02834107 0.0517934 0.03826461 0.03745355 0.03551468 0.02900942 0.01594234 0.01512757 0.0129944 0.0126879 0.02069358 0.02519275 0.01730573 0.01346428 0.01530692 0.02123057 0.01235919 0.01982916 0.01277651 0.03030311 0.0250566 0.04264209 0.03802026 0.03243415 0.04559622 0.04745644 0.05508567 0.03922611 0.0341846 0.03446459 0.03032402 0.04321513 0.04715496 0.03898394 0.03343805 0.0229315 0.01912571 0.03318965 0.04843353 0.02291214 0.02102292 0.01693388 0.02639086 0.02728544 0.06643534 0.07528972 0.03716999 0.03782403 0.03270013 0.06013672
0.01566733 0.03834406 0.04554297 0.0316431 0.02302567 0.07198998 0.07200111 0.07903261 0.08291996 0.05342905 0.095336 0.06808392 0.04202001 0.02390116 0.01716034 0.01517173 0.01506903 0.02199449 0.0176925 0.01967763 0.01511469 0.02415216 0.02002788 0.02574965 0.02537104 0.01664567 0.009525498 0.0209825 0.02063649 0.03883136 0.0455664 0.05275213 0.05367649 0.03796428 0.04526664 0.03738036 0.02995683 0.03498344 0.05936377 0.03394603 0.04292149 0.05234749 0.02804419 0.02715746 0.03627232 0.07065079 0.05692101 0.05831675 0.02418976 0.02626926 0.07583721 0.07641464 0.08371753 0.0419961 0.0390564 0.02123909
0.1342954 0.136871 0.1401951 0.1046209 0.09103959 0.126229 0.1565736 0.137646 0.1258448 0.1115527 0.1361081 0.1220367 0.06354357 0.03441828 0.02620443 0.01515128 0.02147239 0.01561006 0.03650686 0.02559479 0.01814478 0.02928917 0.02518609 0.01799759 0.02418998 0.01941344 0.008055444 0.02309968 0.02562922 0.04597092 0.0570589 0.05506863 0.06554421 0.0539371 0.05936232 0.05051861 0.05653498 0.05219126 0.0396996 0.04536697 0.0305174 0.04871 0.04416149 0.03087989 0.04342942 0.06515346 0.0533758 0.04009901 0.06877897 0.01970368 0.04872604 0.02848752 0.01670493 0.07837454 0.02761846 0.01757008
0.1857731 0.2230678 0.2209224 0.1607725 0.1969394 0.167448 0.1506623 0.1477141 0.1478495 0.149779 0.149524 0.15056 0.06341854 0.05912471 0.06456745 0.03500309 0.03307209 0.0458731 0.0361867 0.01846898 0.01379893 0.0112713 0.01247814 0.007009942 0.005366629 0.009901861 0.008059638 0.02376047 0.01917289 0.0554274 0.06933329 0.04444704 0.07505342 0.05267966 0.04881846 0.06042668 0.05950708 0.03472555 0.03218368 0.02043504 0.01818553 0.01674169 0.02009499 0.03736769 0.04094884 0.02443283 0.02972113 0.03723074 0.02413656 0.0450686 0.02962012 0.02100809 0.01508845 0.01144587 0.01746368 0.02674534
0.2303035 0.2888974 0.313575 0.2630237 0.291993 0.2326559 0.1858292 0.1319375 0.1744897 0.1222755 0.1073448 0.1171701 0.09655504 0.09326673 0.07546254 0.07634692 0.05454042 0.02568185 0.004731943 0.01566513 0.01024627 0.002739535 0.01380199 0.01297284 0.01481097 0.01334989 0.01522129 0.04199837 0.04768151 0.03309562 0.07287896 0.03941455 0.05590129 0.05238217 0.05986407 0.05435383 0.03754289 0.03688522 0.03193548 0.03038984 0.02291815 0.03020766 0.03606326 0.04206192 0.06713122 0.04209436 0.03133159 0.02978829 0.0287355 0.05138716 0.02051859 0.0223486 0.02391102 0.02509827 0.02635653 0.03877074
0.2088709 0.5024145 0.2603132 0.2553623 0.239961 0.3077453 0.2054677 0.1855704 0.1690748 0.1722418 0.1748329 0.1822265 0.1856082 0.1393102 0.09534679 0.219947 0.09487764 0.05340681 0.02897765 0.01790564 0.01700205 0.0126316 0.0191549 0.01918687 0.01084743 0.01072617 0.0170599 0.02074988 0.02075101 0.03239753 0.02937231 0.03322027 0.03708577 0.03847599 0.04015408 0.03613412 0.03029789 0.06365787 0.03611632 0.02809172 0.02285442 0.02854631 0.03563248 0.0402294 0.09493183 0.06607882 0.0522546 0.01865483 0.01333882 0.01853734 0.017839 0.02475667 0.02650357 0.02753611 0.03674018 0.08217773
0.292666 0.2791835 0.3601688 0.303814 0.1912149 0.1211934 0.1997477 0.2281125 0.2356834 0.2591686 0.1841829 0.1999741 0.211891 0.1686406 0.2484081 0.1561583 0.1195224 0.03048429 0.04898619 0.04135436 0.03198852 0.01715287 0.03353324 0.01399984 0.05075408 0.004353123 0.01457687 0.007196453 0.003970413 0.01373603 0.01735904 0.02426182 0.02250104 0.06020683 0.04622038 0.04233395 0.05847304 0.08615298 0.05520399 0.03437452 0.03230946 0.03504557 0.03482334 0.03026565 0.05372741 0.03600237 0.04196847 0.01982709 0.009486038 0.01227958 0.03767691 0.02486998 0.03018321 0.06376845 0.05374572 0.0741919
0.1568942 0.4421517 0.5421297 0.3405071 0.1653905 0.1133292 0.1395933 0.2213592 0.2718489 0.2235089 0.2340951 0.2402704 0.2176176 0.2201938 0.2141463 0.1641637 0.08892195 0.04680139 0.05299369 0.05079901 0.02131007 0.01254616 0.01730997 0.02135701 0.007945625 0.003134527 0.002484476 0.002301249 0.00411303 0.01368039 0.02390719 0.029617 0.0376513 0.04777686 0.03792584 0.0404832 0.0422053 0.0291039 0.05195943 0.05583322 0.06000406 0.04466532 0.03575519 0.0497674 0.04373779 0.03861976 0.0394884 0.03407588 0.01766207 0.02838214 0.054021 0.03548747 0.05800454 0.0599328 0.05859306 0.05011452
0.336321 0.3727289 0.4157965 0.3964557 0.2814573 0.2323738 0.1383824 0.2064155 0.2720064 0.2693546 0.2178725 0.2202086 0.2140499 0.1349334 0.1040539 0.1235403 0.1623676 0.167148 0.0921376 0.06409589 0.02271078 0.01013833 0.01437372 0.01770862 0.009179126 0.002967025 0.004380269 0.005555898 0.004912184 0.01334479 0.02494555 0.03867865 0.04284714 0.06889853 0.07313756 0.05058061 0.03247395 0.01685712 0.02154651 0.04759599 0.08111262 0.05321719 0.03706693 0.04700634 0.03408805 0.04433334 0.02145794 0.02164835 0.04010919 0.04490114 0.04139676 0.04316039 0.045153 0.03799161 0.03385793 0.03944753
0.3538948 0.3901497 0.2462856 0.3949719 0.3125855 0.2100412 0.2318746 0.2296596 0.2356208 0.2768478 0.1483687 0.1357415 0.2362545 0.1253394 0.1189627 0.1118013 0.1117482 0.1370515 0.1541884 0.07557301 0.04281958 0.02491565 0.01783449 0.03105492 0.04824835 0.01979725 0.005159914 0.002173777 0.005498388 0.01017636 0.02109911 0.0326412 0.03446121 0.0362839 0.04786418 0.03525963 0.01434528 0.009112212 0.02201482 0.0332706 0.05802821 0.06260106 0.04824061 0.036342 0.03272651 0.03625 0.03320433 0.01851506 0.05696597 0.06893038 0.02821546 0.0287795 0.03809072 0.03222392 0.0319333 0.035616
0.1765886 0.2349468 0.1907762 0.2213787 0.2811085 0.2091635 0.1631951 0.193381 0.2360117 0.2394055 0.1185392 0.1211708 0.1592778 0.2022074 0.1416359 0.1429634 0.1097039 0.1314652 0.103274 0.08937725 0.06857178 0.0527498 0.02771445 0.04381985 0.09338672 0.04665972 0.04035929 0.001787297 0.001461304 0.009636447 0.007106418 0.01369329 0.01792517 0.008735945 0.006016934 0.01507727 0.009098409 0.008585912 0.01517708 0.02420476 0.03797965 0.05205383 0.05471261 0.05246532 0.03794397 0.03491547 0.05998255 0.01296981 0.06123158 0.04676222 0.03395288 0.08304887 0.07224407 0.04738532 0.06467511 0.05117662
0.1415647 0.270252 0.2092847 0.2031033 0.2477205 0.1939875 0.1236566 0.1595031 0.1450546 0.1324537 0.1229574 0.1479462 0.2162217 0.2529558 0.2349597 0.1652915 0.2121229 0.1101777 0.06973473 0.1156276 0.05483755 0.09374828 0.03770562 0.03076174 0.05353859 0.03976394 0.05178114 0.006777252 0.002501825 0.002043916 0.00666508 0.005824229 0.01274546 0.004859943 0.006302437 0.005645286 0.008090973 0.007349999 0.008441453 0.01893989 0.04322708 0.06235588 0.05123066 0.05644951 0.03721314 0.03751661 0.02263366 0.01634967 0.04421329 0.04517278 0.06467781 0.05762323 0.05702305 0.05718804 0.05896176 0.04722427
0.1758336 0.2678398 0.3262738 0.2327911 0.215037 0.2108854 0.2129447 0.1933612 0.148966 0.1364642 0.113265 0.2434045 0.3804891 0.4093249 0.2487512 0.1304752 0.05259394 0.0840762 0.05231081 0.09438994 0.1475822 0.1327023 0.06594194 0.03461153 0.01230558 0.024927 0.02573388 0.01131297 0.01305494 0.009452841 0.004196968 0.006671448 0.009739163 0.005365176 0.007879075 0.009765807 0.01129794 0.01235942 0.01292514 0.01982142 0.03492853 0.05486635 0.06449021 0.03582671 0.04511345 0.03860402 0.01751702 0.01560156 0.0316196 0.03514991 0.03943525 0.05147652 0.05779177 0.06705613 0.09696261 0.04621743
0.2262657 0.2065066 0.3401743 0.3044685 0.2052734 0.2355671 0.2231634 0.17806 0.1934036 0.1785362 0.1134793 0.3478324 0.3340693 0.352422 0.2192143 0.07443281 0.07224583 0.1017708 0.09322713 0.1185569 0.1284052 0.1226814 0.1066098 0.1068638 0.04467836 0.06933314 0.0197647 0.01886852 0.01151042 0.005614208 0.01500461 0.006910887 0.00523381 0.01041174 0.01669018 0.01584568 0.01132779 0.01217965 0.01500626 0.02186414 0.0420254 0.03194122 0.03949059 0.02637581 0.01287326 0.02578235 0.01259952 0.01600118 0.03456164 0.08074895 0.06551103 0.03653785 0.0553015 0.0601506 0.1460213 0.1041656
0.18749 0.1990834 0.3871606 0.266035 0.246033 0.2641925 0.19973 0.2161362 0.1895573 0.1171669 0.0975871 0.2568172 0.2734019 0.1807482 0.1231055 0.07186116 0.08490636 0.1080145 0.1194944 0.1424463 0.1720276 0.1012081 0.05948407 0.05876833 0.0602225 0.05600329 0.02643197 0.02109541 0.01206123 0.01072977 0.0120552 0.01095716 0.007184533 0.01609789 0.02626358 0.01255934 0.01404252 0.01765983 0.01466413 0.02811459 0.03371782 0.02843744 0.02541641 0.0114715 0.00998396 0.02077767 0.02201331 0.04527247 0.03137983 0.07336649 0.0663704 0.06267195 0.04882437 0.07505922 0.06607583 0.07919629
0.3354704 0.3184286 0.2168513 0.2279592 0.2299889 0.4018555 0.2674816 0.4442283 0.2159261 0.09424201 0.08631104 0.1669675 0.3114258 0.2371804 0.1560179 0.1264086 0.1276951 0.07887822 0.08624953 0.2480278 0.1999265 0.1453768 0.116887 0.1287007 0.1712962 0.05553485 0.03292796 0.0294442 0.03942774 0.02105909 0.01984022 0.01349632 0.02043564 0.02677245 0.03683408 0.01988722 0.01935523 0.01988677 0.02016015 0.0262679 0.02612606 0.04133721 0.01699144 0.01205841 0.01161912 0.01214455 0.009055841 0.01463609 0.03416294 0.02531819 0.04787398 0.04241266 0.05766213 0.09113844 0.1404699 0.0820515
0.5535033 0.3347961 0.2568304 0.2390512 0.2721061 0.382024 0.3947521 0.5258946 0.3218508 0.1622284 0.1171298 0.1564518 0.1823783 0.322184 0.2206231 0.1684614 0.2071708 0.09688215 0.09278157 0.1087987 0.1270651 0.1437127 0.1248992 0.1677601 0.1173925 0.1126469 0.05245993 0.06624878 0.08301508 0.07872321 0.03423551 0.01968608 0.0153511 0.03155525 0.05737794 0.04377474 0.03012197 0.03062577 0.02881072 0.02803335 0.03613988 0.02382786 0.01969297 0.01098532 0.01479765 0.01226774 0.01344702 0.01970408 0.03029717 0.03820745 0.04514707 0.05852627 0.05976389 0.08044731 0.09571904 0.1183059
0.4228649 0.2784653 0.2275131 0.1848249 0.2671422 0.2052002 0.2614559 0.2652751 0.1640584 0.1115931 0.1608333 0.1777918 0.1482648 0.1864989 0.202279 0.1835596 0.1179213 0.1191063 0.1229963 0.1563264 0.1267344 0.1261618 0.1056419 0.2038272 0.09438987 0.07653905 0.06121117 0.08284669 0.09497286 0.08182831 0.04385129 0.02375179 0.01978552 0.0208053 0.05817785 0.06795004 0.06052015 0.03826953 0.03421508 0.02975871 0.0272672 0.02598387 0.0281088 0.009918076 0.003868746 0.004231773 0.008125247 0.0118169 0.01793413 0.03769084 0.02982734 0.05952714 0.05439888 0.06021147 0.07160623 0.07881214
0.2572033 0.208475 0.1663593 0.1911485 0.1343789 0.1399634 0.1366353 0.1711152 0.1278421 0.1108591 0.1361321 0.162087 0.1761767 0.1331892 0.1360564 0.1754813 0.151059 0.1445208 0.1308921 0.1225789 0.1485104 0.1579571 0.1553542 0.1096366 0.08434833 0.07267214 0.08500785 0.0941124 0.1204005 0.09569463 0.04295675 0.02303127 0.02249113 0.02499744 0.04692364 0.07467462 0.08573382 0.05342704 0.06507232 0.03793031 0.04103771 0.0406725 0.0238528 0.007979441 0.004776155 0.003146678 0.006894241 0.01484899 0.01312407 0.02427915 0.02859061 0.03497142 0.04255234 0.03389728 0.04529176 0.04578042
0.2488104 0.1983198 0.2226166 0.1982825 0.1201073 0.1259732 0.1266147 0.1738357 0.1218749 0.1137463 0.1286712 0.179454 0.1602211 0.2014286 0.1865717 0.1623238 0.1529745 0.1727706 0.1810632 0.2632902 0.2073129 0.1658981 0.1812485 0.1607247 0.1167575 0.07164972 0.07107954 0.1159316 0.134896 0.09520546 0.04546574 0.02840086 0.03129303 0.03920645 0.07972766 0.08775395 0.07859714 0.06923554 0.07989767 0.06240834 0.05698367 0.04073927 0.03226552 0.01097781 0.01529774 0.01718317 0.02205927 0.02369089 0.03812879 0.03314499 0.0235391 0.03724144 0.03280313 0.03188118 0.05703954 0.1026641
