contrib/geomasonDemos/riftland/riftlandData/RainData/.svn/text-base/18.txt.svn-base
ncols         56
nrows         54
xllcorner     28.264
yllcorner     -5.7719999999999
cellsize      0.25
NODATA_value  -9999
[rows 26 to 51 of 54, columns 0 to 55 of 56]
0.08319595 0.1362925 0.07300288 0.09183998 0.06371845 0.05406197 0.05823288 0.04264987 0.0325859 0.04673081 0.05653914 0.1019867 0.09976683 0.09924466 0.1108894 0.1257094 0.1456987 0.1823838 0.1751003 0.2228204 0.2419379 0.2695875 0.2539172 0.2515051 0.2406632 0.2564311 0.2084545 0.1615986 0.1621662 0.1560791 0.1181031 0.09063894 0.06242694 0.05231789 0.03745354 0.0177629 0.01170412 0.007923313 0.006871887 0.006342967 0.005452037 0.005036672 0.004466119 0.001461538 0.001525319 0.000694754 0.001761448 0.004705677 0.004226134 0.002110414 0.002039993 0.004259604 0.01768848 0.0156813 0.0199315 0.01388125
0.0615835 0.06927917 0.07834198 0.07905453 0.05195994 0.05136307 0.04345549 0.03619262 0.0456253 0.04100218 0.06059984 0.1031343 0.09520432 0.09906539 0.1242906 0.1161028 0.1373664 0.1508722 0.1516962 0.1837661 0.1954391 0.2290179 0.2205725 0.2662646 0.2977101 0.3071403 0.2691674 0.179014 0.1530011 0.1158465 0.0967581 0.1051854 0.07867412 0.05237375 0.03611699 0.01879553 0.01243532 0.008178982 0.006624882 0.006331576 0.004952087 0.005138023 0.004245002 0.00198202 0.002716211 0.006531864 0.003455027 0.008358253 0.007736376 0.007403928 0.006784465 0.007023129 0.02839618 0.02413871 0.06281318 0.0649005
0.1010235 0.09039558 0.1103662 0.06038942 0.05526877 0.03668563 0.03584863 0.03325657 0.03547888 0.03426788 0.0415913 0.08238021 0.07966328 0.08533621 0.1037566 0.1020029 0.106986 0.1145464 0.1381533 0.1408592 0.1715139 0.1797836 0.1658665 0.2890264 0.3189437 0.3143561 0.2434276 0.1965073 0.1303061 0.127491 0.1030989 0.09573872 0.06423635 0.04423873 0.03439874 0.01838431 0.01221871 0.007903783 0.006286091 0.005896018 0.004447475 0.003853461 0.002967783 0.001513355 0.009745808 0.00615268 0.01135588 0.007768557 0.007495202 0.007041486 0.006635222 0.0115608 0.01819609 0.03820579 0.06291213 0.05465152
0.1957621 0.1280797 0.09214515 0.0410611 0.03672914 0.02440435 0.03199395 0.03001234 0.03625061 0.0289509 0.0388869 0.06635076 0.07100852 0.07705481 0.09156939 0.08842018 0.1122048 0.1102296 0.1256861 0.130851 0.1442297 0.1424451 0.136837 0.2126089 0.2898415 0.2854765 0.2308502 0.1559569 0.1296295 0.1165301 0.09547008 0.1054863 0.06605205 0.04373685 0.03184337 0.01720284 0.01135753 0.007315491 0.01153983 0.005404473 0.00417949 0.00341383 0.002478286 0.001042754 0.00117964 0.001714009 0.003446203 0.007809108 0.007821182 0.007156712 0.007178731 0.006790768 0.02799501 0.02826653 0.04508189 0.06109533
0.1344906 0.1713129 0.09901837 0.03208942 0.02565821 0.02368396 0.0213437 0.01803328 0.02023496 0.02393404 0.03280112 0.06105447 0.06816076 0.07219886 0.08241702 0.0800492 0.1151552 0.1123785 0.1009617 0.1101084 0.1188551 0.1208113 0.118155 0.1801719 0.2510736 0.23312 0.20434 0.1473465 0.1585784 0.1022459 0.08808538 0.1084546 0.0826222 0.0500656 0.02806599 0.02815668 0.01893542 0.007663322 0.009130589 0.005144284 0.004320862 0.003416779 0.002531346 0.001370574 0.001528639 0.00167272 0.002112214 0.008626721 0.008575179 0.008550873 0.008812273 0.007494355 0.01070011 0.01914902 0.02750204 0.06537315
0.1443384 0.1247133 0.05291429 0.01836525 0.01495512 0.01378183 0.01382826 0.0137279 0.01383039 0.01845533 0.027608 0.08906952 0.09618193 0.1014682 0.108158 0.1133163 0.1173239 0.1341221 0.1689674 0.150097 0.1251129 0.1379038 0.1313062 0.1641102 0.1808088 0.2112044 0.142345 0.118147 0.1150805 0.08579109 0.06950846 0.06490283 0.07200781 0.03831813 0.02347072 0.02556464 0.06761862 0.01442358 0.01220717 0.006270634 0.003839848 0.003074972 0.002251796 0.007353758 0.007040856 0.008053954 0.01080423 0.03211685 0.02729353 0.02548864 0.02448204 0.09086262 0.07702235 0.07165923 0.08699894 0.1280885
0.1461178 0.06047668 0.03781462 0.01280157 0.01050768 0.01010123 0.0101651 0.00829845 0.009896209 0.01381347 0.02104893 0.07614437 0.08033491 0.09171592 0.09801982 0.1197055 0.1182666 0.137803 0.1568965 0.1429646 0.1414957 0.1394647 0.1301704 0.1323219 0.1187724 0.1820563 0.1991299 0.1081014 0.09213259 0.1084038 0.09091385 0.05778924 0.03781332 0.04170329 0.02061547 0.03072486 0.02451325 0.01534988 0.01288028 0.005409937 0.003631841 0.003009032 0.002642792 0.007373045 0.007125651 0.008230152 0.01111465 0.03398888 0.03107858 0.03086992 0.03762193 0.08137549 0.0942063 0.08851546 0.0972512 0.1144752
0.09879907 0.04194384 0.02396308 0.009176331 0.007700627 0.007453016 0.007712831 0.006061535 0.006695294 0.009837926 0.01651843 0.06518032 0.06956907 0.08077469 0.08683034 0.1046856 0.1280527 0.1287963 0.1677298 0.1442437 0.1210806 0.1229341 0.1233438 0.1255454 0.111647 0.2027617 0.2575133 0.1508108 0.07347573 0.0876077 0.06334711 0.04017849 0.04848781 0.03992591 0.01859175 0.02306739 0.01865249 0.01583577 0.01303989 0.005702197 0.003749188 0.003858694 0.003914359 0.008219434 0.008166246 0.009487009 0.01263495 0.04004927 0.03830287 0.03747715 0.04249534 0.08392305 0.08522864 0.07873093 0.1156757 0.1010447
0.07639907 0.04914456 0.02422119 0.009287409 0.007919083 0.006285144 0.006037928 0.004729511 0.005152187 0.007991389 0.01344706 0.05662269 0.06079978 0.06661353 0.07611903 0.09245612 0.1157476 0.1247116 0.1285561 0.1305757 0.1009369 0.09009534 0.1001971 0.09994903 0.1444887 0.1920525 0.2535224 0.1245864 0.05888064 0.05398871 0.03928348 0.03431237 0.06361419 0.03104312 0.01877956 0.02358134 0.01854776 0.01626018 0.01435756 0.005066095 0.004630522 0.005817651 0.007331749 0.009724022 0.01003862 0.0117734 0.01525317 0.0501939 0.046487 0.04827346 0.05297642 0.08988182 0.09064181 0.1110876 0.1457909 0.08827775
0.1367563 0.03678369 0.02096073 0.005208224 0.003197817 0.002670676 0.003055636 0.002511205 0.002613261 0.004031309 0.006661658 0.01926861 0.02389302 0.02614201 0.03025612 0.04229366 0.06544546 0.06384039 0.06059068 0.04738011 0.04529305 0.04355732 0.05739891 0.08208959 0.08618517 0.1390397 0.1759582 0.1450163 0.08235899 0.03865679 0.03697826 0.03734739 0.02481461 0.02303403 0.01849435 0.0204834 0.01494337 0.01143751 0.01037013 0.008725803 0.007832271 0.007325217 0.008665612 0.009779339 0.01090934 0.01217552 0.01366887 0.08446004 0.0733917 0.0711033 0.08273181 0.1333143 0.1411798 0.1476467 0.1150497 0.1591983
0.09272632 0.02702773 0.01365338 0.002524267 0.002860404 0.001634768 0.001858334 0.001641313 0.001771359 0.002905471 0.005053693 0.01219681 0.0154953 0.01875109 0.02156007 0.0544 0.02196027 0.04119266 0.02673831 0.04322156 0.02357976 0.02341662 0.03255691 0.05687664 0.06262544 0.07465358 0.1055499 0.110916 0.0677736 0.0401067 0.02615945 0.02301017 0.01787688 0.01582782 0.01518146 0.01899974 0.01445484 0.01106104 0.01022322 0.0096364 0.008710634 0.008858049 0.01098939 0.01185757 0.0139055 0.01569151 0.0176217 0.07791065 0.07965373 0.0772419 0.09567797 0.1148741 0.1321535 0.1209984 0.1120464 0.192386
0.06700723 0.01601226 0.01119241 0.001272429 0.001091672 0.001041168 0.001204941 0.001132813 0.001254976 0.002162006 0.003861765 0.00921092 0.01193584 0.01377209 0.01495904 0.01137208 0.0117905 0.01146785 0.03072677 0.02015677 0.01084887 0.0111425 0.01728151 0.06669604 0.07445002 0.100168 0.06855278 0.04318276 0.03994344 0.02828157 0.02227405 0.01821049 0.0174458 0.01656172 0.01391215 0.017564 0.01374895 0.01143284 0.01130275 0.01040363 0.008949239 0.01080464 0.01397929 0.01523732 0.01819487 0.02055388 0.02357039 0.08010314 0.08737253 0.08912957 0.08857554 0.1486776 0.1423499 0.1011988 0.1446841 0.1169583
0.03215698 0.01652928 0.009573032 0.001123291 0.0009847215 0.001118539 0.001066524 0.001065775 0.001086714 0.001815151 0.003109894 0.007302489 0.009343361 0.01066653 0.01143689 0.008340179 0.008820786 0.008356049 0.007174404 0.005921562 0.004544319 0.005419338 0.01600557 0.03688264 0.0539737 0.0612189 0.04681161 0.0248202 0.02700866 0.02575165 0.02094058 0.01846718 0.01762301 0.01806663 0.01589459 0.01745394 0.01462713 0.01209862 0.01351969 0.01097769 0.01175259 0.01339555 0.01798136 0.01981493 0.02418178 0.02754699 0.0302721 0.09102157 0.09169895 0.09588118 0.1200856 0.1159206 0.1119567 0.1382747 0.1365809 0.1470417
0.01483054 0.005716526 0.003735615 0.001181409 0.001018129 0.001142088 0.001096241 0.0009825818 0.001682057 0.001618365 0.002688233 0.003309125 0.004194667 0.004854359 0.005224034 0.005688765 0.005996664 0.005592409 0.01067838 0.001118817 0.0007615147 0.0005392829 0.002778789 0.02025097 0.02704112 0.02451164 0.0298449 0.01420997 0.0170309 0.01453904 0.01673801 0.02101585 0.0209229 0.01812192 0.01671032 0.01270794 0.01031018 0.01063397 0.01225282 0.0155271 0.01567975 0.0221814 0.02941571 0.05425727 0.0590392 0.06847785 0.07107307 0.1234905 0.1154138 0.1456648 0.1506854 0.1318346 0.1656399 0.1369919 0.1498113 0.100375
0.00804201 0.004093712 0.002722697 0.001374832 0.00100163 0.0008663332 0.0009297365 0.001060652 0.001491262 0.001187488 0.001798343 0.002235137 0.00279464 0.003183128 0.003548569 0.003606889 0.003828108 0.003507664 0.00266596 0.001986986 0.001698211 0.001729202 0.001774405 0.01189392 0.009805456 0.01139617 0.014193 0.01955093 0.01245561 0.01558109 0.01402248 0.02006553 0.02095342 0.0191547 0.01780728 0.01327451 0.01185275 0.01187224 0.01471018 0.01955963 0.02035531 0.02720925 0.03794985 0.06977514 0.07933711 0.08390184 0.09191772 0.1322663 0.130947 0.1445494 0.1594971 0.155504 0.131305 0.1566385 0.1572222 0.09858333
0.01238814 0.00343852 0.00200273 0.001162898 0.000939431 0.0007926179 0.0008356303 0.0007012604 0.0007299567 0.0009167193 0.001257752 0.001907355 0.002235801 0.002852419 0.003106926 0.002389953 0.00247297 0.002250654 0.001626253 0.0050377 0.006538741 0.009051152 0.00314028 0.006893964 0.01151139 0.01187856 0.008186616 0.01200778 0.01212194 0.01313927 0.01390638 0.0220871 0.02143684 0.02097274 0.01994274 0.01563034 0.01384154 0.01452787 0.01764917 0.02241881 0.02384935 0.03145951 0.04430393 0.08141433 0.09170587 0.09525489 0.09826216 0.1349691 0.1283692 0.1389377 0.1819573 0.1538583 0.1566364 0.1658101 0.1632894 0.07937501
0.009055385 0.002755337 0.001434988 0.0008379632 0.0007846166 0.0007752845 0.0009214682 0.0006950637 0.0006949265 0.000827911 0.001062666 0.002218778 0.002865339 0.003288489 0.004252254 0.002824468 0.003091184 0.001930768 0.001362747 0.008285283 0.009048949 0.005966485 0.005122464 0.006208596 0.008632189 0.009309864 0.00982704 0.01375612 0.02117491 0.02020193 0.04461044 0.02320085 0.02476632 0.02421996 0.02337469 0.02054796 0.05495922 0.01868416 0.02187356 0.02659459 0.02961729 0.03359257 0.04879477 0.07988726 0.1004998 0.1098055 0.1076218 0.137269 0.1357722 0.161744 0.2413916 0.186062 0.1782886 0.1460131 0.1276116 0.1134167
0.01604898 0.009625272 0.002961911 7.486597e-005 7.173688e-005 7.153358e-005 0.0001053728 9.642411e-005 9.90487e-005 0.0001092107 0.00012786 0.003254243 0.004995208 0.008119931 0.01438487 0.0172996 0.02326194 0.02704005 0.03449328 0.02983354 0.02500774 0.01925687 0.01096536 0.01432953 0.01326109 0.01247513 0.01932686 0.01683461 0.01647534 0.01441403 0.01739503 0.03147644 0.03032787 0.028836 0.02866613 0.03539969 0.1665835 0.02834653 0.03154898 0.03152513 0.04193722 0.04161954 0.06373213 0.08969524 0.1200719 0.1298482 0.1294716 0.191945 0.2051768 0.2591018 0.20402 0.188125 0.1497083 0.1314583 0.1279583 0.1204167
0.02304867 0.01924475 0.003092046 0.0001031157 7.006267e-005 6.969845e-005 7.090109e-005 0.0001561047 0.000163198 0.0001728618 0.0002922812 0.002191642 0.003315024 0.005371896 0.01026249 0.01649865 0.02166015 0.02743872 0.03292608 0.03105213 0.02607461 0.0169014 0.01297571 0.01506749 0.01337936 0.01173686 0.01128864 0.01850872 0.01818559 0.01749977 0.01491754 0.03408492 0.03357872 0.03248963 0.03113705 0.02896842 0.03373591 0.03371093 0.0354904 0.03145612 0.03338509 0.04151872 0.05578342 0.1101241 0.1277546 0.1252171 0.1345135 0.2043182 0.2329197 0.2420043 0.1953993 0.1475 0.1449583 0.09704166 0.09583332 0.084
0.00799538 0.004143102 0.001133352 0.0001169341 6.883456e-005 0.0001165534 6.95898e-005 0.0002799197 0.0002956436 0.0003146192 0.0003460532 0.001566022 0.002048567 0.003536248 0.00690067 0.015776 0.02190617 0.02822375 0.03330452 0.03405588 0.02269964 0.01765217 0.01321609 0.01509822 0.01343731 0.01358946 0.01247605 0.0206986 0.02029636 0.01913144 0.01797677 0.03611145 0.03488499 0.03421396 0.03309809 0.03103444 0.03109966 0.03567307 0.03585039 0.03276423 0.0380412 0.04446511 0.05896771 0.1178418 0.1270562 0.1330681 0.1392848 0.231883 0.3079001 0.2418214 0.2063 0.1405 0.1329167 0.09066666 0.1034167 0.07054166
0.004523238 0.002427873 0.001409899 0.00013188 0.0001003074 0.0002506268 6.898709e-005 0.0003171376 0.0004168203 0.0004469115 0.0004990305 0.001078856 0.001430434 0.002202771 0.005299824 0.01699146 0.02266966 0.02794057 0.03371459 0.03257511 0.02597159 0.02346116 0.01575674 0.01810733 0.01521725 0.01470774 0.0133556 0.02988683 0.02428692 0.02357157 0.02193195 0.03477438 0.03370608 0.03541321 0.03539097 0.03297976 0.03678357 0.03667933 0.03813474 0.03895751 0.04604762 0.05172737 0.07462877 0.1178436 0.1271837 0.1363272 0.1408779 0.2847411 0.231032 0.2292307 0.2025456 0.1540833 0.114625 0.094125 0.113625 0.06733333
0.0006738145 0.001069437 0.000392601 4.751586e-005 4.795774e-005 0.0001286226 0.000113099 0.001029776 0.0008712127 0.0008313447 0.000773609 0.0004635275 0.0005221661 0.00056767 0.0007747727 0.0005369584 0.001552615 0.00363649 0.005961759 0.006322328 0.01111958 0.006148881 0.005718702 0.006589975 0.006080888 0.007000252 0.004809035 0.006927384 0.008966592 0.00909125 0.009790685 0.02784388 0.02632021 0.02539297 0.02758924 0.02987293 0.02950079 0.03535293 0.03826028 0.06278901 0.05535946 0.07626397 0.08914758 0.165575 0.1632147 0.1733083 0.1837843 0.249375 0.2994167 0.255375 0.2347499 0.1659167 0.1130833 0.1171666 0.1204166 0.06875
0.0004472558 0.0002945466 0.0003029972 9.523127e-005 4.757529e-005 4.814499e-005 4.845916e-005 0.0008629467 0.0007199651 0.0005683606 0.0004815531 0.0002318886 0.0003159013 0.0002512806 0.0004846889 5.016723e-005 7.969685e-005 0.0003646323 0.002132129 0.006502679 0.003349939 0.002946717 0.003105182 0.005090273 0.004327519 0.00456689 0.0050051 0.007983444 0.01115658 0.01004068 0.01015662 0.02589253 0.02638959 0.02386568 0.02412007 0.02930159 0.03151397 0.03746331 0.04433524 0.05967441 0.06715756 0.07571987 0.09106195 0.1491072 0.1618803 0.1770281 0.2330177 0.308 0.2987917 0.2831666 0.2083333 0.1319166 0.1234583 0.1168333 0.1045416 0.06633332
0.0002452235 0.0002458709 0.0003589943 4.663032e-005 4.755722e-005 4.815207e-005 8.027067e-005 0.0007199926 0.000664148 0.0004730269 0.0004720781 0.000114147 0.0001250443 0.0002312725 0.0004734649 4.656982e-005 3.503167e-005 3.371522e-005 0.0004414597 0.002427215 0.002542619 0.001663212 0.001218716 0.006265714 0.005025731 0.005644294 0.008220131 0.01236152 0.0112297 0.01068091 0.01069721 0.02436543 0.02291605 0.02218093 0.02324205 0.02997052 0.03318816 0.03969639 0.04371712 0.06765509 0.07834853 0.08088892 0.1037034 0.1597314 0.1580507 0.1655642 0.2137344 0.19625 0.2984166 0.2442916 0.1705 0.1190417 0.141125 0.1132916 0.1125833 0.04854167
0.0002689292 0.0002058616 0.0001738367 4.669093e-005 4.713694e-005 4.812351e-005 8.0422e-005 0.0009102161 0.0007116649 0.000670775 0.0006147227 0.0001128206 0.0001201112 0.0002178597 0.0003275299 4.173764e-005 0.002363035 3.078642e-005 3.963679e-005 0.001041413 0.000552827 8.354532e-005 0.0001521728 0.005504181 0.006749335 0.007981573 0.008982648 0.01013354 0.01150884 0.01097408 0.01136311 0.02196016 0.01778617 0.01925022 0.02071636 0.0303276 0.03691701 0.03853092 0.045734 0.0634236 0.07323381 0.08746565 0.1005105 0.1441038 0.1612243 0.178561 0.1496864 0.2539999 0.27075 0.2377083 0.1818333 0.139875 0.1372083 0.13075 0.1227083 0.05708333
5.833333e-005 0 8.333333e-006 0 0 0 1.666667e-005 0.001508333 0.001266667 0.001191667 0.0009916666 0.0006333333 5.93541e-005 0 0 1.503795e-005 1.169743e-005 1.147012e-005 1.445678e-005 1.764328e-005 0.0002185586 0.0005844513 0.0007029201 0.002137214 0.002935025 0.004213092 0.005746821 0.009213714 0.01095677 0.01078663 0.0114942 0.01039907 0.009805681 0.01133618 0.0136776 0.03467127 0.03103344 0.02894768 0.0259076 0.07281923 0.0804604 0.09072553 0.0976074 0.2066511 0.231882 0.2329922 0.170557 0.1901666 0.2659999 0.24225 0.2035833 0.1652083 0.1550416 0.126375 0.10325 0.06366666
