contrib/geomasonDemos/riftland/riftlandData/RainData/.svn/text-base/18.txt.svn-base
ncols         56
nrows         54
xllcorner     28.264
yllcorner     -5.7719999999999
cellsize      0.25
NODATA_value  -9999
[rows 0 to 25 of 54, columns 0 to 55 of 56]
0.1312603 0.1136455 0.1431639 0.1893524 0.1484808 0.1447987 0.2790758 0.1384281 0.1337165 0.1622592 0.1989854 0.2347636 0.2135731 0.2415516 0.2822321 0.2139584 0.2010907 0.1632554 0.1751724 0.2156214 0.241491 0.2483914 0.2151628 0.2742822 0.2687529 0.2643925 0.2828501 0.2909823 0.2985739 0.2945676 0.3177781 0.3148537 0.3102157 0.2522759 0.2961735 0.2738131 0.2300242 0.2033078 0.2004373 0.1682196 0.1443188 0.1352419 0.138153 0.1292911 0.1314107 0.1221731 0.08813832 0.07067928 0.05891245 0.05360323 0.04962458 0.03046582 0.02384916 0.02233231 0.02010176 0.0176734
0.1367455 0.09651148 0.1132787 0.1635633 0.1115139 0.1298098 0.1442728 0.1392428 0.159686 0.1358226 0.1358054 0.2045997 0.250186 0.2420928 0.2373596 0.2438726 0.2269714 0.146922 0.1716889 0.232967 0.2469248 0.2634489 0.1952989 0.3126245 0.2444568 0.2615016 0.3093821 0.2493881 0.2566655 0.2673451 0.2916279 0.2577779 0.2485333 0.2199159 0.2204381 0.2598673 0.2211259 0.1734527 0.1662076 0.1506995 0.1298368 0.1286124 0.133462 0.1254883 0.1102304 0.09263425 0.07922882 0.06713029 0.05541033 0.05201213 0.03932814 0.02373471 0.02315899 0.02078741 0.01932581 0.01313356
0.1939148 0.1835648 0.1347433 0.1727219 0.1526664 0.1036903 0.1531683 0.1515787 0.279485 0.1670215 0.1609248 0.2044727 0.2286662 0.1769363 0.1839621 0.1917994 0.2065101 0.1632511 0.2066578 0.252901 0.2328177 0.2234617 0.1893761 0.2960354 0.2941369 0.3216559 0.23121 0.2388097 0.2941163 0.2700292 0.2691624 0.2133648 0.2091729 0.2266878 0.2003646 0.2502923 0.2438475 0.2098154 0.1484458 0.1455557 0.1302791 0.1282621 0.112049 0.1075565 0.09092941 0.0811457 0.07130162 0.05650884 0.0504843 0.04181366 0.03549295 0.02223589 0.02072779 0.02013754 0.01879901 0.01109478
0.1947669 0.1598235 0.145364 0.1504042 0.0855848 0.1074467 0.08997172 0.2040955 0.2671791 0.308662 0.302268 0.2168897 0.1950728 0.1735875 0.1681934 0.1732877 0.2222752 0.2203802 0.2189388 0.1492741 0.1837287 0.164469 0.150509 0.2324138 0.309817 0.3310359 0.2837413 0.1882312 0.2373661 0.1846139 0.2116493 0.1629856 0.1601214 0.1914549 0.2034814 0.1998492 0.1749381 0.1480708 0.1084414 0.1240298 0.1176307 0.1131761 0.08451475 0.07246649 0.05419096 0.03896681 0.0406635 0.03464933 0.03236112 0.02861689 0.02633041 0.01886455 0.015813 0.01418094 0.01186137 0.01513258
0.198557 0.3264509 0.2843145 0.2647418 0.08757441 0.05542328 0.06004437 0.2411895 0.4053754 0.3433357 0.252773 0.2262737 0.2253138 0.1789826 0.1567854 0.1682064 0.1516751 0.1580404 0.1627832 0.1261482 0.1535422 0.1532153 0.1685341 0.1923538 0.1666414 0.2643658 0.1456957 0.159623 0.1415662 0.141863 0.1462927 0.1362616 0.1513954 0.1374355 0.1632253 0.1958822 0.1490376 0.1048404 0.08814529 0.1000421 0.08809469 0.09349054 0.07658991 0.05598865 0.05079469 0.03240044 0.02958098 0.02779488 0.02665162 0.02548552 0.02497274 0.01554205 0.01439164 0.01277886 0.01062025 0.01226373
0.1990182 0.1809668 0.1535612 0.1780905 0.06832942 0.05224585 0.0587615 0.2550312 0.3172795 0.3949361 0.2964914 0.2699219 0.215587 0.1755038 0.1632153 0.1790166 0.1492417 0.1415477 0.1430169 0.1117811 0.1430515 0.2090607 0.1801202 0.1733036 0.1730513 0.1395067 0.1539234 0.1579646 0.127914 0.1287881 0.1181313 0.134117 0.1332529 0.1290424 0.1187667 0.1636018 0.1225811 0.1044464 0.08725487 0.101227 0.1026341 0.1326836 0.1493593 0.04250365 0.02815988 0.02237507 0.02176915 0.02466335 0.0241953 0.02266914 0.02230098 0.01412061 0.01292291 0.01258607 0.01000988 0.0108552
0.1980353 0.1565109 0.1773921 0.2788625 0.1224768 0.05345146 0.09905691 0.2541325 0.4011017 0.3883952 0.3250334 0.3463777 0.2822004 0.229115 0.1996697 0.1639124 0.1495657 0.1707209 0.1505004 0.1179249 0.1456408 0.1425076 0.1065127 0.1728 0.1378943 0.1347138 0.1333565 0.1515271 0.1072065 0.09903628 0.09809824 0.1060767 0.1015253 0.1232664 0.1013025 0.1071032 0.1033287 0.0835083 0.07910563 0.1001858 0.07900826 0.06716433 0.08104608 0.02959964 0.02064222 0.01942028 0.01698069 0.02177331 0.0206556 0.02008774 0.01886748 0.01257675 0.0122147 0.01045811 0.01175475 0.01219185
0.1636936 0.1535697 0.249041 0.2897944 0.2493679 0.1550394 0.1522813 0.1742927 0.2211901 0.2619646 0.2915398 0.4332199 0.4074346 0.3409227 0.363578 0.190227 0.1561068 0.1536067 0.1470125 0.1585113 0.1421951 0.1333065 0.1118017 0.1395347 0.152583 0.1158434 0.1218168 0.09897268 0.06304673 0.05189952 0.05164432 0.04848111 0.04769189 0.07108328 0.05706256 0.06691103 0.05280105 0.04012492 0.06401301 0.04487433 0.02852482 0.02506951 0.02437133 0.01439317 0.009071067 0.007886152 0.008059498 0.01219869 0.01211607 0.01143926 0.0128881 0.01128504 0.00743666 0.003177528 0.008848008 0.01052106
0.1202874 0.2205986 0.1786868 0.2434597 0.187804 0.1286702 0.1444112 0.1744671 0.1874683 0.2398173 0.2888304 0.4147769 0.3910428 0.3540933 0.4862439 0.2288371 0.1678056 0.1179784 0.1187013 0.1391024 0.1510056 0.1155859 0.0785076 0.07958549 0.08718363 0.08758713 0.116742 0.07384802 0.05041257 0.03271975 0.03270276 0.0348066 0.03450205 0.04439378 0.03915704 0.04243289 0.04441456 0.04912893 0.05515107 0.03655821 0.01979779 0.01544274 0.01461374 0.01270377 0.01065647 0.006141894 0.006973434 0.008964388 0.009130298 0.009205417 0.00921524 0.007604885 0.01890383 0.002396342 0.007023368 0.01577398
0.1154589 0.1383661 0.1419755 0.2113039 0.1400203 0.1383574 0.1522323 0.1961871 0.2024133 0.2632349 0.3399237 0.3988777 0.3795499 0.3774611 0.3992196 0.2305146 0.1561329 0.1223918 0.07652908 0.1157718 0.1201902 0.09431934 0.09627625 0.08656352 0.05641738 0.05406697 0.05345494 0.03942421 0.03498712 0.02256485 0.01547252 0.01970799 0.0281052 0.03331239 0.02970875 0.03539063 0.0424478 0.03860852 0.04491775 0.02623969 0.02108896 0.01122259 0.00860411 0.006719365 0.007386913 0.00829655 0.008547966 0.007703286 0.009207153 0.007551739 0.007178303 0.001566073 0.0125154 0.001487277 0.01216193 0.004741929
0.1274408 0.1090386 0.1145698 0.2212482 0.1661298 0.1550891 0.1696065 0.2657478 0.2649597 0.3409688 0.3771082 0.4081091 0.3864719 0.3606349 0.4045876 0.2711582 0.2023433 0.1530143 0.09824458 0.1092121 0.0948283 0.1014807 0.07704997 0.07564999 0.04275493 0.03882857 0.03676388 0.02408928 0.02962247 0.01971901 0.01185936 0.009580673 0.01326452 0.0184207 0.01677942 0.02735314 0.02719245 0.03913365 0.04260508 0.02124116 0.0160781 0.008340216 0.007695121 0.005800261 0.006349764 0.0068284 0.007984321 0.00943776 0.009735024 0.007378114 0.006939722 0.001514611 0.002042992 0.00148226 0.005151041 0.003262733
0.2048414 0.2475066 0.2551368 0.2842562 0.2406669 0.2129284 0.2169044 0.2921537 0.2664663 0.2641228 0.2696041 0.3447188 0.3141733 0.3029605 0.3583939 0.2454483 0.210485 0.1653488 0.1175667 0.095772 0.07681197 0.06870747 0.03923294 0.03325418 0.02980144 0.02029942 0.01929478 0.01147061 0.008399314 0.005986801 0.006096954 0.01192158 0.01244951 0.01232922 0.01206185 0.01266998 0.009743707 0.00849143 0.01109827 0.01819547 0.0137559 0.0120644 0.0112785 0.01046995 0.009789751 0.009533633 0.009759962 0.009854387 0.01012199 0.009687623 0.009159307 0.0008425759 0.001238536 0.001035789 0.003951428 0.003203499
0.1649188 0.1798705 0.2013709 0.2608661 0.287558 0.2243147 0.2258229 0.3743728 0.2370563 0.2280042 0.2672738 0.3267238 0.2816799 0.3224865 0.282044 0.2042494 0.1810811 0.1705339 0.1350318 0.1120459 0.0773904 0.05607273 0.03020782 0.02549526 0.01817019 0.01174066 0.01340561 0.006366919 0.002855237 0.002735076 0.002983343 0.0061469 0.006761542 0.006938269 0.007012487 0.004600761 0.004530206 0.004707487 0.004882826 0.01295428 0.01210393 0.01151523 0.01098516 0.01050431 0.01008627 0.009812875 0.009783745 0.009751488 0.00969836 0.00937128 0.00874857 0.0008015039 0.0009074183 0.0006636185 0.0005550148 0.002817609
0.1577002 0.1644009 0.1961529 0.2399505 0.2048668 0.170159 0.1757226 0.2364977 0.2203197 0.2336116 0.2737852 0.3285589 0.2917061 0.2900093 0.2557699 0.177744 0.1545761 0.1161424 0.1322933 0.1474889 0.1048136 0.08289512 0.04779874 0.03663225 0.0224753 0.01114299 0.01020343 0.002414743 0.00137209 0.001035623 0.00124209 0.002942723 0.003509842 0.004347101 0.005129358 0.002229349 0.002260217 0.001705504 0.001759835 0.01117764 0.01144648 0.0114425 0.0112395 0.0110169 0.01082948 0.01065722 0.01045086 0.01035021 0.01012632 0.009715403 0.009113765 0.0008313196 0.0007759455 0.0006894605 0.0005822563 0.002922319
0.2154764 0.1924373 0.1885251 0.2256285 0.1800161 0.2040587 0.2114898 0.3215538 0.2812085 0.2557772 0.306863 0.3822005 0.3796258 0.2983311 0.2774113 0.1485572 0.1179939 0.1394492 0.1504229 0.1715769 0.1252954 0.09706496 0.07548215 0.03340969 0.02050125 0.01457265 0.01014228 0.00312295 0.001618973 0.001016213 0.001133339 0.003340315 0.004066566 0.004959364 0.005339511 0.001108304 0.001213908 0.00137182 0.001396993 0.01116478 0.01171101 0.01208094 0.0119705 0.01204491 0.01200765 0.0118807 0.01166305 0.01147106 0.01119713 0.01079748 0.01020435 0.0009359523 0.0008787906 0.0007824335 0.0007105835 0.003343476
0.2891021 0.2234908 0.1717809 0.2071427 0.1685473 0.1561043 0.1884126 0.2906381 0.2441888 0.2047237 0.183294 0.2966927 0.2713214 0.2473675 0.2159212 0.1658236 0.1729293 0.1788485 0.2051988 0.1690463 0.1591307 0.1167303 0.08942651 0.06576229 0.0400868 0.02384774 0.01625573 0.005694254 0.00457988 0.005738831 0.008638915 0.005434074 0.01155132 0.004465315 0.004663758 0.005095856 0.005783016 0.006446871 0.008176109 0.01474169 0.01683413 0.01745424 0.01700503 0.01218854 0.01104675 0.01067377 0.01040015 0.01146269 0.01091346 0.01076492 0.01055251 0.006238884 0.005861612 0.005411306 0.004101912 0.001697261
0.2464684 0.2575016 0.19819 0.1934734 0.1723375 0.1975013 0.2188637 0.2689677 0.2654175 0.2535015 0.1769913 0.2716847 0.268802 0.3386584 0.176937 0.1501434 0.1912189 0.1845761 0.1742638 0.169143 0.1753631 0.124021 0.1038927 0.08035529 0.03747761 0.02889088 0.01898751 0.00617765 0.004980114 0.005980662 0.008961751 0.004914575 0.004707263 0.004502015 0.005044762 0.006620401 0.007627013 0.008638849 0.01051877 0.01668299 0.0191095 0.02023949 0.01940847 0.0147628 0.01347877 0.0126455 0.01136016 0.0123556 0.01214829 0.01201626 0.01145619 0.006320896 0.00606097 0.005504677 0.004065777 0.00181662
0.2207673 0.2616753 0.2723152 0.2421874 0.2140416 0.2014212 0.2329671 0.2571946 0.2736892 0.1995413 0.1663357 0.2563175 0.2793251 0.3045028 0.2285898 0.168873 0.1745311 0.2493077 0.1930215 0.1814932 0.1976425 0.1192411 0.1093861 0.06939635 0.03676768 0.02912343 0.02440934 0.008226303 0.006346651 0.009929528 0.01364087 0.008470545 0.007893645 0.007588118 0.007802989 0.01001236 0.01050431 0.01116384 0.0127882 0.01792077 0.02020038 0.02084628 0.02045753 0.01594986 0.01438607 0.01335334 0.01192383 0.01315404 0.01286706 0.01238033 0.01212014 0.006378448 0.005770569 0.004756845 0.003640139 0.001633807
0.2725399 0.280605 0.2666881 0.2720189 0.2031637 0.1931489 0.1881552 0.2235568 0.2080471 0.2766009 0.1903842 0.2082682 0.196497 0.1978417 0.2059945 0.2480262 0.2059902 0.2604735 0.1999147 0.189475 0.163599 0.1563336 0.1497731 0.05903038 0.05473456 0.03734596 0.02901383 0.01161426 0.0107052 0.01448387 0.01793897 0.01163468 0.01060258 0.00969296 0.009482497 0.0121394 0.0118643 0.01199654 0.01321934 0.01721422 0.019026 0.0195375 0.01920356 0.01491322 0.01338817 0.01251288 0.01142087 0.01338877 0.01450241 0.01274438 0.0125916 0.006023182 0.005091925 0.005327837 0.00437382 0.001504863
0.3332539 0.3283015 0.2740846 0.2880871 0.2445869 0.1995493 0.1714368 0.2020942 0.2428707 0.2152656 0.1676032 0.1746042 0.1491407 0.1554157 0.1930969 0.1953409 0.1731653 0.1818631 0.1814556 0.2170461 0.2254574 0.2237337 0.1892189 0.1378938 0.1407734 0.1068063 0.08191129 0.03886772 0.02851767 0.0244228 0.02233239 0.02091621 0.01729108 0.014693 0.01353336 0.01093882 0.01011181 0.009732094 0.01050737 0.01399764 0.0152889 0.01584104 0.01566843 0.01540219 0.01394466 0.01351764 0.01361883 0.01830517 0.01742316 0.01656598 0.01443973 0.002910051 0.002281711 0.00235017 0.001804688 0.02273062
0.2421071 0.238663 0.2400718 0.2441185 0.216545 0.2037991 0.1779074 0.1519339 0.1804799 0.2029247 0.1772762 0.1643095 0.1733876 0.131088 0.1226795 0.1514359 0.1554448 0.1761053 0.1639627 0.2497536 0.2843907 0.2342395 0.2301645 0.1712267 0.1561076 0.1050254 0.08389169 0.04711825 0.03563937 0.03068116 0.02757572 0.02596712 0.02109393 0.01739128 0.01532151 0.01109539 0.009577214 0.008739121 0.009269242 0.012317 0.0134057 0.01411223 0.0141482 0.01294954 0.01198784 0.01195743 0.0126026 0.01503826 0.01480295 0.01441439 0.01300214 0.002142969 0.001686588 0.007299567 0.006862432 0.0285095
0.2280272 0.2085094 0.212493 0.204883 0.2220943 0.1382071 0.1006177 0.1088361 0.1692848 0.1905692 0.1083264 0.1203346 0.1013614 0.1098366 0.1275223 0.1511798 0.1636775 0.1515114 0.1679639 0.2437994 0.2468186 0.2303841 0.2382287 0.1808974 0.1806525 0.1164507 0.09528137 0.05846865 0.04410426 0.0385254 0.03397133 0.03224168 0.02599864 0.02095683 0.01783071 0.01128028 0.009128445 0.00787114 0.008068493 0.01077472 0.01154399 0.01222861 0.01236099 0.01106479 0.009799885 0.01060998 0.01091397 0.01368517 0.01352103 0.01219472 0.01168007 0.001889283 0.001752254 0.001588564 0.001708394 0.02161783
0.2445523 0.2289514 0.2121167 0.168796 0.1502189 0.1083778 0.09252296 0.09366523 0.08944195 0.0917877 0.09375625 0.1113971 0.103883 0.1068152 0.1083133 0.1350762 0.152639 0.1653657 0.1737591 0.2188576 0.2236914 0.2265549 0.2362446 0.2325702 0.1970732 0.1576027 0.1114473 0.06426358 0.06142361 0.04802485 0.04214355 0.04022289 0.03236271 0.02577906 0.02144566 0.01213879 0.009254001 0.007491678 0.007341561 0.009727821 0.01003435 0.01044394 0.01051869 0.008715672 0.008093021 0.008866067 0.009259403 0.01231581 0.01056199 0.01026338 0.01008818 0.001398046 0.001430632 0.001489949 0.005837981 0.02352731
0.1714824 0.1397489 0.1244626 0.1415021 0.08135077 0.07853082 0.08785119 0.1080246 0.05626208 0.05065303 0.05545631 0.09132095 0.1031052 0.1165863 0.1180401 0.1578675 0.1737133 0.1948804 0.2176683 0.2588094 0.2604327 0.2889896 0.3055709 0.2666637 0.2404828 0.2054197 0.1598252 0.09860373 0.09271732 0.07440677 0.06428039 0.06314906 0.05006739 0.04968862 0.03194193 0.01598806 0.01104984 0.008129099 0.007719731 0.008010968 0.007938023 0.008034872 0.007862136 0.002271387 0.001224558 0.001302946 0.001708596 0.002568633 0.002052853 0.001661875 0.001953548 0.001260623 0.001327864 0.001673423 0.002605703 0.02103066
0.1590985 0.1195903 0.1010346 0.1507276 0.08691128 0.08017977 0.09721945 0.1002664 0.04444943 0.03471133 0.05247923 0.09225528 0.0949202 0.1001734 0.1160256 0.1413656 0.1577534 0.1778882 0.2010873 0.2800204 0.2829709 0.280644 0.2915099 0.2564119 0.2514448 0.2346891 0.1693231 0.1148219 0.1306747 0.09760118 0.08520567 0.07743094 0.05848728 0.04743226 0.0377451 0.01766613 0.01179859 0.008201292 0.007438732 0.007347788 0.006914367 0.006732108 0.006423263 0.001406375 0.001007179 0.001073469 0.00111778 0.002225068 0.002380342 0.00181359 0.001794977 0.001319015 0.001389531 0.001880275 0.002169691 0.01285669
0.1218007 0.09294267 0.07878302 0.09485818 0.06743067 0.06443206 0.07191315 0.06407712 0.03733449 0.03350474 0.05650118 0.08638277 0.1011597 0.1029776 0.1228863 0.1403251 0.1604979 0.1726212 0.1808027 0.2349348 0.2664422 0.2423159 0.2620525 0.2616123 0.2497447 0.2367962 0.1873282 0.1362906 0.1536143 0.1487271 0.09817645 0.09191187 0.06578711 0.06235036 0.0385225 0.01825267 0.01202398 0.00811918 0.007117645 0.006763886 0.006001868 0.005686046 0.005249992 0.0007660726 0.0008249886 0.000863854 0.002675284 0.005373211 0.002801698 0.001630899 0.00157715 0.001544409 0.002212988 0.005486577 0.009725168 0.01370727
