contrib/geomasonDemos/riftland/riftlandData/RainData/.svn/text-base/20.txt.svn-base
ncols         56
nrows         54
xllcorner     28.264
yllcorner     -5.7719999999999
cellsize      0.25
NODATA_value  -9999
[rows 26 to 51 of 54, columns 0 to 55 of 56]
0.3408957 0.2513783 0.2196352 0.2041423 0.1674914 0.1578999 0.1426874 0.1414642 0.1165546 0.1093678 0.1384517 0.1572467 0.1489712 0.1298195 0.105041 0.125204 0.1431224 0.14545 0.1298158 0.1960861 0.1825021 0.2030514 0.1872309 0.1725388 0.2024767 0.1814942 0.1627272 0.1186144 0.1126319 0.1003501 0.09094045 0.07788054 0.07279772 0.07015378 0.04767571 0.02837756 0.0176756 0.01489291 0.01415081 0.01040924 0.009495835 0.01045698 0.01135538 0.01347061 0.01352893 0.01180853 0.01648042 0.01480327 0.01494756 0.01579579 0.0169694 0.0149245 0.014265 0.01529001 0.01775695 0.02231979
0.2037488 0.2564878 0.2911384 0.1833385 0.1711946 0.1415874 0.1346569 0.1376217 0.1239556 0.1336563 0.178151 0.1629794 0.1543447 0.1321364 0.1159223 0.1372336 0.1413253 0.1280707 0.1317737 0.1581926 0.1619344 0.1857562 0.1852192 0.1604519 0.1574901 0.167909 0.1928559 0.1332579 0.1202996 0.1297648 0.1294074 0.09797036 0.08679454 0.06693223 0.05339875 0.03596108 0.01639397 0.01226247 0.0106404 0.009949699 0.009255463 0.01020452 0.01103423 0.01284738 0.01289719 0.01547346 0.01326324 0.01352858 0.01578451 0.01602329 0.01539658 0.02402994 0.02834172 0.02778089 0.0394574 0.0425333
0.1857084 0.2129333 0.2187165 0.1669917 0.1636367 0.1477667 0.1141203 0.1444143 0.1570562 0.1588307 0.180584 0.1554205 0.1284768 0.1012344 0.1064707 0.1351793 0.126202 0.1092949 0.1204696 0.1641577 0.1559227 0.1699286 0.179343 0.1818343 0.2066733 0.2173605 0.2260875 0.1607269 0.1243814 0.1206626 0.1579254 0.1112572 0.09552299 0.07244845 0.05836106 0.03655387 0.01745142 0.01260779 0.01088867 0.01019845 0.009761292 0.01066341 0.01121336 0.01275034 0.01717964 0.01635908 0.01772605 0.01312207 0.013217 0.0139936 0.01564533 0.03792053 0.03122742 0.03066068 0.03516217 0.0402933
0.2210562 0.2508629 0.2076602 0.1505816 0.1251764 0.1055639 0.1088917 0.1365497 0.1340547 0.1477573 0.141372 0.1284048 0.1015832 0.0979108 0.1072369 0.1182252 0.1183263 0.1150471 0.1103803 0.1659893 0.1554975 0.1564421 0.1532748 0.1904925 0.2410002 0.291541 0.2501094 0.1964343 0.1414551 0.1236061 0.1288432 0.1277339 0.09863722 0.07533368 0.06769364 0.04530417 0.02278304 0.01415642 0.01248203 0.01110767 0.01074618 0.01123908 0.01190858 0.01294273 0.0125021 0.01381651 0.01717701 0.01368332 0.0139331 0.01504707 0.01655107 0.02211571 0.02410455 0.02579189 0.0308485 0.03573036
0.305284 0.291666 0.2714092 0.1515449 0.1214433 0.09698304 0.09268878 0.1202617 0.1163813 0.1225167 0.122581 0.1105707 0.1035794 0.1076812 0.1041405 0.1232429 0.1219413 0.09953991 0.1082884 0.1642662 0.1702007 0.1405031 0.1480665 0.1768201 0.255868 0.2787172 0.2394539 0.2066681 0.1723264 0.1262304 0.117175 0.1307541 0.1183289 0.08566208 0.06205646 0.04259176 0.03652226 0.0198714 0.01475775 0.01282196 0.01223532 0.01251115 0.01304398 0.01386416 0.01327514 0.01336038 0.01453607 0.01465772 0.01570958 0.01934061 0.01944902 0.02413406 0.02666948 0.03655367 0.02804016 0.03286238
0.2678667 0.2557207 0.2321855 0.1301969 0.1156418 0.1010267 0.09451063 0.1027921 0.1201063 0.120394 0.1022908 0.1045894 0.09669834 0.09762417 0.08844388 0.1067124 0.1084529 0.1159546 0.1493051 0.1934719 0.1533117 0.1261475 0.1267554 0.1344113 0.2360868 0.2819408 0.3010966 0.1734929 0.185181 0.1465803 0.12168 0.1167033 0.09934612 0.09032305 0.05539227 0.04866405 0.05249548 0.02591125 0.022392 0.01592557 0.01479857 0.01465913 0.01462064 0.01706023 0.01551967 0.01756562 0.01908093 0.02310729 0.02439529 0.02637286 0.02729577 0.04410026 0.04003261 0.0391774 0.0375475 0.03638341
0.2663354 0.2046008 0.1813589 0.1278421 0.1076784 0.08924647 0.08805365 0.0970251 0.09964097 0.1033807 0.0873953 0.09252781 0.09305753 0.08889745 0.09135889 0.1099621 0.1055167 0.1358747 0.1547182 0.1545243 0.1497545 0.1282939 0.1274831 0.1137222 0.1309858 0.1969742 0.3358817 0.1833042 0.1719407 0.1506674 0.1211992 0.09864587 0.09460841 0.08464205 0.05480311 0.04729343 0.04130115 0.02846898 0.02474916 0.01753476 0.01642374 0.01599743 0.01577537 0.01649178 0.01695167 0.01809888 0.01988922 0.02312969 0.02588934 0.03332597 0.03456553 0.04096868 0.04088472 0.03910007 0.03488095 0.03348956
0.2178769 0.2015373 0.1807294 0.1099593 0.08873729 0.08191041 0.09190983 0.0876316 0.08793861 0.09142456 0.08543815 0.08842065 0.09174505 0.0798674 0.08382997 0.08481938 0.1259216 0.1211132 0.1348132 0.1445812 0.1136728 0.1097563 0.1060817 0.1241407 0.178607 0.1873944 0.2071959 0.1990676 0.1738584 0.126502 0.1163337 0.1001451 0.09119675 0.06474376 0.05296978 0.04374816 0.03605279 0.02966058 0.02559472 0.01824377 0.01709714 0.01678044 0.01694693 0.0174279 0.018089 0.01950914 0.02156507 0.0261178 0.02757473 0.03129873 0.03302336 0.04142509 0.04071243 0.03757824 0.03660915 0.03413216
0.1810093 0.2078435 0.172254 0.09750799 0.07990308 0.08528981 0.08238587 0.07711035 0.08701205 0.08430661 0.084224 0.08283832 0.08116897 0.08125248 0.07789773 0.08193798 0.08323696 0.09264981 0.1145174 0.1200615 0.1073872 0.09953879 0.09741719 0.1002599 0.1170999 0.1341967 0.1765184 0.1738125 0.1546643 0.113485 0.1021807 0.09627274 0.0826366 0.06187839 0.05013937 0.04251328 0.03505013 0.03015171 0.02540153 0.01817369 0.01701502 0.01715416 0.01825583 0.01873986 0.02014509 0.02218628 0.02405595 0.02899395 0.03127114 0.0337914 0.04157545 0.03916389 0.03997865 0.04433421 0.04317298 0.02964297
0.210969 0.1972029 0.1695115 0.1078054 0.08903914 0.08431318 0.0693756 0.07958511 0.08562817 0.08834167 0.09257348 0.07194938 0.07489426 0.07404716 0.06691699 0.1379378 0.1433535 0.1340151 0.1713124 0.1079012 0.08267756 0.08087479 0.08147607 0.1160032 0.1251168 0.1531038 0.1926729 0.1792785 0.155597 0.1005859 0.07860075 0.07362272 0.06408086 0.05098382 0.0454783 0.04172958 0.03486396 0.02968873 0.02619699 0.01918916 0.01702797 0.01636768 0.01806484 0.02405814 0.023945 0.0254062 0.03211705 0.04852569 0.06532438 0.09098046 0.06840649 0.07497742 0.05465956 0.07331494 0.05082171 0.04202667
0.2000586 0.1586527 0.1253489 0.09630992 0.08289814 0.06762614 0.06335209 0.08201077 0.08461012 0.0788594 0.08278565 0.06726237 0.06459957 0.06324708 0.06757652 0.1420398 0.1497068 0.1813027 0.1873451 0.09249926 0.07923135 0.07487037 0.07586624 0.1188722 0.1176605 0.1497511 0.1626904 0.1939349 0.1409519 0.09605952 0.07315917 0.06265039 0.05507793 0.054171 0.05511387 0.03975154 0.03409081 0.02914305 0.02587597 0.01947514 0.01627473 0.0165952 0.01903459 0.02415654 0.02562577 0.02827212 0.03261817 0.06394805 0.06690577 0.08871273 0.08100837 0.07859988 0.05781735 0.05291196 0.05172586 0.04766431
0.1867428 0.1350059 0.104815 0.07315205 0.07007257 0.05939962 0.05760169 0.07410153 0.07842188 0.07526376 0.07180545 0.05934921 0.06263117 0.06219411 0.07151965 0.1652295 0.1709006 0.2016421 0.2071302 0.103261 0.07893967 0.07198335 0.0849688 0.1077324 0.1394936 0.1277129 0.111624 0.1551118 0.1392525 0.1019136 0.0687506 0.05695449 0.04915274 0.05977086 0.03949862 0.04224361 0.03717164 0.027319 0.02397956 0.01849331 0.01627102 0.01660111 0.02025189 0.02582435 0.02669707 0.02988403 0.03599767 0.04800475 0.05055048 0.05422565 0.06556442 0.06280088 0.05604222 0.05453089 0.05702497 0.01334677
0.16775 0.1076012 0.09015945 0.07320754 0.0597453 0.05718859 0.05324791 0.06934018 0.07547728 0.06778882 0.06165469 0.05748517 0.06237851 0.06530546 0.07566296 0.1911944 0.2082458 0.2494816 0.2538824 0.1020275 0.07936043 0.07191502 0.07324228 0.08435243 0.1188606 0.1568595 0.1181574 0.1403365 0.09700567 0.06987377 0.05958211 0.05014177 0.04337553 0.0377798 0.03938905 0.03692872 0.03124726 0.02304056 0.02051081 0.01677288 0.01518364 0.01736747 0.02067261 0.02698326 0.02905775 0.03308145 0.03766254 0.04900643 0.05391398 0.05722447 0.07254245 0.06222964 0.05881472 0.05953042 0.04600511 0.03669355
0.1527626 0.09527045 0.07412932 0.06237015 0.05600095 0.05718685 0.04720211 0.06665058 0.06405655 0.06525481 0.05615664 0.06615534 0.07308728 0.08818136 0.09059825 0.1305694 0.1305733 0.158654 0.154696 0.09627013 0.06242133 0.07379733 0.05887181 0.03284647 0.07873472 0.05901518 0.08592641 0.1438012 0.06673039 0.03504711 0.02801282 0.03637807 0.0304505 0.03171729 0.02720171 0.0177134 0.01517281 0.01377754 0.01299702 0.01191745 0.01246389 0.0152359 0.02010413 0.03781243 0.03857423 0.03945737 0.04387439 0.05906057 0.07069387 0.07395658 0.06289051 0.07338145 0.08487122 0.04483906 0.04643949 0.04100807
0.1538956 0.09045597 0.0739044 0.06125509 0.07040174 0.0777019 0.06482837 0.06192839 0.06359893 0.06027325 0.05341808 0.0638233 0.06682217 0.08235484 0.08237132 0.1097139 0.08986998 0.108656 0.1200411 0.07783395 0.05256689 0.04669471 0.04319496 0.04102831 0.0403729 0.0687122 0.05925537 0.07274438 0.03715568 0.02963925 0.02352483 0.02856334 0.02463777 0.02549014 0.01759112 0.01301518 0.01045194 0.01008683 0.01037258 0.01027595 0.01143014 0.01523917 0.02092553 0.03936854 0.04120257 0.04251201 0.06133932 0.06026511 0.07087076 0.07462063 0.06731695 0.07374036 0.04721194 0.05429771 0.06563133 0.05177419
0.1197906 0.08516399 0.06944895 0.06443465 0.07857369 0.07746211 0.08396026 0.06081956 0.05425894 0.05368562 0.0513905 0.05859314 0.06393114 0.07088596 0.09211143 0.072987 0.08685852 0.07635514 0.08349419 0.05669437 0.04712373 0.04095607 0.03684355 0.02643925 0.02677002 0.07809979 0.05745021 0.03856828 0.024553 0.02151201 0.01955546 0.02543692 0.01960236 0.01737279 0.01333547 0.009880124 0.00811768 0.008105406 0.008910593 0.009596657 0.01124819 0.01559228 0.02187364 0.04225508 0.04591075 0.0460254 0.05038947 0.06340282 0.06195719 0.06365326 0.06561536 0.0450055 0.05585955 0.07438189 0.06307033 0.03858871
0.134233 0.08806247 0.06828342 0.06287976 0.07181623 0.07074286 0.06344307 0.0636973 0.0565165 0.05915713 0.0571116 0.0603617 0.06312009 0.06460169 0.0683091 0.04180478 0.05333653 0.0830774 0.06473491 0.04857778 0.04989285 0.07415277 0.05159209 0.02850016 0.02901642 0.05919706 0.03934592 0.03028724 0.02158876 0.01895444 0.02035257 0.02201637 0.01786537 0.01427375 0.01239182 0.009971133 0.0213801 0.008190323 0.00884632 0.01013219 0.01212911 0.01673727 0.02338981 0.04546297 0.04905939 0.05235381 0.05581195 0.06146609 0.06499163 0.0695492 0.1322778 0.08746191 0.05734722 0.06680887 0.05702087 0.02544355
0.1763995 0.1395956 0.1032122 0.05262345 0.05458368 0.05668557 0.05212225 0.06434741 0.06248258 0.04454688 0.04825052 0.05940668 0.05470174 0.04751094 0.05676776 0.07384109 0.08186746 0.08125857 0.06748741 0.02920822 0.03075032 0.0357281 0.03750987 0.02665659 0.02541864 0.03533946 0.01969162 0.01129718 0.009885321 0.009354388 0.01204394 0.01743226 0.0148762 0.01248489 0.0111722 0.01355415 0.05623877 0.005764357 0.007065689 0.01070337 0.01328146 0.01914803 0.02739893 0.04695636 0.05456727 0.06043901 0.07191882 0.06741341 0.06514264 0.09372021 0.07624338 0.05866935 0.04721775 0.03370968 0.02830645 0.02375
0.1549781 0.1121209 0.07908944 0.03744539 0.03605359 0.04185594 0.03312268 0.04358453 0.05599437 0.0424528 0.06111494 0.05257573 0.04760999 0.04864534 0.06307257 0.06867775 0.07376122 0.08332843 0.05622929 0.02771471 0.02345696 0.02217148 0.02228901 0.01125449 0.01311416 0.02261934 0.01462162 0.01016269 0.008894621 0.006927518 0.007436183 0.01314416 0.01216798 0.009997826 0.009492786 0.007301134 0.006298573 0.006133653 0.007763821 0.01159764 0.01443737 0.02056923 0.02915013 0.05039478 0.06001159 0.06261595 0.0704181 0.07182333 0.06765252 0.06813546 0.06646666 0.03685484 0.04266129 0.01891129 0.02028226 0.02096774
0.1457326 0.08788288 0.05631621 0.04185051 0.02999092 0.02272834 0.02603732 0.02673344 0.05356151 0.06156898 0.05458634 0.04768492 0.03930663 0.04544501 0.06685875 0.06596413 0.06492311 0.05221267 0.04865513 0.02047155 0.0194151 0.0187664 0.01777517 0.009205515 0.008568185 0.009560397 0.007966515 0.00941148 0.006726108 0.006483422 0.005789255 0.01046841 0.0108703 0.0109861 0.01118927 0.007927842 0.006942892 0.007362962 0.009401241 0.01343924 0.01659067 0.02284042 0.03133888 0.05305413 0.0627437 0.07542672 0.06896564 0.07030549 0.07108284 0.06153735 0.06123742 0.03149194 0.03387097 0.01637097 0.02939516 0.03439517
0.1409969 0.08069889 0.05214998 0.06775615 0.03118218 0.02597946 0.02811096 0.03161913 0.05180379 0.0692071 0.05032168 0.0496698 0.03710206 0.03620604 0.04504044 0.0443147 0.04751958 0.03965405 0.03918318 0.01656867 0.01561267 0.01547126 0.01462686 0.01494247 0.008042629 0.007618282 0.007948659 0.01193839 0.006447631 0.005997216 0.003910213 0.009114605 0.008130592 0.009876482 0.01096878 0.009200618 0.008216581 0.008849982 0.01129388 0.01587024 0.01968882 0.02583398 0.0342625 0.05658167 0.06399313 0.06729169 0.07102504 0.07169799 0.05550829 0.05997427 0.05777438 0.03625 0.02379032 0.02846774 0.04528226 0.02258064
0.0854596 0.04128744 0.008659453 0.01593647 0.01605884 0.01771063 0.02389641 0.03519551 0.04821178 0.06183638 0.03604306 0.02828025 0.02772392 0.02560058 0.02746501 0.02604124 0.02078936 0.0165263 0.01250022 0.01610736 0.01499846 0.01497411 0.01717087 0.009332408 0.006497123 0.006421342 0.00784042 0.0115506 0.01022978 0.007634432 0.008474517 0.005717955 0.006432371 0.008314155 0.008961104 0.0144401 0.01111577 0.01256158 0.01604781 0.02400356 0.0287143 0.03526966 0.04460409 0.0686947 0.07423985 0.0725835 0.07656252 0.01991935 0.02814516 0.02270161 0.01870968 0.04302419 0.03685484 0.04318548 0.05354838 0.03919354
0.05358557 0.03947334 0.008643388 0.005031961 0.006360016 0.0141188 0.02607089 0.0310465 0.04738536 0.04256668 0.03979359 0.02462273 0.01927099 0.02440032 0.02297077 0.01467518 0.01305253 0.008586517 0.007343442 0.01041103 0.01023261 0.009506817 0.009039119 0.005156239 0.003079327 0.003005932 0.008976304 0.006428477 0.00599986 0.005958171 0.0064592 0.004478578 0.005310067 0.007359212 0.008753375 0.0138926 0.01463857 0.0136045 0.01717163 0.02699503 0.03194062 0.03848197 0.04752255 0.06818774 0.07332568 0.07598356 0.07798458 0.01959677 0.01810484 0.01044355 0.02229839 0.02850806 0.03770161 0.04096774 0.05963709 0.04818549
0.03861908 0.04694711 0.0120971 0.01147479 0.01569506 0.006264374 0.009117193 0.01566896 0.01724624 0.02298767 0.03409117 0.02185792 0.0189621 0.01899548 0.02544493 0.008659164 0.008214255 0.006458044 0.006271007 0.00722835 0.007266006 0.006270185 0.00522047 0.001496574 0.001423063 0.001487458 0.001284136 0.005780652 0.004700443 0.004841515 0.005301615 0.003498784 0.004188206 0.00576278 0.007374228 0.009703178 0.01386823 0.01638098 0.02028852 0.02762125 0.03298227 0.0393591 0.04863387 0.06872741 0.07037742 0.07130201 0.06930426 0.02056452 0.02947581 0.02116936 0.03112903 0.04060484 0.05475806 0.03919354 0.04903226 0.04556452
0.03370775 0.02736577 0.01200179 0.01299611 0.01095158 0.006216272 0.008738184 0.01407859 0.01674949 0.01794273 0.01945743 0.0234633 0.02174936 0.01328134 0.02010454 0.0077421 0.005159021 0.00657381 0.006776996 0.01177261 0.005248321 0.004451661 0.004118139 0.0009681935 0.0009892603 0.001414269 0.001148722 0.002167821 0.004206474 0.004412122 0.00625729 0.002799313 0.002998605 0.005622395 0.006331282 0.009053689 0.01007337 0.01570698 0.01635492 0.02725277 0.03225226 0.03787619 0.04598847 0.07435869 0.06524687 0.0725456 0.05104598 0.02431452 0.04100806 0.02024193 0.03306451 0.04205645 0.05733871 0.05842742 0.05572581 0.05927419
0.04048605 0.0367769 0.02067549 0.01642863 0.01473482 0.01884078 0.01624163 0.00588883 0.004790558 0.005897595 0.00436725 0.005913268 0.005580306 0.005709059 0.01188924 0.001079004 0.001157359 0.001144082 0.002042776 0.01225694 0.00494518 0.001413603 0.001282979 0.001781573 0.00168529 0.003788189 0.007779478 0.0006820218 0.000595597 0.0005941892 0.001013021 0.001647641 0.001662684 0.00216299 0.003646965 0.005650927 0.006314053 0.005707599 0.006814408 0.02844479 0.03267786 0.03542786 0.04539329 0.06187673 0.06047866 0.06447721 0.05043417 0.02580645 0.04145161 0.05165323 0.07120968 0.04451613 0.04012097 0.05399194 0.04189516 0.03572581
