contrib/geomasonDemos/riftland/riftlandData/RainData/.svn/text-base/20.txt.svn-base
ncols         56
nrows         54
xllcorner     28.264
yllcorner     -5.7719999999999
cellsize      0.25
NODATA_value  -9999
[rows 0 to 25 of 54, columns 0 to 55 of 56]
0.2894109 0.2818646 0.2536364 0.1957549 0.1972604 0.1734622 0.1448534 0.1850397 0.2368302 0.1815487 0.1628862 0.2631751 0.1938117 0.1578436 0.1372082 0.1464658 0.1180339 0.1106053 0.1324609 0.2034837 0.1658497 0.1571576 0.1868114 0.1780999 0.1540463 0.1443574 0.1872281 0.2237889 0.1987093 0.1846329 0.1768631 0.1940362 0.1975737 0.2116203 0.2044142 0.2065824 0.1920102 0.182942 0.1816607 0.1803215 0.1726498 0.1886452 0.1912836 0.2142479 0.2440519 0.2482235 0.2372377 0.2283123 0.17896 0.1509447 0.1452411 0.08313898 0.07816181 0.07620317 0.07707426 0.01425983
0.330166 0.2839063 0.2512923 0.2046191 0.1741653 0.1862552 0.1853295 0.2152468 0.2572217 0.1730911 0.1924605 0.2674745 0.2028479 0.1628732 0.1840921 0.1470053 0.1127894 0.1106822 0.132356 0.1649931 0.162478 0.1670687 0.1874509 0.1657813 0.1376606 0.1595501 0.1807505 0.2307238 0.2005044 0.1647312 0.1628421 0.1799581 0.1789038 0.170191 0.1866146 0.1798004 0.1575973 0.1654336 0.1672467 0.1705158 0.159805 0.1787765 0.1978586 0.2282252 0.2510288 0.2424023 0.2029479 0.162489 0.1633374 0.1335602 0.1239154 0.0721743 0.07098908 0.06953288 0.07075926 0.01390172
0.3122647 0.2807728 0.2344358 0.2255599 0.1846159 0.1464493 0.1806458 0.242356 0.2373967 0.2269968 0.2368887 0.2798498 0.2498665 0.2415893 0.229303 0.1859959 0.1205739 0.1192873 0.12441 0.1665731 0.1623367 0.2007035 0.1872337 0.1518711 0.1416336 0.1522615 0.162082 0.2005406 0.1794038 0.1599355 0.1384687 0.1501157 0.1672733 0.1607793 0.1578515 0.1650626 0.1601394 0.1546333 0.1620141 0.1724645 0.1611271 0.1771182 0.1959856 0.2058175 0.2128128 0.186997 0.1679379 0.1378651 0.1252558 0.1191952 0.1094627 0.06519198 0.06537501 0.06487008 0.0640275 0.01663429
0.239957 0.2281393 0.2498626 0.2418195 0.1882712 0.1811204 0.2077184 0.2372506 0.2464926 0.1929586 0.1704693 0.257437 0.2358514 0.1926512 0.1539216 0.1679657 0.1404939 0.1539274 0.168159 0.2996603 0.3219949 0.3209173 0.266727 0.2274705 0.2132359 0.2761313 0.2433081 0.2154374 0.1723284 0.1459006 0.1262825 0.1851657 0.1668463 0.168685 0.2008834 0.1998413 0.2025964 0.1820217 0.1975038 0.200637 0.1883231 0.1816035 0.2234077 0.1979883 0.1710159 0.1361533 0.1260899 0.09432632 0.09729671 0.09675711 0.08771613 0.06040548 0.05912307 0.05071319 0.04582902 0.02510213
0.2071346 0.1953477 0.2343775 0.2626094 0.2394657 0.2213838 0.2352991 0.2578531 0.2521157 0.2477003 0.2137195 0.2756857 0.1936891 0.1577782 0.1242785 0.1379789 0.1575614 0.2024111 0.2256922 0.3353911 0.3196418 0.2802562 0.2361871 0.2124197 0.2273281 0.2004956 0.1356803 0.1530904 0.1521738 0.1327031 0.1328029 0.1730727 0.1630154 0.1749823 0.1797524 0.1648011 0.1526786 0.160726 0.1611046 0.1521081 0.1686682 0.1586808 0.1869987 0.1496445 0.1177761 0.1047937 0.1071081 0.08324218 0.08538078 0.08489875 0.08000396 0.05002024 0.0484584 0.04172195 0.03612658 0.01843384
0.1964579 0.2472301 0.2430049 0.2547297 0.2281979 0.1825255 0.2625012 0.2665908 0.2505879 0.2548143 0.2614584 0.3251349 0.2190185 0.1523765 0.1427073 0.1793747 0.1354265 0.1559726 0.2250034 0.2934795 0.3054623 0.26761 0.2293917 0.1947116 0.1924797 0.1589645 0.1216244 0.1402429 0.1360073 0.1514711 0.1262362 0.1492073 0.1482486 0.1595836 0.1556595 0.1429152 0.1399366 0.1345592 0.1266891 0.1256244 0.1428565 0.1645996 0.1423351 0.1082579 0.09671166 0.08798846 0.08644596 0.07431006 0.07599566 0.07583647 0.07159749 0.04170937 0.03972242 0.03619784 0.03083221 0.01510518
0.2037651 0.2277288 0.2378714 0.244427 0.2540404 0.1770928 0.1913455 0.2779308 0.222773 0.2201404 0.2634287 0.2691259 0.2449278 0.1536755 0.1252541 0.1428743 0.1299495 0.149856 0.2163011 0.2589648 0.2873544 0.2228634 0.2224849 0.217052 0.1889108 0.1281085 0.1026002 0.1303621 0.1205463 0.1561918 0.134321 0.144048 0.1313918 0.1499701 0.1289343 0.1219226 0.1159057 0.1044404 0.1316974 0.1270882 0.1290471 0.1500377 0.1350313 0.09671678 0.07686912 0.07207748 0.07340633 0.06338648 0.06585902 0.06526475 0.06707462 0.0356581 0.03405169 0.03087858 0.02619762 0.0128452
0.178933 0.1601387 0.1800589 0.2044424 0.3171687 0.2031513 0.152054 0.1576448 0.1629732 0.1827487 0.2038539 0.2391803 0.1861687 0.1095948 0.1172578 0.181346 0.1620569 0.1510122 0.1513022 0.242415 0.2516918 0.2155347 0.2166276 0.1828782 0.1449032 0.09577632 0.1017078 0.1575359 0.1533931 0.1473028 0.155648 0.1525695 0.1441887 0.1266251 0.09614233 0.09853868 0.1100563 0.06878454 0.1015005 0.08005353 0.08283357 0.06574783 0.07430068 0.04287843 0.03096828 0.03279474 0.0357758 0.02662104 0.02803178 0.02827595 0.02732817 0.005047991 0.004805463 0.004391421 0.003653854 0.01096162
0.1521447 0.1535756 0.1801712 0.1899257 0.3171612 0.3088319 0.1512633 0.1768081 0.1555816 0.1135878 0.1403901 0.1645004 0.1659688 0.1212839 0.1169615 0.197999 0.1846675 0.1770745 0.1696077 0.1758486 0.2047208 0.1570377 0.1646167 0.1707553 0.1054187 0.08067065 0.08094287 0.1235526 0.1377511 0.1436028 0.1340338 0.1234168 0.1365464 0.1194841 0.08345516 0.07619242 0.06306832 0.05449118 0.05526851 0.04991005 0.04499771 0.04258005 0.04426101 0.02585741 0.02292703 0.0251249 0.0281397 0.01916766 0.02062151 0.0211328 0.0206058 0.003841662 0.003735702 0.003433487 0.002868734 0.008499857
0.1226242 0.150055 0.1383491 0.1624153 0.1751868 0.1554897 0.1553199 0.2122482 0.1844229 0.1254807 0.09280477 0.1301041 0.1112749 0.09644612 0.1391984 0.2091819 0.1812714 0.1694613 0.1259888 0.1518499 0.1340674 0.1303917 0.1366909 0.1183165 0.08396487 0.07005135 0.06436799 0.1058811 0.1055425 0.1020173 0.1006248 0.1012404 0.1008667 0.09493806 0.07793783 0.0495911 0.04640253 0.05495153 0.0519654 0.04416518 0.03880412 0.03109468 0.03130231 0.01781013 0.01808544 0.01883545 0.02161715 0.01363594 0.01510882 0.01569912 0.01553061 0.002989938 0.002901907 0.002699998 0.0022743 0.006657887
0.2157117 0.1755075 0.1036782 0.125214 0.1221168 0.1162588 0.1408668 0.1542368 0.1437812 0.1555698 0.08470546 0.1304832 0.1095532 0.1231019 0.118871 0.1645201 0.1379349 0.1049002 0.1154078 0.1284439 0.09925027 0.1075523 0.1188025 0.08846649 0.06457023 0.05791656 0.05928393 0.0784611 0.07568786 0.08047535 0.0762727 0.07520364 0.07937378 0.06643033 0.05668396 0.03674831 0.0497367 0.04189379 0.04206999 0.02829347 0.02431558 0.02538403 0.02319441 0.01337458 0.01378555 0.01533476 0.01808969 0.01021547 0.0114423 0.01201622 0.01201497 0.002413143 0.002359542 0.002262348 0.001852979 0.005430974
0.1412928 0.1412726 0.1454126 0.1758839 0.195654 0.1675144 0.2082812 0.2386387 0.2238096 0.2052901 0.1643908 0.1727613 0.1240114 0.1154618 0.1235133 0.09682474 0.07866868 0.07800084 0.07041977 0.07561214 0.07149773 0.05901258 0.06808706 0.04972214 0.04435849 0.03251086 0.02324774 0.0249531 0.02758365 0.02346728 0.02073234 0.0244013 0.02896966 0.0303385 0.02302124 0.0311701 0.02892888 0.03356923 0.03618291 0.01740904 0.02046498 0.01058039 0.009261372 0.002087593 0.001656162 0.001540931 0.001819685 0.004612504 0.00522663 0.0054871 0.005450095 0.00112055 0.001113335 0.001020932 0.0008808961 0.004248684
0.1391867 0.1241158 0.1208939 0.2603994 0.1415168 0.1331684 0.1792684 0.2110331 0.1770999 0.135687 0.1115401 0.1090126 0.07993899 0.06883484 0.07402931 0.1018047 0.07908371 0.06792869 0.05575181 0.1038096 0.1508869 0.08614454 0.08003726 0.06596279 0.03996076 0.02741059 0.01867779 0.01175094 0.01481259 0.0147117 0.01302834 0.01768738 0.01536831 0.01178264 0.01595348 0.02440479 0.02457779 0.02562 0.02929183 0.01809062 0.008718144 0.007792627 0.006271751 0.001197195 0.0008367675 0.0007486538 0.001118398 0.002541203 0.002947102 0.003194253 0.003301446 0.000722545 0.000731384 0.0006892657 0.0006080464 0.002941427
0.1640478 0.112767 0.1253721 0.2373806 0.2330231 0.1876726 0.1724354 0.1940302 0.1657519 0.09986196 0.08945346 0.09193925 0.06702358 0.07112731 0.0783426 0.1324208 0.1082752 0.06723927 0.06941539 0.08267032 0.1550878 0.1132172 0.09743263 0.08430691 0.03614363 0.02505604 0.01553321 0.006073443 0.004882573 0.00628561 0.006160812 0.007424935 0.007388693 0.00814891 0.01293074 0.02564641 0.01716762 0.01828587 0.02027008 0.01289 0.006945105 0.006268948 0.004675337 0.0007667899 0.0004820617 0.0005763265 0.002479613 0.001473508 0.001744107 0.001953227 0.002088737 0.0004863875 0.0005104381 0.0004941772 0.0004428593 0.002236965
0.1514902 0.148705 0.1589283 0.2881482 0.2882016 0.373614 0.2358502 0.2558203 0.1779941 0.1039915 0.08693344 0.1184556 0.09175146 0.11299 0.09899142 0.1427481 0.1169731 0.08102071 0.09498637 0.08762255 0.09079135 0.07898602 0.07702345 0.05845309 0.03901295 0.01972434 0.01241311 0.003762106 0.002576651 0.003416815 0.002524602 0.005233513 0.007674145 0.006496247 0.01314596 0.01501605 0.01653646 0.01522122 0.01623472 0.01548754 0.006200862 0.005988236 0.005035485 0.0008134109 0.0007671895 0.002456353 0.002984534 0.001544245 0.001737458 0.001875668 0.001967923 0.0004536579 0.0004714998 0.0004548836 0.0004075396 0.002188576
0.2066652 0.1688901 0.1945818 0.2907476 0.3112496 0.2708263 0.2214776 0.2035112 0.1855398 0.1416435 0.1534441 0.1706884 0.1290761 0.1385083 0.1417907 0.13374 0.1706738 0.0792507 0.1120746 0.1166487 0.1171094 0.07177143 0.058211 0.03940285 0.02609282 0.01494418 0.01143678 0.00665895 0.003997678 0.003402805 0.001262777 0.003726546 0.004526735 0.005961518 0.006512427 0.005937825 0.00608443 0.006487755 0.006837859 0.00633484 0.004377256 0.006305923 0.006505213 0.007213868 0.008722627 0.01093689 0.01395954 0.0004139384 0.00422179 0.001728319 0.003253303 0.0003024106 0.0003036915 0.0002954282 0.01031454 0.01878394
0.1949532 0.1888678 0.2417986 0.303319 0.2517558 0.2054872 0.2047712 0.2008697 0.2428535 0.1504076 0.1590331 0.2010135 0.1317316 0.1345061 0.1436176 0.135824 0.1118357 0.1157246 0.08474564 0.1061146 0.1113306 0.0893782 0.05486273 0.03599659 0.02300064 0.01536808 0.01175505 0.006140704 0.003548484 0.002457814 0.002412162 0.003226249 0.003243673 0.004668327 0.004575736 0.004049489 0.005900549 0.004687535 0.005360037 0.00394253 0.004003737 0.005952649 0.006619949 0.006280392 0.008086572 0.01022759 0.01308256 0.004245826 0.0004336362 0.0004379156 0.0004426092 0.0002785967 0.0002771726 0.0002649496 0.004315679 0.006269462
0.2300097 0.2229182 0.2918558 0.3899817 0.2616682 0.2799795 0.262749 0.2613029 0.1636207 0.1377775 0.1134996 0.2792823 0.1429013 0.1511151 0.1472977 0.1400598 0.13903 0.1131381 0.09755246 0.1551315 0.1208194 0.09492075 0.08393885 0.05338581 0.03213843 0.01849361 0.01388167 0.006301906 0.00487865 0.003659709 0.003290173 0.003496922 0.003972174 0.004809417 0.004458216 0.003477545 0.003526392 0.004127988 0.004565736 0.003772354 0.004161234 0.006105866 0.006988304 0.005724972 0.007482264 0.009632894 0.0124138 0.0004637841 0.0004528367 0.0004505561 0.0004487702 0.0002792223 0.0002772335 0.001260171 0.002192811 0.003087065
0.3240176 0.2628695 0.2361653 0.310888 0.2742512 0.276342 0.2762151 0.2810097 0.175413 0.1581555 0.1207817 0.1711707 0.1719011 0.179164 0.2076319 0.180527 0.1600426 0.1198696 0.1454437 0.2192582 0.1491409 0.1400095 0.1100124 0.06271277 0.04552803 0.03235811 0.02197474 0.007891782 0.006599213 0.005478994 0.004858852 0.005350859 0.004695435 0.005993385 0.00458994 0.004086873 0.003834506 0.004033024 0.004542917 0.004065152 0.005025861 0.006737939 0.007486247 0.005408594 0.007183192 0.009409809 0.01100344 0.000506109 0.0004965511 0.0004928606 0.0009973964 0.001735079 0.002378851 0.003068443 0.003494502 0.003861212
0.2829241 0.2301358 0.2344964 0.2618066 0.2587312 0.2461104 0.2731914 0.1998535 0.1429498 0.139511 0.1740035 0.1923229 0.177667 0.1725805 0.2162055 0.1989508 0.1567268 0.1618462 0.1653945 0.1692016 0.187151 0.1669424 0.1550373 0.08828561 0.06163287 0.06104418 0.04118738 0.02412609 0.01959575 0.01715857 0.01604853 0.01762354 0.0155604 0.01328937 0.01229832 0.005226074 0.005653492 0.006022882 0.00645869 0.005562445 0.005590836 0.005533168 0.005339846 0.006686309 0.006331331 0.006509893 0.006585387 0.003555445 0.004220691 0.004686662 0.005091818 0.005543917 0.005730649 0.005820705 0.005723313 0.005162569
0.2428958 0.2428284 0.2161597 0.199379 0.2389073 0.211877 0.2425727 0.1873078 0.1613046 0.1285719 0.1731727 0.1991781 0.162545 0.1485306 0.168927 0.1988251 0.1552793 0.1493547 0.142684 0.1711361 0.1593982 0.1423647 0.1416132 0.1043113 0.07747872 0.0692246 0.05272951 0.02841008 0.02408316 0.0211084 0.0194381 0.01986122 0.01697174 0.01434428 0.01222552 0.005834143 0.006217873 0.006423315 0.006833617 0.005547594 0.005519031 0.005420472 0.005259627 0.005791632 0.005639349 0.00554928 0.00629486 0.005399996 0.005997925 0.00628267 0.006540675 0.006802954 0.006856949 0.007530069 0.006640409 0.005587546
0.2426187 0.2989257 0.2317106 0.1744807 0.1617202 0.1423848 0.1695707 0.1527826 0.1184224 0.1229195 0.1274146 0.1727651 0.1332209 0.1208516 0.1240628 0.1825374 0.1765471 0.1448597 0.1356632 0.2073983 0.1748904 0.1612368 0.1531571 0.1531533 0.1387247 0.09703331 0.06293087 0.04364568 0.03270002 0.02664972 0.02483689 0.02429347 0.02009632 0.01670661 0.01452334 0.006959313 0.005982109 0.006446887 0.006942017 0.005387374 0.005386075 0.005188241 0.004994703 0.005080751 0.005543966 0.00598501 0.007816172 0.008081334 0.007502085 0.007657359 0.00824325 0.007934883 0.007953863 0.007824177 0.007458996 0.006115496
0.2566814 0.2445268 0.2140878 0.2052664 0.1492954 0.1298407 0.1267788 0.1517071 0.1163137 0.120479 0.1087545 0.1725642 0.1266165 0.1093088 0.1228411 0.1888041 0.1787597 0.1605765 0.1651209 0.2285508 0.1844993 0.1536281 0.1879088 0.2191391 0.1652576 0.1099436 0.08374065 0.0584384 0.04112003 0.03941293 0.03087005 0.03055031 0.0249766 0.02162294 0.01886394 0.008752272 0.006854104 0.005971349 0.00688477 0.005739446 0.005633542 0.005043554 0.005512284 0.006439474 0.006734444 0.006966555 0.007675688 0.008007058 0.008270881 0.008716387 0.009462015 0.01803584 0.008338333 0.00813841 0.007780759 0.00613828
0.2826031 0.2173362 0.2438607 0.212442 0.1618839 0.1229428 0.1107299 0.1132943 0.1126011 0.1113845 0.09401973 0.1073399 0.09747188 0.1007183 0.09955192 0.1315517 0.1285134 0.134033 0.1432308 0.2403276 0.210861 0.2044174 0.2229969 0.243139 0.2672253 0.1784848 0.1175154 0.07969808 0.06188457 0.04273295 0.03892284 0.04256612 0.03607922 0.0317658 0.02980324 0.02085661 0.01526677 0.01247003 0.01239975 0.009570413 0.008687995 0.008318349 0.008923888 0.008469909 0.009090895 0.009251255 0.009926946 0.01350466 0.01426045 0.01572904 0.01713905 0.01402046 0.01371423 0.013824 0.01244655 0.02326064
0.2637641 0.1987373 0.2013142 0.1839452 0.178444 0.1462957 0.1034674 0.1091548 0.1028886 0.0868879 0.09814286 0.1013391 0.1003573 0.1070546 0.1010895 0.131566 0.1221594 0.129641 0.1265145 0.2346972 0.1981217 0.1836634 0.1686232 0.1889187 0.1803522 0.1820977 0.1359945 0.08288348 0.08020828 0.06940663 0.0506722 0.06635208 0.04733821 0.04187984 0.04015755 0.02381957 0.01606289 0.01383895 0.01324236 0.009942885 0.008778597 0.00920222 0.009778476 0.009835901 0.01021231 0.01049029 0.01114307 0.01416652 0.01471671 0.01501625 0.01627615 0.02255191 0.02061876 0.01422631 0.01311664 0.02260576
0.2618594 0.2194805 0.1978352 0.1889968 0.1805573 0.1615953 0.1227166 0.1323031 0.1105356 0.09772027 0.09986006 0.1137302 0.1233098 0.1274028 0.1087077 0.1260665 0.1387543 0.1387733 0.1336737 0.2044059 0.1985177 0.1688209 0.17022 0.1652178 0.2073783 0.2043874 0.1624607 0.1346256 0.1266158 0.09789157 0.07857141 0.07573653 0.05856635 0.05511701 0.04927121 0.03204149 0.01696202 0.01455779 0.01374023 0.01013479 0.008798367 0.009770981 0.01063224 0.01087679 0.01110268 0.01126687 0.01480596 0.01541417 0.01458631 0.01517901 0.01651355 0.01444711 0.01405126 0.01443797 0.01711253 0.02207875
