contrib/geomasonDemos/riftland/riftlandData/RainData/.svn/text-base/24.txt.svn-base
ncols         56
nrows         54
xllcorner     28.264
yllcorner     -5.7719999999999
cellsize      0.25
NODATA_value  -9999
[rows 0 to 26 of 54, columns 0 to 55 of 56]
0 0.0002117489 0 0.0002306615 0.0004613629 0.0002536965 0.0002537333 0.0005843487 0.000368979 0.0003459616 0.0002152641 0.000923174 0.0007301631 0.0007297238 0.001114549 0.001034231 0.0009490172 0.0009490172 0.0009491596 0.00753458 0.006989724 0.006746138 0.005211351 0.005629729 0.005503937 0.008238996 0.01417882 0.01625649 0.0207399 0.02017502 0.01898795 0.00957108 0.004679825 0.004269403 0.002885135 0.0004693247 5.027833e-005 7.983848e-005 4.987199e-005 0.001816662 0.001974527 0.002213818 0.001624298 0.003393421 0.0047488 0.004098664 0.00469551 0.002533145 0.001022195 0.0003710969 0.0007815114 0.0001055302 0.0007436658 0.00448721 0.006731318 0.008459328
0 0.0001966954 0.0002951393 0.000854099 0.0006693081 0.0002537333 0.0003381433 0.0006381174 0.0004228156 0.0004767289 0.0003460118 0.0009150854 0.0007300543 0.0007299448 0.0007301631 0.0009339406 0 0.0008720568 0.002704815 0.005224834 0.006335873 0.00722137 0.006181868 0.01257222 0.01196881 0.01643321 0.01706811 0.0152448 0.01644465 0.01371143 0.01687199 0.01050789 0.005796134 0.005164047 0.008604141 0.002844571 0.001454489 0.002982592 0.0009359269 0.002156007 0.002686914 0.009248646 0.001907216 0.005285568 0.00480759 0.007123758 0.005173758 0.002727997 0.001151445 0.0004257771 0.0006226734 0.001027136 0.005024877 0.005794896 0.008009176 0.009584494
0 0.0003253622 0.0007954533 0.001108604 0.0006001098 0.0002537333 0.0003381932 0.0007687021 0.000553505 0.0005534235 0.0004227536 0.001862915 0.0008222967 0.0007300543 0.0008072756 0.0009495816 0 0.001103975 0.003837149 0.01068655 0.0134911 0.01007927 0.009157728 0.008710804 0.008474482 0.008999415 0.01695374 0.02583811 0.0192697 0.0133267 0.01101013 0.008793395 0.008596616 0.00907779 0.009639453 0.0005759678 0.002911557 0.003763426 0.003953601 0.006743722 0.01241646 0.0123198 0.009923711 0.01231988 0.01108415 0.005289328 0.01068997 0.003035844 0.001290011 0.0004874166 0.0005612082 0.006860421 0.003604966 0.006894598 0.009068346 0.04770268
0 4.60966e-005 0.0002459788 0.0007658199 0.0003202978 0 0 0.0002731603 0 0.0001560859 0 0.0001873204 6.242048e-005 0 0.00059344 0.0008115511 0.005597003 0.005123605 0.003084182 0.008949567 0.0142334 0.01056334 0.008720382 0.02438989 0.02400149 0.02392142 0.03149972 0.0322022 0.0256084 0.02238868 0.01560319 0.03316577 0.03620463 0.04466935 0.06304096 0.02433024 0.02243748 0.01268226 0.005773373 0.02562137 0.02778406 0.03597427 0.03966445 0.01328044 0.01617977 0.01679744 0.04266193 0.001106177 0.009683086 0.0003812702 0.0003978148 0.001394283 0.004463265 0.007693896 0.009781276 0.05070545
0 7.68199e-005 3.842007e-005 0.0004452843 0 0 0 0 0.0004839726 0 0 6.242693e-005 7.803146e-006 0 0.001742206 0.001491982 0.005084469 0.003417825 0.002219035 0.003370558 0.008141823 0.006205596 0.01162608 0.02376823 0.02921006 0.02905728 0.03433273 0.03230939 0.02070177 0.01904234 0.01648748 0.03730991 0.04043319 0.04829442 0.05897014 0.02577052 0.01919964 0.008559123 0.0119764 0.03480653 0.03023239 0.03248688 0.0349365 0.01211145 0.01548994 0.03703042 0.03938437 0.002614137 0.0004275407 0.0004406876 0.0004626274 0.002093364 0.004994069 0.008105712 0.01022181 0.01181441
0 6.91369e-005 0.0003150828 0.001226711 7.810585e-005 0 0 0 0.0001795196 0 0.0002341883 0.0002263378 1.560583e-005 0.000148275 0.0002653659 0.002142989 0.003975234 0.004413089 0.003144349 0.007390817 0.005600608 0.008197851 0.01933648 0.02881327 0.02547891 0.02755338 0.03250729 0.02740192 0.02217566 0.02141982 0.01792517 0.04294794 0.04331888 0.05428717 0.0583307 0.02423998 0.01974971 0.01354473 0.008352094 0.03276534 0.03659948 0.04188284 0.04152431 0.02054348 0.01741644 0.01904029 0.01115541 0.001362256 0.001546869 0.001707964 0.001911625 0.003327692 0.005996216 0.008920087 0.01106647 0.01277429
0.0005610784 0.0004609741 0.0004611104 0.001993796 0.0003046035 0.0002498703 0.0009059137 0.0003669303 0 0 0.0006559183 0.0006559669 0.001648283 0.001140257 0.001781369 0.005055493 0.003480189 0.001764082 0.002917107 0.009139046 0.00902726 0.009584782 0.01834934 0.02729791 0.02853397 0.02821111 0.02768199 0.02732938 0.03002093 0.03869722 0.02040001 0.04862772 0.0473614 0.1066239 0.06600865 0.03778728 0.02375533 0.01567227 0.02545777 0.04373161 0.04036507 0.04557497 0.05929161 0.0249285 0.03041962 0.02037502 0.01320184 0.001501654 0.001688107 0.001850335 0.002214766 0.004652186 0.02711397 0.03169256 0.01159706 0.01329211
0.002431277 0.00254827 0.002893515 0.002875323 0.00120737 0.001170256 0.001949195 0.0005899235 0.0001531807 0.0003428514 0.00121965 0.00401127 0.004003864 0.003571186 0.004623467 0.001877579 0.001120809 0.0007942928 0.002730109 0.01101455 0.007102758 0.007550374 0.01288363 0.01332312 0.008776424 0.01354856 0.009001594 0.03532336 0.03867484 0.02998905 0.02087533 0.04994125 0.06827578 0.1268105 0.07718132 0.08550006 0.04012887 0.03955908 0.1002495 0.02290664 0.01780504 0.009548175 0.007566121 0.005614067 0.002248269 0.002387267 0.001661648 0.0007060047 0.0007202225 0.0007380875 0.005366186 0.01049128 0.01252821 0.01508356 0.01742454 0.01373588
0.002149787 0.002517876 0.002650449 0.00378343 0.003113235 0.002301166 0.002919119 1.063428e-005 0.0002762998 0.0005248833 0.001147356 0.007497694 0.006125893 0.002553203 0.001452986 0.0003409893 0.0009495371 0.002254798 0.00430744 0.01286389 0.005949134 0.005575108 0.004417274 0.005832326 0.006340796 0.007112048 0.00926507 0.03036877 0.02854244 0.03172929 0.03459259 0.0639231 0.08062458 0.137488 0.09154771 0.1278136 0.0771969 0.08869969 0.09241519 0.02294051 0.01494351 0.01140813 0.003825041 0.004454484 0.002433862 0.002569337 0.001802443 0.0008051528 0.001860428 0.004281763 0.009056224 0.01306438 0.0147887 0.017462 0.0267146 0.01396857
0.003726567 0.005169887 0.006007842 0.009750414 0.006682044 0.004635723 0.005740415 0.00114583 0.0005640955 6.850986e-005 0.001038336 0.002814024 0.002366699 0.001161029 0.0007056959 0.0007648867 0.0006099721 0.002154737 0.002995037 0.004751958 0.004009704 0.002436392 0.003855388 0.006735711 0.009039695 0.005462263 0.007016734 0.03288055 0.03151077 0.04108328 0.04771735 0.09368239 0.1157797 0.1381565 0.110423 0.1409178 0.1022406 0.1049839 0.08642133 0.03755024 0.01758713 0.01196908 0.004763514 0.004740398 0.005661588 0.002712072 0.001908602 0.003595943 0.005171259 0.00635045 0.01345117 0.00934634 0.01657619 0.01906748 0.02194221 0.01253399
0.005806941 0.009163321 0.01743639 0.01615534 0.01239072 0.0126995 0.009102818 0.003662621 0.002860905 0.0002249732 0.0009674592 0.00137025 0.001829773 0.002423748 0.002339219 0.002417662 0.001654959 0.001962444 0.001929491 0.002375844 0.002382496 0.00274539 0.003441701 0.007022383 0.007536945 0.004256184 0.007946174 0.03669978 0.04396159 0.04275459 0.0335642 0.06699406 0.1007601 0.1185691 0.07891089 0.1083972 0.1156682 0.07335868 0.07743607 0.02484012 0.01866599 0.01474441 0.005053822 0.005018322 0.005860289 0.02440007 0.003079557 0.005342589 0.01092871 0.0131666 0.01653457 0.0103548 0.0114971 0.02191991 0.023896 0.01102827
0.02371871 0.03742477 0.03141471 0.01015416 0.01742298 0.05144724 0.01292892 0.01327939 0.01228911 0.007506069 0.004025479 0.005716576 0.004618275 0.006563861 0.006288323 0.006925016 0.009660746 0.008155817 0.002552331 0.001748316 0.01285916 0.0163017 0.0008982632 0.003217593 0.003666731 0.004344079 0.004330473 0.0108965 0.01714166 0.03324376 0.0261768 0.0475553 0.03472852 0.05316113 0.04528673 0.06720181 0.06570647 0.05605246 0.03474832 0.01512608 0.01414719 0.01426155 0.01357497 0.01374668 0.01560802 0.03352612 0.02070442 0.02393768 0.02881831 0.02589385 0.03867854 0.003534225 0.004726838 0.006414556 0.007903993 0.009043484
0.04732294 0.03189325 0.02741797 0.01673084 0.0184991 0.01482293 0.01707006 0.03762014 0.02780358 0.02068411 0.009044277 0.008560078 0.005092057 0.00307546 0.00512105 0.01331658 0.0125407 0.01027611 0.008081619 0.00727283 0.01834588 0.0314545 0.007003011 0.003302644 0.004569049 0.004443104 0.006263614 0.01924417 0.01684521 0.03236422 0.02966395 0.04468345 0.04545679 0.07853668 0.06836089 0.06336127 0.05198669 0.03363574 0.005818464 0.02866885 0.01396615 0.01412497 0.01383469 0.01513097 0.01643891 0.02696416 0.02147572 0.02846899 0.03050114 0.04328866 0.03205519 0.00217205 0.002451958 0.02275348 0.004739076 0.008910226
0.02598548 0.02443237 0.03013383 0.03862255 0.0207527 0.01332003 0.01847938 0.03528807 0.0417246 0.01576084 0.01230044 0.01268526 0.009249763 0.01165684 0.0203836 0.03580053 0.01495866 0.01414181 0.004665013 0.01521277 0.009073732 0.01459951 0.0006229977 0.003786165 0.004765495 0.00537473 0.005624706 0.01935287 0.02108455 0.03660309 0.0332533 0.04710349 0.06030243 0.07117784 0.06826617 0.08482285 0.078359 0.04862474 0.04187265 0.0163782 0.0143014 0.0164902 0.0142998 0.01664422 0.01734412 0.02046276 0.02573535 0.03471911 0.03716037 0.03887447 0.04039124 0.02266988 0.02755489 0.001926863 0.002593854 0.002915781
0.03235112 0.02682517 0.0309841 0.022229 0.02101745 0.01290003 0.01949852 0.03287139 0.0300468 0.02328067 0.02161381 0.02059472 0.01666179 0.01524668 0.01890617 0.03811794 0.01208954 0.01046124 0.01599973 0.03813565 0.0145438 0.003744467 0.0006993296 0.005721797 0.005456434 0.005976892 0.006682264 0.02512871 0.02873373 0.03517326 0.04224573 0.05375102 0.07661847 0.07979479 0.05692874 0.0781903 0.105796 0.06393403 0.04754715 0.0395088 0.01484674 0.01478384 0.01476831 0.01738526 0.04072142 0.0480232 0.02785916 0.04518728 0.04834816 0.04814518 0.04982089 0.02683629 0.04531861 0.001639474 0.001800641 0.001841277
0.02861122 0.0362478 0.02323925 0.01889366 0.01343846 0.01870279 0.0161494 0.01520017 0.01560502 0.008191296 0.008302616 0.009890608 0.01003037 0.01152671 0.0132713 0.01253975 0.01467705 0.01209742 0.02038442 0.009683282 0.006120773 0.0005892476 0.0006647548 0.007588025 0.00899577 0.01099551 0.01262251 0.02007213 0.01977339 0.02010218 0.02166153 0.01894031 0.01582272 0.01441969 0.01610159 0.03139846 0.06546781 0.03842584 0.04628704 0.05193499 0.03573755 0.04178539 0.03654891 0.06060201 0.041811 0.03757866 0.03472195 0.06870879 0.05570003 0.06389459 0.07230894 0.01688947 0.06388425 0.01645987 0.01649872 0.0344737
0.04748249 0.04116285 0.04288558 0.02722041 0.02626343 0.02805535 0.02214107 0.02629583 0.01617063 0.007581649 0.009477453 0.01492598 0.01716296 0.01240827 0.01472216 0.01735432 0.01062914 0.01129077 0.009659244 0.008953529 0.005314398 0.00176675 0.0007302978 0.009576215 0.0107952 0.01280237 0.01514982 0.01823376 0.01782914 0.01779864 0.01927077 0.01795813 0.02711074 0.01520521 0.0170607 0.0333785 0.03698825 0.04144038 0.0472826 0.04602864 0.06369454 0.05729985 0.04010687 0.05137232 0.04225217 0.02260242 0.02936676 0.04173003 0.04727943 0.05379785 0.06083719 0.0186293 0.1035937 0.0288488 0.04138677 0.04248822
0.06682307 0.05713412 0.05162467 0.04235004 0.0373865 0.03369875 0.0352331 0.03259498 0.02431246 0.02100284 0.0224943 0.02511823 0.0202361 0.02384736 0.02046534 0.02299741 0.02049051 0.0160735 0.01388089 0.01629554 0.002071507 0.002754214 0.0009780823 0.01164647 0.01285995 0.01703318 0.01821413 0.01851765 0.01842726 0.01843313 0.01950749 0.01747995 0.01661632 0.01845841 0.02054552 0.03541938 0.03950298 0.04479299 0.05003325 0.05589923 0.06026942 0.04510773 0.06615375 0.03228995 0.0333031 0.0225923 0.02312889 0.03736537 0.04279073 0.04806931 0.05386203 0.01813259 0.1020137 0.1166647 0.05595915 0.07787142
0.06969911 0.05226107 0.02866054 0.0302356 0.03630846 0.03492233 0.04810375 0.05652569 0.04353874 0.03198386 0.02972794 0.02300884 0.0314758 0.05430991 0.04274078 0.03510343 0.02761311 0.03442492 0.01847161 0.00953063 0.006719574 0.003615705 0.004671482 0.01507031 0.01949662 0.02241871 0.02257361 0.01876289 0.01807158 0.008279268 0.00955007 0.0184246 0.01870586 0.02077292 0.02306456 0.03927112 0.04310348 0.04764039 0.05486 0.06807987 0.06179746 0.06029397 0.05645123 0.03268865 0.03020292 0.02534331 0.03126594 0.06626195 0.07109938 0.04264649 0.04666786 0.0206742 0.03273539 0.08529412 0.05668622 0.1213077
0.04494057 0.03825495 0.02540073 0.01799393 0.01614731 0.02267616 0.04624761 0.05261888 0.04587188 0.03996321 0.04519936 0.06615334 0.06181298 0.06063942 0.05295872 0.04151963 0.01917298 0.01879159 0.02684911 0.02542395 0.03888359 0.03135893 0.03277101 0.02333006 0.02342926 0.02438409 0.0274947 0.02178609 0.008489571 0.009407516 0.01119054 0.01648834 0.01887543 0.02127287 0.02384892 0.02280683 0.02454087 0.02616412 0.03091456 0.06057317 0.06673892 0.07425582 0.08634752 0.04691496 0.04296608 0.04003666 0.04743625 0.04254636 0.04111258 0.0417627 0.04281927 0.03021389 0.04091214 0.05697392 0.03540269 0.04567918
0.03257377 0.03158539 0.03848544 0.02896257 0.02896229 0.03661631 0.03978559 0.03387304 0.03088816 0.03010126 0.03076936 0.04859013 0.05467464 0.04276688 0.04367109 0.02453236 0.01773829 0.01874982 0.01918558 0.03792149 0.03264771 0.04544115 0.04158408 0.03174003 0.02457242 0.02605763 0.01913094 0.0111242 0.02280827 0.01093565 0.01220532 0.01792064 0.02036039 0.02291156 0.02563091 0.02632288 0.02923029 0.03335482 0.03122934 0.05832699 0.08218034 0.07271171 0.08516766 0.05532149 0.0466118 0.04441341 0.04483508 0.04120308 0.04520059 0.05369311 0.04623662 0.03383554 0.04220849 0.05697514 0.04825901 0.06979195
0.03949926 0.04261949 0.04102109 0.03982987 0.03057877 0.02978404 0.05625514 0.03677875 0.02653726 0.02284549 0.03383011 0.03474579 0.02760234 0.0275295 0.02544012 0.0268236 0.03689434 0.05079941 0.0459061 0.05215278 0.05338597 0.06116726 0.05496422 0.05508117 0.06198701 0.02366447 0.02172151 0.01274497 0.01108235 0.01197671 0.01427856 0.02113908 0.0241099 0.02714344 0.03021849 0.02988716 0.03208901 0.03394846 0.03302546 0.06020834 0.0804287 0.08482627 0.07785223 0.06376412 0.05380408 0.06360325 0.05213681 0.04687943 0.05125104 0.05463868 0.04905434 0.05003481 0.05091484 0.04914693 0.07887147 0.07612537
0.07210214 0.0592879 0.04438774 0.03349407 0.0406782 0.05145771 0.07024939 0.04161898 0.0327167 0.0290179 0.03555318 0.04942264 0.02905425 0.02590785 0.02758984 0.02951624 0.02465381 0.04588415 0.0357798 0.07436986 0.0808506 0.06766755 0.07325041 0.03983373 0.03902541 0.02840002 0.02692587 0.01609022 0.01731407 0.01845432 0.01746549 0.02621814 0.03011367 0.03392733 0.03885131 0.03554578 0.03794507 0.03891215 0.1167475 0.1172103 0.06636988 0.07788514 0.07656299 0.06300601 0.05712896 0.05226484 0.04967812 0.04785305 0.04997255 0.05916861 0.0707907 0.07188197 0.07873806 0.05739647 0.1098892 0.09882841
0.09641115 0.06719819 0.06111615 0.05046399 0.06133572 0.06663364 0.05116995 0.04972747 0.05188329 0.04583511 0.04521318 0.04983652 0.04374016 0.0466086 0.0432516 0.03553883 0.03937599 0.0439062 0.03745963 0.05493001 0.0443804 0.04551034 0.06973731 0.05226411 0.02652897 0.0245907 0.02440239 0.01939365 0.02133353 0.01254047 0.0153555 0.0349884 0.04047247 0.04558346 0.05040023 0.04755938 0.05169771 0.08121053 0.07953631 0.05352221 0.05232788 0.05103557 0.05010039 0.04462275 0.05316726 0.06644566 0.08791296 0.09358656 0.1114058 0.1225154 0.1458659 0.1101665 0.08706107 0.09009862 0.1450776 0.1521237
0.07397208 0.06221811 0.05421495 0.04286952 0.05898454 0.05526583 0.03984253 0.04182229 0.05777103 0.04288663 0.04245972 0.04940854 0.04972507 0.05628752 0.04290027 0.03902335 0.03714915 0.03801159 0.03722668 0.05186477 0.0524921 0.04334758 0.04988811 0.03814285 0.03009001 0.02437939 0.02243659 0.02077152 0.02213988 0.01730857 0.02173294 0.04395417 0.04716154 0.05325852 0.05869482 0.06871082 0.06414429 0.06103922 0.05968483 0.05969089 0.0571477 0.05445911 0.05235189 0.04566816 0.05235331 0.06178129 0.081819 0.09726924 0.1046698 0.1179757 0.1374222 0.1219336 0.1011834 0.09068332 0.117834 0.1569452
0.0608826 0.06912641 0.05429723 0.04494005 0.04108065 0.03837666 0.0365869 0.03916005 0.05213128 0.04170048 0.0366439 0.0577428 0.06120641 0.06120715 0.04521215 0.04918953 0.04623734 0.05089017 0.06758784 0.05990172 0.05435162 0.04360069 0.03787242 0.04521499 0.04098134 0.05545808 0.03294598 0.05942477 0.06526622 0.03412777 0.02924198 0.05081108 0.06036042 0.06529021 0.06877995 0.07245065 0.1146392 0.07666394 0.06898725 0.07019819 0.06728019 0.06253051 0.07813705 0.06179693 0.06884729 0.07777888 0.08833666 0.1100312 0.1304059 0.1530688 0.1517912 0.1579335 0.1485491 0.1203442 0.119956 0.1280985
0.06206346 0.05616555 0.0484774 0.04927262 0.04719523 0.03877854 0.03874571 0.04018561 0.04191191 0.03700164 0.03874221 0.05840175 0.0484219 0.04671679 0.05238805 0.06868219 0.0560999 0.0493713 0.06359749 0.08346989 0.06439746 0.06819145 0.0632956 0.04766836 0.04616871 0.04999507 0.04391769 0.05090234 0.05103834 0.03385447 0.02696184 0.05812586 0.07167289 0.08201472 0.08186658 0.07417375 0.1052097 0.09460575 0.09019276 0.09483434 0.09376833 0.07375688 0.08592073 0.0889205 0.1036192 0.1075436 0.1210859 0.1379163 0.1511967 0.1645695 0.1752472 0.2054412 0.1534528 0.1159533 0.111327 0.1905324
