contrib/geomasonDemos/riftland/riftlandData/RainData/.svn/text-base/24.txt.svn-base
ncols         56
nrows         54
xllcorner     28.264
yllcorner     -5.7719999999999
cellsize      0.25
NODATA_value  -9999
[rows 27 to 53 of 54, columns 0 to 55 of 56]
0.03928103 0.03751578 0.03643824 0.0565795 0.0569123 0.05171176 0.05361718 0.05283385 0.05043425 0.05503043 0.05459369 0.06993295 0.06886287 0.06529281 0.06503586 0.05524474 0.05844506 0.05330383 0.05260195 0.06017504 0.08846658 0.1026 0.1165126 0.07332303 0.0634157 0.0679066 0.0636618 0.06396601 0.07695915 0.0524454 0.06982853 0.06157993 0.07913749 0.08505058 0.09802043 0.1047031 0.1088747 0.1143106 0.1061737 0.1046923 0.1109963 0.1012377 0.09121381 0.0907709 0.1100556 0.1051252 0.1070642 0.09404534 0.1160883 0.1212304 0.1212864 0.1601839 0.1540516 0.1456109 0.1468322 0.1495388
0.05227903 0.04343488 0.05544604 0.06372052 0.06503158 0.05557027 0.05514912 0.05441419 0.05573791 0.06442368 0.04965114 0.07314563 0.07109792 0.0683296 0.07066624 0.05667803 0.0651859 0.07038728 0.06423473 0.06899322 0.1184819 0.08439404 0.0928027 0.08326638 0.08306349 0.09760725 0.08716813 0.07457657 0.06629038 0.08917431 0.07358246 0.07178697 0.08105671 0.1053925 0.1023726 0.111969 0.1229936 0.1242308 0.1267187 0.1238819 0.1353776 0.1092071 0.09692784 0.07346549 0.09186842 0.09772183 0.1045157 0.08362655 0.1019648 0.1011889 0.1053675 0.1474133 0.1444216 0.1215233 0.1368085 0.14083
0.06015945 0.05917223 0.05086635 0.06857098 0.07822258 0.05767601 0.0695238 0.05284019 0.05357508 0.04345944 0.04492823 0.06944173 0.07342462 0.07031986 0.0755422 0.06249014 0.07766287 0.07286004 0.07069159 0.0811876 0.08271772 0.07669043 0.1037915 0.1235051 0.1094471 0.09807057 0.09328301 0.109361 0.1267844 0.1297975 0.1050282 0.07848191 0.09001014 0.1148256 0.1147676 0.1155574 0.1327038 0.1423375 0.1661774 0.1483045 0.1302594 0.1097292 0.1007724 0.07705957 0.06920653 0.0835579 0.1202947 0.09382118 0.0908789 0.09134772 0.1075505 0.1168869 0.1399222 0.1429999 0.1412318 0.1391963
0.08605953 0.09635205 0.07579961 0.07477669 0.06243809 0.05074779 0.0647663 0.04711488 0.04325169 0.03941264 0.04158333 0.06715544 0.07182097 0.07427975 0.07755439 0.07057784 0.07578131 0.07780382 0.09748045 0.1119612 0.1124511 0.09367535 0.1062055 0.1238138 0.1997361 0.1457802 0.1120435 0.2223459 0.1840236 0.1181065 0.111691 0.08764254 0.09019045 0.1066041 0.1331973 0.1338296 0.164488 0.2099874 0.1836189 0.1507736 0.1346629 0.1157926 0.1028385 0.08328081 0.07624499 0.09092677 0.1433741 0.1144456 0.09728558 0.0789341 0.08919313 0.09460097 0.1274872 0.1536014 0.131511 0.1437609
0.1142417 0.1134721 0.092611 0.07812747 0.05557083 0.04712919 0.04753507 0.04682688 0.03846793 0.03818653 0.04183773 0.05199593 0.05750042 0.05959834 0.06603407 0.185987 0.2245207 0.3425252 0.2473996 0.1689368 0.1459492 0.0937812 0.09689903 0.1457734 0.1427668 0.1991139 0.157291 0.1283653 0.1449313 0.1132984 0.1002841 0.09006076 0.09446932 0.1000471 0.1174538 0.1691402 0.2156532 0.2465038 0.2086915 0.1578416 0.1508265 0.152497 0.1387037 0.1131271 0.1174171 0.1342601 0.1801445 0.1499416 0.1392882 0.1360437 0.1589985 0.2114237 0.2053581 0.1697482 0.1277862 0.08083712
0.1318607 0.1256996 0.0846829 0.06348529 0.05233488 0.0446533 0.04534314 0.0549994 0.04632665 0.03539738 0.04497908 0.05028772 0.05740125 0.08143617 0.08586577 0.24424 0.3497861 0.3639403 0.3848383 0.2150436 0.1739878 0.124689 0.1130134 0.1240016 0.1188004 0.149314 0.1792813 0.1396753 0.1175797 0.09124104 0.0911464 0.1215963 0.08817118 0.1076156 0.1140872 0.2057742 0.2118283 0.2201942 0.1638236 0.1639774 0.1552452 0.1488969 0.1469258 0.1329779 0.166874 0.2007677 0.1286505 0.124084 0.1448826 0.1602797 0.1472994 0.1655435 0.1809555 0.1667974 0.1055024 0.0720991
0.1352532 0.1367139 0.1101792 0.06581308 0.05776105 0.0464234 0.05507089 0.0476665 0.03875915 0.04436298 0.04470213 0.05760826 0.06949613 0.08775488 0.1175982 0.3505678 0.4985882 0.4621134 0.341503 0.2692165 0.1927781 0.1606702 0.1345047 0.1197396 0.1423236 0.2260651 0.1570602 0.1644861 0.1184898 0.1152404 0.09996119 0.1048849 0.101502 0.1168399 0.1716841 0.2215603 0.2279047 0.1956216 0.2036156 0.1777801 0.1541712 0.1511557 0.1477804 0.1365858 0.152182 0.1481936 0.1623612 0.1430646 0.1784267 0.1859384 0.1669752 0.1462654 0.1335512 0.1510981 0.1266124 0.04834493
0.1607827 0.1574589 0.1333366 0.07657893 0.06326192 0.06148198 0.0534799 0.0447053 0.04217965 0.04889923 0.05595678 0.07519019 0.09552453 0.1291517 0.1735059 0.3854909 0.4502153 0.4507584 0.4033523 0.2829146 0.2363877 0.1715467 0.161916 0.1143295 0.1239089 0.1490798 0.2323975 0.1730872 0.1230791 0.1340314 0.1373227 0.1161963 0.1100286 0.1034749 0.1501966 0.220265 0.2052354 0.1669142 0.149241 0.166834 0.1845261 0.1670287 0.1549578 0.1737679 0.1630888 0.2064171 0.2242971 0.1916625 0.2060416 0.1841995 0.1920936 0.1394468 0.1196951 0.0926641 0.07256144 0.03593284
0.1334888 0.14519 0.1253159 0.1019666 0.08639105 0.08163416 0.05573727 0.05651802 0.05029988 0.05162877 0.05391866 0.09180558 0.1405205 0.1741079 0.2273836 0.4434626 0.4956042 0.4916402 0.3886302 0.2839648 0.1860911 0.1658019 0.1229357 0.1027255 0.1327421 0.189242 0.2357402 0.2068449 0.1246087 0.1172731 0.114789 0.1145995 0.09384179 0.1319671 0.1410343 0.1622127 0.1460932 0.1489955 0.1491351 0.159804 0.1630329 0.1646278 0.1640575 0.1551002 0.1770076 0.1914458 0.2387693 0.2182067 0.1762688 0.1492424 0.1933762 0.2085213 0.1353566 0.114735 0.1026427 0.07478723
0.1571941 0.175691 0.131385 0.1090866 0.08170643 0.06769833 0.06700681 0.07248469 0.06189192 0.0616856 0.0688278 0.1001593 0.1337914 0.16331 0.2159099 0.4072762 0.4656524 0.495203 0.4385126 0.2488607 0.186434 0.1470231 0.1091773 0.261438 0.2398927 0.2458827 0.187043 0.1594638 0.1289975 0.1011657 0.1171963 0.1245998 0.1041021 0.1186603 0.1196227 0.1282135 0.1235228 0.117989 0.149028 0.1859182 0.1864808 0.2239125 0.1869989 0.1646734 0.166257 0.1679866 0.1689045 0.1590973 0.1478836 0.1157284 0.1458675 0.208125 0.1430919 0.1513505 0.1427384 0.0948135
0.20618 0.184029 0.1470874 0.09641182 0.07564481 0.06917436 0.06681392 0.09135882 0.07527751 0.06785287 0.07691679 0.1062816 0.1352458 0.1688581 0.2084864 0.4590505 0.4756347 0.5131481 0.4768448 0.2132158 0.1679046 0.12877 0.23199 0.2769723 0.3564093 0.2326462 0.135159 0.106787 0.1040557 0.1119568 0.1185532 0.1378815 0.1155755 0.1201778 0.1120781 0.1197794 0.1213677 0.1204874 0.110527 0.162796 0.1670556 0.1499514 0.1696751 0.1864834 0.1503779 0.1446379 0.1537424 0.1550476 0.156112 0.1410478 0.1165006 0.1484565 0.1467049 0.1322085 0.1303329 0.08012097
0.2215303 0.1761294 0.1831033 0.1189235 0.08867129 0.07631338 0.07549062 0.08375838 0.07874464 0.08431462 0.09742036 0.1298628 0.1105117 0.1360982 0.1837229 0.4053442 0.4447424 0.4515658 0.4671328 0.2019218 0.1643203 0.1497139 0.2430271 0.3127263 0.3623798 0.3168506 0.1545504 0.1271898 0.1071761 0.1087723 0.123853 0.1083365 0.1134784 0.1337877 0.1100128 0.1103313 0.1280953 0.1207804 0.09330954 0.129909 0.1617502 0.1900418 0.1934067 0.2246747 0.1812321 0.1419988 0.1564223 0.1114993 0.08276341 0.09640703 0.1296605 0.1656096 0.1489584 0.1283842 0.1116909 0.09120967
0.2727618 0.230685 0.1980584 0.1183978 0.1058029 0.09482752 0.07993479 0.1319965 0.1257165 0.1256223 0.1365916 0.1398797 0.1163893 0.1162582 0.1466345 0.2619128 0.2787232 0.2903737 0.3162581 0.1872913 0.1798482 0.2163023 0.1884573 0.2586451 0.2566342 0.2736953 0.1299977 0.1225296 0.08796418 0.1151925 0.1454614 0.1179479 0.1262229 0.09491795 0.09532684 0.106164 0.1095697 0.1237487 0.1108886 0.1516843 0.1393903 0.1769323 0.2513143 0.2236712 0.1800454 0.1902521 0.1941979 0.06770313 0.05970833 0.08493593 0.05781103 0.1067698 0.1318717 0.1019141 0.05947088 0.08883065
0.2789302 0.2003614 0.1576161 0.1276302 0.1180245 0.09741374 0.07982612 0.1314416 0.1278595 0.1227804 0.1450395 0.1334827 0.1319097 0.122668 0.1458666 0.1905426 0.1784934 0.2118123 0.2276046 0.1763765 0.1653779 0.1861155 0.1947814 0.1985829 0.1923938 0.1196894 0.07704841 0.1147084 0.1214999 0.08701742 0.07544389 0.08700313 0.0918484 0.08990414 0.08394508 0.1031463 0.1018656 0.09802592 0.1142936 0.1334217 0.1147572 0.1680775 0.1895957 0.2208052 0.2017559 0.1341791 0.1224735 0.05829078 0.05458746 0.05592255 0.03326996 0.06708608 0.0603791 0.07061315 0.0647121 0.07149193
0.2276201 0.1897818 0.1510044 0.1548319 0.1323822 0.09269412 0.09784935 0.1338533 0.1324256 0.1315159 0.1386366 0.1661798 0.1464723 0.1754206 0.1419368 0.1578282 0.15548 0.159958 0.1880344 0.1536788 0.1572512 0.1939643 0.2565059 0.219591 0.1547206 0.1105976 0.09085768 0.136114 0.1419496 0.097549 0.07451249 0.1099562 0.09700382 0.08407709 0.08214579 0.1111222 0.104548 0.0987741 0.1338575 0.1656745 0.1275189 0.1552945 0.1415922 0.1503148 0.1741295 0.1307224 0.1234685 0.06190404 0.02919973 0.0262907 0.02440749 0.04490125 0.05094287 0.04954652 0.04965451 0.04931451
0.2295072 0.183694 0.1518557 0.1437943 0.1324324 0.1140891 0.1126089 0.1241814 0.1354368 0.1425432 0.1438876 0.1702212 0.1647647 0.1408734 0.1545133 0.1590081 0.1591378 0.1644593 0.187766 0.1848091 0.2782866 0.2179046 0.2085671 0.1740308 0.1752886 0.1270942 0.1546413 0.1262545 0.1529304 0.1196044 0.1139136 0.1283356 0.08394294 0.08542745 0.08777966 0.138678 0.2557255 0.1233146 0.1130115 0.1494072 0.1335783 0.1988923 0.1430774 0.1527775 0.1781296 0.1245813 0.1254248 0.04507913 0.02936316 0.02353483 0.02175405 0.04421801 0.042017 0.04254768 0.04476503 0.04096774
0.1739915 0.1514042 0.1275431 0.115009 0.08063263 0.1172206 0.1117801 0.1329655 0.1300614 0.1725671 0.1223879 0.2330835 0.2353818 0.2613812 0.3671957 0.2537454 0.2358012 0.2834203 0.3625898 0.3339348 0.2813472 0.2052728 0.2611082 0.2751486 0.1054357 0.1361134 0.07617993 0.07449196 0.07173472 0.09173124 0.06101129 0.09668158 0.07870489 0.08781261 0.07516597 0.1571305 0.3615642 0.1609361 0.1060193 0.1266861 0.1833786 0.1727502 0.1079519 0.121662 0.1429437 0.0823326 0.0727877 0.03119342 0.02392706 0.02092084 0.01932787 0.01895161 0.02955645 0.03455645 0.02681452 0.01887097
0.1619377 0.1417131 0.1158948 0.1597815 0.1301464 0.138432 0.1332459 0.1790246 0.1750099 0.148524 0.1220503 0.2480593 0.3184448 0.3727224 0.4211522 0.2807066 0.3003458 0.3359137 0.4017063 0.3010095 0.2322852 0.2584367 0.2451198 0.1383446 0.08680868 0.0908664 0.06302925 0.0750194 0.0392872 0.03651758 0.0363827 0.08426183 0.07502763 0.08181401 0.06589942 0.106354 0.1468385 0.1292253 0.1086704 0.1058206 0.1619373 0.155702 0.125946 0.1320842 0.1201131 0.09551662 0.06173801 0.03066415 0.02504775 0.02155505 0.02054523 0.02004032 0.0153629 0.02548387 0.01883064 0.01588709
0.1724348 0.1289593 0.1452602 0.1140009 0.1342985 0.1939208 0.16192 0.2422612 0.2309643 0.1744569 0.1760424 0.3667288 0.3207543 0.3620008 0.394994 0.357085 0.3342071 0.4093209 0.4469207 0.3357306 0.2925311 0.2846068 0.2672544 0.09373295 0.08308346 0.08414111 0.06376002 0.0517691 0.05191788 0.03456605 0.03345013 0.08463953 0.07800105 0.06987076 0.06994668 0.1140814 0.1139963 0.12423 0.1301134 0.1467676 0.1449505 0.1520422 0.1576107 0.1217637 0.09402279 0.07711326 0.05901081 0.03457001 0.02844412 0.02435412 0.02590266 0.01616935 0.01520161 0.01544355 0.01137097 0.01419355
0.1797523 0.1858708 0.1774583 0.1760169 0.1286046 0.197896 0.2025894 0.279707 0.2420787 0.2156744 0.2294716 0.4123658 0.3874926 0.4009728 0.3958923 0.461727 0.4511712 0.4764818 0.5468045 0.4119688 0.3919219 0.3495443 0.3198923 0.1046569 0.08188774 0.07377453 0.06873041 0.06996241 0.05780124 0.04057622 0.0615992 0.1038273 0.08801183 0.07631881 0.07147385 0.1225266 0.1189144 0.1386378 0.1615059 0.1765585 0.1299142 0.1504426 0.1615259 0.131589 0.09217089 0.07781617 0.06328659 0.04044349 0.03450494 0.04088043 0.02324568 0.01427419 0.01225806 0.01270161 0.01125 0.01379032
0.179895 0.1798018 0.1947114 0.367638 0.3408441 0.3962351 0.326207 0.263409 0.1712684 0.1512427 0.1971864 0.2582642 0.2822704 0.2777133 0.3077687 0.3824236 0.4074432 0.4391856 0.5116997 0.3833892 0.3541322 0.3033448 0.3071229 0.1895029 0.1468583 0.1163242 0.08875142 0.07943229 0.07023802 0.0663579 0.1071401 0.08274338 0.08302588 0.05585746 0.05069872 0.1026007 0.09833502 0.09412518 0.1794988 0.1351098 0.1198138 0.1280649 0.126981 0.07344268 0.0654617 0.06209728 0.05142425 0.002701613 0.009193548 0.05189516 0.005645161 0.009274192 0.008870967 0.009314516 0.004435483 0.006330645
0.2315455 0.1786821 0.236538 0.363654 0.365144 0.3276504 0.290983 0.1671805 0.1259231 0.1548648 0.14093 0.2902883 0.3219122 0.3333052 0.3364621 0.4192324 0.4247617 0.3788354 0.382742 0.4063069 0.3742479 0.3276855 0.3011227 0.2251564 0.1885117 0.09752221 0.1104414 0.0805318 0.07650698 0.07662709 0.07784301 0.1888116 0.1240629 0.1001687 0.0832845 0.1197537 0.120616 0.1129402 0.146934 0.1100745 0.09382184 0.07389149 0.08052581 0.08379796 0.06857555 0.0633387 0.05731952 0.00407258 0.01245968 0.05254032 0.006653225 0.01455645 0.009274193 0.007540322 0.007096774 0.004959677
0.2791365 0.2706232 0.2427682 0.4353958 0.3625219 0.3506792 0.4596105 0.224384 0.1256686 0.1387364 0.1744004 0.2879058 0.3385142 0.3635584 0.3757817 0.3790061 0.3603001 0.3923794 0.3926259 0.3783908 0.398551 0.2953871 0.2714144 0.1574926 0.1330213 0.1207905 0.1223643 0.08961507 0.08554444 0.09194975 0.1071943 0.225623 0.16257 0.1006001 0.08411873 0.1536991 0.1433664 0.1481964 0.1419 0.1419873 0.1276953 0.1049369 0.08625603 0.08256651 0.06977765 0.07517154 0.08530452 0.007580645 0.05225806 0.06096774 0.008870967 0.01431452 0.01512097 0.01383065 0.008709677 0.002741935
0.3049526 0.37159 0.3319352 0.6080594 0.5140682 0.4293831 0.4920249 0.3096479 0.1915947 0.1700906 0.1765444 0.3669148 0.3747461 0.3610356 0.3902434 0.3807005 0.3288158 0.3484294 0.4112663 0.3805973 0.3359862 0.3034848 0.2676572 0.1808926 0.2131268 0.1363521 0.1156896 0.1119365 0.1110987 0.1337452 0.1278872 0.2203296 0.1918534 0.1597981 0.1483837 0.1725768 0.1672744 0.1579153 0.1449478 0.1986369 0.1326569 0.1202835 0.09868731 0.08469283 0.07879163 0.0821826 0.07727508 0.01842742 0.05645161 0.02887097 0.01600806 0.02165323 0.02020161 0.01423387 0.01233871 0.009354838
0.4137277 0.403026 0.4254621 0.5808037 0.484369 0.4639495 0.4768457 0.3925191 0.2617621 0.2397809 0.2388912 0.3522945 0.3746228 0.340059 0.3276539 0.3110685 0.4372848 0.3304 0.3576183 0.4336701 0.3673515 0.3017069 0.2872752 0.2977167 0.3130275 0.2741095 0.2398316 0.170104 0.1539082 0.1604605 0.1419137 0.1564118 0.183578 0.1824036 0.1703108 0.2124468 0.1781662 0.1889059 0.2894981 0.1834538 0.1407102 0.1325188 0.1138342 0.0836366 0.07625376 0.07710151 0.06813349 0.01443548 0.02584677 0.02931452 0.01951613 0.01770161 0.02153226 0.02016129 0.01907258 0.03040322
0.4608863 0.4185098 0.5149055 0.6362631 0.5355235 0.5034549 0.5136186 0.4019151 0.3168502 0.3039217 0.2447357 0.392644 0.3871605 0.3350098 0.3203791 0.3401801 0.3721769 0.360967 0.4067166 0.4691802 0.4269583 0.3143077 0.3359714 0.4193127 0.3170112 0.2894024 0.2374905 0.2125263 0.1863358 0.1631869 0.1486137 0.1438852 0.1909949 0.2110249 0.2146912 0.2489936 0.2175302 0.2434646 0.2165136 0.1764886 0.1566281 0.1512255 0.1268976 0.09827293 0.0833568 0.09186057 0.07407276 0.02060484 0.02508064 0.02366935 0.03790322 0.01576613 0.01532258 0.01584677 0.01729839 0.03153226
0.5402859 0.5363144 0.610842 0.6962371 0.5751277 0.5286845 0.5557573 0.4534963 0.3667024 0.3623861 0.2964964 0.4080375 0.3957298 0.3501748 0.3579235 0.4226542 0.4634647 0.4094861 0.441679 0.4178319 0.3752164 0.3450188 0.3304257 0.3615477 0.338175 0.3453969 0.3200616 0.2521626 0.2026227 0.1732932 0.1659719 0.206264 0.2193264 0.2202154 0.218859 0.3264253 0.3282341 0.3592525 0.3211609 0.2013871 0.1832705 0.1715041 0.1355025 0.1132644 0.1021597 0.09309906 0.08765892 0.02439516 0.02540322 0.02919355 0.0369758 0.01491935 0.01625 0.01491935 0.0116129 0.03455644
