contrib/geomasonDemos/riftland/riftlandData/RainData/.svn/text-base/25.txt.svn-base
ncols         56
nrows         54
xllcorner     28.264
yllcorner     -5.7719999999999
cellsize      0.25
NODATA_value  -9999
[rows 0 to 25 of 54, columns 0 to 55 of 56]
3.508042e-005 3.23357e-006 5.408138e-006 0.0004717814 0.0003777729 0.0001436778 0.0004595673 9.241359e-006 1.921324e-005 2.149266e-005 0.001535488 1.954151e-005 0.000325094 0.0008655433 0.0008737863 0.003719004 0.004223266 0.00383642 0.004278325 0.006896293 0.008241671 0.007201539 0.007789258 0.01817652 0.02553512 0.0169967 0.01630821 0.008290322 0.01185775 0.008206939 0.01214094 0.00283597 0.003328171 0.0005783626 0.0001801067 0.00147985 0.001171448 0.0005695792 0.0006980796 0.0002500247 0.0002114775 0.0003511788 0.002549317 0.002767381 0.006863711 0.006048061 0.008584247 0.009006551 0.01078299 0.01186786 0.01312806 0.01552589 0.01584871 0.01673022 0.01692759 0.01706235
9.421543e-005 6.6889e-006 0.0005307535 0.0009143891 0.000539382 0.0007139468 0.0006032435 0.0003858838 1.700069e-005 0.000984083 2.969123e-005 2.651757e-005 0.000408256 0.0005540224 0.001901257 0.003996932 0.005656997 0.00607575 0.005874112 0.008592116 0.008426139 0.009803789 0.01275135 0.02026438 0.02632837 0.02320146 0.02026456 0.01205769 0.01170073 0.01025358 0.005645817 0.001930235 0.003114735 0.009973573 0.0002291036 0.0009789246 0.001064432 0.0009148876 0.001117082 0.0006532377 0.004668333 0.003181536 0.001842929 0.004616404 0.006338788 0.005968306 0.007941435 0.009996194 0.0106276 0.01150869 0.01254451 0.01350584 0.01446245 0.01680434 0.01574334 0.0162977
0.0001414044 1.267413e-005 0.0002099236 0.000852594 0.0006261033 0.0004846216 0.000931585 0.000726865 5.464238e-005 4.264576e-005 0.0001057903 3.506755e-005 0.0001969809 0.0001680784 0.001506405 0.004181634 0.005919308 0.007596933 0.008453177 0.009132831 0.01042395 0.01006111 0.01272363 0.0230736 0.01802202 0.01811628 0.01782686 0.01261031 0.01518159 0.003665718 0.006482019 0.009891878 0.004743163 0.00310165 0.0004814399 0.003787027 0.004170478 0.001223302 0.001886277 0.002206672 0.006939453 0.001471065 0.003992918 0.004792288 0.006877122 0.006696267 0.01108996 0.008820632 0.01023085 0.01091745 0.01190031 0.01271285 0.01349719 0.01512087 0.01447568 0.01439044
2.894132e-005 2.976348e-005 6.993085e-005 0.0004495847 0.0002814097 0.000134066 0.0003118916 0.001319948 0.00233614 0.001689786 0.001035893 0.001493169 0.001202089 0.001064583 0.002107927 0.006790965 0.008952986 0.008968969 0.009624233 0.009188677 0.01413278 0.010272 0.01218721 0.01808665 0.01662239 0.01687168 0.01645106 0.01252941 0.02068217 0.007901232 0.008829018 0.007211311 0.005169583 0.005909562 0.004205254 0.01163221 0.01286573 0.0125634 0.01187023 0.006826319 0.008194279 0.009858026 0.01686278 0.006577964 0.006440777 0.008530385 0.03163309 0.01094477 0.01028024 0.01119124 0.01205763 0.01235457 0.01300519 0.01379685 0.01375138 0.01361288
2.570976e-005 0.0002270323 0.0008314006 0.0002323245 0.00033374 0.0002354045 0.0004773478 0.000708668 0.001762871 0.00157322 0.001220318 0.001979062 0.001093444 0.002106457 0.003205842 0.0070315 0.009669077 0.009215068 0.007412597 0.0078802 0.01211842 0.01334136 0.01193408 0.01756259 0.01943584 0.01832959 0.01781869 0.00951656 0.010035 0.008771212 0.01020729 0.01498113 0.01127304 0.007976634 0.005233591 0.01321306 0.01131341 0.009307734 0.0198211 0.007440557 0.008524638 0.008455474 0.01433802 0.006781739 0.006612269 0.006593056 0.009776165 0.009344995 0.01047007 0.01068177 0.01147315 0.01216761 0.01273127 0.01341438 0.01334517 0.01318335
0.0006309806 0.0008998928 0.0003588311 0.0002726125 0.0003299626 0.0002107043 0.001051698 0.001508362 0.001289352 0.001007277 0.001009547 0.001814167 0.00243454 0.003039648 0.003210669 0.006709868 0.008047464 0.007649278 0.008621356 0.008635751 0.01458696 0.01431304 0.013051 0.01793674 0.01383623 0.01531391 0.01622462 0.0129759 0.009129652 0.007732946 0.01991236 0.02461129 0.007619252 0.006639435 0.008392042 0.01421977 0.01926841 0.01500295 0.02916428 0.00607441 0.007213512 0.009340162 0.008002768 0.00557712 0.00535454 0.006001755 0.007446479 0.008841796 0.00968831 0.01046876 0.01118392 0.01179896 0.01227801 0.01285718 0.01276376 0.01257708
0.0004491679 0.0006435651 0.0006987427 0.001260449 0.001575876 0.001045126 0.002644953 0.002192023 0.0008378708 0.001636166 0.002093782 0.001863927 0.002948355 0.002903291 0.003646955 0.008336629 0.007870282 0.008312692 0.008753758 0.008785847 0.01293201 0.01375803 0.01259709 0.01336484 0.01335801 0.01259252 0.01553979 0.01416337 0.01158597 0.01399804 0.01297044 0.01570411 0.01473159 0.04439057 0.01458726 0.01628726 0.01682077 0.01955304 0.02373767 0.007166264 0.008855682 0.008354751 0.009010421 0.005346876 0.005548337 0.005983852 0.006800167 0.008827914 0.009567727 0.01028396 0.01093173 0.01147704 0.01188446 0.01237461 0.01226358 0.01206087
0.00269819 0.002760716 0.001789757 0.002486722 0.0007299754 0.0006100662 0.002584764 0.001000106 0.0007095785 0.001137335 0.001473586 0.001554431 0.0009398952 0.002439949 0.003273771 0.003571796 0.004063946 0.003582463 0.003200011 0.004164914 0.01190601 0.009249074 0.01074862 0.003730798 0.004278143 0.005437098 0.007335314 0.005634429 0.00439235 0.006659742 0.006867684 0.01348914 0.01709603 0.0289486 0.008843296 0.004523716 0.003883371 0.006261597 0.01201732 0.002334417 0.00333344 0.002236263 0.002977103 0.003543065 0.004534642 0.005504915 0.006556979 0.007759629 0.00931297 0.009947184 0.01087621 0.01409072 0.01114752 0.01154066 0.01140006 0.0111619
0.002351905 0.004787603 0.002338446 0.003281254 0.001209291 0.001032366 0.00483101 0.002457353 0.002274328 0.002537026 0.000456625 0.001126887 0.001696128 0.001963955 0.002304887 0.003459825 0.004193671 0.004515884 0.004307065 0.00420622 0.004201927 0.006656894 0.006990665 0.004066192 0.003549844 0.004635809 0.006542417 0.005629218 0.004759842 0.005949346 0.007926431 0.01069664 0.04300296 0.07877277 0.01173508 0.005897567 0.002845625 0.004136654 0.005679544 0.003768078 0.003586606 0.001902061 0.002795018 0.003517347 0.004434067 0.005328623 0.006312482 0.007437985 0.008885918 0.009447043 0.009974091 0.01637517 0.01040799 0.01072313 0.01055117 0.0103604
0.001612284 0.002888378 0.0016516 0.002387973 0.0022618 0.0003592444 0.001476051 0.00129006 0.001899743 0.000986859 0.0005655797 0.0009307389 0.00122154 0.00101832 0.001008689 0.00327481 0.004616899 0.005899505 0.004367087 0.004226666 0.004492502 0.002191246 0.00470234 0.003817427 0.00371361 0.003444545 0.004629574 0.004584826 0.006492284 0.007592783 0.0093169 0.01664332 0.0393043 0.04609441 0.0136123 0.005525896 0.007387629 0.005212198 0.003398202 0.001427499 0.00123118 0.001603752 0.002542059 0.003099839 0.003907816 0.004721158 0.005629981 0.006672239 0.00801743 0.008499794 0.008863971 0.009026794 0.00918541 0.009407855 0.00918373 0.008942138
0.001382582 0.001558199 0.0009406115 0.000273759 0.001073556 0.002166166 0.0008065504 0.00119709 0.001197592 0.0005539922 0.0005778656 0.0007863505 0.0008044383 0.001329699 0.001632098 0.002465545 0.003798183 0.004109615 0.003721878 0.004490931 0.002323678 0.002194876 0.004493884 0.003806701 0.00390911 0.003175095 0.00379597 0.005012528 0.007199479 0.008987475 0.009955724 0.01908525 0.02087649 0.01084351 0.01134763 0.00304628 0.003335263 0.003169223 0.003242163 0.001216087 0.00091469 0.001314168 0.002118829 0.002758431 0.003496439 0.004246984 0.005087266 0.006054016 0.007295711 0.007704262 0.007998688 0.008088274 0.008176955 0.008328146 0.008080916 0.007799369
0.001013592 0.0005023598 0.0002216079 0.0001084848 0.0001872491 0.00403207 0.0006341977 0.001400946 0.001507754 0.001123161 0.001142534 0.0033063 0.002750405 0.00275126 0.002483241 0.004237623 0.001576313 0.0004384631 0.000415821 0.0009299934 0.001263072 0.005297708 0.007720184 0.003872097 0.002114355 0.0007741699 0.001296916 0.001162297 0.00148003 0.00194436 0.002710954 0.00229667 0.002608887 0.002901547 0.003425832 0.001073128 0.001558441 0.001935652 0.001651153 0.006646265 0.007175643 0.007531603 0.008157897 0.008614955 0.009214847 0.009631092 0.00997004 0.01031857 0.01096483 0.01098559 0.01090882 0.007490639 0.007519515 0.007608266 0.00733239 0.007032512
0.00124257 0.0004720941 0.0004699208 0.001466308 0.0002075582 0.0005424285 0.000370977 0.003078863 0.002025721 0.004122285 0.006968585 0.004767183 0.003821327 0.002848998 0.00534353 0.01040015 0.0004895714 0.0004509908 0.0004272864 0.000537606 0.0006271768 0.001769957 0.006732033 0.001759785 0.0003574359 0.0003457787 0.001554137 0.00108361 0.001430956 0.00175076 0.002101182 0.001820039 0.00498118 0.002587763 0.003216945 0.005931263 0.004454138 0.001503144 0.001662563 0.006661388 0.007199392 0.007486383 0.00795965 0.008524068 0.009101033 0.009449945 0.009718651 0.01003823 0.01055114 0.01051625 0.01038834 0.006929867 0.006918546 0.006962555 0.006670059 0.006350991
0.001271567 0.002261287 0.0004645105 0.0008084518 0.0001561139 0.0002670743 0.0001839169 0.008029847 0.01353988 0.01720575 0.01091335 0.008061102 0.00518145 0.006912335 0.005674539 0.002943965 0.0006205979 0.0005647152 0.001104287 0.0008522175 0.000876863 0.0006232025 0.006577744 0.0006299493 9.862093e-005 6.879239e-005 4.9907e-005 0.001020514 0.001267296 0.001557458 0.001943182 0.001532853 0.001912992 0.004083914 0.00489374 0.006953477 0.004600096 0.001657015 0.001682161 0.006636895 0.007158867 0.007474128 0.007986021 0.009890747 0.01254732 0.01571711 0.00949279 0.009691616 0.01014458 0.01003078 0.009865401 0.006546936 0.006510831 0.006528771 0.006222132 0.00589023
0.006973602 0.005362212 0.002133032 0.0006954312 0.0003491814 0.0002833156 0.0003576751 0.006363092 0.01639623 0.01832572 0.01196035 0.008468131 0.01205772 0.01408084 0.008855042 0.002617708 0.001427978 0.003090032 0.01122807 0.00308992 0.0009796299 0.00100656 0.001036153 0.0002150726 0.000171177 0.0001325102 9.706734e-005 0.0008787051 0.001235493 0.001280215 0.001738341 0.00143825 0.004970034 0.006046294 0.003556379 0.0009793494 0.001168906 0.001588448 0.002375424 0.006727261 0.007080633 0.007362138 0.01366776 0.01502111 0.02238626 0.0177571 0.009180811 0.009239615 0.009587063 0.009437453 0.009253585 0.006162195 0.006102984 0.0060946 0.005795845 0.005452903
0.001099585 0.001698522 0.001248523 0.001851564 0.0007606043 6.25789e-005 7.26647e-005 0.006469109 0.01211064 0.01614766 0.01383406 0.00961925 0.01332364 0.01683734 0.006587676 0.001630041 0.001303068 0.002147757 0.01300655 0.0007775396 0.0006742814 0.0004396036 7.709878e-005 0.0004129335 0.0003469779 0.000276547 0.0002055926 1.659907e-005 7.284033e-006 1.933928e-005 5.284271e-005 0.001224915 0.001684265 0.002374982 0.003282938 0.003776704 0.004493345 0.005161427 0.005766991 0.01010655 0.01104114 0.04128578 0.06877652 0.07526561 0.02559287 0.02215025 0.009129641 0.008843835 0.00906018 0.008859601 0.008639182 0.005765872 0.005703642 0.005716221 0.00548351 0.006150959
0.0003598328 0.0009572563 0.0008962791 0.001915496 0.001201629 7.4605e-005 8.672988e-005 0.005590418 0.006384188 0.01034351 0.0187292 0.01106356 0.007819754 0.007871461 0.004470734 0.002704751 0.00221932 0.003982208 0.002366923 0.004117225 0.0007449587 0.0001055108 0.0001517617 0.0005144185 0.001954756 0.0003655295 0.0002728447 2.218329e-005 9.85433e-006 1.950432e-005 5.114838e-005 0.001174182 0.00161072 0.002276496 0.003154986 0.003664733 0.00435291 0.005001976 0.005632114 0.009750647 0.01067421 0.04313619 0.08029857 0.07286073 0.02585557 0.00882774 0.008763218 0.008407205 0.008545599 0.008295872 0.008060511 0.005553561 0.005517921 0.005557282 0.005311374 0.005973927
0.001099779 0.0001331679 8.900763e-005 0.0007209659 0.0009425025 0.0001016721 0.0006676124 0.008356998 0.006389486 0.007692383 0.01291906 0.008102407 0.005109973 0.004908634 0.003684976 0.004085572 0.009502787 0.007899521 0.002779969 0.004929012 0.00563567 0.004424458 0.000184451 0.001018328 0.0008796277 0.0007438916 0.0006150139 6.067794e-005 6.470134e-005 9.064585e-005 7.343539e-005 0.001410835 0.001771728 0.002358628 0.003151723 0.003571633 0.004212642 0.004819164 0.0054098 0.009243933 0.01012095 0.03678757 0.05756107 0.03658767 0.008135567 0.00820277 0.008107622 0.007753905 0.007866015 0.007641288 0.007423912 0.005464593 0.005418012 0.005445722 0.005196976 0.005850806
0.001103882 0.0008358094 0.0001179277 0.001098997 0.0005438589 0.0001901607 0.001309472 0.008896388 0.01013696 0.007031321 0.008450609 0.01119425 0.008545459 0.006275353 0.008769778 0.006928614 0.01172649 0.01014379 0.008718163 0.003688755 0.005061785 0.002212938 0.001561042 0.001887452 0.001622167 0.001397291 0.001215721 0.0001326309 0.0001062237 0.0001021153 0.0001196102 0.001927845 0.002167317 0.002616717 0.003286185 0.003566653 0.004089494 0.004594171 0.005138411 0.008473938 0.009183974 0.009462414 0.03803808 0.006925169 0.007187103 0.007157194 0.007094938 0.006795648 0.006912049 0.006720965 0.00654186 0.005039689 0.005020963 0.004923344 0.004663948 0.006006564
0.0009889725 0.0004673684 0.0009616259 0.003019006 0.001770448 0.001214777 0.009765886 0.01106049 0.006866909 0.003793087 0.002300704 0.008176437 0.01897951 0.01220472 0.0215905 0.01629273 0.01282609 0.009938279 0.01305924 0.01875252 0.005398013 0.007026545 0.002988474 0.005680492 0.004878944 0.004225458 0.00375153 0.003014999 0.002529941 0.002345966 0.002473057 0.00313194 0.003281594 0.003708657 0.004387954 0.003499164 0.003914345 0.004305703 0.004716181 0.007331052 0.007927158 0.008082216 0.02158551 0.02137224 0.007732939 0.007480993 0.007123543 0.006247227 0.006110014 0.005807621 0.00612556 0.005133815 0.004860917 0.004643224 0.004343084 0.008652183
0.008010501 0.0008153215 0.001219734 0.00448751 0.003344827 0.002201919 0.003073105 0.003646535 0.003623182 0.003088032 0.006230899 0.006703462 0.01181665 0.01346527 0.02440242 0.0181115 0.01574793 0.01836362 0.01833738 0.02598023 0.006963271 0.01064926 0.009845792 0.01175289 0.007957391 0.005515454 0.004938961 0.004466612 0.003431648 0.003140077 0.003131923 0.003779312 0.003783894 0.004043692 0.004554952 0.003487938 0.003806259 0.004104304 0.004386586 0.00672356 0.007141807 0.007203244 0.006980349 0.006628398 0.006537098 0.006203884 0.005824914 0.005145728 0.005018784 0.004728225 0.005446175 0.004252978 0.00398489 0.01139884 0.005977192 0.007936266
0.007054451 0.001909506 0.001746803 0.02671932 0.02961884 0.00949431 0.01075255 0.0105968 0.00806289 0.002259872 0.003637355 0.004244968 0.004073722 0.008229012 0.01271604 0.01591954 0.01600953 0.02039176 0.03005086 0.03477144 0.01769901 0.008335833 0.007324771 0.01087812 0.009133076 0.0071366 0.006469585 0.005827951 0.005147975 0.004257069 0.004097877 0.004762996 0.004568404 0.004649307 0.004988572 0.003678319 0.004085331 0.004279222 0.004717894 0.006823976 0.006667854 0.006646876 0.006343743 0.005917591 0.005674307 0.005275395 0.004906222 0.004287171 0.004095541 0.00382065 0.00473851 0.005964313 0.02822847 0.04030523 0.01822001 0.01241495
0.003602864 0.003282498 0.006838218 0.05494397 0.08447158 0.02514809 0.02769235 0.027511 0.02754829 0.008754333 0.003362073 0.004420949 0.004240276 0.006612227 0.01001392 0.01226679 0.01523532 0.01268061 0.02376719 0.06656057 0.02151698 0.0115932 0.006019351 0.01634293 0.01235107 0.009118861 0.00833759 0.00748863 0.006707924 0.006154641 0.005835942 0.006049985 0.005642529 0.005525223 0.005711792 0.004062878 0.004311416 0.004528977 0.007325424 0.006432801 0.02195572 0.006197768 0.00574219 0.005257717 0.004877135 0.004418558 0.004018224 0.003505975 0.003293375 0.005768125 0.004409858 0.01085892 0.04008841 0.01457942 0.003660826 0.01373319
0.01537954 0.03147333 0.04170863 0.0492839 0.06986243 0.03004855 0.01419439 0.02480277 0.01914245 0.00390412 0.001549004 0.01390947 0.01484073 0.01597651 0.01792939 0.01894079 0.02262356 0.02879136 0.02807265 0.03258239 0.01866497 0.01585635 0.01340098 0.01536464 0.01323479 0.01273636 0.01099786 0.01081667 0.01313075 0.008931727 0.00831869 0.01010432 0.008873064 0.00854921 0.008916811 0.006307825 0.006574222 0.006939657 0.009035401 0.006500327 0.007471759 0.00590554 0.00511873 0.006473644 0.007501647 0.007732949 0.008021647 0.005339792 0.005015921 0.004963417 0.01242121 0.03944648 0.05770447 0.03365299 0.0320192 0.01892766
0.01765634 0.02738776 0.04953745 0.07086544 0.08498389 0.03907491 0.0156824 0.01105187 0.01355814 0.001300839 0.003155554 0.01486878 0.01671997 0.01856277 0.02048556 0.02328674 0.02317187 0.02633289 0.02977449 0.02811499 0.02662439 0.01938448 0.02170283 0.01866391 0.01619799 0.02104443 0.01615493 0.01283101 0.02442722 0.01060099 0.009782181 0.01173132 0.01019175 0.009619575 0.009821104 0.006844764 0.006863789 0.006549071 0.007641338 0.009934288 0.006878692 0.005696749 0.004637259 0.006048651 0.006942623 0.007170451 0.007438008 0.004828681 0.004408918 0.004329443 0.01173915 0.03092841 0.03088339 0.02919404 0.02783736 0.04691052
0.03171209 0.03514141 0.05340563 0.08086826 0.06999883 0.04510013 0.02659103 0.009372924 0.004963459 0.007709275 0.01273287 0.01544711 0.01958281 0.02039768 0.02537434 0.03407035 0.02961884 0.03576574 0.05920913 0.06879018 0.06871133 0.03200735 0.03242754 0.02585391 0.03228341 0.05575952 0.0165086 0.0179461 0.06604534 0.03603577 0.01054183 0.01256039 0.01085755 0.01019757 0.01007723 0.007244627 0.007384147 0.00689964 0.007407917 0.00801846 0.007621389 0.006615301 0.004759096 0.005638037 0.006570085 0.006788638 0.03494543 0.006047973 0.004291683 0.003876407 0.003733762 0.03039084 0.02795703 0.02548424 0.02470908 0.01562088
