contrib/geomasonDemos/riftland/riftlandData/RainData/.svn/text-base/25.txt.svn-base
ncols         56
nrows         54
xllcorner     28.264
yllcorner     -5.7719999999999
cellsize      0.25
NODATA_value  -9999
[rows 26 to 51 of 54, columns 0 to 55 of 56]
0.04564071 0.05483121 0.07047318 0.08008704 0.05287771 0.03178704 0.03126201 0.02570203 0.007303761 0.01607786 0.0342475 0.03061693 0.0354513 0.02744986 0.0206434 0.02771239 0.03211384 0.04934774 0.0831885 0.114017 0.1293748 0.08478665 0.03741318 0.02564082 0.03027217 0.03369294 0.01763642 0.03314285 0.06526565 0.03234302 0.01335893 0.01261432 0.01305881 0.0108913 0.01029547 0.00752761 0.007533516 0.007388593 0.007066725 0.008150141 0.007665779 0.006449327 0.005245297 0.005619342 0.006480152 0.006608173 0.0196774 0.005078102 0.004080591 0.003650434 0.003487736 0.02751354 0.02652271 0.02342505 0.02092599 0.006006109
0.05469755 0.0566342 0.05627257 0.04003799 0.01972242 0.01779832 0.02043713 0.01724147 0.0103915 0.01571841 0.03587796 0.04117432 0.03572252 0.03054337 0.02833868 0.02852817 0.03698735 0.05739923 0.1026303 0.1229383 0.08271295 0.08525942 0.04597024 0.04284453 0.0393972 0.02792444 0.02417973 0.01759333 0.01485289 0.01507561 0.01157317 0.01076483 0.0103031 0.008948296 0.009082714 0.01069886 0.01091789 0.01057917 0.01000651 0.00877309 0.008653976 0.01317855 0.007857452 0.005073168 0.005215126 0.03093995 0.0050324 0.003928095 0.003565924 0.003323607 0.003203948 0.009953613 0.01024515 0.01010259 0.008511762 0.002993313
0.05578501 0.04452934 0.04906969 0.03005873 0.01942248 0.02343456 0.02881472 0.01604795 0.01117554 0.01967338 0.02989936 0.03017786 0.03027882 0.03105831 0.02872072 0.03405124 0.05536328 0.07851326 0.08986407 0.09444892 0.07789264 0.05950764 0.04413551 0.05626349 0.05227021 0.05769453 0.0341023 0.02106342 0.01871071 0.01660726 0.01464962 0.01286898 0.009470459 0.008993165 0.009246524 0.01095912 0.01130439 0.01113751 0.01043055 0.01478004 0.009505309 0.008111407 0.007321277 0.02792527 0.007787274 0.01667872 0.02106381 0.003316291 0.002961854 0.002737289 0.002636838 0.008445095 0.009013454 0.008794943 0.007525992 0.0001931117
0.04424257 0.03651275 0.0403403 0.01893587 0.01300956 0.0184793 0.0557863 0.02096752 0.01596724 0.01201886 0.01515926 0.02393752 0.02599483 0.02630515 0.03212572 0.03436287 0.05876014 0.0734093 0.08828702 0.09465406 0.07677994 0.05969996 0.04501576 0.05411022 0.05084395 0.03763852 0.03909376 0.02388223 0.01990787 0.01366051 0.01608834 0.01228319 0.01000055 0.008832061 0.009231269 0.01096932 0.01454303 0.01714289 0.0227652 0.02889223 0.009034134 0.00825217 0.01696027 0.03325459 0.01381772 0.003876123 0.006968882 0.003130019 0.002812791 0.002605686 0.00249866 0.002541736 0.002616492 0.002766018 0.005031439 0.003179281
0.02464166 0.02257774 0.02307969 0.01860057 0.0189414 0.01921457 0.02699285 0.02622079 0.02427168 0.01325685 0.01462748 0.02815085 0.02711976 0.03056255 0.04094866 0.04957752 0.06763394 0.08617469 0.100032 0.102727 0.09118003 0.06937177 0.0497359 0.04772789 0.04120545 0.03957859 0.03296561 0.03342478 0.02043088 0.01564628 0.01521489 0.01318866 0.009879396 0.01033404 0.01209399 0.01186455 0.04703231 0.02398544 0.02268447 0.008242322 0.008854672 0.00825077 0.007523843 0.0266492 0.01601087 0.004105482 0.003840542 0.003481911 0.003196889 0.003004452 0.002893422 0.002786701 0.002675278 0.002571831 0.002493601 0.0002619843
0.01297751 0.01407745 0.01919699 0.02298515 0.02583998 0.01227327 0.0113459 0.01878112 0.0224913 0.01388771 0.01765029 0.02452621 0.02802376 0.03708158 0.04803786 0.09161725 0.08376867 0.1282903 0.1174093 0.1334127 0.1386885 0.1151338 0.0622638 0.03734473 0.03601683 0.04115152 0.02878634 0.04441015 0.02664206 0.02462082 0.01948219 0.01841654 0.01331785 0.0157877 0.01790786 0.02043936 0.0457547 0.0125475 0.01212129 0.01015853 0.007862773 0.007343605 0.006687278 0.01204675 0.01400772 0.006480129 0.003257278 0.003124186 0.002936079 0.002976988 0.01229236 0.009847833 0.0009817975 0.0008919442 0.000859275 0.001131761
0.01224963 0.008869933 0.0103897 0.02088726 0.0129231 0.01197832 0.01404701 0.01909022 0.01583494 0.02194671 0.02005212 0.02382268 0.02803131 0.03360074 0.04238754 0.06788079 0.08684632 0.1197907 0.1507757 0.1542491 0.1434503 0.09596178 0.04781422 0.04935317 0.0515151 0.04362258 0.0369131 0.03831537 0.03847395 0.02453102 0.01922137 0.02437259 0.0147482 0.013901 0.02000723 0.02736249 0.01526955 0.0127578 0.01138455 0.01390952 0.01112223 0.007356305 0.006758563 0.004346537 0.007072123 0.003647356 0.003493056 0.007102508 0.01803504 0.01522863 0.01849692 0.01432016 0.0009371918 0.009732294 0.0008697833 0.0003310027
0.02228649 0.01351016 0.01280981 0.02162058 0.01431892 0.01503719 0.02308691 0.02119999 0.02488778 0.03114762 0.022802 0.0243721 0.03234086 0.0354959 0.04458181 0.07329492 0.07535083 0.1506673 0.1314204 0.130745 0.1192429 0.09313904 0.04755764 0.05671019 0.06992642 0.06422899 0.0541667 0.0353649 0.04022388 0.03107967 0.01951767 0.01987983 0.04006055 0.01047571 0.007998665 0.01095383 0.01158426 0.01224314 0.01101224 0.0164384 0.01631411 0.009539387 0.006510044 0.0100439 0.01271755 0.006909608 0.003532211 0.00806873 0.0121446 0.01230851 0.008776906 0.0009689071 0.0009216993 0.008776312 0.0008581168 0.001561219
0.04043108 0.03026551 0.02711684 0.03256995 0.02548865 0.03272101 0.0309938 0.02957003 0.02923311 0.03863711 0.02556709 0.03400053 0.04944401 0.03824567 0.04974189 0.09675138 0.07475653 0.1083921 0.1414349 0.1572039 0.1349626 0.06392853 0.04705849 0.05317938 0.09856024 0.07834681 0.08746087 0.04689109 0.05197029 0.03772436 0.03082534 0.02222894 0.05720071 0.01028992 0.008233507 0.01088806 0.01280051 0.0141337 0.01504836 0.01666912 0.01548122 0.008031903 0.005936943 0.01816875 0.02136049 0.01268792 0.007182464 0.01175429 0.01241518 0.006875075 0.003078046 0.0009394535 0.0008973546 0.001221213 0.0008388499 0.0003505385
0.07392507 0.04076085 0.04092091 0.03331404 0.02992476 0.03585417 0.03200961 0.02841845 0.02732338 0.036902 0.03624883 0.0495618 0.06469371 0.05627491 0.06989257 0.1326945 0.1043042 0.1163991 0.1344097 0.1357596 0.1243589 0.08064318 0.05203849 0.08505125 0.07862759 0.07781909 0.1048752 0.07297049 0.04892125 0.02556831 0.02620443 0.01595604 0.01308009 0.01509439 0.01867418 0.01154031 0.02482224 0.01675319 0.01427767 0.01470713 0.01017747 0.00501733 0.004747933 0.004659799 0.01550922 0.01202868 0.009306601 0.01239907 0.01188677 0.004145578 0.004065339 0.009258062 0.008257236 0.002996985 0.002792161 0.001835191
0.07247315 0.06953616 0.0433724 0.0290685 0.02978976 0.02447564 0.02358309 0.02928599 0.02410853 0.0281014 0.02903559 0.04935123 0.05270091 0.06058032 0.0803053 0.1751413 0.1086032 0.1138512 0.1379608 0.09669018 0.07599466 0.08981771 0.05698355 0.05457344 0.06354301 0.1029751 0.1284047 0.09156936 0.06004652 0.02605614 0.01717176 0.01849978 0.01598563 0.01153491 0.02324595 0.0114723 0.01014534 0.008694897 0.01359566 0.007256976 0.004732409 0.006570116 0.008547164 0.007086942 0.02923993 0.03241802 0.01036947 0.01029943 0.004201528 0.007433037 0.00410016 0.003241527 0.003689218 0.00284662 0.002794589 0.001837966
0.08613436 0.06026886 0.0677057 0.02678203 0.02954924 0.03767553 0.03673949 0.02730903 0.02547142 0.02816674 0.03105726 0.05609589 0.06294748 0.06673746 0.0960248 0.1534018 0.1768087 0.1063191 0.1676627 0.1143094 0.0907684 0.08373753 0.07278253 0.05413482 0.06505965 0.08178241 0.1076813 0.08011338 0.05756285 0.03000864 0.01804295 0.01773416 0.01294703 0.01111078 0.01283048 0.01399373 0.009708559 0.008862695 0.007341264 0.004714939 0.009178978 0.009668711 0.01296726 0.003774042 0.03888557 0.02767144 0.02476269 0.009368492 0.003994373 0.003971835 0.003962197 0.005240178 0.005634647 0.002888431 0.002794296 0.002419355
0.1079568 0.07425705 0.04568518 0.03066756 0.03200484 0.03979652 0.02517743 0.02050652 0.02443475 0.02214949 0.03194727 0.05625172 0.06324306 0.0662709 0.1093194 0.1205224 0.1582144 0.09820431 0.119415 0.09544936 0.1002548 0.09074799 0.1054802 0.08859082 0.09657862 0.07948682 0.07210322 0.06757467 0.04311356 0.0341095 0.04288233 0.02256157 0.01534546 0.01135078 0.01231309 0.01158857 0.00920999 0.00911288 0.006642466 0.008463613 0.01311749 0.01368358 0.01647766 0.02794727 0.03793868 0.008555634 0.007272256 0.004163081 0.004155898 0.004143059 0.004150534 0.002808295 0.003045175 0.003087604 0.002785551 0.002137097
0.0455882 0.03183522 0.03614271 0.02817349 0.03200858 0.03794364 0.01974121 0.02146784 0.03028801 0.02014849 0.02280237 0.03722131 0.05034395 0.0676929 0.07869098 0.1025124 0.09021703 0.1207437 0.0833203 0.0572282 0.06231007 0.0550607 0.08573268 0.09256576 0.1058752 0.06827053 0.0826875 0.06025911 0.03116146 0.05985058 0.03813421 0.02095045 0.01205882 0.01830465 0.006442062 0.006513995 0.005722228 0.00637944 0.01094359 0.003685334 0.005876521 0.006707361 0.007344183 0.02633993 0.02754753 0.0076311 0.003124023 0.004323189 0.004211971 0.008258075 0.003986715 0.003980695 0.003783458 0.003570833 0.003645703 0.00108871
0.03597363 0.02706081 0.03331362 0.02602278 0.03223898 0.02953205 0.02533056 0.02408743 0.02454361 0.02465745 0.02946847 0.04814356 0.05778694 0.0637548 0.07158456 0.08217391 0.08734988 0.08336255 0.1075886 0.08330816 0.09589742 0.07308169 0.05861576 0.1162908 0.07045115 0.04188344 0.06342209 0.06055463 0.02278553 0.03631474 0.02110148 0.03540421 0.01981599 0.0271301 0.008860895 0.005883496 0.005036045 0.004386518 0.003950497 0.004841219 0.005467555 0.004180535 0.004143528 0.01368283 0.01342652 0.002668432 0.00276691 0.003677056 0.003690373 0.003731371 0.003761389 0.003568038 0.003427738 0.00350942 0.00356679 0.00108871
0.05055537 0.04496514 0.04613874 0.03105416 0.03334025 0.02981123 0.03314672 0.05093155 0.04980629 0.04252376 0.05288752 0.04910804 0.0704461 0.08452971 0.07845436 0.07406503 0.09645204 0.1173252 0.09622173 0.1362545 0.1275549 0.1357081 0.09204407 0.09912479 0.06398169 0.03635804 0.02772023 0.04580082 0.03043798 0.03446546 0.02724081 0.0272494 0.01327556 0.0106089 0.006355221 0.005869779 0.004978518 0.004393644 0.00401731 0.003046804 0.005728529 0.005482524 0.00231893 0.007699415 0.00753335 0.00243901 0.002522066 0.003344108 0.003394374 0.003423636 0.003802464 0.003581 0.003284902 0.003460217 0.003445916 0.00108871
0.04793815 0.04540427 0.04296537 0.0382866 0.04951269 0.04263291 0.03326514 0.04466907 0.06340632 0.06283639 0.06400978 0.06582906 0.06843463 0.08859535 0.08713681 0.09503379 0.0894646 0.1171131 0.124969 0.1992867 0.1235492 0.1312229 0.1366111 0.05323235 0.07253613 0.03327987 0.02091433 0.03539198 0.03825327 0.0492933 0.03488695 0.02237315 0.01387142 0.008729113 0.009468061 0.0433432 0.1273216 0.01028288 0.004301387 0.003364631 0.002867329 0.005101924 0.005373711 0.002550022 0.002417475 0.002347579 0.004111513 0.002897785 0.002971065 0.002802057 0.003059258 0.004268332 0.003123249 0.003460217 0.003445916 0.00108871
0.05029452 0.04830293 0.05417043 0.04188119 0.04324914 0.04968869 0.04889445 0.07528259 0.09705032 0.1036185 0.1091367 0.1018073 0.09708566 0.0883568 0.07728481 0.1072749 0.1306202 0.1740983 0.1452025 0.2303842 0.160004 0.1306576 0.1388483 0.05490082 0.06237645 0.04655145 0.01349279 0.02151722 0.04216741 0.0381644 0.01082915 0.01096561 0.01071404 0.00795893 0.009926903 0.06202238 0.2276211 0.01127085 0.006484441 0.007806784 0.007297303 0.005046149 0.007341332 0.008819245 0.004240161 0.005075776 0.005064667 0.003109325 0.002189164 0.002264939 0.00255189 0 0 0 0 0.0002419355
0.0709902 0.03547256 0.0355875 0.0613018 0.05652618 0.04412582 0.04108408 0.08690249 0.08321904 0.08512297 0.08840208 0.1163827 0.1158685 0.1246215 0.1351798 0.1023757 0.1126533 0.1217165 0.1319214 0.167731 0.1477824 0.1384723 0.1694022 0.05819752 0.04614275 0.02194838 0.01412856 0.01423432 0.04035452 0.01398356 0.0317577 0.01407243 0.01162832 0.01045812 0.007165099 0.01017397 0.01950893 0.01037363 0.007339518 0.009271466 0.009448909 0.005232328 0.004521445 0.004545192 0.004202651 0.00361332 0.003601857 0.002123183 0.00191268 0.002005836 0.002124415 0 0 0 0 0.0002419355
0.05809873 0.0475409 0.05109565 0.07366572 0.08551995 0.05359878 0.05332401 0.08592779 0.1009278 0.1445748 0.0945381 0.1155475 0.1155274 0.145372 0.1637302 0.1088763 0.1003597 0.1173435 0.1380305 0.1711883 0.1570822 0.1263397 0.1092776 0.05413758 0.0606448 0.0236695 0.02630508 0.02140887 0.03977903 0.03897237 0.0253112 0.0186439 0.01279561 0.01142372 0.01214057 0.01231036 0.01068466 0.01072708 0.01770998 0.01503934 0.01982311 0.008689069 0.00454178 0.003804593 0.003428777 0.00661701 0.002895777 0.001998909 0.001801812 0.001571833 0.001572631 0 0 0 4.032258e-005 0.0002419355
0.05043207 0.06056509 0.06598059 0.09331837 0.1034388 0.1092258 0.1099364 0.09782851 0.1033112 0.1219645 0.1183585 0.1388115 0.1558186 0.1593518 0.1761241 0.1442212 0.1269126 0.1295522 0.1310497 0.17818 0.155528 0.1286145 0.1155802 0.08261506 0.07618048 0.04815349 0.04464319 0.03344546 0.03675896 0.05367268 0.01024724 0.02508402 0.01517806 0.02326942 0.01390651 0.01503132 0.01211526 0.01051607 0.01283443 0.03220155 0.0288258 0.01310966 0.005306996 0.003744484 0.003313299 0.01104276 0.002535226 0.001991865 0.003032926 0.002067303 0.001584915 0 0 0 0 0.0002419355
0.06290086 0.07821747 0.08683198 0.1187627 0.09825411 0.1054115 0.08415689 0.06302755 0.07367234 0.101347 0.1246311 0.1308685 0.08085047 0.09163003 0.0819869 0.1096602 0.09935784 0.09664746 0.07542185 0.1696184 0.163901 0.1252812 0.1196602 0.09695117 0.08047234 0.06956698 0.04671321 0.02919572 0.02274067 0.02904014 0.0172304 0.02614592 0.0197882 0.01362728 0.0116646 0.01250483 0.01000367 0.008274026 0.01265024 0.01597193 0.01276813 0.009904968 0.004314444 0.003757462 0.003402563 0.002374409 0.002283935 0.01608871 0.01004032 0 0 0 0 0 0 0
0.06500359 0.06815267 0.1064162 0.1034699 0.1109434 0.08465149 0.0650949 0.06826846 0.05954064 0.06924115 0.1347393 0.1145828 0.1010285 0.07990424 0.05219823 0.08048861 0.0645202 0.06332799 0.08677744 0.1955402 0.1924405 0.1413452 0.1365205 0.1315715 0.13471 0.08416299 0.04024022 0.02620285 0.02529861 0.02656123 0.02454861 0.03263777 0.03126065 0.01687693 0.01427909 0.01452749 0.01132582 0.009001512 0.009787676 0.01623735 0.00953819 0.008672847 0.003803561 0.004259881 0.003704394 0.002280771 0.004259943 0 0 0 0 0 0 0 0 0
0.07684329 0.06481219 0.08825853 0.1114296 0.08367373 0.08779319 0.07265846 0.05735782 0.09399312 0.1112112 0.1779446 0.1206946 0.09127731 0.08835308 0.07123531 0.05570251 0.04994971 0.05697681 0.06695819 0.1876443 0.1773961 0.1429839 0.1315275 0.1123589 0.1071153 0.1564694 0.0562836 0.04185221 0.03220987 0.02252088 0.02734275 0.04318955 0.02916255 0.03154752 0.0169102 0.0174186 0.01369797 0.01086425 0.009000652 0.007412452 0.008562526 0.003124817 0.002398768 0.003050277 0.002487554 0.00454464 0.002146158 0 0 0 0 0 0 0 0 0
0.07526401 0.08849621 0.07588945 0.1009409 0.07260028 0.05351042 0.06884115 0.06764911 0.08965841 0.1047209 0.1603908 0.1203201 0.09655755 0.08298898 0.08605219 0.07211621 0.0634982 0.06906965 0.06931533 0.1642186 0.1577285 0.1703419 0.1576062 0.1336221 0.1248897 0.1186099 0.06375366 0.0635578 0.04597217 0.04451755 0.03718682 0.05216372 0.04195442 0.03006143 0.02112645 0.02137053 0.01709106 0.01376871 0.01139045 0.008332803 0.006147359 0.004195407 0.003065391 0.003558763 0.002615305 0.001789915 0.003338762 0 0 0 0 0 0 0 0 0
0.05206133 0.06034691 0.07491542 0.09341609 0.08334718 0.06186961 0.1117964 0.1536849 0.09983378 0.09043317 0.1210893 0.08117709 0.05072812 0.09333484 0.08036394 0.0674221 0.0863424 0.1166816 0.119284 0.1542431 0.1537825 0.1790858 0.1424681 0.1366218 0.1258642 0.117108 0.1183693 0.08451895 0.07207199 0.08150586 0.07547943 0.07662135 0.06540032 0.06988234 0.05275054 0.02500518 0.0227474 0.02316637 0.01714135 0.01865535 0.00848286 0.005819624 0.004636322 0.002180604 0.001465874 0.001037904 0.001025174 0.003427419 0.001048387 0.0005241935 0.0005241935 0 0 0 0 0.0005241935
