contrib/geomasonDemos/riftland/riftlandData/RainData/.svn/text-base/26.txt.svn-base
ncols         56
nrows         54
xllcorner     28.264
yllcorner     -5.7719999999999
cellsize      0.25
NODATA_value  -9999
[rows 26 to 51 of 54, columns 0 to 55 of 56]
0.06818859 0.08776285 0.03900386 0.04089672 0.04416124 0.03549371 0.02686069 0.02505129 0.01597661 0.01558095 0.02034059 0.03970633 0.04886022 0.05359563 0.03891189 0.04457296 0.0479572 0.04671613 0.04059943 0.02864637 0.02386654 0.02443261 0.01871414 0.0150119 0.01381536 0.01880807 0.007633273 0.005134403 0.01234848 0.008872923 0.001894644 0.002590453 0.002646042 0.002748124 0.003138392 0.002955767 0.003265101 0.003289934 0.00302685 0.002622119 0.002367753 0.002026845 0.00159482 0.0006316982 0.0004059618 0.0002417282 0.0002973857 6.859792e-005 1.173084e-005 2.915996e-006 2.082905e-006 5.234656e-005 0 0.0006416724 0 0
0.07211813 0.1334487 0.1481296 0.05512897 0.04433835 0.05069794 0.03401034 0.0342135 0.02646662 0.02612171 0.03229037 0.05807313 0.07031501 0.06888046 0.08120917 0.07123489 0.07512374 0.07854886 0.0626273 0.0412453 0.04739474 0.03064714 0.02619194 0.02141549 0.01247933 0.01155372 0.0118641 0.004571065 0.005409324 0.007362823 0.003967186 0.002926372 0.002914893 0.003256187 0.003759439 0.004600273 0.004943753 0.005086988 0.004629853 0.003942681 0.003575439 0.003118508 0.002445196 0.001295538 0.0009347012 0.0008763265 0.0008537785 0.0001057944 4.453252e-005 1.211094e-005 0.0002943662 0 9.789564e-005 0 0.0001247718 2.943986e-007
0.1238508 0.08856127 0.0785531 0.05964075 0.03443556 0.04436155 0.03538668 0.0351871 0.03020484 0.03366887 0.03588205 0.04736689 0.07385655 0.06795614 0.07719313 0.09544368 0.07170803 0.07155634 0.07480723 0.05917991 0.05609731 0.04114084 0.03207823 0.02679145 0.02099637 0.02068978 0.01352699 0.005061477 0.004783462 0.007208385 0.007208769 0.003674935 0.003224401 0.003596179 0.004327327 0.005319412 0.005831567 0.005953958 0.005497247 0.004931139 0.004254515 0.003665543 0.002889748 0.001552693 0.001144458 0.0008156332 0.0005052336 0.0001276524 5.446971e-005 1.557038e-005 1.110793e-005 0 0.0001645932 0.0001751938 0 4.09696e-007
0.08349855 0.05802175 0.09787925 0.08057059 0.04940118 0.0390071 0.0430391 0.03548682 0.04124741 0.03510271 0.03931297 0.04907035 0.05957936 0.07434279 0.08154314 0.07775845 0.08605648 0.07702907 0.06558312 0.06155439 0.05455588 0.03956237 0.0329383 0.02476224 0.02949831 0.0268435 0.01788304 0.007312951 0.004034733 0.004012477 0.006188367 0.004936533 0.003247161 0.003586639 0.004404971 0.005457562 0.006066636 0.00620037 0.006447129 0.00540222 0.004471847 0.003841359 0.003034515 0.001626749 0.00100894 0.0007173984 0.0005293105 0.0001316211 5.664184e-005 1.716143e-005 0.0001280349 0 0.0009895066 0.0003926413 0 1.081835e-006
0.06731316 0.1250544 0.101033 0.07482339 0.04544588 0.03855611 0.03470698 0.0367122 0.03682793 0.04176682 0.04071875 0.05555125 0.06353171 0.06527513 0.06607437 0.07991502 0.06706219 0.07092559 0.07965607 0.0564129 0.04491592 0.03880033 0.03401869 0.02530709 0.02684901 0.04463096 0.03404336 0.01554336 0.005973652 0.004106381 0.004787694 0.009972245 0.003680598 0.00428167 0.00403307 0.005211359 0.01362081 0.006663996 0.005570375 0.004599084 0.004222327 0.003641093 0.002860386 0.001513873 0.0009173514 0.0005451191 0.0004013724 0.0001171883 5.098364e-005 1.690646e-005 1.481702e-005 0 0 0 0 2.298719e-006
0.09283377 0.1151994 0.05882345 0.08082709 0.05624145 0.05212019 0.05186386 0.05655022 0.05481358 0.05495679 0.05960603 0.06756147 0.07085655 0.06995953 0.06541371 0.07105576 0.05772059 0.06679158 0.07780606 0.05227629 0.04299522 0.03549395 0.03004249 0.02883444 0.02918946 0.04603964 0.04506867 0.02476454 0.01415519 0.007384203 0.005056937 0.006238626 0.004566432 0.005338123 0.005047612 0.009153736 0.01906466 0.006334701 0.005452936 0.004177644 0.003849947 0.003323805 0.002597784 0.0007998339 0.0004727526 0.0002718348 0.0002004764 5.522203e-005 2.438957e-005 8.937682e-006 8.858027e-006 3.18886e-006 3.165744e-006 3.25995e-006 3.434017e-006 3.897998e-006
0.07223584 0.06086202 0.06176865 0.07170989 0.0569181 0.05379423 0.0547624 0.06555276 0.06982866 0.05934604 0.05945028 0.0754446 0.08215858 0.07899821 0.06340256 0.05708723 0.05559685 0.06401274 0.06565128 0.0474171 0.03977105 0.03617391 0.03470422 0.03141142 0.03192578 0.03586544 0.03429747 0.03015432 0.01791373 0.009690053 0.00473147 0.006756674 0.006130747 0.005552174 0.01254938 0.01163578 0.008000902 0.005527948 0.005052933 0.003897599 0.003616981 0.003110535 0.002449466 0.0007377312 0.0004202838 0.0002321331 0.000171873 4.773365e-005 2.14266e-005 8.772966e-006 9.728286e-006 2.998329e-005 4.250523e-006 4.497002e-006 4.676688e-006 0.0001412242
0.05691902 0.0628451 0.05720828 0.06452034 0.06332811 0.06456593 0.06375018 0.06841897 0.06836841 0.07421736 0.06540746 0.07858488 0.08798701 0.07448298 0.06096158 0.05329016 0.05750407 0.06287115 0.05959298 0.04768976 0.04498896 0.04793657 0.04125756 0.0376391 0.03590696 0.03662084 0.03577342 0.02898127 0.01433993 0.009540394 0.006880706 0.00455979 0.007908237 0.01030177 0.007299268 0.006093597 0.007525235 0.006270212 0.004404266 0.003416689 0.003187332 0.002764272 0.002690827 0.0006497826 0.0003718485 0.0002079719 0.0001589918 4.716409e-005 2.601641e-005 1.627095e-005 1.789102e-005 7.063781e-006 7.626524e-006 7.753164e-006 7.444931e-006 7.681119e-006
0.07449688 0.07300609 0.07447855 0.06638103 0.06732725 0.06663474 0.06428139 0.07121813 0.06676863 0.0694097 0.07128018 0.08628637 0.07796404 0.06993148 0.07349614 0.05723509 0.06436674 0.07316376 0.06706534 0.05420785 0.05943079 0.05637326 0.04894775 0.04434858 0.04362814 0.0472311 0.04604888 0.03116299 0.02004071 0.01012627 0.008292235 0.006225856 0.01062299 0.01276739 0.009938196 0.006186733 0.005418991 0.006538013 0.003837051 0.002738528 0.002573547 0.002261156 0.001764324 0.0005437096 0.0003252258 0.0001978363 0.0001687894 5.377131e-005 3.819666e-005 0.0004467609 3.327154e-005 1.268267e-005 1.331616e-005 1.299658e-005 1.175526e-005 1.119585e-005
0.09595846 0.08292507 0.06126697 0.08245284 0.07016456 0.06681265 0.06695248 0.07447413 0.07005353 0.07061971 0.08034709 0.08997165 0.09375302 0.08725784 0.07490547 0.08530954 0.09507728 0.1034147 0.0740952 0.08354681 0.07644963 0.06201295 0.05664408 0.05455544 0.06161632 0.05936567 0.04427724 0.03137235 0.0273458 0.01607702 0.01242459 0.00893282 0.005142651 0.007969721 0.01134792 0.005847062 0.005711475 0.00314766 0.005137151 0.001648158 0.001585336 0.001408354 0.001112809 0.0005170683 0.0003295765 0.0002209575 0.0001928983 0.0001991031 0.000165681 0.0001521399 0.0001593369 3.195451e-005 3.327956e-005 3.175994e-005 2.786594e-005 0
0.0715772 0.06143669 0.06072776 0.07836395 0.0701584 0.07016993 0.07004319 0.07799536 0.0750278 0.07477 0.07414657 0.0783783 0.09054366 0.08489075 0.08283223 0.07707383 0.1003236 0.1080454 0.08021072 0.09307355 0.07145254 0.06687657 0.06621928 0.06588703 0.0799351 0.06452502 0.07702824 0.05400879 0.02505651 0.01763956 0.01353239 0.007812385 0.005725853 0.007188916 0.006751687 0.002985515 0.009389834 0.01056167 0.008678497 0.002037981 0.001183222 0.0009924724 0.0008065237 0.0003914584 0.0002746197 0.0002098419 0.0001966014 0.0002206368 0.0002048081 0.0002016099 0.0002093697 4.167678e-005 4.302457e-005 4.104968e-005 3.55713e-005 0
0.09093967 0.07052355 0.06316769 0.07482178 0.074155 0.07413061 0.07271324 0.0803865 0.07628226 0.07390884 0.07096275 0.07991687 0.08490811 0.08648511 0.08366449 0.09141033 0.09050231 0.1096022 0.09806449 0.08234762 0.07886089 0.07755284 0.07650533 0.08419359 0.1235002 0.07090154 0.06133441 0.04406044 0.03117276 0.01650785 0.01294647 0.004757832 0.001981952 0.004645464 0.004900877 0.002317669 0.00246239 0.003196056 0.005983175 0.007145789 0.001410182 0.0007160705 0.0006089691 0.0003157918 0.0002487503 0.0002146976 0.0002134309 0.0002543026 0.0002532385 0.0002558425 0.0002625806 0.0001266361 0.0001275474 5.533499e-005 5.896372e-005 0
0.08379648 0.06602884 0.0555586 0.07481693 0.07972872 0.07539203 0.07217977 0.07938588 0.07212517 0.06820182 0.06880684 0.08454745 0.07682697 0.08693458 0.07391874 0.07072953 0.1041177 0.108853 0.1099579 0.07299767 0.07101399 0.08012354 0.08822577 0.09319504 0.09340642 0.07613379 0.06629261 0.04585858 0.02692128 0.01998005 0.01299601 0.003758746 0.00266098 0.004026531 0.004393107 0.002108621 0.001488991 0.001288092 0.002924033 0.001410066 0.004162191 0.002514205 0.001131199 0.0002907349 0.000251961 0.0002347722 0.0002425707 0.00030104 0.0003108705 0.0003159855 0.0003186367 6.223506e-005 6.237777e-005 6.320373e-005 6.453715e-005 0
0.07544024 0.06734165 0.04464988 0.08326323 0.07174936 0.06921478 0.06268365 0.0752309 0.07173607 0.06323747 0.06261652 0.07896712 0.08424649 0.09668059 0.07193957 0.07337878 0.1172379 0.08629468 0.07438847 0.06153096 0.05705709 0.04970694 0.06481584 0.07694523 0.07423262 0.06514928 0.05516987 0.04594316 0.02552526 0.01884891 0.01289357 0.01158815 0.006640001 0.007684107 0.005305554 0.001254003 0.001233462 0.0006186788 0.002823722 0.002043393 0.003470401 0.004163701 0.001683012 0.000473317 0.0004534144 0.0004584474 0.00048892 0.0004077929 0.0004986673 0.0004788072 0.0004424832 0.0004067317 0.0004049714 0.0004012319 0.0003954908 0
0.07977191 0.06385733 0.05951542 0.08574912 0.07238881 0.06268359 0.05743589 0.07012036 0.07198428 0.07301048 0.06773084 0.07424911 0.07809932 0.08537015 0.08877929 0.06941244 0.08023398 0.06618756 0.05549971 0.05629358 0.06217173 0.05648243 0.07472596 0.06959916 0.08118386 0.05196976 0.06363987 0.05474038 0.04234076 0.02762007 0.02510907 0.01489836 0.009857845 0.007039666 0.007551502 0.001676013 0.0007527194 0.001113746 0.0008093742 0.001471848 0.002703186 0.003685593 0.003369414 0.001659608 0.0007745888 0.0004951123 0.0005418081 0.0004617934 0.0004986502 0.0005161567 0.0005100329 0.0004651447 0.0004585608 0.0004464508 0.0004270852 0
0.08883679 0.06863808 0.0747321 0.08652493 0.0640625 0.06204021 0.05599287 0.0673895 0.07230049 0.07643507 0.07961809 0.0784629 0.0774464 0.08070894 0.08199047 0.07186277 0.06519536 0.05912058 0.06607366 0.07033994 0.0680344 0.06769253 0.09095694 0.0655962 0.04558672 0.04935945 0.06813389 0.04857241 0.03757044 0.04198036 0.03973113 0.01847798 0.01507625 0.005739195 0.005781217 0.002341456 0.001503677 0.001071933 0.001465976 0.001079759 0.001313348 0.003172074 0.002897959 0.0003945721 0.001381069 0.0004999441 0.0005627185 0.0005156803 0.0005425574 0.0005607713 0.0005522302 0.0005019802 0.0004931709 0.0004810136 0.0004801299 0
0.08438193 0.05611577 0.05784213 0.07811201 0.06762354 0.0628112 0.06752535 0.07349734 0.06791522 0.07190787 0.08022577 0.08914772 0.0897755 0.1062809 0.09258145 0.084434 0.07985535 0.0709971 0.08222751 0.08148728 0.0616767 0.06277248 0.0635477 0.06686557 0.04894625 0.04084744 0.03898217 0.04047524 0.03186827 0.04427087 0.0449768 0.01984004 0.0197693 0.008278518 0.007382939 0.009695204 0.02492453 0.002136914 0.0008859913 0.001169564 0.0009668279 0.0009206068 0.002978097 0.001655811 0.0009389277 0.00209459 0.0008523269 0.0004966063 0.0005581548 0.0005829711 0.0005720856 0.0005153302 0.0005043875 0.0004810136 0.0004801299 0
0.04904047 0.04153027 0.02837683 0.04510513 0.06016976 0.03429118 0.04846311 0.08460428 0.0884732 0.086569 0.08361493 0.1091697 0.1040593 0.1179248 0.1128905 0.1161833 0.1090003 0.1209663 0.1521868 0.1278729 0.07407268 0.08136949 0.06738342 0.09067341 0.08712419 0.02588177 0.02213896 0.03451421 0.03422694 0.05110122 0.05715742 0.03807857 0.03886161 0.02720782 0.01579495 0.02336456 0.1040375 0.005507342 0.002731255 0.001478603 0.0009641771 0.0008630167 0.001168142 0.0006054552 0.001520481 0.0008075199 0.00506165 0.005766972 0.0009272154 0.0008379318 0.0008184491 0 0 0 0 4.310345e-005
0.09533431 0.06360045 0.03843367 0.04209547 0.07047226 0.06263001 0.04753914 0.1035303 0.09873344 0.1117646 0.1158133 0.1392476 0.1137384 0.1086249 0.1090766 0.1029536 0.07076763 0.07739204 0.08296474 0.1153218 0.09610951 0.09221462 0.0643934 0.08394212 0.0780253 0.02971425 0.02000536 0.0427766 0.03404056 0.03820991 0.0170913 0.02974068 0.02454934 0.03610545 0.02406505 0.01425142 0.01462811 0.00372009 0.002860087 0.002225819 0.002201494 0.001321033 0.000944661 0.0003554969 0.001672766 0.001863838 0.001532755 0.001063008 0.002893355 0.001670839 0.0008410661 0 0 0 0 0
0.1139341 0.09896737 0.07497177 0.06980152 0.08069007 0.09639124 0.07177545 0.1099311 0.1194873 0.1232604 0.13404 0.1391256 0.1507872 0.1573801 0.1233902 0.08895006 0.07206894 0.0846701 0.08231471 0.07233542 0.08187303 0.08460486 0.05980342 0.08975489 0.05540717 0.03608343 0.01845442 0.02382108 0.0186953 0.01168643 0.01713502 0.02622032 0.03309194 0.01684537 0.02803837 0.01518656 0.007362775 0.009108174 0.006074905 0.001577989 0.001733222 0.001366105 0.001650039 0.0003545483 0.0003391803 0.0009045183 0.000796687 0.0006557527 0.0007755131 0.0009407178 0.000888143 0 0 0 0 0
0.1179737 0.1080417 0.1005383 0.08920963 0.07926441 0.09926119 0.08976208 0.0903955 0.1079547 0.1304813 0.1295592 0.1284219 0.1782425 0.1759293 0.1908791 0.09193189 0.08147282 0.1273329 0.09619272 0.05810802 0.07002536 0.06421076 0.04494128 0.06251451 0.04236629 0.03328696 0.0165305 0.04064845 0.03086593 0.01526381 0.0114917 0.02558766 0.01943016 0.02038792 0.009339004 0.007531904 0.004969462 0.007208209 0.01045761 0.003328146 0.001616929 0.001032345 0.001015174 0.0003605234 0.000293547 0.0003240517 0.001448527 0.001702486 0.000672953 0.000886975 0.000886975 0 0 0 0 0
0.09053193 0.1051603 0.1295725 0.05638612 0.06856351 0.08459133 0.09531701 0.0944832 0.1123349 0.1062275 0.1224292 0.1389098 0.182719 0.160441 0.1640805 0.1054205 0.09129297 0.09813122 0.08029267 0.06089808 0.06256033 0.05689368 0.04068531 0.0605087 0.04014631 0.0368231 0.02654395 0.02528933 0.03044039 0.01625581 0.01140141 0.0216566 0.02946362 0.02144524 0.01650806 0.0133731 0.006117818 0.004246608 0.0039279 0.002919712 0.001385338 0.000693077 0.001270502 0.0001178148 0.0001172337 7.743948e-005 0.001034572 0.01741379 0.007370689 0 0 0.00512931 0 4.310345e-005 0 0
0.138831 0.08740386 0.1087671 0.07822831 0.06497133 0.0653199 0.1137174 0.1221793 0.09537013 0.09480952 0.1157931 0.1348896 0.1659286 0.1700234 0.1459364 0.1386188 0.1244656 0.139046 0.08518544 0.05125305 0.08200998 0.09288891 0.06426622 0.06849594 0.05431174 0.05281356 0.04091502 0.04580264 0.04503578 0.02441546 0.01656088 0.03597106 0.03778603 0.03580125 0.03227166 0.0176298 0.007341083 0.004619721 0.004881926 0.003242577 0.001652937 0.000690012 0.00167984 0.0001266542 9.348608e-005 5.182303e-005 0.0001078931 0.007370689 0.003706896 0.004525862 0.0005172414 0 0 0 0.000775862 0
0.09156138 0.09705608 0.1184796 0.09868668 0.09617818 0.06957202 0.1176284 0.1018999 0.08569935 0.08487844 0.0973445 0.1247756 0.1303614 0.1559763 0.1580469 0.1589512 0.1011726 0.0691519 0.04145092 0.06531873 0.0830092 0.09896699 0.05937656 0.06999719 0.05559956 0.051189 0.03584272 0.04954889 0.04671298 0.04731014 0.02787736 0.03773914 0.03473912 0.03857802 0.02085328 0.02053072 0.009695064 0.006810135 0.005465748 0.004760035 0.005747854 0.001888679 0.002382001 0.0005771532 0.0001819047 7.027973e-005 9.839125e-005 0 0 0 0.003706896 0.007413793 0.003146552 0.000775862 0.0001293103 0
0.1723205 0.1524428 0.120349 0.1443597 0.1115221 0.09208718 0.1282664 0.1107538 0.09393933 0.07596552 0.09951051 0.1325538 0.1245346 0.1094359 0.1256284 0.1331352 0.1082253 0.0757808 0.05248209 0.08371782 0.1200297 0.1274872 0.09168153 0.1101674 0.08622155 0.07441728 0.04990974 0.06465697 0.06395305 0.05353077 0.03157042 0.04235297 0.0357851 0.03231108 0.02271135 0.02585601 0.01986513 0.009779028 0.007440261 0.00527316 0.003679094 0.002146205 0.001843593 0.001111048 0.0009127498 0.0004899752 0.0009855587 0 0.0005172414 0 0.002284483 0.004094827 0.008706897 0.007844827 0.00512931 0.0007758621
0.1437741 0.1336038 0.1642599 0.1646489 0.1264496 0.08371888 0.08584014 0.098722 0.08395641 0.09090734 0.1133506 0.1215239 0.1160285 0.1111904 0.111705 0.1515518 0.1292681 0.09696954 0.05611111 0.09006143 0.1101523 0.1500639 0.09943347 0.09574255 0.08497328 0.07880198 0.06945355 0.08651526 0.07032597 0.06363758 0.05406145 0.05767592 0.05659007 0.05061246 0.04104476 0.02747614 0.02167359 0.02151647 0.009464632 0.007228663 0.004471193 0.002823352 0.002265396 0.000995039 0.0006934175 0.0004071502 0.0008289439 0 0 0 0 0 8.620689e-005 0 0 0.01228448
