contrib/geomasonDemos/riftland/riftlandData/RainData/.svn/text-base/26.txt.svn-base
ncols         56
nrows         54
xllcorner     28.264
yllcorner     -5.7719999999999
cellsize      0.25
NODATA_value  -9999
[rows 0 to 25 of 54, columns 0 to 55 of 56]
0 0 0 8.993231e-008 1.25519e-007 1.784531e-007 0.001307729 7.480671e-007 9.230632e-007 1.004054e-006 1.00712e-006 0.001917829 0.00227389 0.001286835 0.001286859 0.000376082 0.001244123 0.0005597413 0.001019829 0.0008129653 0.0007412926 0.00286813 0.002799411 0.006991828 0.01385663 0.01174292 0.009229497 0.01080942 0.01250953 0.01401718 0.007104863 0.004778028 0.003073991 0.002793048 0.002880614 0.001858901 0.001252148 0.000969307 0.0004853171 0.0001729622 9.433871e-005 0.0003396734 0.0006752489 1.805771e-005 0.0001095595 8.638215e-005 0.0001322988 0.0006366502 0.0002592518 0.0004649591 0.0001398592 0.0003943154 0.0001357305 4.838765e-006 0 0
0 0 0 7.874282e-007 9.433156e-007 1.049746e-006 1.133843e-006 2.827931e-006 3.059977e-006 0.0003088998 3.065097e-006 0.002110977 0.001575398 0.001983354 0.00125519 0.0007780439 0.0009698413 0.0005108617 0.0005615181 0.0006442911 0.001090431 0.002550148 0.002143819 0.004345475 0.005975263 0.01269273 0.008576329 0.005684445 0.01351461 0.01114518 0.008159644 0.003449941 0.005990245 0.004031551 0.002744804 0.001652634 0.0008152676 0.001112485 0.0005245957 0.0001670421 0.0004931795 9.525562e-005 0.0001411543 4.764804e-005 7.721833e-005 0.0002139678 0.0002394475 0.0004593004 0.000331375 0.0001109332 0.0002309567 0 8.221063e-005 0 0 0
0 0 0 2.154902e-006 2.538817e-006 2.746857e-006 2.83543e-006 6.800014e-006 7.048351e-006 7.058583e-006 0.0001255029 0.001713351 0.001622577 0.001393071 0.001317288 4.409621e-006 0.001230984 0.001114024 0.0009724951 0.001085815 0.0009637516 0.003734817 0.004821212 0.004305744 0.005965666 0.01366976 0.01840797 0.00776103 0.006051949 0.006537249 0.005506679 0.00272613 0.005835571 0.005495118 0.001633408 0.001340108 0.0007300771 0.0004540926 0.0004051131 0.0001424505 0.0003886055 0.0001202757 0.0004864686 0.0004475804 4.561015e-005 0.0002145559 0.0008497754 0.0008562179 0.0004082288 0.0003464533 0 0 0 0.0001068755 0.0007406702 0.0005657392
1.285752e-005 1.548155e-005 1.939466e-005 2.13091e-005 2.496079e-005 2.694438e-005 0.0006171503 0.001178258 2.788201e-005 2.793746e-005 2.690921e-005 0.0007278249 0.0006951815 0.0006327861 0.0003883615 0.000748158 0.001445357 0.001971052 0.0009346158 0.001587922 0.003431038 0.004307887 0.00535562 0.005348042 0.004125989 0.01288158 0.01373565 0.01043248 0.005900119 0.005019404 0.004207372 0.004905393 0.002736644 0.002921751 0.001329829 0.0008044839 0.0007364331 0.0003939196 0.0003871508 0.0002553727 0.0001957514 0.0004929583 0.0007414223 0.0003005502 3.288757e-005 0.0001856458 0.002190296 3.430797e-005 0.0001830794 0.000148095 2.758949e-005 4.744704e-006 0 0.0003054806 8.081762e-005 5.389208e-005
1.788037e-005 2.15629e-005 2.698259e-005 2.943136e-005 0.000115997 3.698998e-005 3.745033e-005 3.706248e-005 0.001258483 0.001076703 3.652267e-005 0.0008875874 0.001722174 0.0007204038 0.0004354746 3.437155e-005 3.153109e-005 0.001929721 0.002250444 0.002125768 0.003109991 0.005090668 0.00371945 0.004155702 0.002287241 0.00762144 0.009342148 0.005034292 0.005344176 0.003820024 0.0046906 0.004459786 0.00171951 0.001750064 0.002443861 0.0004877854 0.0003601618 0.0002198141 0.001639863 0.0001383963 0.0004820246 0.0007592036 0.0003167578 0 0 6.305981e-005 0.0001479839 0 0 2.753643e-005 0 0 4.760608e-006 0.0001047793 0 2.444239e-005
2.741949e-005 3.132074e-005 3.718953e-005 3.909114e-005 0.0001207582 4.700466e-005 4.733872e-005 4.675633e-005 0.002108113 0.001428087 4.661493e-005 0.0009382153 0.001235587 0.0007927992 0.0006104001 4.859199e-005 0.0001375508 0.001498382 0.001907195 0.001582452 0.00195289 0.002712523 0.002946475 0.002496114 0.003470645 0.004170627 0.005809599 0.003015805 0.004472912 0.003385373 0.00393722 0.002410739 0.002014808 0.001162958 0.0009302575 0.0003552966 0.0003681906 0.0002473633 0.002843505 0.0002839271 0.0002791533 0.0001544538 5.473637e-006 0 0 0 0 0 0 0 0 0 0 0 0 0
4.133321e-005 4.507129e-005 4.997483e-005 4.983352e-005 5.432524e-005 5.708747e-005 5.726116e-005 0.001100123 5.684507e-005 0.0003694721 0.0009851109 0.0006628307 0.0008383372 0.001290184 0.001112489 6.749787e-005 6.721565e-005 0.001382949 0.0008991362 0.00192362 0.002712611 0.002000369 0.002324099 0.002099734 0.001393019 0.004097666 0.002602042 0.001694617 0.002736704 0.005598867 0.002170268 0.001532869 0.001822248 0.009379026 0.001128438 0.0007314148 0.0002996627 0.0008386887 0.0005163883 3.43477e-005 0.0005811013 1.892984e-005 3.913729e-006 0 0 0 0 0 0 0 0 0 0 0 0 0
4.871166e-005 5.137982e-005 5.548758e-005 3.224298e-005 3.428132e-005 3.541865e-005 3.570129e-005 3.526992e-005 5.202141e-005 3.618978e-005 3.672963e-005 3.548734e-005 3.55738e-005 0.0001737894 0.00039657 7.645477e-005 0.0001748407 7.298154e-005 0.0004874438 0.0005154557 0.0003236145 0.0006652153 0.0009495356 0.0006650508 0.0006455671 0.0006368211 0.0005791981 0.003757074 0.001198206 0.002171636 0.002002268 0.0009641497 0.001153664 0.004817795 0.0009195314 0.0003879759 0.000147866 0.0005702635 0.0004207722 0.0001282492 0.0003102236 0 0 0 0 0 8.062933e-005 0 0 0 0 0 0 0 0 0
0.0001135794 6.287171e-005 0.000127444 0.0006074045 3.966497e-005 4.047559e-005 4.090158e-005 4.027707e-005 4.083876e-005 4.131798e-005 4.236415e-005 4.123316e-005 4.148096e-005 0.0001363771 0.0006932291 9.294468e-005 9.498726e-005 0.0001264888 0.0001948619 0.0001604188 5.976686e-005 0.002131413 0.003279251 0.0007298674 0.0007069744 0.0006260108 0.004523982 0.007208082 0.004450815 0.001861554 0.001305376 0.000601146 0.0001077122 0.000258759 0.0008661025 0.0001952413 1.631558e-005 3.888438e-005 4.561895e-005 2.415866e-005 6.552343e-005 0 0 0 0 0 8.525758e-005 0 0 0 0 0 0 0 0 0
7.040566e-005 0.0001320402 0.0001930529 0.0006695826 0.001248897 4.216227e-005 4.251655e-005 4.175803e-005 4.236019e-005 0.001904028 4.505864e-005 4.391543e-005 4.532596e-005 4.714511e-005 4.935937e-005 0.0001055935 0.0001105667 0.0001066616 9.418215e-005 0.0001049848 0.0002065907 6.473358e-005 0.002275407 0.0008260928 0.0007968843 0.0006120001 0.002978078 0.004781981 0.002984794 0.0009577768 0.001935993 0.001887167 0.001824542 0.001172976 0.0003613009 9.04498e-005 0.0001934635 4.525198e-006 9.811175e-005 0 0 0 0 0 1.88001e-005 0 0 0 0 0 0 0 0 0 0 0
7.78484e-005 0.0001400526 0.0001464051 4.048598e-005 0.0007669062 3.976477e-005 4.053878e-005 4.012032e-005 4.050585e-005 4.185238e-005 0.002092553 0.002009183 4.66335e-005 4.971072e-005 5.304375e-005 0.0001160218 0.000123636 0.0001216393 0.0001133843 0.0001169751 0.0001055579 9.108397e-005 7.296364e-005 0.0008280809 0.0007942617 0.000642071 0.002439197 0.002311498 0.001786652 0.001627464 0.0003487003 0.00016918 0.001177243 0.001324513 3.049532e-005 1.110813e-005 6.127001e-006 3.232395e-006 2.312945e-006 0.0002822838 0 0 0 0 0 0.0001041845 8.062933e-005 0 0 0 0 0 0 0 0 0
3.873365e-005 3.714509e-005 3.550536e-005 0.0007468514 0.0007070074 0.0006949885 0.0007082915 0.0008139617 0.0008119974 0.00215163 0.002263798 0.001057229 0.001127793 0.001223838 0.0013322 0.0004806874 0.0003256795 0.0002476613 0.0002378019 0.0003927874 0.0003741655 0.0005816446 0.001000378 0.000548328 0.0004282692 0.0002305275 0.0008680447 0.0004813498 0.0006180745 0.0007863925 0.0003853245 1.777381e-005 0.0004608639 0.000119445 9.649722e-006 0 7.386731e-006 0 0 0 0 0 0 0 0 0 0 2.770561e-006 0 0 0 0 0 0 0 0
4.207444e-005 0.0002857546 0.0001722602 0.001564019 0.001053752 0.0009155989 0.0007644403 0.0007833068 0.002110224 0.0008256643 0.0009122491 0.003105062 0.001166872 0.001289855 0.001420192 0.0002460584 0.0005360208 0.0002760867 0.0002704083 0.000993774 0.0003608513 0.000287656 0.0008405152 0.001707096 0.0006553531 0.0002796906 0.0007101283 0.000564872 0.0005194277 0.0006556557 0.0004454143 7.797031e-006 0.0007562712 5.878541e-006 4.397492e-006 0 0 0 0 0 0 0 0 0 0 0 0 0 0 0 0 0 0 0 0 0
0.000424435 0.001126746 0.000321438 0.00258849 0.001800475 0.001192527 0.001211062 0.001126961 0.0007926971 0.002040538 0.0009213506 0.002311737 0.002487962 0.00136815 0.002805242 0.001324255 0.0003874728 0.0003133921 0.0003141185 0.00232563 0.0003917129 0.0003561036 0.001070228 0.001320259 0.0005907231 0.0003999069 0.0007177562 0.0006156996 0.0005730477 0.0006799557 0.0006688623 5.686233e-006 3.554095e-006 2.169241e-006 0.001192809 0.0002735302 7.544472e-005 0.0002288989 0 0 0 0 0 0 0 0 0 0 8.559162e-005 0 0 0 0 0 0 0
0.0009668418 0.001679575 0.001174729 0.002669177 0.002466253 0.00184408 0.001072562 0.002737347 0.00229027 0.00208704 0.0009890086 0.001896151 0.00198395 0.001474094 0.001706001 0.001272806 0.0006537257 0.002384249 0.003815146 0.0004697434 0.0004787974 0.0004441404 0.001185592 0.00180822 0.001452555 0.0005910769 0.000435806 0.0006491645 0.0006224199 0.0005970829 0.0005711021 1.137076e-005 4.975546e-006 1.549483e-006 1.106787e-006 0.001660555 0 0 0 0 0 0 0 0 0 5.364754e-005 0 0 0 0 0 0 0 0 0 0
0.007023827 0.001267375 0.001727236 0.002017039 0.001959893 0.001301391 0.001070108 0.001745508 0.00237356 0.002369352 0.001267668 0.003752189 0.001786166 0.001370562 0.001623039 0.0007189167 0.005271362 0.003754635 0.0148997 0.001088964 0.001104325 0.001038986 0.0008739558 0.001920645 0.001605079 0.001073336 0.0007964713 0.0002290356 0.000105242 3.787573e-005 2.740981e-005 0 0 0 0 0 0 0 0 0.0001765256 4.903649e-005 0.0005674 4.587458e-005 0 0 0 0 0 0 0 0 0 0 0 0 0
0.008847568 0.003520909 0.01050737 0.002845778 0.002196259 0.002042163 0.001772257 0.004012682 0.002273987 0.0008538745 0.002316985 0.002574792 0.002060295 0.001455356 0.002187879 0.0007888827 0.0009005773 0.003334774 0.002240272 0.00121637 0.001268082 0.001369562 0.00101781 0.00237333 0.001863436 0.002098562 0.0009916426 0.0003426164 0.000324582 5.188533e-005 0.0001157944 0 0 0 0 0 0 0 0 5.422699e-005 5.589782e-005 5.825481e-005 6.135397e-005 7.789141e-006 0 1.024801e-005 0.0003267835 4.709924e-005 0 0 0 0 0 0 0 0
0.008782038 0.002693021 0.009280099 0.004364891 0.003981088 0.003598903 0.02309248 0.005226627 0.004020281 0.00257295 0.002437768 0.002819465 0.001807339 0.001858092 0.002170962 0.002233565 0.003486419 0.005301995 0.002447388 0.003514078 0.00146099 0.00211079 0.001185169 0.002726387 0.002411412 0.001913468 0.001268784 0.000382988 0.000971273 0.0003599994 7.038665e-005 0 0 0 0 0 0 0 0 5.926445e-005 6.240319e-005 7.235736e-005 7.169426e-005 0 0 0 0 0 0 0 0 0 0 0 0 0
0.00306169 0.01008369 0.01261014 0.006126914 0.00656544 0.01291181 0.02004241 0.01369301 0.008237677 0.004580654 0.003787583 0.004574376 0.002503415 0.003296474 0.003998858 0.003687441 0.00647175 0.008029408 0.00273394 0.001664515 0.001685406 0.001589252 0.001377161 0.003224863 0.003042601 0.002638148 0.001621282 0.0005088044 0.0002908454 0.0001631441 0.0001268096 0 0 0 0 0 0 0 0 6.494241e-005 6.797178e-005 7.250608e-005 7.922555e-005 0 0 0 0 0 0 0 0 0 0 0 0 0
0.010946 0.02617102 0.02244986 0.01524436 0.01465175 0.02175481 0.02882541 0.02036856 0.006371658 0.0102873 0.007244887 0.005052509 0.008173692 0.01749217 0.006870399 0.01471207 0.0135321 0.008858897 0.006061498 0.01204885 0.006504809 0.00627859 0.005124765 0.006458965 0.005380507 0.00434089 0.003349263 0.001631577 0.0009852604 0.0005965331 0.000470708 0.0003028619 0.0001918966 0.0001357574 0.0003563674 4.061527e-005 3.263171e-005 2.717779e-005 2.40303e-005 2.413389e-005 2.046835e-005 9.415235e-005 1.322903e-005 6.987036e-006 4.343462e-006 2.640459e-006 1.886063e-006 0 0 0 0 0 0 0 0 0
0.02172789 0.01971873 0.04225023 0.01958573 0.0193665 0.02398813 0.02115188 0.009864171 0.006342179 0.01295822 0.007384442 0.006103707 0.007165593 0.006625956 0.008303404 0.014172 0.01804075 0.01072185 0.01500722 0.008157773 0.007130858 0.009287729 0.008221429 0.007353331 0.006117975 0.004984172 0.003938509 0.001948467 0.001218699 0.0007706083 0.000613617 0.0004011655 0.0002611274 0.0001785405 0.0001606594 5.693502e-005 4.582587e-005 3.797327e-005 3.363427e-005 3.37395e-005 2.861566e-005 2.354084e-005 1.849551e-005 9.781446e-006 6.072745e-006 3.696584e-006 2.637013e-006 0 0 0 0 0.0002596938 0 0 5.957093e-005 0
0.02562438 0.03097516 0.02625722 0.02711468 0.0133931 0.0173588 0.02866629 0.02019631 0.01301707 0.01631725 0.008873926 0.006399752 0.007306551 0.00745505 0.01012363 0.01554548 0.01782431 0.01634658 0.0135341 0.01482844 0.01059389 0.008405186 0.006430468 0.0082224 0.006830657 0.005570475 0.00442236 0.002203475 0.001407616 0.000929854 0.0007761157 0.0005458369 0.0004098598 0.0003334048 0.0003166967 0.0001348316 0.0001281749 0.0001192105 0.0001081095 0.0001110335 9.76496e-005 8.239728e-005 6.471958e-005 3.41839e-005 2.133068e-005 0.0001405614 0.0007938159 0.0006609056 0 0 0.0008916113 0.00398691 0 0 0.0002113215 0
0.03252792 0.03493723 0.03099243 0.0228229 0.01769572 0.01816667 0.02498673 0.02535098 0.01433164 0.01355326 0.009746358 0.008162196 0.007526682 0.008194658 0.01143122 0.01060004 0.01264777 0.01313536 0.009893421 0.02030185 0.01918014 0.01393918 0.007376914 0.009231376 0.007720658 0.006284565 0.004799425 0.002409903 0.001558324 0.001071539 0.00095612 0.0007395304 0.0006369748 0.0006855275 0.00060074 0.0002743842 0.0002794271 0.0002698498 0.0002464821 0.000255967 0.0002275597 0.0001926156 0.000151528 8.031064e-005 0.0007819397 0.001766793 0.0009193567 0.001037899 0 0 0 0 0 0 0 0
0.02123074 0.02151163 0.0295994 0.03389293 0.02590237 0.02237204 0.02275109 0.02417235 0.01529255 0.01215161 0.009191408 0.01760199 0.01949063 0.0211102 0.02342125 0.02702862 0.02600441 0.0247706 0.02227039 0.01969241 0.02436613 0.02177942 0.01344629 0.01091405 0.008772667 0.00757576 0.005652867 0.002863861 0.001868387 0.001322361 0.001238766 0.001640028 0.001518989 0.001487735 0.001553819 0.001367504 0.001419105 0.001384612 0.001267316 0.001083047 0.0009680201 0.0008220137 0.0006478849 0.0002558434 0.0002342748 0.0007646896 0.001302019 0.0005717489 4.279292e-006 7.290452e-007 5.207497e-007 0 0 0 0 0
0.04078102 0.04061586 0.01498343 0.03179669 0.02444893 0.01730609 0.01505076 0.02181047 0.0193128 0.01489582 0.01384553 0.02259674 0.02925976 0.03163112 0.02712176 0.03402934 0.03290181 0.02842286 0.02557142 0.02124938 0.02410188 0.02180065 0.01623702 0.01154081 0.009539328 0.007498782 0.006207471 0.00308348 0.002032958 0.001556883 0.001582181 0.002055907 0.001991368 0.001967546 0.002048143 0.001815647 0.001906122 0.001882963 0.001713846 0.001465305 0.00131381 0.001120182 0.0008813141 0.0003482926 0.0002930823 0.0001342832 0.0008734821 1.524992e-005 0.0004534253 1.022496e-006 7.303609e-007 0 0 0 0 0
0.03462459 0.03450236 0.02129275 0.02933551 0.02620257 0.02020742 0.01826109 0.02187972 0.01617355 0.01794447 0.02186712 0.03643897 0.0378594 0.03422163 0.02893618 0.03903013 0.04056606 0.03479796 0.02987958 0.02489775 0.02095349 0.01902285 0.01846733 0.01322963 0.01336947 0.02047663 0.00655024 0.003694799 0.009038142 0.005702526 0.001631836 0.002294001 0.002478313 0.002354908 0.002576605 0.002346531 0.002521201 0.002510292 0.002300417 0.001980799 0.001779762 0.00151914 0.001197756 0.0004747296 0.0002961513 0.0001819959 0.0002091628 0.001209922 0.0003292441 1.755983e-006 1.252028e-006 0 0 0 0 0
