contrib/geomasonDemos/riftland/riftlandData/RainData/.svn/text-base/27.txt.svn-base
ncols         56
nrows         54
xllcorner     28.264
yllcorner     -5.7719999999999
cellsize      0.25
NODATA_value  -9999
[rows 27 to 53 of 54, columns 0 to 55 of 56]
0.1562511 0.1056619 0.0688756 0.07175644 0.08769167 0.0934097 0.1198053 0.0868419 0.09264669 0.0651641 0.07991393 0.08941103 0.09166136 0.09233847 0.08643992 0.07545421 0.07090557 0.07273573 0.1213631 0.09413785 0.07304936 0.08249756 0.07844492 0.08180562 0.07347776 0.06059144 0.04954758 0.03009518 0.02505193 0.02219604 0.01741855 0.01375571 0.01177515 0.01084161 0.010147 0.007560489 0.006612989 0.005865296 0.00640452 0.007821356 0.005819928 0.005930988 0.006304177 0.005361078 0.007239339 0.01142875 0.00560956 0.004068573 0.003939095 0.004427735 0.005208676 0.01396357 0.01426846 0.01182141 0.01651598 0.01932854
0.07523592 0.09046992 0.05858711 0.09868538 0.09105828 0.09435661 0.08359385 0.1013994 0.1176223 0.09651723 0.09761024 0.09917352 0.09604952 0.07901402 0.09727327 0.08267581 0.08172786 0.0787288 0.1084484 0.1008854 0.09658042 0.1002873 0.1091325 0.1131319 0.1018939 0.09377286 0.05683617 0.0359067 0.03303893 0.02517285 0.01904238 0.01515923 0.01231356 0.01070854 0.0106266 0.009020695 0.007884833 0.007468077 0.006620113 0.009359038 0.009702969 0.006958115 0.006821576 0.006568282 0.01113382 0.01354916 0.01142017 0.005161769 0.005345194 0.005815206 0.006527786 0.01056646 0.0158543 0.01678614 0.02616329 0.01032226
0.06278719 0.07107188 0.04964326 0.07699978 0.06602949 0.0723824 0.09234428 0.09043237 0.1013147 0.09677666 0.1065817 0.1155197 0.1054887 0.08971953 0.105142 0.08144036 0.08226952 0.09734431 0.09692328 0.09872946 0.09730171 0.09764302 0.1098536 0.1115571 0.09808205 0.09847111 0.06985389 0.04511975 0.03466862 0.02618464 0.01918261 0.01697367 0.01321215 0.01071049 0.01000274 0.01105225 0.01320875 0.009064463 0.008893279 0.008798245 0.009974081 0.009161178 0.007814496 0.007691144 0.007714739 0.009964271 0.009134789 0.006877133 0.008216715 0.007392119 0.007878833 0.008819141 0.02176395 0.03281143 0.0310303 0.02534826
0.06835279 0.05692265 0.05339419 0.07299765 0.0623191 0.05759434 0.08256657 0.08220798 0.09000607 0.1001497 0.09769426 0.1106034 0.1078753 0.1082191 0.1052362 0.07683282 0.07321756 0.07921589 0.09568891 0.1068611 0.1268988 0.1208405 0.1402053 0.1265068 0.1134226 0.09735243 0.08223616 0.06399403 0.03982783 0.02729037 0.02161296 0.01854608 0.01470857 0.01231947 0.01188413 0.01233952 0.02997003 0.01382177 0.007923095 0.009338802 0.01048415 0.01060276 0.01013701 0.008742622 0.008939478 0.009045538 0.009184231 0.008672033 0.009415449 0.009416692 0.01107492 0.02431224 0.01211045 0.02698228 0.0344891 0.01533623
0.09150209 0.07477094 0.07702554 0.1078955 0.09642017 0.09315487 0.09401913 0.1176198 0.1344696 0.1422383 0.1257031 0.1120236 0.1110507 0.1192763 0.1045846 0.07188003 0.096154 0.1479879 0.1367183 0.1135735 0.1330323 0.1605055 0.1806171 0.1686344 0.1439759 0.1332315 0.1116094 0.09375612 0.05951958 0.03633549 0.02812634 0.01676334 0.01193364 0.01283503 0.01321492 0.03465673 0.06894308 0.01060735 0.01013311 0.009794464 0.009424244 0.009944709 0.01047371 0.006427082 0.006436834 0.006545421 0.006588773 0.01273847 0.006801613 0.00788643 0.01881624 0.03700821 0.03947335 0.03188488 0.03877625 0.01511401
0.09282145 0.09429612 0.07114796 0.1093566 0.1225297 0.1115451 0.1192509 0.1532052 0.1413651 0.1386912 0.1371765 0.1290653 0.1185735 0.1209721 0.1178375 0.1025831 0.1333517 0.1634049 0.1275658 0.1275208 0.1383677 0.1488378 0.1634844 0.1610072 0.1329338 0.1227585 0.1208473 0.10772 0.06608319 0.03931366 0.03245221 0.02106217 0.01373741 0.01976644 0.02168386 0.02587365 0.02277037 0.0146609 0.0125509 0.02411518 0.01697309 0.01146758 0.0112435 0.00844923 0.0075927 0.007974737 0.007676461 0.007698157 0.01458058 0.01596377 0.03465994 0.03794134 0.05168644 0.04001393 0.0163145 0.0178888
0.09579576 0.09180905 0.06945533 0.1197952 0.1140699 0.1078041 0.119891 0.1341101 0.1424275 0.13624 0.1376497 0.1268941 0.1207954 0.1223623 0.1167789 0.1131373 0.1305758 0.170468 0.1681617 0.1232898 0.1156946 0.1192746 0.1331588 0.1306171 0.1724057 0.1656502 0.1384578 0.09150997 0.06523382 0.04460255 0.03319631 0.02092373 0.01697178 0.01801521 0.02054483 0.02644537 0.02281395 0.01898935 0.01690317 0.02722362 0.01423585 0.01681097 0.02261712 0.0151564 0.01115186 0.01028995 0.01722606 0.0247057 0.03634733 0.04866707 0.04070124 0.01272576 0.02214297 0.03729964 0.01675801 0.01897171
0.1218473 0.08470564 0.09254989 0.1163807 0.1080269 0.1093054 0.1303972 0.1294592 0.1449406 0.1462377 0.1374885 0.1221732 0.1308353 0.1152385 0.1172258 0.1099469 0.1105452 0.1415629 0.1669799 0.1027522 0.1100486 0.1271763 0.1541744 0.1488576 0.2293516 0.1745317 0.120634 0.07902206 0.06584495 0.04782042 0.03755987 0.02431962 0.01846572 0.01737815 0.02180611 0.02364678 0.02372793 0.0313368 0.02372552 0.02434299 0.03097587 0.02293358 0.02367207 0.01677081 0.01822876 0.02003493 0.02982065 0.0689365 0.07169297 0.06870338 0.047019 0.01443835 0.02569757 0.02239014 0.02307115 0.02365817
0.1429422 0.09707402 0.08971225 0.1184146 0.1120192 0.1370376 0.1336486 0.1366466 0.134125 0.1375036 0.1775082 0.1378631 0.1211547 0.1190464 0.1254301 0.1003194 0.07786633 0.09184345 0.1225027 0.09016857 0.09549047 0.1216921 0.1163115 0.1920708 0.2550302 0.1188579 0.1118449 0.08798848 0.05737688 0.05071899 0.04079115 0.02580989 0.01660703 0.01893535 0.0212106 0.0231484 0.02084458 0.01776636 0.02860527 0.02645062 0.02688623 0.03751282 0.0340374 0.02879529 0.04330742 0.03000828 0.0456049 0.0835438 0.06463342 0.1164314 0.08234191 0.03682749 0.01842056 0.02486903 0.0330556 0.02217208
0.1705709 0.1290029 0.1142495 0.140911 0.1323038 0.1528448 0.1288433 0.1283729 0.1250765 0.1311408 0.134114 0.11501 0.1212303 0.1192055 0.1320139 0.112247 0.1047672 0.08750024 0.1060251 0.1039836 0.1113293 0.09574472 0.0791745 0.2096405 0.2025626 0.1221581 0.1227195 0.08880346 0.06478283 0.0550882 0.04710662 0.02827588 0.02090875 0.01917864 0.01984951 0.0330571 0.02810225 0.02445196 0.02171058 0.01681789 0.02279985 0.03225384 0.03575985 0.06398402 0.06606878 0.09442987 0.07976036 0.1055338 0.09998057 0.1287786 0.07892861 0.06315327 0.03043777 0.01960989 0.02291327 0.02439825
0.2247168 0.1498402 0.09520354 0.1325531 0.1311725 0.1452591 0.1293184 0.1212085 0.1186416 0.1184612 0.1343801 0.1197507 0.1124685 0.1325504 0.1438967 0.1076141 0.1078925 0.0997135 0.07004399 0.08956517 0.1245249 0.1021793 0.09242512 0.1402694 0.119215 0.09581468 0.07491872 0.07683461 0.06052725 0.05567274 0.04673022 0.03462252 0.02580431 0.02633123 0.02100034 0.02961257 0.03110621 0.02065827 0.02234331 0.02379416 0.02260832 0.03695231 0.0343228 0.03937177 0.04665567 0.09321816 0.1294671 0.1483995 0.1093277 0.1414635 0.1064851 0.1574522 0.03441076 0.02826756 0.02604979 0
0.2015851 0.1761948 0.1016132 0.150394 0.1614987 0.13842 0.1301036 0.1125036 0.1227026 0.1285805 0.1317712 0.1189702 0.1215543 0.1190719 0.1493247 0.1022213 0.0881974 0.08485396 0.06706511 0.0668221 0.08502593 0.1125232 0.1259968 0.1089321 0.08448569 0.08012844 0.05536209 0.06758365 0.064071 0.05641451 0.05343818 0.05111585 0.02947242 0.03145311 0.03097748 0.02465856 0.02693409 0.01625445 0.0247987 0.03451419 0.02398619 0.03752727 0.04563081 0.04932828 0.05595026 0.07374413 0.1546823 0.1796003 0.1461301 0.1542006 0.1644022 0.08355594 0.01962494 0.02411013 0.007499742 0
0.2269959 0.1656807 0.09282095 0.1370394 0.1272494 0.1158491 0.0963601 0.1033415 0.1036405 0.1213345 0.1377912 0.1189325 0.1158868 0.1222026 0.1405697 0.1025613 0.06258868 0.05391084 0.05381589 0.06068214 0.08279461 0.0731659 0.1352765 0.05182476 0.06303918 0.07025486 0.05352328 0.05653495 0.07253568 0.06016218 0.0415239 0.0378457 0.02835419 0.03301907 0.03904462 0.02574148 0.02003487 0.01866023 0.02888803 0.03402472 0.03738847 0.03684911 0.04974282 0.06572453 0.07448155 0.09549487 0.1384274 0.1685529 0.1221331 0.08858524 0.07517245 0.07451515 0.058723 0.05005255 0.04961113 0
0.1896953 0.1103359 0.1001462 0.1474907 0.1378653 0.1135573 0.1088053 0.1076187 0.1184235 0.1197321 0.1563082 0.1453979 0.1400603 0.1137166 0.1240449 0.1015696 0.06719099 0.05519893 0.05088035 0.05950605 0.05384894 0.04620542 0.09219746 0.07504062 0.08218903 0.06485114 0.06170018 0.06982961 0.07743844 0.05033442 0.02699528 0.03435827 0.03382596 0.04460589 0.03187224 0.0242529 0.02081819 0.02784606 0.03980915 0.06313159 0.0405298 0.03815614 0.04422725 0.05549786 0.07220653 0.1091658 0.1327831 0.1448322 0.1249854 0.08549415 0.07396092 0.0593376 0.05304828 0.06102173 0.05477765 0.0002419355
0.2142799 0.1268591 0.1238932 0.1633604 0.1334306 0.1248278 0.1261321 0.1503465 0.1721607 0.1493569 0.1519466 0.144388 0.144233 0.176577 0.1104002 0.08721864 0.08247828 0.06971703 0.07273087 0.06998158 0.06082786 0.07901749 0.08977841 0.08134403 0.0683386 0.04870154 0.1037037 0.08549234 0.0607546 0.03835799 0.02684638 0.04050882 0.03592812 0.03947283 0.04035197 0.02602713 0.02766624 0.04774959 0.05813269 0.05923668 0.04585658 0.04227108 0.04708515 0.0570408 0.07717824 0.09913553 0.1149875 0.1054786 0.09269699 0.1289918 0.0823359 0.05953898 0.06229451 0.06302717 0.05827614 0
0.1922475 0.1154671 0.1260638 0.1558868 0.1627862 0.1271536 0.1560761 0.2003664 0.1743928 0.1674526 0.1480667 0.1470648 0.1507232 0.1584846 0.1600409 0.1005183 0.1005522 0.09640276 0.08060411 0.08589511 0.09175573 0.0644587 0.06613168 0.08028181 0.07655957 0.04229325 0.0427615 0.06460737 0.04948366 0.03041349 0.02711297 0.04145619 0.04660315 0.03407411 0.03781183 0.04866548 0.09417818 0.061496 0.04418729 0.04129647 0.0654474 0.05342127 0.05240396 0.06242178 0.1006186 0.1334533 0.1338119 0.09791244 0.07404648 0.07908811 0.06748606 0.07143333 0.06724224 0.05581602 0.05714269 0
0.1437752 0.08988431 0.1016137 0.1009934 0.118407 0.0790754 0.1042794 0.1571886 0.176368 0.1820103 0.1734334 0.1277162 0.1210457 0.1342675 0.129118 0.1142339 0.1238028 0.09928418 0.07165284 0.09784373 0.07739287 0.07890488 0.07693471 0.06564343 0.06056112 0.03981201 0.04395001 0.07730117 0.05579085 0.04836615 0.03465338 0.02563292 0.03524277 0.03587535 0.03285502 0.05974746 0.1960039 0.07504018 0.05051102 0.04935097 0.08330081 0.06797122 0.05738278 0.08139411 0.1165533 0.09472136 0.09724231 0.1014609 0.09509593 0.0987568 0.09906209 0.04810484 0.009233871 0.0003629032 0 0
0.1413612 0.1150052 0.1138996 0.140511 0.09800418 0.108027 0.08393057 0.1211705 0.1700973 0.1668321 0.1595163 0.134237 0.1214803 0.1266615 0.137299 0.119322 0.1006593 0.07838283 0.07359604 0.06619944 0.1053762 0.09045923 0.06810712 0.06277755 0.05246451 0.05371218 0.03883389 0.07539713 0.05371676 0.03239294 0.01808842 0.03413363 0.04542682 0.04115449 0.04230815 0.04612173 0.06056753 0.07022884 0.05633051 0.04862095 0.066812 0.0827486 0.06632688 0.07591145 0.1364292 0.09658615 0.09355078 0.09663462 0.1074438 0.1050394 0.1003146 0.003427419 0.0003225806 0.00391129 0 0
0.2349883 0.1338097 0.1140292 0.1319214 0.08618714 0.09616521 0.1279477 0.1750412 0.1840151 0.1836033 0.1784393 0.1588978 0.1567084 0.1500421 0.1461021 0.1130373 0.1361146 0.09197599 0.07567134 0.07992587 0.1298225 0.1034792 0.06401265 0.04430433 0.0498872 0.03740113 0.03587415 0.05164469 0.05529375 0.04631172 0.01729541 0.03238333 0.04164069 0.03697626 0.04666873 0.05937226 0.06547162 0.07607757 0.06035716 0.05436699 0.0652164 0.1010242 0.07676273 0.0805995 0.1238604 0.08797491 0.08307461 0.08943088 0.1043787 0.1128295 0.1078401 0.002822581 0.005282258 0.0008467741 0 0.006774193
0.1596856 0.09093618 0.06161882 0.1100987 0.09505259 0.1118083 0.1370253 0.1632584 0.1874398 0.2223175 0.2188516 0.2165934 0.1815308 0.1713759 0.1489484 0.1008705 0.108313 0.09592602 0.1103346 0.08684067 0.09591733 0.09811255 0.08903441 0.05603404 0.04645288 0.02871271 0.03331682 0.04134244 0.05533381 0.05471709 0.02295381 0.04160508 0.03997597 0.03902316 0.05242671 0.06171687 0.07358904 0.07524984 0.08825301 0.07876009 0.1064217 0.1195238 0.126695 0.08794994 0.08712889 0.06968314 0.080768 0.09454627 0.09125467 0.1069359 0.1091358 0.01483871 0.007540322 0.003669355 0.00108871 0.008951613
0.100679 0.0946289 0.07552222 0.1325539 0.1658154 0.1330892 0.1475415 0.1411968 0.1441353 0.1363126 0.1422473 0.1504159 0.1675704 0.1795783 0.1465832 0.09846608 0.07499065 0.07292449 0.1299883 0.1353634 0.1056268 0.08212121 0.07048041 0.05835998 0.05830993 0.04899022 0.03769509 0.04551426 0.05386869 0.04876287 0.03373573 0.04066851 0.03977917 0.04032328 0.04419338 0.06713926 0.07159997 0.06830539 0.1035707 0.1084003 0.1076586 0.08962765 0.1413234 0.1073884 0.06134054 0.06219824 0.08230587 0.06076613 0.01201613 0.002862903 0.01197581 0.02233871 0.01516129 0.02084677 0.001008064 0.03241935
0.08896615 0.06938589 0.08343039 0.1480936 0.1761854 0.2054892 0.1672883 0.1162002 0.1353336 0.1468117 0.1114117 0.1189392 0.1435808 0.1221314 0.1384719 0.1054628 0.08318719 0.09360275 0.1102793 0.1689961 0.1723982 0.1029243 0.08003948 0.07482219 0.09054556 0.07873201 0.08118664 0.08762977 0.1003436 0.0851877 0.05807837 0.04949327 0.04724928 0.0539722 0.05360812 0.06284802 0.07573505 0.08437744 0.07304475 0.09661343 0.1056351 0.09518614 0.09509538 0.07295651 0.05631031 0.06498452 0.0676572 0.07153226 0.02641129 0.01125 0.0258871 0.03447581 0.03137097 0.01072581 0.01459677 0.03899194
0.08392255 0.07245333 0.1096092 0.1740805 0.1501863 0.1481952 0.1849249 0.1545051 0.1449075 0.1586131 0.1216991 0.1253209 0.1167769 0.1183376 0.1382237 0.1341101 0.1319964 0.1711351 0.1531408 0.1269184 0.104835 0.08612083 0.1082599 0.09003757 0.08767457 0.07480913 0.07972746 0.09148824 0.1107515 0.09202139 0.1055739 0.09254067 0.08063734 0.08420988 0.08821505 0.08883625 0.07733794 0.09358021 0.1057533 0.1127147 0.1089742 0.1058602 0.08589892 0.05803005 0.05792721 0.0651801 0.0687202 0.04024193 0.04701613 0.01576613 0.0230242 0.04370968 0.02899193 0.02665323 0.05233871 0.03459677
0.1074104 0.09040187 0.1316319 0.2279388 0.2274752 0.1325205 0.1621342 0.209872 0.159063 0.1298658 0.1302863 0.1614414 0.1428657 0.126249 0.1327264 0.1057339 0.1197023 0.1617923 0.1513475 0.1060446 0.06967356 0.07012828 0.09175378 0.109471 0.1175009 0.1065733 0.08728541 0.1235586 0.1329873 0.1394358 0.1229068 0.1345121 0.1315007 0.1136013 0.1188545 0.09218556 0.1000617 0.123024 0.133348 0.1328831 0.1348686 0.1091504 0.09115721 0.07174939 0.06657457 0.07221571 0.07338529 0.05649194 0.04358872 0.02028226 0.01866935 0.02987903 0.02294355 0.01641129 0.01346774 0.01395161
0.1193975 0.1179131 0.1485342 0.206988 0.1499237 0.1026657 0.1663435 0.1789942 0.1464327 0.1081265 0.1188002 0.155713 0.1316288 0.09278513 0.1287982 0.1134565 0.07879736 0.08445732 0.09444405 0.1012533 0.05938128 0.06017705 0.08055649 0.09680727 0.1039804 0.1044081 0.1182867 0.1193693 0.1554831 0.1373036 0.1271613 0.1254368 0.1177202 0.1278431 0.1045313 0.08631183 0.1264611 0.1053914 0.1082708 0.1035432 0.1348602 0.1385957 0.09760185 0.0973012 0.07993845 0.07506758 0.07767068 0.03431452 0.0903629 0.06899193 0.03806451 0.03008064 0.03604839 0.01649194 0.01600806 0.03354838
0.09525282 0.09808861 0.09516227 0.1294938 0.09314767 0.09987511 0.1505781 0.1662922 0.1437668 0.1341889 0.1390809 0.1745983 0.1277285 0.1083744 0.1304587 0.07176524 0.06657791 0.08482123 0.08988549 0.09602933 0.06958162 0.05636438 0.06376577 0.09432928 0.09087392 0.08651736 0.09840649 0.1130501 0.1257181 0.1344711 0.1346969 0.1435539 0.139125 0.1544897 0.1260192 0.1169395 0.1540051 0.1752398 0.1181337 0.1107636 0.1066622 0.1161615 0.1234352 0.1029264 0.08977619 0.09392106 0.09188913 0.06983871 0.1139516 0.08637096 0.07133064 0.08092742 0.07830644 0.0416129 0.02935484 0.06084678
0.07145601 0.07800824 0.06056422 0.09710325 0.06976183 0.05854174 0.07591301 0.1373628 0.1388401 0.1488214 0.1587738 0.1766391 0.1343355 0.1285698 0.1163115 0.09014299 0.08145122 0.05636165 0.0800868 0.1033501 0.08052519 0.07033558 0.05912606 0.08739842 0.08508456 0.08501313 0.0959399 0.1246083 0.1203008 0.1396676 0.1417093 0.1369974 0.1232214 0.1441913 0.1473841 0.1410206 0.127462 0.1610184 0.09797381 0.1207708 0.114575 0.1201665 0.1174124 0.09903715 0.09440612 0.1184373 0.1237168 0.1530242 0.1637903 0.09245969 0.08842741 0.126129 0.1317339 0.0657258 0.05427419 0.06887097
