contrib/geomasonDemos/riftland/riftlandData/RainData/.svn/text-base/27.txt.svn-base
ncols         56
nrows         54
xllcorner     28.264
yllcorner     -5.7719999999999
cellsize      0.25
NODATA_value  -9999
[rows 0 to 26 of 54, columns 0 to 55 of 56]
0.00273966 0.002367398 0.001639513 0.001104609 0.0007846116 0.001654632 0.0009122721 0.0004542209 0.0002726647 0.0001450748 0.0002018437 0.001427235 0.001096883 0.001336312 0.001163889 0.001002308 0.0006063938 0.001440321 0.003039245 0.005190507 0.007548968 0.008458985 0.01756711 0.02273618 0.01704907 0.02403644 0.03140858 0.01881053 0.01834039 0.02109822 0.0155288 0.02895657 0.04481996 0.0155786 0.01360241 0.01697376 0.013331 0.01185593 0.01435133 0.01543227 0.02036434 0.01395109 0.01932227 0.02712368 0.03148587 0.02062537 0.0449741 0.04689349 0.02394428 0.02845087 0.02753381 0.0180151 0.01391164 0.0009163627 0.0006354017 0.01447525
0.005359659 0.002676666 0.0009451473 0.0008783982 0.0008372967 0.001970424 0.001300801 0.0006395864 0.0007375964 0.0004055342 0.0006622025 0.002131079 0.002807248 0.002065108 0.001396238 0.001844329 0.002231514 0.007137857 0.009947345 0.007589802 0.009547324 0.01328765 0.02242912 0.01968228 0.0184489 0.04656375 0.02766011 0.02369848 0.02140235 0.02730116 0.01643322 0.0188152 0.01935796 0.01429015 0.01541618 0.01656111 0.01431779 0.01473355 0.01568504 0.02146056 0.02052994 0.01364883 0.01501881 0.02726687 0.006968088 0.01750474 0.04845799 0.04025283 0.04285529 0.02846311 0.02628516 0.005455615 0.004962329 0.0005821362 0.0005338259 0.0003598053
0.00684182 0.001584663 0.001161874 0.0009231048 0.001612028 0.001597813 0.001805677 0.000781029 0.0007150375 0.0007155504 0.000759468 0.002909341 0.002123916 0.001374263 0.001370444 0.002903152 0.006059137 0.01345106 0.01710853 0.01345625 0.01546201 0.0178114 0.02331562 0.03145193 0.01752732 0.02355738 0.05313688 0.03095014 0.02573651 0.01982168 0.02431219 0.02316377 0.0237519 0.01806451 0.02044862 0.0215725 0.01512336 0.01557908 0.01508783 0.03102365 0.02080081 0.01920489 0.02299573 0.02167214 0.01614605 0.01762462 0.03287906 0.02405026 0.03129105 0.02729902 0.02248408 0.002940976 0.002471356 0.0004517298 0.000413242 0.0002804169
0.00481301 0.003011953 0.00166559 0.00261492 0.001695863 0.00281695 0.003841738 0.002130754 0.001941611 0.0009264835 0.001127758 0.002605966 0.002691595 0.002375248 0.00288948 0.008642592 0.01505663 0.01379986 0.01554 0.01701196 0.02959961 0.02848456 0.02642883 0.02768658 0.01135027 0.01672489 0.05373405 0.02636125 0.01968174 0.02605226 0.0287531 0.02828957 0.0349447 0.02219475 0.02018683 0.02641335 0.01568742 0.01558097 0.01701972 0.02137811 0.020445 0.03545541 0.03952162 0.02409472 0.0229236 0.0195024 0.06201158 0.01696854 0.018699 0.04247526 0.03391717 0.0002860765 0.0002440819 0.0005900909 0.0001983936 0.001249827
0.002844436 0.002412751 0.003009253 0.001543281 0.002809611 0.00920871 0.007903545 0.002633444 0.002673654 0.00336743 0.001053373 0.00313885 0.003921585 0.003179845 0.004292151 0.009824565 0.01729539 0.02019509 0.02007249 0.01816059 0.02561842 0.03444778 0.02380832 0.01784102 0.01360529 0.01258814 0.0325895 0.0204171 0.02448422 0.02013984 0.02593185 0.03122181 0.0345537 0.02388626 0.01822355 0.01591558 0.01513939 0.01193084 0.009761771 0.01505534 0.02027695 0.02606327 0.02284756 0.02606283 0.00677419 0.01106359 0.02389866 0.03069363 0.02814677 0.01923044 0.01031718 0.0001439653 0.003279121 0.0001067184 0.0001011637 0.0006597881
0.006035684 0.007928858 0.004356987 0.001938564 0.006248248 0.008867488 0.005273533 0.005538862 0.003042932 0.001414881 0.001629667 0.004670764 0.005234034 0.003395064 0.004634741 0.0134216 0.01683494 0.0178407 0.01627788 0.01740713 0.01819303 0.02138391 0.02485329 0.02693503 0.01671791 0.01379324 0.02999271 0.01672586 0.02628668 0.02503984 0.02254524 0.02183117 0.0217624 0.0200652 0.01346572 0.01297566 0.01180651 0.01065584 0.00828639 0.008414311 0.02053481 0.007482726 0.006774098 0.004491856 0.004501112 0.003447626 0.008653363 0.0227896 0.02793529 0.000928193 0.0006910943 6.144577e-005 8.659968e-005 0.0001196577 4.481131e-005 0.0003130201
0.004855307 0.006564115 0.005215672 0.003699077 0.003484997 0.004122029 0.004763894 0.002815611 0.006076197 0.004675252 0.004771051 0.01274555 0.009780245 0.008766384 0.008151899 0.01110889 0.01416375 0.015508 0.01854291 0.0273915 0.02957355 0.03902919 0.04780876 0.03011729 0.03946593 0.0473884 0.04530161 0.01685587 0.02192179 0.02433787 0.02260486 0.01883988 0.01466402 0.02191332 0.01831528 0.01409642 0.01198415 0.008252433 0.007953221 0.01148354 0.009230586 0.006750647 0.009739127 0.00501636 0.007209048 0.003597084 0.02693457 0.01380783 0.0061345 0.006850305 0.0003009918 4.412197e-005 3.56313e-005 3.158715e-005 3.201401e-005 0.0002238019
0.01631398 0.0108575 0.01073148 0.007131218 0.005311557 0.001580864 0.001605076 0.002290786 0.00331591 0.01019563 0.01393179 0.01938074 0.0140144 0.008164211 0.006802253 0.008146275 0.01072006 0.02380939 0.02410054 0.04402216 0.03561953 0.0387514 0.04350181 0.03214682 0.02206158 0.01601655 0.02292762 0.01800358 0.02396646 0.02433167 0.02319992 0.02220252 0.01850247 0.02276261 0.02391096 0.02215962 0.01968551 0.01084813 0.01708104 0.01872493 0.007012202 0.005541349 0.007108295 0.00961544 0.004796874 0.01120991 0.01042016 0.006892747 0.007535115 0.003260611 0.0001045927 0 0 0 0 0
0.02224186 0.01621712 0.01426912 0.01458987 0.01063836 0.004990981 0.001221114 0.0032717 0.01282486 0.02268245 0.0237145 0.02203438 0.01617496 0.009169642 0.007267224 0.006800828 0.01021732 0.03428073 0.02752404 0.03852146 0.04539009 0.0309868 0.02676716 0.02122919 0.01776112 0.01499091 0.01485305 0.01783473 0.01990341 0.01726013 0.01697969 0.01586632 0.02549018 0.02366027 0.01851647 0.01921527 0.01515351 0.009840829 0.01061995 0.005565823 0.004741888 0.00771767 0.005163922 0.006387748 0.005989044 0.006705352 0.007091475 0.003197922 5.025821e-005 5.22185e-005 3.784436e-006 0 0 0.000881586 0 0
0.02689578 0.019483 0.02995789 0.01658732 0.01143812 0.01121822 0.01027144 0.01658651 0.02146694 0.0237707 0.01877816 0.0264918 0.01965399 0.00602837 0.01051264 0.007825409 0.0213412 0.02386115 0.02135428 0.02062318 0.02186946 0.02537991 0.02469123 0.01797986 0.01755041 0.01365819 0.01157569 0.01485598 0.01628317 0.01694711 0.01602767 0.0196255 0.02518724 0.02147702 0.01876801 0.01854742 0.01507407 0.009882339 0.004233173 0.004063121 0.00494358 0.004265465 0.004813309 0.008777997 0.01075375 0.01524225 0.00720894 5.357052e-005 1.295338e-006 1.688549e-007 1.634234e-005 0 0 0 0 0
0.03068328 0.03969224 0.04005285 0.0253884 0.01632459 0.0152569 0.02772878 0.03146032 0.03121411 0.02817517 0.02217819 0.02571477 0.02530444 0.01983183 0.008873554 0.01898875 0.01707723 0.01949536 0.01805422 0.02001126 0.01743272 0.01288371 0.01557866 0.02182453 0.01783007 0.01196253 0.007861671 0.008919353 0.01255225 0.01249449 0.0134444 0.01288982 0.01752465 0.01080963 0.01388083 0.01757871 0.0160006 0.008257029 0.004815725 0.003581812 0.003334076 0.002359834 0.003550963 0.008904708 0.009821629 0.003859476 0.003623649 0.003294874 1.05912e-006 1.690101e-007 4.464197e-005 0 0 0.0002898274 0.0004291992 0
0.02999722 0.0338337 0.03396323 0.01594467 0.01133563 0.0221076 0.0278006 0.03014194 0.0284544 0.02896714 0.02647608 0.02918294 0.042881 0.03951578 0.02889834 0.03520031 0.01907866 0.03036353 0.009561507 0.01504634 0.01471286 0.003866372 0.004646035 0.00857889 0.009048031 0.007754483 0.005715657 0.00441436 0.00360211 0.00427856 0.004717252 0.006954512 0.007436282 0.008234877 0.009302355 0.01377612 0.01207814 0.006234381 0.005080425 0.0024288 0.001832132 0.001260194 0.001932721 0.001250643 0.000472815 8.778796e-005 6.378185e-005 3.66962e-005 1.44872e-005 2.966535e-006 2.121115e-006 0 0 0.004012325 0.008154078 0.0004893328
0.03584423 0.05357099 0.02963683 0.01320932 0.008923313 0.01075385 0.01465196 0.02316504 0.02442994 0.03053628 0.02005525 0.03080989 0.04150199 0.03901847 0.02603754 0.01978736 0.01599493 0.02964839 0.01809873 0.006809051 0.005811206 0.001285401 0.0009132043 0.002711746 0.003612522 0.004315515 0.003987214 0.002508788 0.001402587 0.001219512 0.002533483 0.005306774 0.006658557 0.01040109 0.007712178 0.01001936 0.01056313 0.004601196 0.002041367 0.001745475 0.001248708 0.001096167 0.0009089405 0.0004396737 0.00102153 0.000565183 4.179985e-005 2.446447e-005 1.042049e-005 2.969258e-006 2.125209e-006 0 0 0.0006313556 0 0
0.03991887 0.03435156 0.02165545 0.00942973 0.007889881 0.009933192 0.01131857 0.01610197 0.0244937 0.02016232 0.01615159 0.02883914 0.03781975 0.03650292 0.02564649 0.02286665 0.01687214 0.01888015 0.009794652 0.01030985 0.004254288 0.003284883 0.0006609925 0.00497596 0.002840165 0.00185676 0.001334143 0.0005039486 0.0006544909 0.00056731 0.001805104 0.008632223 0.008533766 0.004974379 0.005190607 0.004338776 0.005363035 0.002502995 0.001455842 0.001305644 0.001083311 0.0008508811 0.0006349091 0.0003002155 0.0002111086 0.0006475628 2.903239e-005 1.744653e-005 8.081603e-006 2.973621e-006 2.126184e-006 0 0 0.0007047544 0 0
0.007061425 0.009483981 0.01050398 0.01131908 0.00874522 0.009459497 0.01330641 0.0138078 0.01534158 0.01468324 0.01700164 0.02630319 0.03288625 0.0285909 0.01565612 0.01849324 0.01861027 0.01137695 0.008754923 0.005611194 0.003689648 0.01255309 0.006982781 0.002158397 0.002284811 0.001963158 0.0008831024 0.000718157 0.0005416108 0.0006187933 0.0003908439 0.003495125 0.0060541 0.003117418 0.002897857 0.001582059 0.001903816 0.001183125 0.001270269 0.001030247 0.0008010207 0.0006052374 0.0007657786 0.0007419147 0.0002254203 3.443017e-005 2.561516e-005 1.555487e-005 7.44113e-006 2.973621e-006 2.126184e-006 0 0 0 0 0
0.002506075 0.003714564 0.006729134 0.008441299 0.007737168 0.008283855 0.01560974 0.01927814 0.01751457 0.0161572 0.01899799 0.02497966 0.02931976 0.0275635 0.0160134 0.04329782 0.02358492 0.0150102 0.01253313 0.00568349 0.002464874 0.002007825 0.002820737 0.004452229 0.004755255 0.004297066 0.001731667 0.0005265682 0.0002584084 0.0001701028 0.0003435181 0.0007088941 0.003324978 0.0007878734 0.001709944 0.0008766029 0.0009126324 0.0008780509 0.0007509546 0.0007198272 0.0007181637 0.0004410166 0.001063854 0.0004452666 4.248427e-005 1.940023e-005 1.452114e-005 1.372463e-005 6.854601e-006 0.000675243 4.41065e-005 0.001635845 0.001865071 0 0 9.518093e-006
0.006510118 0.004957218 0.004992948 0.00891717 0.008778392 0.0191211 0.01731195 0.01806728 0.01348823 0.02072194 0.03311899 0.0394707 0.0236294 0.01864661 0.01377003 0.02145787 0.0199931 0.0108546 0.01537302 0.006280933 0.00249549 0.002462676 0.007959767 0.004580805 0.006650088 0.00778548 0.002104435 0.000549117 0.0002819479 0.0001519735 0.0001610679 0.0004136162 0.0009411715 0.000669642 0.00129492 0.001015589 0.0006977916 0.0006816213 0.001743409 0.0005655246 0.0005154851 0.0003540594 0.0002667092 6.773967e-005 3.482804e-005 0.0001718983 1.233442e-005 1.185947e-005 6.226978e-006 3.010671e-006 2.142325e-006 0.0003530324 0.001763026 0 0 0
0.03453135 0.01487903 0.009276916 0.01414288 0.0211839 0.0368667 0.0252802 0.02086082 0.01377778 0.02316807 0.03762231 0.04255506 0.02040176 0.01327899 0.01153312 0.01183219 0.01803367 0.01867045 0.02315806 0.006108513 0.002535119 0.003088309 0.003801136 0.00623841 0.005636919 0.005251795 0.003617835 0.001029184 0.0004672401 0.0004038091 0.0002958148 0.0006080569 0.0008555617 0.0008514926 0.0005060836 0.0006106324 0.0006817192 0.0006310713 0.0005685717 0.0005460785 0.0004537763 0.0003643406 0.000279518 7.362026e-005 0.0002113111 0.0002835076 1.699702e-005 1.630826e-005 8.564001e-006 0.001220725 4.316731e-005 0.001946496 0.001712656 0 0.0007318895 0
0.05669176 0.02618706 0.03804892 0.03833884 0.0323671 0.03620839 0.02298599 0.02364431 0.01633903 0.02476647 0.04135338 0.04192136 0.02069034 0.01938278 0.01810721 0.01578924 0.0153665 0.00626159 0.01157358 0.004625518 0.005150201 0.005657447 0.002358048 0.006644215 0.00575392 0.006722548 0.004886822 0.003103857 0.0008478203 0.00109241 0.001751479 0.001040092 0.000790542 0.0007128915 0.0006795995 0.0007951349 0.0007710276 0.0007311851 0.0006785605 0.000660358 0.0005680439 0.0004708038 0.0003699857 0.0001008292 6.193061e-005 3.783938e-005 2.85496e-005 2.709226e-005 0.001928671 0.001164309 0.0003832933 0.003756427 0 0.0005239102 0.001034472 0.002505106
0.06261503 0.05431725 0.05133901 0.05180344 0.03738116 0.02848251 0.02505658 0.03149226 0.03183756 0.02321348 0.01993384 0.01995154 0.02656203 0.04553083 0.05466888 0.03419662 0.03214296 0.02801947 0.02439116 0.02226168 0.02344192 0.01840425 0.01010538 0.01619988 0.0131989 0.01824539 0.01513893 0.006844646 0.006140275 0.005401427 0.003650365 0.003396896 0.001738175 0.00145354 0.001368941 0.0009420736 0.0008927913 0.0008294117 0.0007494821 0.0009174445 0.0008067603 0.0006829457 0.0005422916 0.0006027877 0.0001670695 0.0001072743 8.065203e-005 0.001242568 0.001294104 4.508729e-006 0.002066858 0.0003342421 0.007038597 0.0037913 0.006501223 0.02426199
0.08419693 0.06542393 0.04835542 0.0406537 0.03365972 0.02154507 0.02896793 0.04356674 0.03023033 0.01797001 0.02871482 0.02931277 0.04104156 0.06938788 0.07299358 0.07706089 0.0527692 0.0390653 0.03364672 0.02636328 0.02946956 0.01935419 0.01142144 0.02363635 0.01542781 0.01951842 0.01701883 0.008273129 0.007443147 0.006313607 0.00490161 0.003980306 0.002315006 0.001800313 0.001665053 0.001107796 0.001012833 0.0009275196 0.0008492235 0.001061804 0.0009448289 0.0008087308 0.0006478488 0.0003146966 0.0003318961 0.0002053078 0.0001499236 2.402744e-005 1.210731e-005 0.001747916 0.002324366 0.004266374 0.008920955 0.01095051 0.02104193 0.03563936
0.133097 0.07474814 0.05572932 0.04297269 0.02167068 0.01537194 0.01781004 0.03545433 0.01530592 0.02639632 0.02469291 0.03631642 0.05241627 0.0876827 0.09471676 0.08193549 0.07197779 0.06923218 0.04541979 0.04645767 0.03196594 0.02130233 0.01744983 0.02313346 0.01816715 0.01851809 0.01838225 0.01067808 0.008599904 0.006741498 0.005180842 0.004344612 0.003085253 0.002486621 0.002249589 0.001453278 0.001283106 0.001162298 0.001079706 0.001359944 0.00123968 0.00119696 0.001018461 0.0008279803 0.000929931 0.000254706 0.0002088256 0.0002118153 4.116337e-005 0.002161784 2.975395e-005 0.01088229 0.009665683 0.005614036 0.003871789 0.00715219
0.1273421 0.1334311 0.08752435 0.04760332 0.02565707 0.02370337 0.02500615 0.04930928 0.03201267 0.02429151 0.03263578 0.05634532 0.04452891 0.06381781 0.05886491 0.06012355 0.09418905 0.07064363 0.05112909 0.08133789 0.05588252 0.03809515 0.03178148 0.02683714 0.0210542 0.01907189 0.01718764 0.01498454 0.009830946 0.01035676 0.005766416 0.005137967 0.004896321 0.003627688 0.003118725 0.001975333 0.001701682 0.001518445 0.001432131 0.001828389 0.001979328 0.002398378 0.002007444 0.001909507 0.000556681 0.0004563854 0.001852504 0.004394865 0.003989255 0.004948255 0.001117711 0.004340969 4.684283e-005 0.004357397 0.006921235 0.01371994
0.1227951 0.1438531 0.1032053 0.06096072 0.03593678 0.0294715 0.0440214 0.08472732 0.07701746 0.05701185 0.03258216 0.03954566 0.03914541 0.03846883 0.05868636 0.05261192 0.05806744 0.04578202 0.0598183 0.06424436 0.05008741 0.05072317 0.04218592 0.03784831 0.02833081 0.02945752 0.02437967 0.01804167 0.01657234 0.01231383 0.008991104 0.009011135 0.007546163 0.007086993 0.005659702 0.003519117 0.002991978 0.002647226 0.002506714 0.002395244 0.002300418 0.002213699 0.002480817 0.006067881 0.0008806621 0.0007440877 0.001084171 0.001593776 0.009079018 0.009316411 0.003000939 0.0006936685 0.000237486 0.001248996 0.006634415 0.0171155
0.08953067 0.1146307 0.09379669 0.06505765 0.03977701 0.03691516 0.0458089 0.08472647 0.0786157 0.04101454 0.03789806 0.04643513 0.04548019 0.04458268 0.04947847 0.04547461 0.04192905 0.04464094 0.05884453 0.04899651 0.04493709 0.04613858 0.05142086 0.04352496 0.04254003 0.03581088 0.0274802 0.02254017 0.024433 0.01510675 0.01151334 0.01093483 0.009075439 0.007786418 0.007363271 0.004290143 0.00356678 0.003148245 0.002993518 0.002869465 0.002898044 0.002522887 0.00217512 0.001532356 0.0009299578 0.0007997334 0.0007175873 0.001071104 0.001234337 0.0004316186 0.0004059948 0.002951793 0.004756335 0.0007520274 0.0002926945 4.104504e-005
0.1079418 0.0820178 0.06125604 0.07293227 0.05069578 0.04067937 0.03961398 0.04220255 0.03088669 0.03005811 0.0339371 0.05857254 0.05776434 0.0548196 0.05511844 0.06463338 0.05665091 0.05556022 0.05810607 0.05410171 0.05089736 0.05329052 0.05197031 0.05105979 0.05291672 0.04961906 0.03110262 0.0279471 0.04896304 0.03080701 0.01313752 0.01375143 0.01187716 0.01156118 0.008030028 0.004922552 0.004251084 0.003784841 0.003643232 0.003552228 0.003412202 0.003188038 0.002928211 0.006642689 0.003690814 0.001265096 0.002358695 0.001871521 0.0009606163 0.000782907 0.0007456266 0.0009168424 0.0009599348 0.003540308 0.00777553 0.0002141208
0.09771762 0.06548851 0.03277954 0.06328345 0.05161015 0.05104183 0.06879507 0.04899971 0.04055777 0.03203879 0.03723928 0.05955443 0.07116324 0.08074541 0.07372049 0.08196167 0.08170556 0.07211003 0.07344732 0.06705667 0.06103279 0.06497891 0.06334103 0.05818427 0.06045045 0.06012683 0.04117981 0.02947677 0.04483646 0.02825341 0.01857097 0.01489139 0.01243887 0.01278169 0.009815596 0.005539409 0.00488842 0.004552569 0.004434384 0.004520289 0.00433698 0.004313109 0.004365996 0.002970832 0.002372765 0.002033951 0.002921866 0.002757791 0.001565333 0.001352062 0.005334649 0.006247632 0.003276529 0.002971264 0.008216663 0.00303257
