contrib/geomasonDemos/riftland/riftlandData/RainData/.svn/text-base/28.txt.svn-base
ncols         56
nrows         54
xllcorner     28.264
yllcorner     -5.7719999999999
cellsize      0.25
NODATA_value  -9999
[rows 27 to 53 of 54, columns 0 to 55 of 56]
0.2636771 0.2790282 0.2526516 0.2060196 0.1568215 0.1969199 0.1963822 0.1522168 0.162256 0.1711091 0.1622525 0.1758021 0.1576145 0.1394191 0.1363525 0.1152885 0.1443452 0.14863 0.150903 0.1798116 0.1272139 0.1586608 0.1941836 0.177818 0.1936115 0.2011478 0.1426523 0.1293212 0.1097963 0.09971377 0.08527896 0.06929748 0.0601959 0.05765207 0.05929152 0.06842458 0.1012715 0.07653766 0.06105974 0.04478557 0.03978619 0.03897623 0.03927842 0.03171781 0.03573771 0.03470122 0.03804263 0.03058791 0.02389088 0.02215382 0.0349087 0.1173199 0.1053084 0.07176711 0.04673493 0.04581929
0.3233301 0.3014585 0.2275613 0.1858605 0.1389633 0.1101379 0.1214056 0.1913673 0.1718247 0.132234 0.1114554 0.1462016 0.1541573 0.1259676 0.137582 0.1139599 0.1430855 0.1230877 0.147112 0.1781824 0.1441161 0.1483299 0.1456478 0.2138183 0.2511812 0.2438962 0.1701379 0.1575954 0.1288212 0.1013487 0.08573475 0.073386 0.06449743 0.05813394 0.05937831 0.07348982 0.1093062 0.1108892 0.08740751 0.05858979 0.04750228 0.04599362 0.04656998 0.03585992 0.03655656 0.03303054 0.03997087 0.03676967 0.03129274 0.03244688 0.03302455 0.07289546 0.08376706 0.06069083 0.05700506 0.05371358
0.2226956 0.2683658 0.1769639 0.136886 0.1136342 0.09258922 0.1021249 0.1481577 0.1385826 0.1212636 0.09993841 0.1191893 0.1393627 0.1394506 0.1188265 0.09096031 0.1010177 0.1102047 0.1318843 0.1692695 0.158843 0.1530884 0.1306127 0.18305 0.3020484 0.2967499 0.182691 0.1563347 0.1305431 0.1072723 0.08808526 0.07589543 0.06405222 0.06080789 0.06316059 0.09068315 0.1141201 0.1311635 0.1457453 0.1029759 0.05847941 0.04924987 0.0475202 0.03976743 0.03255051 0.03097072 0.04443871 0.0478147 0.06553328 0.04851866 0.04984229 0.05225369 0.04420617 0.06354468 0.07655287 0.05039461
0.1970507 0.2365368 0.1273595 0.1360712 0.08299705 0.07440981 0.1060651 0.1469803 0.1201959 0.120075 0.1037666 0.1363516 0.1405754 0.1354299 0.1301278 0.07213917 0.076557 0.09957969 0.1694115 0.185243 0.1960286 0.1806737 0.1381591 0.1260893 0.1880674 0.2680244 0.1821094 0.1742758 0.1354399 0.1113185 0.08769748 0.08905647 0.06997098 0.06347995 0.07195055 0.09537332 0.1430932 0.1627253 0.1432282 0.09700953 0.07046526 0.04919365 0.05345763 0.04212922 0.03776062 0.03592776 0.04485608 0.07108537 0.1171045 0.08748467 0.07364183 0.07307356 0.08611529 0.06957164 0.1045513 0.04488545
0.2694463 0.2514614 0.1297748 0.1256815 0.1008209 0.08407231 0.1010045 0.1588971 0.1444233 0.1436431 0.1338228 0.1512074 0.1469028 0.1467002 0.1811948 0.1167659 0.1933078 0.2091398 0.2835173 0.2449167 0.2432739 0.2466999 0.2296416 0.1971052 0.2230053 0.2563729 0.237153 0.201481 0.1570278 0.1184822 0.08701475 0.103504 0.0860372 0.05921379 0.07468946 0.1220102 0.1631329 0.1429834 0.1342044 0.1072181 0.07743943 0.05260606 0.05732682 0.04194051 0.03071159 0.03591715 0.04555311 0.08236514 0.084051 0.0653692 0.1227215 0.1757305 0.1582446 0.1239051 0.08112814 0.04310644
0.3609296 0.1834896 0.1049459 0.1161916 0.09636609 0.08469643 0.08540654 0.1443418 0.1366225 0.1225954 0.1450978 0.1575756 0.1386189 0.159872 0.1820608 0.1514688 0.2321544 0.2938172 0.2155988 0.1769848 0.2376173 0.2552517 0.2479821 0.2134928 0.2538745 0.2345229 0.2646332 0.1966194 0.1631348 0.1228291 0.08765876 0.09775254 0.09210972 0.09881157 0.1017587 0.1442147 0.1544306 0.1557794 0.1592759 0.1255323 0.09979852 0.07765909 0.07381701 0.03959656 0.03085595 0.03307419 0.06042372 0.09206583 0.09787136 0.08629749 0.1007675 0.1691841 0.1358762 0.08029181 0.03009839 0.02422818
0.2887593 0.1564653 0.09967775 0.1156542 0.09981908 0.08884104 0.116616 0.136003 0.1410628 0.1641048 0.145343 0.1405112 0.1479505 0.2058954 0.2123081 0.1894203 0.2745071 0.302494 0.1519207 0.1782441 0.1674644 0.2070986 0.2144975 0.2055 0.2496811 0.2730206 0.1938593 0.1842903 0.191113 0.1329508 0.08927259 0.1189548 0.1050423 0.1280772 0.1352079 0.1589597 0.1508746 0.1672521 0.2005138 0.158135 0.1227146 0.08760204 0.06944978 0.03285842 0.03313437 0.04311681 0.05254795 0.06979537 0.0593798 0.07280835 0.07631251 0.1138639 0.09021649 0.05451257 0.02060167 0.001559434
0.3215129 0.2065637 0.124473 0.1243945 0.1148354 0.0956535 0.09836561 0.1286028 0.1196321 0.1154375 0.1240643 0.1363586 0.1471079 0.2225731 0.2350488 0.2950908 0.3734756 0.1855858 0.1285411 0.1376835 0.198363 0.2299413 0.256171 0.2536739 0.3263386 0.3078914 0.2011032 0.1506967 0.1363309 0.1233911 0.1043255 0.09892546 0.08149648 0.1044342 0.1167187 0.150692 0.1611688 0.194007 0.2553014 0.2136581 0.1593655 0.1026715 0.06929219 0.04019261 0.03619444 0.03566368 0.05559697 0.06268013 0.08869567 0.08555234 0.08920795 0.1017731 0.03562738 0.03231943 0.007101581 0.001616358
0.236109 0.1695654 0.1164683 0.1335242 0.100187 0.1090851 0.1148826 0.1335022 0.1172059 0.1085081 0.1127464 0.1275994 0.1413026 0.1872675 0.2118529 0.3382742 0.4177159 0.2014784 0.171039 0.1908497 0.2228835 0.2574847 0.3188701 0.3730596 0.3982683 0.3248924 0.2180869 0.1562828 0.1152292 0.08847544 0.09689648 0.1041213 0.09369837 0.1133889 0.1308609 0.1591605 0.1979987 0.2358235 0.2843063 0.3218399 0.2185321 0.1285001 0.09140039 0.0563759 0.06655117 0.06578292 0.07812418 0.07226443 0.1036118 0.112837 0.1067573 0.09054001 0.0769234 0.0426571 0.008561015 0.009179593
0.1966091 0.1182296 0.09684166 0.1347741 0.1068069 0.1257484 0.1118655 0.1143087 0.1000132 0.1066357 0.1003567 0.1174872 0.1357753 0.1363364 0.1968956 0.291883 0.3507821 0.254654 0.2347848 0.1690448 0.142762 0.2008433 0.1832421 0.3390915 0.3378606 0.2136644 0.1851765 0.1250774 0.09903604 0.08331387 0.08718687 0.09636895 0.07929066 0.09264058 0.1164043 0.1686354 0.2482855 0.2720528 0.3159451 0.3144311 0.2235685 0.1356983 0.1160929 0.08346764 0.1093247 0.1399231 0.1150542 0.1205747 0.1219128 0.1208932 0.07020424 0.04935194 0.0363665 0.004185278 0.002064894 0.01210671
0.2427953 0.1459061 0.0937268 0.1042861 0.09431832 0.1243953 0.08997862 0.1054685 0.1055488 0.1107374 0.09621314 0.117955 0.1391209 0.1321457 0.1892656 0.2795591 0.2554781 0.228029 0.2068518 0.1333556 0.1440757 0.1628411 0.1745404 0.1854677 0.1857748 0.1495163 0.1223349 0.1127702 0.09466565 0.08594961 0.08665042 0.08260334 0.08194365 0.101781 0.1331658 0.1763902 0.2597783 0.2708961 0.3071876 0.3067247 0.2263469 0.1687905 0.1255607 0.0894355 0.1111905 0.09369355 0.08259684 0.09044364 0.09872473 0.06994271 0.06553444 0.08266786 0.02035526 0.002145861 0.002029842 0.01058577
0.1868205 0.1321724 0.1053593 0.08460814 0.08908346 0.1006446 0.08367717 0.0856934 0.08904152 0.1349491 0.1094305 0.1223949 0.1310101 0.15472 0.1845727 0.2766274 0.2910125 0.216164 0.1591323 0.1110042 0.1175136 0.1614692 0.1573424 0.1554533 0.1432191 0.1039424 0.07712864 0.09848638 0.0998655 0.09963872 0.09296465 0.08445687 0.08302289 0.10674 0.1157847 0.1609137 0.2341952 0.2433903 0.2752559 0.2573265 0.2614121 0.2131764 0.1321632 0.1522012 0.100034 0.07082622 0.0461356 0.054632 0.05350612 0.06715935 0.06145301 0.04571459 0.02133165 0.002643613 0.002363091 0.01037657
0.1824204 0.1224667 0.08716232 0.08495436 0.07326391 0.07755654 0.07178631 0.0638274 0.08854707 0.1284524 0.1202584 0.1127486 0.1194685 0.122889 0.1294682 0.2013302 0.272007 0.2067302 0.1890813 0.1542865 0.1484708 0.1284662 0.176073 0.1485721 0.1250283 0.07940759 0.0500766 0.06657881 0.06792924 0.1028288 0.07779752 0.07800967 0.08745635 0.1054461 0.1302507 0.1426945 0.182544 0.2169237 0.2063402 0.227815 0.211682 0.1705875 0.1474701 0.1627387 0.07288722 0.04868631 0.04902615 0.04173229 0.04796305 0.05261933 0.04542002 0.02775406 0.01936841 0.0181577 0.02176715 0.004686193
0.1667559 0.08662418 0.04549353 0.09231054 0.08381183 0.05434194 0.05526584 0.07451156 0.08335458 0.09693319 0.1133504 0.1372194 0.1348118 0.1368492 0.1007548 0.09552076 0.1195063 0.117898 0.1074027 0.1224462 0.124372 0.1058128 0.1627496 0.1236166 0.1333213 0.07595166 0.03981512 0.06203446 0.04521634 0.05122968 0.06964242 0.1533544 0.1029764 0.09497901 0.1125215 0.1111832 0.1418979 0.1688277 0.1708006 0.178314 0.1610238 0.1749168 0.1386849 0.08473069 0.08332302 0.07584549 0.09010167 0.05913591 0.05192915 0.03407983 0.02321607 0.01954152 0.01769306 0.016625 0.01754578 0.00874477
0.1886059 0.08567658 0.06079704 0.1097294 0.08566486 0.05648694 0.06074932 0.07052281 0.08705574 0.09835578 0.09969943 0.1061219 0.1192069 0.1240686 0.1073631 0.1070976 0.149742 0.09593286 0.1007063 0.1124452 0.1413459 0.1024972 0.07292382 0.05198643 0.1001978 0.06128478 0.03734416 0.0472845 0.04943807 0.05874919 0.07051501 0.094633 0.1039419 0.1278903 0.07612496 0.08711004 0.105446 0.1352852 0.1643438 0.1690994 0.1603853 0.1510148 0.1252004 0.06410033 0.07068117 0.06525325 0.07709134 0.0598169 0.05666757 0.03989825 0.03413926 0.01955512 0.01702051 0.01934686 0.01679691 0.006569037
0.1850354 0.07671332 0.04345531 0.08322768 0.08226683 0.06490883 0.05636388 0.1186703 0.1023419 0.1116853 0.09388486 0.1008128 0.105569 0.1498367 0.1646622 0.1790172 0.1984819 0.204309 0.1461765 0.09616864 0.1405333 0.1449261 0.06706917 0.04335072 0.06209318 0.05259775 0.03294944 0.05433055 0.05106955 0.05666172 0.1022717 0.1079427 0.07679187 0.1294375 0.07487234 0.09380121 0.1377879 0.09256298 0.1168352 0.1704064 0.1590229 0.1889128 0.1157631 0.07855686 0.05698474 0.03839364 0.06707605 0.0841604 0.04713134 0.03462841 0.02431005 0.03357757 0.02639617 0.01921197 0.01452807 0.005230126
0.1820966 0.08514018 0.05539415 0.035149 0.07729545 0.07019233 0.03899954 0.0579403 0.07470381 0.06716798 0.05134576 0.08920064 0.06868732 0.1435203 0.1995511 0.2116491 0.13436 0.1375676 0.1236716 0.1196964 0.08445527 0.09644717 0.07986183 0.05140659 0.03984016 0.02784556 0.03620214 0.03668205 0.05395133 0.0730552 0.1059133 0.1135248 0.08963859 0.08005207 0.07917648 0.09522925 0.2555523 0.1187394 0.1193743 0.1186635 0.1056443 0.1140849 0.1261268 0.07487893 0.05223001 0.04645113 0.0386239 0.05051438 0.06547508 0.04978717 0.07153893 0.0516318 0.02476987 0.01 0.007698745 0.01405858
0.1229405 0.07748744 0.06950515 0.06399796 0.09273724 0.08022507 0.02047292 0.04679712 0.08979191 0.05048512 0.02417835 0.0524851 0.0554059 0.08634439 0.1161986 0.1093039 0.1364036 0.1400348 0.1380522 0.1274136 0.07188192 0.08228872 0.09479379 0.04080493 0.01791945 0.04916193 0.02017474 0.02332513 0.06493513 0.06201654 0.0609907 0.09598535 0.1016102 0.06959383 0.07050551 0.0881862 0.09568737 0.1126342 0.1020894 0.1261895 0.134427 0.1009786 0.1296847 0.08539069 0.05493115 0.04802935 0.04869132 0.05801264 0.0608858 0.06059448 0.04331117 0.0441841 0.03292887 0.02079498 0.009832636 0.009539749
0.13963 0.08265851 0.08463616 0.08571615 0.0672134 0.05987118 0.03890362 0.08731583 0.09687594 0.05300259 0.07084717 0.08133624 0.07536416 0.119663 0.08581681 0.1019709 0.1222075 0.1655471 0.1226949 0.0857641 0.05341017 0.07095917 0.05794022 0.02498715 0.02322798 0.01832316 0.0210085 0.03167307 0.0335762 0.03301813 0.0344996 0.1039157 0.08374438 0.05405519 0.08600524 0.09378291 0.1152506 0.1422247 0.1123054 0.1397916 0.1267136 0.1163286 0.1221304 0.1360267 0.06891257 0.07138942 0.06365586 0.08761948 0.08185365 0.07793029 0.05182064 0.04682008 0.05305439 0.07317992 0.02481172 0.005146443
0.1069187 0.08212136 0.07984741 0.05005183 0.07739069 0.04367536 0.0655602 0.06627639 0.07768954 0.04727906 0.0758132 0.09652961 0.08142663 0.09061916 0.09903512 0.08757622 0.1074203 0.1107944 0.06935477 0.06970453 0.06288264 0.05132727 0.0526207 0.01951168 0.02050767 0.01515198 0.0205702 0.03167663 0.04350471 0.05178743 0.06013342 0.0931913 0.05840162 0.0424424 0.05750412 0.09246268 0.1476197 0.09977372 0.1269459 0.1352721 0.1410256 0.1380262 0.1513093 0.1075584 0.1179471 0.1147364 0.1163187 0.1169841 0.09157352 0.0790986 0.06289997 0.09598326 0.07263597 0.04966527 0.04573222 0.01707113
0.07876001 0.04729581 0.06809336 0.06423547 0.06143009 0.06860864 0.09205174 0.07692441 0.05902571 0.07139995 0.06831206 0.08465113 0.08061349 0.06452834 0.07582677 0.08988666 0.07731555 0.09107846 0.08088312 0.078354 0.05409444 0.07957701 0.06124949 0.03148669 0.02835474 0.04255522 0.0439735 0.02988387 0.04416532 0.07664151 0.09142711 0.0923591 0.04641711 0.04310653 0.03867902 0.07438795 0.113714 0.08338546 0.1239224 0.1941158 0.1598864 0.1758841 0.2099036 0.1756316 0.1753611 0.1793662 0.1818625 0.214728 0.1688285 0.2039749 0.1682845 0.1509623 0.1119665 0.05359833 0.04037657 0.0374477
0.03840639 0.03388169 0.06111483 0.08134392 0.07631455 0.05490049 0.07969098 0.08003753 0.07633945 0.05489973 0.03756113 0.08513711 0.09823649 0.08642856 0.09065942 0.1259945 0.1162166 0.1311019 0.1262512 0.09270855 0.06825583 0.06976035 0.06026393 0.06778336 0.04307583 0.05419036 0.03619305 0.0262009 0.03466242 0.03490291 0.07292887 0.07298637 0.03984972 0.0456721 0.07496387 0.1026766 0.08390566 0.07437652 0.09834991 0.1686263 0.1771905 0.1852758 0.2067728 0.1975293 0.2094765 0.2361825 0.2657875 0.2397489 0.251841 0.2315063 0.2087866 0.1694979 0.1411297 0.08761506 0.05920502 0.07133891
0.07502515 0.09398066 0.1025054 0.1359161 0.07180804 0.08446434 0.09059922 0.07273027 0.06255017 0.0490969 0.08352081 0.1249594 0.1175721 0.1388328 0.1631297 0.1501344 0.2946953 0.2646981 0.1254533 0.1215766 0.1021419 0.07443456 0.0675768 0.05508164 0.04971638 0.04438027 0.03047829 0.03085868 0.03638855 0.02568084 0.0526031 0.07953469 0.06292299 0.05791042 0.07587376 0.1306341 0.09145384 0.1133367 0.07572711 0.172098 0.2242362 0.1982915 0.2127171 0.223494 0.2842719 0.2768082 0.3066241 0.3295816 0.3172804 0.2062761 0.2694142 0.2165272 0.1758996 0.1095397 0.07728034 0.07389121
0.06326067 0.0777082 0.07626686 0.08617252 0.09698514 0.1254266 0.07205784 0.1164486 0.08414384 0.07124171 0.1559594 0.1677299 0.1266707 0.1329565 0.1359219 0.1588498 0.1711666 0.2026733 0.103173 0.127417 0.1049471 0.07716229 0.06154767 0.03908322 0.04075896 0.03295261 0.0379465 0.03917222 0.07271314 0.07345797 0.06240302 0.07285915 0.08867531 0.05948112 0.07319072 0.105545 0.07548977 0.08160438 0.10411 0.1837095 0.2162875 0.2222413 0.2564657 0.2966032 0.2851945 0.2953427 0.3098828 0.3179079 0.3434728 0.2557741 0.2893305 0.2175732 0.1375732 0.1313389 0.1095398 0.06974895
0.06136562 0.06043097 0.08872876 0.1152262 0.1099316 0.08975457 0.05869661 0.08731472 0.06785432 0.07037873 0.0805241 0.09976323 0.1032457 0.1117686 0.1385947 0.3803236 0.1876757 0.1217847 0.09680573 0.1017562 0.09171579 0.07107418 0.07995226 0.06542215 0.05876258 0.05722946 0.06332827 0.06141094 0.0663356 0.06853807 0.05071715 0.07146333 0.08821571 0.06889173 0.06694241 0.09480769 0.1035548 0.1439288 0.1630807 0.2208548 0.2382649 0.2707232 0.3169203 0.4367972 0.3748094 0.4307654 0.3579291 0.3999581 0.4644352 0.2742677 0.2227197 0.181841 0.152385 0.1419247 0.1505021 0.1428452
0.0576151 0.06138467 0.07696046 0.09783152 0.08090848 0.04221749 0.03981859 0.06980652 0.05401779 0.08091377 0.1455124 0.1232587 0.09373496 0.0887784 0.1300514 0.2367376 0.2515628 0.1471831 0.1006816 0.1054002 0.0934085 0.08016951 0.08505721 0.08923513 0.06530817 0.05716356 0.05953421 0.054272 0.05849847 0.05753675 0.1011235 0.06923462 0.06378631 0.07725233 0.08996079 0.1423874 0.1855848 0.1847465 0.1878857 0.2794355 0.2790994 0.3009146 0.3391681 0.4508204 0.4138834 0.4470472 0.3859818 0.3670292 0.4084937 0.2771548 0.2325105 0.201841 0.1869875 0.2031799 0.1612971 0.1671966
0.0930986 0.07229183 0.07223316 0.134769 0.08257502 0.05769616 0.05711046 0.08411374 0.079111 0.06577089 0.07288162 0.127059 0.1019432 0.1282965 0.08297207 0.1148164 0.1640147 0.1326079 0.1132858 0.1397371 0.1263987 0.08732787 0.09057575 0.08192012 0.06152 0.04675077 0.04622529 0.05071326 0.06430155 0.05206674 0.05365963 0.07089122 0.07519133 0.07713632 0.08549505 0.1688533 0.2042006 0.1933993 0.2137378 0.2841543 0.2929743 0.2985728 0.3550041 0.3986448 0.4461777 0.4945911 0.3873101 0.4329707 0.4150628 0.3071966 0.241841 0.1788703 0.1702092 0.1688284 0.1756904 0.1595398
