contrib/geomasonDemos/riftland/riftlandData/RainData/.svn/text-base/28.txt.svn-base
ncols         56
nrows         54
xllcorner     28.264
yllcorner     -5.7719999999999
cellsize      0.25
NODATA_value  -9999
[rows 0 to 26 of 54, columns 0 to 55 of 56]
0.07751442 0.0533763 0.05522364 0.08522838 0.06846916 0.05846167 0.0529761 0.04614114 0.02561274 0.02563991 0.04511764 0.08367093 0.04613973 0.01997173 0.01698943 0.02202691 0.03015715 0.033794 0.05258419 0.05206015 0.06500436 0.06369764 0.05918304 0.06581359 0.07190477 0.07151072 0.06388416 0.1059387 0.1246325 0.1131681 0.1171739 0.1248335 0.1247252 0.1359145 0.122838 0.1056958 0.0912303 0.1251748 0.1241048 0.1183304 0.06832448 0.03254429 0.01976866 0.07856384 0.09409502 0.07919469 0.09997314 0.1060907 0.0955523 0.09269243 0.1212543 0.1326691 0.155417 0.1334982 0.08286553 0.03577561
0.07642148 0.06511208 0.0590794 0.08152946 0.06516208 0.06789967 0.07707311 0.05568413 0.03526393 0.02738384 0.03375302 0.05856581 0.0450842 0.02914607 0.02205749 0.03160603 0.04292087 0.05345776 0.1042214 0.07589918 0.06912694 0.04780186 0.04301049 0.0571146 0.05348437 0.05531166 0.08008708 0.1091151 0.1299366 0.1207496 0.1138773 0.1036701 0.120372 0.1212375 0.1454833 0.1357496 0.1209415 0.1495362 0.1578647 0.1083544 0.04908409 0.05208997 0.0444628 0.07128379 0.0708932 0.0993863 0.1006521 0.1010905 0.08892309 0.1216396 0.1513924 0.1587866 0.1579821 0.1057122 0.09022599 0.04367718
0.08983048 0.08202272 0.1024516 0.09395276 0.0814646 0.08014505 0.07588453 0.07446119 0.05851486 0.05176022 0.05714085 0.05665377 0.07746402 0.05690844 0.05233587 0.03086569 0.02389934 0.06125056 0.1049806 0.06334698 0.03774136 0.04028679 0.05254875 0.05330082 0.06213551 0.07330537 0.09568468 0.1382626 0.1308179 0.1313486 0.1031836 0.1144231 0.1427194 0.1599287 0.1857145 0.1354568 0.1488138 0.182343 0.1248593 0.112604 0.1003462 0.0869389 0.07123715 0.0594454 0.06654198 0.05565904 0.07724366 0.1117112 0.1165028 0.1598374 0.1583614 0.1567965 0.1671714 0.1235792 0.08651678 0.05618327
0.1282485 0.1209011 0.08778083 0.07245424 0.08685824 0.1106209 0.09862621 0.08763625 0.07093005 0.05628034 0.04423859 0.04686276 0.02619174 0.04949135 0.07404488 0.05403389 0.03397562 0.05578376 0.05392552 0.04708438 0.02680222 0.02675167 0.03207856 0.03945342 0.04858943 0.08472409 0.118329 0.160913 0.1212554 0.1273989 0.1211013 0.1262558 0.1565242 0.1928537 0.2214989 0.1569023 0.1565202 0.1210032 0.09670347 0.07231788 0.1226644 0.1530299 0.1034829 0.1039086 0.07427011 0.08434382 0.1267883 0.1271514 0.1600736 0.1109559 0.1124652 0.1351245 0.1484547 0.1083304 0.04695344 0.04314572
0.1607823 0.1271845 0.1149617 0.1125326 0.1455551 0.1110695 0.1151032 0.10905 0.06772831 0.06812785 0.04405173 0.0359722 0.02550474 0.05712006 0.07223219 0.06672242 0.04866337 0.04135926 0.03832483 0.03439831 0.03104702 0.02654763 0.04335105 0.06639598 0.08254331 0.09050883 0.1105924 0.1031071 0.1221278 0.1070986 0.119858 0.1176374 0.162039 0.2100899 0.1726639 0.148866 0.1314103 0.0912718 0.0543873 0.05255757 0.1081474 0.105689 0.1045832 0.09795254 0.1021191 0.102337 0.1361136 0.2080644 0.1479786 0.117034 0.107423 0.09743617 0.08447923 0.05136901 0.03679752 0.01845516
0.1636888 0.1600463 0.1363283 0.1540337 0.1614111 0.128852 0.08904847 0.08652612 0.0541224 0.03549444 0.04591846 0.03245738 0.03587312 0.03968215 0.1154699 0.06495813 0.05398209 0.04550278 0.03678884 0.04372429 0.03230539 0.04789783 0.07942007 0.09531526 0.1073686 0.1361221 0.1168803 0.1168441 0.105621 0.1052296 0.1486948 0.1480381 0.1553348 0.1777596 0.1606779 0.120668 0.1109254 0.08076687 0.07095155 0.07283948 0.09044588 0.07599156 0.1061746 0.08005188 0.08799559 0.101974 0.1166309 0.157206 0.1461071 0.09371013 0.08186791 0.07603194 0.05615118 0.03390627 0.02694255 0.01824921
0.1712822 0.1602392 0.1350647 0.1189633 0.1327854 0.160403 0.09360593 0.09333991 0.05756096 0.02372364 0.01544233 0.03628994 0.03586063 0.06642348 0.06687041 0.07887861 0.04068874 0.03268016 0.03321688 0.03296824 0.046509 0.0633053 0.07928237 0.09956568 0.09904146 0.118509 0.1225948 0.1018664 0.07806189 0.08050607 0.1111037 0.1161596 0.1278988 0.1461838 0.1253503 0.1184417 0.1023418 0.05474876 0.05169626 0.08157779 0.09415593 0.08321822 0.08823845 0.09985434 0.1044168 0.08131138 0.09076945 0.08364246 0.09569433 0.06671543 0.03425958 0.0364085 0.0357489 0.03073344 0.03861582 0.03755737
0.1556924 0.1537595 0.1475943 0.1101356 0.1262228 0.1835927 0.1464791 0.09799439 0.0654017 0.04912672 0.04134674 0.02967533 0.04250352 0.05379114 0.05035396 0.0560398 0.02709555 0.02121834 0.03602722 0.03956518 0.05703082 0.04836949 0.06333942 0.06383628 0.06768979 0.07386698 0.08567274 0.0633539 0.06763428 0.07892691 0.0712315 0.06268879 0.1007592 0.1014995 0.1003559 0.1140986 0.08633799 0.05122089 0.05874139 0.1057743 0.1142117 0.08829426 0.07242664 0.08630197 0.1056985 0.08793095 0.0679325 0.06433909 0.04853438 0.03360945 0.04131744 0.02717838 0.03874442 0.05968766 0.06791265 0.04741725
0.2029308 0.2054998 0.1763227 0.1736544 0.1500924 0.1955824 0.1495918 0.1359138 0.08363601 0.09707077 0.07165368 0.07345136 0.06346276 0.02690919 0.03258372 0.04023167 0.03516702 0.01649427 0.03851667 0.05525771 0.05394523 0.04565938 0.06760731 0.06428488 0.05513197 0.05317245 0.0446643 0.04231279 0.04308464 0.05650144 0.06544185 0.05593788 0.09617304 0.09678764 0.0834453 0.08204807 0.08533775 0.07328163 0.0653019 0.09418051 0.08672652 0.08363434 0.04896916 0.077555 0.1045941 0.1073343 0.0672994 0.073196 0.03815515 0.03970653 0.0458719 0.03667731 0.02081585 0.01159856 0.0195373 0.01976433
0.2461967 0.2217659 0.215598 0.2114026 0.1819988 0.1878043 0.1554571 0.1372775 0.07595051 0.06907488 0.08056101 0.08016869 0.08516631 0.03937345 0.0653575 0.05680771 0.03945911 0.03250771 0.03616498 0.03133202 0.0501911 0.03898887 0.05725548 0.05876601 0.03173121 0.03128302 0.01678845 0.01902407 0.01341705 0.02879848 0.03271703 0.05654724 0.08212604 0.08673076 0.08418685 0.08475051 0.09690378 0.07354366 0.05360665 0.06065695 0.06695687 0.06015586 0.03356113 0.05371317 0.08048952 0.06058191 0.05100873 0.05287969 0.03498505 0.05090987 0.03805761 0.03894575 0.0218867 0.004511636 0.01456582 0.01392202
0.2274044 0.2027515 0.2295893 0.2722412 0.2010476 0.1914318 0.1634298 0.1230684 0.08462402 0.07142001 0.08493754 0.06047091 0.03642925 0.03802957 0.06385453 0.05526856 0.03852662 0.04823366 0.02992276 0.01856949 0.01145743 0.01052083 0.01612661 0.02247441 0.01671201 0.02332797 0.01738288 0.008159855 0.008351846 0.01723235 0.03031047 0.07846091 0.06468504 0.06482142 0.06547083 0.06513047 0.05510557 0.06456989 0.06911316 0.07752619 0.05271513 0.03627774 0.02705992 0.02860082 0.04189129 0.04600928 0.03109676 0.03582861 0.03101924 0.05705278 0.05112013 0.04654836 0.03166131 0.01255503 0.01343152 0.004356794
0.1960993 0.1928524 0.2181339 0.238643 0.2445195 0.2372534 0.2152695 0.1075296 0.09300718 0.09155227 0.07051627 0.05344757 0.05663194 0.0616193 0.07231806 0.08153017 0.03665916 0.03518273 0.01970182 0.0206119 0.01551675 0.01083909 0.008928443 0.01431882 0.0226916 0.01550411 0.01092951 0.01114391 0.011904 0.01415489 0.02214386 0.04885835 0.06154767 0.06688683 0.06928039 0.1282599 0.1270567 0.1111942 0.1089646 0.08953535 0.05278452 0.04747843 0.05004035 0.06277756 0.07870585 0.06021425 0.04158288 0.05169902 0.0533079 0.05383274 0.04745776 0.03701369 0.03630361 0.01918117 0.01368492 0.009111962
0.2363426 0.1913952 0.2176186 0.2777402 0.2619601 0.2695044 0.2072088 0.1651356 0.1870262 0.1706879 0.1347112 0.1271695 0.1029125 0.09443029 0.08753823 0.1129769 0.05430395 0.04104362 0.03461545 0.0854377 0.0473527 0.02665527 0.0236936 0.03029101 0.0438789 0.02973449 0.0113015 0.01553794 0.007736837 0.008051462 0.01273435 0.03328455 0.05162022 0.05612516 0.06901135 0.1593627 0.1156636 0.1223926 0.1115359 0.06567993 0.04447028 0.0464504 0.05524607 0.05138644 0.06435457 0.04358432 0.04759083 0.06095605 0.05766742 0.06011477 0.04596733 0.02571125 0.03696563 0.01314426 0.0174724 0.01999657
0.2558484 0.2146659 0.2244435 0.3131885 0.3011241 0.2413179 0.2059052 0.1476912 0.1507035 0.1740822 0.1632547 0.1380472 0.1215796 0.09306356 0.08643042 0.1206523 0.09514462 0.06890959 0.04628994 0.07155097 0.05244969 0.03995019 0.05123427 0.06610513 0.04818266 0.02933596 0.008597293 0.007109422 0.0195383 0.007789997 0.01145194 0.02909707 0.03610501 0.04931166 0.1165293 0.121041 0.06600168 0.08294167 0.08532282 0.06477214 0.05772741 0.04693285 0.03693096 0.04534971 0.03898393 0.03750501 0.03801157 0.05381144 0.04798526 0.04464493 0.03431349 0.02048506 0.01315426 0.01018371 0.009531736 0.01618308
0.2640094 0.2084837 0.2101012 0.2963003 0.3166247 0.2269824 0.2461688 0.1777863 0.09889706 0.1186614 0.1180552 0.09802032 0.1023121 0.1157409 0.08657522 0.1259484 0.1103975 0.1482274 0.1013983 0.05475348 0.04383783 0.03693309 0.03416881 0.03678446 0.02804075 0.02324608 0.008809629 0.005574523 0.005234315 0.007075564 0.02456414 0.03551014 0.05077332 0.06069793 0.09423212 0.1048878 0.06737663 0.04230448 0.06369364 0.05597371 0.0730673 0.05300254 0.04249061 0.04849672 0.04280667 0.03339765 0.0372113 0.03966381 0.03362221 0.03825451 0.02565057 0.01592678 0.0125328 0.01326221 0.0207889 0.02317668
0.3128133 0.2592626 0.3350025 0.3563229 0.3431635 0.3562102 0.2634506 0.1812874 0.1543013 0.2086556 0.1217851 0.1378105 0.1270792 0.1142268 0.09773193 0.08545984 0.1259553 0.172537 0.1260381 0.07496594 0.07923967 0.06327007 0.03724259 0.03012189 0.01582907 0.0082063 0.007294512 0.004813267 0.004479388 0.006077465 0.007036631 0.01338472 0.02372601 0.02812328 0.04936633 0.06830412 0.04711732 0.02681613 0.0244412 0.05195123 0.06384955 0.07315665 0.06831104 0.04707294 0.03786925 0.03492592 0.03599428 0.04132132 0.03223247 0.02696248 0.02563717 0.01790288 0.01659172 0.04904718 0.04758202 0.03217577
0.3598232 0.297105 0.3795955 0.3377839 0.3134462 0.3270866 0.2856472 0.279709 0.1964713 0.1711674 0.1238436 0.1595167 0.1074807 0.1102378 0.08353338 0.08513511 0.1526097 0.1432969 0.1221231 0.1224629 0.1045359 0.08902168 0.02927792 0.02292427 0.01817126 0.01233694 0.007800651 0.005183704 0.009324691 0.008024424 0.004944806 0.01047236 0.02374444 0.01219894 0.03865792 0.04484556 0.03126296 0.02495598 0.02174197 0.04034629 0.0456482 0.05575669 0.06572096 0.0578878 0.0537508 0.04161474 0.03457394 0.03672245 0.03205365 0.03053465 0.02533297 0.01281652 0.01619141 0.0531271 0.0633072 0.03810934
0.4257033 0.3638971 0.3691374 0.3079075 0.2738765 0.2706701 0.278256 0.2555747 0.1828637 0.133131 0.1083066 0.1098225 0.1055882 0.1142241 0.1009 0.1009841 0.1390256 0.1912663 0.1651925 0.1839494 0.1545524 0.08306622 0.03048775 0.03348993 0.01950922 0.01178161 0.00893686 0.00669958 0.005831169 0.005497638 0.005723002 0.01123076 0.01640557 0.01190186 0.02033189 0.02809611 0.02897101 0.02969808 0.02214605 0.03733978 0.0417476 0.04539396 0.05287101 0.04266012 0.0404604 0.04289214 0.03334695 0.03570829 0.03181158 0.03145524 0.04494345 0.02405584 0.02822058 0.0398658 0.04694204 0.03276012
0.4144956 0.3161895 0.2490656 0.2251685 0.2646618 0.3056854 0.3073412 0.2155971 0.1620267 0.1108101 0.0993176 0.1282898 0.1090861 0.1321378 0.1687039 0.1378247 0.2112434 0.3133104 0.26977 0.1532501 0.1384844 0.05891772 0.06967117 0.06075392 0.03194761 0.01778395 0.0175291 0.01623563 0.008212391 0.007607979 0.008663833 0.01220021 0.01323671 0.01438374 0.01567232 0.01307167 0.01757043 0.02100316 0.02407917 0.03546762 0.03676802 0.04371211 0.03995994 0.03780174 0.03871421 0.02766694 0.0303054 0.03006538 0.02729273 0.0263028 0.03683844 0.02439529 0.02019517 0.02824995 0.030308 0.02664981
0.3170388 0.2604434 0.16054 0.1990213 0.2619919 0.3084213 0.2431252 0.2037047 0.1599404 0.09189452 0.1005587 0.1676578 0.1551287 0.1986895 0.2405574 0.2644315 0.3278872 0.2839189 0.194261 0.1712409 0.1073118 0.1224565 0.1424136 0.08292975 0.04558685 0.03379951 0.0339219 0.03173339 0.02188686 0.01810463 0.01700269 0.02823116 0.03128621 0.02227877 0.02151336 0.01820984 0.02211713 0.01065901 0.01243397 0.03024015 0.02894545 0.03089662 0.03023873 0.04021029 0.04254099 0.03418828 0.03247267 0.0310285 0.02762196 0.02529482 0.02290308 0.01862735 0.01932304 0.0217693 0.02688026 0.01767569
0.2291832 0.2209732 0.178348 0.3323018 0.357215 0.3002498 0.3505236 0.3459137 0.2050119 0.0678545 0.1267947 0.1464713 0.09628265 0.1457586 0.2106757 0.2988527 0.2947023 0.2526509 0.180467 0.1869973 0.1475392 0.1258072 0.1389655 0.09171142 0.0535761 0.04421268 0.0386858 0.03575499 0.03263351 0.02614339 0.02035379 0.03302566 0.05519998 0.04153041 0.02145907 0.03649444 0.03419492 0.009418539 0.01056713 0.02077879 0.02322566 0.02551835 0.02725846 0.029132 0.02978154 0.03390549 0.05963664 0.03309603 0.02575509 0.0227445 0.02102567 0.02717877 0.02284586 0.02520962 0.02551161 0.02659617
0.2853098 0.2424933 0.2146235 0.3333389 0.3267004 0.2469865 0.2651979 0.3038101 0.2400306 0.1258252 0.07540142 0.09563851 0.07345855 0.11998 0.1471712 0.1345297 0.1746765 0.1370399 0.1417133 0.1911664 0.1406606 0.1101027 0.1490089 0.1177963 0.08597527 0.05921009 0.04860997 0.04361463 0.04959665 0.03907507 0.02830669 0.03139021 0.02652331 0.02700577 0.02502069 0.02748376 0.01557499 0.01048008 0.01022916 0.01945814 0.02126618 0.02261079 0.02620153 0.02593316 0.0262554 0.02575165 0.05183422 0.02861707 0.02289891 0.02071335 0.02352832 0.03571871 0.02763947 0.02858011 0.0371412 0.03234314
0.3605756 0.3780448 0.249419 0.2469967 0.2152482 0.2057425 0.2374226 0.276345 0.2064674 0.123753 0.1085212 0.1236373 0.07782558 0.1691313 0.1569431 0.1416436 0.1052225 0.08581873 0.1085459 0.1614958 0.1753866 0.1663202 0.1364584 0.1263453 0.09631018 0.07051678 0.05665146 0.06638564 0.05223915 0.04538548 0.04009787 0.04211883 0.03747314 0.04161267 0.03192982 0.03520435 0.0184427 0.01076553 0.02409358 0.05327784 0.02924099 0.02275707 0.03750809 0.03139463 0.02506375 0.02396277 0.02253308 0.02554697 0.02238003 0.0219726 0.02646756 0.03628011 0.03848747 0.02580272 0.05530372 0.04277978
0.349949 0.3340244 0.2294289 0.1831385 0.1629086 0.1423082 0.1633267 0.1874671 0.1102392 0.09191558 0.06809054 0.1088269 0.1010499 0.1872535 0.1846067 0.1367838 0.1204536 0.09839058 0.1233085 0.1520346 0.1952191 0.1627178 0.1997962 0.1887423 0.1282718 0.07955997 0.05909146 0.05876359 0.0640524 0.06134947 0.05213659 0.06005362 0.07422619 0.09703379 0.04913175 0.03365112 0.02757608 0.03485536 0.04064989 0.03048225 0.03903534 0.03220872 0.0376307 0.01889665 0.01510894 0.01371746 0.01337849 0.01744996 0.03176827 0.02179997 0.01787305 0.02695613 0.04890217 0.1156975 0.0537882 0.08961504
0.3092876 0.3442675 0.2439395 0.1732886 0.1481192 0.1078108 0.108085 0.115342 0.066061 0.1243127 0.06419032 0.07885473 0.1191577 0.1725664 0.1968838 0.1729349 0.1232351 0.1123539 0.1393304 0.1590968 0.1656731 0.1370225 0.1088029 0.1024027 0.1263245 0.1148875 0.06477924 0.0738565 0.0847392 0.07619851 0.05564841 0.06794863 0.06654287 0.06341773 0.04629892 0.04296204 0.03580501 0.02624501 0.02534183 0.02386124 0.0252038 0.02384643 0.03208943 0.01587784 0.0134447 0.01222656 0.01279176 0.01949817 0.02399236 0.01991202 0.03657623 0.04232107 0.0597588 0.06073476 0.08694258 0.1350386
0.3104666 0.2966885 0.2630265 0.1651809 0.1236245 0.09380433 0.0806505 0.08536088 0.07601875 0.09477931 0.04796033 0.1020714 0.1257205 0.1382275 0.1694755 0.1941697 0.1461754 0.1352683 0.1004895 0.1250241 0.1195372 0.1809152 0.1462444 0.1264681 0.1213673 0.0988007 0.07304434 0.08116381 0.1115918 0.08771379 0.0591388 0.07249299 0.07321877 0.05768015 0.05009101 0.06371954 0.06505032 0.03476518 0.02742353 0.02634346 0.02561442 0.02630117 0.03082377 0.01464782 0.01344065 0.01939637 0.0262447 0.02926921 0.02482373 0.04149923 0.05518811 0.07580598 0.04805296 0.04905872 0.06635496 0.0482375
0.33342 0.3559868 0.251161 0.2158415 0.16994 0.1565194 0.1023228 0.1153964 0.1104491 0.1083156 0.1624776 0.1681169 0.1336152 0.112528 0.1176962 0.1580341 0.1482783 0.1464393 0.1137805 0.1028309 0.1028747 0.1601122 0.1983095 0.1898304 0.182845 0.1289847 0.09272362 0.09342214 0.08806555 0.0803849 0.06645199 0.07395473 0.06850777 0.0584961 0.05721147 0.06744208 0.07059728 0.05681023 0.03668645 0.03100599 0.03308038 0.0331228 0.03139943 0.01832501 0.02058273 0.0293421 0.03960919 0.02810456 0.01857238 0.02382049 0.05739931 0.07890535 0.08356588 0.07924127 0.03783709 0.04456208
