contrib/geomasonDemos/riftland/riftlandData/RainData/.svn/text-base/29.txt.svn-base
ncols         56
nrows         54
xllcorner     28.264
yllcorner     -5.7719999999999
cellsize      0.25
NODATA_value  -9999
[rows 26 to 51 of 54, columns 0 to 55 of 56]
0.1193412 0.1102083 0.06582543 0.1028251 0.08495089 0.06496583 0.0857171 0.08020256 0.05443203 0.07514799 0.08498104 0.1158198 0.1187683 0.1141687 0.1220558 0.1279463 0.15519 0.1709608 0.1537907 0.1628625 0.139143 0.1217907 0.1379511 0.1675947 0.1434099 0.1560298 0.1360732 0.1360977 0.144661 0.1446761 0.1100664 0.09247713 0.07411703 0.04869093 0.04219217 0.02003137 0.01553974 0.009477615 0.0085759 0.008363148 0.007503492 0.007057579 0.00947239 0.005338602 0.009124669 0.01832512 0.02213909 0.03001651 0.02425929 0.02135874 0.01919123 0.04205878 0.02897937 0.01904612 0.04772308 0.03132433
0.184543 0.1747448 0.08869042 0.0926344 0.09861565 0.08545135 0.1074307 0.139284 0.1092149 0.1193316 0.1027165 0.1108401 0.1248499 0.1349803 0.1449954 0.1408676 0.1678908 0.1583887 0.1450023 0.1491828 0.1369627 0.1449564 0.1533386 0.1845989 0.1759539 0.1862417 0.1786087 0.1476731 0.1486986 0.1363934 0.09179401 0.08604218 0.08644343 0.04738048 0.03828968 0.02295098 0.01665695 0.01352166 0.01244754 0.01157327 0.01095981 0.0110014 0.01196309 0.008741802 0.006936054 0.01137369 0.009129905 0.01127105 0.01155044 0.008437969 0.006819565 0.0289678 0.04025633 0.0212899 0.05218523 0.1123682
0.2788766 0.1961753 0.1181345 0.09576206 0.08939498 0.07608645 0.08407208 0.1130202 0.1024346 0.0942564 0.08093254 0.1093764 0.1287111 0.1335793 0.1393435 0.1418517 0.1481712 0.1401826 0.1340496 0.1225024 0.125546 0.1298212 0.140011 0.2366683 0.2442533 0.2569791 0.2291598 0.1905396 0.1819209 0.1598895 0.09497474 0.08711744 0.07419934 0.04476778 0.03440598 0.02398667 0.0196629 0.01508077 0.01362127 0.0130109 0.01233759 0.0112114 0.01095253 0.006448523 0.01073056 0.01445937 0.00846257 0.00532424 0.004356285 0.003774947 0.007000603 0.04833943 0.0500512 0.03275161 0.05016673 0.07849728
0.267512 0.1920559 0.1233761 0.09202401 0.08069532 0.06215765 0.06429793 0.0769894 0.08456171 0.08283941 0.08132951 0.126138 0.1384449 0.1437464 0.1602659 0.1458921 0.1184896 0.1193812 0.1259326 0.1088737 0.1246641 0.1228626 0.1406296 0.2424614 0.3385791 0.3146043 0.253939 0.2311881 0.1638565 0.1416249 0.1075098 0.1001116 0.05991884 0.03803664 0.034502 0.0369638 0.01865477 0.01870657 0.01794443 0.01367619 0.01176401 0.01045151 0.009837111 0.007013279 0.006366236 0.004320216 0.009312721 0.004408854 0.008448162 0.007750207 0.01815056 0.1014421 0.05655622 0.07942734 0.1109786 0.05652328
0.2757176 0.310644 0.1260305 0.08177586 0.05703209 0.05202665 0.05539947 0.06497854 0.06520191 0.07927883 0.09339724 0.1341584 0.136761 0.1351409 0.1584725 0.1547973 0.125801 0.131107 0.1493837 0.1262208 0.1333027 0.1300009 0.1275942 0.1816033 0.2491391 0.2761169 0.2173987 0.2285614 0.1886716 0.1269989 0.08603488 0.08053686 0.05548 0.04864632 0.05281802 0.06669944 0.02679889 0.01963101 0.01984658 0.01474573 0.01261689 0.01129419 0.01047568 0.006449215 0.005203528 0.005544364 0.01110429 0.005830889 0.01796168 0.01626851 0.009117645 0.05525103 0.03862981 0.1059803 0.07915008 0.07247335
0.2116781 0.1815888 0.1066003 0.08769977 0.06347609 0.06827041 0.06743392 0.09217885 0.1130121 0.1127236 0.1273036 0.1493191 0.1584024 0.1782417 0.1850439 0.1790298 0.226207 0.2102174 0.2065569 0.1817461 0.1910482 0.1742826 0.1574846 0.1929518 0.2410169 0.2686226 0.2107476 0.1813316 0.130751 0.1174621 0.08412781 0.08967933 0.06524714 0.04381056 0.04671615 0.07666175 0.1054796 0.04309413 0.02045234 0.01730148 0.01545136 0.01358379 0.01718079 0.02148627 0.00666587 0.006599459 0.006444626 0.007118976 0.01943302 0.04814663 0.02436423 0.03156783 0.05765321 0.09641881 0.1372791 0.1443019
0.212405 0.1848295 0.07437458 0.07823243 0.07552719 0.06755757 0.07335187 0.1066461 0.1119651 0.1134374 0.1336894 0.1640668 0.1721255 0.1900905 0.2035072 0.2146469 0.2599893 0.2181921 0.1997832 0.1711312 0.2019139 0.1596976 0.1506663 0.1429704 0.1648137 0.2056698 0.1931346 0.1718821 0.127831 0.1035066 0.06831533 0.05889707 0.05377917 0.04881293 0.04476161 0.06430613 0.04536289 0.03040677 0.02469225 0.01807743 0.01377852 0.01405588 0.01515722 0.01265436 0.006541857 0.002850999 0.003242262 0.01122818 0.01749477 0.03097849 0.05312836 0.02453845 0.05433466 0.083931 0.160037 0.1617123
0.2332221 0.1646576 0.0624842 0.08009748 0.07711203 0.06820953 0.07578006 0.09761464 0.09599496 0.09695851 0.1160579 0.1516232 0.1799821 0.1970814 0.2153189 0.2704139 0.2615717 0.2208744 0.201246 0.1493522 0.1498941 0.1381304 0.1255319 0.1662052 0.3097511 0.2600875 0.1774944 0.1433013 0.1336821 0.100054 0.07652072 0.05039657 0.03603016 0.0520379 0.04611457 0.04546735 0.03104457 0.02716805 0.02416055 0.02393604 0.01967437 0.02057135 0.01815466 0.01029004 0.009121357 0.00952133 0.009072881 0.008571499 0.01940296 0.0248753 0.08566678 0.1069166 0.1130108 0.1361227 0.1817461 0.1897912
0.2494175 0.1528955 0.06735819 0.07923489 0.07295945 0.07302709 0.0750706 0.08702694 0.08476295 0.08835536 0.1102746 0.1574661 0.1989623 0.2379833 0.2424532 0.2845939 0.2814548 0.2038291 0.1780277 0.1455089 0.1366257 0.1209183 0.1188953 0.1620104 0.2844034 0.2192559 0.1444518 0.1125087 0.08598277 0.0777044 0.06808745 0.0567744 0.03432014 0.03703943 0.03444438 0.03061589 0.03679777 0.03214569 0.02850171 0.02434194 0.01688533 0.01898535 0.0182436 0.01277633 0.01415711 0.01718593 0.01623615 0.02163711 0.04211215 0.04878574 0.07829254 0.1549621 0.1191441 0.1157534 0.1947446 0.1267069
0.1785441 0.123603 0.09510656 0.07272254 0.06076691 0.06953801 0.07156125 0.0782097 0.08197845 0.08489034 0.1075108 0.1769641 0.2276065 0.3006034 0.3113965 0.404902 0.4553691 0.3653546 0.2544608 0.18738 0.1442718 0.1509551 0.1285738 0.3690511 0.3092769 0.2644509 0.1905369 0.128675 0.09408876 0.06721843 0.06305774 0.05118594 0.03007714 0.02666357 0.02717664 0.03296974 0.03348024 0.02863156 0.02185872 0.02707368 0.02093595 0.02077825 0.02528062 0.0334986 0.03992464 0.03201525 0.06557011 0.06319789 0.05759542 0.1091314 0.1470578 0.145907 0.1294146 0.120556 0.1642932 0.1145658
0.1623097 0.1321086 0.07271978 0.06722087 0.0745492 0.06741985 0.07103683 0.07855342 0.08569211 0.08942766 0.103851 0.1820182 0.2207859 0.268194 0.3003077 0.3759977 0.4100667 0.3476175 0.2259703 0.1769619 0.1393642 0.1508839 0.1697021 0.3125157 0.271545 0.2071537 0.1599817 0.1281194 0.08649306 0.07973067 0.05991871 0.05012708 0.02751546 0.02512724 0.04369323 0.03395034 0.0313683 0.01865252 0.01947762 0.0193161 0.0205277 0.02165791 0.02237415 0.0390703 0.0511243 0.06639574 0.07920181 0.07504379 0.08188669 0.134136 0.1373406 0.1928238 0.17388 0.2089693 0.2370545 0.1054292
0.1652156 0.07057108 0.04680084 0.06271617 0.05865593 0.06091193 0.06573138 0.07911896 0.08756589 0.09386132 0.1005453 0.1500236 0.199147 0.2369985 0.2667248 0.2781194 0.3126777 0.2772049 0.191351 0.1567877 0.1046801 0.08570086 0.1531083 0.2332218 0.2005334 0.2044632 0.1634109 0.09104438 0.06269885 0.06783167 0.04927329 0.0373463 0.02767118 0.02350292 0.03559434 0.02857882 0.02652417 0.01716186 0.02241386 0.02222801 0.02799137 0.03375218 0.04783643 0.07044744 0.08356362 0.1354538 0.1138431 0.0841128 0.1165663 0.1986422 0.2796143 0.3028761 0.2503436 0.2786033 0.1358608 0.1228226
0.1414643 0.05927078 0.03013941 0.05428543 0.064688 0.06963193 0.06916778 0.0818322 0.08286668 0.08616451 0.09345516 0.1360163 0.1673146 0.1986106 0.2237525 0.2471622 0.2356601 0.1834117 0.1590464 0.1120522 0.08730089 0.08690116 0.1125455 0.1376374 0.100538 0.1150426 0.09109976 0.07706872 0.05253839 0.04903091 0.04677869 0.03457782 0.02601987 0.02092395 0.02438742 0.02188139 0.02347409 0.01708904 0.01972155 0.0212585 0.03448929 0.04949431 0.06710405 0.1001607 0.11143 0.1758635 0.1682891 0.1602164 0.1769464 0.2425295 0.3080502 0.5032459 0.3521818 0.2764226 0.1508339 0.17375
0.08561496 0.05356928 0.04814886 0.05753664 0.05062941 0.07870634 0.06615638 0.07307043 0.07761362 0.07972971 0.08552691 0.1186594 0.1296863 0.172295 0.1636669 0.1484881 0.2057354 0.1622702 0.1371785 0.1537247 0.09614728 0.112744 0.06123328 0.1387673 0.1369769 0.1210749 0.07605535 0.06168935 0.03637808 0.03776041 0.03189791 0.04187777 0.02986484 0.02914946 0.02234865 0.01655456 0.01523848 0.01647677 0.02091073 0.02984768 0.03804184 0.06477612 0.09740381 0.1112872 0.1209209 0.1960305 0.202351 0.2392408 0.3308833 0.3080261 0.3092631 0.4030418 0.3648558 0.2038526 0.2252908 0.151492
0.1121651 0.05116387 0.03766045 0.05014608 0.05684606 0.06504872 0.06318066 0.07132647 0.06922766 0.07875716 0.08381017 0.1131695 0.1166873 0.1235448 0.115247 0.1203413 0.1030227 0.08098676 0.08954038 0.1259763 0.1082443 0.0645512 0.05488588 0.0492842 0.1058734 0.06039857 0.04543398 0.04147966 0.02638919 0.03042488 0.02926268 0.03404932 0.02453404 0.02179284 0.02303525 0.01542993 0.01438208 0.02194588 0.02167141 0.02991507 0.0467172 0.07251938 0.1156498 0.115848 0.1351886 0.1988202 0.2523273 0.3307701 0.4317488 0.4318634 0.3599838 0.3465323 0.2282823 0.2332589 0.2406733 0.1606855
0.1343845 0.05230564 0.04339299 0.06126305 0.06761899 0.05797013 0.06597875 0.0736842 0.06717823 0.06831873 0.08295917 0.1049719 0.1130291 0.1180744 0.09668933 0.07434061 0.05293533 0.04779382 0.04222015 0.08119868 0.0985643 0.03813811 0.04134684 0.08163895 0.07346462 0.05411423 0.02799275 0.03739988 0.02852463 0.02242257 0.01713959 0.02952074 0.02909547 0.02437967 0.0229244 0.01587859 0.01489473 0.01706721 0.02510609 0.03131814 0.0437451 0.06552765 0.09549008 0.1296306 0.1749319 0.2430483 0.3161144 0.368448 0.3947729 0.4804942 0.3888348 0.2340229 0.2280644 0.2617315 0.2265011 0.1494355
0.08806435 0.05314749 0.05039858 0.05390311 0.06289887 0.06385858 0.06255224 0.06567155 0.06710363 0.06547556 0.08088801 0.09854577 0.09651008 0.09172126 0.07345308 0.0419509 0.05025149 0.03127331 0.03741699 0.04403314 0.06577759 0.03994326 0.02868846 0.03391655 0.05723809 0.04796492 0.04420512 0.03361002 0.02863937 0.02087452 0.02822671 0.03599935 0.02785673 0.02437 0.02358172 0.03602719 0.1005917 0.02171912 0.02599731 0.02956079 0.04010941 0.05481403 0.08958353 0.1251287 0.1758281 0.2890232 0.4001395 0.4567152 0.5211498 0.5886556 0.502082 0.2729453 0.2565485 0.2553896 0.2339202 0.1555242
0.09504646 0.04071248 0.01900958 0.01229424 0.05809749 0.01977531 0.0095921 0.01165449 0.01692791 0.00611742 0.02262374 0.08952965 0.07118343 0.08414247 0.06230142 0.04839858 0.0409936 0.01854301 0.05500428 0.03879045 0.02678657 0.01062165 0.01171799 0.008646213 0.0168743 0.01466297 0.008845037 0.02855054 0.01042919 0.03117673 0.02477852 0.03840462 0.02851768 0.03017882 0.02377656 0.05618791 0.2428213 0.03709469 0.03455212 0.04415071 0.04000225 0.06358199 0.08667982 0.1603242 0.1952127 0.3111404 0.4092002 0.540416 0.5053608 0.5570208 0.3487951 0.2740323 0.2022983 0.2444758 0.2516532 0.2020968
0.07553753 0.034121 0.01022176 0.007530487 0.02238885 0.006875783 0.005683912 0.009546059 0.01301765 0.01108427 0.01721671 0.07725604 0.08481766 0.06573778 0.05710704 0.04494188 0.06755009 0.04195599 0.04387105 0.04495217 0.03998132 0.005627017 0.00643333 0.001989305 0.007666112 0.01231003 0.0114683 0.0090036 0.005384855 0.01598077 0.006981284 0.03395217 0.02671986 0.02902001 0.04300601 0.03359977 0.04663983 0.03751216 0.04060588 0.04129707 0.04826214 0.05991913 0.09817924 0.1689623 0.2485829 0.3426687 0.4307367 0.474876 0.5098053 0.3950731 0.3595135 0.2090725 0.1906451 0.2197581 0.2365323 0.2157258
0.04175194 0.02422043 0.01009806 0.007189547 0.006113376 0.00558321 0.005382866 0.00545212 0.01107292 0.01072127 0.0160356 0.03255361 0.0435696 0.02830194 0.0391279 0.03119958 0.04248829 0.02001597 0.0346312 0.01837835 0.009944405 0.004613868 0.005119356 0.00216697 0.001759385 0.01037475 0.002424266 0.009774003 0.00516679 0.008562327 0.009569338 0.02624709 0.02686873 0.03254237 0.03118133 0.03637924 0.04118305 0.0414519 0.04103519 0.04637567 0.06895584 0.09533212 0.1229717 0.2247006 0.3061735 0.426209 0.4417512 0.4372106 0.4940276 0.3732942 0.3734655 0.220121 0.1618952 0.1705645 0.1922178 0.2210887
0.03607412 0.02515407 0.009806051 0.00567434 0.005551996 0.005247408 0.006725671 0.004924588 0.004873503 0.01173014 0.007299053 0.0274331 0.02139536 0.01951692 0.0266839 0.03039868 0.04261506 0.01735772 0.01248496 0.0148011 0.007479948 0.00377841 0.005027583 0.006806134 0.005365012 0.003397649 0.003608364 0.003701968 0.007231523 0.01049522 0.006291212 0.02322496 0.0243397 0.02686222 0.03483706 0.03867372 0.04079324 0.04354791 0.05678732 0.06106815 0.08298557 0.1097168 0.1356024 0.2822477 0.3599479 0.4253703 0.4003897 0.4452061 0.3914026 0.4001719 0.3789593 0.1997581 0.1733468 0.1646371 0.2172984 0.2333871
0.02709527 0.01388629 0.006941164 0.005266166 0.004856323 0.004304523 0.004025457 0.006779138 0.00310796 0.002841149 0.002530183 0.01038941 0.008636824 0.007137106 0.03697706 0.02013925 0.03527209 0.01122852 0.004966652 0.006395706 0.002377484 0.005353414 0.004673143 0.009635394 0.01132757 0.006405944 0.006147514 0.00667814 0.002115407 0.003865782 0.003035376 0.01713219 0.01438575 0.01658915 0.02728388 0.04186246 0.04461689 0.04881488 0.06995944 0.1106712 0.1197812 0.143439 0.1961267 0.2845225 0.3705983 0.3990265 0.3859552 0.2947581 0.2680242 0.2877823 0.2820565 0.2427016 0.2331049 0.2132661 0.2292339 0.2786291
0.02415944 0.01409164 0.01418486 0.005790843 0.004362823 0.004448113 0.003967028 0.01399258 0.002617303 0.002853527 0.004845515 0.006932019 0.00906999 0.01091836 0.01276407 0.0108812 0.008004787 0.002485107 0.001878362 0.002813163 0.001542663 0.001597054 0.002021265 0.0008565238 0.001231845 0.0007883222 0.001680825 0.001519868 0.001794161 0.002121142 0.002364473 0.01237326 0.01362662 0.01728782 0.024841 0.04397323 0.05091677 0.05508867 0.07119531 0.1246236 0.1548979 0.1653952 0.2200473 0.275374 0.3664637 0.4137782 0.4324018 0.2675807 0.2627822 0.3279032 0.2891129 0.2773388 0.2370564 0.2112096 0.2808065 0.2667339
0.008283611 0.01658948 0.02146081 0.03614871 0.004766586 0.006053381 0.003648752 0.01203925 0.00680579 0.001838059 0.004493501 0.004767889 0.003247015 0.006115737 0.009865523 0.009961464 0.002162493 0.009108933 0.01991953 0.00555313 0.0009873107 0.001086276 0.001326033 0.0007024512 0.001713689 0.001233536 0.002652605 0.001352009 0.001490565 0.001777412 0.002118951 0.01122006 0.0129933 0.01627626 0.02195273 0.04185728 0.05057243 0.0617957 0.072502 0.1303281 0.151337 0.1884191 0.2279315 0.2407541 0.3306533 0.361679 0.3633741 0.2635887 0.28875 0.371129 0.2814919 0.2437096 0.2424999 0.2215725 0.2957661 0.2868952
0.01050347 0.01532304 0.01792378 0.003857622 0.006273454 0.01028243 0.007248358 0.02587617 0.007805245 0.003956238 0.00533481 0.005698259 0.004596069 0.001709517 0.001722097 0.009806887 0.01161137 0.0008112068 0.0114182 0.02129869 0.00276916 0.0008197845 0.001013922 0.002266243 0.001712744 0.002420167 0.002249701 0.001071356 0.001389059 0.001488216 0.00183964 0.01001336 0.01517749 0.01656292 0.02258951 0.04325906 0.05211231 0.07095875 0.08707723 0.1272559 0.1551956 0.1971943 0.2129276 0.2188816 0.3135057 0.3306448 0.2600917 0.2372177 0.30125 0.2833468 0.2979838 0.2268145 0.2666935 0.2793145 0.307258 0.2908064
0.05969419 0.04587204 0.01834837 0.001565638 0.004580126 0.01128428 0.006296688 0.02455529 0.01150716 0.004294221 0.001046532 0.0084232 0.0008162363 0.0006567555 0.00340702 0.009324204 0.005197403 0.006912461 0.005234936 0.003511088 0.009595492 0.008980491 0.0004028033 0.002636275 0.003116694 0.004244866 0.003387058 0.003447748 0.00308523 0.003441616 0.005046391 0.008827716 0.01040888 0.01422742 0.01987947 0.01124123 0.01262674 0.02730261 0.03323654 0.1212608 0.1553257 0.1909864 0.2166497 0.2300601 0.2882079 0.2970053 0.2260511 0.1754435 0.2246371 0.254758 0.2282258 0.2390726 0.3014516 0.2937903 0.2555242 0.2752016
