contrib/geomasonDemos/riftland/riftlandData/RainData/.svn/text-base/29.txt.svn-base
ncols         56
nrows         54
xllcorner     28.264
yllcorner     -5.7719999999999
cellsize      0.25
NODATA_value  -9999
[rows 0 to 25 of 54, columns 0 to 55 of 56]
0.231508 0.1812005 0.1596604 0.1992337 0.1731396 0.1662413 0.1461188 0.1425688 0.1325839 0.1290539 0.1299685 0.1109359 0.1981968 0.1131477 0.1360122 0.1056271 0.1022548 0.08588592 0.07866868 0.07955345 0.1099637 0.1572668 0.2218121 0.1827944 0.1782937 0.1760811 0.2047812 0.3182369 0.2579032 0.1926823 0.2304934 0.3211279 0.3303578 0.3691058 0.262349 0.2808136 0.2740627 0.214748 0.1939675 0.1192866 0.05269378 0.0605435 0.0659413 0.0634235 0.1287471 0.1134072 0.147306 0.2035385 0.1959179 0.1670488 0.1248214 0.1089017 0.1644047 0.1939445 0.1896822 0.06183285
0.2381066 0.2111973 0.1675486 0.1639927 0.1616076 0.1989752 0.2064677 0.1628733 0.1620171 0.153425 0.1419163 0.1078659 0.1076305 0.1268928 0.141169 0.1380869 0.1152532 0.1292862 0.08031788 0.07375875 0.09528197 0.132036 0.1118614 0.1274264 0.1751303 0.1621024 0.1708777 0.2708282 0.2300952 0.2320415 0.2082904 0.3004602 0.2993979 0.2805922 0.2920723 0.3324101 0.2500175 0.2297611 0.09711109 0.08775306 0.07594615 0.06744646 0.09680252 0.04424883 0.05676777 0.05368794 0.06989831 0.09264828 0.1156621 0.112467 0.1440932 0.112673 0.1315162 0.1524398 0.1207375 0.07125774
0.2602962 0.2564933 0.3016023 0.1993617 0.2053201 0.2043489 0.1531607 0.1623283 0.1667334 0.1488124 0.1491293 0.1345956 0.1247088 0.1262596 0.101009 0.1002202 0.2029208 0.1624726 0.09898555 0.1073505 0.1104274 0.1009209 0.08026686 0.1368794 0.1116977 0.1294389 0.1329025 0.2009943 0.2348788 0.2107098 0.1807946 0.2531637 0.3171825 0.3203849 0.2952744 0.3579972 0.2422031 0.2237923 0.1962922 0.1645639 0.1609494 0.09275003 0.06497969 0.04998951 0.04333143 0.06576373 0.1479432 0.1358332 0.1938937 0.2300429 0.1592275 0.07029893 0.09842141 0.1046554 0.1059901 0.08093883
0.2353124 0.2881539 0.2411642 0.2424458 0.221995 0.156073 0.1700216 0.1885511 0.1562283 0.1603248 0.152052 0.1503984 0.1366873 0.1304576 0.09292703 0.1222149 0.2261843 0.144936 0.1237387 0.09374065 0.06441834 0.06403401 0.05477953 0.07843808 0.0605376 0.1244009 0.1807947 0.2033635 0.2056596 0.2010903 0.1890722 0.2773752 0.3428404 0.3980417 0.4532627 0.4900098 0.3149167 0.2272372 0.2091586 0.1877759 0.2001394 0.156215 0.1053084 0.08391487 0.1090003 0.1538629 0.2128223 0.191554 0.1027744 0.1330959 0.1296664 0.07354444 0.07636968 0.08507132 0.07369131 0.07984057
0.2594976 0.2126964 0.16055 0.1670315 0.1597591 0.1656751 0.164013 0.3084924 0.162862 0.1063171 0.2315081 0.1528035 0.1871879 0.1629884 0.1144605 0.1113814 0.2047402 0.1368829 0.0855912 0.06971471 0.05792649 0.04853105 0.04555041 0.05489691 0.05241643 0.1104014 0.1756256 0.1764214 0.1673015 0.1588074 0.1587266 0.2823313 0.2779946 0.2892214 0.335872 0.3993729 0.3313875 0.2406742 0.1657734 0.1486613 0.1977585 0.1526494 0.1250273 0.1427789 0.1894681 0.2775837 0.2943449 0.1621184 0.1278499 0.1694477 0.1619958 0.1305342 0.09949788 0.1045714 0.08229469 0.07612122
0.2050706 0.185479 0.1521647 0.1253581 0.1691529 0.1755677 0.198402 0.2457009 0.19434 0.1107074 0.2101431 0.1279889 0.2439939 0.1805349 0.1263039 0.1140766 0.1222098 0.2029999 0.07103828 0.09141409 0.04991762 0.04649395 0.04805296 0.07825813 0.07609685 0.09336971 0.1223688 0.1318911 0.1467813 0.1618878 0.1538833 0.2044253 0.2208497 0.1961961 0.2467914 0.2713484 0.2665837 0.2116044 0.144809 0.1350242 0.2152008 0.1488657 0.1629826 0.1533769 0.2373805 0.3002585 0.2479801 0.1749468 0.1739382 0.1748569 0.2350022 0.1704911 0.1398646 0.1458208 0.16203 0.08077282
0.1923699 0.1896372 0.143335 0.1279758 0.1328866 0.1522376 0.1839106 0.2157263 0.1702728 0.1522173 0.282662 0.1488562 0.1683725 0.1565601 0.1458905 0.1316907 0.1705394 0.1080907 0.06823989 0.07683368 0.0690467 0.07748386 0.09851901 0.1219584 0.1059551 0.09604675 0.08588201 0.09945234 0.1223143 0.1358328 0.1338031 0.1876847 0.1456558 0.1424552 0.1624853 0.2069378 0.2171526 0.2262471 0.1615297 0.1746074 0.2010207 0.1739389 0.2168731 0.1916145 0.1676659 0.1771994 0.2308373 0.2082495 0.1423993 0.1653887 0.2083933 0.1836339 0.194898 0.190014 0.1736775 0.0823651
0.2036894 0.1847273 0.1421134 0.1330009 0.1454113 0.1514092 0.1797897 0.1742829 0.1523099 0.1853922 0.2365272 0.1565009 0.1797622 0.169252 0.1246047 0.09963629 0.09556808 0.1026338 0.07814723 0.06540792 0.05699741 0.05814132 0.07672659 0.07676762 0.0675787 0.06545284 0.054338 0.09381742 0.1240553 0.1324689 0.1514285 0.1487769 0.1497801 0.1684987 0.1214351 0.1735081 0.1639857 0.1516697 0.1580952 0.1463037 0.1469653 0.2025779 0.170418 0.1523717 0.1840179 0.1758034 0.1888194 0.1442015 0.1249614 0.1519297 0.2000243 0.1594905 0.183528 0.220569 0.1924057 0.1182036
0.1931236 0.1655354 0.1509437 0.1691326 0.1837839 0.1766998 0.1817453 0.1741137 0.1948381 0.1875674 0.1645322 0.1824092 0.1690829 0.1519455 0.121944 0.1029343 0.09826773 0.07550804 0.06374492 0.06749438 0.07769137 0.07872823 0.06544338 0.04656416 0.0430719 0.04325248 0.03326638 0.08091956 0.09659509 0.1114793 0.1241926 0.1421356 0.1175369 0.1273787 0.1384891 0.1410633 0.111362 0.1237515 0.119873 0.1478312 0.1414868 0.1616777 0.1727174 0.1453616 0.1549819 0.1211909 0.1528791 0.142632 0.1418696 0.1555753 0.1641926 0.1874666 0.2116377 0.2248056 0.1988916 0.1697627
0.1691745 0.1847614 0.1430504 0.1928727 0.1649851 0.1770063 0.1651849 0.1228597 0.118611 0.1321266 0.1228769 0.1411483 0.1279658 0.1424336 0.1021419 0.09091534 0.07168974 0.06439677 0.05573601 0.0464692 0.09893244 0.04735828 0.06822939 0.04530613 0.03566996 0.02456278 0.02553599 0.06220866 0.06856038 0.06669799 0.06038662 0.07250365 0.07073 0.1071067 0.09472565 0.1104941 0.1005483 0.09439208 0.1108993 0.1465 0.1346152 0.1599326 0.1632788 0.1305806 0.1146962 0.165223 0.1803323 0.1587398 0.1456469 0.1446309 0.1746633 0.1922476 0.1764841 0.1893874 0.1923488 0.1486498
0.1209855 0.1369972 0.1808112 0.1630012 0.142888 0.1774923 0.1612665 0.1396638 0.1294412 0.1176562 0.1230449 0.1359506 0.1397282 0.1368087 0.1043599 0.08936966 0.07767508 0.06935126 0.1248661 0.06208006 0.1062905 0.03126254 0.04243281 0.04059217 0.03182834 0.01520977 0.01718456 0.0242351 0.03595883 0.02580865 0.01939509 0.03656743 0.05999717 0.06653734 0.06520939 0.08479842 0.07660563 0.07551045 0.09205851 0.08155796 0.1189348 0.1455759 0.1432742 0.1342998 0.1306746 0.1735625 0.1929296 0.1444604 0.1223563 0.1136173 0.1629023 0.1729165 0.1458118 0.1435938 0.1590509 0.1104489
0.1019334 0.1206158 0.1384321 0.1240632 0.1335609 0.1521473 0.2461777 0.148041 0.1354356 0.1362951 0.2002834 0.151937 0.1482116 0.1290039 0.1083469 0.1083097 0.08399244 0.06746753 0.07261308 0.0620376 0.06504814 0.1016196 0.0598378 0.02468493 0.01440255 0.02280342 0.0118378 0.01658007 0.01381745 0.0100513 0.01346832 0.01375476 0.01960945 0.02807336 0.02712987 0.05317482 0.08055711 0.05688059 0.07850959 0.08167858 0.08166964 0.1108692 0.1175728 0.1020834 0.09649778 0.1211516 0.1457393 0.1294906 0.1156158 0.1208891 0.1371505 0.1270804 0.1288071 0.1289109 0.1162829 0.08234879
0.1479924 0.1167442 0.1420534 0.1225118 0.1341721 0.1621822 0.1518791 0.1467238 0.1492742 0.1429101 0.1381471 0.1532675 0.1286317 0.1191025 0.1149762 0.1429686 0.110762 0.06905816 0.05700058 0.05742624 0.04388437 0.07533981 0.0597284 0.02324384 0.02281169 0.05351794 0.01360849 0.01016262 0.006524318 0.00525564 0.01249679 0.009227945 0.007269113 0.009203985 0.0201715 0.04505816 0.05471035 0.04302261 0.05308598 0.0674378 0.07618067 0.08836978 0.0947914 0.08678745 0.09565232 0.1080026 0.1111176 0.1076146 0.09021794 0.1106205 0.08414678 0.1113817 0.1237089 0.1028713 0.08605949 0.09231769
0.1726172 0.1482186 0.1594085 0.1291077 0.121422 0.1152764 0.1361717 0.1319354 0.112367 0.1333245 0.1175272 0.1228706 0.1266216 0.1222903 0.1121594 0.1088775 0.1100316 0.1063062 0.06935263 0.05369529 0.03369502 0.04742803 0.05436106 0.02584307 0.01229776 0.01125953 0.01405931 0.005166055 0.002307371 0.005555678 0.002200957 0.007785928 0.007808816 0.01291419 0.01882634 0.01422265 0.02322063 0.03316236 0.03574008 0.04187245 0.05199399 0.0559794 0.06916999 0.08768898 0.07500739 0.08010094 0.09524088 0.09195746 0.08815318 0.08868062 0.08376612 0.08283545 0.09292657 0.1077805 0.09074842 0.06138458
0.1395411 0.1825211 0.1567513 0.1678383 0.1349443 0.1804501 0.128167 0.1311472 0.1259622 0.1245797 0.1165806 0.1261362 0.1186246 0.1144524 0.1125924 0.0954164 0.09940628 0.1216354 0.107742 0.09406393 0.0418467 0.03711374 0.03431249 0.02877644 0.01605528 0.006952907 0.005117263 0.002651415 0.001474021 0.0005807037 0 0.00325301 0.01005751 0.01278346 0.009388368 0.004512765 0.01210204 0.01056273 0.0162604 0.03436377 0.0410138 0.0503844 0.05869202 0.06336677 0.0897329 0.09337974 0.08951458 0.08598809 0.0857923 0.08906503 0.09423282 0.09803794 0.09338549 0.08114062 0.06434482 0.04843852
0.1421576 0.1233314 0.1189692 0.1541236 0.1530608 0.1356801 0.1182235 0.1274703 0.1332718 0.121259 0.1255935 0.1269628 0.1150964 0.106923 0.1389535 0.1016333 0.09321595 0.105425 0.1077833 0.1090848 0.1066735 0.03816273 0.04198417 0.02781624 0.01655007 0.01189323 0.007133421 0.003095197 0.001536906 0.001068967 0.000780582 0.002623228 0.003351981 0.008471849 0.01111956 0.01163921 0.01825234 0.0168594 0.01980481 0.04202899 0.05425112 0.06103561 0.06956707 0.07161857 0.07444777 0.08466335 0.0680509 0.06126979 0.08118009 0.07455362 0.07743302 0.08823823 0.08589517 0.0642886 0.05508733 0.0449219
0.1867908 0.1254862 0.08825025 0.1191172 0.1448525 0.1239258 0.1245901 0.1205583 0.1148514 0.1303113 0.1280713 0.1170945 0.1063108 0.1117977 0.1234656 0.1440258 0.1400249 0.1155949 0.1134077 0.10835 0.1604848 0.06815919 0.04016566 0.04172839 0.02527615 0.01350334 0.01104532 0.003420787 0.000800202 0.0006491177 0.0006245028 0.002310738 0.00280184 0.004283935 0.008402299 0.00997611 0.01242829 0.015143 0.01829815 0.03949412 0.04699475 0.05694677 0.06809425 0.06929727 0.07850748 0.07476943 0.06081994 0.04448665 0.05690761 0.06023007 0.06858982 0.09133895 0.05850407 0.05288978 0.0484841 0.03517044
0.1630416 0.1098517 0.07703515 0.1114402 0.1477502 0.1292832 0.1110197 0.1173119 0.1189982 0.113755 0.09764776 0.08938367 0.0920345 0.1007294 0.1397877 0.1954642 0.1915186 0.1802959 0.1498953 0.1296716 0.1410327 0.07850897 0.03826904 0.04014868 0.03035585 0.01602314 0.01674385 0.006207925 0.001583184 0.001104193 0.001114794 0.003721578 0.004471496 0.004556928 0.00615174 0.0138833 0.01526008 0.01363497 0.01659413 0.03573696 0.04801607 0.05132829 0.0585585 0.05823767 0.06241395 0.05826733 0.04719397 0.03642265 0.04107179 0.04121313 0.04468983 0.05048659 0.04100172 0.04431292 0.05282576 0.05137367
0.08614696 0.07803718 0.09551162 0.1206776 0.1401407 0.126694 0.1138378 0.1108128 0.1217909 0.1127759 0.1031994 0.09264329 0.07961482 0.08434986 0.1262561 0.1999301 0.184402 0.1726106 0.146076 0.1213079 0.1319344 0.1144485 0.06555754 0.05489196 0.02811899 0.0243564 0.01961718 0.007108492 0.002870981 0.00229732 0.0020865 0.005532741 0.006019894 0.005949827 0.006271834 0.0080474 0.009142821 0.01110968 0.01517017 0.03201644 0.03640538 0.03777436 0.04311193 0.03249159 0.03445976 0.04026304 0.03513992 0.02567827 0.02733102 0.02596742 0.02972077 0.03399255 0.05047491 0.04256094 0.04728118 0.07071091
0.1050386 0.08903984 0.08971567 0.1336608 0.1421613 0.1426743 0.1200421 0.1180965 0.1298003 0.1291559 0.1097708 0.08921862 0.08560221 0.08967298 0.1194022 0.149034 0.1895382 0.1843445 0.2007189 0.2194822 0.1674702 0.1345601 0.08808673 0.06629843 0.0626218 0.0496537 0.04331424 0.02459702 0.0180398 0.0148168 0.01289474 0.01171167 0.01079164 0.009066785 0.009550362 0.00464924 0.004843281 0.005763188 0.008425089 0.02168856 0.02307965 0.02514788 0.02639189 0.03140252 0.03038634 0.03158049 0.03264777 0.02871422 0.02387016 0.02590585 0.02554735 0.03363547 0.04201351 0.04697605 0.05220789 0.06099248
0.153384 0.151753 0.1347934 0.1884848 0.147817 0.1471617 0.1183753 0.1405788 0.115202 0.1355178 0.09060849 0.08857946 0.1086879 0.1100867 0.1411359 0.1543039 0.2000826 0.2479646 0.2359014 0.2292348 0.1709789 0.1405804 0.07547978 0.07606319 0.07773132 0.06138135 0.04977962 0.04421283 0.0288422 0.02145502 0.01668698 0.01502847 0.0120348 0.01021332 0.009461857 0.004077898 0.003679529 0.004316037 0.005498042 0.0149708 0.01793337 0.02077202 0.02276048 0.02534928 0.02687616 0.02709 0.0226991 0.02036592 0.01717602 0.0176503 0.02315695 0.02521793 0.03552055 0.05053442 0.05349132 0.05953504
0.1411927 0.158841 0.1403528 0.1878213 0.1649663 0.13901 0.1179705 0.1383437 0.1248873 0.1010014 0.08129093 0.08336976 0.09973115 0.1263044 0.1821968 0.1238906 0.1313014 0.1326058 0.1710283 0.2216857 0.1760702 0.1332298 0.08251047 0.1010688 0.08535206 0.0749412 0.06268546 0.06003042 0.04861405 0.03115835 0.02453429 0.02248227 0.01617688 0.01323429 0.0141012 0.008120495 0.003614587 0.004386961 0.00462831 0.01215663 0.01415613 0.01737803 0.01820072 0.01988301 0.01972196 0.01992953 0.01819441 0.0138044 0.01223017 0.01652853 0.04288802 0.04120699 0.03639152 0.04684347 0.04157791 0.04860245
0.1432825 0.1660331 0.1117557 0.1658587 0.1161122 0.1043959 0.08809417 0.1110547 0.1065772 0.07740892 0.08663785 0.08720005 0.101904 0.1539131 0.1585336 0.1232289 0.113577 0.1085623 0.1439915 0.1547658 0.1610301 0.1646782 0.1110112 0.1322196 0.1247025 0.09777635 0.08042282 0.09839684 0.06778631 0.05510572 0.03620925 0.03155282 0.02808366 0.02255479 0.01682892 0.009500476 0.004128144 0.003833131 0.004389499 0.01083768 0.01261682 0.01555481 0.01366657 0.01459206 0.01511964 0.01470897 0.0133077 0.01064608 0.02119337 0.02337763 0.03707622 0.03998252 0.03858361 0.04255173 0.03097638 0.04490463
0.1372697 0.1652207 0.109148 0.1304081 0.0961779 0.1130013 0.08819474 0.07872169 0.0787933 0.07966755 0.1175587 0.1043889 0.1359938 0.1725509 0.1778884 0.1268061 0.1262184 0.1194019 0.1213659 0.1287643 0.1356809 0.1588671 0.1293529 0.1464123 0.1499159 0.1530863 0.1075584 0.1307583 0.1124735 0.1009535 0.04267191 0.05078127 0.04455263 0.03982787 0.02536098 0.012058 0.009876082 0.007130478 0.009211875 0.008669626 0.009758137 0.01500999 0.01030428 0.006091684 0.005868075 0.005750793 0.01202726 0.01709824 0.02839672 0.02390542 0.04965338 0.03988029 0.0500067 0.05126847 0.05596786 0.07901361
0.2297873 0.1351602 0.07410286 0.09772331 0.0893793 0.09156135 0.08190811 0.05996274 0.06431736 0.08211813 0.09861425 0.1069623 0.1368891 0.1495558 0.1627638 0.1337007 0.1202593 0.1188465 0.1347747 0.1365702 0.1324776 0.1353348 0.1300634 0.1586904 0.217187 0.1464077 0.1253151 0.1127342 0.126277 0.1213343 0.05515508 0.06333639 0.05100862 0.04847987 0.03660902 0.01460975 0.01206722 0.008186244 0.008626776 0.0077215 0.007511463 0.007038023 0.006721045 0.00397588 0.003872684 0.004070143 0.008762014 0.02378944 0.01206473 0.03298976 0.03126485 0.02711304 0.04198934 0.06517928 0.07067787 0.09387293
0.1132626 0.1292193 0.1024794 0.09161835 0.07953876 0.07187209 0.09085677 0.07584329 0.06875376 0.07922799 0.0830793 0.1307469 0.1595737 0.1323423 0.1314666 0.1267716 0.1421541 0.1449817 0.1371205 0.1579016 0.1486835 0.1259339 0.1400054 0.1781777 0.1692676 0.1708767 0.1353379 0.1197193 0.154992 0.1685663 0.09156294 0.08258218 0.06187264 0.04652621 0.03755146 0.01812844 0.01140816 0.008225013 0.007604475 0.007499235 0.007160928 0.006615884 0.006650923 0.003619499 0.002741236 0.004247271 0.01404234 0.01731562 0.009741317 0.02489172 0.0281206 0.02980207 0.03689656 0.04226959 0.06012204 0.0698658
