contrib/geomasonDemos/riftland/riftlandData/RainData/.svn/text-base/38.txt.svn-base
ncols         56
nrows         54
xllcorner     28.264
yllcorner     -5.7719999999999
cellsize      0.25
NODATA_value  -9999
[rows 27 to 53 of 54, columns 0 to 55 of 56]
0.1555115 0.09155654 0.09703922 0.1267103 0.1212399 0.1139437 0.09126382 0.1138448 0.1012495 0.08055796 0.08721795 0.09821204 0.09254178 0.1051214 0.1019018 0.1020778 0.08119238 0.0626003 0.07712717 0.07450095 0.06551255 0.05320825 0.05516274 0.0565169 0.05477297 0.03511229 0.02621869 0.02072864 0.01875876 0.01890911 0.01484594 0.01647116 0.01566468 0.01439231 0.01240731 0.007160015 0.005627277 0.004810195 0.004680252 0.004188003 0.004060457 0.00437048 0.004925529 0.005229011 0.005870428 0.006591738 0.00691652 0.007521554 0.007967619 0.008152035 0.00811149 0.008568451 0.04667583 0.06085309 0.03251612 0.003099162
0.1204319 0.1069778 0.08530893 0.1355732 0.1416645 0.1269134 0.1054083 0.1245589 0.1302848 0.1037043 0.08917566 0.1033242 0.1095053 0.1256198 0.1272769 0.09581275 0.091656 0.1168123 0.1152414 0.06957828 0.05211812 0.07518873 0.09596625 0.1402378 0.06059256 0.04541023 0.02556773 0.02180211 0.02387877 0.02622673 0.02544547 0.01906717 0.01801032 0.01631286 0.01378815 0.007984933 0.006082087 0.004963932 0.004615724 0.00392159 0.003589099 0.003651675 0.004098101 0.00431383 0.005871039 0.006346434 0.008720053 0.006556405 0.007129662 0.007179196 0.007257893 0.008468131 0.0277296 0.04239319 0.05711349 0.00257173
0.1800054 0.1253864 0.1192062 0.1517531 0.135749 0.1165273 0.1349736 0.1106823 0.1044648 0.1031151 0.1057073 0.1115526 0.1244617 0.1632406 0.1305274 0.1039141 0.1055173 0.1435318 0.1510476 0.09396861 0.07756247 0.1061135 0.06561044 0.06574317 0.06751121 0.04799193 0.03748463 0.03156707 0.03902466 0.03946301 0.02876492 0.02357704 0.02785914 0.01918876 0.0157754 0.01051415 0.01099085 0.01505615 0.01050573 0.003973764 0.003445868 0.003566838 0.003804636 0.003846833 0.003841746 0.004711153 0.00539509 0.005577205 0.01135395 0.009024924 0.006338432 0.004537318 0.01141225 0.02591377 0.02546938 0.00485805
0.1751704 0.1633922 0.169208 0.1458272 0.1027949 0.08644304 0.09226938 0.08779848 0.0985748 0.1032528 0.1129682 0.1230781 0.1259506 0.1249413 0.1290202 0.1100294 0.110028 0.1236105 0.1125054 0.09054763 0.08619624 0.07917818 0.05613391 0.06121198 0.07892033 0.06882742 0.05194938 0.03989073 0.04245032 0.03655469 0.03311682 0.03500913 0.03053794 0.02322008 0.02004589 0.01296107 0.0158585 0.01218491 0.01071354 0.004828283 0.003501034 0.003162082 0.00391975 0.003572543 0.003668406 0.003418159 0.004075862 0.004639199 0.007428636 0.008973075 0.00532997 0.003879212 0.0101804 0.0182892 0.04475294 0.01938338
0.1309113 0.2011811 0.213685 0.1480351 0.09566462 0.08448912 0.08672436 0.1100106 0.1199644 0.1225059 0.12587 0.1444591 0.1429121 0.1503475 0.1614177 0.165555 0.1805689 0.1666869 0.1479133 0.09291399 0.07803033 0.08495139 0.07790621 0.06438749 0.06056618 0.06370106 0.05756206 0.06362141 0.05752539 0.05427428 0.04718503 0.03890177 0.0336929 0.03293348 0.02928868 0.02973549 0.04133165 0.01132113 0.00892853 0.00609139 0.004019083 0.003317515 0.003160106 0.001478435 0.001454583 0.001446937 0.002092104 0.002062431 0.0114128 0.02367823 0.01240311 0.0004625857 0.01404647 0.1061038 0.04239444 0.00479746
0.1181969 0.1530191 0.1554192 0.1114912 0.08002436 0.07800659 0.09714541 0.1228891 0.1123062 0.1053545 0.1198935 0.1398924 0.1461604 0.154189 0.1677931 0.228048 0.2794557 0.2281992 0.1618753 0.1045187 0.08550172 0.07178301 0.09610404 0.07126468 0.0604905 0.0620438 0.06773986 0.07698432 0.06907566 0.06253463 0.05417905 0.05119963 0.03925271 0.03489945 0.03674485 0.02479441 0.01782537 0.01085 0.008409438 0.005218078 0.0040184 0.003227912 0.002857464 0.001221139 0.001036033 0.001229237 0.001154525 0.001568109 0.01425669 0.02158182 0.01423559 0.01480344 0.000388143 0.03401472 0.04578165 0.02255308
0.1717638 0.1254231 0.1032066 0.08785211 0.07773113 0.08389 0.09339909 0.1149823 0.1111797 0.1055473 0.1224124 0.1555697 0.1609976 0.1681238 0.1691372 0.2101731 0.2999696 0.2385571 0.1592357 0.1195773 0.09810633 0.07255199 0.06630601 0.06550603 0.09948289 0.1126054 0.1131435 0.09932328 0.08734267 0.07362834 0.05977515 0.04827421 0.04721812 0.03926638 0.02849671 0.01915166 0.01356934 0.01194858 0.009702584 0.005374117 0.004075578 0.003177174 0.002718273 0.001104093 0.0008680365 0.0008112427 0.0009300315 0.001208057 0.005212164 0.01293026 0.01413273 0.01263298 0.01143232 0.008297459 0.007779451 0.01026412
0.1724259 0.1402863 0.08530298 0.08729076 0.08786888 0.08375132 0.08549239 0.09708801 0.1126288 0.1082301 0.1190004 0.1533682 0.1597775 0.1650066 0.172931 0.2090943 0.2392716 0.2142071 0.1397821 0.09526874 0.07258891 0.06840902 0.05713177 0.05949465 0.1203894 0.1159412 0.1194387 0.09450955 0.1069473 0.0938369 0.06851837 0.05018889 0.05617265 0.03627529 0.02709332 0.01921091 0.01350755 0.01087157 0.009040589 0.005370235 0.004067748 0.003178347 0.002738778 0.001186573 0.001007459 0.0009547003 0.001071855 0.004627478 0.01507501 0.01370867 0.01222442 0.003000953 0.0003324935 0.01140306 0.001068264 0.001026585
0.1542576 0.1721576 0.1124808 0.08295199 0.08535615 0.07549858 0.07199192 0.09899728 0.1046773 0.1150241 0.1278546 0.1588945 0.1790778 0.197924 0.1943327 0.2076539 0.2129144 0.1877192 0.1451097 0.09547808 0.0697182 0.05872953 0.04165802 0.05023032 0.114437 0.1164967 0.1288016 0.09143215 0.07850274 0.08603985 0.06604498 0.04877369 0.04723261 0.03129515 0.02641063 0.01876328 0.01492414 0.01123449 0.009487203 0.005512598 0.004175681 0.003270681 0.002840925 0.001876786 0.001513419 0.001435557 0.009006011 0.01590938 0.009471834 0.01042958 0.01085764 0.00212271 0.006888648 0.002270158 0.002814429 0
0.1361633 0.1300215 0.07402042 0.09086729 0.08340725 0.07474563 0.07908526 0.10694 0.1007024 0.1076211 0.1397429 0.1621068 0.183948 0.2178376 0.2130172 0.2089044 0.2184263 0.2050291 0.1493303 0.09375343 0.05425786 0.06283513 0.04921221 0.05008456 0.123284 0.1227495 0.111924 0.08275702 0.0689135 0.0647223 0.05837811 0.04616636 0.03666406 0.03157362 0.0258749 0.01903343 0.01554347 0.01404538 0.01064987 0.007215916 0.00416763 0.003275148 0.002845703 0.001904764 0.001555165 0.001481224 0.004267354 0.01445165 0.002453108 0.002644549 0.002811819 0.002288103 0.006988217 0.002860197 0.003154027 0.0009906302
0.1013801 0.0861655 0.05058561 0.06380821 0.05545827 0.07495971 0.0964083 0.1165683 0.1018063 0.1039405 0.1063637 0.1488213 0.1520793 0.1803842 0.2268991 0.2111593 0.2232949 0.1943598 0.131785 0.0701187 0.05454412 0.05798173 0.07611466 0.08345836 0.1077405 0.1144282 0.08661971 0.07913224 0.07116417 0.06213464 0.06714825 0.05073595 0.03484714 0.02870265 0.02559798 0.01696829 0.01263182 0.0100883 0.009177603 0.00519703 0.003991538 0.003196904 0.002806185 0.001920345 0.001613339 0.00437774 0.001739703 0.005235355 0.004341711 0.007308693 0.01181112 0.009553393 0.006235254 0.002209335 0.003064189 0.0002678571
0.1302248 0.09188931 0.06528657 0.06485749 0.05139211 0.06259681 0.09951046 0.1293936 0.1113525 0.1077138 0.1062572 0.1317742 0.1378644 0.1486077 0.1665228 0.1613129 0.1795741 0.163444 0.1446561 0.08882152 0.07871611 0.08751357 0.07533823 0.07580395 0.1041549 0.1302221 0.07934759 0.09544428 0.08341766 0.06985227 0.04956032 0.03923255 0.03051659 0.02416614 0.0210984 0.01671597 0.01072341 0.008326404 0.00787938 0.004724058 0.004269273 0.00356828 0.00272575 0.001921168 0.004586549 0.01094643 0.005622363 0.005502556 0.003420366 0.002841518 0.005158944 0.006858092 0.006268116 0.006503316 0.002270559 0.0002678571
0.1819033 0.1264147 0.07528359 0.06624598 0.05216851 0.05974185 0.07221859 0.09134544 0.1077044 0.1088633 0.1062634 0.1308066 0.1289355 0.1484037 0.1541996 0.1655851 0.1867465 0.1624449 0.1458273 0.1125808 0.1080006 0.106728 0.1365156 0.1154895 0.1214363 0.1371519 0.09922036 0.08434062 0.0915824 0.08163752 0.03803496 0.03260469 0.02332525 0.01689473 0.01405936 0.009948779 0.00723621 0.00564346 0.004922657 0.004226995 0.003771985 0.003164004 0.002838956 0.00253379 0.01655098 0.02762812 0.01114964 0.004135512 0.004734863 0.00691482 0.003765772 0.004700527 0.006289835 0.003495963 0.003498335 0
0.1792631 0.1116968 0.1058372 0.07834145 0.07363173 0.09514511 0.101364 0.08462583 0.09377789 0.1061462 0.115677 0.1427975 0.1525009 0.1430009 0.1321949 0.1654013 0.1620549 0.1695105 0.1293604 0.1045145 0.09022103 0.1019376 0.1179853 0.1234918 0.113564 0.1271832 0.07957384 0.05087278 0.06024816 0.06421261 0.03093043 0.02581672 0.02384897 0.01351986 0.01053388 0.008265086 0.006070213 0.004440077 0.003999212 0.003586431 0.003139904 0.002849494 0.002700812 0.002535478 0.01849573 0.02372755 0.01473255 0.004289595 0.004482802 0.00381192 0.004962663 0.004220452 0.003501728 0.003572691 0.003547305 0
0.1899108 0.1214545 0.1311796 0.1123933 0.08495594 0.1096189 0.166791 0.09444582 0.1023531 0.1151069 0.1156285 0.1384994 0.1470354 0.1373986 0.1432943 0.1582688 0.1480752 0.1478927 0.1391031 0.1094106 0.1101745 0.1204757 0.1140441 0.1206874 0.0993085 0.08978672 0.05927284 0.04399767 0.04132456 0.03399043 0.03332429 0.02202772 0.0145153 0.01002537 0.008146611 0.006035974 0.006382286 0.009012036 0.005393264 0.003248245 0.003035643 0.00288024 0.002749764 0.002595697 0.01371643 0.02174523 0.009912534 0.003158984 0.002691139 0.004008574 0.002983031 0.003193142 0.003419376 0.003636542 0.003646301 0
0.1604028 0.1209449 0.1417523 0.1316562 0.1656907 0.1367511 0.1529927 0.1107892 0.09895737 0.1309826 0.1431539 0.1478824 0.1805304 0.1841649 0.188158 0.1883843 0.1644678 0.1790393 0.1680136 0.1473565 0.1382631 0.1349287 0.1389426 0.1250918 0.1080885 0.09399109 0.05801913 0.04718662 0.03590124 0.02910883 0.03350312 0.01523236 0.0134541 0.01044392 0.01161432 0.01203762 0.04420671 0.01855393 0.007102089 0.003224477 0.003199177 0.003100544 0.003471746 0.007899372 0.01289711 0.0189582 0.008725498 0.003222523 0.002320064 0.002428212 0.002808393 0.002926903 0.003164611 0.003636542 0.003709355 0
0.1099803 0.1035985 0.1050743 0.1488338 0.1618062 0.1480134 0.1303991 0.1363518 0.1210855 0.1422534 0.1890313 0.1955153 0.165701 0.1811138 0.1793789 0.1944641 0.1899263 0.2366228 0.1453584 0.1071602 0.1410496 0.1970121 0.1587948 0.1754671 0.1740798 0.09466901 0.08255456 0.04238011 0.08992456 0.124517 0.05246978 0.0127689 0.01438932 0.02559732 0.03002502 0.03797245 0.1798692 0.02246791 0.003963751 0.004468283 0.003679412 0.003651357 0.005078723 0.01301191 0.01155145 0.01050649 0.006362164 0.001871183 0.001801637 0.001874705 0.002361386 0.0005357143 0 0.0004464285 0 0
0.09871289 0.1024719 0.1003594 0.126213 0.1472006 0.1278117 0.1041094 0.1301619 0.1671274 0.1800602 0.1791658 0.1970716 0.2221619 0.2025678 0.1972524 0.2019987 0.2196826 0.2339228 0.181348 0.1940506 0.1853153 0.1747364 0.1446537 0.1482857 0.237593 0.1930866 0.09258176 0.06580066 0.1049071 0.1221794 0.06211745 0.01670069 0.0146848 0.02916657 0.05526676 0.01947461 0.03260092 0.01227907 0.007973501 0.01656245 0.009415809 0.003898761 0.005269024 0.01343201 0.02218233 0.02094097 0.00570848 0.001859486 0.001574279 0.001619544 0.001860283 0 0.0003125 0 0 0
0.1735145 0.1244563 0.06868451 0.09472897 0.1048132 0.1664867 0.1231675 0.1295822 0.2174743 0.2046157 0.1995588 0.2085997 0.2423118 0.2438066 0.2725751 0.2063212 0.2058894 0.2497864 0.2168965 0.2398792 0.2601863 0.1524099 0.1319692 0.08917372 0.1207984 0.1004491 0.04303556 0.02507265 0.03875367 0.06412715 0.05099313 0.03302903 0.02165077 0.02187485 0.01578749 0.01344731 0.01429233 0.01485097 0.01463728 0.01908487 0.01179936 0.006132927 0.005543257 0.01188762 0.01264614 0.008753465 0.002526096 0.001962994 0.001806246 0.001370029 0.001371388 0 0 0 0.001071429 4.464286e-005
0.1497243 0.1169063 0.07545429 0.1052968 0.07783332 0.1148062 0.1217644 0.1267763 0.1554478 0.2547051 0.2411953 0.2290196 0.2626873 0.2163219 0.2620899 0.2023112 0.2289056 0.2292184 0.2406733 0.2345748 0.2127727 0.1668938 0.1227501 0.06548259 0.07985604 0.05933739 0.03407347 0.03761953 0.08924016 0.1071812 0.052115 0.04244067 0.02860057 0.02722003 0.01539597 0.01499358 0.01945604 0.02254286 0.02168135 0.01676021 0.01424525 0.01003066 0.008844425 0.01528874 0.01154416 0.004344467 0.003248898 0.002432687 0.002375269 0.001368674 0.001368674 0 0 0 0.0005357143 0.001383929
0.1268559 0.104643 0.09065848 0.1055888 0.0878846 0.09198675 0.09694971 0.1420324 0.1654464 0.1872905 0.1555746 0.252183 0.240231 0.2694625 0.2338558 0.1865837 0.2149763 0.2405633 0.2439824 0.2229232 0.1939403 0.1839497 0.1335791 0.07856079 0.1012812 0.09862649 0.09925718 0.1070772 0.09961531 0.08711818 0.05688813 0.04113145 0.03551011 0.03921296 0.02628468 0.02763014 0.02952819 0.02733108 0.03464137 0.01769017 0.0140526 0.01354966 0.0109385 0.01530827 0.01141906 0.005283777 0.004636449 0 0.001607143 8.928571e-005 0.0007142857 0.005044643 0 0 0 0
0.1186324 0.1073137 0.09809468 0.1406997 0.1495593 0.130101 0.1088921 0.1218403 0.1556167 0.1826382 0.1731932 0.2137522 0.2624447 0.3203169 0.3064777 0.240994 0.1845347 0.1989218 0.2567596 0.2151281 0.2188376 0.2457982 0.2823945 0.2302247 0.1427038 0.1704619 0.1322243 0.1406069 0.06508084 0.08110396 0.08343824 0.05608916 0.04241467 0.04640813 0.04031927 0.0476586 0.03744075 0.03195839 0.02872081 0.01221182 0.01215082 0.0104396 0.01157397 0.01219641 0.007889383 0.006173308 0.006121723 0 0 0.0028125 0.0003125 0.0021875 0 0 0 0
0.1221488 0.105205 0.1004301 0.1678777 0.1361878 0.1098197 0.1710069 0.1598329 0.1649424 0.1815658 0.191223 0.2112496 0.2203971 0.2279359 0.2572204 0.2573053 0.2255632 0.2106688 0.2368629 0.3018052 0.2969626 0.3441174 0.3975247 0.2409342 0.1851898 0.1482729 0.1306574 0.1114285 0.0553572 0.0688063 0.08013751 0.04524267 0.05037498 0.04804505 0.05357676 0.04786684 0.04562312 0.03474238 0.03558825 0.02385839 0.02730057 0.01644354 0.01106457 0.009607322 0.00815385 0.007951417 0.008120934 0 0 0.005133928 0.0007142857 0 0 0.0002678571 0 0
0.1417786 0.1288308 0.09528942 0.1630043 0.1071642 0.08497213 0.1791809 0.2081312 0.1874014 0.1914009 0.1923551 0.2146955 0.2222783 0.1894822 0.2426471 0.2790619 0.2879283 0.2809184 0.2317296 0.2358526 0.2419888 0.2731834 0.3948739 0.2592547 0.164373 0.1495756 0.1147287 0.1321273 0.1156428 0.07411431 0.06354245 0.04456053 0.04943375 0.04590704 0.04498773 0.05042178 0.06142967 0.05159432 0.03162114 0.02865171 0.03341739 0.01994416 0.01578904 0.01163561 0.009522127 0.008892555 0.009359468 0.001116071 0 0.0008035714 0.001651786 0.003571428 0 0 0 0.002321428
0.1726501 0.1440305 0.129952 0.1313145 0.09337278 0.09157176 0.1685015 0.1457192 0.1614789 0.1883161 0.165893 0.1894363 0.2114317 0.1994009 0.2263436 0.2215806 0.222717 0.2329131 0.2084789 0.2589332 0.1807157 0.1494581 0.1840201 0.1882533 0.1422569 0.1097314 0.1258097 0.1221407 0.09572563 0.0949491 0.0910421 0.07567757 0.06106001 0.05606084 0.05302704 0.06931367 0.07184041 0.104424 0.07219266 0.04049349 0.03413719 0.02327673 0.01759707 0.009972122 0.008569647 0.007389777 0.007031471 0.001160714 0 0.001026786 0.003660714 0.0002678571 0.0004017857 0.0006696428 0.002321428 0.0001339286
0.1247413 0.1073435 0.1107638 0.1329057 0.09618412 0.1180928 0.178853 0.1869313 0.1889114 0.1860755 0.1692735 0.1758917 0.216736 0.2046151 0.2026929 0.2162488 0.2038441 0.2213506 0.2164498 0.2180869 0.2049407 0.179062 0.1439442 0.1611932 0.1558013 0.1357009 0.1421688 0.1315273 0.113337 0.09206647 0.1040285 0.1059565 0.07367992 0.06814249 0.06951923 0.08387819 0.09331702 0.1057224 0.09307352 0.05957415 0.03837093 0.02846736 0.02512892 0.01523466 0.009656911 0.0087425 0.009368032 0.004375 0.004821428 4.464286e-005 0.002901786 0.0005803571 8.928571e-005 0.0004910714 0.0001785714 0.0006696428
0.1218808 0.08616265 0.0757062 0.08746946 0.0935687 0.1171727 0.1516691 0.1730782 0.1674197 0.1746892 0.1902732 0.1891564 0.1820015 0.1736292 0.1634652 0.1800017 0.1931837 0.2033598 0.1833629 0.173974 0.1787998 0.1974427 0.1564885 0.1523893 0.115265 0.1293459 0.1138889 0.087929 0.1065561 0.1125452 0.111886 0.1004014 0.09658198 0.09140608 0.0877623 0.1149982 0.1054879 0.08760351 0.06401973 0.05267746 0.04411303 0.0447299 0.03151894 0.01826604 0.01796154 0.02280398 0.01441688 0.01214286 0.01191964 0.002723214 0.004017857 0.002723214 0.004285714 0.002410714 8.928571e-005 0.0015625
