contrib/geomasonDemos/riftland/riftlandData/RainData/.svn/text-base/38.txt.svn-base
ncols         56
nrows         54
xllcorner     28.264
yllcorner     -5.7719999999999
cellsize      0.25
NODATA_value  -9999
[rows 0 to 26 of 54, columns 0 to 55 of 56]
0.006504104 0.002700189 0.003419668 0.006914997 0.002380883 0.001629175 0.001127518 0.0006337365 0.001103236 0.0006283291 0.004325958 0.008165243 0.004774775 0.002848084 0.00191709 0.004491038 0.001156694 0.003032433 0.004385631 0.007453982 0.01290749 0.02119498 0.03073177 0.02408544 0.01783428 0.01542436 0.01237022 0.03105496 0.03709562 0.0435715 0.05337358 0.0493658 0.06366149 0.0407178 0.01185376 0.02451409 0.01854529 0.02080218 0.02548894 0.02238377 0.01190139 0.017711 0.007143282 0.01197198 0.02304376 0.01668843 0.01983948 0.01871913 0.01550771 0.004318262 0.0008538606 0.002258661 0.0001459769 0.0001418173 0.0008459061 0.001895918
0.0003000607 0.0001621429 0.0007223445 0.00257495 0.003098028 0.001200903 0.001454881 0.0003129191 0.001120541 0.005112392 0.008000951 0.01136884 0.01211309 0.00763308 0.007660843 0.006788159 0.003524201 0.001687306 0.004743151 0.009517417 0.009813489 0.01652234 0.02942438 0.02767548 0.01155695 0.020441 0.01597308 0.01733324 0.03382427 0.03395564 0.04220413 0.03506803 0.04815205 0.03924211 0.0218475 0.02647015 0.02797436 0.03019499 0.02778714 0.02083951 0.02222572 0.01565042 0.01497338 0.02231926 0.02014059 0.008924309 0.007919009 0.01429222 0.02331623 0.01208167 0.0009239146 0.0001487547 0.0001373184 0.0001252366 0.000111499 0
0.00104469 0.0003269306 0.000308565 0.003290975 0.003373021 0.003237949 0.004144328 0.009942173 0.006676702 0.007801657 0.00733729 0.006635494 0.006929091 0.002649623 0.002764991 0.004164538 0.004112207 0.000822891 0.003149716 0.00792261 0.00692566 0.006979949 0.01260598 0.01943619 0.00767629 0.01467078 0.0284582 0.02210942 0.01490061 0.01261261 0.02050702 0.02783522 0.05760577 0.04939753 0.04001636 0.03140396 0.03808214 0.03762444 0.02634621 0.03082748 0.03105213 0.03362021 0.02444155 0.04834862 0.02853508 0.0199881 0.02435076 0.02990036 0.01487286 0.005115404 0.0001511013 0.0001371363 0.0001238541 0.0001111705 9.82635e-005 0
0.006621802 0.003620974 0.0027928 0.002494102 0.003163577 0.002680927 0.003137149 0.005027301 0.0106576 0.01013137 0.006491082 0.005010965 0.007883872 0.002576143 0.001906733 0.002611599 0.005276307 0.004440785 0.007979169 0.006602345 0.00383617 0.006402235 0.003556432 0.006392528 0.005091184 0.01583748 0.01586949 0.02592833 0.0142652 0.01542653 0.01163944 0.03004884 0.0535898 0.0515204 0.05084842 0.04819171 0.03464169 0.02806716 0.009734439 0.02996158 0.03254591 0.04910268 0.0345079 0.03237261 0.02432505 0.04108887 0.100494 0.0352781 0.01087772 0.0004445068 0.0004006997 0.0003342318 0.0002914996 0.0002542176 0.0002220733 0.000135214
0.01237311 0.01046002 0.003369516 0.002919182 0.0030503 0.001703091 0.002805144 0.006380802 0.009332128 0.006533408 0.004878276 0.005805661 0.005285877 0.001188044 0.0008899804 0.001498123 0.003247483 0.003340865 0.005644933 0.008508279 0.004131277 0.006524424 0.007502782 0.004897925 0.005449157 0.01591922 0.01576646 0.0317568 0.01974214 0.01530981 0.03527901 0.02963064 0.04482593 0.04834556 0.05752057 0.05046795 0.0388158 0.0210831 0.02384676 0.02823156 0.03609364 0.0350877 0.03433407 0.02941219 0.02098616 0.01255248 0.02268145 0.009586032 0.005469632 0.0006820966 0.0003719454 0.0003007051 0.0002549223 0.0002155113 0.0001851672 0.0001098396
0.01997801 0.009677108 0.005917853 0.002508009 0.003405191 0.002660094 0.003283397 0.004522848 0.007180257 0.003948595 0.003985649 0.003912438 0.004599018 0.002470235 0.002337066 0.001867455 0.004574903 0.005790509 0.009834031 0.008172051 0.009097781 0.0135313 0.008323787 0.009532913 0.01330389 0.01909377 0.0164375 0.0198662 0.01276699 0.009295139 0.02309103 0.03680187 0.02948908 0.02659464 0.03780017 0.04765775 0.03655336 0.01672469 0.01398679 0.02784854 0.01696965 0.01605328 0.0116719 0.01186536 0.008712913 0.01083234 0.006156296 0.003048428 0.0007132994 0.000412382 0.0003550164 0.0002807332 0.0002289719 0.0001856979 0.0001562485 8.933451e-005
0.006258888 0.006508755 0.004998445 0.005733686 0.003783893 0.003731882 0.004215694 0.006382368 0.004204914 0.001911025 0.002783792 0.006526782 0.002634495 0.002233209 0.002693707 0.002685345 0.002914923 0.005814806 0.01189157 0.007416566 0.006898774 0.01036846 0.01775062 0.01443551 0.02180816 0.02995783 0.0293402 0.02345217 0.01862386 0.01372374 0.01948834 0.02166327 0.01890225 0.04739629 0.01983204 0.02638552 0.0345172 0.0154013 0.01241092 0.01931677 0.01159875 0.01325722 0.007071347 0.007902479 0.01056755 0.0129536 0.005898164 0.0005595417 0.0004790965 0.0004102169 0.0003494956 0.0002705884 0.0002117534 0.0001650572 0.0001352742 7.446831e-005
0.00702468 0.004602381 0.005789378 0.004543881 0.006225968 0.004849175 0.009046597 0.00675939 0.005813069 0.004250456 0.005270811 0.005181918 0.004951994 0.006237074 0.00602763 0.006416013 0.005465272 0.004782073 0.005655914 0.002984123 0.006200192 0.004464618 0.007454287 0.008441258 0.005017644 0.007474664 0.008083801 0.02311694 0.02055342 0.02258736 0.01916652 0.01087078 0.01268163 0.02555793 0.009917089 0.02640112 0.02752432 0.01564142 0.009080463 0.01289632 0.02006278 0.01851887 0.01349981 0.01585819 0.0193958 0.02101813 0.009739557 0.0005649197 0.0004787272 0.0004021934 0.0003351279 0.0001504265 0.0001116587 8.281166e-005 6.55581e-005 0
0.004912772 0.008913985 0.009864639 0.008314891 0.01045035 0.008598182 0.009456675 0.009055371 0.007531365 0.00770548 0.005380193 0.004021243 0.005838703 0.006580106 0.006489671 0.00788427 0.006344924 0.00504039 0.00540073 0.004626701 0.003308738 0.007530903 0.01173532 0.008678246 0.01233845 0.01085612 0.00737449 0.01497783 0.01864642 0.01232769 0.01851808 0.01288372 0.0121483 0.02535845 0.02095007 0.02003112 0.02406239 0.0166236 0.008127243 0.02350184 0.02123174 0.0152205 0.01448697 0.01138829 0.01712246 0.009656304 0.0007597508 0.0005840529 0.0004850528 0.0004011882 0.0003296265 0.0001438627 0.0001010126 7.031589e-005 5.268786e-005 0
0.009558136 0.01916897 0.01968223 0.01578641 0.02004643 0.01287451 0.03282162 0.02689325 0.0275115 0.01342201 0.01184359 0.008945001 0.007461111 0.006066265 0.007258613 0.006902876 0.004483155 0.004620465 0.003729889 0.003346493 0.005898568 0.003300535 0.0123531 0.01588202 0.02559833 0.01224261 0.004687093 0.01385988 0.01764413 0.01184297 0.009825588 0.009940006 0.01352457 0.0185119 0.0234578 0.02207936 0.009283052 0.007265159 0.0104233 0.02139111 0.01840059 0.01763928 0.01745388 0.007496464 0.0137091 0.01928299 0.007850292 0.001851626 0.0004993672 0.0004046471 0.0003679916 0.0001428047 9.596681e-005 6.407392e-005 4.618739e-005 0
0.01772926 0.05089755 0.04809363 0.03830732 0.03969858 0.02607645 0.02756045 0.03466417 0.04346534 0.02860928 0.0253737 0.01092935 0.004963878 0.004753942 0.01063384 0.004904878 0.003838697 0.005488561 0.004450494 0.003363339 0.008743255 0.003534482 0.002362515 0.01073581 0.01069859 0.004574446 0.004187191 0.006396168 0.008814656 0.01071147 0.008091249 0.005900143 0.01026799 0.01366864 0.01850835 0.01688269 0.005564324 0.009630558 0.01049879 0.00839517 0.010384 0.0176487 0.01697662 0.01574037 0.01004817 0.003114655 0.0007945825 0.0006158624 0.0008404113 0.0004179876 0.0003429601 0.0001469101 9.795864e-005 6.465248e-005 4.647663e-005 0
0.0228219 0.06066899 0.0447039 0.02749417 0.02868568 0.02574623 0.032216 0.04203231 0.04427546 0.02967974 0.03157637 0.01317785 0.007325551 0.005749692 0.00612686 0.004369678 0.004170015 0.00482312 0.004315743 0.003284723 0.001439992 0.001141614 0.002493892 0.006713549 0.00284326 0.00332277 0.003836574 0.004729967 0.007033615 0.008555389 0.005869456 0.004135604 0.007777617 0.007638444 0.006841341 0.005066182 0.008773653 0.008444498 0.01350204 0.01532963 0.01569332 0.01850827 0.02135299 0.01885296 0.01812641 0.0128007 0.007925532 0.009317559 0.007718706 0.006269271 0.005042767 0.002046808 0.001341127 0.0008917447 0.0006183526 0
0.01453354 0.03731871 0.03497929 0.01789683 0.0375411 0.04709511 0.05444509 0.04083377 0.03991509 0.02612907 0.01560162 0.01559357 0.01670691 0.007790544 0.01054687 0.00555523 0.007596017 0.01063974 0.005224891 0.004616654 0.007679196 0.007011132 0.001159685 0.003138465 0.002748594 0.002160313 0.003242431 0.004516429 0.003600851 0.003856958 0.005272812 0.005365129 0.0107316 0.01093963 0.01022086 0.009034923 0.01339065 0.01205658 0.01549046 0.02103827 0.01739309 0.01928148 0.02125372 0.02563721 0.01810384 0.0146138 0.01076068 0.009563374 0.007980633 0.006502963 0.005214918 0.002099945 0.001367236 0.0008644285 0.0006211139 0
0.008293108 0.01796197 0.01324197 0.01900282 0.02655978 0.0357357 0.04548414 0.04166567 0.0417662 0.04835913 0.01938418 0.0125872 0.01497532 0.01152438 0.009287225 0.01398312 0.01614723 0.01849245 0.009387814 0.00980336 0.01131554 0.003686897 0.00330125 0.002985248 0.002905791 0.002259217 0.003615648 0.004026117 0.002477978 0.00183432 0.003458216 0.003846759 0.007570096 0.01718296 0.01725719 0.01414933 0.02427734 0.01777078 0.01253877 0.01967105 0.0191944 0.02016969 0.01943768 0.01856107 0.01201574 0.00929857 0.009057427 0.009835117 0.008203047 0.006740235 0.00540822 0.002182628 0.001425895 0.000911511 0.0006663095 0
0.016496 0.007753761 0.004017533 0.009230596 0.01648867 0.01980246 0.03536889 0.03667463 0.02371537 0.01937471 0.01609081 0.01419937 0.01034692 0.01483451 0.0119163 0.01635582 0.01333072 0.02031212 0.02160277 0.01651777 0.01517582 0.007445432 0.003174855 0.003970791 0.004919237 0.005181768 0.003730844 0.003804164 0.003927853 0.002713945 0.003617952 0.003389547 0.006872493 0.01021778 0.01941243 0.02185038 0.02977111 0.02278351 0.01921834 0.02151652 0.01588513 0.01954335 0.01626394 0.03911094 0.02753275 0.0159151 0.01018135 0.009938344 0.008431891 0.006990698 0.005629436 0.002286619 0.001524149 0.001001791 0.0007458748 0
0.01891641 0.01463085 0.01447696 0.008465534 0.01207686 0.02236459 0.02039539 0.01571964 0.01471853 0.01626915 0.01642998 0.0233098 0.01759872 0.01164811 0.0166046 0.01103924 0.01449132 0.02072123 0.02563166 0.01970509 0.01760855 0.01514005 0.006179144 0.006214153 0.003533201 0.00592229 0.005232708 0.005373738 0.004544633 0.01008317 0.002600876 0.003859821 0.005864051 0.008057342 0.008497136 0.009062892 0.02348829 0.01262875 0.01371879 0.0198783 0.0167316 0.01524343 0.01523061 0.01433709 0.03608002 0.01015419 0.008876128 0.01032531 0.008818675 0.007363233 0.005957288 0.002401853 0.001624139 0.001089505 0.0008232194 0.0003323613
0.007619135 0.002864338 0.006356361 0.01403174 0.01111808 0.02667794 0.01764531 0.01809739 0.0132213 0.01488877 0.01343354 0.01525231 0.01577673 0.01386482 0.02632396 0.01544521 0.01816318 0.01963838 0.01924823 0.02196906 0.0112096 0.03333738 0.008597977 0.01397539 0.008737927 0.005678171 0.003722055 0.002060368 0.005269368 0.009084299 0.008456131 0.003773358 0.004716312 0.005327879 0.006658142 0.008228729 0.008079467 0.00924203 0.008579665 0.02077209 0.03458231 0.01886402 0.01509274 0.01578925 0.01425777 0.01324649 0.009002624 0.01156873 0.009037207 0.007628506 0.006189479 0.002509125 0.001721525 0.001179342 0.002623345 0.00627642
0.0224229 0.01286979 0.02954433 0.02833117 0.02101655 0.03227153 0.01700433 0.02037231 0.01882371 0.01528139 0.01354694 0.01519187 0.01262843 0.01223557 0.01876396 0.01442744 0.02083825 0.01398938 0.01810131 0.01595632 0.01632392 0.01447989 0.01407642 0.007492399 0.00894171 0.004508977 0.002696983 0.004571703 0.005753062 0.007145983 0.01045133 0.004405099 0.005033019 0.005171564 0.006241869 0.007225023 0.006002948 0.006404737 0.009667821 0.01821049 0.03042167 0.01390371 0.01682564 0.01744227 0.01327218 0.009843715 0.01315604 0.01057198 0.00926662 0.007981002 0.006566249 0.002732965 0.001964972 0.001428587 0.005436091 0.0009146863
0.02518917 0.03081937 0.06359947 0.05951557 0.02950215 0.05270501 0.02498993 0.03807998 0.03082938 0.03042966 0.02014103 0.02467191 0.0151187 0.0172172 0.0145465 0.01726534 0.01013672 0.01015855 0.01729216 0.01387646 0.01354348 0.01321669 0.01080293 0.005688753 0.004398413 0.003105288 0.002787365 0.004406586 0.006365093 0.007249813 0.01048904 0.004088687 0.006007149 0.005330875 0.005225926 0.005814592 0.009306829 0.00929353 0.006549675 0.01093612 0.01541817 0.02128128 0.01692385 0.01030821 0.009687265 0.009437832 0.01695336 0.01969887 0.01059928 0.008658099 0.007083186 0.003060787 0.002353689 0.001832881 0.001564857 0.001130263
0.05381086 0.05579119 0.05312183 0.04800664 0.06451801 0.04720886 0.03690584 0.03194243 0.02787922 0.03894518 0.02688602 0.01619755 0.01423325 0.01465836 0.02013124 0.01332475 0.02851044 0.02366593 0.02347204 0.01837839 0.01088749 0.01122335 0.008821206 0.007351068 0.00481688 0.005791714 0.008290219 0.007617087 0.01048202 0.01515205 0.008421152 0.004629814 0.003832341 0.004564323 0.007121037 0.005518361 0.005175822 0.004152969 0.004906178 0.008584064 0.009699056 0.01057337 0.01121416 0.01253313 0.0143561 0.01599554 0.01878114 0.01561226 0.01243208 0.01120413 0.009660773 0.01298137 0.005339094 0.01046516 0.009290492 0.008479319
0.04674707 0.04515861 0.05608728 0.06560013 0.06365488 0.05291253 0.08172662 0.0799087 0.06280509 0.05096549 0.04344896 0.01457498 0.01174815 0.01535326 0.02440758 0.02816071 0.03249605 0.03874475 0.02324686 0.0168389 0.007576316 0.01428335 0.01427872 0.008828614 0.006487883 0.007989149 0.01290945 0.005562694 0.00624184 0.005642847 0.005272985 0.004686852 0.003834077 0.003937704 0.005094626 0.004414152 0.00468486 0.003563485 0.004232094 0.007433631 0.008445265 0.009345616 0.01016738 0.01336289 0.01635997 0.02485845 0.01624523 0.01340913 0.01277339 0.02471554 0.0209589 0.01198999 0.006407704 0.00844818 0.01526959 0.005337819
0.04439186 0.04618914 0.04916633 0.0880775 0.07378039 0.07465617 0.07310107 0.09415536 0.07236338 0.05542878 0.03429876 0.01999845 0.01855946 0.01788895 0.03499237 0.04157859 0.0580068 0.03187523 0.03179931 0.02857102 0.02013926 0.02251728 0.01223931 0.00643371 0.006611356 0.01288899 0.01521033 0.006153039 0.004778068 0.005335309 0.006165969 0.004923045 0.005023855 0.004776398 0.004761962 0.003030583 0.002848387 0.003180256 0.003767473 0.006625015 0.007496418 0.008355449 0.00925421 0.01471729 0.02036253 0.02686295 0.01646789 0.01329667 0.01295413 0.01736712 0.06753043 0.04877568 0.008468839 0.01158877 0.01261426 0.009231945
0.04248762 0.05316044 0.07422311 0.08327737 0.08308569 0.08068864 0.06159766 0.1185525 0.08775554 0.05181745 0.03975227 0.03142053 0.02666751 0.02557749 0.04399021 0.04713357 0.05286862 0.02825397 0.02441704 0.03253796 0.03492727 0.0334724 0.02844531 0.01607614 0.01017758 0.01972893 0.01162308 0.007496958 0.009928536 0.01064864 0.01489183 0.01006812 0.01074136 0.01055445 0.005533178 0.002989173 0.002816611 0.003049511 0.003540261 0.006111312 0.006867305 0.007633113 0.008548341 0.0112812 0.01545985 0.02440811 0.01126025 0.01302319 0.01291038 0.01231057 0.02237152 0.02830278 0.03519606 0.007040375 0.009913356 0.01203201
0.06488253 0.06641453 0.07830557 0.08063367 0.08357118 0.09124074 0.07555028 0.09333626 0.06844857 0.05282513 0.06861605 0.04369926 0.04332165 0.03901371 0.03458782 0.03717968 0.03042657 0.02939187 0.02677902 0.02326151 0.02017118 0.02361833 0.01892524 0.01623325 0.0101982 0.009649486 0.009603102 0.008859059 0.009359318 0.009279206 0.01627224 0.0153851 0.0146574 0.01319114 0.005713237 0.004010004 0.003783364 0.003957858 0.004568209 0.005576781 0.006168257 0.006862042 0.007767809 0.006891313 0.007577076 0.008109361 0.01533897 0.007768962 0.007826719 0.007729291 0.008315157 0.007440268 0.03133933 0.008012988 0.00593336 0.002482759
0.06445649 0.0811275 0.07155521 0.08977895 0.07922596 0.09551266 0.08691992 0.07693397 0.04401333 0.03851511 0.03384667 0.05654509 0.05148205 0.06160029 0.04622799 0.03644634 0.03504868 0.03339306 0.03691575 0.0356445 0.02712822 0.01740932 0.01515416 0.02134544 0.02127338 0.01364697 0.01094006 0.01188458 0.01474816 0.01164762 0.01599736 0.009582686 0.007694532 0.006632313 0.006205734 0.004150171 0.003760462 0.00376355 0.004180708 0.005027972 0.005466064 0.006159898 0.0070291 0.006366496 0.007061564 0.007500913 0.007702316 0.007645114 0.007810078 0.01945491 0.007532969 0.007527058 0.01355169 0.02005566 0.007755063 0.002349619
0.08661131 0.1046781 0.06268269 0.08499492 0.07547439 0.0811205 0.08490492 0.07385103 0.04966587 0.04122104 0.04704737 0.0669932 0.07434065 0.06601664 0.05364221 0.04791541 0.04979119 0.04243822 0.03657555 0.03911132 0.03200534 0.0370644 0.02091227 0.03722887 0.03375131 0.03018724 0.01697532 0.01715935 0.03701049 0.01476071 0.009764796 0.01022178 0.01446719 0.01464653 0.00947736 0.004540912 0.003913598 0.003731545 0.003987618 0.004641475 0.004920486 0.005494372 0.006324895 0.00576729 0.006437756 0.006920677 0.00764885 0.008977022 0.03618912 0.02016223 0.007522986 0.007495594 0.015883 0.01299489 0.0178167 0.00159433
0.07351361 0.06795833 0.05359539 0.0679757 0.06146929 0.07614069 0.07022527 0.08866582 0.06449485 0.05846674 0.05562479 0.07878822 0.08031213 0.08403406 0.07522422 0.06886361 0.06295738 0.06022004 0.07034509 0.09994264 0.04928929 0.03573147 0.03344888 0.05333447 0.04268653 0.02644135 0.01844992 0.01952405 0.02727197 0.01994349 0.01153254 0.01144803 0.0109576 0.01084208 0.01421966 0.008121412 0.004335269 0.003862008 0.003936823 0.004405525 0.004465377 0.004859099 0.005528067 0.005092221 0.005697777 0.006015428 0.008044798 0.008650654 0.006875424 0.02219014 0.00663275 0.02245106 0.01819691 0.01708757 0.02507891 0.001114617
