contrib/geomasonDemos/riftland/riftlandData/RainData/.svn/text-base/43.txt.svn-base
ncols         56
nrows         54
xllcorner     28.264
yllcorner     -5.7719999999999
cellsize      0.25
NODATA_value  -9999
[rows 25 to 49 of 54, columns 0 to 55 of 56]
0.09348498 0.1145523 0.1665922 0.1821819 0.1558281 0.1525952 0.1514344 0.1577137 0.1785754 0.160761 0.1407859 0.1691762 0.1467584 0.145571 0.1400376 0.1439411 0.1545189 0.1701372 0.1681688 0.1787844 0.1801189 0.1792756 0.1836349 0.234623 0.2321077 0.2301316 0.2222435 0.2197348 0.2048913 0.1741202 0.158895 0.1094865 0.1135 0.07706451 0.05445949 0.01881687 0.01212402 0.007792778 0.006386878 0.005198322 0.003593447 0.002531411 0.002828314 0.003405296 0.006836235 0.004571705 0.01653546 0.02034704 0.01035279 0.008275275 0.009488674 0.006684485 0.003699719 0.00532095 0.03843337 0.01346399
0.06982934 0.07665143 0.08782703 0.1285398 0.1475163 0.1585922 0.1879996 0.136787 0.1400324 0.1663081 0.1556219 0.1397739 0.1384505 0.1335149 0.1183262 0.1252295 0.1245648 0.1451337 0.1538607 0.1623796 0.1713285 0.1792355 0.2250645 0.2530742 0.2574399 0.2457088 0.2619469 0.3019681 0.2506807 0.1985073 0.1771877 0.1393866 0.1338433 0.1296545 0.1003756 0.02464173 0.01290995 0.008461643 0.006920843 0.005633601 0.003849184 0.002696886 0.003401058 0.004117964 0.004733211 0.00478418 0.02569016 0.008408356 0.006258507 0.006201808 0.005827912 0.01513396 0.01052119 0.004107991 0.0236333 0.01967556
0.1124925 0.1243018 0.1291461 0.1264739 0.1394486 0.2512589 0.2296 0.1319586 0.122771 0.1538536 0.1437296 0.1387273 0.133345 0.1473574 0.1217004 0.09491672 0.08805718 0.1183824 0.1336375 0.1529912 0.1584047 0.1575954 0.1814665 0.2247835 0.2451657 0.2090117 0.2433141 0.292533 0.229477 0.1888982 0.1719418 0.1822388 0.1502472 0.1147689 0.09704459 0.02563158 0.01486864 0.009984753 0.008049851 0.006269514 0.004261653 0.003070011 0.003854351 0.00420441 0.005287998 0.005754354 0.004499641 0.004596874 0.004571148 0.004302069 0.004591661 0.006977708 0.01528551 0.01544684 0.01817738 0.01259533
0.1455961 0.134309 0.1538889 0.1196778 0.1368499 0.1759365 0.1687568 0.133845 0.1160698 0.1647311 0.1350895 0.1352286 0.1266616 0.1272308 0.1295901 0.09790758 0.08227522 0.1145027 0.09768742 0.1167023 0.1443611 0.1704691 0.1662883 0.165075 0.2254702 0.2310817 0.2165747 0.2265258 0.1970236 0.1917832 0.186178 0.1843057 0.1516945 0.09400006 0.0677354 0.02584834 0.01580395 0.01060529 0.008625044 0.006724524 0.004528577 0.003126393 0.004122307 0.004470759 0.006804098 0.009271387 0.01637723 0.004941672 0.005265078 0.004996521 0.004810877 0.01454675 0.01690715 0.0222801 0.03195681 0.007316405
0.231688 0.2327793 0.1731821 0.117698 0.1166045 0.1144083 0.1230672 0.1199092 0.09953397 0.113889 0.1070964 0.117337 0.1069625 0.1214266 0.1068262 0.08039506 0.05997556 0.07157872 0.08822827 0.09024274 0.100597 0.1391323 0.1457035 0.1317819 0.1900842 0.2428376 0.2501316 0.2359578 0.2078125 0.2123637 0.2127988 0.2273092 0.185188 0.1036958 0.06802905 0.03632785 0.01836314 0.01102889 0.01014416 0.006950499 0.004718579 0.003280762 0.004341418 0.00496637 0.004945058 0.005014671 0.008745397 0.005393425 0.005389404 0.006913489 0.00637416 0.007691187 0.02232759 0.02419453 0.04272832 0.007464039
0.1821483 0.188996 0.1565946 0.1238577 0.08072919 0.08034179 0.07592824 0.07975722 0.06845566 0.07728474 0.08761218 0.1287587 0.1062952 0.09408638 0.06796229 0.07251583 0.05077661 0.05945739 0.06881658 0.07847147 0.09815475 0.09936251 0.0948531 0.1119975 0.1472303 0.1982321 0.23156 0.2262169 0.234714 0.2063191 0.1891131 0.1938152 0.1775761 0.1391759 0.08078686 0.06465485 0.05486824 0.01343826 0.01025141 0.007068024 0.004838185 0.003422698 0.004623997 0.00500015 0.005356561 0.006018478 0.006053346 0.007650542 0.006269534 0.006172158 0.006552941 0.007643418 0.007453734 0.01260167 0.01202489 0.006965781
0.1572187 0.1882723 0.1409981 0.0901029 0.06736261 0.06772518 0.07479937 0.09414284 0.09509258 0.1196792 0.1087612 0.09675117 0.09336425 0.08469457 0.04784466 0.05160198 0.06464685 0.09322276 0.09501109 0.09998381 0.112405 0.1217004 0.1030743 0.116951 0.1014509 0.1492861 0.2045472 0.1885392 0.1752511 0.1892877 0.154392 0.173051 0.1512732 0.116375 0.06907875 0.05085216 0.06782869 0.01736495 0.01182684 0.007148038 0.004944162 0.003654832 0.004882877 0.005381743 0.006253421 0.008874685 0.00793842 0.00883782 0.009112377 0.01778908 0.01562719 0.01402347 0.00997092 0.0110272 0.009571589 0.008730422
0.1650259 0.1311823 0.1112865 0.0783275 0.06202329 0.05734641 0.07176264 0.0847979 0.0980235 0.1183224 0.08364332 0.09425389 0.07308667 0.05903157 0.03924702 0.06461432 0.132789 0.1439717 0.1821045 0.1353147 0.1327493 0.1281087 0.0974914 0.08936968 0.08875808 0.1331019 0.1720695 0.1749203 0.173177 0.1804125 0.1571675 0.1148915 0.1151993 0.1068873 0.06582699 0.04121158 0.02579703 0.01509601 0.01201745 0.00727334 0.005062226 0.003859137 0.006324087 0.005673399 0.006599822 0.007088445 0.007901953 0.01009972 0.01024381 0.01043696 0.01759139 0.02128373 0.01209299 0.01320092 0.0124706 0.01182196
0.2230171 0.12092 0.09048732 0.06716599 0.05877467 0.05472789 0.0655041 0.07467215 0.0790372 0.08276614 0.06718193 0.06538014 0.05937776 0.04770973 0.04625315 0.09783025 0.1780499 0.1761228 0.1772868 0.1703605 0.1265713 0.1026167 0.07662531 0.07977386 0.09214791 0.07381009 0.1343614 0.1733694 0.1554405 0.1577562 0.1684713 0.09725222 0.09998595 0.08755899 0.05585176 0.02802647 0.02167342 0.01490663 0.01164359 0.007134338 0.005107808 0.003951527 0.005566169 0.006006511 0.00714123 0.007791847 0.008731367 0.0111112 0.01172394 0.01705742 0.01974838 0.01855908 0.01963617 0.009651208 0.01107258 0.01286425
0.1536082 0.1126212 0.1011836 0.07462747 0.059865 0.06581187 0.06152287 0.0774865 0.07508747 0.07075079 0.06685764 0.06626254 0.0634658 0.05717807 0.06878626 0.09312592 0.1372811 0.130272 0.194629 0.1321688 0.09656695 0.0688948 0.06421059 0.06239289 0.06622987 0.0849042 0.1365887 0.1441447 0.1341121 0.1253645 0.1060866 0.08970845 0.09619261 0.06726415 0.0508525 0.02425754 0.01894507 0.01284052 0.01073842 0.00675747 0.005055279 0.004299393 0.007419552 0.006587915 0.008056489 0.008916658 0.009963559 0.01499198 0.01496202 0.01558258 0.01505464 0.01978927 0.0113247 0.01212004 0.01560247 0.01041007
0.1473004 0.121603 0.08144739 0.07730967 0.06653906 0.06071355 0.05933595 0.07738535 0.08717966 0.08204369 0.09116639 0.07626686 0.0727384 0.07539786 0.07311668 0.09049779 0.08230933 0.1035993 0.0891999 0.08821271 0.06488503 0.04420377 0.04296336 0.05016525 0.08952343 0.1180295 0.1425968 0.1436808 0.1265454 0.1371179 0.08039765 0.07751491 0.05479423 0.04080311 0.03438494 0.02333072 0.01511398 0.01145658 0.009733228 0.006119376 0.004829924 0.004507463 0.006768499 0.01020702 0.01255833 0.01475217 0.01808793 0.0233166 0.02248344 0.0204215 0.02095201 0.03784926 0.02587064 0.02186198 0.02140071 0.01030331
0.1938922 0.1112154 0.07272472 0.07266448 0.0612253 0.05534725 0.06084641 0.07689405 0.08933531 0.09713725 0.08088244 0.08249116 0.07831556 0.07366369 0.09007859 0.08988093 0.1016702 0.09810945 0.06682964 0.05846809 0.03330952 0.04047551 0.03946474 0.04257106 0.08368226 0.1137413 0.1320002 0.1249179 0.1208215 0.1033221 0.06255007 0.05514695 0.04572446 0.0410628 0.03952083 0.03693488 0.01409343 0.01011951 0.008808256 0.005743271 0.004773278 0.004873887 0.007428969 0.0115974 0.01412388 0.01603723 0.01885541 0.02426075 0.0253042 0.02956095 0.03814038 0.02157213 0.02601669 0.02068659 0.01999531 0.01359107
0.1265613 0.0928194 0.07097024 0.07509033 0.06253602 0.06396928 0.06753878 0.09992339 0.1114051 0.1178784 0.07467899 0.07352109 0.06866946 0.06550568 0.09038969 0.09013093 0.0819514 0.05864699 0.04902114 0.03470215 0.02236044 0.02330164 0.03629429 0.054656 0.09500618 0.09639288 0.1094187 0.1110801 0.1186638 0.07627869 0.05562403 0.04021161 0.03517923 0.05601014 0.04742605 0.03748374 0.01074004 0.008650618 0.007838503 0.005377285 0.004759962 0.00535739 0.008315778 0.0134127 0.0166486 0.02187727 0.02096672 0.02511086 0.02857085 0.03821846 0.03750685 0.04080863 0.02755476 0.02320291 0.02317463 0.004372469
0.1242968 0.07300454 0.05594204 0.06714449 0.06987286 0.07967376 0.08247891 0.1157106 0.1074806 0.09584318 0.07593437 0.06835297 0.05854416 0.06067867 0.09498163 0.07098716 0.05347083 0.04530281 0.04085811 0.0277022 0.02140435 0.02381896 0.03692184 0.07034846 0.09246923 0.1181686 0.1123993 0.09183808 0.07402638 0.06808674 0.04537632 0.05303013 0.05500317 0.04966078 0.02188727 0.01304633 0.008653107 0.007081787 0.00679381 0.004992764 0.004771698 0.005952924 0.009321612 0.01559632 0.01969243 0.02246239 0.02704785 0.03453548 0.03525104 0.04431298 0.03779225 0.02829098 0.03278332 0.0286267 0.01831003 0.01060729
0.1059792 0.06696931 0.0556973 0.07098908 0.07869308 0.08211832 0.08813222 0.1108508 0.1106444 0.1002139 0.07943036 0.06053543 0.05053357 0.05843377 0.06994889 0.05074456 0.04255923 0.02369073 0.02440832 0.03638725 0.01917475 0.0231729 0.02858486 0.05690729 0.07660417 0.09947729 0.1080176 0.06474105 0.07545296 0.05865415 0.01918946 0.02337704 0.03728697 0.02489227 0.01035135 0.006530507 0.005806373 0.004210289 0.004397978 0.00519981 0.005815921 0.007408703 0.01219753 0.02731177 0.03328115 0.03618064 0.03608332 0.03496452 0.04338023 0.05247354 0.04076185 0.032924 0.03633824 0.02380925 0.02654671 0.01246963
0.08172736 0.06077138 0.04334473 0.0638052 0.07996825 0.08796141 0.0935437 0.1122014 0.1131755 0.1156733 0.09825082 0.06979783 0.05709222 0.06170399 0.05252004 0.0314622 0.02046832 0.01896185 0.02357168 0.02341301 0.01938158 0.01933749 0.03582577 0.03939883 0.04759264 0.05071271 0.04676466 0.05268063 0.05805213 0.04417637 0.01158177 0.01428159 0.02027679 0.009623689 0.007195583 0.004960272 0.003001168 0.002688289 0.003268916 0.00474957 0.005427287 0.008077472 0.01326611 0.02743837 0.03446409 0.04001752 0.04134359 0.03565361 0.04497287 0.0427058 0.04303078 0.04132146 0.02659306 0.02694256 0.02360196 0.00854251
0.1050858 0.06248987 0.04948132 0.07736627 0.07566101 0.07880115 0.09076301 0.1137394 0.105315 0.1114485 0.1051815 0.06271791 0.05162809 0.04932392 0.05784269 0.03365555 0.02088765 0.02502234 0.03363201 0.02642816 0.0214314 0.02693612 0.04879018 0.04057523 0.02895696 0.04770841 0.03976713 0.0474594 0.05690695 0.03543906 0.01756429 0.01175982 0.01902669 0.006931063 0.004916423 0.003291446 0.002236798 0.002518847 0.003065741 0.00449574 0.005433782 0.008460032 0.01464025 0.03083399 0.03853927 0.0439789 0.05036713 0.05388705 0.0420454 0.05056273 0.05438264 0.02814694 0.03062861 0.03324078 0.0280985 0.01129555
0.09357234 0.05689596 0.0474477 0.07017083 0.06482536 0.06857511 0.08053584 0.09428201 0.09840201 0.1054155 0.08777371 0.067896 0.05450538 0.05374679 0.03650993 0.02761883 0.02911334 0.03919712 0.02881702 0.02582079 0.03603375 0.02397705 0.01992277 0.02721069 0.0411289 0.05586481 0.03328151 0.04030018 0.03780007 0.02987711 0.02665445 0.009425366 0.008157287 0.004553076 0.003828425 0.007972511 0.02698752 0.001902672 0.002741027 0.005264393 0.00542648 0.008711553 0.0158344 0.03363102 0.04744648 0.04721281 0.0609105 0.0521317 0.04912096 0.0464472 0.05266903 0.03443462 0.03663427 0.03152936 0.0362745 0.0208502
0.07184696 0.05758055 0.03938293 0.03525409 0.0335547 0.04439611 0.05028822 0.08236587 0.09971588 0.08942302 0.06891623 0.06153646 0.03985313 0.02440671 0.01948228 0.01803885 0.02322927 0.0190393 0.01655046 0.02756561 0.03102567 0.02315134 0.01965795 0.03077528 0.04364533 0.03501132 0.01643732 0.04297453 0.03820924 0.02105246 0.007783942 0.003363531 0.002138007 0.002356841 0.002876841 0.004371679 0.06414906 0.002003383 0.002625127 0.005968037 0.005626866 0.01020507 0.01728644 0.03735194 0.05042183 0.0574677 0.0600153 0.06823013 0.06806517 0.08232489 0.05798642 0.02303644 0.01991903 0.02 0.02376518 0.02421052
0.05662227 0.05448537 0.0395136 0.0317681 0.02812138 0.03369123 0.04036219 0.06838384 0.08766242 0.08104438 0.07235438 0.05543038 0.02801984 0.02712195 0.02518808 0.03330594 0.02245719 0.01646591 0.01269021 0.03001382 0.02851086 0.01514391 0.01190984 0.02337009 0.07277919 0.05040573 0.01667687 0.0185303 0.004101145 0.009923724 0.003902471 0.002574033 0.001115773 0.0007344689 0.0006082878 0.001236484 0.001864069 0.002742804 0.002407904 0.004292634 0.005866797 0.009959847 0.01742716 0.03883156 0.04811367 0.05704964 0.05814954 0.06954884 0.07147063 0.07262941 0.06244263 0.05263158 0.01931174 0.01315789 0.01720648 0.01210526
0.05190966 0.04477733 0.04387511 0.04492447 0.02565399 0.0293143 0.03808469 0.05152259 0.06492604 0.06348887 0.07188404 0.07459326 0.03882322 0.04272151 0.04212351 0.01833266 0.0133208 0.01299423 0.01146727 0.02086372 0.03481573 0.01430104 0.01153422 0.007085617 0.03044577 0.01019505 0.01470745 0.008830919 0.002030117 0.002856296 0.0008433574 0.0007988155 0.0004546251 0.0008737618 0.0009764028 0.0009808197 0.001164103 0.001817149 0.002744397 0.005774069 0.008210225 0.01173535 0.01748291 0.03724086 0.04425277 0.06117766 0.05834894 0.08200828 0.0774375 0.0775737 0.0734964 0.04546558 0.01813765 0.01720648 0.0159919 0.01712551
0.04237512 0.03070824 0.02152956 0.05216364 0.02725066 0.02205312 0.02324967 0.04544597 0.05875235 0.06360044 0.06270745 0.06046285 0.06429754 0.06033345 0.05158707 0.01678837 0.01598419 0.0165071 0.01513131 0.01397739 0.02271545 0.01488949 0.01250125 0.009594943 0.002991702 0.03371902 0.04381476 0.01861389 0.003465365 0.0005508835 0.001112859 0.001535431 0.001124483 0.0009078789 0.001154915 0.001323053 0.001580911 0.002276229 0.003339789 0.005963753 0.008506951 0.01229818 0.02134206 0.03523121 0.04398309 0.04964878 0.05306974 0.0643262 0.06486675 0.08021007 0.07416142 0.01927125 0.01716599 0.006396761 0.01753036 0.01724697
0.03726665 0.02227683 0.01224502 0.01292592 0.01682085 0.00927469 0.01049298 0.02032783 0.02459972 0.01908131 0.03201935 0.03528335 0.08201467 0.04960371 0.03525142 0.0197089 0.05025255 0.04491217 0.02209766 0.01975077 0.0149798 0.01287222 0.01653961 0.00420298 0.01041335 0.05318449 0.04354036 0.02806897 0.01992176 0.0137792 0.00571933 0.001545909 0.001323165 0.0003158356 0.000529437 0.002533023 0.003409577 0.003920032 0.005958117 0.01047416 0.01333458 0.01778382 0.02432955 0.03632144 0.0524051 0.04570055 0.05262752 0.03651822 0.06190284 0.04659919 0.03526316 0.02263158 0.01502024 0.01348178 0.007611336 0.01975709
0.0336081 0.0129572 0.01267697 0.01846233 0.009747061 0.006315772 0.007870547 0.0150275 0.01531181 0.01221365 0.01138867 0.03656832 0.04226248 0.0404553 0.03318531 0.03334869 0.06168614 0.05420552 0.03819943 0.04262753 0.01816354 0.01285869 0.01237337 0.003350549 0.02581799 0.07741658 0.06083373 0.01995549 0.01502691 0.01216262 0.001774512 0.00114814 0.0002506059 0.0003265891 0.000813481 0.003120557 0.003681601 0.004895634 0.007109572 0.0120783 0.01602787 0.01900375 0.02353035 0.03050448 0.04791563 0.04862215 0.05552794 0.02821863 0.03688259 0.03748988 0.03153846 0.03190283 0.03331983 0.01376518 0.008137652 0.01522267
0.01019588 0.01037495 0.009547706 0.02545743 0.01851148 0.008418589 0.005266388 0.008726399 0.01480981 0.0230316 0.01595249 0.04506442 0.03210388 0.01631336 0.03162935 0.04715625 0.03642489 0.0397041 0.0305985 0.03277433 0.01465121 0.01176533 0.01078465 0.003040144 0.0163039 0.04053259 0.03517723 0.02138817 0.007389424 0.003698815 0.0001600201 0.0003722525 0.000290839 0.0003632119 0.0011641 0.003364719 0.004237305 0.005502089 0.007312916 0.01413905 0.03210028 0.01926493 0.02278287 0.02689591 0.04107505 0.04273918 0.04605755 0.01303644 0.03696356 0.03068826 0.03526316 0.02554656 0.01724696 0.01052632 0.009230769 0.01441296
