contrib/geomasonDemos/riftland/riftlandData/RainData/.svn/text-base/43.txt.svn-base
ncols         56
nrows         54
xllcorner     28.264
yllcorner     -5.7719999999999
cellsize      0.25
NODATA_value  -9999
[rows 0 to 24 of 54, columns 0 to 55 of 56]
0.1838502 0.1701212 0.2688051 0.314054 0.2954946 0.2017977 0.1351027 0.1116775 0.09956229 0.08364928 0.1255411 0.1397938 0.1728942 0.1591734 0.09904132 0.08979068 0.104093 0.1413035 0.1192331 0.170371 0.1576316 0.172751 0.1309186 0.2208153 0.2606611 0.2816103 0.3075892 0.4017623 0.3714275 0.35237 0.3410165 0.3147601 0.3108173 0.3228074 0.2473995 0.2111097 0.2187686 0.206876 0.2143904 0.1209822 0.09864291 0.09851884 0.1214074 0.2041684 0.2734152 0.2679414 0.2407027 0.1080914 0.04992837 0.04697196 0.01424154 0.00945843 0.01241887 0.01091008 0.006686156 0.001334904
0.1693382 0.1517552 0.1443271 0.1910726 0.2502206 0.1583392 0.1300978 0.127362 0.1126428 0.1038041 0.1137519 0.1424864 0.2400037 0.1638222 0.09268035 0.1009383 0.1263607 0.1386207 0.1067592 0.1749367 0.1686307 0.1652671 0.1659835 0.2045041 0.2315272 0.2444337 0.2169241 0.2497869 0.27538 0.2573079 0.2827378 0.210845 0.2260647 0.2219791 0.2421302 0.2172237 0.2305664 0.1918224 0.1980706 0.1358136 0.1502405 0.1306079 0.1633044 0.2522974 0.2098661 0.1735973 0.1122016 0.1091996 0.05060556 0.04785613 0.01477295 0.01575526 0.009845077 0.002714962 0.00258389 0.001229294
0.2414592 0.1491246 0.1041342 0.1035262 0.1188971 0.128509 0.1712132 0.1848442 0.1345399 0.07647084 0.0878445 0.1275869 0.3087227 0.202874 0.1275046 0.1771566 0.170429 0.1052257 0.1135428 0.1522025 0.1677831 0.1454605 0.1112291 0.1607085 0.1709374 0.1895963 0.1933461 0.143734 0.1489281 0.2006578 0.1942356 0.1857456 0.2012272 0.2304572 0.2398542 0.2465236 0.2110312 0.2032486 0.1645178 0.1282846 0.1936711 0.2038402 0.2315841 0.2313869 0.1938177 0.1871812 0.209617 0.09179045 0.06428692 0.02442699 0.01356332 0.008080878 0.003353882 0.003855686 0.003769089 0.001059638
0.1841135 0.159764 0.1185333 0.1044634 0.1221073 0.1377598 0.1338494 0.1075032 0.101859 0.1319651 0.1608275 0.1192345 0.1519145 0.1495211 0.1636691 0.225778 0.1935944 0.1262586 0.1220609 0.1517361 0.164903 0.1231821 0.08928244 0.1577941 0.2353356 0.2706852 0.2097657 0.2189722 0.1926741 0.2004128 0.1539823 0.1511599 0.1791785 0.2261723 0.2937288 0.3497088 0.3240345 0.3075173 0.2088275 0.1299302 0.1774537 0.224995 0.2839528 0.284888 0.2085949 0.1423529 0.1182411 0.03443196 0.0277317 0.01233874 0.007720301 0.004771193 0.00376828 0.003410234 0.003262879 0.002434989
0.2325309 0.1598677 0.1503229 0.1744541 0.1047983 0.09948647 0.09189186 0.1066163 0.1060008 0.1755594 0.1314522 0.118595 0.1359092 0.1622735 0.1947726 0.1934925 0.1465258 0.1446212 0.1399641 0.1513953 0.1429384 0.1413025 0.1073367 0.1468329 0.1812037 0.2032174 0.1765565 0.200912 0.1539068 0.1214365 0.116638 0.1176271 0.186557 0.2649339 0.32977 0.2731611 0.2833018 0.2345617 0.1304795 0.102421 0.1261588 0.1663645 0.24141 0.1998816 0.1004659 0.06711542 0.0296916 0.01135123 0.009252682 0.004908179 0.004843309 0.003548115 0.003076475 0.002765552 0.002650204 0.001991373
0.2462171 0.1993714 0.2583054 0.1871412 0.1206619 0.1152805 0.08885299 0.06501951 0.07112851 0.09421482 0.140549 0.09137205 0.12849 0.280988 0.2294204 0.1981615 0.1496309 0.1895959 0.1935328 0.1730149 0.2784402 0.1844989 0.1769587 0.2193083 0.1569404 0.1873517 0.1663949 0.1895328 0.1401822 0.1084769 0.08044869 0.09947653 0.1316414 0.1615702 0.1679171 0.1408916 0.1596968 0.1322519 0.09257678 0.09277557 0.1183559 0.1780247 0.114541 0.1239521 0.05859492 0.009714244 0.01364231 0.008779754 0.004493479 0.003991655 0.003533482 0.002853049 0.002450772 0.002203004 0.002182877 0.00160062
0.1771842 0.2337833 0.1687735 0.1557109 0.101928 0.1013745 0.09098774 0.07799628 0.08723839 0.1063889 0.09317726 0.2053264 0.1844115 0.2020522 0.1745039 0.147939 0.1263718 0.1489466 0.1781795 0.3197643 0.2773175 0.1969818 0.180545 0.2327663 0.1855846 0.205879 0.1823303 0.150637 0.1000885 0.09715867 0.08548854 0.08425806 0.0876823 0.1521287 0.1066191 0.0943687 0.09749264 0.04699128 0.05285019 0.06173148 0.1194881 0.1046258 0.0856174 0.03569999 0.02184213 0.01379984 0.0154649 0.00761894 0.003450903 0.003050856 0.002704652 0.002173668 0.001883786 0.003149724 0.0056884 0.007533772
0.1977102 0.2194147 0.1697205 0.1368309 0.1107959 0.1136418 0.1164038 0.1143172 0.1011506 0.1154524 0.1731852 0.1734723 0.1538124 0.1481095 0.1464498 0.1289079 0.1296634 0.1338925 0.1651949 0.2659927 0.2785155 0.1417392 0.09393688 0.1545767 0.1581237 0.1313578 0.1193179 0.1097287 0.08221172 0.07514297 0.07693329 0.07737748 0.09994293 0.1117604 0.0882719 0.07552397 0.07256124 0.05516753 0.09314743 0.07439172 0.08547577 0.05911653 0.0384091 0.01270208 0.008330033 0.006983972 0.007171997 0.0009738766 0.0008569735 0.0007552606 0.0006729898 0.004128363 0.01723689 0.01147726 0.01347086 0.01536394
0.1725042 0.1761556 0.1502566 0.1447024 0.1176128 0.109089 0.1301815 0.1358754 0.1158753 0.1231375 0.1377468 0.1906877 0.1523447 0.1605213 0.1755309 0.1418935 0.1304476 0.1428048 0.1732592 0.2509225 0.2266069 0.194461 0.1158302 0.1406173 0.1403369 0.1179892 0.1004545 0.07287149 0.08614478 0.07318521 0.0487418 0.07456827 0.04685939 0.08140923 0.08317658 0.05142533 0.06303949 0.04868994 0.09090518 0.09810679 0.08673628 0.04826406 0.01196299 0.01493575 0.01004943 0.005372615 0.001464549 0.0006933973 0.000778412 0.006028308 0.009876519 0.01369525 0.01722383 0.01964897 0.02096417 0.02221438
0.1864201 0.176045 0.1676899 0.1398198 0.1539128 0.1716907 0.1658213 0.1361855 0.1180931 0.1445871 0.1619968 0.1791688 0.1643663 0.1496212 0.1924802 0.1593625 0.1386134 0.1570804 0.1744214 0.2248857 0.1889737 0.1166435 0.09075738 0.1077977 0.0796278 0.06818545 0.03654856 0.03771781 0.04810293 0.03600726 0.04860708 0.03011926 0.0458355 0.07699336 0.06115091 0.05560476 0.05742348 0.06307395 0.07401832 0.04293301 0.0295068 0.01937427 0.01262852 0.009088089 0.005198053 0.005270814 0.005343121 0.005557947 0.008628959 0.01425796 0.01663495 0.01999604 0.02284813 0.02493409 0.02595353 0.02663748
0.1409347 0.1570438 0.1735474 0.2206761 0.1740512 0.1828454 0.2346758 0.1400933 0.179343 0.1768115 0.1468229 0.1559762 0.1320396 0.1434891 0.1725235 0.1453383 0.1441856 0.1301014 0.1821158 0.2275558 0.1783905 0.1140016 0.09632818 0.08092063 0.06618886 0.04913616 0.03450474 0.01876035 0.02189752 0.01598838 0.01924035 0.02073281 0.03787254 0.0325743 0.04822026 0.05546322 0.0669678 0.06209354 0.02359121 0.03179834 0.01190024 0.0009187642 0.0008683368 0.0005904511 0.0005518058 0.004464202 0.01018106 0.01056749 0.01390614 0.01776994 0.0211305 0.0237438 0.02607226 0.02764611 0.0281559 0.02856424
0.1546794 0.1367189 0.1605625 0.1834651 0.1788943 0.2104728 0.2967881 0.1653896 0.1716898 0.1525981 0.163767 0.1414726 0.1531775 0.137513 0.1497221 0.1373631 0.1673818 0.1902832 0.2026829 0.2298502 0.1960822 0.1099854 0.1076154 0.08217442 0.05769977 0.05485468 0.02980293 0.04792194 0.03347905 0.01270862 0.0229423 0.04022528 0.06377897 0.05856096 0.05715092 0.07453632 0.07298304 0.03055995 0.01734659 0.01624444 0.0189877 0.006785214 0.006452952 0.006299395 0.00782317 0.009370264 0.01060864 0.01272028 0.01343114 0.01451199 0.01556618 0.0212364 0.02118986 0.02124821 0.02149833 0.02132034
0.1532916 0.1378935 0.1629578 0.2048479 0.2016805 0.2765339 0.3164337 0.1886349 0.1393795 0.1474153 0.1536817 0.1432668 0.1664954 0.161323 0.1590371 0.1446027 0.1467146 0.1800061 0.1930017 0.2324643 0.1932883 0.1351935 0.05084118 0.06368136 0.05452066 0.04000703 0.02246205 0.03310839 0.02920214 0.01251457 0.01371131 0.03193593 0.04572888 0.04317575 0.03859838 0.05007222 0.005386815 0.0008945157 0.002394001 0.007301687 0.005490878 0.007497466 0.004947263 0.007455654 0.009413361 0.01089656 0.01197506 0.01253857 0.01375836 0.01475171 0.01557327 0.01956114 0.0203041 0.02054939 0.02048101 0.02028616
0.2423579 0.1843411 0.2232684 0.219467 0.2080309 0.2648602 0.3024581 0.242416 0.1675971 0.1734035 0.1787346 0.1727323 0.163075 0.1462827 0.1602347 0.1472747 0.1954471 0.2530663 0.2323982 0.2378936 0.1882716 0.1148353 0.08991171 0.08934435 0.07001802 0.06148771 0.03263742 0.02066362 0.01536204 0.01889941 0.01398898 0.01454473 0.02587624 0.02110669 0.02332848 0.02788991 0.0007817231 0.0007284894 0.00929576 0.004597893 0.004126479 0.003986533 0.00673307 0.009182448 0.01086254 0.01205654 0.01280036 0.01256965 0.01352524 0.01443704 0.01500718 0.01851881 0.01870704 0.01903483 0.01882176 0.01860512
0.2809514 0.2044001 0.1792766 0.183264 0.224894 0.2015507 0.2324238 0.1871762 0.1727801 0.1779495 0.1914729 0.1726971 0.1646855 0.1667431 0.1704131 0.217844 0.2093205 0.2491088 0.1968975 0.1454695 0.1069509 0.0968066 0.09462699 0.07951598 0.05571938 0.0407152 0.02073785 0.02604966 0.01435937 0.009607463 0.01042079 0.008366487 0.01296455 0.01757936 0.01025018 0.01001917 0.0007577831 0.0007028927 0.0006803452 0.004302166 0.004146074 0.005033965 0.007610236 0.009666488 0.011015 0.01186176 0.0123122 0.01187616 0.01239984 0.01290877 0.01321381 0.01604977 0.01603973 0.01619713 0.01589952 0.01574462
0.223881 0.1641023 0.1556147 0.2043392 0.2461554 0.1994084 0.2010419 0.2085654 0.1857808 0.1865405 0.2043049 0.1887421 0.1707266 0.1632935 0.1754011 0.1966706 0.2251913 0.2104311 0.2076789 0.2224485 0.1653877 0.1477281 0.1305072 0.09746061 0.05243092 0.03194702 0.02459627 0.01651766 0.01287874 0.007900315 0.00883648 0.01186647 0.01829459 0.01527347 0.01053884 0.005812375 0.005176134 0.004774334 0.004894697 0.008005175 0.007472959 0.007372608 0.009011374 0.009610134 0.01068716 0.01124896 0.01153608 0.01099971 0.0111093 0.01133176 0.01141124 0.01339978 0.01319405 0.01325128 0.01289638 0.01299567
0.1921481 0.163456 0.1557838 0.2322748 0.2202472 0.1826177 0.2019061 0.2149741 0.1837796 0.1719648 0.1572541 0.1705091 0.184586 0.2111646 0.1668788 0.1862132 0.2162145 0.2160856 0.1895469 0.2041086 0.1952098 0.173907 0.1468258 0.1132461 0.06049785 0.0338333 0.02468306 0.02301676 0.01022582 0.008174169 0.008675565 0.01387351 0.01502693 0.01260541 0.009732538 0.006039109 0.004965035 0.004967687 0.004454348 0.006853336 0.006680347 0.006528865 0.007608192 0.007805142 0.008810278 0.009231829 0.009460247 0.009361474 0.009374044 0.009432219 0.009430362 0.01076691 0.01043939 0.01034571 0.01005033 0.01017919
0.1618708 0.1783808 0.1700345 0.2615908 0.2542222 0.1972252 0.1865792 0.1747785 0.16344 0.1690319 0.1548348 0.1588701 0.1499234 0.152432 0.1689835 0.2273899 0.2278563 0.1756983 0.1817172 0.2043561 0.2283759 0.1985496 0.1537975 0.1483707 0.07713497 0.04377098 0.03539859 0.03495129 0.01266463 0.009672924 0.00902044 0.01374245 0.01381518 0.010694 0.009424382 0.006020552 0.005287628 0.004383356 0.004236272 0.006830702 0.006966854 0.006149332 0.006544639 0.006921787 0.007892611 0.007923256 0.008165865 0.008214098 0.008143873 0.008050501 0.007945119 0.008952859 0.008513327 0.008378064 0.008123975 0.008115386
0.1853418 0.1661877 0.1849943 0.2501182 0.2125901 0.2002146 0.2055828 0.1978283 0.1828424 0.1811093 0.156792 0.1631839 0.1535181 0.1600079 0.1837757 0.2581329 0.2314578 0.1784047 0.1868064 0.1890372 0.2132538 0.219205 0.2122651 0.1563505 0.09585494 0.06881375 0.0466267 0.02922353 0.01589241 0.01232334 0.01224214 0.01676923 0.01455202 0.01249119 0.01069585 0.006269806 0.004958183 0.004200452 0.004011918 0.006059953 0.005767622 0.005556959 0.006235686 0.006463099 0.007330647 0.00764741 0.007837707 0.007700765 0.009774875 0.00731711 0.007003394 0.007676349 0.006991891 0.006784448 0.006562182 0.006533307
0.2206368 0.2047417 0.2350613 0.2275681 0.1982827 0.2257452 0.2049467 0.2142524 0.2066123 0.2185399 0.2079114 0.1915979 0.2017562 0.2195619 0.2209906 0.2821822 0.2454637 0.2136896 0.2227563 0.2438155 0.240911 0.2886366 0.2657917 0.198215 0.1368995 0.1055096 0.08507697 0.04779918 0.03315089 0.02658425 0.02381706 0.02454924 0.02092628 0.01756008 0.01459695 0.005463688 0.004059477 0.003232581 0.003033167 0.005079572 0.004724869 0.004497915 0.004976643 0.00621644 0.006783648 0.006909768 0.006785249 0.006133961 0.005803545 0.005313285 0.004879753 0.004924785 0.004176833 0.003962308 0.003824792 0.004721161
0.2486134 0.1710628 0.1872502 0.2059158 0.1982874 0.2606144 0.2362339 0.2133967 0.2358725 0.2245536 0.2184393 0.2078363 0.1953659 0.2095898 0.2364042 0.2842865 0.2339214 0.2188636 0.215773 0.2462945 0.2585412 0.2666882 0.2866749 0.232065 0.1595065 0.1115914 0.08895301 0.05688173 0.040074 0.03114658 0.02758263 0.02836729 0.02404137 0.01979699 0.01614461 0.005864314 0.004101549 0.003086627 0.002841442 0.004665547 0.004228973 0.003930347 0.00380968 0.004883948 0.005357987 0.005462767 0.005345052 0.004846046 0.004499808 0.003992801 0.003584046 0.003449061 0.002741229 0.003932798 0.002524437 0.003066437
0.1438017 0.1392545 0.171721 0.2003481 0.1972465 0.1767454 0.1644907 0.1861794 0.168189 0.1951561 0.2034423 0.1965368 0.1809103 0.194223 0.2152742 0.2244891 0.2479238 0.2194108 0.1999493 0.1864566 0.1918639 0.3049151 0.2992811 0.2455041 0.1940591 0.1431314 0.1119948 0.07249805 0.07118966 0.04899438 0.03306544 0.03429571 0.02991661 0.02603416 0.02032803 0.006826315 0.004591465 0.00326127 0.00292632 0.004608372 0.003970194 0.003544832 0.003308094 0.003661763 0.004065697 0.004136482 0.004016347 0.003730247 0.00329104 0.002802729 0.002426532 0.002159266 0.001540325 0.001430682 0.001387932 0.001727283
0.1069903 0.1649641 0.1686033 0.148517 0.166352 0.1446474 0.1741317 0.1554511 0.1455892 0.1448087 0.1719901 0.1644822 0.1675093 0.2046371 0.2166893 0.2179727 0.2312133 0.1971036 0.1783439 0.1790821 0.1804057 0.2110693 0.2063648 0.2671605 0.2312559 0.1844474 0.1398577 0.08920892 0.09028829 0.07246456 0.04264225 0.04216522 0.04408865 0.02985497 0.02396139 0.008345402 0.005509217 0.003765594 0.003261582 0.00493498 0.004328466 0.003324739 0.003019953 0.003547651 0.004604578 0.003804957 0.003806603 0.00339572 0.002944479 0.002500935 0.002193511 0.002489794 0.001280457 0.001157721 0.001295989 0.001132707
0.1511509 0.1223041 0.1550283 0.1644371 0.1712982 0.1509811 0.1316471 0.1374725 0.1637412 0.1705866 0.1420561 0.1550307 0.1746052 0.190672 0.1993286 0.1884514 0.1935528 0.176347 0.1789137 0.2193446 0.2320911 0.2468565 0.230646 0.2273334 0.2372646 0.2070519 0.1771369 0.1419427 0.1124112 0.09135708 0.06103622 0.07394471 0.06202322 0.05647836 0.0373513 0.01500694 0.009657328 0.006359471 0.005360369 0.004573082 0.003476931 0.002727032 0.002473533 0.002687695 0.004205198 0.005404667 0.004811383 0.003945902 0.005194239 0.006914262 0.01030226 0.005913034 0.003720883 0.004933968 0.00448311 0.003018118
0.1285723 0.1128339 0.1426283 0.1714641 0.1551826 0.1633777 0.1491576 0.1405502 0.1731356 0.1993228 0.1550206 0.1430075 0.1590758 0.2322718 0.1604851 0.1513946 0.1552811 0.1707028 0.1687486 0.1952188 0.1930859 0.2025346 0.1807294 0.1918296 0.2226483 0.2135135 0.2303331 0.1752832 0.1625933 0.1313802 0.1077783 0.100011 0.08648451 0.06893631 0.04336082 0.01718538 0.0128175 0.007101989 0.005863562 0.004846906 0.003470271 0.002540596 0.002623128 0.003042899 0.00406805 0.004321075 0.00450979 0.007441718 0.008513218 0.007328191 0.009610776 0.006013347 0.004880846 0.005183106 0.001480818 0.001407973
