contrib/geomasonDemos/riftland/riftlandData/RainData/.svn/text-base/48.txt.svn-base
ncols         56
nrows         54
xllcorner     28.264
yllcorner     -5.7719999999999
cellsize      0.25
NODATA_value  -9999
[rows 27 to 53 of 54, columns 0 to 55 of 56]
0.1097081 0.07874914 0.07836031 0.08328004 0.08514562 0.09260157 0.05636596 0.07503554 0.06757835 0.06476142 0.06099495 0.08801508 0.08501931 0.04868679 0.04000473 0.05047966 0.07836083 0.07093266 0.05057069 0.04730413 0.04623342 0.04348703 0.04353375 0.05290153 0.05794579 0.03386754 0.02071341 0.01371196 0.009607546 0.01063518 0.01533137 0.02559699 0.02300405 0.02971582 0.0332007 0.04039817 0.04692868 0.04912787 0.04830144 0.04307205 0.06301364 0.07537804 0.07317345 0.05379089 0.05238886 0.05871097 0.07948945 0.05940292 0.05652652 0.05126753 0.07903986 0.03524 0.02288703 0.05352844 0.06667176 0.07166769
0.08865603 0.08975898 0.09691913 0.08629126 0.0618835 0.07338146 0.0778996 0.07693601 0.07358506 0.05776002 0.1014002 0.09618363 0.05547013 0.04484169 0.0482963 0.05805264 0.09590605 0.07067928 0.07876062 0.05573714 0.06121988 0.07981044 0.08730451 0.04754763 0.05427206 0.0325175 0.02364791 0.01507112 0.01114597 0.01072188 0.01524097 0.02625821 0.02468915 0.03308916 0.03540786 0.04450638 0.05791542 0.06711375 0.07667676 0.06089386 0.06468417 0.06075483 0.05962487 0.04969892 0.08523906 0.08713807 0.09571135 0.0852086 0.07156209 0.06044147 0.05079539 0.03263228 0.04279602 0.06064994 0.07085126 0.07302836
0.1460686 0.08740138 0.065531 0.08585878 0.09576906 0.05536417 0.06496218 0.08343713 0.09764703 0.08483718 0.1038248 0.07276214 0.06569013 0.05364467 0.05844305 0.06276451 0.09090742 0.08427093 0.08260488 0.0776096 0.06592809 0.08763265 0.08970378 0.06890644 0.07917213 0.04377385 0.05320917 0.02327808 0.01295642 0.01223262 0.01446824 0.02496679 0.02624053 0.03361693 0.0343289 0.05324921 0.07508641 0.07056338 0.09598484 0.06928835 0.07486804 0.07156275 0.0529378 0.05462961 0.04898932 0.06935178 0.07114574 0.07689483 0.06543789 0.05397326 0.05496553 0.04834557 0.05770776 0.06428887 0.04493389 0.01903126
0.1229241 0.1141951 0.077181 0.08473528 0.07090433 0.05263228 0.0533633 0.09350501 0.1648581 0.09783379 0.07984608 0.04984517 0.05192913 0.05743029 0.06218881 0.05369457 0.06737885 0.08658542 0.1162196 0.1053075 0.09227751 0.08768692 0.08387932 0.06704089 0.07281455 0.06525511 0.066229 0.02366982 0.0160944 0.01903921 0.01685631 0.02501775 0.02791942 0.03112408 0.03255114 0.04231779 0.06489053 0.06600174 0.08922578 0.0563901 0.06597877 0.07690351 0.05367214 0.07393058 0.08102875 0.07005011 0.05139647 0.07913662 0.07005319 0.07929836 0.05590003 0.08625811 0.09373561 0.06176232 0.05080964 0.01527186
0.126346 0.1423228 0.08221267 0.09387509 0.0550629 0.06054696 0.07370428 0.1246136 0.1450105 0.1313416 0.09055997 0.06061781 0.06263355 0.08243905 0.06639829 0.05643076 0.09226601 0.1249317 0.1822221 0.1424224 0.1172465 0.07083925 0.06060786 0.0501876 0.04801096 0.1077569 0.05711446 0.05342929 0.02622455 0.02535709 0.02699947 0.03078739 0.02929917 0.03370497 0.04875205 0.05545871 0.07885054 0.07930463 0.06388066 0.06028314 0.06478965 0.07233452 0.05707324 0.09524736 0.1007308 0.1263052 0.08317348 0.08916147 0.1007055 0.07534759 0.07315732 0.1234789 0.1137731 0.07711297 0.05987984 0.03858105
0.1453177 0.1287496 0.08005899 0.1028791 0.05553477 0.0594544 0.06815598 0.1233326 0.1528703 0.09050533 0.08191049 0.0708069 0.07569738 0.07936129 0.07651212 0.07951724 0.1271862 0.1665499 0.1765651 0.1305963 0.1027954 0.05689094 0.05341433 0.04783006 0.06025718 0.1549008 0.09635203 0.09747463 0.03476323 0.02830468 0.03484622 0.03378266 0.03131235 0.04243368 0.05465914 0.06616113 0.05650093 0.06769928 0.06226739 0.07007819 0.08189967 0.05678325 0.05205859 0.09550875 0.1990131 0.1243168 0.08706948 0.05806955 0.07016936 0.0384694 0.04567859 0.05044299 0.08713882 0.04639434 0.03583866 0.02502021
0.1745914 0.1231831 0.07109301 0.1092215 0.07483502 0.07286439 0.08602919 0.1225171 0.1171977 0.08783051 0.08623575 0.0692224 0.08535489 0.07837708 0.08831584 0.1174654 0.1847965 0.1883691 0.1459992 0.09204049 0.0704174 0.04772833 0.04379435 0.04466237 0.06970889 0.1246539 0.08658823 0.06206304 0.04385617 0.02964687 0.02948425 0.03421846 0.0652287 0.04768757 0.05125889 0.04820947 0.0505225 0.05716561 0.07947213 0.07959704 0.07873168 0.07850586 0.06300905 0.1001264 0.1535677 0.1032157 0.08298307 0.09725586 0.08985294 0.06436098 0.02986976 0.0593659 0.06279635 0.05188752 0.02081969 0.007796509
0.1638334 0.1215509 0.06507165 0.07915904 0.08321273 0.07202791 0.08635857 0.1239502 0.1480055 0.1144595 0.08550686 0.085113 0.09904081 0.102962 0.1198511 0.168381 0.2110699 0.1776914 0.1288884 0.07651003 0.05591143 0.04731835 0.04991673 0.05565163 0.1332861 0.1010151 0.0742541 0.0605 0.05319553 0.03608873 0.04176521 0.03492952 0.06226831 0.03721191 0.03961217 0.05518443 0.04975272 0.05935299 0.08798494 0.09660558 0.07470582 0.07638068 0.07646691 0.08286289 0.1421004 0.1408945 0.1082589 0.123748 0.1489774 0.1049763 0.03244355 0.0704072 0.07684065 0.04471898 0.002853766 0.001137829
0.1552009 0.1331501 0.06880426 0.08277748 0.08874872 0.07301758 0.06370666 0.09841283 0.1142623 0.113664 0.083445 0.1062211 0.1260375 0.1606011 0.1661476 0.2506665 0.2103824 0.1609078 0.1401959 0.09011921 0.05678064 0.03585946 0.0623782 0.07881621 0.185982 0.1334193 0.09939153 0.03947569 0.0360137 0.02981534 0.0257314 0.02770333 0.03793033 0.03489292 0.0345495 0.05446814 0.05520297 0.07261758 0.08238711 0.07216334 0.09212829 0.101179 0.100224 0.07979523 0.08040788 0.10431 0.1163564 0.08529934 0.1037221 0.09863845 0.06973431 0.06949744 0.08338435 0.04591426 0.00802012 0
0.1876995 0.1211914 0.06767286 0.09267901 0.1039643 0.09021942 0.06980474 0.08325759 0.09399193 0.08656347 0.08109792 0.09041344 0.1240835 0.1442006 0.1995545 0.2138714 0.2327151 0.2021563 0.1890518 0.1052155 0.06133342 0.05549116 0.1207112 0.1239821 0.1109851 0.1215811 0.07842428 0.04655425 0.03431704 0.03457023 0.03119231 0.02664744 0.03048359 0.03606812 0.03832157 0.05992983 0.06865206 0.07639424 0.08625762 0.08764943 0.1112952 0.1352666 0.120043 0.09086986 0.08781331 0.106314 0.1350144 0.1265226 0.1297403 0.1716994 0.1033418 0.07485245 0.05432063 0.01987228 0.008026276 0
0.2043751 0.1595948 0.07949689 0.06449855 0.07952176 0.09126101 0.06936745 0.09307878 0.09273944 0.08892787 0.0818782 0.1010198 0.08697405 0.1047142 0.1736116 0.2029589 0.2352673 0.2083012 0.1772574 0.1043196 0.05757114 0.04494029 0.05100596 0.1168792 0.1058315 0.07305657 0.0549379 0.05744379 0.04155406 0.03467779 0.03707829 0.03152566 0.03338127 0.03870436 0.04366643 0.0695441 0.0810683 0.09925329 0.09712867 0.1054663 0.1448693 0.1585067 0.1468081 0.1140988 0.1070386 0.09966966 0.1083084 0.1367771 0.1099253 0.09872474 0.08825513 0.08731285 0.04649199 0.006572 0.005166131 0
0.2288677 0.1847316 0.08408371 0.08247006 0.0867519 0.08665029 0.06399861 0.09020357 0.09754225 0.09016969 0.1133983 0.09831988 0.07340016 0.07320999 0.09139442 0.1844994 0.175674 0.1771387 0.2280287 0.09701009 0.06860228 0.05036972 0.06478912 0.1645297 0.1134611 0.05479321 0.05018907 0.05759399 0.04593009 0.04497631 0.04505493 0.04960129 0.04643578 0.0483701 0.05504382 0.08229874 0.09967203 0.1208314 0.1241843 0.1565928 0.1415327 0.1481103 0.1486545 0.09476481 0.1013213 0.1020341 0.1154419 0.1262149 0.09982098 0.1182847 0.09339768 0.05871165 0.009165664 0.009165853 0.004782843 0.00125
0.1918573 0.1391533 0.1016208 0.08925078 0.09837497 0.08555812 0.07458239 0.108714 0.09405908 0.09782602 0.1170051 0.09965741 0.07400229 0.08347687 0.08387263 0.1065136 0.1403643 0.1350437 0.1314071 0.07029004 0.05558961 0.09614193 0.1388042 0.1266873 0.09855136 0.1044574 0.04192345 0.04265027 0.02409886 0.03414465 0.03787166 0.05804452 0.05363334 0.05523203 0.06014365 0.09127153 0.1103385 0.122391 0.1370483 0.1500815 0.156391 0.176046 0.1270741 0.09879942 0.08814102 0.07851293 0.09656551 0.1064044 0.0841662 0.09531361 0.03954096 0.0227239 0.01071599 0.00540801 0.005620448 0.0001612903
0.1943151 0.101511 0.07327491 0.09880457 0.1134153 0.08621903 0.07845852 0.1568048 0.1001999 0.09044745 0.124799 0.1282762 0.09888903 0.07442214 0.0797758 0.08870889 0.1057723 0.1121657 0.104889 0.07449276 0.06829362 0.09545217 0.1087642 0.1716335 0.1044175 0.05957547 0.04132669 0.02804738 0.02421028 0.02857755 0.03228376 0.06388295 0.05795859 0.05762531 0.06792687 0.09919333 0.1192458 0.1225594 0.1484568 0.1514731 0.1639252 0.1797733 0.1409027 0.1025451 0.09608752 0.07467541 0.08581423 0.08395511 0.06836212 0.05466021 0.01263204 0.01157205 0.004958621 0.004620695 0.004946737 0
0.1660445 0.08959883 0.07306734 0.1291524 0.1399652 0.1016011 0.08544305 0.1174823 0.1350549 0.1230492 0.1483363 0.1334962 0.09198093 0.09300434 0.087681 0.1034873 0.1023134 0.112051 0.1130017 0.1505725 0.1514847 0.2091296 0.1585725 0.1766862 0.1336475 0.06931695 0.03651074 0.02927737 0.02823689 0.0240938 0.02862762 0.05963998 0.06359578 0.06132522 0.0702372 0.1014315 0.1199931 0.1342259 0.1515503 0.1382433 0.1476795 0.1842595 0.1907586 0.1187723 0.09081974 0.08642501 0.08377027 0.06676403 0.02972936 0.01759091 0.01420863 0.005595725 0.004770574 0.004408672 0.003987408 0
0.1340551 0.08506648 0.09903123 0.1191337 0.1451947 0.1032407 0.08893336 0.12404 0.1546817 0.1278045 0.1037294 0.1164178 0.1157461 0.1200992 0.1106027 0.1147516 0.1184568 0.1440184 0.142638 0.1543931 0.0942159 0.1173926 0.1416716 0.1496953 0.1313978 0.07623215 0.04198907 0.02640296 0.03047372 0.03079072 0.040341 0.06060195 0.06687017 0.07007149 0.07939375 0.145477 0.2116578 0.1455014 0.1343164 0.1328307 0.1486873 0.2405341 0.2540776 0.09952528 0.08388827 0.08170117 0.07069357 0.02788511 0.01812447 0.02056654 0.01240945 0.01082722 0.00618499 0.003987408 0.003987408 0.0001612903
0.1345338 0.100829 0.09415749 0.1257006 0.1181577 0.09832215 0.07256793 0.08974156 0.09663484 0.09713238 0.1049204 0.119547 0.1231211 0.1354152 0.1313909 0.1273431 0.131252 0.1954384 0.1285969 0.1667651 0.1022428 0.1384469 0.1824264 0.1272139 0.08928347 0.07784099 0.03396001 0.03510484 0.0428155 0.02281586 0.01918809 0.04735664 0.05512063 0.06722154 0.07300899 0.1594331 0.4322389 0.1256667 0.1061275 0.1469515 0.2087547 0.1818661 0.1419621 0.09137774 0.08044074 0.07870021 0.05307643 0.02133988 0.01641391 0.01746862 0.009229115 0.0002419355 0.0006048387 0 0.001290323 0.0004032258
0.1363828 0.1184857 0.1006386 0.1273212 0.09630894 0.09681054 0.07983991 0.09779292 0.09390205 0.1050868 0.1149131 0.110429 0.1216981 0.1509067 0.1444288 0.1486233 0.1352907 0.178126 0.178696 0.139387 0.1181213 0.1357621 0.1531223 0.1294397 0.08122723 0.06556466 0.04628352 0.03016558 0.02313355 0.02029764 0.01527312 0.05079427 0.06353911 0.06802938 0.07146091 0.09534962 0.1026202 0.1014881 0.1047567 0.1335412 0.175769 0.1821357 0.1163281 0.09460797 0.09815834 0.08482302 0.04240116 0.02153879 0.01404318 0.007662418 0.006327014 0.004435484 0.005362903 0 4.032258e-005 0.003346774
0.1715136 0.1233999 0.09248492 0.1066584 0.08772609 0.1085314 0.08652256 0.1017127 0.1149712 0.1145774 0.09499256 0.1123009 0.1448568 0.1578076 0.1381368 0.1380032 0.1274399 0.1416755 0.2038388 0.1712707 0.1332075 0.1716743 0.1644168 0.1128318 0.07751367 0.03811039 0.03858619 0.0266775 0.01585344 0.02694443 0.0164466 0.05041533 0.05580277 0.0702316 0.0721569 0.09560643 0.1046179 0.1127577 0.1058232 0.1178033 0.1302607 0.1669712 0.1358979 0.110434 0.1099323 0.07622492 0.03985437 0.01771403 0.01286733 0.006462112 0.006468934 0.003951613 0.01141129 0.004112903 0.001290323 0.001693548
0.1621533 0.1196257 0.09570392 0.08865949 0.09510876 0.09857145 0.1044009 0.1402005 0.1554152 0.1233543 0.1047655 0.1120658 0.1212891 0.1487513 0.1536591 0.1193936 0.1297899 0.1316482 0.1821466 0.1809821 0.1295429 0.1852027 0.2517404 0.1207966 0.07277465 0.04550946 0.06590081 0.03476433 0.02430571 0.03455923 0.01345346 0.04797158 0.08262241 0.05821193 0.0551312 0.09248565 0.1041894 0.1043748 0.09599894 0.1132642 0.1160761 0.1285669 0.1044669 0.08562583 0.08267764 0.05318092 0.03947622 0.01828242 0.01386473 0.006468934 0.007394145 0 0.0002419355 0.01358871 0.006491935 0.003306451
0.1472652 0.1118283 0.09172868 0.09699522 0.09291673 0.08138891 0.11326 0.1509948 0.1442222 0.1557826 0.1280209 0.13361 0.1329778 0.1648669 0.1749388 0.1522355 0.1537597 0.1798592 0.2128946 0.184912 0.1994245 0.2414482 0.2045754 0.1356177 0.1005968 0.1196743 0.09570602 0.05604167 0.03074972 0.02517639 0.0188523 0.03306027 0.02683873 0.01798701 0.01533588 0.05636431 0.05894316 0.06313138 0.09549846 0.1225584 0.0918121 0.09968699 0.07554038 0.1060235 0.09326681 0.04614496 0.03730567 0.00108871 8.064516e-005 0 0 0.0025 0.006209677 0.003669355 0.008346774 0.01125
0.1660504 0.1258294 0.1121174 0.09118835 0.09012413 0.09589681 0.129736 0.1496613 0.1591951 0.1639372 0.1505961 0.1469053 0.1514031 0.1703096 0.1694788 0.1916949 0.1954541 0.216589 0.2561494 0.2377773 0.2510539 0.207702 0.1700523 0.1154031 0.1204694 0.1426078 0.08309449 0.0676974 0.06607088 0.04298438 0.02437734 0.03537668 0.03675706 0.03048902 0.01800098 0.05228755 0.05869182 0.06774116 0.08483535 0.134443 0.1552041 0.1324586 0.1028187 0.1324577 0.07664404 0.04220148 0.03998032 0.001572581 0.0004838709 0.01334677 0.009596774 0.0008467741 0.007620967 0.009959676 0.01032258 0.01762097
0.1979442 0.1582986 0.1776822 0.09966039 0.09479015 0.1119587 0.1918322 0.1612813 0.1860976 0.1687736 0.1784728 0.1634115 0.159926 0.1805226 0.2077034 0.2052479 0.2328147 0.2710837 0.2927139 0.2724764 0.2407109 0.1691046 0.137081 0.1255742 0.1230898 0.1473473 0.1096249 0.09439269 0.0808563 0.08990558 0.04466619 0.04057638 0.03662543 0.03634264 0.0152958 0.05483447 0.05434318 0.05880203 0.05808854 0.1140692 0.1825949 0.1477017 0.1215361 0.1428377 0.06702224 0.0462164 0.04570096 0.0480242 0.04745968 0.0008467741 0.02116936 0.0004032258 0.007862903 0.02302419 0.02673387 0.02137097
0.2257064 0.1837297 0.1682129 0.1226916 0.1152841 0.1248316 0.1564104 0.1828685 0.1891157 0.185958 0.1719656 0.1605865 0.1577766 0.1757186 0.1947678 0.2113793 0.2475903 0.310064 0.231133 0.2352389 0.211983 0.1564386 0.1421539 0.1486601 0.112124 0.1140369 0.11425 0.1075657 0.09703484 0.1312979 0.08991086 0.02813617 0.02953771 0.0302309 0.01403251 0.05811225 0.06307691 0.07080022 0.05116514 0.08888254 0.122132 0.1373518 0.1084487 0.05401669 0.05213777 0.04594868 0.04561781 0.01592742 0.04600807 0.00625 0.03790322 0.02745968 0.01927419 0.0582258 0.03028226 0.02991935
0.1901824 0.1564665 0.1340139 0.1189464 0.1111842 0.09479307 0.1440686 0.1928702 0.1974957 0.1696872 0.1538956 0.1370427 0.1788194 0.1883518 0.1836084 0.1872094 0.2552859 0.2716269 0.2455029 0.2463186 0.2313815 0.1935513 0.1803393 0.1622877 0.1368561 0.1186072 0.1268381 0.08960039 0.07953335 0.1083797 0.06609771 0.04229311 0.0646206 0.06272092 0.05041244 0.05754228 0.08384387 0.1022079 0.08679954 0.1054664 0.1044688 0.1122956 0.08268986 0.06132264 0.05120479 0.04433132 0.04468343 0.0196371 0.02620967 0.01173387 0.004717742 0.02612903 0.02419355 0.05544355 0.03443548 0.03258064
0.1201821 0.09429102 0.08537058 0.1755507 0.1072715 0.1017691 0.1152054 0.1674052 0.183228 0.1884834 0.1824743 0.1547346 0.1514599 0.1832094 0.1975906 0.202852 0.2427264 0.2551804 0.2554579 0.2312583 0.18611 0.1724225 0.1816219 0.1822275 0.1636066 0.1565057 0.1404413 0.1225601 0.1129081 0.07866251 0.0797539 0.07352401 0.07602625 0.05847671 0.05895944 0.06435084 0.08811101 0.09327103 0.07409907 0.07990682 0.07823563 0.07797217 0.0702858 0.06249559 0.05196357 0.08845002 0.06361009 0.02548387 0.04508065 0.07044356 0.02383064 0.0158871 0.01826613 0.01399194 0.03677419 0.04508065
0.1572814 0.1054433 0.1037653 0.2126676 0.1102509 0.1140768 0.1126233 0.1689614 0.2122856 0.225131 0.2031669 0.2072273 0.1767562 0.1865325 0.2208098 0.212479 0.2519866 0.2573412 0.2312835 0.2173129 0.1886377 0.1674775 0.1708245 0.1765951 0.1673385 0.1579084 0.1594352 0.1379294 0.1274076 0.1017376 0.1130331 0.1097704 0.07444229 0.0669243 0.07385232 0.06723011 0.1021596 0.1187321 0.100429 0.09868491 0.07686088 0.06852826 0.05844318 0.08469171 0.05276871 0.08960126 0.04930478 0.01157258 0.07350805 0.07028226 0.01274193 0.01689516 0.01040323 0.01326613 0.02612903 0.0303629
