contrib/geomasonDemos/riftland/riftlandData/RainData/.svn/text-base/48.txt.svn-base
ncols         56
nrows         54
xllcorner     28.264
yllcorner     -5.7719999999999
cellsize      0.25
NODATA_value  -9999
[rows 0 to 26 of 54, columns 0 to 55 of 56]
2.798814e-006 5.03485e-006 8.970548e-006 3.119717e-005 4.064542e-005 0.001120532 0.001535126 3.312057e-005 4.164409e-005 4.869232e-005 5.449285e-005 0.002773494 0.01265946 0.01375386 0.01510376 0.01867647 0.01080715 0.01679643 0.01091212 0.01036908 0.01154261 0.01475514 0.02045161 0.02099181 0.01147857 0.01310906 0.02478228 0.02609248 0.02120488 0.01240102 0.009769919 0.007316508 0.008527397 0.005527441 0.005403708 0.008269164 0.009532891 0.01031164 0.01240946 0.01634102 0.01621987 0.01773623 0.01509713 0.01487158 0.01518575 0.01101588 0.01015791 0.008440748 0.009937099 0.006308731 0.005408682 0.003850974 0.003765058 0.003568175 0.003235204 0.0004052481
1.29036e-005 0.00210267 2.00318e-005 5.922153e-005 0.00195754 0.001367304 0.001295694 0.005336681 0.007443868 4.938155e-005 0.001838041 0.01017997 0.01661488 0.01807791 0.03067716 0.02568569 0.01102562 0.01660368 0.0241839 0.02170144 0.02382121 0.0174192 0.01821424 0.02587328 0.01721986 0.02445876 0.02639735 0.01668678 0.01125696 0.00753045 0.007396828 0.00725765 0.007912363 0.007606746 0.007496108 0.01014314 0.009428235 0.01119249 0.01367244 0.01778448 0.02003615 0.01990833 0.02058541 0.01694026 0.01382493 0.009812217 0.00966843 0.007478416 0.00677389 0.005700746 0.005520989 0.003879874 0.003739298 0.004671969 0.003087476 0.0003727138
3.275435e-005 3.680191e-005 0.002887362 0.0001172945 0.002549748 0.001576438 0.006329576 0.01578219 0.006761889 0.006312818 0.00657479 0.02284362 0.03761798 0.04258411 0.03259546 0.02183066 0.02932754 0.03113723 0.03941206 0.02797304 0.03403266 0.02698133 0.02136406 0.02236369 0.02162108 0.02774797 0.03129838 0.01639068 0.01021637 0.007693443 0.006845643 0.008046594 0.009244021 0.009041193 0.009478557 0.01054388 0.01101357 0.01288263 0.01547391 0.02219729 0.03394026 0.0260142 0.02423219 0.02351672 0.01874562 0.01292493 0.01156347 0.009658267 0.01441491 0.007573705 0.005409513 0.003746302 0.003599959 0.003300015 0.003659857 0.000337936
0.0001133838 0.000125669 0.0001411342 0.004486165 0.01022684 0.01022856 0.009030133 0.01195409 0.005800209 0.01244661 0.01712045 0.04072237 0.03737523 0.03568561 0.03074977 0.04113296 0.0472247 0.03720182 0.05498716 0.04934343 0.03329456 0.02003694 0.02219358 0.02405269 0.02127556 0.02404233 0.03966403 0.01541862 0.009872321 0.01264589 0.008798448 0.01289519 0.01173929 0.02291817 0.0125858 0.01447602 0.01692799 0.01535185 0.0182122 0.02004477 0.03575699 0.03278475 0.03301333 0.0315691 0.03144048 0.02978488 0.08065011 0.04151927 0.04441627 0.01353212 0.00646372 0.003659241 0.003467435 0.003154735 0.002641581 0.001415016
0.0001557125 0.0001707254 0.0001893709 0.005648673 0.005870503 0.002925428 0.006260092 3.631424e-005 3.526379e-005 0.01319689 0.02654822 0.02548252 0.03882274 0.03448815 0.03766325 0.04693578 0.04145339 0.0339215 0.05351914 0.03520818 0.03871317 0.03162129 0.03066921 0.02040044 0.01396092 0.02486912 0.03680045 0.01796419 0.01437163 0.01875392 0.01323931 0.01438916 0.0162824 0.02043238 0.01284236 0.01753281 0.02078169 0.01560361 0.01448845 0.01848021 0.02384806 0.02297433 0.02129994 0.03246423 0.02167683 0.03025858 0.03958005 0.03289841 0.01007506 0.005577623 0.007238051 0.00354819 0.003910361 0.002939252 0.002417298 0.001239239
0.000397701 0.006631534 0.000472223 0.005203831 0.008902778 0.01448938 0.008572325 0.009468073 0.02307846 0.02300669 0.02196354 0.02467061 0.01360997 0.02370993 0.02574635 0.05115328 0.04499566 0.02722338 0.03031816 0.02403458 0.02464893 0.01956813 0.01982918 0.01445795 0.01372574 0.02450574 0.03091979 0.02343728 0.02965531 0.01964143 0.01924644 0.01703429 0.01108477 0.01408725 0.01595852 0.01353149 0.01139392 0.01117666 0.01201593 0.01757747 0.02302499 0.01466155 0.01423778 0.01465857 0.01401299 0.01098719 0.01157766 0.0158117 0.02414734 0.007826969 0.009192575 0.003360096 0.003117661 0.002763468 0.002252273 0.001139805
0.0008298848 0.006920938 0.0009790934 0.00120514 0.001247532 0.01467421 0.005071309 0.01254958 0.03201807 0.02136178 0.02595667 0.03852634 0.01605539 0.03146914 0.008103526 0.03167603 0.02532163 0.02843641 0.02929135 0.02635725 0.01840002 0.01597893 0.01475915 0.006665885 0.01543235 0.02511651 0.0277808 0.02246122 0.0174129 0.01921653 0.0254188 0.01838047 0.01353375 0.02551712 0.01220901 0.01324384 0.01222906 0.00763381 0.01092933 0.01437559 0.01716575 0.0175371 0.01472292 0.008761049 0.009059698 0.01850741 0.01241841 0.01174081 0.005064448 0.02035743 0.00541807 0.003082672 0.002897606 0.002589069 0.002147799 0.001113806
0.0002166437 0.0002363954 0.0002523493 0.0003905453 0.0004134996 0.0004096193 0.000384606 0.002608863 0.01148295 0.01146793 0.01151774 0.01946312 0.01708325 0.01542711 0.001630612 0.01089332 0.01079765 0.02157446 0.02445041 0.007757285 0.007427174 0.00961101 0.006246329 0.008213534 0.01420087 0.01420525 0.02159113 0.02584583 0.01928342 0.01062388 0.02303763 0.01811804 0.02273181 0.03732989 0.02116054 0.02036955 0.01326896 0.003573804 0.01553985 0.009609607 0.01156194 0.01094551 0.01036431 0.003770894 0.004441404 0.01121606 0.003326098 0.007013354 0.006300052 0.008680205 0.007051915 0.006169939 0.001501747 0.0005342498 0.005167489 0.001481577
0.0002832294 0.0003086156 0.0003272175 0.005642092 0.009715433 0.004872921 0.0008879642 0.01049408 0.009745323 0.007386914 0.01356723 0.03388884 0.02926622 0.01372871 0.008850443 0.01199662 0.011624 0.01397845 0.01926279 0.006905517 0.002769496 0.004211437 0.0005830213 0.00369234 0.01455489 0.008062903 0.01115961 0.01445483 0.02073982 0.0126931 0.01358231 0.0192368 0.03889811 0.04742167 0.02525925 0.01137119 0.005676019 0.004345854 0.01375846 0.005232133 0.007375818 0.01484383 0.01544986 0.01318295 0.01357133 0.004288122 0.01363689 0.02682314 0.004249076 0.01193242 0.0103312 0.006444895 0.00107288 0.0008497508 0.001146921 0.005279334
0.001158067 0.0004570204 0.0004725027 0.0007176753 0.0007920525 0.000734414 0.006055412 0.01327334 0.008220762 0.01159271 0.02421338 0.03272929 0.02399437 0.01039605 0.008406467 0.009539418 0.007725604 0.003756107 0.004534478 0.003657955 0.009129566 0.007821131 0.0001755385 0.0001848299 0.003890883 0.006734513 0.006676177 0.01003033 0.01106957 0.008759078 0.004258329 0.01098567 0.03317454 0.06631883 0.05829117 0.02613777 0.01770012 0.01482322 0.009390059 0.005835857 0.008331686 0.01885049 0.01945068 0.01945151 0.01912476 0.01049213 0.03247113 0.03287352 0.004884438 0.003678489 0.01338598 0.00948436 0.002387795 0.001278094 0.0008158321 0.001374841
0.003130898 0.0006696883 0.000683619 0.0010082 0.005739114 0.001012198 0.006516061 0.01997562 0.01006134 0.0182593 0.02035476 0.0252469 0.01906064 0.01564068 0.009681117 0.003521482 0.001688158 0.006590754 0.001547739 0.00204855 0.004702914 0.004778615 0.0002452084 0.0008179479 0.0008270323 0.002529632 0.00519602 0.01145569 0.006807954 0.002455818 0.001496117 0.006009295 0.01244146 0.02059653 0.02597572 0.02722159 0.02067688 0.0132085 0.008541582 0.008914033 0.009447145 0.008320212 0.01724922 0.02817064 0.02616807 0.02638231 0.02479998 0.05740345 0.01288357 0.002426285 0.00593794 0.0008091913 0.001861847 0.0008701202 0.001012015 0.001671921
0.003841575 0.001081238 0.001096153 0.01159592 0.01290958 0.01261089 0.01190002 0.01432143 0.01424856 0.01197179 0.012504 0.01695304 0.01108243 0.007967904 0.004936632 0.004720836 0.005171116 0.008955123 0.007178373 0.005496825 0.000895472 0.003576421 0.0003735768 0.001287658 0.001028156 0.00122672 0.003755655 0.003635421 0.001605777 0.001783312 0.002373979 0.008470115 0.005857276 0.004543282 0.004939976 0.03585894 0.02322336 0.01284579 0.009432917 0.01028416 0.01307139 0.01208407 0.009981345 0.01233067 0.04071214 0.03841576 0.02173076 0.02381795 0.007272809 0.004266504 0.005470429 0.004982897 0.005326068 0.002752146 0.001954164 0.002696048
0.009921986 0.008800476 0.002052711 0.01582794 0.01667014 0.01516707 0.01388789 0.01740886 0.02174207 0.01846097 0.0133454 0.01269089 0.00868126 0.006165875 0.00726628 0.02072744 0.01007247 0.00657151 0.008158127 0.009250537 0.000607728 0.0005147315 0.003309118 0.003391389 0.0011006 0.0009087556 0.006378126 0.003161656 0.0007408981 0.001076521 0.004018153 0.003678357 0.004255339 0.004209252 0.003752494 0.003485511 0.002779756 0.003073071 0.001684597 0.01205794 0.009057889 0.01607976 0.02848755 0.02219266 0.02292178 0.009047917 0.008180498 0.03595269 0.01891894 0.004573675 0.004332891 0.00252074 0.009818826 0.002255833 0.002091225 0.002947487
0.05341495 0.02148071 0.01518409 0.03996925 0.02362641 0.01762615 0.01637824 0.02303374 0.02855554 0.02430469 0.01704791 0.01278263 0.009777933 0.01230748 0.0149564 0.01302145 0.01814952 0.03065018 0.01495283 0.01337561 0.0006741447 0.0005930603 0.005313678 0.002710419 0.001218888 0.002176479 0.002242438 0.0006989136 0.0006455687 0.0008496712 0.001980241 0.003146457 0.007767547 0.02480088 0.01617523 0.01226272 0.002307988 0.01194173 0.01103502 0.01614297 0.01470326 0.01111792 0.02421396 0.02174781 0.02152155 0.02359387 0.005856188 0.01987525 0.01025347 0.005380185 0.009268791 0.002870243 0.002660831 0.002467635 0.002368646 0.009493482
0.1030442 0.02456103 0.0101018 0.02952958 0.02749079 0.02076429 0.02224015 0.03044992 0.02743088 0.02939473 0.02566839 0.01908611 0.01300602 0.0156871 0.01411539 0.01690364 0.02144399 0.04483663 0.0330691 0.03645463 0.0007692479 0.003285008 0.005334766 0.00201838 0.00138412 0.002064803 0.001543399 0.0007532813 0.0006417906 0.0009119892 0.001516675 0.00432025 0.01330392 0.02764934 0.03020332 0.01760182 0.01917007 0.01954053 0.01461101 0.01819088 0.0268067 0.01285264 0.02249366 0.04078482 0.04089221 0.0137622 0.007155198 0.007722146 0.007318576 0.006696632 0.006127856 0.003410526 0.0030936 0.002820756 0.002640276 0.003791609
0.04654351 0.02282346 0.007643529 0.02455625 0.02345311 0.02194004 0.02840329 0.03481453 0.03454729 0.04024807 0.04035353 0.0340729 0.03128633 0.02439475 0.0257277 0.01980275 0.02252437 0.02508185 0.06533889 0.02382406 0.009680442 0.005351395 0.003345765 0.002173504 0.002015907 0.001375772 0.001400238 0.000586701 0.0004315168 0.0006558507 0.001174264 0.005041806 0.006466395 0.0157366 0.03396961 0.03789583 0.02342298 0.02323516 0.02042274 0.03258843 0.04215013 0.02500069 0.01500991 0.03700341 0.009745514 0.0165096 0.01811335 0.02642423 0.03369853 0.01646042 0.006649779 0.003691154 0.003279621 0.003213766 0.002956163 0.00260217
0.06381567 0.01909661 0.01229067 0.04027338 0.04307476 0.03460781 0.04146505 0.05423823 0.04872137 0.04781618 0.03749989 0.03989733 0.04234115 0.0379652 0.02986605 0.02234529 0.03237794 0.02240509 0.02170594 0.005786116 0.009667248 0.007707933 0.004265153 0.002381038 0.00174099 0.001325605 0.001422998 0.0005345275 0.0004310432 0.008293591 0.009047639 0.01059335 0.00747209 0.01974856 0.02482583 0.01046624 0.01281725 0.01682418 0.03281233 0.03036107 0.02504985 0.03564057 0.01878618 0.01284923 0.03985398 0.0170243 0.03685731 0.01588123 0.01407987 0.00868787 0.007630636 0.004174317 0.003679159 0.003433529 0.00320843 0.003716521
0.03411062 0.02302496 0.04278773 0.08217668 0.05560527 0.02961001 0.04589657 0.07573385 0.06374755 0.03946337 0.04172967 0.0515505 0.05591282 0.04015878 0.03888546 0.02858435 0.03300913 0.0342359 0.02317948 0.02345605 0.0149917 0.005066042 0.005304052 0.002785625 0.005008366 0.001597886 0.00138083 0.0006474054 0.0005195606 0.006710303 0.001508988 0.00708152 0.008427813 0.01057069 0.01291956 0.0120673 0.01355758 0.01420114 0.0174705 0.02127135 0.02916904 0.02572734 0.02671421 0.03293318 0.04803597 0.04287395 0.03504946 0.01863641 0.02324723 0.01913597 0.01022729 0.005035579 0.004556164 0.003923642 0.004188366 0.01528625
0.03261742 0.07669392 0.09489664 0.08788656 0.07779425 0.05234521 0.02900749 0.0585775 0.04831717 0.05546431 0.05296979 0.0596278 0.0595829 0.03970297 0.04937102 0.02739611 0.02375161 0.02310568 0.01998964 0.02336839 0.009247873 0.008416688 0.009652573 0.003285197 0.002532275 0.002023177 0.001770081 0.0008459458 0.0006976536 0.001008449 0.01202291 0.01452275 0.009387559 0.01175111 0.01436541 0.01306353 0.01503378 0.01571796 0.02896227 0.02018343 0.02463462 0.0192141 0.03039295 0.0106151 0.01023541 0.009590881 0.01805302 0.0333124 0.059018 0.04218139 0.02462857 0.01474294 0.01087327 0.01211287 0.02479245 0.01741778
0.06603604 0.07676083 0.09123945 0.09360597 0.09630458 0.0912359 0.05578064 0.0523819 0.03124333 0.032977 0.04330409 0.05652814 0.05511376 0.05047403 0.06028677 0.024118 0.02141424 0.02247556 0.02909875 0.03150806 0.01591469 0.01244007 0.005879178 0.005868619 0.004609193 0.003756097 0.003303065 0.002122796 0.001786862 0.002430878 0.004021355 0.01690551 0.01529578 0.01556841 0.02237105 0.01552634 0.0183567 0.02216766 0.03461813 0.03641251 0.02282641 0.04302536 0.04602778 0.03043838 0.01728722 0.01600046 0.01525021 0.01973403 0.02283293 0.02574439 0.0192221 0.02179946 0.01654646 0.02635564 0.02248081 0.02384932
0.07198388 0.07551072 0.1070967 0.1471094 0.1265925 0.1048463 0.08208881 0.06804198 0.03755124 0.04216431 0.0510128 0.05653286 0.04943364 0.04807277 0.04803338 0.02008808 0.01746183 0.01960953 0.02851979 0.03615128 0.02746823 0.02019129 0.008866967 0.007858032 0.005319183 0.004406137 0.003893869 0.002530302 0.002138079 0.00280827 0.004481996 0.01489322 0.02180609 0.02022532 0.03008096 0.01822718 0.03333388 0.03621639 0.0226889 0.02585587 0.03517988 0.05950217 0.0623126 0.04732754 0.02206498 0.01745293 0.01694089 0.02225574 0.02041738 0.01988614 0.02916732 0.04297276 0.03177699 0.03258832 0.03183698 0.03314456
0.0774572 0.09004605 0.1168901 0.1904633 0.1742087 0.126249 0.08925251 0.06906542 0.04866593 0.04925329 0.0315734 0.04492913 0.0490919 0.04563325 0.04135768 0.02392957 0.01991385 0.01468412 0.01705091 0.02696324 0.02818288 0.01436585 0.0079962 0.007953082 0.006428805 0.005341698 0.004722958 0.003772184 0.002582003 0.003390882 0.005126928 0.01172124 0.02290648 0.02718366 0.02601765 0.01771137 0.03405805 0.0320002 0.02151669 0.02752803 0.04321463 0.04561838 0.08430687 0.05261108 0.02326236 0.02269259 0.02742887 0.02666344 0.02610097 0.03450642 0.03658874 0.03936637 0.03389977 0.03810257 0.05799812 0.06155415
0.07614661 0.06465135 0.0368863 0.1474936 0.1585486 0.1042529 0.06916259 0.07477459 0.09579751 0.07610776 0.05277907 0.04609135 0.04431939 0.04473397 0.03675154 0.02393235 0.01422911 0.01605888 0.02207692 0.03319353 0.02027762 0.01367248 0.01244347 0.01175229 0.008958659 0.006575981 0.005793298 0.003737879 0.003105937 0.003683679 0.00546859 0.01259843 0.01554205 0.0282348 0.0232653 0.0231436 0.03891116 0.03041798 0.02644768 0.03109249 0.04171853 0.03173758 0.0369756 0.02605961 0.02651979 0.06370605 0.04963261 0.03061063 0.03465888 0.06083867 0.06421258 0.04554856 0.0292116 0.04041254 0.06563403 0.07390938
0.09233863 0.0613216 0.05390824 0.1290144 0.1440786 0.1201542 0.1151229 0.1063966 0.07505748 0.04155661 0.04764064 0.05448365 0.06698774 0.05902262 0.03721954 0.03515371 0.03047937 0.0358349 0.03035122 0.02975305 0.02993939 0.02385233 0.02289116 0.02277089 0.01178986 0.009783867 0.008539017 0.007192342 0.004114367 0.004752763 0.006853236 0.01521373 0.0186106 0.0227107 0.02753014 0.0342401 0.03004597 0.03494786 0.05561739 0.03639829 0.03772906 0.03593924 0.02863536 0.02433958 0.02798048 0.04433501 0.03404038 0.01946977 0.01655229 0.02486076 0.04825621 0.05608374 0.04327011 0.02998382 0.02828033 0.03704277
0.07822188 0.1247842 0.08279512 0.137833 0.1042708 0.1073745 0.105513 0.07960039 0.05940649 0.04989643 0.04075462 0.0615645 0.06422471 0.05615251 0.0426123 0.03909103 0.03284016 0.03122419 0.03061352 0.03027174 0.02963778 0.02782761 0.02305451 0.0183924 0.01567453 0.01139209 0.009852335 0.005939351 0.006859963 0.0051718 0.009670665 0.01845386 0.01965286 0.02382564 0.0345079 0.039001 0.03118405 0.04073636 0.04991157 0.04493794 0.04164798 0.03592637 0.03819621 0.01885054 0.02161106 0.03774045 0.07164114 0.02238945 0.02788435 0.01518021 0.02619773 0.04371495 0.04057476 0.03639333 0.02526845 0.0480671
0.1029715 0.1404162 0.09011263 0.1355621 0.0772331 0.06635398 0.07356989 0.07315473 0.05047423 0.04179829 0.03530005 0.05056472 0.0486187 0.0422867 0.04031118 0.04207436 0.03744157 0.0388024 0.03990553 0.04387578 0.0354785 0.03514512 0.03389646 0.02779613 0.02861015 0.0242666 0.01156747 0.006634474 0.04149842 0.02589155 0.01166426 0.01911197 0.020317 0.02449371 0.03358867 0.05073524 0.0572115 0.04623165 0.03295622 0.04441342 0.05280058 0.08033551 0.04774065 0.02138233 0.03224695 0.0347088 0.09589569 0.04216588 0.06179427 0.06066293 0.0369873 0.04024304 0.03471037 0.02411171 0.02968026 0.0446592
0.1266472 0.0987341 0.07170849 0.0784789 0.06213719 0.07525001 0.07415352 0.08226681 0.05853248 0.06736465 0.04821395 0.05206908 0.05518301 0.04528923 0.038358 0.04282428 0.04738568 0.06875177 0.04853258 0.0649879 0.04611223 0.04244597 0.03198768 0.03261031 0.07049996 0.04354035 0.01591959 0.009695156 0.03873621 0.04832488 0.01115979 0.02089645 0.02072001 0.02466648 0.03032882 0.05517679 0.0644281 0.03971714 0.03988877 0.04675337 0.1077227 0.159782 0.08812688 0.0406005 0.02590007 0.04032696 0.06142753 0.04473791 0.02982277 0.02615022 0.0369136 0.04443195 0.02775292 0.02461549 0.04599165 0.06007246
