contrib/geomasonDemos/riftland/riftlandData/RainData/.svn/text-base/51.txt.svn-base
ncols         56
nrows         54
xllcorner     28.264
yllcorner     -5.7719999999999
cellsize      0.25
NODATA_value  -9999
[rows 0 to 27 of 54, columns 0 to 55 of 56]
0.01392556 0.009667169 0.008813677 0.008011417 0.008008975 0.01996113 0.0179337 0.01058007 0.006860256 0.005936011 0.02425564 0.03060654 0.02728618 0.03776679 0.02813176 0.08371514 0.07050171 0.05859876 0.05674449 0.06210112 0.03580815 0.04420719 0.04978479 0.06697672 0.07460305 0.08091936 0.1005733 0.1510702 0.1311454 0.1535672 0.139249 0.1362588 0.1319574 0.1329327 0.1364045 0.123293 0.09872764 0.1265496 0.1136701 0.08400998 0.09079988 0.07144534 0.06547101 0.08906551 0.1111984 0.1060922 0.1122686 0.1132431 0.121214 0.09960067 0.08088392 0.08740623 0.05930957 0.05289666 0.04928014 0.02755326
0.02223617 0.008365694 0.01178396 0.01816394 0.007318628 0.01659523 0.01817829 0.02215163 0.02210816 0.00684193 0.01488347 0.02229344 0.02513709 0.0256008 0.02623778 0.077411 0.08378451 0.06602253 0.06657261 0.05076454 0.02785036 0.04427714 0.03854275 0.0645558 0.07343373 0.08953509 0.1129873 0.1478959 0.1507147 0.1852981 0.148495 0.1566481 0.1624338 0.1610898 0.1674549 0.1270614 0.1117108 0.1121642 0.1207361 0.0916119 0.08993121 0.08494559 0.08284286 0.1149072 0.1135473 0.1070939 0.09577585 0.1361815 0.1187045 0.08580146 0.08671698 0.08324081 0.04922916 0.05068526 0.0374256 0.01216299
0.0224735 0.01323376 0.02061738 0.01944115 0.0167152 0.01597872 0.02737347 0.02426269 0.01330717 0.02090745 0.02315107 0.01632209 0.02441223 0.02772135 0.03255498 0.05757003 0.08345667 0.06623166 0.03625286 0.0340269 0.05361819 0.05405169 0.03886215 0.06729934 0.08670913 0.1090884 0.1434944 0.1769088 0.1719532 0.1515301 0.1584304 0.153879 0.2016868 0.2327636 0.2246916 0.149265 0.1338753 0.1199774 0.1179617 0.1144703 0.1192375 0.1171605 0.1119899 0.1278137 0.1080781 0.1106696 0.1121019 0.1500651 0.1287415 0.1039425 0.07386355 0.05127446 0.04596418 0.04278029 0.02508467 0.0166651
0.04058381 0.02993166 0.03489563 0.05321154 0.02523575 0.02126444 0.03107352 0.02043431 0.0289184 0.02832577 0.02201719 0.03493841 0.03560316 0.03734101 0.04765389 0.07252782 0.06948344 0.0355273 0.03621667 0.04428645 0.08101194 0.05924086 0.04640088 0.05270094 0.09056519 0.1197173 0.172897 0.1550147 0.2199897 0.1995913 0.1966673 0.1759254 0.2148601 0.2822232 0.2740254 0.2014668 0.1299142 0.1228535 0.105392 0.1421296 0.1421509 0.1351558 0.11528 0.1353102 0.1270099 0.1034594 0.1329563 0.1321529 0.1237513 0.1114973 0.07105623 0.06029928 0.0429645 0.0327904 0.03763506 0.03075895
0.03508487 0.03496045 0.04799439 0.04442429 0.04178888 0.04292928 0.03965071 0.04705466 0.03502381 0.02732281 0.04165047 0.04824529 0.05819147 0.06648958 0.06777711 0.09777243 0.06612456 0.05538331 0.04086788 0.0438086 0.06537807 0.07908515 0.05108764 0.08295047 0.08238975 0.1855289 0.1545745 0.1346257 0.2261884 0.1982986 0.2219596 0.2165017 0.2646307 0.2461217 0.2379648 0.2088941 0.2034322 0.1186239 0.1035622 0.1483727 0.1459821 0.1209665 0.1128405 0.1241565 0.1132244 0.1044122 0.1244996 0.1049033 0.09207225 0.09811372 0.07726421 0.08303667 0.05583043 0.03626084 0.02941863 0.02171308
0.05796843 0.05692639 0.08758736 0.06335568 0.07690266 0.06864265 0.05724385 0.07338262 0.06592061 0.04138166 0.06368906 0.04947961 0.0609869 0.08462474 0.08191953 0.1047124 0.07570869 0.06140527 0.05356244 0.06986803 0.07571138 0.06977168 0.07149816 0.1628018 0.183166 0.2100834 0.1747547 0.1725334 0.2181344 0.1888763 0.1587838 0.2118564 0.3641396 0.2330879 0.1967978 0.1770403 0.1511106 0.105502 0.1019141 0.1447132 0.1489267 0.1375758 0.1075162 0.133778 0.1301234 0.1042284 0.09861689 0.07843514 0.09254833 0.06804018 0.05187146 0.06601907 0.0533811 0.03641678 0.01875994 0.0109649
0.09461947 0.08098891 0.07374606 0.07688139 0.08511685 0.09452774 0.07886672 0.06113163 0.06579664 0.06036216 0.05864389 0.04789734 0.05071953 0.07456167 0.07558058 0.08431146 0.05886719 0.04004789 0.06090203 0.06715181 0.06476639 0.03901316 0.06940255 0.106353 0.1967534 0.207797 0.2091377 0.1862231 0.1783386 0.1347753 0.1333877 0.1694988 0.2063891 0.2290242 0.2264452 0.1554773 0.1371067 0.1002941 0.08547702 0.1282402 0.1433102 0.1331531 0.1028583 0.1069923 0.1155299 0.1241085 0.09788626 0.075468 0.08532453 0.05587292 0.05162799 0.03904618 0.03376523 0.02389028 0.01452051 0.006785698
0.1126028 0.1020131 0.1017812 0.1256646 0.110144 0.1107793 0.06651098 0.06268629 0.08382303 0.06591094 0.0606807 0.06943902 0.0762179 0.09310069 0.08958995 0.08398885 0.07182813 0.06326994 0.07974797 0.06918614 0.06274028 0.06117467 0.07682796 0.0916659 0.1766754 0.1849962 0.148788 0.1016994 0.1400443 0.1419365 0.1485384 0.192982 0.2259545 0.2492404 0.2159294 0.1411935 0.1000175 0.06731418 0.08648082 0.1250154 0.1182384 0.1183987 0.1124151 0.1194895 0.1229582 0.09932017 0.09289665 0.0779774 0.04310451 0.03143156 0.02886587 0.03465671 0.01993055 0.0219654 0.007464821 0.007688157
0.1496636 0.1710549 0.1626942 0.1494147 0.1513037 0.1215781 0.08295372 0.09876294 0.121355 0.09413319 0.07435615 0.09673524 0.09282958 0.1117384 0.09587325 0.09320043 0.07704121 0.07702495 0.08784208 0.08912212 0.07592607 0.08195812 0.08091871 0.09268086 0.1557556 0.118818 0.1158848 0.1092231 0.1173541 0.1676714 0.1844672 0.1959299 0.2193716 0.2450288 0.1937452 0.1880644 0.1474417 0.1047329 0.1326747 0.1136552 0.1056687 0.1147203 0.1131629 0.1428522 0.1057429 0.09654941 0.09079131 0.07289153 0.04792196 0.03060531 0.04353561 0.05515283 0.02669805 0.02546468 0.01133771 0.00672126
0.1701581 0.1521951 0.1472829 0.1242291 0.146925 0.1741297 0.112931 0.1023803 0.1921768 0.09174095 0.1356731 0.08543943 0.06964535 0.09050145 0.08152609 0.06941132 0.07581761 0.05479722 0.07472084 0.0707368 0.08295774 0.08298697 0.08744872 0.07831968 0.107944 0.07468472 0.08288481 0.07459436 0.155141 0.186887 0.1373299 0.1847392 0.2087364 0.2029754 0.1520748 0.2055855 0.1996004 0.1073701 0.1203065 0.08878207 0.07539596 0.0697812 0.08172937 0.1138039 0.1107373 0.09579188 0.10329 0.1081782 0.06139747 0.05323745 0.06355384 0.0413122 0.01294681 0.006093017 0.006869444 0.01234845
0.169536 0.1678009 0.1914672 0.1728895 0.1527544 0.1455265 0.1184553 0.1173042 0.1341288 0.1140543 0.1232244 0.08326715 0.07773526 0.0745134 0.07676418 0.07744274 0.1422423 0.08900715 0.08787162 0.05683843 0.07365294 0.05292279 0.05545824 0.08319193 0.09950165 0.1088448 0.1057646 0.08509608 0.1145284 0.1273864 0.1298883 0.115645 0.1467731 0.1148007 0.1139153 0.1914747 0.1783048 0.1082891 0.1078206 0.07878051 0.06893203 0.05984008 0.06270963 0.08614137 0.09681279 0.1079834 0.09158299 0.05429641 0.04857188 0.06218078 0.03876437 0.02423769 0.0180977 0.005512895 0.006197185 0.005653447
0.1004559 0.1456087 0.1554645 0.1358585 0.1296061 0.1207318 0.1088544 0.09793728 0.08892728 0.1248452 0.1277318 0.0925173 0.08274866 0.08907885 0.06979982 0.09284132 0.09645387 0.09896345 0.08181044 0.05037273 0.05341597 0.04419103 0.04407609 0.06482753 0.08232743 0.09189036 0.09798066 0.1161974 0.1003698 0.08291797 0.07789637 0.06424357 0.08809827 0.08895499 0.08312377 0.144516 0.1742328 0.1345396 0.09846999 0.07946683 0.07900525 0.07914417 0.08030055 0.08568348 0.1167808 0.1361803 0.1350217 0.07189146 0.04160479 0.03355996 0.02427184 0.01439349 0.00955444 0.00569594 0.002191304 0.002430822
0.1431527 0.1424305 0.1306745 0.193193 0.1531542 0.2045239 0.1666544 0.116186 0.0781655 0.1136482 0.1507613 0.1175136 0.1245939 0.08533321 0.08647779 0.08527591 0.07968514 0.1061193 0.07682771 0.06984824 0.05947847 0.05217861 0.03413927 0.0702907 0.08425549 0.08616812 0.06796455 0.07586021 0.05849381 0.06400798 0.05531081 0.07018241 0.07736302 0.07983469 0.07942173 0.1148074 0.1316492 0.1258082 0.0955367 0.09144969 0.09961163 0.07138378 0.06451698 0.08269853 0.0835827 0.09130366 0.08869869 0.08001526 0.0367895 0.0408426 0.03000568 0.03194829 0.003104105 0.002034691 0.001616404 0.001821343
0.1989988 0.1696698 0.1643498 0.2409264 0.2067573 0.2052426 0.2044535 0.1473918 0.1184597 0.1356427 0.1237291 0.1206049 0.1160966 0.08416593 0.09070272 0.1246609 0.115015 0.1160905 0.0913723 0.06532881 0.08175002 0.06520595 0.04501655 0.06574731 0.08093577 0.07947668 0.06393338 0.04899703 0.04088735 0.03768451 0.04751936 0.05890896 0.07474559 0.0808144 0.08712872 0.1007908 0.1056343 0.09901154 0.09079523 0.09752518 0.07081143 0.07045527 0.04498056 0.06604505 0.05357939 0.04791172 0.05257205 0.04875504 0.03388404 0.03598633 0.03539179 0.03314083 0.002941065 0.001669863 0.00135461 0.001565693
0.2293396 0.2067444 0.2348515 0.2838376 0.2161757 0.283492 0.2135408 0.182852 0.1952687 0.2133121 0.1587711 0.1429903 0.1018399 0.09881525 0.1054703 0.1608706 0.162203 0.1699002 0.1171869 0.09174351 0.08131754 0.06381654 0.05486921 0.05694608 0.08235285 0.108639 0.06238202 0.03735299 0.03271758 0.03114348 0.03357442 0.05432749 0.08353515 0.09954 0.07463689 0.05602579 0.08134586 0.05249004 0.04844737 0.0551829 0.05512406 0.06528402 0.06275735 0.05759957 0.04098384 0.04589139 0.02966261 0.03116859 0.0233444 0.03052131 0.02658156 0.01043348 0.005891469 0.005424717 0.003769325 0.001661627
0.3581575 0.365757 0.3938228 0.3614584 0.295707 0.2689174 0.2131972 0.1609092 0.2047011 0.1831833 0.1852326 0.1519586 0.1345646 0.1030227 0.1158001 0.1013585 0.1074914 0.2004611 0.136129 0.07774637 0.04259513 0.04403181 0.04289933 0.07478078 0.08642872 0.1052745 0.07574724 0.04425851 0.03061983 0.02899387 0.02887414 0.04413626 0.04964167 0.05496175 0.06383637 0.06376806 0.07004536 0.04899478 0.04944878 0.06358308 0.08975669 0.08245734 0.08211406 0.08380429 0.04079958 0.03001266 0.02053196 0.02474754 0.02084179 0.0420184 0.01780197 0.005133823 0.005900156 0.02099471 0.004365006 0.001516383
0.4056854 0.3499414 0.4017974 0.4381487 0.3204078 0.3525572 0.2340203 0.214457 0.1823711 0.1635002 0.1534898 0.1496145 0.1849612 0.09404465 0.1107974 0.1011192 0.1207113 0.1435172 0.1190171 0.08055871 0.05936373 0.0473574 0.04774161 0.1053822 0.09830194 0.09552879 0.07895174 0.03753302 0.03610664 0.06310459 0.02948908 0.03540991 0.04229133 0.04987072 0.05901609 0.06095879 0.06962772 0.05888883 0.05772501 0.0684892 0.0909252 0.08965106 0.0733756 0.08631397 0.04999892 0.03963867 0.02658769 0.02461084 0.02037724 0.0167156 0.01356286 0.005130099 0.003348115 0.01305286 0.04562759 0.004447299
0.3103363 0.4173777 0.3698153 0.4177582 0.3102629 0.2843802 0.2644306 0.2158917 0.2332254 0.1399319 0.1344779 0.1334798 0.1275009 0.08973621 0.06859294 0.08768396 0.1109896 0.1742676 0.1217571 0.112984 0.07290165 0.07636529 0.06019812 0.1086953 0.104323 0.09009454 0.08817663 0.0657449 0.05742166 0.07787192 0.05804357 0.04480708 0.04279495 0.04755141 0.0548861 0.04950629 0.05196575 0.06303462 0.0537818 0.07017633 0.07092946 0.07118789 0.06206902 0.06222216 0.07777756 0.07978562 0.04692355 0.02450363 0.01976722 0.01605617 0.01316246 0.00503937 0.00337619 0.04035718 0.004868177 0.004531945
0.4167337 0.404284 0.4219909 0.447272 0.4091152 0.3340471 0.2684695 0.2112665 0.2662964 0.1226748 0.09880242 0.1105829 0.1235115 0.1152412 0.09014204 0.09207626 0.1019811 0.1504442 0.1703961 0.1354658 0.09744001 0.06881428 0.06084407 0.1177224 0.1072689 0.1154772 0.1063635 0.09421022 0.08262577 0.08758634 0.1000164 0.04893437 0.04849678 0.04742176 0.05800257 0.05290343 0.04837362 0.06541371 0.06701282 0.09357743 0.07284043 0.06994879 0.06122164 0.05067319 0.08105507 0.07036144 0.04564634 0.02243983 0.04120905 0.02422845 0.01659391 0.005063309 0.01015569 0.02833801 0.02805896 0.001893773
0.3910354 0.4350484 0.2867247 0.3544646 0.4569998 0.3177285 0.2903313 0.1650336 0.1516286 0.1397695 0.1070069 0.1055499 0.1226987 0.1393556 0.1394343 0.1248724 0.09883869 0.1138477 0.1320689 0.1427712 0.07072059 0.04980227 0.05356799 0.08695354 0.0889113 0.08412213 0.0752361 0.0754893 0.06022767 0.09476455 0.07175147 0.07257539 0.07099443 0.07047655 0.08039089 0.07557674 0.07056902 0.06526962 0.08412977 0.1187009 0.1085227 0.1012529 0.05692874 0.0531745 0.04966841 0.04517047 0.03326731 0.02357328 0.03448639 0.04692512 0.0483261 0.01132208 0.01356538 0.01716038 0.01356088 0.01270204
0.2913767 0.1996186 0.2064671 0.3197766 0.2464104 0.2858366 0.1897336 0.1385054 0.111321 0.1078575 0.09309527 0.09953071 0.1112823 0.1336756 0.1718192 0.1798696 0.1954794 0.137776 0.1227909 0.1506409 0.08965371 0.04340982 0.04476213 0.08039504 0.07701114 0.07935385 0.08664946 0.09479643 0.06506346 0.07156701 0.06511226 0.09500186 0.1047291 0.08136456 0.1122602 0.09700584 0.1001588 0.0769988 0.05813306 0.09021417 0.1497316 0.1609489 0.07234652 0.04619915 0.04436024 0.03569695 0.03132655 0.02797364 0.0192973 0.03597936 0.02895023 0.0111353 0.00831223 0.0135096 0.004425258 0.01027134
0.2241155 0.2083813 0.1743713 0.2267355 0.1869722 0.1622376 0.168863 0.1420165 0.147232 0.1033241 0.1247122 0.09352197 0.1054143 0.1625456 0.1923789 0.1905515 0.20018 0.1213942 0.1099187 0.1176555 0.08801949 0.0684452 0.05867902 0.08567578 0.09218472 0.09375509 0.08461695 0.0912149 0.07239179 0.08126421 0.07899819 0.1147469 0.1610243 0.1355559 0.1241293 0.1187553 0.1422759 0.07911371 0.07304613 0.07494774 0.09715606 0.08212314 0.05695082 0.03828918 0.04059014 0.03053773 0.02504692 0.02115379 0.02057747 0.02124333 0.01729679 0.007586478 0.009691823 0.009075695 0.01422438 0.01211222
0.2164848 0.2084727 0.175825 0.2372904 0.2392877 0.1479779 0.1071431 0.1136341 0.0964946 0.08997571 0.06633855 0.05625132 0.1001162 0.1055991 0.1439528 0.1727915 0.1775721 0.1128978 0.1157981 0.09524272 0.0947732 0.1009813 0.1296969 0.1263648 0.1090501 0.1196804 0.09461173 0.08660223 0.07570829 0.06905601 0.09158029 0.1090893 0.1524484 0.151256 0.1782395 0.1690827 0.1238363 0.09382565 0.07099536 0.07006947 0.06868761 0.06379986 0.0537192 0.04175536 0.04086857 0.02938289 0.02300676 0.01962082 0.01541553 0.01286469 0.01436601 0.01331741 0.01219478 0.01253273 0.0147181 0.005709657
0.2383408 0.1881608 0.168454 0.2154873 0.2728941 0.2069734 0.1411678 0.1848753 0.1548948 0.0744037 0.05080193 0.06749 0.0916068 0.1450589 0.1748238 0.1409784 0.1171947 0.1121192 0.1154062 0.09794778 0.1282396 0.104362 0.1373673 0.153574 0.1064229 0.1162675 0.1081453 0.09559353 0.08771422 0.08537982 0.1061391 0.1142981 0.1361281 0.156354 0.157091 0.2026418 0.1458548 0.1359147 0.1207055 0.0942508 0.08107746 0.07105136 0.06030452 0.03284676 0.02324631 0.02541021 0.01247127 0.008976935 0.007235178 0.006531578 0.005520656 0.005384441 0.01080628 0.01378638 0.02927237 0.01536061
0.2388113 0.2165352 0.2911591 0.3173711 0.266217 0.1501631 0.1343583 0.1622441 0.1852936 0.06382226 0.04701761 0.07639393 0.1060607 0.1106092 0.1365813 0.1461925 0.1257877 0.1072165 0.07564171 0.071286 0.1529261 0.1143097 0.1145389 0.1276647 0.1095161 0.1213939 0.1033611 0.1060333 0.1032444 0.09932414 0.1183159 0.1179804 0.1285013 0.1606884 0.1740506 0.1787099 0.1521915 0.1706484 0.1533055 0.1181617 0.08730175 0.0770487 0.07709444 0.04386146 0.03956842 0.01432303 0.01171125 0.008368626 0.006843026 0.005645616 0.005336944 0.005404723 0.02069796 0.02907634 0.01771116 0.04476528
0.2762962 0.2234009 0.2022385 0.2789995 0.2887241 0.1775369 0.1102524 0.1395229 0.1230217 0.1061342 0.08672519 0.1351209 0.1408879 0.1119085 0.1062987 0.1369434 0.1748063 0.1259834 0.09320368 0.07222366 0.1159588 0.1498036 0.1210055 0.1354943 0.1492713 0.1436936 0.1150269 0.1211651 0.1536921 0.1239681 0.1265777 0.122167 0.1347814 0.146706 0.1739758 0.1667492 0.1470348 0.1576658 0.172349 0.1462293 0.1189601 0.08055896 0.07661899 0.04491848 0.03205492 0.02294827 0.01428848 0.01009673 0.006665919 0.005557872 0.005541061 0.005809484 0.01653141 0.0166165 0.02507349 0.1306607
0.4608457 0.2120248 0.2882355 0.1674434 0.2124765 0.1669442 0.1562756 0.1256815 0.1142943 0.1458014 0.1302898 0.1680798 0.2120855 0.1362388 0.1158703 0.1377023 0.2037612 0.2093949 0.1694836 0.127881 0.1297141 0.1426241 0.15845 0.1648334 0.1592719 0.150151 0.1230781 0.1355718 0.1435341 0.1298937 0.1344933 0.1332829 0.1242833 0.1288687 0.1412897 0.1355597 0.1477531 0.1541864 0.1399616 0.1613135 0.1202005 0.09531465 0.07066149 0.0353389 0.02963558 0.02384074 0.01345533 0.009777872 0.007076949 0.006056655 0.006014463 0.01038885 0.01111237 0.04670675 0.1095494 0.09362587
0.2542632 0.2290502 0.1833366 0.1752038 0.1605796 0.1500902 0.1236161 0.1437278 0.1354584 0.1215197 0.1330075 0.1826293 0.2138534 0.1860589 0.1719661 0.1670572 0.1713623 0.2094146 0.2212024 0.2040165 0.1853561 0.2005515 0.2143695 0.2099416 0.1837861 0.1696332 0.1562618 0.1344403 0.1311592 0.1199849 0.1175302 0.1271551 0.1292316 0.1366237 0.1524904 0.1632632 0.1696423 0.1827881 0.1796235 0.1710511 0.1475685 0.1140077 0.09288759 0.06966598 0.04325351 0.03256382 0.02959604 0.02029679 0.01294211 0.0112633 0.01141093 0.008910247 0.009566841 0.02603884 0.04323852 0.03865997
