contrib/geomasonDemos/riftland/riftlandData/RainData/.svn/text-base/57.txt.svn-base
ncols         56
nrows         54
xllcorner     28.264
yllcorner     -5.7719999999999
cellsize      0.25
NODATA_value  -9999
[rows 26 to 51 of 54, columns 0 to 55 of 56]
0.08941048 0.1144142 0.1022949 0.1074514 0.07272784 0.06291398 0.0615007 0.07683794 0.04751607 0.06357408 0.1157378 0.1548556 0.1619496 0.1560571 0.148928 0.1248526 0.1144992 0.1030532 0.1126259 0.1333747 0.1359667 0.1210359 0.1013698 0.100565 0.1055779 0.08409527 0.06670133 0.07062848 0.1074891 0.0859665 0.03705828 0.02691206 0.03306831 0.05548718 0.03666704 0.02265839 0.025234 0.02692822 0.02883443 0.02673342 0.02799971 0.02942011 0.02781952 0.01961988 0.01765943 0.01768267 0.01805011 0.01991912 0.01721301 0.02846791 0.02177758 0.02051832 0.03524074 0.02796703 0.06193738 0.08589409
0.1073739 0.08770754 0.1052694 0.09094454 0.1124884 0.08708575 0.07247647 0.07988229 0.08963478 0.08444674 0.1007461 0.1379109 0.1501784 0.1462582 0.1687807 0.1352664 0.1159624 0.1393929 0.1457817 0.1410346 0.1749414 0.1718734 0.1087228 0.1112742 0.1131998 0.110191 0.07783124 0.04692269 0.05091371 0.03494161 0.02773871 0.02427886 0.02564743 0.02397434 0.02511111 0.03022695 0.03443034 0.03777159 0.03773465 0.0379592 0.03945284 0.03905727 0.03888209 0.02906301 0.02929629 0.03077076 0.02690296 0.02811506 0.02550407 0.03245724 0.02487481 0.03194288 0.0449595 0.03747562 0.08831698 0.1194481
0.1372778 0.1161359 0.1308622 0.09466591 0.09367704 0.07247016 0.06840315 0.1025553 0.09673233 0.08778954 0.08521424 0.1400428 0.1273794 0.1361571 0.1595003 0.1434803 0.1392684 0.1623946 0.1319025 0.1302338 0.1985504 0.1809412 0.1404755 0.1331476 0.1204128 0.09165873 0.07419544 0.03919724 0.0328044 0.02860457 0.02586336 0.02337027 0.02428604 0.02298073 0.0263371 0.03429105 0.04075418 0.04894479 0.03883503 0.04289101 0.04550239 0.04434101 0.04091462 0.03312783 0.0361916 0.03978182 0.03896337 0.03087884 0.03041806 0.03413562 0.02795365 0.04456144 0.06096798 0.06832985 0.1373093 0.1649351
0.1263528 0.1319779 0.1246122 0.09117823 0.08473889 0.07057126 0.07118364 0.09938151 0.107138 0.1010641 0.08419602 0.107 0.1336018 0.1400507 0.1259048 0.1317987 0.1447775 0.1640767 0.1270636 0.1008635 0.1011756 0.1085296 0.1508238 0.1802233 0.1647201 0.1099716 0.08517486 0.05761037 0.03427493 0.02642319 0.02603063 0.02588474 0.02338814 0.02745843 0.02949855 0.04024085 0.05396956 0.0422997 0.04099148 0.04080479 0.04197951 0.04253313 0.04401736 0.03687405 0.03498525 0.03553559 0.03614232 0.0338348 0.03559291 0.03446592 0.03675505 0.05279588 0.08091018 0.115886 0.1557125 0.16286
0.1402019 0.1401859 0.1411356 0.07647674 0.0578412 0.05009178 0.05909191 0.07280895 0.07375246 0.07931376 0.08083018 0.1045952 0.1145733 0.1213756 0.1231651 0.1178574 0.09169766 0.0982518 0.09168023 0.08781954 0.08569885 0.07908739 0.09395086 0.1578265 0.1569813 0.1367999 0.09683317 0.06290045 0.0385585 0.02918836 0.03264074 0.03001612 0.02702341 0.03179791 0.04646156 0.07964426 0.08506139 0.05267324 0.04040478 0.04035522 0.04194653 0.0482789 0.05068974 0.04555893 0.04319678 0.03837126 0.03819552 0.04091256 0.04096173 0.03740004 0.04699842 0.1015691 0.1551142 0.1435714 0.147664 0.1665379
0.1476777 0.1216929 0.08054179 0.05174047 0.03932848 0.05049372 0.05241661 0.0644649 0.07334393 0.08648253 0.08901962 0.1121659 0.1158249 0.130135 0.08090268 0.06701111 0.0824591 0.07053348 0.07402094 0.08712432 0.09560895 0.08043861 0.07894472 0.1002333 0.154008 0.1474996 0.09636424 0.07852007 0.06160607 0.04402522 0.0429329 0.03074926 0.02791763 0.03217568 0.03990522 0.086128 0.1339228 0.05012535 0.04424145 0.04066928 0.05216822 0.05553284 0.05907018 0.05485474 0.03983714 0.03955432 0.04014807 0.04187971 0.04830976 0.03820309 0.04569796 0.08140243 0.1229833 0.1719277 0.1632852 0.1317286
0.1462056 0.1068762 0.05388156 0.04669079 0.03598847 0.04196143 0.04027866 0.0641443 0.08117486 0.06421483 0.0694183 0.09735451 0.09322816 0.09909166 0.0602072 0.06841388 0.09671935 0.08951087 0.09151915 0.09159222 0.08129373 0.07801351 0.07703816 0.07423321 0.09028933 0.08813549 0.0846462 0.08650835 0.0901517 0.0533237 0.04609095 0.03593023 0.04678531 0.0488373 0.05049665 0.03992334 0.04884878 0.04190345 0.04493358 0.04262685 0.05820569 0.06312139 0.06928737 0.05631841 0.04967089 0.04613396 0.04259937 0.03893486 0.03643472 0.0466729 0.04371315 0.07946882 0.08992472 0.1417641 0.1658352 0.1766346
0.1599271 0.09125967 0.06012977 0.04072212 0.03857702 0.03959847 0.04580969 0.05992516 0.06912538 0.0644903 0.054394 0.06613291 0.06290267 0.06964751 0.07319034 0.07091339 0.06793807 0.05990715 0.06508639 0.07581146 0.07524611 0.0725066 0.07652094 0.08178321 0.08183328 0.08153147 0.08174021 0.0745459 0.06798738 0.06051148 0.04561064 0.03308537 0.05658611 0.04858425 0.05112965 0.05287173 0.04619348 0.04167077 0.04483637 0.05095427 0.06167795 0.06365023 0.06816183 0.04425732 0.04073501 0.04119611 0.04167678 0.04284493 0.0434854 0.03814877 0.04901299 0.05472577 0.08400521 0.05446665 0.06693867 0.1665141
0.160067 0.08042366 0.06113318 0.04490577 0.04339743 0.04478145 0.04833336 0.05204057 0.05617395 0.05145475 0.05380146 0.06435837 0.06660998 0.09080574 0.07498783 0.07217599 0.0654149 0.06579828 0.05289156 0.05776109 0.06066132 0.06095969 0.06023396 0.06522433 0.06955419 0.07169463 0.06437092 0.05801075 0.04806937 0.04316835 0.04113514 0.03410749 0.05197115 0.04495987 0.05900476 0.05454637 0.03804793 0.0423705 0.04371101 0.0499688 0.05986293 0.06533141 0.07500916 0.05875887 0.04870252 0.04625411 0.04521866 0.04953023 0.05301675 0.05104828 0.05765507 0.09555136 0.08857936 0.06396015 0.03915155 0.03172899
0.1079582 0.08405026 0.06688134 0.04685048 0.04308084 0.04026239 0.03809943 0.04753329 0.04210533 0.04189323 0.04757716 0.07894289 0.1025869 0.1058343 0.1019552 0.07885012 0.1085631 0.1136494 0.06578069 0.0305874 0.03093587 0.03384415 0.03023825 0.04849164 0.05427866 0.06096955 0.04623516 0.0401519 0.03091511 0.02819361 0.03000835 0.03436669 0.03132755 0.04007323 0.0461673 0.04898814 0.03859824 0.04055087 0.04265871 0.0403538 0.04779804 0.06136569 0.070368 0.08954544 0.07234775 0.06164178 0.0566713 0.06409871 0.07448746 0.08057252 0.08781246 0.07836165 0.08380394 0.05563341 0.05108535 0.05104902
0.1017172 0.08596733 0.05450055 0.04874961 0.0383968 0.03038992 0.02981582 0.03650489 0.03802336 0.04177747 0.05090602 0.09256917 0.09840351 0.1070091 0.07930977 0.1033602 0.06916656 0.05964517 0.03019096 0.04228802 0.03246111 0.02126041 0.0260506 0.03987801 0.052721 0.06366364 0.05717586 0.0366747 0.02810974 0.02739674 0.02738881 0.03163809 0.03253643 0.04368279 0.04820137 0.04377348 0.04681237 0.03966788 0.04113426 0.03639586 0.03663394 0.04763285 0.06724561 0.1027677 0.06499858 0.0567647 0.05306845 0.06786267 0.08029817 0.07976051 0.0922286 0.08125943 0.07235207 0.04832494 0.05146244 0.07813584
0.06971978 0.05415354 0.03033336 0.02603984 0.02673069 0.02278757 0.02662269 0.0367626 0.03484505 0.03965067 0.05597467 0.09291699 0.09398724 0.08391781 0.07818747 0.07312517 0.05470839 0.06042734 0.02337434 0.01937805 0.01637708 0.01810239 0.01731654 0.03081737 0.04432277 0.04868092 0.05973623 0.03402592 0.02778252 0.02892182 0.03051595 0.03109766 0.03178404 0.03881798 0.0346214 0.03415772 0.0447216 0.03796463 0.03989865 0.03381253 0.03444562 0.03873213 0.04604488 0.07657669 0.08239621 0.05391414 0.05540737 0.05711388 0.081865 0.07247429 0.0762719 0.07071262 0.08045938 0.05060139 0.07412455 0.04395833
0.07658299 0.0518531 0.02654973 0.0213475 0.02153409 0.02174105 0.02556563 0.03562489 0.03483938 0.03731848 0.0470815 0.06268619 0.07251813 0.08422232 0.08825387 0.0619153 0.08299556 0.0682856 0.04026347 0.0159158 0.01403906 0.01394944 0.02000735 0.03291044 0.04350968 0.0333457 0.03187972 0.04013478 0.02369158 0.02410522 0.02936479 0.03016803 0.03033837 0.0314512 0.03302591 0.03331834 0.04199042 0.0360715 0.03865128 0.03314273 0.03543311 0.03965198 0.04726659 0.07468039 0.08488754 0.06253925 0.06213797 0.06913912 0.06458838 0.0734202 0.06753474 0.06603201 0.06072999 0.07536776 0.04688023 0.06720833
0.06966195 0.0435687 0.0286264 0.01993846 0.01907958 0.01517294 0.01829385 0.03120017 0.03284141 0.03177145 0.03568883 0.04071695 0.04333996 0.06660368 0.05467406 0.06172759 0.08208802 0.08117108 0.03746393 0.01532554 0.009958962 0.01321582 0.009811964 0.01851233 0.02711151 0.02562182 0.01935915 0.02065969 0.02048718 0.02087089 0.02892563 0.025553 0.02665165 0.02859093 0.03133582 0.02710713 0.02846332 0.03025544 0.03337087 0.03280209 0.03616405 0.04085184 0.04855845 0.0873487 0.1010119 0.1028055 0.09853628 0.08010316 0.08761939 0.08953345 0.08642541 0.06818874 0.06601357 0.0557489 0.05603269 0.06420833
0.05959801 0.03691116 0.02265749 0.02309489 0.02357526 0.01696067 0.01795062 0.03039903 0.03203001 0.02952691 0.03093449 0.0349324 0.03718967 0.04290366 0.04883078 0.04983207 0.07463805 0.06413448 0.03217469 0.007753553 0.006866211 0.007052889 0.008297101 0.01500407 0.01579795 0.01469213 0.0175458 0.01929785 0.01930906 0.0207035 0.02164346 0.02454222 0.02569269 0.02798157 0.02917932 0.02616515 0.02728406 0.02929398 0.03317783 0.0337718 0.03881719 0.04732087 0.06400739 0.09146547 0.1001821 0.1213513 0.1060422 0.0811497 0.08084281 0.08408549 0.08248004 0.07335088 0.04389326 0.06499366 0.06243465 0.06279167
0.04219264 0.03016635 0.01604836 0.0188888 0.01997302 0.02033 0.02026333 0.03090316 0.03074896 0.03276194 0.0336673 0.03461749 0.0333008 0.03648321 0.0390923 0.03223215 0.04139027 0.03015059 0.01122528 0.01340493 0.01018094 0.0192651 0.007406801 0.01126111 0.02077583 0.01436871 0.01623316 0.01784875 0.01894299 0.0191288 0.02066351 0.02439313 0.02497969 0.02727646 0.0283287 0.02656227 0.02711101 0.02965058 0.03440499 0.03706764 0.04163886 0.05007289 0.05926907 0.08710147 0.09699459 0.1192268 0.1147047 0.09023935 0.08883265 0.09137548 0.08824461 0.05034418 0.04627233 0.05058163 0.05164183 0.06420833
0.04315059 0.02125065 0.01552072 0.01487306 0.01191911 0.0165551 0.01632533 0.02147678 0.0247242 0.02944702 0.03510286 0.03051287 0.02862466 0.02879583 0.03152695 0.02526547 0.02011101 0.01627156 0.008103433 0.0111879 0.008550653 0.006603805 0.007798121 0.009566183 0.01113387 0.01449338 0.01230807 0.01623852 0.01786578 0.02149381 0.0227486 0.02216901 0.02445672 0.02627639 0.02799283 0.03250793 0.05422533 0.03105153 0.03670314 0.0391106 0.04441152 0.05302434 0.06303352 0.0885046 0.1103253 0.1309882 0.1218193 0.1050386 0.101012 0.1016965 0.1038396 0.05230284 0.04869275 0.03916182 0.05337618 0.06329166
0.04004861 0.01794634 0.01439535 0.01150787 0.009901818 0.01459436 0.01305715 0.01185985 0.01404488 0.02035326 0.02157523 0.01791074 0.01737478 0.01246625 0.01426633 0.01393041 0.01819235 0.005661007 0.003086228 0.002851571 0.002558454 0.002740935 0.003402711 0.008729119 0.01167798 0.01028709 0.0112295 0.009758825 0.003788377 0.0101914 0.01005849 0.0168856 0.0186297 0.02191213 0.02296547 0.04482228 0.2123615 0.03204922 0.03575858 0.05038364 0.05751592 0.06684259 0.08170954 0.1135592 0.138553 0.1602406 0.1526742 0.128316 0.123616 0.1201683 0.09202552 0.023 0.02254167 0.03116667 0.05208333 0.05445833
0.03588085 0.02005066 0.01650026 0.01420237 0.01007732 0.00915243 0.007501849 0.008906166 0.01134619 0.01379488 0.01341488 0.009926495 0.009219215 0.008718504 0.006297193 0.004986525 0.005095958 0.002497539 0.002410799 0.002177989 0.001936351 0.002125284 0.002691088 0.005072653 0.01054963 0.01266491 0.002656252 0.003225217 0.003530131 0.003716346 0.003889316 0.01802121 0.02226532 0.02169388 0.02527362 0.02753759 0.033275 0.03306964 0.04091108 0.05067328 0.06164161 0.07938195 0.1151996 0.132113 0.1524086 0.1479197 0.1448868 0.1364743 0.1331972 0.1113918 0.1043357 0.02629166 0.0155 0.02866667 0.04741667 0.04325
0.03399361 0.02299959 0.01560416 0.01148812 0.008313281 0.005065717 0.007299548 0.009913424 0.009114233 0.01311212 0.008400624 0.006656547 0.008815429 0.005405326 0.004671641 0.006922823 0.004813212 0.001824982 0.001691406 0.001582813 0.001465845 0.001624512 0.002107721 0.001391714 0.001635143 0.006878079 0.002425187 0.002996418 0.003180266 0.003394005 0.005913591 0.01673559 0.02143829 0.02236783 0.0259939 0.02930525 0.03020177 0.03485964 0.04296394 0.05806205 0.06644499 0.08782715 0.1019681 0.1447839 0.1806903 0.1991539 0.1751498 0.1427353 0.1480469 0.1259363 0.1237637 0.02279167 0.027625 0.03454167 0.04775 0.04775
0.02403145 0.01500511 0.009486521 0.006556842 0.00424487 0.005145513 0.005288007 0.008631003 0.007718715 0.009586968 0.008748618 0.006768645 0.005011457 0.004154197 0.005104341 0.004234288 0.008423916 0.001565814 0.003857457 0.001355473 0.001091704 0.001238795 0.003066203 0.00109193 0.001288401 0.001590997 0.01402796 0.00352155 0.002744656 0.002974456 0.007536073 0.01586931 0.01974826 0.02299156 0.02642942 0.02957437 0.03323662 0.03787834 0.04435821 0.05919212 0.07946596 0.08834659 0.1007092 0.1339177 0.1942398 0.2064027 0.1753442 0.1450633 0.1249113 0.1291327 0.1241594 0.01670833 0.02141667 0.03441667 0.032625 0.03779167
0.02292714 0.01329118 0.009352403 0.005805399 0.002096933 0.004504144 0.003903426 0.001275494 0.001235101 0.003103029 0.00168037 0.003744668 0.006070403 0.001968205 0.00341272 0.008417126 0.01014707 0.00264885 0.001885143 0.001084822 0.0003829089 0.0004442902 0.0007245282 0.0003975559 0.0004757585 0.000598443 0.00529514 0.002855128 0.001617064 0.002819436 0.00973188 0.01435019 0.01898894 0.02246988 0.02603999 0.03050961 0.03619873 0.03909118 0.04931405 0.06694414 0.08449699 0.1000839 0.1299904 0.1441594 0.2263647 0.1589956 0.1462769 0.0325 0.02479167 0.0375 0.017 0.01233333 0.018375 0.03008333 0.02358333 0.04079166
0.01553626 0.008601921 0.004307045 0.003920862 0.003118835 0.003010981 0.004746564 0.003245448 0.002183199 0.002605008 0.001750092 0.001599033 0.002810106 0.003914512 0.00400051 0.02002581 0.01964551 0.007979989 0.002465933 0.0004054853 0.0001884793 0.0002332736 0.0003328364 0.001069791 0.0004396309 0.0004749234 0.0005457622 0.001065383 0.001280873 0.006543162 0.01439164 0.01787917 0.01873737 0.02228448 0.02596427 0.0307605 0.03457523 0.04380825 0.05350807 0.07155781 0.078026 0.09568139 0.1425736 0.1660584 0.2264347 0.1845294 0.1790771 0.04670833 0.023 0.02475 0.03625 0.015125 0.01758333 0.02804167 0.024625 0.024875
0.01020359 0.00788314 0.009518155 0.005126282 0.0008264168 0.002005928 0.001323578 0.001309829 0.0009207262 0.001066461 0.0009141879 0.0006881366 0.0005708839 0.0006047704 0.001998534 0.01277814 0.004064126 0.00475363 0.0008501397 0.0004378473 0.0003143953 0.0001112233 0.0001746846 0.0001275495 0.0004291603 0.0002486034 0.0003869348 0.0009162343 0.003518361 0.007752585 0.01011296 0.01339687 0.01803036 0.02171065 0.02600677 0.03044592 0.03732423 0.04052642 0.05064045 0.06892229 0.08401329 0.09575695 0.1149313 0.1744556 0.1533591 0.1810712 0.1809678 0.1019167 0.05020833 0.05470834 0.05066667 0.02458333 0.01470833 0.02008333 0.02854167 0.01275
0.01521216 0.01546246 0.008372393 0.02391096 0.0008327923 0.0003876162 0.0001746161 5.882367e-005 0.0002026596 0.0002385559 0.000337322 0.0001816078 0.0001347925 0.000266004 0.001320789 0.0114658 0.01437909 0.01080805 0.01250008 0.00266151 5.652504e-005 0.002371126 0.0001263498 0.0001290869 0.0007126324 0.000678513 0.0006597571 0.002787193 0.001646702 0.008129112 0.01058011 0.01314048 0.01732082 0.02085683 0.02484434 0.02952201 0.03371997 0.04171309 0.04666437 0.06615501 0.07987221 0.1022894 0.1121854 0.1606225 0.2020269 0.1880265 0.1130323 0.07287499 0.03483333 0.08662499 0.0315 0.020875 0.02066666 0.006958333 0.016125 0.00875
0.01736443 0.00975444 0.008370556 0.01014214 0.002168158 0.001100203 0.0002692429 0 0.001486944 0.001344298 0.0005945142 0.0005059388 0.0007353571 0.001201626 0.001691068 0.01086955 0.009048263 0.005641401 0.01093877 0.01001102 0.008835853 0.004124917 0 3.593361e-005 4.58291e-005 0.0003915011 0.00112375 0.00231288 0.003056281 0.004669058 0.007771983 0.011073 0.01453867 0.01780042 0.02161183 0.02851943 0.03216953 0.04667963 0.05068896 0.06354478 0.07849079 0.1014603 0.1146812 0.1732213 0.1925271 0.1932639 0.1026688 0.01975 0.02691666 0.03966667 0.03195833 0.021 0.01879167 0.008708333 0.006416666 0.006874999
