contrib/geomasonDemos/riftland/riftlandData/RainData/.svn/text-base/57.txt.svn-base
ncols         56
nrows         54
xllcorner     28.264
yllcorner     -5.7719999999999
cellsize      0.25
NODATA_value  -9999
[rows 0 to 25 of 54, columns 0 to 55 of 56]
0.1177629 0.1216617 0.07540831 0.0744775 0.07691414 0.09073018 0.09581323 0.1342562 0.08973124 0.09567355 0.183309 0.2905503 0.1964331 0.1614826 0.168716 0.1505252 0.15671 0.2391417 0.2997502 0.2589101 0.1693234 0.2143225 0.167947 0.1848015 0.1782613 0.1785258 0.188482 0.2120235 0.2486061 0.2263538 0.2240968 0.2178318 0.2440644 0.2169813 0.1932784 0.2146695 0.1906079 0.2029637 0.1915347 0.1247966 0.1000809 0.0829189 0.1102033 0.1296421 0.1062911 0.09315994 0.09702351 0.1016146 0.1063342 0.1251941 0.1340219 0.1319314 0.1309613 0.1274081 0.1407953 0.1529347
0.08168141 0.07032935 0.07474231 0.07228318 0.0675317 0.05962314 0.1060144 0.130594 0.08923034 0.08298852 0.09054773 0.14793 0.1441306 0.1276379 0.1258163 0.16237 0.2149615 0.3593573 0.4087438 0.2312525 0.177105 0.1833977 0.1550396 0.2128294 0.1679169 0.1638864 0.1529616 0.1790713 0.2050074 0.2033029 0.2095341 0.1943252 0.2049237 0.1990727 0.2021479 0.2332386 0.2046566 0.2446546 0.1831111 0.1285705 0.104639 0.1061565 0.1008762 0.1053251 0.09168337 0.0811939 0.09636647 0.1076182 0.1522347 0.16913 0.144215 0.1536723 0.1541967 0.1378126 0.1350741 0.2156766
0.09229199 0.06736334 0.07249695 0.05592812 0.05443237 0.0540598 0.09557857 0.1669967 0.1129516 0.09925066 0.09911972 0.1484226 0.1272089 0.1261454 0.163722 0.267208 0.3113787 0.3364558 0.3399213 0.1895991 0.2466828 0.1666611 0.1402484 0.2163742 0.1633099 0.1573585 0.1367215 0.1767992 0.2036588 0.2082238 0.2022642 0.2302737 0.2321062 0.222048 0.2419688 0.2780161 0.2249338 0.2154172 0.1654205 0.1508675 0.1318696 0.1167948 0.0994541 0.09674826 0.09273587 0.09561507 0.1153908 0.1285957 0.1918407 0.1925512 0.1304237 0.1270718 0.1279941 0.09992399 0.09415977 0.1014683
0.08592686 0.09223605 0.05856901 0.08289868 0.07245862 0.06075117 0.05823522 0.1731569 0.1233823 0.1303028 0.08524077 0.09482894 0.0926329 0.106232 0.1474862 0.1926529 0.2714162 0.2459786 0.1844179 0.1675589 0.1878127 0.1408688 0.1092677 0.1351106 0.1773463 0.1424855 0.1313814 0.1708292 0.165484 0.2034728 0.2018933 0.183006 0.1957215 0.1878378 0.2312997 0.2780859 0.2186803 0.1426918 0.1223856 0.1302969 0.1469643 0.1327978 0.1190363 0.1440677 0.1176242 0.1048419 0.1324137 0.134778 0.1537128 0.1454577 0.1397304 0.1501258 0.141919 0.1288996 0.0790999 0.07005884
0.1032031 0.1143568 0.06353503 0.09370872 0.09779681 0.07249609 0.04798832 0.09313624 0.1151549 0.1137172 0.06939398 0.07807044 0.07426272 0.108688 0.1499966 0.1768884 0.2227651 0.192248 0.156044 0.1797398 0.1706892 0.1420653 0.1279971 0.1881982 0.2260928 0.1407907 0.122126 0.1686539 0.1722404 0.1562388 0.1396754 0.1529314 0.1690292 0.1564437 0.1456831 0.1760919 0.1770135 0.1240378 0.08843499 0.1096903 0.1217224 0.1117481 0.1268136 0.169746 0.1416686 0.1151961 0.127667 0.1297672 0.125301 0.123112 0.1339106 0.1804498 0.1339457 0.1036787 0.07684045 0.05171769
0.1187237 0.1034921 0.06871786 0.1305289 0.08690996 0.06635215 0.06845128 0.07653505 0.1106799 0.08259128 0.07102229 0.07696339 0.07773776 0.1057396 0.1517459 0.1904578 0.2008181 0.1721808 0.1604304 0.16728 0.1527239 0.1295863 0.1257611 0.1957872 0.160888 0.0872817 0.0958534 0.1556881 0.1284164 0.111338 0.1343071 0.1760732 0.1750283 0.1644436 0.1461891 0.1469826 0.1463204 0.1164357 0.09315155 0.1029618 0.1202819 0.1002755 0.1231406 0.1476133 0.1289737 0.1133748 0.1060968 0.1218023 0.1040959 0.1217491 0.1066758 0.1086393 0.08006974 0.09682617 0.0752847 0.03900409
0.132578 0.1222567 0.0880838 0.1224695 0.108977 0.1265255 0.1239579 0.1347674 0.1026223 0.05558694 0.08539393 0.09887972 0.1144441 0.121521 0.1202812 0.1637497 0.1958494 0.1658487 0.1400319 0.1735206 0.1555516 0.1230325 0.1135806 0.1273781 0.08719663 0.04933247 0.06506126 0.0972647 0.1035321 0.125148 0.1312498 0.192267 0.2596955 0.2227923 0.1479102 0.1604233 0.1549179 0.1124952 0.07660471 0.1263581 0.1294781 0.1092199 0.1073232 0.1033655 0.105745 0.08490229 0.08171619 0.09520427 0.09257125 0.08830135 0.07299475 0.0710333 0.06162348 0.0583888 0.05687501 0.02787715
0.1138384 0.1302075 0.09709229 0.115525 0.1158939 0.156601 0.169167 0.1618492 0.1590377 0.0922213 0.08697899 0.09862982 0.1113415 0.1446073 0.1145063 0.1411271 0.1456528 0.160363 0.151178 0.1978338 0.1827015 0.1375294 0.1019811 0.09538365 0.06259932 0.05399792 0.05131341 0.07769503 0.08800948 0.1276661 0.1425586 0.1801519 0.2387278 0.2796933 0.1697808 0.1607292 0.1685833 0.07434195 0.07175653 0.07900472 0.09645018 0.09020994 0.08822344 0.07699915 0.09268274 0.111489 0.09342671 0.09922127 0.1034332 0.08102734 0.04648934 0.06307571 0.04225444 0.03793792 0.02730761 0.03464953
0.1177396 0.08379133 0.07532924 0.1314216 0.1563666 0.1871367 0.189574 0.1547277 0.1438451 0.1271709 0.1114268 0.108263 0.1291782 0.1158916 0.1424696 0.1530067 0.2175375 0.1850353 0.1748608 0.1954333 0.1911165 0.1086865 0.07276121 0.1071145 0.04080813 0.03882433 0.05268977 0.07439247 0.07731441 0.09294215 0.1154077 0.1432 0.202713 0.1959133 0.1222164 0.1559069 0.1349771 0.08488888 0.08884524 0.07903835 0.07797444 0.06652396 0.06809834 0.09147696 0.1024524 0.1107982 0.07647122 0.08762626 0.1158284 0.07966066 0.05724396 0.0555678 0.03779663 0.04524028 0.01195778 0.01777333
0.09304119 0.08536787 0.09745467 0.1295495 0.180328 0.1737584 0.1506421 0.1373072 0.1250735 0.1311187 0.171623 0.1679966 0.1410123 0.1414329 0.1569604 0.1241273 0.1625492 0.1810915 0.1427706 0.1295431 0.1224751 0.09960788 0.07646551 0.08544169 0.03396797 0.02483002 0.02369593 0.0297331 0.03503795 0.05025014 0.06957679 0.1260875 0.1278224 0.1529461 0.09292734 0.1104163 0.1032504 0.1121538 0.1153003 0.09765495 0.1013114 0.08297862 0.07540831 0.09808058 0.0810409 0.06474416 0.06222495 0.07576869 0.07712345 0.07676166 0.08295666 0.0591789 0.05274663 0.05303077 0.01172005 0.00435108
0.09727162 0.1061331 0.1195002 0.1489649 0.1517657 0.2091135 0.1511021 0.1321014 0.1300843 0.1166746 0.1462574 0.1743737 0.1552067 0.1551076 0.1435679 0.1309441 0.128199 0.1073062 0.1044104 0.09719314 0.09554027 0.08176155 0.07500202 0.08404624 0.0320283 0.02338814 0.02180801 0.01307253 0.01631691 0.01869824 0.03731743 0.0657561 0.09918604 0.1287358 0.07700117 0.1129295 0.1272804 0.1014261 0.09395635 0.09013925 0.1133427 0.09020108 0.06862798 0.05843075 0.06401036 0.04767416 0.04991601 0.04956223 0.05854414 0.05896613 0.06330727 0.0708884 0.1227554 0.037698 0.01845207 0.00346153
0.08873642 0.1094274 0.07364208 0.121655 0.1131806 0.1310566 0.1275907 0.176405 0.13982 0.1233968 0.148892 0.1668353 0.1515762 0.1375039 0.1903735 0.1934886 0.1374406 0.09241579 0.08461603 0.07520126 0.07371042 0.07810374 0.07313337 0.09527863 0.04170299 0.02323496 0.01416251 0.01169398 0.01345812 0.01530837 0.01901627 0.04741988 0.04884488 0.06489506 0.1095756 0.1350472 0.1123318 0.1210156 0.1155067 0.08764477 0.09556729 0.06943959 0.05368169 0.03709213 0.03750684 0.02729376 0.02932172 0.04152224 0.04046555 0.05179162 0.0424205 0.05685978 0.03465698 0.008042304 0.004500858 0.003448417
0.06536084 0.06309717 0.0559526 0.1038453 0.133341 0.111949 0.1384122 0.1692238 0.1568886 0.1301361 0.1528098 0.1272543 0.137245 0.153505 0.1992532 0.1880009 0.1490244 0.09788826 0.1029791 0.08397118 0.0749119 0.08231245 0.08797123 0.102393 0.04123193 0.02630843 0.01447948 0.007578343 0.007975162 0.008975035 0.0121122 0.02994872 0.02311225 0.03651948 0.08884248 0.09024508 0.06833152 0.08344001 0.09665021 0.09050642 0.07373644 0.0459064 0.03549307 0.03134094 0.02817859 0.02926174 0.03437994 0.04009802 0.04200128 0.02224756 0.02061142 0.006904994 0.002259394 0.001742877 0.001521841 0.002208245
0.05786975 0.0636858 0.06478272 0.1102609 0.1325645 0.1286343 0.1420189 0.1531465 0.1629442 0.1637122 0.1418713 0.1353152 0.1324128 0.1500605 0.1585447 0.1804238 0.1551429 0.1070116 0.1308554 0.09953699 0.08500089 0.09433303 0.05406432 0.03901086 0.02732506 0.02500357 0.01348683 0.004744028 0.004120597 0.005475339 0.006501987 0.01484181 0.01566301 0.02341464 0.06135786 0.0303988 0.01650841 0.05829999 0.09463148 0.08103427 0.04773453 0.03838356 0.03632246 0.02870649 0.02409886 0.02170921 0.02065722 0.02765772 0.0444307 0.03568304 0.01291835 0.002426538 0.001603942 0.001118021 0.0009907287 0.001469844
0.05543957 0.05375371 0.08208288 0.1326619 0.1386052 0.1332198 0.1278746 0.1505589 0.1329334 0.1339439 0.1200938 0.1265239 0.1258337 0.105955 0.1194824 0.2105537 0.1689721 0.1519671 0.1262155 0.08513615 0.05030201 0.02666599 0.02604337 0.03235292 0.02460434 0.02099326 0.006847595 0.004672382 0.003858617 0.003641342 0.004922534 0.0102439 0.0122751 0.01585926 0.0284139 0.01901788 0.01411508 0.02291955 0.03298331 0.04037835 0.03944835 0.03962389 0.03295752 0.02624908 0.02403189 0.01814957 0.01562173 0.02055919 0.01950124 0.02153683 0.008479335 0.002377902 0.001523838 0.001017711 0.0008832149 0.00126724
0.1150387 0.1106135 0.1140093 0.1359665 0.1404092 0.125129 0.1331272 0.1687164 0.1536129 0.1430711 0.1216905 0.1377022 0.1454504 0.131513 0.1480643 0.1652707 0.1948085 0.1864402 0.1362599 0.08996732 0.05737781 0.04901785 0.0415699 0.02551117 0.01803825 0.01267976 0.008849532 0.003051165 0.001527137 0.001482167 0.002024634 0.006405085 0.008447002 0.009709773 0.02522048 0.03087802 0.01739627 0.01386863 0.01402963 0.02437693 0.03251361 0.03270288 0.02762806 0.01685143 0.0160083 0.01460652 0.01264345 0.01461632 0.01231472 0.01008367 0.009663315 0.002528159 0.001575697 0.001029538 0.0008446658 0.0004789582
0.09362406 0.08370898 0.06945496 0.1156906 0.1049149 0.1172854 0.1289851 0.1870116 0.191295 0.1580434 0.1347221 0.1577681 0.1558495 0.1659987 0.1771647 0.1439216 0.1321064 0.1566829 0.08610789 0.05893223 0.07870074 0.05921746 0.03029888 0.01669796 0.01290675 0.009887956 0.007854564 0.002488902 0.001154737 0.0008581833 0.00115754 0.003663884 0.004411148 0.00544446 0.00674231 0.008403496 0.00986762 0.01060518 0.01141031 0.02088317 0.02218192 0.02687128 0.03004855 0.02757746 0.0255673 0.01474548 0.012988 0.01497662 0.012454 0.01186979 0.00967299 0.002479484 0.001495672 0.0008955991 0.0007241124 0.0003638714
0.07233672 0.06970093 0.08158308 0.1010098 0.110703 0.1074422 0.1138402 0.1749987 0.1683045 0.1479947 0.1376721 0.131683 0.1569298 0.1610174 0.1584166 0.1321033 0.1251294 0.133898 0.1079587 0.06737212 0.06199357 0.0528057 0.03365881 0.0182596 0.01464117 0.01155574 0.009211495 0.002275144 0.001214213 0.0007193389 0.0008282318 0.002368409 0.002639624 0.00338654 0.004571492 0.006129267 0.007259351 0.008379307 0.009458204 0.0179834 0.01983911 0.02084986 0.02131683 0.01524682 0.01546018 0.01460667 0.01265628 0.01454526 0.01211293 0.016491 0.008492311 0.002481088 0.001502809 0.0009154358 0.0007305728 0.0005258648
0.1385801 0.1621837 0.1039264 0.1295916 0.1326855 0.1127854 0.1158932 0.1701245 0.1662014 0.1501427 0.1191627 0.1224877 0.1448379 0.1564288 0.133886 0.1291233 0.131925 0.1832888 0.2042936 0.1231635 0.0891866 0.05424038 0.03870144 0.02256914 0.01728318 0.01486005 0.01270171 0.003078521 0.00171258 0.001074285 0.001066211 0.002666163 0.00263359 0.003108544 0.004066405 0.005359006 0.006292245 0.007259432 0.008268724 0.0157803 0.01747674 0.01854127 0.01884281 0.01354848 0.01374578 0.01463794 0.01159697 0.01340228 0.01363151 0.01132891 0.01094304 0.002537756 0.001594831 0.001063374 0.0009543631 0.0006424124
0.132314 0.1275491 0.1048371 0.1183998 0.1438864 0.1372757 0.1146 0.1577923 0.1657716 0.1600439 0.1185097 0.1243502 0.152296 0.2208143 0.1825468 0.1316181 0.1487642 0.1713664 0.2025698 0.1387417 0.1047436 0.07985573 0.06359514 0.05651877 0.04135213 0.03412662 0.02689951 0.0117775 0.007272441 0.00474235 0.004515145 0.004055526 0.003614438 0.003902962 0.004852312 0.004194275 0.004841223 0.005612696 0.007028844 0.01296396 0.01368813 0.01462565 0.01500425 0.01644119 0.01655333 0.01578971 0.014061 0.01399787 0.01194792 0.01016527 0.008244481 0.004591559 0.00320705 0.002294597 0.001908542 0.002166193
0.08364744 0.1129817 0.092282 0.1308143 0.1440756 0.1461574 0.1165729 0.1495101 0.1641351 0.1487203 0.1050783 0.1098101 0.1256312 0.1408913 0.146689 0.1249576 0.1601204 0.16232 0.1499681 0.1621345 0.1390269 0.112694 0.06898945 0.06413761 0.04810591 0.04076827 0.03125383 0.01537082 0.009317412 0.005874378 0.00510476 0.004455782 0.003607003 0.003500702 0.004129787 0.003454628 0.003895985 0.004522305 0.005331982 0.01018823 0.01152324 0.01245494 0.01286656 0.0140303 0.01446122 0.01400685 0.01255827 0.0126705 0.01105942 0.009428415 0.007858972 0.004641759 0.00338955 0.005578544 0.002188595 0.001900671
0.07115291 0.09414007 0.1395748 0.1408581 0.1241831 0.1204388 0.1365841 0.1805328 0.1741545 0.1259634 0.1066116 0.09244215 0.1171384 0.1289523 0.142471 0.1351448 0.1473339 0.1380597 0.1320034 0.1531469 0.1363968 0.1056582 0.07587902 0.06883375 0.06577932 0.05436643 0.0388176 0.01923591 0.01062209 0.007282212 0.006382454 0.005507867 0.004380089 0.004036512 0.004487243 0.003574608 0.003894791 0.004385252 0.005052635 0.009474486 0.01060716 0.01265063 0.01175795 0.01276593 0.01311538 0.01274554 0.0116319 0.01186319 0.01055644 0.009247762 0.007918339 0.005129047 0.003957713 0.00356783 0.002896578 0.001508876
0.09032682 0.1034653 0.1225314 0.1318641 0.1059833 0.1145927 0.1765105 0.1753387 0.1380494 0.1098652 0.08045433 0.09334756 0.1480542 0.1424075 0.1850101 0.1554518 0.1936716 0.1587679 0.1580319 0.185044 0.1629114 0.1075373 0.08446986 0.08565307 0.08048159 0.07488307 0.04609193 0.02490438 0.01696581 0.01484623 0.00792213 0.00729904 0.006078409 0.01164718 0.02829592 0.02599469 0.004845356 0.005212371 0.005972612 0.01034613 0.01231084 0.01343762 0.01634958 0.01269687 0.01284395 0.01279136 0.01161722 0.01178217 0.01113804 0.00999966 0.009365702 0.005867223 0.004545981 0.003852196 0.01031657 0.003402596
0.1306006 0.1243263 0.128626 0.1174398 0.0952517 0.1003919 0.1048034 0.1323636 0.1312214 0.1008017 0.05950712 0.09100968 0.1190964 0.1678243 0.1906542 0.1632354 0.1331908 0.1297844 0.1610322 0.1960456 0.1895374 0.1436124 0.115868 0.1033977 0.08487689 0.07290372 0.05368007 0.04556759 0.0285906 0.01813228 0.01594616 0.01612134 0.01279084 0.02416547 0.0267462 0.05358257 0.01011929 0.01741748 0.01850751 0.01604313 0.01769778 0.01810998 0.01813264 0.01060845 0.009640506 0.008647679 0.007892756 0.007357791 0.007209646 0.0058768 0.007511465 0.0166807 0.003619157 0.009933091 0.005238465 0.01419787
0.2151176 0.1240097 0.1249336 0.1154141 0.0863568 0.07769378 0.05946693 0.08255335 0.08698765 0.05618194 0.03644383 0.08887286 0.1237919 0.1731999 0.1445116 0.1273995 0.0984332 0.09718084 0.1218243 0.1483173 0.1422999 0.1460611 0.1336657 0.1116426 0.08591853 0.06954899 0.0566486 0.04165763 0.04000326 0.02793794 0.02112622 0.01984959 0.01494716 0.02888919 0.0373841 0.02909592 0.0145638 0.01943646 0.0205127 0.01879266 0.0202119 0.0204178 0.02033261 0.01309599 0.01195319 0.01094125 0.009298397 0.008872768 0.006963687 0.008647678 0.01964434 0.02497161 0.01299436 0.0146591 0.0176019 0.03551892
0.13308 0.1087633 0.1378001 0.09522372 0.08045391 0.0720057 0.05048393 0.07813007 0.04205222 0.03526509 0.07001736 0.1203574 0.1513104 0.1537331 0.1384838 0.1209755 0.1143698 0.09611305 0.09953281 0.1238294 0.1239714 0.1220454 0.1309571 0.1183559 0.09263169 0.07771163 0.06262493 0.05601596 0.08737285 0.06880908 0.03105133 0.02150097 0.03492933 0.05606401 0.05050342 0.03209065 0.02102998 0.02245432 0.02406438 0.02223132 0.02353995 0.02427331 0.02389945 0.01634004 0.01476384 0.01405321 0.0291345 0.0152415 0.01118903 0.01732473 0.01658987 0.02702787 0.0337332 0.02358646 0.03262904 0.06035015
