contrib/geomasonDemos/riftland/riftlandData/RainData/.svn/text-base/84.txt.svn-base
ncols         56
nrows         54
xllcorner     28.264
yllcorner     -5.7719999999999
cellsize      0.25
NODATA_value  -9999
[rows 0 to 26 of 54, columns 0 to 55 of 56]
7.012398e-006 8.059315e-006 8.710577e-006 0.000383632 1.076844e-005 1.136683e-005 1.195052e-005 0.0003099746 1.269714e-005 1.373312e-005 1.539794e-005 7.99258e-006 8.774078e-006 0.002931986 0.008795066 0.004872754 0.003080645 0.01603525 0.01250806 0.0073428 0.008236935 0.01657684 0.01265325 0.02232642 0.02518999 0.03720861 0.04706783 0.07196505 0.1194768 0.1040561 0.09566621 0.1901113 0.1977365 0.1438998 0.2025285 0.12644 0.08745156 0.06113156 0.04296791 0.01292854 0.009134123 0.05740508 0.07992882 0.01669333 0.04632785 0.01762369 0.009373841 0.02444491 0.03190871 0.04329515 0.04720385 0.03581075 0.03588428 0.01716122 0.009441084 0.008641836
1.070147e-005 1.197412e-005 1.26664e-005 1.422143e-005 1.504327e-005 2.340209e-005 1.628108e-005 1.643878e-005 1.706717e-005 1.841609e-005 2.064075e-005 1.066245e-005 1.168554e-005 0.00315257 0.003166766 0.01087342 0.00602032 0.01076716 0.003078948 0.009176764 0.01207715 0.01794804 0.0171763 0.02618038 0.03409391 0.04198907 0.05510021 0.04665873 0.07264908 0.1009751 0.1153686 0.2853864 0.2527878 0.1541715 0.1509624 0.1160026 0.1355771 0.1129656 0.08097608 0.05140576 0.05826797 0.03710858 0.02367211 0.01936267 0.0232997 0.007382709 0.008080723 0.02290771 0.04080072 0.03120513 0.02151524 0.02634818 0.02435046 0.0128018 0.01238511 0.01168588
1.606026e-005 1.760667e-005 1.807804e-005 1.979045e-005 2.04127e-005 2.095097e-005 2.158834e-005 0.0003204418 2.22555e-005 2.401525e-005 2.686811e-005 1.388739e-005 1.520276e-005 0.002019234 0.002249436 0.007539758 0.01155213 0.01409029 0.01460034 0.02334639 0.02960191 0.03830959 0.03756542 0.03927531 0.05967533 0.06072244 0.09059466 0.06520767 0.06418563 0.08564594 0.08695427 0.1437201 0.1891867 0.09761073 0.1155638 0.1703228 0.09430847 0.09643395 0.09155259 0.09565385 0.1415629 0.04708006 0.03924952 0.01376166 0.01856368 0.01703665 0.03385555 0.04040838 0.03549063 0.02069541 0.01466182 0.01516779 0.01589281 0.01500562 0.01452794 0.01385181
1.778125e-005 1.922136e-005 1.962557e-005 1.931932e-005 0.001122592 0.001793229 2.051689e-005 2.031858e-005 2.071644e-005 2.224e-005 2.48459e-005 0.02623436 2.149582e-005 0.002506773 0.002422367 0.005909461 0.01031306 0.01867736 0.02088775 0.01626256 0.0291973 0.02351075 0.02536294 0.02294544 0.08328655 0.1119878 0.1010489 0.08950991 0.104714 0.1000543 0.08348598 0.09747357 0.09821146 0.173003 0.09520172 0.1108161 0.09083781 0.09956703 0.07112719 0.1044183 0.07952281 0.08352612 0.1117864 0.05901025 0.03568553 0.04990887 0.1083829 0.06387245 0.03579104 0.0430116 0.02423161 0.01714787 0.0177029 0.01690684 0.01655011 0.01641892
2.221043e-005 2.379296e-005 2.402544e-005 2.339857e-005 2.367571e-005 2.405458e-005 0.00121369 0.0003628889 2.462683e-005 2.638625e-005 2.951534e-005 0.001430601 0.0003916088 4.12111e-005 0.001876186 0.004296395 0.0132961 0.0183688 0.01622664 0.01860172 0.02259494 0.02642876 0.03606582 0.03644756 0.09583604 0.112285 0.1029445 0.1009647 0.08275022 0.08768815 0.1115703 0.1134719 0.0883111 0.1339727 0.08037055 0.09634293 0.07075105 0.05368449 0.0392026 0.1045709 0.1017913 0.2216861 0.1557156 0.05367661 0.03328304 0.08998429 0.07832034 0.03782716 0.05298878 0.034895 0.02520792 0.01901226 0.02306833 0.01865928 0.01880052 0.01974199
2.726634e-005 0.0004685286 2.701738e-005 2.618473e-005 2.636606e-005 2.658171e-005 0.0007922233 0.00103605 2.73318e-005 2.908122e-005 3.231086e-005 0.003189179 0.03551766 0.0007047735 0.002384412 0.005183077 0.004501372 0.003788607 0.009483634 0.01973435 0.0429645 0.03120572 0.06184767 0.1202196 0.1348674 0.1200776 0.09869426 0.09126106 0.09828066 0.08130682 0.09311724 0.1362711 0.1570561 0.1201283 0.1080942 0.1061481 0.07047255 0.04923208 0.05860585 0.1622878 0.1463364 0.1008206 0.06791279 0.03581491 0.01297012 0.0361509 0.02766739 0.03083632 0.0488661 0.02682937 0.01914326 0.02016724 0.02658406 0.02093643 0.02110188 0.02179607
2.868579e-005 0.002141586 0.002974985 2.761098e-005 0.0006677634 0.001271919 2.843378e-005 0.0008776293 0.001112602 3.035355e-005 0.00182532 0.0005700309 2.765193e-005 4.070089e-005 6.38508e-005 0.0001497841 0.003327943 0.008165084 0.01072571 0.01266708 0.08123357 0.03275897 0.05144269 0.08081254 0.08535112 0.08659621 0.08658089 0.1160216 0.1301832 0.1077619 0.1251255 0.1748551 0.1285452 0.1609898 0.08516305 0.08047833 0.08402282 0.06200742 0.09656567 0.1031539 0.08652496 0.02748491 0.009548674 0.01783707 0.02813943 0.02422497 0.008151826 0.01588564 0.01695679 0.01884545 0.02022465 0.02141068 0.02218444 0.02214915 0.02232953 0.0237308
4.139258e-005 0.004001699 0.006379991 0.006464387 0.0003894447 0.0005525576 0.001564928 0.0006070412 0.0005569682 0.0003419656 0.001988933 0.002070626 0.0003475594 0.01275456 0.01608877 0.02102522 0.07022928 0.02491298 0.07057022 0.02376588 0.02919009 0.0284949 0.0376644 0.05173844 0.07035545 0.09814449 0.1111287 0.09068485 0.1476027 0.114718 0.1273618 0.1842481 0.1299116 0.1500453 0.1013621 0.08071114 0.06016427 0.1229629 0.2063434 0.06106604 0.03836043 0.03366315 0.02233132 0.02136683 0.02425533 0.01756053 0.00939241 0.01550097 0.01881827 0.02705841 0.02445479 0.0234471 0.03526781 0.02546942 0.02486068 0.02727497
1.424993e-005 6.407093e-005 0.004671246 0.004353888 0.0005028716 0.0005963534 3.089401e-005 0.002002755 0.003000253 0.002760515 0.0007820603 0.0007359355 0.0004806062 0.01806906 0.02011879 0.06899177 0.0290795 0.03779104 0.1147136 0.08600172 0.03525596 0.0491803 0.05832416 0.05602024 0.08350675 0.1107077 0.1131069 0.07435268 0.08955792 0.08081803 0.1059317 0.110064 0.1120702 0.111177 0.05095941 0.05916405 0.1185488 0.137574 0.08558848 0.02877021 0.007988398 0.01517256 0.008081436 0.004792934 0.007916275 0.01157211 0.01059257 0.01794444 0.02256432 0.02045279 0.03282073 0.02644334 0.03149845 0.02519393 0.02509348 0.0259284
1.566674e-005 0.0005122384 0.001341252 0.002629891 0.0009955013 0.0002551352 0.001051066 0.000588637 0.005216279 0.005050547 0.007652828 0.002570661 0.0007090938 0.001385324 0.003567344 0.0130249 0.01830167 0.02875585 0.02701426 0.02874031 0.05443234 0.1057941 0.1589685 0.07215343 0.1307003 0.1172853 0.083074 0.08723328 0.06326605 0.03773875 0.05591493 0.07950418 0.06438923 0.05059241 0.03840295 0.03631303 0.06613474 0.09271026 0.03188314 0.009765247 0.003979121 0.003008408 0.00780095 0.008890009 0.01023093 0.01143134 0.01573396 0.02252836 0.02772893 0.02447565 0.02538944 0.02487248 0.02722711 0.02648867 0.02806363 0.02828992
0.0003791529 0.01279007 0.02343302 0.02586018 0.0048396 0.0007537983 0.006439035 0.00648199 0.01867791 0.02266946 0.01447817 0.005988596 0.002631483 0.005554 0.004670358 0.005570838 0.02534913 0.03506079 0.03849017 0.04709172 0.05601994 0.04899898 0.05811603 0.04767594 0.08586095 0.2059237 0.1619647 0.0775173 0.05842003 0.04382166 0.04051756 0.07417637 0.06985454 0.05708474 0.03356955 0.04789438 0.02970094 0.03595879 0.007047255 0.007597323 0.007729971 0.0125792 0.008811755 0.01619842 0.005795956 0.009129084 0.01900395 0.02680555 0.02252695 0.0247368 0.02616302 0.02727731 0.03245972 0.02968448 0.02853981 0.03007913
0.01100074 0.01171216 0.003823924 0.02989944 0.0166514 0.003589062 0.005023592 0.01824396 0.04227807 0.06508745 0.01743523 0.005406564 0.003983364 0.007788508 0.006655194 0.008848576 0.03191254 0.04156195 0.06352897 0.06840852 0.04180383 0.03474462 0.04594697 0.07146331 0.1419152 0.159662 0.1470008 0.08353076 0.1066521 0.0541909 0.1107774 0.07959655 0.08453222 0.03596029 0.03515463 0.03860868 0.05114501 0.021258 0.009892709 0.0368171 0.05274706 0.04971999 0.06200588 0.05555017 0.066174 0.02611678 0.02511834 0.02028144 0.02345419 0.03442199 0.036343 0.03636529 0.02786135 0.02819921 0.02842701 0.03131082
0.02560364 0.0179535 0.005908752 0.007793293 0.009405114 0.004175196 0.005988322 0.02808441 0.04124483 0.0426371 0.02221334 0.01082586 0.005021842 0.01212024 0.02114215 0.01880293 0.02524241 0.03619607 0.04644008 0.06171918 0.05722031 0.04876339 0.05481244 0.04488839 0.02391012 0.03163677 0.1350065 0.03218682 0.04689231 0.04939132 0.09145844 0.07123387 0.1005399 0.03229707 0.03443875 0.03902609 0.03169062 0.03464771 0.009758597 0.001477308 0.02496387 0.03013809 0.03372003 0.04950867 0.02783436 0.02921819 0.0124496 0.01900293 0.0219681 0.02398318 0.02515445 0.02547459 0.02598091 0.02621573 0.02636296 0.02775246
0.01507946 0.02059071 0.04546873 0.02131676 0.008720056 0.01469849 0.01109037 0.0206048 0.01638847 0.01820714 0.01547934 0.02523364 0.02083427 0.01961107 0.01540624 0.0217174 0.02858695 0.03196119 0.04299795 0.05707001 0.0503182 0.06257581 0.05049065 0.04014317 0.01382504 0.001392287 0.09116927 0.004679359 0.008581272 0.06527785 0.03942759 0.030086 0.142652 0.04361213 0.05865473 0.03891367 0.04452524 0.02429517 0.01560514 0.02136138 0.001373685 0.001357285 0.02328464 0.04650593 0.02885951 0.02744927 0.01651577 0.01649183 0.02928126 0.04089703 0.02190831 0.0243152 0.02165963 0.02830395 0.02239015 0.02294889
0.006505975 0.008378218 0.0208499 0.05501967 0.04061665 0.02731001 0.01694958 0.008705128 0.004265291 0.01751546 0.01015073 0.01384064 0.02208866 0.03854379 0.02041388 0.02200522 0.02074459 0.04283539 0.06955893 0.04170544 0.04942553 0.03816649 0.05769698 0.04889022 0.0118962 0.001211071 0.001303087 0.00135466 0.01540126 0.06662143 0.01939751 0.00979527 0.1866852 0.03269266 0.03383879 0.02849918 0.0282303 0.02666135 0.03707809 0.03912887 0.023068 0.01693399 0.02137599 0.001243482 0.031126 0.01779267 0.008147284 0.01447418 0.01763909 0.01906558 0.01897072 0.04695299 0.05235239 0.03222542 0.0180122 0.01917664
0.01035536 0.00797923 0.02132377 0.04175432 0.03310861 0.02686598 0.01113708 0.01198785 0.007913505 0.01209084 0.02471753 0.01115447 0.01361853 0.02301378 0.0236661 0.01895246 0.03295481 0.07380605 0.089535 0.05359868 0.04175583 0.02741996 0.05211686 0.08467485 0.02311128 0.00449476 0.004036028 0.003386378 0.004861259 0.07105493 0.01353032 0.02697406 0.3260885 0.01342841 0.008800094 0.02191408 0.02319251 0.01945961 0.009846508 0.02222926 0.06661912 0.05100465 0.03151285 0.002443703 0.003874223 0.004849512 0.009835825 0.01414093 0.01862991 0.0236993 0.01789089 0.04656283 0.0567884 0.01576726 0.01544944 0.01648765
0.008635792 0.01004376 0.03322015 0.06234384 0.03663692 0.03398445 0.01319382 0.008263932 0.01740123 0.02766135 0.01988314 0.01949379 0.0249208 0.04003234 0.04648561 0.01935795 0.01784144 0.06606811 0.155935 0.1053246 0.07496919 0.033057 0.04060185 0.07086796 0.03332601 0.004521594 0.004483457 0.003623916 0.005183245 0.04692543 0.006426893 0.04532037 0.362283 0.009053193 0.03231855 0.03757744 0.02044976 0.007143891 0.007754638 0.009227482 0.02318192 0.03043219 0.06860827 0.04362296 0.005561766 0.007529686 0.009639388 0.0368171 0.02044634 0.01886704 0.02571607 0.02898977 0.02408357 0.01504704 0.01490531 0.01546311
0.01768877 0.01527148 0.04367248 0.04546769 0.03200518 0.01613071 0.01714909 0.03134773 0.02403372 0.02707744 0.01799938 0.02734075 0.07606442 0.05922121 0.04735843 0.04257611 0.03032394 0.07076778 0.1129292 0.1562923 0.1147668 0.0521151 0.04549832 0.05506944 0.04683805 0.0498142 0.05387265 0.00567454 0.006618913 0.05662827 0.0187369 0.05635224 0.3103591 0.1329928 0.02939791 0.007043775 0.006649787 0.03285989 0.007472027 0.01892004 0.03785959 0.06061123 0.03808659 0.0279882 0.01967893 0.01434711 0.01278699 0.03704352 0.02084411 0.02517163 0.02318488 0.02907338 0.03027947 0.03082545 0.03111721 0.04840639
0.03082942 0.02603408 0.03551429 0.05177066 0.02599542 0.02471056 0.06046426 0.05909778 0.03498381 0.01388578 0.02247396 0.0356022 0.1013238 0.09450939 0.05046035 0.04789763 0.05582832 0.06904671 0.151965 0.1875755 0.1057074 0.06106013 0.04405269 0.06266676 0.05273869 0.05777968 0.03947781 0.01172506 0.006875721 0.005316856 0.06884527 0.02255211 0.08416437 0.2293753 0.007828853 0.007467432 0.006962874 0.007031385 0.007704494 0.009239265 0.009981004 0.01107569 0.01418176 0.007005177 0.009511485 0.0336035 0.00978207 0.03463741 0.5216266 0.01775426 0.02103512 0.05244935 0.05003623 0.02542504 0.0431226 0.1131205
0.02935546 0.04014791 0.04708447 0.06185251 0.03276056 0.02261724 0.06320056 0.04641794 0.03353951 0.01371354 0.01403983 0.06043348 0.1210027 0.0390038 0.04664586 0.03608599 0.04717726 0.05457928 0.1030825 0.1239624 0.07740889 0.04683022 0.02052516 0.03467904 0.03548345 0.03800585 0.0284973 0.02300316 0.02325171 0.02126268 0.02187834 0.05257215 0.02548514 0.02338973 0.06493855 0.008044703 0.009794688 0.01314176 0.01502817 0.009504869 0.02151515 0.04803018 0.01490838 0.02632418 0.028543 0.03329309 0.02516704 0.03664317 0.07731595 0.03850191 0.04752183 0.04156575 0.03789407 0.3214145 0.07547486 0.09973352
0.04622643 0.04800623 0.04954101 0.06665879 0.05190226 0.07956675 0.07710274 0.07229852 0.03284802 0.0221133 0.02058122 0.03610564 0.04465649 0.08317889 0.07356209 0.01761529 0.03422718 0.03944636 0.05579974 0.09529886 0.09400754 0.05952195 0.02916238 0.03861905 0.04650609 0.05371427 0.04492308 0.03398737 0.02311716 0.02226392 0.02480476 0.03861772 0.02900555 0.04918754 0.1598464 0.00846203 0.01265201 0.008961936 0.009610716 0.009732819 0.04490582 0.01181991 0.01775787 0.03085674 0.01999299 0.02181664 0.02952111 0.03709613 0.04036157 0.0677027 0.06589704 0.04323711 0.05311374 0.3574002 0.07252036 0.05563593
0.07904321 0.0618268 0.06252975 0.0961504 0.1242719 0.10613 0.04514854 0.0415465 0.02377798 0.0479991 0.06467643 0.06221503 0.07189887 0.03928335 0.04805424 0.03633502 0.02488523 0.04724787 0.05796865 0.09462915 0.07188947 0.05532905 0.0403236 0.0420049 0.05150814 0.05211066 0.04943718 0.04651112 0.02542435 0.02226562 0.02009365 0.02493169 0.02430357 0.02509585 0.02460649 0.01190152 0.01095037 0.01257888 0.04283686 0.01556606 0.0395752 0.04642267 0.01536571 0.0185374 0.02083751 0.02128268 0.03066625 0.039632 0.03650335 0.04359555 0.05955529 0.06801649 0.0651561 0.1150221 0.09571659 0.07529236
0.06743272 0.06489909 0.06360772 0.156793 0.2033304 0.102815 0.03608817 0.05048863 0.02773518 0.08910727 0.09830569 0.05043337 0.07180839 0.05663678 0.04578412 0.03769371 0.02974805 0.05823242 0.1034808 0.0738752 0.0711043 0.06800359 0.04209135 0.06835939 0.06438921 0.05867404 0.04199188 0.04317535 0.03422732 0.03220601 0.02404072 0.0250112 0.03164285 0.0221418 0.03221888 0.01385971 0.01531266 0.01500463 0.07787757 0.06615287 0.4821572 0.5182765 0.01596859 0.01827912 0.01938263 0.02028583 0.02239799 0.026294 0.03148743 0.03928531 0.04065357 0.05980063 0.1191664 0.1171772 0.1020682 0.0704645
0.1328877 0.1315896 0.1173878 0.1348266 0.1507112 0.1597656 0.1233791 0.07558964 0.107766 0.1336263 0.08075631 0.06134399 0.1068697 0.05633126 0.07363313 0.05445295 0.05479652 0.08976833 0.1620351 0.0995831 0.08855921 0.1074446 0.06703747 0.09059207 0.07354479 0.07186756 0.07159606 0.05913779 0.05511475 0.04287218 0.0481822 0.05567327 0.04464563 0.04393715 0.05549452 0.04034351 0.0308688 0.032795 0.06418439 0.06202715 0.0477393 0.07873859 0.04032644 0.02072329 0.0213477 0.02784863 0.02922242 0.03997682 0.03259843 0.04305299 0.0556178 0.06959322 0.08646002 0.09689715 0.06635736 0.04198137
0.1135691 0.1697159 0.09974185 0.1187954 0.0981037 0.1085232 0.1089946 0.1260055 0.1060049 0.06779695 0.07534844 0.06055361 0.1728429 0.0877145 0.06428425 0.07913251 0.05472782 0.06643302 0.07499879 0.07400525 0.09806312 0.1235496 0.07549129 0.08279271 0.0899513 0.07539249 0.06666293 0.07535721 0.07372241 0.05235219 0.06596699 0.05527528 0.04965077 0.04817444 0.04799435 0.06459725 0.06919791 0.03915613 0.03887681 0.04612691 0.04218569 0.04227056 0.04376216 0.02921944 0.02967375 0.0288125 0.02984803 0.03260445 0.03111625 0.04260763 0.07836206 0.08508351 0.1148572 0.1320224 0.06554466 0.04749229
0.1128878 0.1269369 0.1046336 0.08914386 0.06858518 0.07903557 0.09493344 0.1119972 0.05317311 0.02548193 0.06811426 0.1342192 0.1283279 0.08138701 0.08031546 0.118305 0.06550018 0.06055025 0.05615123 0.07661563 0.09852632 0.1075315 0.1036268 0.09214249 0.06886727 0.07528008 0.05742264 0.06954955 0.09159095 0.07314034 0.0617899 0.07198116 0.05904346 0.05563055 0.05686577 0.05643884 0.09458952 0.07837599 0.04558958 0.04507649 0.04332045 0.03677834 0.035865 0.02363075 0.03954961 0.02878289 0.2898252 0.200918 0.05588933 0.06131839 0.07828223 0.1198338 0.0972548 0.2600099 0.2688049 0.0275739
0.09674475 0.07695255 0.08289165 0.09835733 0.1287777 0.0753248 0.09229402 0.09478872 0.04900955 0.0253428 0.1575729 0.1330559 0.07574708 0.06522236 0.06352535 0.07161614 0.1029831 0.1016099 0.1359343 0.1185099 0.1186277 0.1430621 0.1236294 0.09569066 0.07400207 0.07126106 0.09689438 0.07326578 0.06977069 0.07588641 0.07194503 0.06886751 0.0765492 0.06483927 0.0754462 0.05699719 0.08732681 0.1122849 0.07958324 0.0721985 0.05353628 0.04199307 0.04708841 0.2079042 0.2218104 0.02769387 0.2585003 0.2222723 0.07010672 0.0870739 0.07575619 0.3201495 0.2636214 0.147489 0.2466318 0.03469197
