contrib/geomasonDemos/riftland/riftlandData/RainData/.svn/text-base/84.txt.svn-base
ncols         56
nrows         54
xllcorner     28.264
yllcorner     -5.7719999999999
cellsize      0.25
NODATA_value  -9999
[rows 27 to 53 of 54, columns 0 to 55 of 56]
0.05669875 0.05898967 0.09682389 0.1235301 0.1110666 0.07915219 0.04910186 0.03470083 0.02958742 0.04603656 0.05300789 0.08521806 0.06332343 0.0536154 0.05858848 0.1229671 0.06877968 0.1214594 0.1330045 0.1364795 0.1241409 0.1248646 0.1651292 0.1060951 0.09271621 0.08628169 0.07729989 0.07398649 0.07594278 0.06748121 0.07065617 0.0865005 0.09109026 0.08720355 0.1048249 0.1063203 0.1139217 0.1404161 0.1271469 0.1218806 0.1191585 0.3181012 0.1955115 0.0482111 0.2475066 0.2724299 0.1768701 0.05167905 0.06878766 0.06136565 0.05747158 0.1974658 0.2631051 0.2680025 0.2582287 0.03152046
0.07288699 0.1105018 0.07758744 0.0988747 0.08000097 0.06903858 0.04635661 0.04095352 0.02617703 0.03367418 0.01913981 0.07006465 0.07231383 0.06916053 0.07704591 0.08066852 0.0799531 0.1024725 0.1109483 0.1147624 0.1289523 0.1590876 0.1082279 0.1026749 0.1306863 0.09957368 0.08392129 0.07687059 0.07121208 0.06663133 0.07148834 0.1241512 0.09584361 0.1020298 0.1138567 0.1159586 0.1229992 0.1247868 0.1256899 0.1254676 0.1242215 0.1061387 0.08812321 0.04364986 0.2557799 0.2635117 0.2760425 0.06056602 0.05622748 0.07050333 0.0816785 0.2521848 0.279707 0.2770918 0.268316 0.05846313
0.1081734 0.116553 0.08591273 0.05750623 0.05212462 0.05225781 0.07300019 0.09011561 0.08710872 0.04784615 0.03640389 0.09005308 0.1045048 0.101907 0.1125611 0.1469542 0.1846544 0.1854685 0.217726 0.1402403 0.1200914 0.1141675 0.1294298 0.123513 0.1356269 0.1204485 0.1084764 0.09285972 0.07676366 0.07318281 0.07874884 0.1014934 0.09809698 0.1058662 0.1220808 0.1289161 0.1357657 0.1560671 0.1509947 0.1123176 0.1105427 0.1213262 0.09018955 0.06463181 0.08555325 0.1981057 0.2401702 0.0696073 0.06212781 0.05703522 0.09673828 0.1020192 0.2242296 0.2502673 0.2612057 0.0587233
0.1329969 0.1843905 0.1569594 0.08628062 0.05300507 0.06293371 0.06467347 0.09587439 0.07441553 0.0453836 0.04851994 0.08363056 0.1002088 0.1774284 0.1743107 0.1848303 0.1584569 0.1893175 0.1613749 0.1723262 0.150354 0.147446 0.1314183 0.1720155 0.1496079 0.1427867 0.1455305 0.1278403 0.1049955 0.08984254 0.08483765 0.09859029 0.09101485 0.09557463 0.1102269 0.1413157 0.1577937 0.1814748 0.2032665 0.111742 0.1026982 0.1027609 0.09307986 0.06683059 0.03429714 0.04108383 0.0631851 0.07852323 0.1052788 0.07894465 0.09548127 0.07580432 0.06139143 0.1612444 0.1575019 0.05537438
0.145753 0.1645768 0.1806272 0.09401925 0.08126421 0.07019766 0.09455193 0.09462563 0.08879568 0.0776527 0.08772266 0.1139096 0.1322848 0.2260805 0.1807731 0.1697448 0.1772147 0.2161977 0.1923058 0.1574904 0.1542234 0.1595965 0.1290061 0.142348 0.1562358 0.1672966 0.2106043 0.1672712 0.1598242 0.1317012 0.1188614 0.09551177 0.09408662 0.1044687 0.1098424 0.1335455 0.1654649 0.121456 0.1218396 0.09015161 0.09934618 0.07587941 0.08422812 0.05988463 0.03429691 0.01513099 0.06451436 0.0713367 0.08477484 0.08433399 0.06219313 0.06726698 0.05161581 0.07082525 0.07807992 0.1721071
0.165196 0.1423886 0.1062527 0.08394375 0.05495165 0.08665359 0.1423182 0.08963378 0.07173656 0.07081969 0.08517916 0.1188663 0.1415989 0.250927 0.1922702 0.3359177 0.3062757 0.2438545 0.2130876 0.1792434 0.1829581 0.1732297 0.1407704 0.147618 0.1679204 0.1772344 0.2183104 0.17549 0.1669663 0.1464106 0.1242856 0.1076888 0.09933873 0.1020159 0.1023049 0.1358125 0.1269779 0.1099759 0.1067426 0.09704722 0.1267726 0.1328272 0.09985706 0.04895777 0.02564911 0.02219521 0.04836982 0.06275786 0.07110795 0.0672326 0.05045681 0.0379522 0.02592348 0.04903216 0.05610031 0.2042935
0.177999 0.1576358 0.06365334 0.06036412 0.04518955 0.07118948 0.1593188 0.1205637 0.08407371 0.07530533 0.1242068 0.1884399 0.1451485 0.2167883 0.2910302 0.3250622 0.3024139 0.257046 0.1898675 0.1626684 0.1675307 0.1808718 0.1488841 0.1583744 0.1942182 0.2014533 0.1956859 0.1863491 0.1709971 0.1584722 0.1283183 0.1146856 0.1238721 0.1077259 0.1010428 0.09278241 0.09310584 0.09908968 0.1047128 0.129927 0.1578634 0.1145623 0.1754544 0.07298017 0.04194798 0.03262605 0.04478987 0.06224751 0.07127963 0.1051589 0.05240451 0.03664073 0.04781394 0.06007011 0.1715955 0.19893
0.2126635 0.153437 0.06357694 0.05027867 0.06088375 0.04996185 0.07106055 0.095412 0.08434027 0.08806616 0.1409284 0.1770137 0.151135 0.1823594 0.2289068 0.2614363 0.2621415 0.336749 0.2584036 0.1585827 0.1403368 0.1605753 0.1314896 0.1715328 0.2238424 0.189697 0.1895761 0.1647193 0.1694148 0.165548 0.1286549 0.1099632 0.1215294 0.08805736 0.09078641 0.09033158 0.08218876 0.0971102 0.1242103 0.1659732 0.1507368 0.1588795 0.1365174 0.08899652 0.04873075 0.04827449 0.05144929 0.07222298 0.06864715 0.07823609 0.0821702 0.08093684 0.0719395 0.2114375 0.2230085 0.01136457
0.2812831 0.1602023 0.09303712 0.06903126 0.07339635 0.06802652 0.06216441 0.09087235 0.08629551 0.08897655 0.1143974 0.1457567 0.148185 0.1968587 0.1936823 0.3277012 0.310515 0.2868192 0.2630951 0.1567385 0.1505552 0.1361398 0.153019 0.2357503 0.2050002 0.1953567 0.1999929 0.1656062 0.1268135 0.1088573 0.1013846 0.07484252 0.0742691 0.08238571 0.07672027 0.08016516 0.07801143 0.08577194 0.1149811 0.1442868 0.1508363 0.1059521 0.1451375 0.08662871 0.05250943 0.0451441 0.05769845 0.08013208 0.06515975 0.109776 0.09726288 0.09370276 0.09846406 0.2165627 0.06519884 0.001940584
0.2685994 0.1469356 0.09535938 0.09582176 0.0847392 0.06827343 0.07829769 0.09474571 0.09475765 0.1112329 0.1462783 0.1463805 0.1566454 0.186808 0.1725269 0.2596711 0.2160889 0.2779488 0.2348 0.1620759 0.1644135 0.1479602 0.1301915 0.2075538 0.1947495 0.1954797 0.1710911 0.156333 0.1081899 0.0882448 0.08938891 0.07596872 0.06586523 0.07345411 0.07750686 0.08424845 0.0811854 0.08419109 0.122203 0.1913214 0.1514391 0.1164783 0.1603606 0.075944 0.06527108 0.03452836 0.03922183 0.0806977 0.1028148 0.08309381 0.07544117 0.09413932 0.2303725 0.1496879 0.02857014 0
0.2287413 0.165877 0.0985546 0.08826799 0.08900262 0.08473275 0.06997025 0.1052804 0.09759183 0.125095 0.1891981 0.1832723 0.2355244 0.2122361 0.1821026 0.2085354 0.2770494 0.2381496 0.2230845 0.1700711 0.1648661 0.1109351 0.1435564 0.1176543 0.1926531 0.2132639 0.1517724 0.1339407 0.1305876 0.1079785 0.08883057 0.07879192 0.06677767 0.07629859 0.08894408 0.1044689 0.08653791 0.09937959 0.1168462 0.1301525 0.1232488 0.1094686 0.1139228 0.0916501 0.09235738 0.06516168 0.04992422 0.06909959 0.08973838 0.1127152 0.1305145 0.2725627 0.2184703 0.04487003 0.03530626 0
0.2688259 0.20294 0.1053278 0.1039742 0.1251163 0.1093784 0.07996757 0.08187512 0.07998173 0.08999324 0.1268559 0.1425401 0.2189426 0.1961396 0.1623453 0.2323754 0.2632582 0.2244871 0.2182313 0.1552895 0.1667298 0.1606477 0.1585238 0.1226823 0.1589522 0.1818946 0.187901 0.1298981 0.1484256 0.1130799 0.08900924 0.09828201 0.09563596 0.08487312 0.09403394 0.1117087 0.1060691 0.1023166 0.1028596 0.1036045 0.1164311 0.1064878 0.1388203 0.09285753 0.09023263 0.09591526 0.0791567 0.1070009 0.1376913 0.1125209 0.1902781 0.1876146 0.06105613 0.04338019 0.03679166 0.002056452
0.3132779 0.2128045 0.1506416 0.0694615 0.1276833 0.09165522 0.04836977 0.08255746 0.1059124 0.07989512 0.153834 0.133591 0.165182 0.1562135 0.1671987 0.2054025 0.2705416 0.2321925 0.1968552 0.2086563 0.1487351 0.1786429 0.1672467 0.1594155 0.1745429 0.1858934 0.1765757 0.1229937 0.1350437 0.1221556 0.1392231 0.1225132 0.1059105 0.07862835 0.1031834 0.1240455 0.08768519 0.07804107 0.09871443 0.09245243 0.09205592 0.09565955 0.1019279 0.09060664 0.09841262 0.1036851 0.1044612 0.123485 0.2168554 0.2879885 0.1328214 0.0601408 0.05764907 0.05221349 0.05328594 0.002258064
0.1845244 0.133275 0.1099645 0.08637971 0.107701 0.08903164 0.07814876 0.09841553 0.1323014 0.09834767 0.1202244 0.1427594 0.1848807 0.1389921 0.183099 0.2204514 0.2361122 0.2226387 0.230186 0.2502429 0.2248903 0.2839755 0.2137427 0.202438 0.1918183 0.1911403 0.139448 0.1214268 0.1303951 0.1136668 0.122225 0.1390227 0.1043367 0.08760444 0.09187511 0.107312 0.09114027 0.08941727 0.09965257 0.1087025 0.1002512 0.1005387 0.1114207 0.1091332 0.105266 0.09807935 0.1115791 0.2125397 0.2313738 0.169439 0.06330182 0.06162524 0.05931787 0.05965702 0.05546407 0.005080645
0.198427 0.1392741 0.1684392 0.1511691 0.1232193 0.09543453 0.08536983 0.08234125 0.1036158 0.1265912 0.1100436 0.1264903 0.1382094 0.1565808 0.2157375 0.2095538 0.2432806 0.25549 0.2798004 0.2858272 0.2074441 0.244036 0.2178603 0.2109657 0.2137383 0.1653312 0.1302122 0.1251704 0.1316101 0.1146998 0.1251181 0.1309782 0.07846238 0.1016765 0.08296966 0.1116645 0.1214436 0.1020528 0.1336632 0.1053027 0.09831461 0.1461041 0.153592 0.09804434 0.08010294 0.08467435 0.07300819 0.2026304 0.08058804 0.08638088 0.08453484 0.07887992 0.07192315 0.06665682 0.06201779 0.002056452
0.2721727 0.1509776 0.1426703 0.1706861 0.1514305 0.1114681 0.1097554 0.1162594 0.1248042 0.1497597 0.1521716 0.1497213 0.174481 0.157837 0.1757986 0.3491436 0.3871455 0.3912438 0.3692091 0.4475167 0.2978528 0.2329147 0.1964891 0.2430291 0.2068079 0.1612259 0.1689322 0.1327478 0.0985233 0.1236952 0.1523644 0.1442939 0.09460267 0.1083898 0.1032428 0.1034926 0.1055287 0.09453661 0.1048125 0.1211506 0.1072167 0.1036213 0.1073504 0.09786417 0.08561132 0.07518297 0.2063964 0.1334811 0.05990064 0.09543892 0.1036073 0.0775454 0.06979025 0.06128386 0.06257093 0.002620968
0.1878793 0.1169419 0.1331916 0.1459517 0.1625748 0.1216044 0.1345941 0.1475765 0.1570973 0.1626818 0.1923375 0.1832522 0.2121942 0.2126694 0.2504874 0.3475842 0.3373078 0.3557691 0.3677471 0.327942 0.2036729 0.1961834 0.1806858 0.2655131 0.1971453 0.167619 0.1968517 0.1731652 0.1425053 0.2326824 0.2040339 0.1713232 0.08591846 0.1025914 0.1598853 0.1779024 0.3024988 0.1294229 0.1548901 0.1551137 0.1534133 0.1284507 0.1053936 0.07915619 0.06886236 0.1200358 0.1966978 0.07460292 0.04632779 0.06037289 0.05473847 0.05100806 0.03875 0.004717742 0.01221774 0.009112902
0.1899444 0.1453391 0.1140554 0.1807175 0.1809545 0.1590172 0.1822549 0.1791307 0.2139376 0.2067962 0.2127542 0.2054793 0.2126653 0.2419544 0.2370515 0.297208 0.2827558 0.3114238 0.2442836 0.2529296 0.2000357 0.1926154 0.2195455 0.2432555 0.226953 0.154824 0.1556341 0.2128149 0.1816076 0.1596302 0.255862 0.1593087 0.09236395 0.1039754 0.1260324 0.1716881 0.1827598 0.1459615 0.1415074 0.1543816 0.1802059 0.1482871 0.1088063 0.08600068 0.0616712 0.1638651 0.1432584 0.05349861 0.04319702 0.03860346 0.04274198 0.02181452 0.02548387 0.03653226 0.008709677 0.01685484
0.1768376 0.1639289 0.1413527 0.1648221 0.1831997 0.1864332 0.177608 0.2081763 0.2486574 0.2368684 0.1957949 0.2227224 0.2296522 0.2444338 0.2963247 0.2570054 0.2672637 0.3647501 0.2817433 0.258506 0.2340118 0.2184082 0.2098919 0.2524242 0.1534525 0.175173 0.1854449 0.2073374 0.2637354 0.20561 0.2233022 0.1590679 0.08970871 0.08420017 0.0792227 0.1104014 0.123044 0.1201909 0.1495575 0.1417835 0.162074 0.1320129 0.1179616 0.1039242 0.08127666 0.2134515 0.08738978 0.04494618 0.04439748 0.03680485 0.03285358 0.00766129 0.02552419 0.04177419 0.03221774 0.01024194
0.1633945 0.1424357 0.1843157 0.1468178 0.1324365 0.2012523 0.1636818 0.2220346 0.2242837 0.1989649 0.2010154 0.2298881 0.2999054 0.2616821 0.2317894 0.2618575 0.3361933 0.3607051 0.2645376 0.1933124 0.205258 0.1946434 0.2277147 0.2289757 0.1923131 0.1981514 0.1864041 0.2168946 0.3192646 0.2587215 0.2161307 0.1944077 0.1534069 0.1105613 0.08989291 0.1198824 0.1197722 0.1264078 0.1566723 0.1954454 0.1742127 0.1228212 0.1126216 0.1294644 0.08980494 0.1859405 0.08551122 0.06787939 0.060001 0.04195713 0.03719261 0.04020161 0.02141129 0.02298387 0.05729838 0.01576613
0.1669064 0.1449604 0.1429828 0.1165424 0.1395184 0.1710975 0.178325 0.2096286 0.2490387 0.2669018 0.2298519 0.2347322 0.3264566 0.2441882 0.2802143 0.2766952 0.2981205 0.2829362 0.2255912 0.1912473 0.258497 0.1866165 0.1612182 0.1970464 0.2064498 0.1440306 0.1548004 0.1533731 0.1637943 0.1913594 0.1724474 0.1747719 0.1910527 0.1094906 0.1361953 0.09343524 0.1083554 0.1200568 0.2029454 0.1699813 0.1798788 0.1073253 0.1217891 0.1636142 0.2295059 0.09930278 0.05537411 0.03560484 0.05254032 0.03939516 0.04173387 0.03895161 0.03314516 0.03794355 0.03544355 0.05862903
0.1407182 0.1238793 0.1364911 0.09251306 0.1115678 0.1563947 0.2055338 0.2046205 0.2393873 0.2727853 0.2983837 0.3069553 0.3567514 0.2928517 0.3277511 0.3101051 0.384595 0.3305301 0.2399457 0.2041513 0.2031409 0.179642 0.1795569 0.2139657 0.1779363 0.2258948 0.1328436 0.1283875 0.1313787 0.1751143 0.20789 0.2329946 0.236021 0.227876 0.1180825 0.1330716 0.1172247 0.08785769 0.1826725 0.1826245 0.1957607 0.1606079 0.1332177 0.2145042 0.1935976 0.05080222 0.05357166 0.04987903 0.05528226 0.06237903 0.05391129 0.0316129 0.02185484 0.0516129 0.05794354 0.08891129
0.1944529 0.1543684 0.1642672 0.1145988 0.166962 0.1970516 0.2825369 0.2089139 0.2640781 0.2567438 0.3219698 0.3793888 0.3710936 0.3354688 0.3492796 0.3723258 0.4342077 0.376884 0.3211684 0.2454474 0.2624738 0.2824111 0.2429353 0.1559829 0.1584573 0.1692244 0.1351274 0.1283888 0.1591432 0.1694279 0.228988 0.2165826 0.2270976 0.2647005 0.1978513 0.1985068 0.1434312 0.1187128 0.1058365 0.1676525 0.1979196 0.1747328 0.1726521 0.2622641 0.0925936 0.05754182 0.06003784 0.01778226 0.05528226 0.05157258 0.04245968 0.02366935 0.003870968 0.01233871 0.04834677 0.06310484
0.1771631 0.1615681 0.2095035 0.12274 0.1647257 0.1518399 0.2387234 0.1711349 0.2185236 0.2453134 0.3003757 0.3309964 0.3974937 0.3657826 0.5006103 0.4770187 0.4450464 0.4197636 0.3531042 0.2957667 0.3164003 0.3043806 0.2597156 0.2093572 0.1979523 0.1692427 0.1268012 0.1995407 0.2609825 0.1675158 0.1738495 0.197003 0.2031152 0.2223678 0.16744 0.2158405 0.1668226 0.132674 0.1326743 0.1778973 0.1614946 0.1955784 0.3127764 0.2806793 0.1309337 0.08499683 0.0662092 0.01366935 0.03342742 0.05028225 0.04959677 0.03532258 0.03048387 0.01842742 0.04544354 0.06834677
0.1236116 0.1454866 0.1916434 0.1632671 0.1509104 0.1383984 0.175435 0.1576415 0.1521847 0.2385312 0.2808591 0.2960216 0.3684129 0.3858783 0.4067958 0.4561851 0.4090528 0.4103935 0.3911903 0.3510289 0.3157341 0.281371 0.2641599 0.2726095 0.3033061 0.2591275 0.225406 0.2268283 0.2499874 0.2157293 0.174883 0.1808201 0.2005204 0.2002131 0.1888567 0.1705528 0.1715446 0.1665116 0.1472266 0.1617118 0.1552465 0.2125216 0.2668295 0.2465177 0.1892731 0.1264464 0.07738855 0.01423387 0.03314516 0.0541129 0.04584678 0.04564516 0.02205645 0.02830645 0.0469758 0.06935482
0.131671 0.1327585 0.131553 0.1651934 0.1528189 0.1985327 0.2156359 0.3116748 0.2391803 0.2529075 0.2821021 0.2776169 0.3375671 0.3825932 0.3275856 0.4044838 0.4390917 0.4451014 0.4224614 0.3762195 0.3296978 0.2575587 0.2461828 0.3136741 0.3146016 0.2647096 0.2561123 0.2835602 0.2852265 0.2450585 0.2054842 0.2046041 0.2374253 0.2640771 0.2491363 0.205653 0.2856627 0.2666413 0.1380259 0.1855216 0.1711443 0.2307904 0.2264513 0.1792925 0.1470788 0.1218687 0.08796549 0.05024194 0.05104839 0.03709678 0.02641129 0.03254032 0.0371371 0.03346774 0.06048387 0.05778226
0.1106004 0.1357212 0.109961 0.1465474 0.1344427 0.1746358 0.178309 0.3039162 0.2767788 0.3318913 0.3171982 0.3063057 0.3318594 0.2927314 0.3050573 0.3312458 0.3770861 0.3889294 0.3786247 0.4028328 0.3046571 0.2875738 0.2759322 0.3135821 0.3189275 0.3318513 0.3097445 0.3111286 0.304599 0.2547826 0.2763533 0.2513748 0.2209205 0.3014707 0.3506072 0.2508367 0.3827344 0.3302278 0.1634713 0.1858045 0.1700213 0.2597782 0.1996478 0.1448829 0.1353543 0.1198124 0.1051788 0.04479839 0.06665323 0.04987903 0.04052419 0.04072581 0.04834678 0.05181452 0.05713709 0.04528226
