contrib/geomasonDemos/riftland/riftlandData/RainData/.svn/text-base/86.txt.svn-base
ncols         56
nrows         54
xllcorner     28.264
yllcorner     -5.7719999999999
cellsize      0.25
NODATA_value  -9999
[rows 0 to 25 of 54, columns 0 to 55 of 56]
0 0 0 0 0 0.0009883158 0.001044643 0 0 0 0 0 0 0 0 0.0002907815 0 0.000299051 0.002066184 0.006318968 0.01197826 0.01408963 0.01880769 0.0171971 0.02212562 0.04205908 0.04303808 0.06279807 0.06339073 0.0657328 0.03476391 0.03171048 0.03324982 0.002398853 0.003703767 0.001787395 0.008221759 0.0106027 0.0132541 0.01170599 0.02883574 0.0550326 0.03602087 0.00474892 0.01801048 0.006329234 0.005551496 0.002082583 0.0006720797 0.000449177 0.0009258525 0.01424999 0.06335191 0.07235386 0.02541335 0.02570611
0 6.254619e-005 4.542531e-005 0.000327873 0.0015747 0.0003408979 0 8.928571e-006 8.928571e-006 9.196147e-005 6.131568e-005 1.097712e-005 0 0 0 0 0 3.567042e-005 0.000608957 0.002288731 0.00646796 0.01592902 0.02467094 0.03418352 0.04460575 0.05932827 0.06661782 0.06884697 0.0716719 0.0469806 0.0299266 0.08568811 0.04829962 0.003648909 0.01314975 0.006568126 0.004486931 0.008209382 0.01228883 0.03183325 0.05460368 0.0177591 0.01159346 0.006933153 0.01313894 0.003675921 0.004739718 0.01005597 0.008539504 0.001707359 0.002614985 0.00875328 0.008304184 0.01331227 0.01631732 0.02386015
0 3.977285e-005 0 0.0001574811 0.001990262 0 0 1.785714e-005 0 0 0 0.0001271754 0.0003794437 0 0 0 0 2.438184e-005 0.002246479 0.001506545 0.006487361 0.02720385 0.04412358 0.04531394 0.04665308 0.05379151 0.06473378 0.05840112 0.05276113 0.05754295 0.0340959 0.04762763 0.0252758 0.0105473 0.01522778 0.00963582 0.01892708 0.02659308 0.02504639 0.04235159 0.04107236 0.01407905 0.006939409 0.0036451 0.006124014 0.01227027 0.02314316 0.01909143 0.0075648 0.0003845702 0.002716228 0.009090423 0.01295412 0.01284182 0.006359912 0.009776852
0 0 0 0 0 0 9.248692e-005 1.785714e-005 0 0 0 0.008750786 0.001711224 1.236783e-005 0 0 0 0.0001505469 0.0004148805 0.001045782 0.002493459 0.007830442 0.01766934 0.02285598 0.01411981 0.01657983 0.02706027 0.02982852 0.03359568 0.06622586 0.04010667 0.02080097 0.004995218 0.006488038 0.02404074 0.01883937 0.0391002 0.04050786 0.02210983 0.01672566 0.01191537 0.02042311 0.01097067 0.008958608 0.01621552 0.03290001 0.09892049 0.01955368 0.0158327 0.000619053 0.003716968 0.008617163 0.005802191 0.0005192052 0.0002058322 0.001888096
0.0003993398 0 0 0.002162752 0 1.26219e-005 0.0005730157 0 0 0 0 0 0.0008253943 1.303988e-005 0 0 6.462051e-005 0 0.0008021813 0.002013418 0.003446656 0.001967603 0.003558376 0.003519639 0.003719715 0.009882255 0.01963557 0.03246847 0.02214541 0.04847561 0.05659748 0.006418665 0.003412457 0.01608193 0.03259726 0.03294022 0.0516235 0.03858188 0.01852074 0.01305635 0.01661695 0.03041954 0.03191134 0.02211292 0.02516217 0.01366998 0.01622275 0.03332703 0.02027204 0.01356139 0.01367784 0.007502921 0.0007753937 0.0002134586 0.0002109572 0
0.0002205472 1.983197e-005 0 0.002524055 0 0 0 0 0 0 0 0 0.01259836 0 2.824706e-005 0.0006105999 0.001396667 0.0006703376 0.001793673 0.004126854 0.01107693 0.00505856 0.003031968 0.003243494 0.00468612 0.008939591 0.0198489 0.009508223 0.008655539 0.005601387 0.004453772 0.004472858 0.01049874 0.03404665 0.01774784 0.02674764 0.03002785 0.01328296 0.01830434 0.02128379 0.0184429 0.03908231 0.04848216 0.02358438 0.01678541 0.008646651 0.009717437 0.02033685 0.01686396 0.01345651 0.004115621 0.0002204179 0.000407011 0.0002184599 0.000219032 0
0.001586556 0.0009588746 0 0 0.00077755 0 0 0 0 0 0 0 0 1.696564e-005 6.627561e-005 0.001272765 0.001027979 0.001432268 0.001838227 0.001481251 0.02473398 0.005584721 0.003533929 0.002324831 0.008639556 0.01872286 0.01992448 0.005988426 0.006105563 0.006366829 0.001522372 0.002354495 0.003955462 0.04711031 0.01757608 0.01011403 0.004539083 0.005138602 0.02040014 0.02164722 0.02199931 0.02801538 0.03586514 0.01635301 0.008954518 0.02324983 0.0431233 0.03415597 0.01505215 0.003932635 0.0007420115 0.001470756 0.002307035 0.002267458 0.0002184599 0.0007820472
0.005421942 0.003180023 0.0001873827 0.00305713 0.003703718 0.002867224 0.0003090389 0.0002259804 0 0 2.198069e-005 2.165597e-005 0 0.004052736 0.003217084 0.003378393 0.02672861 0.003902589 0.01711642 0.004377999 0.006714876 0.00571554 0.004878102 0.006870723 0.007901118 0.03201598 0.006424315 0.006244568 0.008277495 0.004559013 0.00254395 0.003727743 0.006473089 0.032793 0.03873663 0.01134866 0.004893914 0.01387612 0.03490597 0.01325895 0.01466066 0.02570928 0.03999247 0.02036103 0.03657411 0.05231299 0.08702583 0.08546089 0.0599561 0.01094599 0.002927491 0.002699805 0.003546712 0.0004629017 0.0004201021 0.00189171
0.01009928 0.009080113 0.01421685 0.01038928 0.005029862 0.005242475 0.005241619 0.000775103 0 0 0.003904414 0.002163494 0.0002078608 0.004702466 0.005114141 0.03177471 0.005728205 0.004920713 0.04104362 0.03306764 0.01360093 0.007977122 0.01282767 0.008127408 0.01171498 0.005627346 0.004828993 0.01569981 0.02896232 0.01041372 0.003303411 0.004150641 0.01110548 0.06800105 0.0637617 0.01565872 0.00226602 0.01421873 0.01105829 0.0112476 0.01733773 0.01687656 0.01559964 0.03002328 0.0532522 0.06474476 0.04640306 0.0569853 0.04072616 0.001588351 0.01892765 0.005530171 0.002091921 0 0 0.004259943
0.03023944 0.02822111 0.01789895 0.02425424 0.02511922 0.001850056 0.001079671 0 0.0006676369 0.006051159 0.01366193 0.00325711 0.0003654433 0.0003500591 0.0003096982 0.001234553 0.001670951 0.001762049 0.004783005 0.01223197 0.01046372 0.006844645 0.0369074 0.003959797 0.005452706 0.002856764 0.009438009 0.01462771 0.03779478 0.03711014 0.02771231 0.03015078 0.01678039 0.03544968 0.03755647 0.02264824 0.005291486 0.008574047 0.009043058 0.01474485 0.01894958 0.009839061 0.01324279 0.05007777 0.0634205 0.04353359 0.04486574 0.0517 0.03012006 0.0117135 0.01528325 0.006528883 0.001776311 0.00218662 0 0.002720944
0.04230571 0.03254834 0.03419377 0.02839116 0.05037014 0.02312154 0.002361955 0.004374879 0.006178353 0.006990794 0.001691802 0.002236442 0.0003925073 0.002192167 0.002056105 0.002419645 0.0001257592 0.001677197 0.003134115 0.006645874 0.006920217 0.005888957 0.007074404 0.006043341 0.001210817 0.01856668 0.04016555 0.01172555 0.04507137 0.0511719 0.03751597 0.03471098 0.03406839 0.0119509 0.04407745 0.01499826 0.006749991 0.004132651 0.01034989 0.01880093 0.01163338 0.00578803 0.009473559 0.03369833 0.04845679 0.05256724 0.03575704 0.03926829 0.02177735 0.01382342 0.01466823 0.002397236 0.01164304 0.002576135 0 0
0.04373829 0.03320744 0.04264914 0.06868237 0.02771058 0.02810074 0.009939673 0.02244158 0.005557795 0.00607327 0.002834245 0.002098946 0.002474807 0.00816385 0.02414574 0.007686658 0.000847864 0.0002023792 0.0002051177 0.001012481 0.001567542 0.002605104 0.002982209 0.002024615 0.02270743 0.01430358 0.02460882 0.01089572 0.03256646 0.03361157 0.04027702 0.0443508 0.03929755 0.03388809 0.03579029 0.04408213 0.008424032 0.009099941 0.02944337 0.0376463 0.01699522 0.01759097 0.01111961 0.01452898 0.01616974 0.01384626 0.0178263 0.02865419 0.02981661 0.01273169 0.006411356 0.0005832103 0.01189175 0.0002663057 0.0002695189 0.0002715944
0.04532959 0.02705991 0.03081928 0.0386317 0.03824845 0.006900899 0.007647454 0.01978379 0.01220787 0.006698039 0.00641743 0.004577103 0.007775567 0.0342115 0.02362288 0.00331725 0.0003723378 0.00091382 0.0002565296 0.0006938422 0.001833255 0.004409855 0.005487846 0.003546628 0.001583825 0.002220429 0.03535408 0.01871654 0.02356589 0.02460242 0.02654759 0.03642231 0.03387107 0.01778962 0.009133798 0.01400879 0.01039679 0.00895081 0.03551291 0.05429284 0.01564409 0.01041044 0.005479076 0.006307381 0.004063179 0.01097455 0.01443693 0.0252012 0.009030374 0.0004580776 0.0004737293 0.0009789603 0.01150033 0.0004850586 0.0002688769 0.000272232
0.03919172 0.02677086 0.0420431 0.0547474 0.02963969 0.02794499 0.02032451 0.01551053 0.01355833 0.00532585 0.007135639 0.03464326 0.01024026 0.03389653 0.06354052 0.008879757 0.000912655 0.00313679 0.002118596 0.001130198 0.003675401 0.007559805 0.00530032 0.002636579 0.004389775 0.007616243 0.0432112 0.02718197 0.02635227 0.02382626 0.01073184 0.01805821 0.0345253 0.01519982 0.01500318 0.007919403 0.008938099 0.009800856 0.01964326 0.03451244 0.008641492 0.006949007 0.005845468 0.004874709 0.002263649 0.004415167 0.005346018 0.004217103 0.0004320676 0.0004593154 0.000479673 0.0002480554 0.004259119 0.004126914 0.0002696435 0.0002736202
0.02754543 0.05546313 0.0394876 0.0655389 0.05601356 0.03091362 0.02752271 0.01983263 0.02489066 0.02195396 0.02016162 0.03805155 0.02296687 0.03763439 0.03776366 0.01598674 0.008222977 0.006512769 0.005570534 0.002707252 0.008069673 0.01293409 0.005445096 0.007363055 0.01272955 0.02147687 0.01930086 0.02326421 0.01990879 0.01657077 0.01320918 0.01003541 0.05276819 0.003596917 0.002404183 0.004391593 0.009601806 0.009520843 0.009912037 0.0160244 0.009686036 0.003679822 0.00483065 0.0002591922 0.001401132 0.002892388 0.003718457 0.00156981 0.0005860234 0.001742091 0.00178195 0.0002502481 0.0003008294 0.0002667099 0.0002718165 0.0002757568
0.07695219 0.1160782 0.1346894 0.03586188 0.09185377 0.1027866 0.0951307 0.02434547 0.02190187 0.02518723 0.02864155 0.02869993 0.02108983 0.02575019 0.05392427 0.01443787 0.005435643 0.01292677 0.01201928 0.003769269 0.02563664 0.0335188 0.03011003 0.03985267 0.06106946 0.07075194 0.05555002 0.03169059 0.006560121 0.02409395 0.003455073 0.01032013 0.04063755 0.001023931 0.001181877 0.002639098 0.005994898 0.00518557 0.006960576 0.009803946 0.005300188 0.002485197 0.004861029 0.002037565 0.0005721806 0.001175377 0.004678586 0.001634896 0.003145156 0.0006863001 0.0007163236 0.0002522883 0.0002604402 0.0002666589 0.0002724035 0.001146222
0.1031801 0.07874686 0.1083414 0.05314722 0.08342042 0.1329037 0.1167339 0.07167757 0.04387704 0.03432537 0.02636107 0.01361932 0.007889132 0.01690004 0.03943349 0.0145012 0.005471339 0.003798668 0.005555796 0.01042695 0.04385167 0.06280067 0.05663742 0.05836899 0.09796073 0.07534232 0.05017806 0.01917445 0.003585851 0.02304979 0.002748396 0.007802964 0.04289703 0.0009834999 0.0008471836 0.001870307 0.007769273 0.006271515 0.003119188 0.004078784 0.004554193 0.004033643 0.003246011 0.0004103102 0.0004717092 0.0005233459 0.002530226 0.005055229 0.004453618 0.0006926585 0.0007227447 0.0002888525 0.0002626295 0.0002695349 0.0002752746 0.0002824141
0.07762285 0.1252864 0.1040126 0.0852368 0.1303663 0.1292488 0.1331582 0.1057643 0.06894152 0.03471549 0.02341704 0.01010974 0.004703945 0.01565046 0.06251271 0.04413936 0.0322944 0.01328032 0.009082576 0.007138552 0.03010929 0.06261893 0.05115786 0.06488039 0.1013075 0.0625207 0.03635443 0.004436315 0.001246985 0.02893068 0.009551938 0.01308583 0.04610823 0.02428497 0.002214122 0.002080663 0.005289615 0.0066737 0.003264888 0.003302425 0.002025754 0.002568252 0.003328599 0.0004227256 0.0007556632 0.0006238379 0.001013245 0.006273416 0.006029019 0.009635058 0.00396537 0.0002592088 0.0002674611 0.000308261 0.0003478184 0.0002854689
0.109009 0.1593453 0.1980928 0.2367733 0.2064352 0.1686364 0.2061342 0.1689241 0.1029482 0.08415619 0.07849465 0.02048302 0.02320367 0.02642046 0.130255 0.1102589 0.03990927 0.01716939 0.008705948 0.01288593 0.04025092 0.04425656 0.0367941 0.04365376 0.0675396 0.05117485 0.03283718 0.005555041 0.002814204 0.00225234 0.03219737 0.006287962 0.03152051 0.03598142 0.002639599 0.002119348 0.004015543 0.003855513 0.002923886 0.001672955 0.002056547 0.002625551 0.00336244 0.0004399968 0.0008805303 0.0006188927 0.001174435 0.003504549 0.08066288 0.0007348339 0.0007557397 0.0002671678 0.0002728257 0.0005842533 0.0003838909 0.000322288
0.1673389 0.1682162 0.1857604 0.2069697 0.1849318 0.2166238 0.2459451 0.1990935 0.1205833 0.07602468 0.07910573 0.0588657 0.07247421 0.01798465 0.06557781 0.1226108 0.1132374 0.02906149 0.02947562 0.039826 0.03994971 0.03061297 0.01878592 0.04738575 0.04589349 0.0409708 0.0272387 0.009638073 0.006342889 0.005348855 0.006768256 0.01302428 0.008595828 0.007251267 0.01083741 0.001126529 0.0007656751 0.0007750478 0.0008725248 0.001653894 0.002041354 0.002604639 0.003368759 0.004850639 0.006484817 0.006985948 0.006950166 0.01073097 0.01893742 0.01007409 0.01078572 0.01268036 0.00834837 0.08822439 0.01681007 0.01793424
0.1248991 0.1598074 0.2054868 0.2159141 0.2162721 0.227976 0.2750877 0.1738201 0.1311461 0.07360091 0.05826052 0.04269543 0.06568739 0.06301946 0.04576438 0.1106363 0.1179007 0.0641977 0.08160572 0.07028347 0.03268651 0.02155861 0.03796466 0.03058776 0.02258301 0.02291531 0.01404494 0.008962949 0.007286432 0.005869173 0.004930108 0.01012679 0.010482 0.01152847 0.02598536 0.002821501 0.001331811 0.0006755055 0.0008949888 0.001688857 0.002083307 0.00266898 0.003480635 0.00493888 0.00620961 0.006814504 0.007409103 0.009548676 0.0137898 0.01692959 0.01262671 0.01423312 0.0199271 0.164541 0.01796508 0.01234425
0.1197049 0.215709 0.2927467 0.3060986 0.387178 0.3069692 0.2676431 0.1553145 0.1560937 0.05805939 0.03949754 0.03045109 0.06373315 0.02871591 0.03972214 0.07508855 0.06010001 0.1288642 0.08358285 0.04392854 0.02932841 0.01607792 0.00969138 0.01817538 0.02225096 0.01788902 0.01457456 0.009292934 0.008556503 0.007229463 0.006023917 0.005913273 0.004954358 0.01031529 0.005177452 0.007240246 0.0009223992 0.0007485822 0.0009528496 0.001821862 0.00218244 0.002813445 0.003623415 0.005198285 0.00650536 0.007109652 0.007800446 0.01045575 0.01391344 0.0161368 0.01305805 0.02235203 0.03318732 0.0463766 0.02667439 0.003459586
0.1069348 0.1761225 0.2390787 0.3056331 0.4313475 0.3180594 0.2446608 0.1487256 0.209278 0.1653506 0.0793943 0.0293321 0.02327295 0.01128229 0.06082454 0.0558926 0.07118189 0.0707724 0.1295152 0.09125735 0.04432289 0.006064728 0.00339532 0.01049061 0.02282313 0.01525182 0.009784088 0.009908834 0.009658852 0.00785725 0.006739039 0.007044743 0.005658518 0.004752387 0.004658394 0.001657716 0.001114324 0.0009323935 0.001137037 0.002056573 0.02617256 0.02932209 0.003759153 0.005342458 0.006858559 0.008086868 0.008857867 0.0126939 0.01172124 0.01391892 0.01458577 0.0173145 0.02495104 0.02712977 0.01962698 0.007671626
0.09468617 0.1310907 0.2113184 0.2584517 0.2505463 0.1665008 0.1980927 0.215482 0.2290276 0.2189338 0.08365192 0.06127431 0.06353594 0.01316037 0.03499763 0.01544184 0.05526799 0.06793816 0.1112693 0.09760207 0.05580834 0.03543082 0.003654144 0.03331503 0.05200681 0.01343347 0.01065521 0.01110449 0.01047278 0.007889759 0.00694302 0.009958208 0.008754569 0.007526146 0.00672068 0.003534909 0.002633811 0.002297112 0.002654959 0.003902707 0.004843693 0.007472724 0.006114076 0.01012576 0.01081617 0.01409754 0.01804551 0.02302995 0.01680769 0.02077821 0.02196474 0.01767349 0.01696504 0.01328241 0.01054837 0.0006861677
0.1060774 0.1495965 0.2258722 0.2203495 0.192831 0.1687688 0.1839917 0.1808369 0.1503117 0.0950648 0.1012523 0.1108868 0.1916996 0.05670821 0.02134333 0.01288108 0.01206185 0.02750052 0.06278833 0.06189452 0.09982669 0.08764657 0.03691679 0.04590866 0.0424614 0.014138 0.01390483 0.0135779 0.01236973 0.009068596 0.01271234 0.01097106 0.009892756 0.008652315 0.007464926 0.00433703 0.003226701 0.002760835 0.003018167 0.005432338 0.005211547 0.005694541 0.007272488 0.01134274 0.01250341 0.0243932 0.02408459 0.02296025 0.01559046 0.01737017 0.02122308 0.0149797 0.01638908 0.01400519 0.01064178 0.002448423
0.1346653 0.1998567 0.2255141 0.2550322 0.2171844 0.2017826 0.1450833 0.2239973 0.1184402 0.09813642 0.09981937 0.1185327 0.1551274 0.07310439 0.03475845 0.07772981 0.05730405 0.04437414 0.05675794 0.02718522 0.08044868 0.09024232 0.1383737 0.06029235 0.04120412 0.0656358 0.02112824 0.01562827 0.04141391 0.02450681 0.03254082 0.01258044 0.01134869 0.01089355 0.008834081 0.005026706 0.003837878 0.003179427 0.003389676 0.005229216 0.005671326 0.006419871 0.007301761 0.01037477 0.01042935 0.01428091 0.1203662 0.05063007 0.01502155 0.01665879 0.01585499 0.009127109 0.009437754 0.05315604 0.1205254 0.004022278
