contrib/geomasonDemos/riftland/riftlandData/RainData/.svn/text-base/86.txt.svn-base
ncols         56
nrows         54
xllcorner     28.264
yllcorner     -5.7719999999999
cellsize      0.25
NODATA_value  -9999
[rows 26 to 51 of 54, columns 0 to 55 of 56]
0.195057 0.2054497 0.2051805 0.1933799 0.1685886 0.1764367 0.1509045 0.209433 0.1574565 0.1030371 0.1661494 0.0959541 0.0826311 0.07841275 0.06574409 0.04625377 0.06143197 0.06935905 0.0995231 0.1471232 0.1202212 0.1026497 0.1710362 0.06103455 0.04875484 0.05768572 0.06713618 0.02515569 0.0382913 0.03576133 0.0415259 0.0165471 0.01288124 0.01510669 0.01134215 0.005549484 0.004559524 0.003846642 0.003766889 0.005647632 0.005615212 0.006459882 0.007235481 0.05573258 0.06022974 0.008364996 0.05885575 0.04461525 0.01309679 0.01589529 0.01831404 0.1025559 0.09133913 0.02931355 0.09280595 0.004820385
0.1597273 0.1523437 0.1430838 0.182079 0.1725801 0.1495564 0.150547 0.1013544 0.1202694 0.07784056 0.08406023 0.1166961 0.08325209 0.06212602 0.08286914 0.1263274 0.1020668 0.05639578 0.0655496 0.0782626 0.06118373 0.05438417 0.1181355 0.05178914 0.04113954 0.03539658 0.06706731 0.03771909 0.03140647 0.03646716 0.02223211 0.0215412 0.01508711 0.01339559 0.01130145 0.006877739 0.00604221 0.004640516 0.004493143 0.005920409 0.006800411 0.05122583 0.02701108 0.01303888 0.1057131 0.1200419 0.03114712 0.01679602 0.0137078 0.01704416 0.02406984 0.06897177 0.1084793 0.1178936 0.07154725 0.005183763
0.1454258 0.1601242 0.1479707 0.1677328 0.1381451 0.1611107 0.1212985 0.08320178 0.1015158 0.05966686 0.06381446 0.0573764 0.03991052 0.1183716 0.1447597 0.06308923 0.1199877 0.109552 0.1196135 0.03906997 0.06319073 0.1157589 0.1897293 0.09302852 0.05546404 0.04588382 0.0629805 0.05132402 0.0415409 0.05500436 0.02806299 0.03501723 0.01686967 0.01700895 0.01472163 0.00892567 0.00667563 0.005203289 0.004988483 0.008277291 0.007046542 0.006850242 0.007107276 0.01119057 0.1062144 0.1321694 0.1081332 0.01410061 0.01471976 0.02029598 0.02328805 0.09360132 0.123345 0.1208699 0.1028863 0.008819501
0.15524 0.1475994 0.09857318 0.1115787 0.1509519 0.09552393 0.09358554 0.04424315 0.06871416 0.07454233 0.07511328 0.06371301 0.03973383 0.08946053 0.1290292 0.0879368 0.05194093 0.03517513 0.0509427 0.03910694 0.03589604 0.04058154 0.1313275 0.07763858 0.08936962 0.06625983 0.05469154 0.05797657 0.05261219 0.04920388 0.03970479 0.02512948 0.0251542 0.02698062 0.01939249 0.01564632 0.00944068 0.006214715 0.01208461 0.008263418 0.007702768 0.006964657 0.007048015 0.015682 0.01852389 0.05162067 0.09517214 0.01351898 0.01666801 0.01878081 0.0233201 0.02789971 0.08803295 0.1001119 0.103827 0.01326151
0.1128724 0.1115468 0.08453988 0.08894558 0.07346214 0.04346483 0.04468589 0.06573521 0.08455167 0.08164769 0.07696499 0.0567087 0.03282092 0.04891533 0.1097233 0.1136284 0.01714166 0.06399152 0.01641213 0.04209754 0.02726651 0.04190085 0.062208 0.1207948 0.1125159 0.07105028 0.06719577 0.06246436 0.06237381 0.05364491 0.04104853 0.02760702 0.03105942 0.02680755 0.01778368 0.01011257 0.01961452 0.01072977 0.008422641 0.008901266 0.008105274 0.007881353 0.00652911 0.01395348 0.009602061 0.007551498 0.005423445 0.01226174 0.01058911 0.02217074 0.02160693 0.01504257 0.02806417 0.0608509 0.04919498 0.005531566
0.1282553 0.08779861 0.05786721 0.07839224 0.05593712 0.03822382 0.0735746 0.1051071 0.08690688 0.07370932 0.1130331 0.08152577 0.0736206 0.09227871 0.07964787 0.08123141 0.06479153 0.05966655 0.04985993 0.05505011 0.03759935 0.04214391 0.03946294 0.06756659 0.1180872 0.09849622 0.09704108 0.0785274 0.09472477 0.06066898 0.04035401 0.03084916 0.03363025 0.02781345 0.02536758 0.0241999 0.0359489 0.01268548 0.01072473 0.008787182 0.006427089 0.006964915 0.00672478 0.00943053 0.004699314 0.00463615 0.003086615 0.02005686 0.01059401 0.01580623 0.02192183 0.01875113 0.02108032 0.01488828 0.007429468 0.02684574
0.09802232 0.0912656 0.08411898 0.06153046 0.03402616 0.05127017 0.09615982 0.09365211 0.1083917 0.06178495 0.06138065 0.06873135 0.07489023 0.1034068 0.07301762 0.08363973 0.06443737 0.05991985 0.0570305 0.05525948 0.05023675 0.03782077 0.06673859 0.1013283 0.1369995 0.09515356 0.1062623 0.09271374 0.07615714 0.05497925 0.04141007 0.03428176 0.03158249 0.02892724 0.03942198 0.01909257 0.01685562 0.01297809 0.01169329 0.008198228 0.006811643 0.007667127 0.01168254 0.01093999 0.005975082 0.00443391 0.002457528 0.02419788 0.01383961 0.00936529 0.01115627 0.01625987 0.01253589 0.00964597 0.00674645 0.03635112
0.1249233 0.1204591 0.05800634 0.06762521 0.04211801 0.04855525 0.1549028 0.07804424 0.07466605 0.07814005 0.065828 0.08520213 0.06817617 0.0812564 0.09195084 0.1335343 0.1274784 0.07966867 0.06469501 0.06432839 0.0417241 0.04402472 0.102902 0.0798317 0.1333935 0.07217107 0.121472 0.0903162 0.09285923 0.06186955 0.04495003 0.03131198 0.03823309 0.02818459 0.02601639 0.01768948 0.01560478 0.01450354 0.01233363 0.009140272 0.007806919 0.006729468 0.007019032 0.01165883 0.01100019 0.004474985 0.004899879 0.02568305 0.01722912 0.008296988 0.007293126 0.008828161 0.007491519 0.004951652 0.03496992 0.02872712
0.1144274 0.08143564 0.05189621 0.06469492 0.06196984 0.0691735 0.0816806 0.08763745 0.07170791 0.06468453 0.06428213 0.07514673 0.07372445 0.07928182 0.1121713 0.1394286 0.1148985 0.08421447 0.0869979 0.07305389 0.0541143 0.03611568 0.04295459 0.09920698 0.1378328 0.1155719 0.1086286 0.1063097 0.07429379 0.0610727 0.0392169 0.03510611 0.05237255 0.02725916 0.02219479 0.0209199 0.02084249 0.01602537 0.01400617 0.01085135 0.008630174 0.007042238 0.00671479 0.01378473 0.01338886 0.00975656 0.008763014 0.02754291 0.008469176 0.009202348 0.006885136 0.007254361 0.004715343 0.04350447 0.04163726 0.0008317951
0.1171075 0.06289554 0.04459811 0.05611777 0.06312783 0.06211771 0.08683677 0.09615325 0.07061329 0.05578154 0.05681001 0.08381279 0.09493942 0.102415 0.1540756 0.1461826 0.1326445 0.1047746 0.08070718 0.05435782 0.04201148 0.04632159 0.05848533 0.09538902 0.155111 0.1284496 0.1026023 0.07272585 0.07886829 0.06221972 0.03500134 0.02953411 0.02799074 0.03501745 0.0291279 0.02582232 0.02352108 0.01722525 0.01439038 0.008109396 0.006429541 0.005183742 0.004231321 0.005331622 0.004757847 0.003160485 0.002362628 0.01856037 0.008545252 0.006558471 0.003557 0.003123977 0.002895892 0.07421483 0.01064284 0.0009800208
0.09367301 0.0471308 0.0324326 0.05418844 0.06190371 0.0619803 0.07815257 0.06232015 0.05333661 0.05844691 0.06346766 0.08374021 0.09798152 0.1241883 0.1645988 0.2727795 0.1724006 0.1342157 0.08633598 0.05707725 0.03531445 0.03617353 0.0464181 0.1296755 0.1757492 0.1335619 0.1558667 0.0801309 0.05158895 0.04561282 0.03805751 0.0343037 0.02683876 0.03286293 0.03287083 0.02891931 0.0249461 0.01815202 0.01564282 0.008459814 0.007272567 0.005713989 0.004486528 0.004224607 0.003116748 0.003366934 0.001990612 0.008768149 0.01174222 0.007280448 0.001442922 0.001209992 0.07517394 0.04069176 0.0007042849 0.001041737
0.08455503 0.04709892 0.02379466 0.04544935 0.05458926 0.08683136 0.08096818 0.0552986 0.05115848 0.06210201 0.08945796 0.08359605 0.1033534 0.09857608 0.1296539 0.1916538 0.177731 0.1385023 0.08314779 0.05443094 0.04601346 0.0508047 0.06521577 0.08134373 0.122817 0.135098 0.1151332 0.08448543 0.05398785 0.03440034 0.04992191 0.03949844 0.02947761 0.02578482 0.02283517 0.02312959 0.02581688 0.01810186 0.01550448 0.008369396 0.007152498 0.005635857 0.004469376 0.004279084 0.003576032 0.00248387 0.002708028 0.006231474 0.005716225 0.005198523 0.0007124278 0.07285693 0.06610679 0.001380747 0.0007215112 0.001116071
0.1316299 0.04417409 0.02814528 0.05670349 0.1094816 0.09860023 0.09132067 0.06038419 0.05779343 0.05998463 0.07240896 0.08312226 0.1040997 0.1070276 0.1057535 0.1064964 0.1181593 0.1000062 0.06927503 0.05154825 0.06167642 0.06764908 0.08376894 0.06727435 0.1141545 0.1249145 0.1181863 0.1326908 0.08038739 0.03956478 0.04545646 0.03989147 0.03036492 0.0198717 0.02248481 0.02194811 0.02015274 0.01642884 0.01458313 0.007540328 0.006105023 0.004886404 0.00411605 0.004078594 0.003346316 0.002790247 0.002930834 0.002284108 0.001492491 0.002464917 0.02157359 0.04198128 0.007802292 0.001736248 0.001783515 0
0.09522726 0.05187564 0.03769939 0.03694165 0.06105803 0.0614705 0.05940005 0.06017707 0.06461345 0.05619471 0.08057434 0.09509358 0.1078687 0.08536148 0.1021696 0.09156504 0.08524116 0.08412765 0.07345558 0.05113889 0.06849122 0.08198087 0.06271559 0.06462757 0.05612611 0.07336722 0.1419633 0.1145498 0.10006 0.04283892 0.0391965 0.0375612 0.02411379 0.01930185 0.0197733 0.02174688 0.0185528 0.01494584 0.01293053 0.00830966 0.006654809 0.005302292 0.004282282 0.003086412 0.002241705 0.001506175 0.001356647 0.001187936 0.01760067 0.03167143 0.00525011 0.001645915 0.0008366692 0.001448639 6.122508e-005 0
0.06328423 0.04009113 0.03949567 0.04606613 0.04949725 0.0665144 0.06226142 0.06477457 0.071894 0.07351047 0.1384012 0.09128666 0.1050719 0.07782675 0.08963626 0.0921227 0.08370877 0.08417162 0.08198595 0.05812544 0.06182411 0.07098535 0.08166423 0.06695686 0.06527101 0.06411266 0.06198617 0.05334123 0.03176459 0.03129359 0.02947801 0.03957235 0.02569195 0.01625777 0.01787381 0.02405701 0.01713034 0.01316829 0.01134237 0.007209896 0.005890943 0.004611237 0.003641967 0.002494781 0.001896899 0.001171536 0.001230204 0.01322886 0.01852765 0.01186606 0.001806188 0.00242856 3.98873e-005 3.666771e-005 4.576804e-005 0
0.06896958 0.03607472 0.03203144 0.06027644 0.05295573 0.05849177 0.06345461 0.1034724 0.04967936 0.06288514 0.1851298 0.1243062 0.103452 0.08896925 0.07546169 0.09210569 0.1028704 0.08447526 0.08317559 0.08364572 0.07444505 0.09228872 0.1503807 0.07510222 0.1722066 0.05314854 0.0329275 0.02703235 0.03972759 0.02693418 0.02908077 0.03580325 0.01710346 0.01324039 0.01996067 0.01617764 0.01281349 0.01152186 0.00983157 0.006611859 0.005264936 0.00403649 0.003248339 0.002683827 0.00180044 0.00290162 0.003401227 0.02195697 0.0001573627 0.001938646 0.001552756 0.003151915 0.003259522 0.00277518 0.005876565 0.008482142
0.0526163 0.03976154 0.02148373 0.0731167 0.06009073 0.06292004 0.07924727 0.04918161 0.04586554 0.08832097 0.05704495 0.07972756 0.09548199 0.08489354 0.08143438 0.09467157 0.1190533 0.1373967 0.1132757 0.125505 0.08839709 0.07136571 0.08187546 0.1057801 0.09424522 0.05443677 0.0466268 0.03200572 0.05128199 0.04115979 0.03651521 0.01687862 0.01298269 0.01111409 0.01136965 0.01440159 0.01720769 0.01030165 0.008454423 0.006322725 0.004595156 0.003359449 0.002677645 0.002196338 0.001803201 0.002314436 0.02137907 0.01642752 0.002333042 0.002778305 0.003292037 0.01308593 0.007350361 0.003597377 0.0007789384 0.006607143
0.03612183 0.02988223 0.04838508 0.04627487 0.04482625 0.04514406 0.03993692 0.04627272 0.04607736 0.03707497 0.04260978 0.05589968 0.07268512 0.06928439 0.08238625 0.08088131 0.07910784 0.09888168 0.1063477 0.1124738 0.08155153 0.05723585 0.07280885 0.1006341 0.1133988 0.07750379 0.04018145 0.04020546 0.04419448 0.05782082 0.03564696 0.01062717 0.01274702 0.0115516 0.0267263 0.01691378 0.07543767 0.007322332 0.005459595 0.009554515 0.004695176 0.0027974 0.002344283 0.002142512 0.001721112 0.006148418 0.01189381 0.002498192 0.0006769389 0.0006309121 0.002056275 0.003035714 0 0 0 0
0.05262327 0.04726516 0.0470626 0.04603285 0.06115989 0.03882414 0.03549395 0.04030116 0.04735246 0.03720659 0.03914506 0.04910096 0.08545218 0.06378688 0.07466099 0.1003472 0.1013793 0.0927667 0.1225155 0.1655694 0.1305798 0.08987945 0.1019005 0.1474091 0.1833204 0.1368952 0.05396831 0.08664166 0.08428263 0.03531034 0.04901814 0.02522996 0.02642061 0.02122283 0.01456772 0.01679528 0.01712267 0.007567176 0.00682462 0.005793072 0.005345262 0.00246979 0.002160516 0.001427869 0.001147546 0.01451262 0.008104472 0.002697539 0.0007706703 0.001438031 0.008863914 0.01334821 0.001428571 0 0 0
0.07498907 0.06140706 0.05220791 0.03417531 0.05661488 0.05797553 0.03677404 0.04775241 0.04929501 0.03846218 0.05211108 0.06482594 0.05999252 0.05532923 0.07505105 0.07850951 0.09626828 0.09183103 0.1586905 0.1718167 0.1204065 0.09311025 0.09158521 0.1170887 0.1111514 0.1184067 0.06166576 0.1103778 0.08938232 0.07280891 0.0733476 0.03273092 0.02907408 0.02092792 0.01102112 0.01309967 0.009023424 0.009594512 0.004451563 0.005961867 0.00381298 0.002508584 0.001647451 0.001500171 0.001778593 0.03560794 0.003035255 0.004291398 0.0009310892 0.001847682 0.001631145 0.0021875 0 0 0 0
0.05585749 0.05483469 0.07416146 0.03640931 0.04213812 0.06488516 0.04507799 0.04716944 0.04995847 0.05407543 0.06945153 0.06978356 0.05759006 0.05347219 0.08277889 0.0914538 0.09332631 0.09397221 0.1175338 0.1531603 0.1228433 0.09828212 0.08731443 0.1242655 0.07518252 0.07973978 0.08734787 0.1034 0.09080299 0.1064738 0.06668255 0.05159641 0.04414412 0.03314812 0.01132634 0.01667331 0.01065025 0.01253162 0.005700674 0.00421461 0.004171821 0.00327917 0.00246167 0.002096645 0.001827306 0.0154217 0.002624613 0.001690097 0.001913041 0.001934746 0.003719068 0.001428571 0 0 0 0
0.06195476 0.0552059 0.05889461 0.04798071 0.04638393 0.04596133 0.04333254 0.04985829 0.05453286 0.06887616 0.1304472 0.1039507 0.07100279 0.06483587 0.06316084 0.06401033 0.06628029 0.07374423 0.1310493 0.1650966 0.1195371 0.0898372 0.07002061 0.1113106 0.07986275 0.06263088 0.04786447 0.1026528 0.1031444 0.1063442 0.06400538 0.05342318 0.04343037 0.03404082 0.0168655 0.01551995 0.01152878 0.007235798 0.005791069 0.004738155 0.004432862 0.003591118 0.002504558 0.01920158 0.04407172 0.008106738 0.001829016 0.001428571 0.0002232143 0.001964286 0.001428571 0 0 0 0 0
0.05994802 0.05870961 0.06016622 0.09409652 0.04054629 0.03568792 0.04579519 0.05712532 0.05228183 0.08029028 0.1184425 0.09649202 0.09719331 0.08873244 0.07051816 0.05811666 0.07481862 0.07542671 0.1291687 0.1346461 0.1120932 0.08867683 0.09276853 0.1352072 0.09889507 0.08390935 0.05228326 0.09160303 0.08434822 0.07937195 0.1024563 0.113054 0.0678292 0.05889217 0.04196729 0.02609901 0.01807323 0.00957776 0.01104046 0.006523072 0.005461229 0.003585212 0.003268139 0.03494384 0.03331853 0.004085119 0.001704984 0.0004910714 0.0005357143 0.005178571 0.001294643 0 0 0 0 0
0.05902859 0.03456103 0.04392608 0.04505534 0.02536662 0.03679508 0.05591225 0.0475665 0.05221465 0.06412113 0.07808124 0.07457083 0.09742102 0.07219869 0.07220852 0.07261169 0.09788635 0.09339319 0.08578253 0.09361009 0.0944399 0.08643659 0.07931938 0.09775659 0.1119843 0.1341876 0.06582954 0.08439394 0.1300139 0.1078925 0.1025936 0.0946438 0.08296978 0.09529542 0.05256023 0.03127772 0.02411656 0.0160608 0.02776657 0.01155141 0.01165386 0.005909554 0.003717863 0.03406342 0.002928061 0.002834594 0.002673558 0.0004017857 0.0021875 0.01236607 0.0009375 0 0 0 0 0
0.06165723 0.03289417 0.047374 0.03865077 0.02119234 0.02539147 0.05225022 0.04853626 0.05117996 0.06476349 0.07287982 0.07680792 0.06938041 0.07163308 0.08060719 0.1076859 0.09981249 0.0714499 0.07616815 0.09317921 0.1097073 0.104817 0.1026837 0.1426031 0.1589247 0.1202617 0.09985948 0.1048641 0.1269982 0.1631333 0.1050955 0.07299753 0.08100798 0.08032434 0.07719824 0.06054197 0.04421813 0.01700582 0.02563821 0.01120244 0.009688657 0.008058499 0.02161569 0.01703601 0.003114767 0.00577293 0.005090425 0.005446429 0.003035714 0.003035714 0.000625 0 0 0 0 8.928571e-005
0.07182191 0.04567759 0.0503429 0.02184708 0.02435475 0.02165245 0.05166645 0.06544477 0.07856251 0.08373392 0.07060225 0.07703824 0.06108494 0.07331358 0.07110154 0.08613191 0.07910853 0.05276323 0.0632629 0.08204486 0.1045277 0.1030576 0.1035421 0.1170912 0.1104775 0.1059709 0.09503366 0.1054 0.1245588 0.1362606 0.09824084 0.08289532 0.08166143 0.07063258 0.06966881 0.08634605 0.04375166 0.01731711 0.01059344 0.01118714 0.00864068 0.01279691 0.02127239 0.006104612 0.004516869 0.004023015 0.003920445 0.007410714 0.007098214 0.001160714 0.0002232143 0.0007589286 0 0 0 0
