contrib/geomasonDemos/riftland/riftlandData/RainData/.svn/text-base/9.txt.svn-base
ncols         56
nrows         54
xllcorner     28.264
yllcorner     -5.7719999999999
cellsize      0.25
NODATA_value  -9999
[rows 0 to 24 of 54, columns 0 to 55 of 56]
0.1192642 0.08586546 0.06727996 0.1155374 0.1044406 0.1543664 0.2100044 0.3078395 0.1514074 0.2742252 0.1507368 0.3031537 0.2683086 0.2281496 0.1524034 0.1212696 0.09466035 0.1176358 0.1431721 0.1621949 0.1210207 0.07357837 0.07098331 0.1272771 0.1876772 0.2223603 0.1567879 0.1867352 0.1869504 0.2174091 0.2681663 0.2263925 0.1807502 0.1665758 0.1824687 0.1771293 0.187847 0.2247687 0.2191872 0.2186879 0.1187141 0.1102068 0.1416521 0.2053868 0.2993106 0.3118849 0.23468 0.1684938 0.2002198 0.2007845 0.168145 0.1456977 0.1241585 0.1342617 0.131736 0.1106025
0.09161136 0.06166017 0.06171295 0.09926325 0.1006669 0.1533424 0.173235 0.2089898 0.2453886 0.2976474 0.1586594 0.3271758 0.2744603 0.2026974 0.1801948 0.1389343 0.1327161 0.1409801 0.1567632 0.1470695 0.1078307 0.07781691 0.07428898 0.131604 0.2293012 0.1771543 0.1483276 0.1670894 0.1907851 0.2147812 0.2186647 0.1836724 0.1827925 0.1371701 0.1326971 0.1728103 0.1956701 0.2244528 0.19678 0.1575322 0.1136497 0.1558754 0.2009266 0.2490125 0.2526527 0.2505406 0.238128 0.1413168 0.1692027 0.2000499 0.1530973 0.1081855 0.1147119 0.09599993 0.1117691 0.09396626
0.07219153 0.06629981 0.0714222 0.09445857 0.1071726 0.1261484 0.13997 0.180268 0.1785469 0.2443321 0.1734678 0.4210764 0.2891229 0.2179768 0.2950888 0.1953716 0.1660901 0.1553264 0.1535517 0.1484528 0.1177208 0.08781638 0.076428 0.1413484 0.1250374 0.1115872 0.1397575 0.1980752 0.2337477 0.2138591 0.1824562 0.1642078 0.1645643 0.158807 0.1540237 0.1793145 0.1964098 0.1780108 0.149279 0.1330768 0.1446172 0.1672223 0.2135108 0.2586719 0.249897 0.2150915 0.2446486 0.1538747 0.1165177 0.1513365 0.1218844 0.08087809 0.0847403 0.07940051 0.07435191 0.06743634
0.07534008 0.05886877 0.08035704 0.08312558 0.07711641 0.08918047 0.1146927 0.2262822 0.1945721 0.2293445 0.2452894 0.3062034 0.2346789 0.2078181 0.2118057 0.1338758 0.132096 0.1443994 0.1719641 0.1910988 0.1099111 0.0780879 0.05452337 0.06157055 0.08300298 0.03722374 0.04475093 0.1238798 0.1426625 0.1509948 0.1507892 0.1435889 0.168861 0.1814698 0.1843517 0.1824999 0.1826843 0.1508987 0.1317231 0.1383251 0.1463336 0.19765 0.1963063 0.1617415 0.137128 0.1202883 0.151253 0.1113091 0.09227037 0.09956211 0.05359462 0.05765132 0.06724292 0.06277094 0.06518654 0.06105413
0.1325402 0.1112909 0.1064148 0.07060886 0.07531747 0.08008994 0.0859876 0.1875918 0.1616347 0.1735194 0.1873097 0.2443534 0.1964073 0.1708839 0.1822676 0.1687033 0.1598181 0.1937907 0.2029231 0.2344816 0.2122804 0.1046555 0.04640507 0.0433002 0.05369737 0.03804966 0.0352837 0.0963627 0.1016607 0.1069965 0.1318126 0.1389865 0.1635185 0.1785446 0.1296609 0.1485325 0.1297502 0.1077089 0.1006076 0.09489922 0.1950554 0.197659 0.09011617 0.1557032 0.1144579 0.09056268 0.07562254 0.04733217 0.0671031 0.08374399 0.0641486 0.06591734 0.06365202 0.0610741 0.06095802 0.06074622
0.1275827 0.1303659 0.1187586 0.07783749 0.08921251 0.09548666 0.09598847 0.158909 0.1702314 0.1427 0.1548512 0.2083531 0.1557403 0.1346618 0.1467803 0.177669 0.1211617 0.1657627 0.1937899 0.2169146 0.2313432 0.1028837 0.05531281 0.05104008 0.02387763 0.02203321 0.01462892 0.07755952 0.0946038 0.09103449 0.103253 0.1190207 0.123741 0.1445838 0.1224894 0.1362638 0.1119812 0.09984498 0.08949437 0.08392625 0.1155439 0.1612252 0.133527 0.1037515 0.08300892 0.09658825 0.08776111 0.06873596 0.04548229 0.05019832 0.05406255 0.05852063 0.06234089 0.06810957 0.06189864 0.06215062
0.1357986 0.1826385 0.1028878 0.1032064 0.1007723 0.113559 0.1212874 0.1196297 0.1290429 0.1237856 0.1309331 0.1818284 0.1502434 0.1382843 0.1161159 0.1876199 0.1841091 0.1523797 0.1552747 0.1536766 0.1303796 0.08443781 0.0921955 0.03486383 0.04161725 0.03084211 0.01995323 0.06876385 0.07888338 0.07407618 0.08283564 0.1030344 0.1083881 0.1303605 0.1018204 0.1193716 0.1131904 0.09334832 0.08179644 0.07842876 0.07487956 0.08455678 0.1702805 0.1111604 0.08015855 0.09050185 0.1227194 0.07616398 0.0526031 0.0441946 0.04842594 0.05706962 0.06012496 0.07052214 0.06140267 0.06513806
0.1984205 0.1697587 0.1332506 0.1358871 0.1131675 0.1680923 0.1190236 0.120461 0.140755 0.1616563 0.1607389 0.2453942 0.255738 0.1958655 0.2005308 0.350422 0.3221373 0.3170667 0.2976461 0.2093114 0.1331989 0.1488421 0.1486103 0.05086456 0.06934919 0.02701906 0.01068802 0.02619455 0.02758105 0.03002232 0.0359682 0.06390344 0.07524356 0.09133455 0.08077256 0.03420705 0.07530443 0.05091005 0.07086834 0.03452818 0.01920277 0.03990273 0.09836942 0.03545446 0.07960726 0.09026335 0.0850613 0.08498 0.08693086 0.05984201 0.06329928 0.05002362 0.05068442 0.05332484 0.05554263 0.05781129
0.114314 0.129915 0.1130135 0.09522115 0.1029136 0.1048836 0.07185334 0.1191206 0.1107293 0.1359246 0.1538292 0.2800335 0.2154661 0.1771638 0.1925648 0.3816422 0.3395897 0.2898301 0.2384129 0.1449629 0.1363907 0.143622 0.1334887 0.05876059 0.06465192 0.03999481 0.008580213 0.02242487 0.02348387 0.02581359 0.03202911 0.07751566 0.05120337 0.05458519 0.05202973 0.03036468 0.07393305 0.07684062 0.05026069 0.03716291 0.0196958 0.01627569 0.02143024 0.02150517 0.03341991 0.04782895 0.03694918 0.05393169 0.07693729 0.05923267 0.06225309 0.04650249 0.04887314 0.05129446 0.05319287 0.05495788
0.09010239 0.08633387 0.08117851 0.08214903 0.07728097 0.09726186 0.07575038 0.1233629 0.1092401 0.09315631 0.1241238 0.2422688 0.223201 0.1816271 0.2002445 0.3800495 0.3380387 0.2569374 0.2293807 0.143972 0.132824 0.128216 0.123796 0.05796605 0.04030307 0.07202735 0.01012415 0.02727919 0.02246613 0.02404154 0.02945524 0.06639393 0.07393038 0.05101585 0.05207851 0.033166 0.04959285 0.04099545 0.04310454 0.02826999 0.04093724 0.03694098 0.02030866 0.03542143 0.0372393 0.0291665 0.03104879 0.05310244 0.05630178 0.05842834 0.06094331 0.04476951 0.04685172 0.04895887 0.05076354 0.05648803
0.09468695 0.1143573 0.0966171 0.08304934 0.07467154 0.05497466 0.05645401 0.09511945 0.08550103 0.08329497 0.09412235 0.2393473 0.2084939 0.1945533 0.1971145 0.3896686 0.3007221 0.2149219 0.2261461 0.1851137 0.1317354 0.1439502 0.1195681 0.05560254 0.06387608 0.1204787 0.01098203 0.02600802 0.02600477 0.0232557 0.02658852 0.06674699 0.04695242 0.04372795 0.04016684 0.03212568 0.05486549 0.04361091 0.03514087 0.02826396 0.04464115 0.02249995 0.02436173 0.03820428 0.02797908 0.03037584 0.0327295 0.05582898 0.08209326 0.05594715 0.08124292 0.04408877 0.04568062 0.047388 0.04902149 0.05041879
0.1454241 0.2093404 0.1157928 0.1140459 0.1311121 0.1423975 0.1388816 0.06735613 0.06137443 0.09398578 0.06455842 0.1922356 0.1893938 0.1865371 0.1871223 0.2724837 0.1982354 0.1512216 0.1278953 0.1321029 0.1429399 0.06037114 0.06130251 0.01089985 0.01858578 0.01437174 0.008489964 0.007387544 0.01142997 0.008423561 0.00972413 0.01477461 0.01776157 0.01513449 0.01652078 0.009046833 0.02810259 0.03108529 0.02918219 0.03033148 0.03314143 0.02932564 0.03086344 0.02092321 0.02191025 0.02293739 0.02396333 0.02607104 0.03306435 0.03343567 0.03452844 0.02928268 0.03006689 0.03652934 0.03176205 0.03297884
0.1570581 0.136239 0.07584374 0.09155105 0.1361198 0.1136802 0.08510883 0.04644362 0.04063023 0.05745424 0.04377748 0.1325151 0.129896 0.2564263 0.1959583 0.2285418 0.1771445 0.1875401 0.1281558 0.148648 0.14289 0.07531624 0.03942657 0.009282549 0.003210353 0.003133771 0.005315582 0.003456895 0.003642873 0.003986101 0.004448805 0.007021321 0.007678019 0.007896791 0.008722651 0.009647563 0.01582217 0.03081113 0.02340817 0.02207621 0.02266409 0.02266507 0.02342666 0.02146999 0.02229222 0.0232511 0.02446437 0.02609088 0.03165656 0.02566602 0.02610879 0.02740762 0.02784648 0.02813966 0.02866846 0.02968822
0.1518406 0.09963211 0.08153185 0.1064631 0.08823529 0.05741505 0.06397849 0.0451576 0.03876328 0.02823337 0.04209429 0.2333544 0.2153352 0.1738951 0.1451531 0.2502504 0.1798309 0.148163 0.07490105 0.107307 0.1142669 0.08803917 0.06506052 0.009054429 0.005679686 0.001768382 0.003649847 0.001623437 0.001551463 0.001689627 0.002024865 0.00339095 0.004164577 0.003951161 0.003732414 0.008882701 0.01545618 0.02078279 0.02414448 0.02164445 0.02257129 0.02284012 0.02342634 0.02135024 0.02201493 0.0228795 0.02344058 0.02426302 0.02447411 0.02429611 0.02439981 0.02500341 0.02528787 0.02521061 0.025416 0.02621024
0.2366135 0.1270326 0.09107994 0.1229126 0.1060862 0.071758 0.1084503 0.04250441 0.02725059 0.02661716 0.04876002 0.2499114 0.21171 0.1048656 0.05853394 0.152246 0.1463258 0.124635 0.08054873 0.1019396 0.07826431 0.04166318 0.02772416 0.008787856 0.005904984 0.002125487 0.00190316 0.001601849 0.001342434 0.001334776 0.001557454 0.002581966 0.002906571 0.002958557 0.002755359 0.008059355 0.01499433 0.02094155 0.02457694 0.02172381 0.02071274 0.02080621 0.02111357 0.0203813 0.02067844 0.02111565 0.02140371 0.02240207 0.02205584 0.02200905 0.02187301 0.02164404 0.02179324 0.02153154 0.02153469 0.02224009
0.2189394 0.1860297 0.2018829 0.2342675 0.1648867 0.1020004 0.09906688 0.05806302 0.104069 0.05601597 0.03128195 0.0952327 0.1080951 0.07001884 0.05739135 0.05517405 0.05436874 0.04654212 0.04989698 0.05231549 0.0359717 0.02776615 0.007063363 0.01006226 0.007032163 0.004746465 0.003930975 0.001731283 0.001508493 0.001449507 0.00161404 0.0007274682 0.002083431 0.000975791 0.0009347512 0.003914875 0.008365277 0.01270635 0.01563626 0.01418964 0.01436117 0.01412764 0.01411502 0.01906903 0.01900916 0.01903304 0.01905622 0.01455676 0.01433467 0.0139899 0.01380189 0.01815491 0.01806703 0.0176065 0.01750286 0.01740827
0.1872458 0.1674502 0.1993294 0.2762813 0.193079 0.09106635 0.05976031 0.07748826 0.06566004 0.05879004 0.03358437 0.07987372 0.06638008 0.07913238 0.0587902 0.07023941 0.0438586 0.03971042 0.07137337 0.08535483 0.04431146 0.0337612 0.0147648 0.008850587 0.009804214 0.005404049 0.004249332 0.001157367 0.0007948937 0.0006161924 0.0006456287 0.0003802079 0.001463849 0.0005070425 0.0004993901 0.001793777 0.006107879 0.01036309 0.01348089 0.01225116 0.01271506 0.01266417 0.01247157 0.0167655 0.01650771 0.01635855 0.01628393 0.0122982 0.01193198 0.01152729 0.01131028 0.01458755 0.01430617 0.01377236 0.01350403 0.01343907
0.2675283 0.2120156 0.2334867 0.2155606 0.1530613 0.1042762 0.07255439 0.06608816 0.07601452 0.05889795 0.05967465 0.09564828 0.09593695 0.06017129 0.05421644 0.07242326 0.05274969 0.05933887 0.07560388 0.1144726 0.1289423 0.05623779 0.03004302 0.01411361 0.0134037 0.007302418 0.006067464 0.001685368 0.001275772 0.001019376 0.000942086 0.0006126568 0.0004810927 0.0003887815 0.0004650515 0.0007780377 0.00478544 0.008832347 0.01190391 0.01076337 0.01147136 0.01133425 0.01106977 0.01453833 0.01413455 0.01386552 0.01373576 0.01033867 0.009942138 0.009414229 0.009036941 0.01141189 0.01100955 0.01045342 0.01014262 0.00997716
0.2946017 0.2983827 0.282831 0.2313908 0.1371123 0.11837 0.07721815 0.08064392 0.09789246 0.07196841 0.06966795 0.1182657 0.08903621 0.0752964 0.0831271 0.1115217 0.08908676 0.09505782 0.09208019 0.1159553 0.08873153 0.06918478 0.0327777 0.02168641 0.01627007 0.01191585 0.0092084 0.002711571 0.002333526 0.002012333 0.001800511 0.001352718 0.001094021 0.0008612484 0.0006585184 0.0004337137 0.002699395 0.006424351 0.009541335 0.009065135 0.009823236 0.009698034 0.009417798 0.01240366 0.01194479 0.01163797 0.01146319 0.008627987 0.008167385 0.007572166 0.007097303 0.008563893 0.008085907 0.007557533 0.007150773 0.006876706
0.3165523 0.3028263 0.2820334 0.1571287 0.1144649 0.1058446 0.08106247 0.09109072 0.1004734 0.08396925 0.08064818 0.1072213 0.07857876 0.06911058 0.08145499 0.1546915 0.121742 0.1119484 0.07830916 0.08204877 0.0733121 0.06981723 0.03667781 0.03797065 0.02985477 0.02883524 0.02566338 0.01697453 0.01509365 0.01323663 0.0115425 0.01030592 0.0083716 0.006638861 0.005491039 0.003960327 0.003706403 0.005741347 0.008740738 0.006597165 0.00752874 0.007560165 0.007327608 0.007890374 0.007694441 0.007562085 0.00742384 0.006182449 0.00582774 0.005324123 0.004844409 0.004989445 0.004549218 0.004087138 0.003756622 0.004322338
0.2785631 0.2962825 0.2570834 0.169934 0.1147491 0.105671 0.09979488 0.1152793 0.08861432 0.07039762 0.08530757 0.09242011 0.06321282 0.06887184 0.0695335 0.1363307 0.09090966 0.101295 0.1142616 0.09383311 0.07081304 0.06376828 0.04946555 0.04639864 0.03878756 0.03454458 0.03211296 0.02273521 0.0198633 0.0177206 0.01544059 0.01388621 0.01128492 0.008965379 0.006816197 0.004056322 0.002788655 0.001743748 0.004510503 0.004511504 0.005564156 0.005717836 0.005626863 0.006236393 0.006093763 0.006023048 0.006162472 0.005110523 0.004832084 0.004313934 0.003819799 0.003535557 0.003131749 0.002702108 0.002366114 0.002282624
0.2228259 0.230779 0.1858232 0.1537702 0.1026567 0.09872121 0.09702159 0.07408673 0.0555044 0.05677344 0.07888993 0.09267138 0.05645946 0.07721035 0.07590459 0.09178997 0.0894925 0.1196229 0.1229566 0.130392 0.1128797 0.08448528 0.07177764 0.05267575 0.05303505 0.04441379 0.04250322 0.03304388 0.02726738 0.02497957 0.02189515 0.02000298 0.01656619 0.01333407 0.01016393 0.003781368 0.002102803 0.001578178 0.00117352 0.003116682 0.004235383 0.004487858 0.004456131 0.00514545 0.005009418 0.004932425 0.005113739 0.004386744 0.004090831 0.003636401 0.003146087 0.00255876 0.002194423 0.001803003 0.00146262 0.000909291
0.2419732 0.1781642 0.1617519 0.1207437 0.1137806 0.1097771 0.08014634 0.04162525 0.03936104 0.04108853 0.05002483 0.09035405 0.08227082 0.08496264 0.06995913 0.104168 0.110684 0.1075361 0.1262461 0.118154 0.09892303 0.1126253 0.08800858 0.06889302 0.06260677 0.06127432 0.05534355 0.05016562 0.04619478 0.03499631 0.03125939 0.02908861 0.02408046 0.01957382 0.01496543 0.004242819 0.002676543 0.001822401 0.0007339586 0.002488741 0.00389926 0.004032806 0.003965409 0.004765033 0.004566145 0.004489758 0.00468909 0.004121955 0.003842692 0.00342928 0.002995321 0.002286777 0.001966233 0.001643609 0.001325979 0.0007640927
0.1503778 0.1762628 0.2002571 0.1193668 0.09833989 0.08927707 0.05443583 0.02347937 0.0332536 0.04056072 0.03033295 0.0626475 0.07159714 0.0733028 0.09165504 0.1240437 0.1303601 0.1284536 0.1156439 0.1119395 0.1001946 0.1062953 0.1193097 0.09842316 0.08356018 0.08258163 0.07849948 0.07914724 0.08700307 0.08028194 0.06396117 0.05460795 0.04612328 0.03722459 0.028537 0.0086437 0.004613567 0.002281385 0.001847406 0.002418137 0.003402177 0.003700429 0.003716705 0.005222328 0.004887513 0.00469328 0.004606151 0.004519828 0.00422904 0.003862475 0.003927062 0.007507512 0.009430231 0.007270921 0.006278938 0.006135178
0.1077786 0.1396166 0.1536448 0.1200339 0.06452011 0.04244775 0.04608464 0.02468536 0.03626215 0.04679308 0.03601464 0.06921713 0.07074646 0.0794054 0.08366212 0.1227051 0.1342069 0.1103315 0.1057412 0.1150625 0.09745812 0.1190143 0.1200482 0.1215511 0.09820061 0.09644375 0.09426315 0.09537868 0.1057062 0.1026374 0.08281808 0.06694195 0.05989947 0.04680534 0.03568889 0.01070479 0.005753071 0.002873972 0.002319129 0.002430865 0.003298757 0.003602827 0.003598709 0.005015533 0.004654788 0.004451473 0.004408288 0.004263889 0.003995661 0.003660247 0.003480928 0.007748018 0.008283353 0.006894119 0.006138635 0.005680555
