contrib/geomasonDemos/riftland/riftlandData/RainData/.svn/text-base/9.txt.svn-base
ncols         56
nrows         54
xllcorner     28.264
yllcorner     -5.7719999999999
cellsize      0.25
NODATA_value  -9999
[rows 25 to 49 of 54, columns 0 to 55 of 56]
0.1271201 0.1511711 0.1251116 0.1064199 0.0909197 0.04706973 0.04709233 0.04051079 0.02315879 0.02431186 0.0426268 0.08012626 0.07883899 0.07741646 0.07529796 0.1343902 0.1173697 0.1108421 0.1048137 0.1084644 0.1021721 0.1216186 0.1135284 0.1188747 0.1193046 0.1041041 0.104141 0.100002 0.1120205 0.1163536 0.09597185 0.08396871 0.06798185 0.06121243 0.04468632 0.01217515 0.006705141 0.003510915 0.002820115 0.00274056 0.003411341 0.003678551 0.003594817 0.004879338 0.004441832 0.004195873 0.005782265 0.004551724 0.003696765 0.006295817 0.003542464 0.01016208 0.008606046 0.006696495 0.00826167 0.005422794
0.1621717 0.1381908 0.1209685 0.1519327 0.130534 0.07826614 0.06469334 0.07624757 0.03476865 0.05347065 0.06477637 0.08779687 0.07952207 0.06430518 0.07717469 0.1375398 0.1246807 0.1311509 0.1178911 0.1244066 0.1154723 0.1146165 0.1250833 0.1446564 0.1213065 0.1130079 0.1136728 0.1182901 0.1228915 0.112244 0.1075201 0.08935701 0.07571279 0.0638279 0.04497259 0.01314855 0.007524231 0.004173727 0.00336101 0.003140488 0.003701139 0.003922338 0.003733725 0.005011021 0.004601678 0.004040563 0.005118106 0.003966189 0.003211373 0.003338684 0.006300976 0.007119395 0.007305512 0.006823944 0.007897099 0.007998831
0.2419925 0.1588471 0.1974652 0.1173668 0.1066732 0.09935725 0.1191737 0.09180368 0.09067635 0.0917632 0.1046852 0.1180078 0.1055132 0.08738881 0.07712232 0.08099125 0.09095225 0.1090457 0.0974247 0.09847246 0.1058016 0.1530772 0.1775481 0.1568358 0.13226 0.1290286 0.1295087 0.1281785 0.1298266 0.1204348 0.1208492 0.1015271 0.08500428 0.06981615 0.04677476 0.01768985 0.01037066 0.006217745 0.004881043 0.004390005 0.004728356 0.004401174 0.004555226 0.003961693 0.005340225 0.00457276 0.003000354 0.00311574 0.002934611 0.002516343 0.002251406 0.007467819 0.002656579 0.009418429 0.002954114 0.0001745367
0.2635496 0.168424 0.2197471 0.1523764 0.1040497 0.1005376 0.1122377 0.09159231 0.09871218 0.09568667 0.1136719 0.1073709 0.08934176 0.07941686 0.07478611 0.07466694 0.07600374 0.09324137 0.08301073 0.09076271 0.0991187 0.1592132 0.1973611 0.1875018 0.1538172 0.1352693 0.1417871 0.1266752 0.1347096 0.1227582 0.1155041 0.1088907 0.08675105 0.06528427 0.04907953 0.01865716 0.01135491 0.008150354 0.005544985 0.004904362 0.005046967 0.00450753 0.004084097 0.003905553 0.004134113 0.003206904 0.003411391 0.002806772 0.002388697 0.00217987 0.002024737 0.004470743 0.002343399 0.005381174 0.002222202 0.0007640325
0.2171304 0.1902185 0.2551546 0.1313055 0.08699196 0.09022213 0.1123477 0.0872194 0.1242993 0.09821682 0.09501391 0.08727729 0.0795188 0.08115112 0.0880252 0.07022029 0.07909405 0.1052271 0.08596041 0.09136416 0.09927153 0.1188385 0.1984101 0.2390856 0.1951883 0.1588304 0.1388236 0.1292655 0.1374406 0.1206962 0.1218898 0.1126284 0.08460282 0.06482404 0.05091602 0.02167449 0.01190577 0.009004842 0.006073147 0.005311965 0.005173668 0.004514384 0.004030718 0.003714052 0.002947319 0.002730532 0.002496583 0.002433164 0.002007872 0.001840082 0.002129082 0.002368641 0.002316797 0.006082471 0.003104386 0.001221477
0.2232857 0.1806857 0.1657913 0.1218498 0.07951388 0.08782648 0.09431651 0.1059198 0.1302314 0.1095717 0.1105002 0.09120637 0.07984793 0.06702209 0.0725933 0.1116481 0.07903428 0.07403665 0.07637696 0.08864629 0.09109937 0.09741643 0.1142442 0.1916108 0.2296153 0.2043725 0.1451221 0.1368923 0.128069 0.1216711 0.119515 0.1271572 0.08371955 0.06105256 0.04763537 0.02558914 0.02177112 0.007943104 0.006421323 0.005604394 0.005417791 0.004676678 0.004115388 0.003935842 0.003079858 0.002603692 0.00248297 0.002956653 0.002517393 0.002146197 0.00234709 0.001479786 0.001511572 0.00154096 0.001550854 0.003087536
0.1505597 0.1124389 0.1391004 0.1285171 0.09646868 0.08873382 0.1091245 0.1375202 0.1339286 0.1179761 0.0983699 0.1161781 0.08940262 0.08255082 0.0775937 0.09156507 0.1217772 0.1105655 0.1060035 0.1054189 0.1004121 0.100504 0.1114621 0.1530921 0.1708246 0.182219 0.1482127 0.1253664 0.1247355 0.1202626 0.1117814 0.1008356 0.07542936 0.06328905 0.04722122 0.02785372 0.02711232 0.0114794 0.00926235 0.005662637 0.005378629 0.004945983 0.004258341 0.005357127 0.004597951 0.004137316 0.004009607 0.00666095 0.00502479 0.004681396 0.005300076 0.004849426 0.004085337 0.003981868 0.004669658 0.01200111
0.1507274 0.1616378 0.1081919 0.0941603 0.09096811 0.09613863 0.1386007 0.1576136 0.09103168 0.09156547 0.07563587 0.09244413 0.07811678 0.08653664 0.08574551 0.1199687 0.1291859 0.1367705 0.1312875 0.1103781 0.1027878 0.1043724 0.1072713 0.1521332 0.1599052 0.1641939 0.147314 0.1239016 0.1315579 0.1170617 0.1059885 0.08463854 0.07394163 0.06653614 0.04556046 0.02823369 0.01716541 0.01206412 0.00974447 0.006005762 0.005671869 0.005171646 0.004416593 0.005484787 0.004696505 0.004235613 0.005039026 0.006778503 0.01180329 0.004774786 0.004516013 0.00501597 0.004235593 0.004138723 0.004858975 0.009341732
0.163901 0.1899828 0.1393953 0.1010666 0.1008759 0.1181843 0.1421466 0.1146905 0.07301084 0.06916632 0.07493662 0.08690847 0.07474957 0.08697864 0.07998878 0.143612 0.1587408 0.1539556 0.1136835 0.1101621 0.1008559 0.09786776 0.1000449 0.1262757 0.1703413 0.1818713 0.1472592 0.1270716 0.128917 0.1099167 0.09764154 0.0825058 0.06867781 0.06148002 0.04189184 0.02676039 0.01904199 0.01272918 0.009865776 0.006237271 0.006926147 0.006342213 0.004914381 0.005996562 0.005173869 0.004729777 0.005555218 0.00732565 0.005716641 0.005380397 0.005110107 0.005623545 0.004706683 0.005469976 0.005264505 0.01077995
0.1915914 0.1675836 0.1538278 0.1240611 0.1425625 0.1378468 0.1361457 0.09559421 0.07823019 0.06755713 0.06548857 0.07693666 0.07291871 0.08879283 0.08540162 0.1652146 0.2134972 0.1631365 0.1068023 0.1039863 0.09321352 0.08718769 0.08801722 0.1049062 0.1648544 0.1517246 0.1310392 0.1178671 0.1074252 0.09075993 0.08377539 0.07492521 0.07053752 0.05894435 0.04229929 0.02211808 0.01536361 0.01133052 0.009314523 0.006216361 0.006250982 0.006045294 0.005545728 0.006536882 0.006495026 0.006528055 0.006508713 0.007958217 0.006703377 0.006374521 0.007062078 0.00642639 0.005468993 0.01021622 0.005932716 0.01495396
0.263547 0.1877747 0.1384478 0.1493518 0.123051 0.1302883 0.1259798 0.09413101 0.07314642 0.06677479 0.06507435 0.08567077 0.08998875 0.1095925 0.09842956 0.1632535 0.1643903 0.09549893 0.06154004 0.04828733 0.04765667 0.04869005 0.05474315 0.1197289 0.1706955 0.1623123 0.1293136 0.09073526 0.08083589 0.06397174 0.06254648 0.05733867 0.04390138 0.03523893 0.0300391 0.01978859 0.01598694 0.01141024 0.009503504 0.007646613 0.006653488 0.006639523 0.006275671 0.04180261 0.006661014 0.00791677 0.008050665 0.01191836 0.01493458 0.01090281 0.01183467 0.007045297 0.008562926 0.01791715 0.01121954 0.02177248
0.293312 0.1726693 0.1194382 0.1230565 0.1034394 0.1178949 0.08671491 0.09683677 0.06384484 0.07138317 0.07047538 0.08755695 0.08743821 0.0897728 0.1024858 0.1651955 0.1088574 0.06376153 0.06208276 0.04068495 0.03617628 0.03843884 0.0436938 0.1630314 0.1411926 0.1567314 0.1201267 0.08057489 0.06815378 0.05651055 0.04992712 0.04518976 0.03403923 0.02933341 0.02966334 0.01678419 0.01324398 0.01068339 0.009775101 0.006334218 0.006922069 0.007067784 0.006894733 0.04255237 0.008723862 0.008637226 0.009233663 0.01486944 0.01836726 0.01240758 0.00890464 0.006214641 0.007698582 0.009796462 0.01224888 0.02182327
0.2758498 0.1682344 0.1142967 0.09209404 0.09745798 0.09795269 0.077278 0.09934534 0.07102586 0.05278731 0.05247058 0.08651537 0.08399925 0.09452669 0.1514932 0.1294842 0.08654992 0.05561937 0.04067357 0.03147088 0.02955403 0.03130224 0.06760664 0.1584529 0.1391519 0.1124534 0.09731758 0.06197884 0.05888001 0.0504749 0.04349953 0.032426 0.02708565 0.02078142 0.01947798 0.01437489 0.01160797 0.00962871 0.008370619 0.006943495 0.007863365 0.008429471 0.008538997 0.01025763 0.01001954 0.01004939 0.01070616 0.01667391 0.01798404 0.01264618 0.01084773 0.03132836 0.01948553 0.01511648 0.01794922 0.01233333
0.3280975 0.2296324 0.1158564 0.08683437 0.08700558 0.07365897 0.0703349 0.07872986 0.07035046 0.05033322 0.04361044 0.07913488 0.08718579 0.08861631 0.1218161 0.1167073 0.05204228 0.03334419 0.03658805 0.02726281 0.02685963 0.02967132 0.0601115 0.1040781 0.1379618 0.1075482 0.09508813 0.05481605 0.05177862 0.04507947 0.03772865 0.02769825 0.02174509 0.01784746 0.01535386 0.01230553 0.009905012 0.00823837 0.00751828 0.006756877 0.008153708 0.009171768 0.009618152 0.01190185 0.01159279 0.01181569 0.01253881 0.01817269 0.02016292 0.01500948 0.01286037 0.01690248 0.02277904 0.01876843 0.008619235 0.01216667
0.3090168 0.2106306 0.1746487 0.1236283 0.1207129 0.07982789 0.0729273 0.1048604 0.08205493 0.07682541 0.07892539 0.08294482 0.07745174 0.07386351 0.08933114 0.0483704 0.02811453 0.02208564 0.03004561 0.0278627 0.02866139 0.03179439 0.0409388 0.089817 0.1152263 0.09228773 0.08405139 0.03473899 0.03290132 0.02920288 0.02509747 0.02303721 0.01807436 0.01475536 0.01228748 0.008029982 0.006798614 0.00602383 0.005246353 0.009978698 0.01004636 0.01135321 0.0122737 0.01369967 0.01398661 0.01460588 0.01536416 0.0185148 0.03298374 0.02808185 0.0202765 0.02930201 0.03064504 0.01465272 0.0156086 0.01833333
0.2503959 0.1662803 0.1534808 0.1446408 0.1535795 0.09991438 0.06870162 0.09939153 0.07828742 0.07253197 0.07319903 0.07670508 0.06641389 0.07322592 0.06731068 0.04161909 0.04201514 0.0192704 0.01752725 0.02074938 0.02353429 0.03328315 0.0417921 0.08737838 0.1010187 0.09189323 0.08473922 0.03224501 0.02814814 0.02544451 0.0215326 0.0186309 0.01495832 0.0134472 0.01300525 0.006311064 0.004868028 0.004802556 0.01058979 0.01220006 0.0133652 0.01218685 0.01351578 0.01543174 0.01609454 0.01692487 0.01737637 0.02108504 0.03294874 0.0229523 0.02432672 0.02878783 0.01849288 0.01973112 0.01958624 0.01904166
0.3216369 0.1580466 0.1390294 0.1562456 0.1361796 0.104829 0.07513591 0.1071776 0.07944921 0.07211058 0.07222218 0.06504343 0.05424792 0.07136185 0.08393317 0.03871129 0.03254367 0.01627966 0.01429669 0.0215641 0.02598838 0.03460126 0.06662204 0.06662478 0.06043068 0.0599574 0.0396 0.02539186 0.0233738 0.02129443 0.01804324 0.016934 0.01213914 0.01199454 0.009281609 0.005220023 0.004139659 0.003912981 0.01135755 0.01402947 0.01341672 0.01415205 0.01627469 0.01750756 0.01839833 0.019163 0.01963282 0.03400299 0.02396886 0.03155573 0.02650016 0.02462951 0.01833425 0.01752468 0.02053348 0.014625
0.2420361 0.130068 0.1240977 0.1266188 0.1202011 0.09634247 0.07329525 0.1070033 0.0965744 0.06937334 0.05676355 0.05659006 0.04949335 0.04878314 0.04788909 0.02541148 0.02226116 0.01754033 0.01288753 0.01754418 0.02482849 0.03288652 0.0303016 0.04031562 0.03673629 0.03406117 0.03128588 0.02066934 0.01916628 0.01719741 0.01933944 0.01247319 0.009849674 0.007525366 0.007276468 0.01748213 0.05155732 0.008559778 0.007878506 0.01211322 0.01556551 0.01711887 0.01924117 0.02046939 0.02102725 0.02186172 0.03346542 0.03313928 0.02726277 0.03675847 0.03541386 0.01789641 0.01590303 0.02552889 0.02112914 0.01583333
0.2064447 0.1393346 0.09886852 0.03743847 0.06410129 0.02923048 0.02762552 0.02469189 0.04487729 0.02863337 0.01950532 0.0639646 0.06010398 0.04987822 0.03429871 0.01268645 0.03180394 0.02115488 0.0101368 0.0180972 0.01962445 0.01683342 0.01641173 0.008183874 0.006917825 0.005839227 0.004836609 0.003670468 0.003433088 0.008862413 0.01042292 0.005089174 0.004985906 0.005505299 0.00887745 0.01963648 0.125452 0.009072523 0.02043279 0.01562562 0.01722474 0.01915304 0.02137417 0.02882807 0.02918269 0.02973605 0.03028572 0.03225906 0.03147795 0.03703559 0.01837425 0.01583333 0.01479167 0.01966667 0.02491667 0.01495833
0.1883001 0.1088995 0.07038343 0.01821882 0.05680151 0.0725726 0.03983697 0.02713332 0.02212478 0.01689596 0.01899598 0.0531287 0.04423074 0.03974637 0.02828367 0.01423884 0.01599745 0.01139202 0.01165802 0.01630398 0.01118063 0.01089474 0.01151153 0.004258368 0.004154103 0.003715538 0.00339104 0.002541123 0.002200695 0.003656682 0.002410223 0.003533902 0.003735131 0.004959039 0.003108668 0.007370727 0.01665473 0.007374743 0.009626019 0.01581151 0.01938528 0.02236393 0.0242741 0.0308851 0.03143497 0.03082294 0.03452128 0.03410076 0.03742525 0.02324801 0.01976472 0.01775 0.02758333 0.02004167 0.02075 0.01683333
0.1885776 0.08085973 0.06081063 0.05981432 0.03941758 0.06600977 0.03372388 0.04632951 0.01761103 0.01981889 0.01587781 0.03316104 0.02785857 0.02699841 0.02573638 0.009650652 0.007309151 0.009739842 0.008187382 0.01199719 0.009193794 0.00915662 0.009516918 0.003111922 0.003082277 0.002964382 0.002608624 0.001893592 0.001574653 0.002019355 0.001112782 0.002625776 0.002324105 0.002382495 0.004091447 0.005985644 0.007195404 0.009276696 0.01421483 0.01941982 0.02331466 0.02643663 0.02799651 0.03469333 0.03496145 0.03449503 0.0341258 0.03600061 0.04097427 0.02540994 0.02233432 0.01883333 0.02158334 0.02120833 0.02375 0.01745833
0.1134387 0.06366996 0.05427557 0.01539537 0.009553228 0.01077936 0.02676714 0.05807199 0.02161454 0.01571817 0.01360366 0.02919831 0.02870318 0.01981386 0.0221645 0.01264705 0.009576003 0.005002836 0.004796834 0.007548527 0.007219541 0.007344333 0.007550405 0.002342638 0.002429792 0.002338995 0.002028002 0.008436769 0.001218512 0.001080548 0.001531073 0.002395633 0.002524805 0.002686636 0.004678487 0.007721489 0.01086986 0.01339193 0.01608302 0.02463047 0.0294458 0.03244689 0.03385927 0.03998068 0.03994963 0.04192882 0.03846119 0.03786018 0.02825443 0.0263197 0.02080385 0.02425 0.02458333 0.02308333 0.02033333 0.02045834
0.0559564 0.04277921 0.02532187 0.01336347 0.01623458 0.02022414 0.02649967 0.02525645 0.0164976 0.01272133 0.004465068 0.0206082 0.01497398 0.01315518 0.01358781 0.010824 0.009616983 0.008693866 0.002720432 0.003414514 0.003374375 0.003413213 0.003490333 0.0009173198 0.0008962807 0.0008461372 0.0007305623 0.002576887 0.003435478 0.004999327 0.005423374 0.001903733 0.001893426 0.002960874 0.004543646 0.009108491 0.01144416 0.01641134 0.02506675 0.032787 0.03853784 0.04210078 0.04329017 0.0413047 0.04123024 0.04004813 0.03777865 0.007125 0.017125 0.01495833 0.006833333 0.01254167 0.01529166 0.01620833 0.01770833 0.023
0.04804109 0.04548756 0.02446356 0.02166145 0.02201851 0.006607644 0.008059977 0.01429301 0.007116866 0.003650329 0.006002764 0.01498157 0.01195809 0.007379191 0.0115948 0.01599283 0.00887106 0.005600149 0.001811815 0.002269428 0.002226138 0.002192137 0.002154167 0.0005241942 0.0005164136 0.0004747464 0.000403575 0.004164393 0.005453581 0.004896349 0.005711651 0.001894729 0.00285399 0.004213342 0.006151666 0.01142739 0.01415008 0.01792292 0.02518037 0.03916171 0.04542079 0.04910473 0.04980247 0.04540121 0.0480221 0.04571703 0.04350048 0.013 0.01404167 0.01129167 0.008916666 0.01675 0.01483333 0.01920833 0.01716666 0.02525
0.06110901 0.04656638 0.03559099 0.02412985 0.01085078 0.006541259 0.02017347 0.02238607 0.01076857 0.003908911 0.007780886 0.011713 0.01001697 0.005141287 0.007258455 0.01009924 0.003628758 0.002373027 0.001183223 0.001473329 0.001440645 0.001379834 0.00128291 0.0002990292 0.0002760172 0.0002447834 0.001310175 0.01330014 0.009729397 0.01097456 0.006371562 0.006269447 0.005270264 0.00560969 0.007468585 0.01310361 0.01620318 0.02032127 0.02623709 0.04323812 0.05338907 0.05454699 0.05526305 0.05265722 0.05135622 0.05277729 0.054689 0.01045833 0.01358333 0.006833333 0.008 0.0155 0.0155 0.01733333 0.02204167 0.02420833
