contrib/geomasonDemos/riftland/riftlandData/RainData/.svn/text-base/90.txt.svn-base
ncols         56
nrows         54
xllcorner     28.264
yllcorner     -5.7719999999999
cellsize      0.25
NODATA_value  -9999
[rows 0 to 24 of 54, columns 0 to 55 of 56]
0.06297339 0.05203254 0.04610219 0.05628451 0.05275 0.04554167 0.06936666 0.06930834 0.04063333 0.046425 0.04661666 0.05574166 0.04083334 0.03724167 0.043025 0.04978333 0.06199167 0.03023333 0.02796666 0.02965 0.04851666 0.03308333 0.0473 0.04032499 0.04639167 0.04853333 0.04425833 0.04055 0.04990834 0.04566528 0.07393306 0.09459165 0.07215 0.05665834 0.040425 0.04921667 0.04641666 0.02628333 0.01398333 0.01505833 0.007283333 0.02121667 0.01619167 0.020025 0.04056666 0.04411667 0.02915 0.01948333 0.01143858 0.008270546 0.01084181 0.009907614 0.01034456 0.003947499 0.0008754563 0.001611452
0.06061223 0.04701676 0.04347355 0.06333082 0.0610708 0.04863333 0.05632499 0.064925 0.04961667 0.03146667 0.033175 0.05005 0.05364167 0.04681667 0.03695 0.04391666 0.03953333 0.03530833 0.03176666 0.04000833 0.04165 0.0243 0.02669167 0.031175 0.03564167 0.03818334 0.035475 0.04074167 0.04335833 0.03068619 0.05757323 0.0689 0.04255729 0.03845901 0.02103839 0.04011746 0.04267884 0.03085431 0.01712262 0.01013883 0.00741377 0.006504145 0.01766141 0.01622254 0.01735891 0.03165676 0.02003089 0.02564439 0.01947523 0.01979931 0.01144054 0.01129097 0.01183139 0.002511139 0.0001890996 0
0.05942454 0.05406279 0.06115702 0.06003939 0.06268334 0.04828334 0.0366 0.05055832 0.05978333 0.05295833 0.04220834 0.03402501 0.03836667 0.042625 0.03673333 0.02976666 0.03033333 0.034925 0.034325 0.03119167 0.01906667 0.01080833 0.01645833 0.02765833 0.03556667 0.03533333 0.02919167 0.03173333 0.04433333 0.03928033 0.0288703 0.03332489 0.03422103 0.03334165 0.02917434 0.03793354 0.0395135 0.01920259 0.0125477 0.01776464 0.02165609 0.01124142 0.02128948 0.008535325 0.01503143 0.01647333 0.0199384 0.02387667 0.02487436 0.01650839 0.009139734 0.003820297 0.001122432 0.001443477 0 0
0.07215349 0.08583008 0.06596801 0.08105972 0.06845833 0.05564166 0.05490834 0.043975 0.04914166 0.057 0.05016667 0.02484167 0.02995 0.03288333 0.0357 0.0332321 0.03808885 0.0382943 0.03078328 0.02324543 0.02092676 0.01357411 0.02011731 0.03055514 0.02770874 0.02964318 0.03708427 0.02925584 0.01899496 0.02963769 0.02190727 0.02652461 0.0249765 0.02705338 0.02943712 0.04407127 0.0474309 0.04345897 0.02062976 0.02585097 0.02588158 0.0457807 0.03771773 0.01588706 0.01173938 0.006794127 0.01230452 0.01769928 0.0163067 0.01782294 0.009297917 0.001037512 0.000543214 0 0 0
0.05961851 0.06828333 0.0835777 0.06493723 0.05474999 0.05759165 0.046425 0.0386 0.03765 0.05081667 0.0443 0.03699166 0.02923333 0.03865833 0.037375 0.04311557 0.04259947 0.04049366 0.02917523 0.02042816 0.01974605 0.02223061 0.01988628 0.02164158 0.02736435 0.02544148 0.03615389 0.03398086 0.02230029 0.0158699 0.02668275 0.02872988 0.03227183 0.03956667 0.04594558 0.06303877 0.04344307 0.04177555 0.02418684 0.02164649 0.03388447 0.04122181 0.04886315 0.02181499 0.01887005 0.006852082 0.003459844 0.008091096 0.003357782 0.006786104 0.0006298627 0.0007269578 0 0 0 0
0.05034834 0.06982941 0.06808501 0.05916851 0.05119167 0.04794166 0.04835 0.04879167 0.02809167 0.03316667 0.03240833 0.0627 0.04241666 0.03797501 0.03013334 0.03909372 0.03251532 0.04365292 0.03562318 0.02206585 0.02182333 0.0221855 0.02693014 0.02748716 0.02248261 0.02735693 0.02302709 0.02740246 0.03022104 0.02304859 0.01311148 0.01674424 0.04109766 0.04941915 0.04583557 0.04393972 0.02731256 0.0168413 0.01892979 0.02142846 0.03638143 0.04115251 0.03082181 0.01968016 0.01056702 0.005484362 0.001450831 0.0003647279 0.0005178906 0.0001863064 0.000177627 0 0.000137165 1.21229e-005 0 0
0.03655 0.05067995 0.04554498 0.04917754 0.04075707 0.044925 0.0473 0.04404167 0.03738333 0.03353333 0.03386667 0.07156666 0.06415834 0.03661667 0.02499167 0.02543468 0.02928479 0.033344 0.03131447 0.02083127 0.0218388 0.01507307 0.01925341 0.02360938 0.01671677 0.01843854 0.01603826 0.01430918 0.01529122 0.02089192 0.01055264 0.01486653 0.03488053 0.03531926 0.02947557 0.02873258 0.01610758 0.008896429 0.006799474 0.03176356 0.05727325 0.02545777 0.03520675 0.01029293 0.002738148 0.003320152 0.0005098775 0.0002343125 0.002014473 0.001747299 0.001025224 2.685691e-005 0 0 0 0
0.04126666 0.03596666 0.02776438 0.03399013 0.03008386 0.042325 0.03356666 0.04251667 0.04472017 0.04021074 0.03416377 0.04494548 0.04099081 0.03229904 0.02278343 0.02626556 0.02753033 0.02415597 0.01951302 0.01732006 0.01139648 0.01620333 0.02173138 0.02347039 0.01704499 0.02174644 0.01888344 0.01366013 0.0152147 0.0203844 0.03334393 0.01743886 0.03044129 0.01762726 0.01679406 0.01374319 0.003243356 0.003600735 0.01527153 0.02817627 0.03180877 0.02256633 0.01718279 0.009025526 0.005520295 0.00146938 0.000616599 0.0006222695 0.0008453348 0.002061278 0.0009425845 0 0.004094331 0.000918288 0 3.982988e-005
0.034325 0.03608333 0.0252739 0.03404452 0.03874872 0.05284441 0.04847623 0.05274228 0.04967111 0.05287792 0.04286353 0.04004724 0.04938933 0.04889939 0.03233961 0.03623364 0.03010572 0.02389428 0.03652744 0.01951827 0.01339543 0.01390502 0.02036309 0.02111376 0.01420902 0.02038713 0.0138384 0.01025658 0.01116974 0.02001903 0.02372627 0.01750954 0.01738964 0.01330415 0.008993875 0.01933293 0.01131388 0.006778454 0.01320497 0.01823169 0.01623946 0.004917855 0.00401466 0.003699871 0.001862945 0.001804869 0.001139661 0.001218078 0.000689367 0.002106173 0.001128943 0 0.002687315 0 0 1.562003e-005
0.02984167 0.02746667 0.0283 0.02484552 0.03656007 0.05452808 0.05394101 0.06205856 0.06530289 0.05493023 0.04535563 0.06608323 0.09646931 0.05605938 0.03865718 0.03392918 0.03041998 0.02701391 0.01986705 0.0184612 0.0163985 0.02039352 0.02147777 0.01863917 0.01940639 0.01764385 0.01273402 0.00478462 0.006362596 0.008590173 0.01362083 0.01268884 0.01298335 0.02379585 0.007727803 0.03556952 0.008026905 0.003950363 0.009191406 0.009561969 0.002141245 0.001387284 0.001374135 0.0009925411 0.001376112 0.002706202 0.001907742 0.001215129 0.0005349443 0.0005082365 0.0004955013 0 0 0 0.0002598516 0
0.03536667 0.03026667 0.04004775 0.03509532 0.03535639 0.04593394 0.0552612 0.05633866 0.05392168 0.04822597 0.03155588 0.0736469 0.06222501 0.04559278 0.03292212 0.03092241 0.03113222 0.03416535 0.02522311 0.01809758 0.01558172 0.01990341 0.02014893 0.02505796 0.02661336 0.01743478 0.004969822 0.001728173 0.002562934 0.005131488 0.005501034 0.007788533 0.002306575 0.008251443 0.007215112 0.01072417 0.01147238 0.00241651 0.00149055 0.006308281 0.002097765 0.00142415 0.001546851 0.000749694 0.0006900872 0.0008804518 0.0006244432 0.0005682482 0.0005286918 0.00049773 0.00164225 0 0.0005567883 0.001235313 0 0
0.03069167 0.03007534 0.03957094 0.03682227 0.0437275 0.04092459 0.04966428 0.05759104 0.04733989 0.03558889 0.03585295 0.05687145 0.06505981 0.05539959 0.03042733 0.06454184 0.05714588 0.05156919 0.04783583 0.05423889 0.04433573 0.03781435 0.04712471 0.03437454 0.01828964 0.009210951 0.01032871 0.01269508 0.004712823 0.001999611 0.001049543 0.003262733 0.003926758 0.004819146 0.005681985 0.008697565 0.003870089 0.003119167 0.005279111 0.002842462 0.00215055 0.002134507 0.002382264 0.001542432 0.001327834 0.001264459 0.00119239 0.001070223 0.001013582 0.0009253969 0.0008891216 0.0004476048 0.0004260484 0.0003698715 0.0003650625 0.0003625338
0.04456525 0.03142605 0.03179995 0.03887741 0.05153531 0.04393025 0.04187042 0.0472698 0.0526257 0.04322277 0.03580241 0.04945652 0.05258306 0.04928028 0.05144185 0.093954 0.06262954 0.05350426 0.0532513 0.06536981 0.05350821 0.04555401 0.03493068 0.01961511 0.005106444 0.001656967 0.006897284 0.008401505 0.002489783 0.001188131 0.002363653 0.001499673 0.001703622 0.002233255 0.002292273 0.004254424 0.00361382 0.002720457 0.002160024 0.003008195 0.004637562 0.002370484 0.002289393 0.001397375 0.001476921 0.001267512 0.001186134 0.001060131 0.0009710311 0.0009027758 0.0008598314 0.0004307737 0.0004066766 0.0003742788 0.0003639815 0.0003593506
0.03435548 0.03735545 0.03729103 0.04204537 0.04930735 0.03935252 0.04048721 0.04902495 0.0697856 0.04398942 0.04332788 0.06144435 0.04973097 0.04891669 0.05055246 0.09388479 0.08995607 0.07010012 0.06567176 0.06697705 0.05853619 0.05746973 0.04708505 0.03238296 0.01286074 0.005978008 0.00229221 0.002537614 0.001077404 0.00106465 0.001620375 0.001781279 0.001872954 0.001734557 0.00166223 0.001892406 0.001993133 0.002084289 0.00213553 0.002221553 0.00225918 0.002231157 0.002136549 0.001405127 0.001335072 0.001382011 0.001170392 0.001033643 0.0009428945 0.0008742157 0.000834068 0.0004588787 0.0003920189 0.00037283 0.0003593981 0.003834845
0.05697095 0.05244441 0.0497701 0.04061488 0.04045372 0.0397473 0.03007031 0.0382587 0.05159408 0.05106075 0.05468211 0.07677747 0.06200308 0.0608228 0.07828058 0.08056223 0.07973363 0.1063789 0.08666251 0.06882753 0.05313426 0.03903679 0.04726315 0.03032888 0.02665918 0.004031415 0.009559498 0.00144638 0.002815053 0.00229595 0.003469181 0.001906904 0.001728646 0.001641292 0.002026212 0.001925143 0.002066057 0.002161033 0.002185008 0.002281898 0.002315364 0.002263772 0.002150139 0.001401016 0.001314213 0.001235673 0.001142388 0.00140924 0.0009119835 0.000843615 0.0008060502 0.0004044191 0.0004245321 0.0003619597 0.0003495332 0.000344975
0.06298883 0.05471923 0.05451934 0.04974737 0.0463408 0.03578874 0.03855837 0.05561363 0.04163539 0.04631947 0.06183126 0.08266614 0.0859457 0.06230729 0.05623428 0.0652618 0.06073608 0.06645787 0.0970204 0.04970994 0.04148819 0.02737389 0.04309743 0.04019636 0.02106742 0.01198829 0.01493645 0.004570694 0.003012887 0.003188208 0.00312475 0.004113735 0.00374789 0.003708862 0.004044866 0.002558539 0.002766189 0.002891983 0.003432484 0.002998651 0.003078338 0.002970655 0.002791945 0.001369364 0.001270603 0.001190459 0.001094398 0.002719531 0.005279607 0.006398746 0.0007665529 0.0003930042 0.0003703197 0.0003519499 0.0003396589 0.0003234498
0.06199692 0.06155754 0.05325932 0.03593659 0.04029381 0.03454896 0.03523995 0.05487465 0.03371984 0.03852725 0.05710339 0.07053808 0.06733249 0.05594543 0.06610924 0.08398028 0.07556596 0.05927814 0.06131057 0.05090021 0.03951006 0.04811312 0.05319705 0.07498151 0.05543824 0.02131761 0.01736389 0.009163905 0.003512778 0.002788987 0.002863801 0.004320757 0.003987574 0.003926815 0.004150393 0.002634564 0.002861307 0.003018821 0.00299332 0.003057374 0.003102928 0.003012869 0.002798166 0.001365325 0.001282325 0.001151859 0.001094118 0.001151199 0.0008373013 0.0007738922 0.0007352924 0.0003786116 0.0004051662 0.0003433561 0.0003790014 0.0003129738
0.06808362 0.04854765 0.04637474 0.02474315 0.03280221 0.04677445 0.04252354 0.03285329 0.02766635 0.04115657 0.05187636 0.06874059 0.0701262 0.06947102 0.08567821 0.1013618 0.1336244 0.09639821 0.09177953 0.07914139 0.05140955 0.05549515 0.04403438 0.04336578 0.03885841 0.01612753 0.01172567 0.01149569 0.004153894 0.004344733 0.003943486 0.004923071 0.004202443 0.004318242 0.004420246 0.002759152 0.002965049 0.003085947 0.003078352 0.003127957 0.003158514 0.003068676 0.002815022 0.001344178 0.00128668 0.001113121 0.001018665 0.000932586 0.0008004218 0.006986934 0.0007022561 0.0009959167 0.0003453988 0.0003303213 0.001264384 0.0004763445
0.06652971 0.04361134 0.04413814 0.04321264 0.05148762 0.05749176 0.06660923 0.04699694 0.03794555 0.05349316 0.04857631 0.05830164 0.05641717 0.07231981 0.09698094 0.1010663 0.09500787 0.119019 0.1017766 0.07637501 0.08355752 0.05062622 0.05103103 0.06208667 0.04466284 0.02450435 0.04033578 0.01508387 0.006930233 0.005865803 0.005925084 0.006641106 0.005468681 0.005704809 0.004824833 0.002942086 0.003094437 0.003182504 0.003167827 0.003198805 0.003210139 0.003060113 0.002785557 0.001317942 0.001175491 0.001058643 0.001338889 0.001413143 0.004186559 0.000700614 0.0006716187 0.0003462503 0.0003895714 0.0003185061 0.0003088624 0.0002971351
0.08502246 0.06587603 0.06805293 0.08293486 0.07723285 0.05560572 0.08659897 0.06291447 0.07556355 0.0552139 0.05034433 0.04824881 0.04879214 0.05172781 0.07631484 0.09152754 0.07083943 0.1101594 0.1243283 0.09321882 0.1000065 0.06139807 0.05145456 0.05083407 0.05396722 0.04731752 0.02338815 0.01543556 0.01294771 0.01177451 0.01352663 0.008629628 0.006277249 0.00462443 0.004825444 0.007144113 0.007390765 0.007700195 0.009042906 0.007887565 0.007817519 0.00742217 0.006670782 0.004739118 0.004434695 0.00364706 0.003736832 0.00320158 0.002874111 0.002384038 0.003001041 0.0009408902 0.0005859102 0.0005665577 0.003646921 0.0005106444
0.07790221 0.07696535 0.06157365 0.05793788 0.06063399 0.05698061 0.05635101 0.07239582 0.0758618 0.05157368 0.04465105 0.0562166 0.05329276 0.04246037 0.04558066 0.05123552 0.07517746 0.1357066 0.1195752 0.09321716 0.08857339 0.05719866 0.04017292 0.05635919 0.0565886 0.04431273 0.03101506 0.01795411 0.01913362 0.0128349 0.03224604 0.009348397 0.00549716 0.006877047 0.005290384 0.01060587 0.01211394 0.01239629 0.009423107 0.008009091 0.008234217 0.007466618 0.006635318 0.004630626 0.003959951 0.003447429 0.003118804 0.002752929 0.002425512 0.002551731 0.002685463 0.001655134 0.001642938 0.008053971 0.02348717 0.02213085
0.0751925 0.06600995 0.07617814 0.05782576 0.04595056 0.0495162 0.05439913 0.06741111 0.06548414 0.04994164 0.0408108 0.04143779 0.05133053 0.05234929 0.05305288 0.06987483 0.09862328 0.1267238 0.1065911 0.09434866 0.1292449 0.1156168 0.04670661 0.05402068 0.04732974 0.07688574 0.06178211 0.05208927 0.03228995 0.02351328 0.03949951 0.01886719 0.007904824 0.006891082 0.006486858 0.008863254 0.01273009 0.01416069 0.01410239 0.008463301 0.008177742 0.007349523 0.006479311 0.004471743 0.003749327 0.003579114 0.004110851 0.003993308 0.003789947 0.003935171 0.00495181 0.005013342 0.003443416 0.02559425 0.01111849 0.03985181
0.06728979 0.0741531 0.07076416 0.05295835 0.06696327 0.05386496 0.0594603 0.0552696 0.04015998 0.03655358 0.03505861 0.03339968 0.04336894 0.05185961 0.08550044 0.07498854 0.06446663 0.06883253 0.08921055 0.09396228 0.1069856 0.08142611 0.04974698 0.06568675 0.04992794 0.0501003 0.05621492 0.05590006 0.03521949 0.04266907 0.05902138 0.03553126 0.01299083 0.00999715 0.008657868 0.01060099 0.008604243 0.007968954 0.01164361 0.00774501 0.007571887 0.007080933 0.00619184 0.004284296 0.00413351 0.004929111 0.005221649 0.004985014 0.004790657 0.00519592 0.006640385 0.004714361 0.004559275 0.02339077 0.01318941 0.02413528
0.04963125 0.04049836 0.04450285 0.0418412 0.04073656 0.05035072 0.04761533 0.05199463 0.03085597 0.02934377 0.02858564 0.02589759 0.02557798 0.06164524 0.060881 0.05593019 0.04122262 0.0436649 0.05828921 0.08048004 0.07395124 0.0640462 0.05121328 0.07803623 0.06306056 0.06605873 0.06583056 0.06315094 0.06022554 0.07178675 0.08917902 0.08333553 0.02431962 0.0139983 0.06859407 0.01306509 0.007065629 0.005604203 0.005501579 0.007827969 0.007919025 0.00939586 0.006721286 0.005185738 0.004773214 0.005369708 0.005803858 0.005692814 0.005492742 0.006880492 0.01191639 0.01059297 0.0280625 0.04375283 0.006434287 0.006095246
0.03681829 0.03357438 0.03015315 0.04117271 0.04459352 0.0403257 0.05557731 0.06211908 0.04844735 0.0309498 0.0320595 0.01816849 0.02194967 0.02286218 0.026118 0.03688139 0.02833244 0.02810453 0.04495176 0.06988666 0.1127195 0.07283393 0.0663041 0.08103279 0.08349253 0.07360943 0.07053835 0.09079634 0.08658928 0.08827554 0.09886386 0.09458648 0.03207543 0.02574383 0.02997277 0.0155133 0.007372991 0.00543105 0.005365736 0.007585019 0.007378657 0.00753305 0.007361327 0.007124075 0.00648216 0.006242292 0.006459133 0.006327126 0.006073813 0.006283349 0.006334899 0.008079486 0.04399026 0.0273173 0.03631575 0.04823392
