contrib/geomasonDemos/riftland/riftlandData/RainData/.svn/text-base/90.txt.svn-base
ncols         56
nrows         54
xllcorner     28.264
yllcorner     -5.7719999999999
cellsize      0.25
NODATA_value  -9999
[rows 25 to 49 of 54, columns 0 to 55 of 56]
0.05445406 0.05100006 0.06364576 0.06146052 0.04115815 0.05493524 0.07814927 0.06397319 0.06213291 0.02151581 0.02093478 0.03858171 0.02603751 0.01581434 0.01407573 0.02905217 0.02380992 0.02712821 0.04900976 0.06979668 0.09331277 0.07083241 0.07544195 0.1070307 0.1073892 0.1164818 0.09801337 0.09296696 0.09407736 0.09601653 0.1014909 0.06809124 0.05042781 0.06232269 0.02406007 0.01235316 0.008378252 0.005324981 0.005171528 0.00728129 0.007045395 0.00734315 0.007504456 0.006457279 0.006337254 0.00635941 0.01794284 0.01804175 0.006491259 0.006716832 0.00749349 0.01179615 0.007495871 0.006892436 0.03647992 0.007016638
0.0644035 0.06706461 0.06212194 0.04778318 0.03759036 0.0537963 0.04933514 0.06232894 0.04386513 0.02074253 0.01896264 0.03127922 0.03095098 0.02722148 0.01584039 0.02492844 0.01869341 0.04954277 0.05000653 0.09701466 0.0925925 0.08715817 0.09308446 0.1128532 0.09822644 0.1022287 0.1031344 0.1150006 0.1192371 0.1027679 0.1059765 0.07205987 0.06237913 0.1317541 0.04429958 0.01632681 0.00976447 0.007301727 0.006690101 0.00695868 0.006590749 0.007291709 0.007500922 0.006299049 0.007038007 0.006642412 0.02007299 0.01565862 0.007633697 0.007346381 0.008188807 0.07359165 0.04312216 0.01007377 0.02123717 0.0252562
0.09014601 0.05365882 0.05233674 0.04988113 0.05708389 0.06208469 0.04363556 0.06295219 0.04416726 0.03500345 0.03453061 0.03513723 0.03363407 0.04031171 0.0339839 0.03261845 0.0304069 0.06526684 0.07926397 0.09064797 0.09536009 0.1174119 0.10545 0.1292993 0.120194 0.1040147 0.1087789 0.1024265 0.1016301 0.1113459 0.1312533 0.1476118 0.09816016 0.1147145 0.04914093 0.0198633 0.01038105 0.007926955 0.006090641 0.00569318 0.005249366 0.006861875 0.006708379 0.005965348 0.005770633 0.008519349 0.01340105 0.007232519 0.006825228 0.007263124 0.007821772 0.01570093 0.04505166 0.05432015 0.06070447 0.02862888
0.05495493 0.04417427 0.04219478 0.05170013 0.05754354 0.0466475 0.0522811 0.0602743 0.0426787 0.0338977 0.02450873 0.03015376 0.03407175 0.04057207 0.02649362 0.03164575 0.03214757 0.05571503 0.0722561 0.04613327 0.0626744 0.06589877 0.08322514 0.1348951 0.1575662 0.1346941 0.1285348 0.0939308 0.09362749 0.1097842 0.1386053 0.1315976 0.1029117 0.07701868 0.05532414 0.02085388 0.0115682 0.006470843 0.006836451 0.005407775 0.006236776 0.006111193 0.00648394 0.005893554 0.01917334 0.0213046 0.02341431 0.007209599 0.007174076 0.007722114 0.009227747 0.03101662 0.04643147 0.05750683 0.05344975 0.036305
0.03497711 0.0325671 0.04145589 0.03673121 0.02757563 0.02197612 0.03685871 0.0399312 0.04402437 0.03935947 0.01982264 0.02466614 0.0327764 0.04519458 0.02522197 0.02547192 0.0358983 0.05069121 0.04537078 0.03632216 0.03093296 0.03923206 0.05647416 0.1254869 0.1661544 0.1547741 0.1216306 0.1041357 0.1085607 0.11248 0.1066898 0.1346648 0.1278874 0.07664989 0.09805282 0.02645427 0.01130496 0.0070838 0.01020864 0.00581432 0.005591698 0.006976842 0.01061637 0.01302255 0.01224723 0.01409775 0.01370476 0.009172888 0.009237679 0.009986703 0.01046804 0.01378958 0.0627274 0.06906805 0.03299529 0.01697596
0.05429839 0.04219227 0.04495132 0.03071702 0.01159808 0.0107309 0.01382341 0.02529476 0.04081104 0.0287606 0.0297836 0.02890493 0.02229293 0.02784144 0.01905963 0.03041662 0.04619497 0.0301274 0.02648175 0.04796463 0.0513188 0.05592892 0.05357276 0.07373083 0.1158326 0.106779 0.1184692 0.1018639 0.1091542 0.1048827 0.1180902 0.1100091 0.1026327 0.07295585 0.07039917 0.03578894 0.02244201 0.008343849 0.01265471 0.007404742 0.00705722 0.007875096 0.008032489 0.007610491 0.007741368 0.009554693 0.008966188 0.01031685 0.01099386 0.01272382 0.01780798 0.02611544 0.02745678 0.03560981 0.03577368 0.02233225
0.1039445 0.06784823 0.06039836 0.02640373 0.01222195 0.01169377 0.01167508 0.03482846 0.03561048 0.03768639 0.02399059 0.02622005 0.02191293 0.02446737 0.02682297 0.0454989 0.06506281 0.07082264 0.05688605 0.05028795 0.06129993 0.05826017 0.03138899 0.04751565 0.08636089 0.05853831 0.06801507 0.08963986 0.1148925 0.1069047 0.1040264 0.1063942 0.0935026 0.09962934 0.08905708 0.05036627 0.0320822 0.01804409 0.01532443 0.009307006 0.009721712 0.01022303 0.009997685 0.007101256 0.00704223 0.008104067 0.009201588 0.01180051 0.01443372 0.01375197 0.01636766 0.0240536 0.02790504 0.02298934 0.03424299 0.06210867
0.07966544 0.07765682 0.03651025 0.01380437 0.009384513 0.01451161 0.01421978 0.01424353 0.0255632 0.0229222 0.01534762 0.02325784 0.0193074 0.02315552 0.03704573 0.09233902 0.09501631 0.1121683 0.1032076 0.08174282 0.08833259 0.06420254 0.03842872 0.06616218 0.07883556 0.07238489 0.11353 0.1264914 0.1523602 0.1186916 0.1104213 0.1001447 0.1066142 0.09621084 0.08206891 0.03873409 0.02626578 0.01802068 0.01727307 0.01044181 0.01157806 0.01164906 0.01120485 0.007928432 0.007784926 0.008954058 0.01025093 0.0142309 0.01502143 0.01672691 0.02551549 0.01866744 0.03313648 0.0278224 0.03351253 0.08468916
0.08689278 0.05511033 0.02370808 0.01637576 0.02115615 0.01332362 0.01647227 0.00904844 0.01224222 0.01350338 0.007127712 0.01887434 0.01811625 0.02643476 0.05595096 0.1078118 0.1460255 0.1648283 0.1470605 0.1166103 0.08819424 0.05420092 0.04711027 0.07145322 0.09947333 0.1345384 0.1387408 0.1056269 0.1148258 0.1076757 0.1080698 0.09137943 0.1067024 0.08491895 0.06490745 0.03677782 0.02228539 0.018088 0.01739545 0.01137057 0.0122983 0.01271348 0.01245296 0.008938104 0.008901889 0.01024667 0.01180455 0.01558228 0.01672235 0.01885575 0.02565222 0.03901317 0.04087075 0.0339121 0.03273311 0.05244783
0.1102563 0.04548478 0.02518635 0.02669134 0.03900048 0.03002326 0.01153279 0.00743204 0.009546313 0.009063796 0.008300399 0.02091871 0.02044396 0.03704726 0.06612357 0.1061311 0.1686112 0.1593045 0.1479385 0.09107067 0.0542261 0.07679859 0.05741581 0.05367263 0.07274328 0.1206418 0.1092344 0.116075 0.1213735 0.09554686 0.07898581 0.06874817 0.09602494 0.05968849 0.0631039 0.03162597 0.02158803 0.01585957 0.01549535 0.01148153 0.01269191 0.01356979 0.01391012 0.01027562 0.01050637 0.01213797 0.01404632 0.01902 0.02117039 0.02322301 0.02597444 0.024404 0.02562416 0.03700013 0.03556004 0.03976928
0.08480314 0.05725447 0.02938021 0.02874785 0.0283002 0.02071936 0.01121111 0.01083461 0.01798964 0.01274182 0.0110302 0.01780269 0.02022247 0.04976584 0.06053653 0.1024519 0.1385293 0.1325072 0.1109471 0.1016926 0.04598739 0.04203303 0.02768816 0.03281911 0.06031151 0.150159 0.1394015 0.1422688 0.1606084 0.1384377 0.04936015 0.02905947 0.01898744 0.02821733 0.04285886 0.01325716 0.0174222 0.007960809 0.008220949 0.008989178 0.01100439 0.01297743 0.01428849 0.01432766 0.01502097 0.01714951 0.01932027 0.02535128 0.02811188 0.03127184 0.03382402 0.03404669 0.03579211 0.0486155 0.05001792 0.05573488
0.07231985 0.041649 0.01692699 0.01983229 0.01550792 0.01100226 0.009282979 0.009428113 0.01682694 0.01607358 0.009805686 0.004719006 0.01100429 0.02921132 0.04569913 0.06993587 0.07737017 0.07272752 0.05597422 0.07677305 0.03532262 0.01355312 0.02536234 0.05610577 0.09444157 0.1142655 0.1667697 0.147125 0.1285725 0.09984529 0.05665025 0.02406146 0.01134952 0.01376503 0.01500386 0.009016561 0.007998596 0.01521511 0.008739116 0.009901309 0.01235618 0.01452919 0.01607552 0.01626545 0.01717725 0.01949061 0.02196055 0.02965545 0.03459357 0.03895718 0.03808064 0.05403639 0.05658048 0.04722384 0.04684548 0.09347215
0.0720283 0.03233514 0.009040125 0.007383457 0.007595321 0.008483256 0.006925219 0.008265306 0.009861345 0.01246597 0.01511156 0.004499099 0.01102053 0.01612048 0.04277084 0.06890088 0.1355767 0.1062506 0.09199361 0.06810846 0.02809751 0.03034253 0.03377118 0.08708166 0.1070623 0.1073879 0.1276528 0.0920229 0.09000011 0.06469129 0.04247298 0.02170292 0.01335885 0.007351207 0.0058302 0.006716295 0.006554162 0.007265056 0.009072528 0.01086186 0.01342698 0.01588902 0.01788839 0.0183872 0.01959299 0.02215829 0.02452256 0.03383595 0.03734464 0.0485042 0.04364435 0.05023691 0.05467652 0.05131752 0.05143602 0.045424
0.06477709 0.02950986 0.006783369 0.01382539 0.01698894 0.00721697 0.006348305 0.008038609 0.01025582 0.01137495 0.01810437 0.003855335 0.004803416 0.01833142 0.03133066 0.05768925 0.06261391 0.04338895 0.05316729 0.04836867 0.02967925 0.02551357 0.03193856 0.04914994 0.0852493 0.0830726 0.07028636 0.06207246 0.06106502 0.02337336 0.01583514 0.01694368 0.007529542 0.005217515 0.004782723 0.005762952 0.006681225 0.007397193 0.009169344 0.01169614 0.01431384 0.01718275 0.01991616 0.02101812 0.02248028 0.02503809 0.02737113 0.03801148 0.04282486 0.04440995 0.04817357 0.04524942 0.04801001 0.06047793 0.04354656 0.04950044
0.03230076 0.02328384 0.01635152 0.01828185 0.01204291 0.008181507 0.00906711 0.00597847 0.01307909 0.008318109 0.008055354 0.00717874 0.00848511 0.01475794 0.05483665 0.021308 0.009618406 0.0103855 0.0419418 0.02533625 0.01919656 0.01934794 0.02159187 0.03073756 0.05762502 0.04442882 0.0434147 0.04988984 0.03289252 0.01450122 0.009060443 0.005740999 0.003378764 0.00229989 0.002154985 0.003534307 0.005240265 0.006467635 0.008746198 0.009607528 0.01184503 0.01447973 0.01703121 0.02675837 0.02994574 0.04107706 0.0377115 0.04228976 0.06528296 0.08237603 0.05162974 0.04994386 0.06128753 0.03923279 0.04430817 0.04289696
0.03750094 0.02556087 0.01086097 0.01185891 0.009301033 0.008184272 0.007685869 0.00923326 0.01549439 0.01332924 0.007173683 0.003205153 0.005183001 0.008191746 0.02139813 0.01084752 0.0122688 0.005642497 0.01530807 0.006464656 0.02692064 0.02229951 0.01493039 0.03651169 0.04158852 0.04137149 0.03675357 0.03269313 0.01905932 0.005297091 0.006746927 0.003742286 0.002475268 0.003239055 0.004862544 0.005108267 0.006809154 0.007991096 0.01016135 0.01040216 0.01261935 0.01549812 0.01852893 0.02921067 0.03394045 0.03912828 0.04616071 0.05602852 0.06752829 0.06297372 0.07358652 0.06491138 0.03752186 0.04929093 0.0390168 0.0476312
0.04696754 0.02969561 0.008282373 0.01420815 0.007560438 0.008718259 0.008292105 0.006629069 0.00587684 0.00974906 0.009436053 0.005172304 0.002872759 0.00355108 0.008195293 0.0077128 0.004927834 0.004879978 0.01533977 0.007161417 0.009952347 0.00714121 0.0129375 0.03703624 0.02514642 0.04289144 0.02998909 0.01991129 0.003691775 0.002870613 0.004066267 0.005773257 0.001676271 0.004263658 0.006370157 0.007784809 0.009438276 0.01060667 0.01272674 0.01238626 0.01468113 0.01804937 0.02166062 0.0356051 0.04212087 0.04950469 0.05664924 0.06904116 0.06696477 0.08077575 0.06524263 0.03887749 0.03883898 0.04309729 0.0540509 0.03686501
0.05963048 0.02746457 0.01199323 0.009103528 0.009269804 0.008811253 0.01079457 0.005849157 0.005891013 0.007815353 0.01348422 0.004216342 0.002818456 0.002969041 0.00579531 0.006338006 0.006955812 0.004014318 0.01265815 0.005799528 0.006467849 0.01254281 0.02228345 0.02170531 0.03608947 0.01322575 0.01633157 0.004154203 0.003109183 0.04498131 0.04551045 0.001894649 0.007026249 0.008127558 0.01011472 0.01572937 0.08149707 0.01394587 0.01593 0.01578601 0.01805717 0.02118735 0.02505388 0.04219567 0.04828823 0.05730944 0.1081407 0.07036045 0.06404266 0.1133382 0.09638385 0.03845346 0.04100668 0.05144382 0.05389952 0.04305886
0.04389881 0.03344791 0.01261649 0.01102105 0.007637619 0.005464495 0.005208286 0.003856308 0.001317881 0.0009455117 0.002953961 0.001893034 0.002059421 0.002123463 0.002170187 0.00216011 0.004734728 0.002533078 0.01023831 0.003920235 0.004379022 0.004535891 0.01153952 0.02739672 0.03458185 0.02770247 0.01067337 0.005031645 0.001479336 0.01747744 0.05426753 0.003565473 0.00805272 0.01167125 0.01486772 0.02045033 0.1141644 0.02030336 0.02193261 0.02497076 0.02733522 0.02932914 0.03386328 0.0561135 0.0640977 0.07458186 0.09953618 0.05962565 0.06021838 0.0808882 0.04807233 0.02179305 0.01884204 0.02481361 0.03147746 0.03283333
0.04053277 0.02502248 0.0118505 0.003838369 0.002605803 0.002428891 0.00199667 0.003066239 0.002677715 0.0009520621 0.001635732 0.00185691 0.001904676 0.001974855 0.002062085 0.003570413 0.002115411 0.006772112 0.002735602 0.007129757 0.007339675 0.004235494 0.004050895 0.004814409 0.005508956 0.01528304 0.002504445 0.00166997 0.002279781 0.001089425 0.002514587 0.007090651 0.0117502 0.01771152 0.02023567 0.02121511 0.02440104 0.02341082 0.02508356 0.02636986 0.02593778 0.03003748 0.03584579 0.05595431 0.06535123 0.08219818 0.08012419 0.06855527 0.08215755 0.05640418 0.04092091 0.01446368 0.01780118 0.01758129 0.02462963 0.039375
0.02450172 0.009593274 0.00282492 0.001624538 0.00159006 0.001195653 0.00135817 0.0009201897 0.0009314851 0.0009448958 0.000958212 0.001826745 0.001868016 0.001921287 0.001989998 0.001945261 0.002000629 0.002210633 0.002530891 0.003410641 0.003783048 0.003860364 0.003611982 0.003185409 0.002948151 0.002646237 0.01719709 0.002037769 0.0009233272 0.002619788 0.01399213 0.009677757 0.01569381 0.01860649 0.02170781 0.02330077 0.02591394 0.02701136 0.02765088 0.02845762 0.03152877 0.03538233 0.04112248 0.06944257 0.08104046 0.1053022 0.1066923 0.1136101 0.1221208 0.06516867 0.04793384 0.01280025 0.02544077 0.02235472 0.02408794 0.03370833
0.01090499 0.006825997 0.0008962934 0.0009039039 0.003245036 0.001590948 0.001524937 0.0009193735 0.0009279345 0.003210391 0.005832446 0.002828706 0.001841473 0.001887461 0.002271893 0.005024771 0.001920056 0.002087008 0.002331313 0.003056014 0.006178515 0.005299112 0.00312345 0.003068477 0.002481581 0.002148239 0.002410775 0.001139896 0.0007429323 0.003313897 0.01087965 0.01248125 0.01668393 0.02066884 0.02348629 0.02575898 0.02757818 0.02938306 0.03071679 0.03174114 0.03570516 0.03983701 0.0479444 0.07682583 0.08703711 0.09549665 0.1040542 0.1198262 0.07236709 0.058966 0.05949329 0.02078407 0.03109224 0.02801169 0.0303284 0.021
0.004019561 0.002727196 0.002840317 0.003758422 0.002793891 0.002367399 0.002824523 0.003093705 0.004372352 0.01342819 0.01432013 0.002353117 0.001259844 0.001460191 0.001541942 0.006764135 0.0009953858 0.001054264 0.001147814 0.002440927 0.00503857 0.002605254 0.003436189 0.003897048 0.0103278 0.0006293918 0.0008591122 0.002473698 0.005811642 0.009304794 0.01352202 0.01796936 0.02209578 0.02607178 0.0290045 0.03131753 0.03321856 0.03471178 0.04279406 0.04067647 0.0442131 0.04807913 0.05485381 0.07499517 0.09611236 0.09161321 0.08860313 0.0641624 0.07340854 0.07525874 0.08172043 0.01108333 0.02554167 0.027625 0.0225 0.02104167
0.0017861 0.002044203 0.003936792 0.01091241 0.01012199 0.001347571 0.001178473 0.002401828 0.008815283 0.009255467 0.006484861 0.001435297 0.001137451 0.001581988 0.002876513 0.00277541 0.00095579 0.001039051 0.001033782 0.002130485 0.002227503 0.003667191 0.005056242 0.003820163 0.00448695 0.006081416 0.007685947 0.009432029 0.01213582 0.01569354 0.02008426 0.02357704 0.02715005 0.0307132 0.03343464 0.03572328 0.03763431 0.03921746 0.04124409 0.0464038 0.06038548 0.05611597 0.06108994 0.08195763 0.09145195 0.08850414 0.1433169 0.06373149 0.07077237 0.08066905 0.0820362 0.02341667 0.030875 0.02854167 0.01791667 0.018875
0.002146834 0.00498936 0.01095524 0.01152539 0.03286079 0.005765649 0.002442477 0.009566884 0.01336488 0.01141907 0.006821765 0.0009301093 0.001251193 0.002751964 0.00317251 0.0009227876 0.0009302339 0.0009534233 0.0009752582 0.003818667 0.004660664 0.006249391 0.007420366 0.008731854 0.0103567 0.01188417 0.01340701 0.01511891 0.01753119 0.02100523 0.02495882 0.02772007 0.03076107 0.03389858 0.03648443 0.03880331 0.04060832 0.04214529 0.04413439 0.04967181 0.05700337 0.05827499 0.0576109 0.088225 0.09450159 0.09844361 0.1407013 0.0680208 0.07488257 0.07223296 0.0730433 0.02879167 0.02454167 0.02529166 0.02116667 0.01275
