contrib/geomasonDemos/riftland/riftlandData/RainData/.svn/text-base/97.txt.svn-base
ncols         56
nrows         54
xllcorner     28.264
yllcorner     -5.7719999999999
cellsize      0.25
NODATA_value  -9999
[rows 0 to 25 of 54, columns 0 to 55 of 56]
0.000243701 0 7.164781e-006 0 0 0 0 0.000948828 0.001279546 0.0002868191 0.001135066 0.001113447 0.001445808 0.001482134 0.001656753 0.002559565 0.002988618 0.003134452 0.003286882 0.005929886 0.003200365 0.003382363 0.004393958 0.004336782 0.005335461 0.006391625 0.008698167 0.01215323 0.01629839 0.01977419 0.01375807 0.0103871 0.00851613 0.00408871 0.00467742 0.004829396 0.003617382 0.005469962 0.007032882 0.007002162 0.007724086 0.01148756 0.0555263 0.01174005 0.01852326 0.00191947 0 0.001221634 0.0005377951 0 0.001456731 0.003845447 0.005530652 0.007072479 0.008117083 0.01750785
0.000179114 7.161614e-006 0 0.0002220196 0 0 0 0.001727039 0.0002868191 0.0001361263 0 0.0002006172 0.0008761309 0.0001219045 0.0005095251 0.001757107 0.001424429 0.001381398 0.002961023 0.003521155 0.00931581 0.007377114 0.004825996 0.002521098 0.0035096 0.007039855 0.01093661 0.01823387 0.01508065 0.02770161 0.01593548 0.008564516 0.007443548 0.00441129 0.004903226 0.007839892 0.005387926 0.006804133 0.009493476 0.005119497 0.01719548 0.02199328 0.01132325 0.01547807 0.01508126 0.004578573 0.0003056604 0.0004065774 0 0 0.001700563 0.004144787 0.005846715 0.007499898 0.008537021 0.009954032
0.001228119 0 0 0 0 0 0.001170805 0.002080769 0 0 0 0 6.449141e-005 0.0001720751 0.0002222572 0.001316254 0.002328838 0.00309818 0.002809274 0.004722751 0.007663767 0.01122421 0.002379838 0.00370781 0.003419677 0.005722398 0.01431006 0.01777419 0.0183629 0.02956451 0.01579839 0.007548387 0.009467742 0.007564517 0.009096775 0.01592656 0.009979479 0.009640191 0.01335525 0.01015634 0.03045132 0.01271682 0.01893325 0.0243906 0.02072662 0.01593223 0.03788209 0.01283667 0.0006068746 0 0.001670958 0.004270968 0.005679822 0.007451631 0.008566455 0.01030239
0 0 0 0 0.001602169 0.000329879 0.00062422 2.149388e-005 0.0003371176 0 0 0 0 0.0001721892 0.0002797143 0.00113208 0.001613609 0.001077467 0.004182526 0.004553915 0.01196762 0.00875419 0.001938268 0.003846234 0.004101391 0.004947318 0.009227012 0.01858032 0.01892854 0.02883693 0.008038243 0.006270736 0.01002554 0.009890716 0.006680168 0.01952696 0.01777621 0.01575485 0.006092307 0.01176415 0.0277903 0.04762395 0.05918439 0.06848413 0.03526336 0.06947762 0.1541076 0.01200777 0 0 0.001797824 0.004218788 0.005817367 0.007503508 0.008773922 0.0107873
0 0 1.431346e-005 0.001783153 0.0001790119 0 0.0001289165 0.0003370723 0.0003657862 5.73399e-005 0 0 0 0 0.0009126484 0.002433826 0.001358605 0.001036243 0.00244005 0.00406892 0.0100236 0.008028988 0.003569247 0.003949336 0.0047529 0.003532863 0.01125886 0.01410735 0.009122418 0.02043882 0.01032072 0.007007579 0.008925643 0.01192903 0.005911634 0.01520441 0.02021377 0.004486284 0.01296727 0.02122166 0.02087477 0.03114586 0.0485085 0.02281847 0.01990671 0.02744791 0.03797178 5.835505e-005 0.0006826181 0.0006834434 0.001783145 0.005923983 0.005737324 0.007417494 0.008694012 0.01054487
0 7.158305e-006 0 0 4.295002e-005 0 0 0 0 0 0.0003009838 0 0.0001002896 0.0001720928 0.001035221 0.002417723 0.001070858 0.001509593 0.004007213 0.004041343 0.002608996 0.00398823 0.002363993 0.006332787 0.005687049 0.00512191 0.005214555 0.01108007 0.007650379 0.01572305 0.0174155 0.01147017 0.009048987 0.006595522 0.004206205 0.005858599 0.01063861 0.001607384 0.01236625 0.01623033 0.01819156 0.01104506 0.01086615 0.01045887 0.004931928 0.003559778 0.00075786 0 0 0 0.001807941 0.004110624 0.005658237 0.007269274 0.008534503 0.01038964
0 0.0002864506 0 0 0 2.864013e-005 0 0 0 0 0 5.013079e-005 0.0001577235 0.000696519 0.0007109442 0.001207598 0.0006738359 0.00122155 0.001118354 0.003696829 0.001387268 0.0007657236 0.001715139 0.001103361 0.002755994 0.005163345 0.005124609 0.006099773 0.005299322 0.01186185 0.007756465 0.005906587 0.002476606 0.01382914 0.006617774 0.003980714 0.009083404 0.004802904 0.004916503 0.01036274 0.008451052 0.00486432 0.003720077 0.001223782 0.0005617599 0.0003035714 0.002770084 0.003574781 0.004341937 0 0.001607508 0.003830901 0.005278781 0.006771231 0.008009917 0.009852199
0 0.0007135719 0 7.584394e-006 0 0 0 0 7.586739e-006 7.585293e-006 0 1.072488e-005 1.073349e-005 0.0003069116 0.0005184199 0.001457365 0.00140891 0.0008941491 0.0002602841 0.002706832 0.001849174 0.004311557 0.002087737 0.002088168 0.007599508 0.009280695 0.002776363 0.002398708 0.003082858 0.002710732 0.004840149 0.00246265 0.005572284 0.004299255 0.004130566 0.002246875 0.001458325 0.01363095 0.004797405 0.006075957 0.0009481778 0.001694105 0.00136724 0.001343642 0.0003974429 0.0005241177 0.002641977 0.009832629 0.0006306696 0.0006814067 0.001894146 0.003864073 0.00473963 0.008411066 0.007274944 0.009100621
0.0001365579 0 0.0005465298 7.584278e-006 7.587811e-006 0 7.585663e-006 0 0 0 0 1.308948e-010 1.82671e-010 4.836676e-005 0.0006220162 0.001027321 0.0009976376 0.0002850401 0.00123605 0.004178172 0.003361369 0.001713271 0.003146112 0.003541299 0.003519594 0.003032049 0.002186042 0.002684194 0.002100096 0.002233958 0.002971179 0.004907786 0.003675659 0.003635492 0.005617757 0.003078033 0.00401678 0.00433031 0.003198006 0.001889663 0.0004447743 0.0006922506 0.001108847 0.007617948 0.0004303413 0.003980687 0.01661527 0.01622462 0.0006486734 0.0006782569 0.003101376 0.002319478 0.00446737 0.004875988 0.005929325 0.007733579
0.000830982 0.0004351934 0.0005027631 0.0003870987 7.586341e-006 0.0001820629 7.585262e-006 0.0004097992 0 0.0003111228 3.034983e-005 6.43701e-005 1.561408e-008 3.000169e-008 0.0001883947 0.0006403627 0.0006259619 0.001155528 0.001782655 0.005887109 0.003128606 0.0007120816 0.002329116 0.001567847 0.001901916 0.002973852 0.003570178 0.006281221 0.003750979 0.001425932 0.0002681067 0.001507352 0.006328672 0.01012145 0.008719126 0.00808721 0.00245636 0.002720111 0.002951788 0.001960363 0.002293151 0.0005368601 0.001431976 0.004605167 0.001460202 0.002555547 0.003151844 0.0006158161 0.002381403 0.0006994847 0.004652538 0.0016545 0.002435448 0.00333331 0.00438682 0.006100878
0.001100388 0.0004962204 0.001271906 0.0007576586 0.0004194605 0.0002236706 0.0005691742 0.0001638092 0.0004071345 0.00117282 0.0003276532 5.167026e-008 4.634949e-008 6.526721e-008 0.0003277026 0.0007242628 0.0006752322 0.0001973019 0.001350638 0.00277328 0.0006654362 0.0006498879 0.001696232 0.001170425 0.002249452 0.003816117 0.00302607 0.004510028 0.003176495 0.004000425 0.003073557 0.002571414 0.007997164 0.01512358 0.001677574 0.004428997 0.009072362 0.003253519 0.005766072 0.0004070705 0.0004667655 0.001261404 0.002074084 0.01593856 0.008064707 0.0005188977 0.0005677241 0.006365991 0.01118428 0.0007786099 0.005888643 0.0003761966 0.001349246 0.002246919 0.003203997 0.00481864
0.0001869301 0.0004429265 0.0001712522 0.0008090647 0.0002726049 5.970219e-005 6.948434e-007 9.480543e-007 0.0001872246 0.0005469858 9.057672e-005 2.966679e-006 2.663731e-006 3.469459e-006 0.0002786581 0.001293187 0.001380926 0.001161776 0.0007264432 0.003129903 0.003236123 0.002859435 0.005663194 0.003335793 0.004323465 0.002155499 0.003026367 0.01119082 0.01088828 0.01519433 0.01622716 0.01563202 0.00595078 0.002867912 0.0003054057 0.01151191 0.0194834 0.00775243 0.004836915 0.002037664 0.0009271405 0.002123516 0.01150466 0.02151904 0.03025731 0.0245058 0.007850417 0.001225248 0.001324083 0.001398074 0.01238004 0.000765031 0.0105415 0.001828497 0.002660614 0.004131846
0.000589815 0.004615551 0.008951887 0.0007787637 0.0004507033 0.0001234152 0.0001756354 0.0004158729 0.0003089764 8.126653e-005 7.871984e-005 4.131368e-006 3.726164e-006 4.691577e-006 1.516883e-005 0.000865866 0.001205294 0.0009576263 0.0008764451 0.001570586 0.001564433 0.005152184 0.002927854 0.002911004 0.003216941 0.002076797 0.001678916 0.009710563 0.01005617 0.006348649 0.006710367 0.01016013 0.0008853127 0.0002889671 0.0003091032 0.008499353 0.02853327 0.01056449 0.007848489 0.005787526 0.009027869 0.004894848 0.002883072 0.006340036 0.02836838 0.06338891 0.01046948 0.001254236 0.001360857 0.001433919 0.0110152 0.0007854779 0.0008051621 0.0008307245 0.0009388627 0.002533766
0.004098172 0.005744564 0.003127861 0.001381204 0.0008846963 0.0001557333 0.0002881105 0.001092911 0.001557313 0.00172313 0.0001485839 1.417316e-005 6.209955e-005 1.469096e-005 0.0002026605 7.253482e-005 0.001478335 0.0009668338 0.0007992458 0.001707835 0.003989801 0.004594096 0.004307408 0.0002382759 0.007485572 0.003170628 0.004141372 0.009751806 0.008038506 0.007999469 0.002547211 0.001602694 0.0004734223 0.0004981128 0.004083265 0.02191994 0.001140951 0.002682118 0.003418167 0.007497499 0.004718937 0.003295584 0.004399229 0.002161331 0.02287725 0.02488207 0.001849679 0.001537042 0.001388568 0.001465067 0.004188796 0.0008013321 0.0008228267 0.0008373364 0.0008566751 0.00152326
0.01923133 0.01159252 0.00606721 0.006771804 0.008565091 0.002666682 0.002094861 0.001450644 0.0004011673 0.004089444 0.002374502 0.0004865752 0.0004419947 0.0001994301 3.594498e-005 7.326047e-005 0.000851901 0.006889163 0.01866054 0.007792633 0.001576623 0.005125223 0.005221044 0.004525419 0.009275706 0.002867378 0.001191662 0.007256242 0.00611383 0.01018299 0.001424093 0.003149013 0.001185357 0.0002963884 0.001006426 0.01400096 0.0008322979 0.002017585 0.000861036 0.003123988 0.001914103 0.001492071 0.003557913 0.003747404 0.0009900146 0.02609256 0.02542754 0.001317354 0.001465953 0.001491329 0.01386954 0.01407312 0.0009004538 0.0008486264 0.0008676261 0.002082781
0.01849865 0.02400197 0.02306278 0.01485956 0.006030569 0.008521417 0.004726559 0.007737056 0.001080668 0.009520871 0.0137397 0.012633 0.003026037 0.001001317 2.977922e-005 0.001066775 0.0008393891 0.01156486 0.01247809 0.0004818073 0.0002263805 0.0002645799 0.001517817 0.002695687 0.002719668 0.0009957468 0.0003929065 0.0005914375 0.0005534559 0.0005383954 0.0005506453 0.006081814 0.003476703 0.001861306 0.002189534 0.002350196 0.0044085 0.001602912 0.0008770167 0.001044014 0.03422012 0.00177925 0.001720636 0.001505057 0.00131499 0.02527001 0.001227427 0.001383289 0.001433517 0.001507142 0.00155523 0.008927486 0.0008418782 0.0008608013 0.0008935103 0.002618452
0.02978647 0.0340062 0.07179067 0.03054554 0.01965967 0.01394269 0.01562344 0.0114138 0.007027341 0.002093513 0.005110785 0.01527613 0.004024613 0.003066672 0.002534084 0.01582833 0.006740724 0.02483893 0.0241491 0.0002647103 0.002957384 0.009144795 0.003179881 0.001884011 0.004364668 0.0004633192 0.0004273691 0.0006237369 0.0005639129 0.000539529 0.001878101 0.008307007 0.005184285 0.003897182 0.001653602 0.001744611 0.002322245 0.0005284728 0.0006475386 0.002494614 0.04135955 0.006958378 0.001519987 0.001052701 0.00119677 0.001562073 0.001651406 0.00136947 0.001466728 0.001536155 0.001638438 0.004730991 0.0008537869 0.0008700062 0.00122325 0.002823836
0.05909619 0.05661166 0.07650591 0.0318094 0.02222874 0.03765137 0.03116383 0.01069895 0.01194345 0.01333553 0.009060899 0.01463472 0.01629942 0.00172888 0.0001002666 0.01821736 0.001847175 0.001283196 0.007830217 0.0004214197 0.0004698254 0.01304198 0.007632061 0.003701239 0.001128932 0.0006432913 0.001021769 0.0008293206 0.001057148 0.002043164 0.004698628 0.01038617 0.00882748 0.0008388521 0.0007825276 0.0004344831 0.0004628553 0.0005423548 0.0008324583 0.001178437 0.001900582 0.001131668 0.00169228 0.001543125 0.002580609 0.001959286 0.001508704 0.001408631 0.001507709 0.001578744 0.001619072 0.0008549909 0.0008638623 0.0008850464 0.001676103 0.003228528
0.09342706 0.07745797 0.07700133 0.03832142 0.02523474 0.02757508 0.01661878 0.02277046 0.00424153 0.004548895 0.004737662 0.01416329 0.008890613 0.009899789 0.004759099 0.01030505 0.01663522 0.01664555 0.003777498 0.002041164 0.001346786 0.001390948 0.001955961 0.002024879 0.001028548 0.002216169 0.004108573 0.002192156 0.003036138 0.003816696 0.002191953 0.002435521 0.02086757 0.002265374 0.0008503565 0.0004615067 0.0004805732 0.0005541284 0.001203357 0.00105033 0.01109686 0.00236114 0.002432107 0.001603037 0.00113536 0.00125635 0.002417015 0.001459738 0.001549541 0.001679069 0.00165799 0.0008690889 0.001093657 0.001735533 0.002760318 0.009735058
0.1114828 0.1322043 0.1085482 0.08290468 0.04121572 0.02816479 0.0288579 0.02161424 0.01082626 0.01058945 0.01230651 0.01869968 0.03515358 0.03173673 0.01753169 0.01131761 0.02038535 0.00683527 0.005363989 0.00507141 0.01261074 0.001669895 0.00157144 0.001616075 0.004213233 0.007909354 0.002744821 0.005701181 0.004995438 0.003879819 0.001167353 0.002773065 0.00680938 0.006481651 0.0006907103 0.0007376216 0.0007549447 0.0008579991 0.001042199 0.001545659 0.001811891 0.002200525 0.003603216 0.009713686 0.00458481 0.005075199 0.005439422 0.005868429 0.006227618 0.006504181 0.006653853 0.0417847 0.002307099 0.003737287 0.003721752 0.005873218
0.1111487 0.1171882 0.08399002 0.06926284 0.03319339 0.04034185 0.05105833 0.03656119 0.02623884 0.01097215 0.01756798 0.01723892 0.02997073 0.04528649 0.028916 0.01033419 0.02123472 0.01380836 0.01851957 0.01291109 0.01762114 0.002089017 0.001972231 0.01849268 0.01233403 0.006176422 0.001631904 0.002951014 0.002661667 0.001560677 0.001388417 0.0009354966 0.003516947 0.01165652 0.002450397 0.0007926433 0.0007835411 0.0008782145 0.001060615 0.001560822 0.001886634 0.004519454 0.00352378 0.004142941 0.004795659 0.005279306 0.01309028 0.01097118 0.02971774 0.05436815 0.0562489 0.06398035 0.002954241 0.005287366 0.004222172 0.006089336
0.120648 0.1228576 0.1571408 0.0906501 0.04201554 0.02511332 0.03047018 0.03768017 0.02486748 0.01246037 0.02082931 0.01739199 0.0205264 0.02998011 0.01965555 0.03577172 0.007768705 0.03385532 0.04492904 0.01959333 0.02686497 0.004946379 0.002469315 0.005222728 0.009620388 0.009444331 0.009535251 0.006871346 0.002517367 0.004045813 0.0020812 0.001696808 0.001313655 0.01098978 0.002236151 0.001266223 0.001264401 0.0014032 0.001548779 0.002660324 0.003749348 0.003978274 0.004140251 0.004564001 0.005084045 0.005573863 0.01583915 0.0184961 0.08350774 0.07921268 0.06605706 0.07208821 0.01446641 0.004026735 0.004704148 0.009394713
0.1008311 0.1207251 0.1781783 0.1137565 0.05209884 0.03091208 0.02678443 0.04080407 0.05125182 0.01599346 0.02180255 0.03898364 0.02397019 0.0334366 0.02655631 0.06604879 0.02195487 0.03442408 0.05004957 0.01854655 0.02005654 0.01410519 0.003066557 0.003865558 0.009881349 0.007592145 0.009626949 0.01887395 0.00359263 0.003314805 0.004725549 0.002718425 0.002520446 0.00300607 0.004711641 0.002417749 0.002349191 0.004888467 0.008193805 0.003565542 0.008269255 0.004556156 0.00431569 0.005403733 0.005530937 0.005949248 0.01504987 0.04516698 0.1016485 0.09603852 0.0831285 0.07932392 0.03284767 0.03212727 0.01479441 0.006052102
0.09373201 0.1351822 0.1291867 0.0817709 0.04778844 0.03893508 0.03528367 0.07029143 0.05348446 0.04696304 0.02084645 0.06978101 0.02066474 0.01669249 0.01314726 0.006556762 0.01357927 0.01458892 0.02528009 0.01535996 0.01395506 0.0109255 0.008129009 0.01032173 0.008977148 0.008517023 0.009217212 0.01591884 0.0121854 0.01113234 0.006513499 0.002998761 0.00285152 0.02615582 0.02513488 0.004841967 0.008964287 0.005342711 0.004995144 0.006680179 0.004807482 0.004556288 0.005038132 0.005201943 0.005583494 0.005911618 0.0145151 0.06038458 0.101614 0.09664353 0.07281897 0.04831805 0.03980095 0.04119676 0.01962694 0.006151219
0.1169949 0.1536482 0.1147415 0.08109038 0.04756297 0.02700476 0.03433864 0.0392574 0.01937136 0.01658301 0.01630281 0.02220459 0.021251 0.0221133 0.00890288 0.007063521 0.01504319 0.02080348 0.01936627 0.01305415 0.03018235 0.01399085 0.02267065 0.02722516 0.01316867 0.01730194 0.009797736 0.01049994 0.01743344 0.01313637 0.006386941 0.00373618 0.01379961 0.01003392 0.01066333 0.01024133 0.01355138 0.009733507 0.005992077 0.006186391 0.005201639 0.005514093 0.005682497 0.005701929 0.005990392 0.006237991 0.01958711 0.06703269 0.09151898 0.08725876 0.06320474 0.02243762 0.01347687 0.01277981 0.005215431 0.006223616
0.09109019 0.1027405 0.1013608 0.06559674 0.05502876 0.04659569 0.02419681 0.02327949 0.02466598 0.02095068 0.02327576 0.07630876 0.04447771 0.03130381 0.04764923 0.0201893 0.02370908 0.03981407 0.02172237 0.0148219 0.05748806 0.04872309 0.0332284 0.03998249 0.03158052 0.04796293 0.01858694 0.01881016 0.07937016 0.05232327 0.007903164 0.005783589 0.009597684 0.05559985 0.02544961 0.008301972 0.03514227 0.01918358 0.009937525 0.01164548 0.01347808 0.007200579 0.00707444 0.02016437 0.03327635 0.02780533 0.05094176 0.06123557 0.08102483 0.07488008 0.02879809 0.003495826 0.0042872 0.004829237 0.00540718 0.01039599
