contrib/geomasonDemos/riftland/riftlandData/RainData/.svn/text-base/97.txt.svn-base
ncols         56
nrows         54
xllcorner     28.264
yllcorner     -5.7719999999999
cellsize      0.25
NODATA_value  -9999
[rows 26 to 51 of 54, columns 0 to 55 of 56]
0.08988539 0.0969455 0.09050809 0.06676 0.06339868 0.06342247 0.04858818 0.04093826 0.04086241 0.03992012 0.03874437 0.04730256 0.04416483 0.0352147 0.03114815 0.04364529 0.02660071 0.04147168 0.03113635 0.01944401 0.04388309 0.04536339 0.06223775 0.03206096 0.0372659 0.05107639 0.02315723 0.03517617 0.06396781 0.09147217 0.01583301 0.02299884 0.05698489 0.04413697 0.03186087 0.02932552 0.02900755 0.01807238 0.02365237 0.05627228 0.05244993 0.03843442 0.06542176 0.03731287 0.04012484 0.03863997 0.0535919 0.04428894 0.08793771 0.03753374 0.01018469 0.004949381 0.004563367 0.005155996 0.00560818 0.008650892
0.09169703 0.08467166 0.04907473 0.09345053 0.07183646 0.07788749 0.0693722 0.07368961 0.06555185 0.06712295 0.1113199 0.0527757 0.04191837 0.05167204 0.08721881 0.03140693 0.0301109 0.0295505 0.02322886 0.03465826 0.03298839 0.04172589 0.0474029 0.05100769 0.04935646 0.04543499 0.03629667 0.0386489 0.03261473 0.03140116 0.02302144 0.03215089 0.02323707 0.02158387 0.03126662 0.0276772 0.03826371 0.02645915 0.02523111 0.05785042 0.09371258 0.05510237 0.064809 0.04156924 0.05297782 0.06495109 0.04301604 0.01860685 0.01036846 0.00991686 0.01011057 0.00524685 0.01156742 0.006271098 0.008086807 0.007396582
0.06651978 0.07019696 0.0637982 0.07081833 0.07644033 0.0821204 0.08260845 0.06525932 0.04281957 0.08864397 0.1098197 0.07344752 0.05217312 0.04665428 0.06844159 0.05451555 0.03284217 0.03607458 0.04248818 0.05923888 0.0586814 0.04084228 0.07840768 0.08611643 0.07469032 0.06533974 0.04757009 0.04660492 0.04305559 0.04134 0.03493867 0.05630146 0.02272744 0.02080883 0.02194529 0.02907391 0.05612972 0.03105193 0.03110808 0.02851945 0.02608329 0.01866192 0.01891269 0.01927988 0.04309682 0.0767938 0.06103989 0.01874819 0.01096241 0.01061526 0.01072587 0.01101517 0.01563351 0.00635122 0.009191109 0.007304332
0.09186351 0.08592534 0.06834033 0.05278957 0.05145068 0.05792808 0.1006146 0.0884067 0.05078593 0.06663361 0.07263611 0.07626142 0.05346334 0.05829627 0.07784638 0.06565449 0.07131876 0.05065989 0.0501022 0.03558789 0.05047714 0.04812169 0.07169853 0.09278816 0.08601757 0.07627053 0.05511331 0.05604314 0.05776968 0.04754852 0.04056776 0.04864491 0.02336167 0.02078138 0.02389385 0.03056377 0.03653978 0.05996664 0.04378437 0.0321854 0.02756857 0.02426127 0.02090891 0.0151162 0.03905444 0.05462598 0.03455213 0.0118372 0.01555915 0.01445733 0.01564817 0.0308842 0.050527 0.007855753 0.01416251 0.01934727
0.09767728 0.137026 0.1060176 0.07681643 0.03081287 0.04314443 0.04587723 0.05346419 0.03190567 0.05227333 0.08045974 0.06000419 0.07792041 0.08714863 0.06232717 0.0592899 0.05812667 0.05577743 0.04830096 0.04767687 0.07270226 0.08517872 0.06676063 0.08300889 0.07696278 0.09163559 0.06418939 0.06796994 0.06463828 0.05235631 0.03067104 0.02809607 0.02282331 0.02618212 0.026246 0.06423624 0.07527201 0.08311039 0.05954716 0.0293958 0.02245476 0.02482858 0.06044694 0.01806886 0.03128626 0.02919141 0.02124846 0.01222714 0.01187045 0.01188674 0.0173868 0.04195241 0.08552052 0.0629852 0.02219877 0.01426554
0.1124193 0.1224395 0.07099411 0.05684929 0.03020162 0.03032305 0.02734848 0.03065825 0.03029349 0.07835115 0.08070235 0.0935545 0.1012726 0.09231797 0.07515753 0.08574551 0.1035491 0.1680365 0.07640326 0.05747352 0.08650846 0.05489707 0.05696179 0.0654415 0.06325321 0.09249294 0.1002952 0.0781965 0.06453123 0.03826704 0.03185725 0.02396286 0.02451707 0.05501154 0.05011885 0.07388199 0.07934337 0.04927783 0.0326191 0.05724055 0.02819175 0.0361613 0.06272962 0.02536936 0.02435153 0.01957234 0.01878996 0.01580377 0.01362641 0.01289805 0.01539163 0.01912245 0.04668218 0.02076695 0.01976965 0.009914385
0.112571 0.0754889 0.05643823 0.04399955 0.01993665 0.0217342 0.01693163 0.04902691 0.04917777 0.08651932 0.09457245 0.09439139 0.1093049 0.1071328 0.09381704 0.08417229 0.07483608 0.08438147 0.09239234 0.06162952 0.08327697 0.05682317 0.04970433 0.0648604 0.06917847 0.08269565 0.07170636 0.09568974 0.07049828 0.03802164 0.03896508 0.04717534 0.03863747 0.0499089 0.02876874 0.03371511 0.03999288 0.02527006 0.02837743 0.02469625 0.03443483 0.06168023 0.07697129 0.03214991 0.0198127 0.01607823 0.01550331 0.01454473 0.01860042 0.01391441 0.01206363 0.01331806 0.02443502 0.01188418 0.006642882 0.005638561
0.1414166 0.07294213 0.05310275 0.04860348 0.02235462 0.02110941 0.03102443 0.059576 0.05862131 0.07830794 0.08614022 0.1511685 0.1810803 0.1504363 0.1266643 0.1041884 0.09360873 0.09446681 0.1315984 0.07529094 0.07698804 0.06830646 0.04819657 0.0605689 0.07752158 0.08904372 0.09125943 0.09995217 0.1014228 0.05904153 0.0456673 0.0320405 0.05124241 0.04235139 0.0371916 0.01983011 0.02114673 0.02513261 0.02954593 0.03311684 0.06632845 0.08072197 0.1231683 0.037472 0.02299539 0.01586493 0.01513466 0.01405452 0.02714319 0.0124376 0.01132625 0.01303377 0.01833395 0.01498035 0.005986052 0.005023566
0.09769797 0.1193051 0.07869594 0.06774598 0.04154799 0.04572027 0.04708643 0.1096437 0.1109019 0.09675487 0.09471592 0.1711735 0.2228332 0.1740009 0.1405605 0.1619858 0.2169451 0.1911438 0.134072 0.09474944 0.07882161 0.06008529 0.03634753 0.05932527 0.07259569 0.0957321 0.09552234 0.08078489 0.08961178 0.06421179 0.04132904 0.05253159 0.07250493 0.02029824 0.01462226 0.02056443 0.02253672 0.02669488 0.02821491 0.02432815 0.02425508 0.03493042 0.06233047 0.02123581 0.01522647 0.0148627 0.01390517 0.01870628 0.01765095 0.012886 0.009754403 0.009502196 0.01750515 0.01601359 0.00870798 0.008755644
0.1337883 0.1040375 0.08754334 0.1128586 0.08440462 0.07718391 0.07577385 0.1075697 0.1134017 0.1246529 0.123591 0.1353038 0.1794568 0.2116715 0.1748329 0.1701476 0.2455193 0.2293903 0.1652152 0.1090342 0.04838414 0.03061916 0.03039229 0.04232704 0.08058591 0.09632173 0.08882597 0.0777771 0.05773756 0.02262758 0.01314098 0.01987376 0.01916069 0.008336011 0.006517999 0.01685161 0.02163374 0.02706693 0.02174799 0.01492167 0.01059791 0.01224746 0.008762253 0.007734656 0.007875857 0.007670821 0.01078781 0.01324448 0.02009682 0.01551259 0.007773061 0.01742966 0.005231936 0.007970854 0.008436782 0.005763613
0.1540317 0.07553302 0.0837622 0.07979913 0.0777036 0.0834525 0.09902928 0.1099638 0.09187447 0.1041478 0.1121779 0.1188234 0.1493961 0.2108748 0.1860372 0.1889895 0.2042926 0.244684 0.172494 0.08806834 0.03687203 0.02585766 0.06432477 0.05848977 0.1060201 0.1014917 0.06198333 0.03064879 0.0187146 0.01218925 0.008352357 0.01396435 0.008086936 0.01023933 0.009975451 0.009283217 0.01075927 0.01224694 0.03543318 0.02083742 0.009116452 0.008783889 0.01116355 0.0100749 0.007370717 0.01006296 0.02196589 0.009380129 0.01029572 0.009626649 0.006812953 0.005962236 0.008594993 0.007539633 0.00756589 0.005820607
0.11092 0.07157304 0.07435033 0.05925937 0.05971294 0.05638889 0.09105285 0.07843991 0.09137868 0.0837349 0.07621786 0.08725302 0.1211669 0.1755335 0.1478136 0.1450394 0.1886825 0.1637233 0.1208834 0.06577291 0.04005891 0.03025384 0.036426 0.038245 0.07735047 0.07768973 0.07011715 0.05519951 0.03600137 0.01737205 0.0119049 0.009827258 0.008306116 0.00593866 0.006618329 0.009361547 0.01474708 0.008873876 0.02480909 0.01466791 0.009226869 0.007635997 0.009040821 0.01516726 0.01581425 0.01519125 0.03017883 0.02192116 0.01152622 0.01401533 0.009243598 0.01363158 0.01193791 0.009008439 0.008937518 0.001790477
0.09138352 0.06948876 0.04413353 0.05191077 0.0394846 0.06736475 0.07594249 0.06035669 0.07395987 0.07182599 0.05971941 0.08232398 0.1148975 0.1151849 0.1088551 0.1479374 0.1680937 0.1453865 0.1067341 0.05788074 0.04632595 0.04140706 0.04534204 0.04216634 0.06415584 0.08009338 0.07853238 0.04945324 0.03645093 0.0456003 0.01000363 0.02170331 0.0147283 0.007679587 0.009980767 0.0297282 0.03612081 0.007507426 0.01156988 0.01230716 0.009193446 0.007489978 0.007940867 0.00983137 0.01895633 0.01519918 0.009676013 0.009009034 0.01266524 0.007108282 0.004757422 0.00623415 0.01443361 0.008131146 0.003851084 0.001492436
0.06189427 0.060064 0.067638 0.07313111 0.06179966 0.08346327 0.06379599 0.05369814 0.07319135 0.06431822 0.05642435 0.06070013 0.1140175 0.07072254 0.07203251 0.1367311 0.140586 0.1103347 0.1115741 0.07035128 0.05016717 0.03909404 0.03330135 0.02891239 0.0466568 0.03679135 0.04400971 0.04706732 0.04290026 0.04380156 0.01633718 0.01156713 0.01740247 0.009650164 0.01419356 0.02711676 0.04382463 0.009447512 0.009834092 0.01085319 0.01120196 0.01111461 0.01057408 0.01013483 0.01514687 0.008212639 0.006343397 0.005740037 0.006440743 0.00622209 0.001941333 0.006174514 0.007597488 0.002746948 0.002888539 0.000653556
0.07948361 0.06678518 0.07423019 0.09508397 0.0824245 0.1026249 0.06596816 0.04304542 0.06764975 0.05746216 0.06673438 0.09493075 0.07362853 0.09007339 0.07597455 0.0965638 0.0630947 0.07682662 0.0973455 0.07708864 0.04432289 0.05410926 0.02796304 0.03501225 0.05583816 0.04737009 0.04691772 0.06783723 0.03117552 0.02500848 0.01263635 0.02281406 0.02609843 0.01373103 0.01003908 0.02028538 0.01413544 0.01154652 0.0221022 0.01144239 0.01127734 0.01088758 0.01001451 0.007930355 0.007186006 0.006247681 0.005159372 0.003009879 0.005727651 0.00163717 0.006388071 0.004098537 0.001233655 0.002163254 0.002450217 0.0005227242
0.1213697 0.05755303 0.1039543 0.1085935 0.1321116 0.1245963 0.07167955 0.06920885 0.0645334 0.06447212 0.07112927 0.09907278 0.07408294 0.05088671 0.05995493 0.06345564 0.06369194 0.0742562 0.08189441 0.07057464 0.04248131 0.03601481 0.03858789 0.05092948 0.08580325 0.05738256 0.04519172 0.05653264 0.03599144 0.03511822 0.02222547 0.0274239 0.02493704 0.0155989 0.01216366 0.02011442 0.01200707 0.0209374 0.02349959 0.01860872 0.01134891 0.01067758 0.00961254 0.007417605 0.006446669 0.008067722 0.004444924 0.002148289 0.001458238 0.004044319 0.003589567 0.001039199 0.0009056083 0.001836003 0.001259345 0.0004822946
0.1191441 0.08206473 0.109786 0.1356514 0.1743611 0.1002719 0.08939163 0.1098881 0.1070241 0.1118749 0.08266558 0.07192748 0.1382115 0.07638944 0.05967451 0.08842736 0.07425862 0.07692041 0.07110658 0.108033 0.05947069 0.06488513 0.05897884 0.05337842 0.05404236 0.06705566 0.04175776 0.06223317 0.04822875 0.04225017 0.05930266 0.02746156 0.03795009 0.0192601 0.01414512 0.01944541 0.03125664 0.01839298 0.0254731 0.01194283 0.0113509 0.01054728 0.009412157 0.007166472 0.0060973 0.01263852 0.0145415 0.002318211 0.001711639 0.00135912 0.002701958 0.001019242 0.0008970424 0.00220759 0.0022525 0.0004335438
0.1062899 0.06530958 0.06652419 0.07368407 0.1186135 0.0854149 0.1043816 0.1205521 0.1363996 0.1153963 0.09691083 0.0975331 0.08954908 0.08034807 0.06726614 0.07141847 0.1017196 0.06427136 0.05046384 0.06866713 0.1005588 0.07454503 0.06226556 0.04224938 0.04505327 0.06808143 0.04922218 0.05684534 0.08259775 0.05955057 0.05363145 0.04717566 0.05685261 0.03015979 0.04811986 0.04551805 0.2425648 0.08208676 0.01355107 0.01137471 0.01076976 0.009838283 0.009879026 0.008453779 0.006682145 0.007023129 0.008875639 0.002363303 0.001715799 0.001323663 0.001181711 0.0005245795 0.0004548936 0.0009453801 0.0007712938 4.032258e-005
0.1389861 0.1167824 0.07457399 0.08321691 0.1048375 0.1332541 0.1412657 0.1493369 0.1588443 0.1495815 0.09993263 0.09060948 0.09561972 0.1065762 0.0896134 0.05922453 0.07789897 0.08406683 0.0801518 0.07391223 0.06237705 0.07098179 0.047384 0.05574293 0.0666877 0.07440326 0.0730182 0.06879971 0.06889664 0.03815288 0.06628294 0.06181888 0.04202344 0.02650933 0.03882611 0.02719088 0.05993685 0.0874556 0.0263669 0.0115785 0.01077166 0.009728702 0.01124173 0.01507248 0.02383046 0.009993716 0.004306724 0.00227061 0.001754322 0.001353465 0.001201345 0.0005273387 0.0004505483 0.0004207591 0.0004361497 0.0004435484
0.1772687 0.1533173 0.08016704 0.1034788 0.1297683 0.1424529 0.1400601 0.1336899 0.1326989 0.1173302 0.07291973 0.07719319 0.08380121 0.1290271 0.115584 0.09367713 0.07462862 0.07764012 0.06638011 0.1026937 0.0639952 0.04780853 0.04076474 0.04986513 0.04986191 0.04571831 0.05681935 0.04336415 0.04073985 0.0441235 0.08000558 0.06519901 0.02453823 0.01801699 0.02868458 0.03822358 0.02373186 0.04409825 0.02120896 0.01265182 0.01180793 0.01010867 0.0124639 0.01478413 0.008626123 0.009427465 0.004624289 0.002549474 0.002064049 0.001715825 0.001508732 0.002698128 0.001844054 0.0004093432 0.0004070477 0.0004435484
0.1507105 0.1181103 0.08638097 0.09916462 0.1331397 0.1587586 0.1920992 0.123046 0.1303574 0.1389592 0.09971988 0.08792205 0.08192438 0.1302496 0.1421722 0.09123659 0.09891804 0.07827333 0.09316742 0.1123445 0.130033 0.07835378 0.05971785 0.07009301 0.05536569 0.04520715 0.05327483 0.06096572 0.05131415 0.07474294 0.0329757 0.04078618 0.0296612 0.02242946 0.02874184 0.0281153 0.01929576 0.02110392 0.03886065 0.01663102 0.01463168 0.01153351 0.01159258 0.01015998 0.009351853 0.008335363 0.005514654 0.003176958 0.002751166 0.002387743 0.003833619 0.0042897 0.004141515 0.00115046 0.0006640282 0
0.09896278 0.09182618 0.06814575 0.09864525 0.09633214 0.1293589 0.1614935 0.1472984 0.1252106 0.1135497 0.1123081 0.08997218 0.1136049 0.1534458 0.2018981 0.1435865 0.1292589 0.1263968 0.1152493 0.1591378 0.1693608 0.1656031 0.1332998 0.1123359 0.1383575 0.0607933 0.06100162 0.05511682 0.08559716 0.05635159 0.05186717 0.04226178 0.02726045 0.02750944 0.01780931 0.007435064 0.006789773 0.009023098 0.01991207 0.04253215 0.0224403 0.01057942 0.007605265 0.01970711 0.03066717 0.004500477 0.004146154 0.003615595 0.00326583 0.002901484 0.003466445 0.002177419 0.004435483 0.001774193 0 0
0.08664441 0.1023667 0.08059464 0.10284 0.09246849 0.1159523 0.1381287 0.1444902 0.1267686 0.1277125 0.1469352 0.1424579 0.1368416 0.1442908 0.1905272 0.177576 0.2041614 0.2212847 0.1599066 0.1605981 0.1586311 0.1509332 0.1355488 0.1592899 0.1133635 0.07195261 0.03633428 0.06041135 0.08191416 0.0696815 0.05743224 0.03406046 0.02126133 0.03559029 0.01461639 0.01130245 0.008830897 0.009888173 0.01420914 0.03868591 0.02388116 0.008433262 0.007190124 0.008221187 0.01471634 0.005015651 0.00470801 0.004209941 0.003882905 0.003504051 0.004757495 0.001774193 0.0025 0.00125 0.001209677 0
0.1351436 0.1389171 0.1243261 0.1762446 0.130796 0.1106496 0.1219245 0.1294977 0.1430177 0.1769295 0.2295134 0.1674924 0.1648798 0.1451759 0.1434437 0.1584204 0.1732737 0.2019181 0.14976 0.1329533 0.1168652 0.135866 0.1317786 0.1196944 0.1065804 0.09962909 0.06186397 0.1122526 0.1170401 0.1073086 0.04784223 0.0199744 0.02356375 0.02764045 0.0431099 0.05484523 0.03139528 0.02092969 0.01569115 0.01648682 0.01519363 0.01417683 0.01099217 0.01023226 0.01031435 0.01343978 0.006622026 0.01291677 0.005589413 0.006876224 0.007608239 0 0 0 0.0004435484 0.00108871
0.180242 0.1456534 0.1320798 0.1742836 0.1762654 0.1001476 0.1225384 0.1221616 0.144998 0.1758407 0.2351879 0.1755233 0.1588165 0.1469867 0.1498434 0.1519453 0.1653189 0.1305042 0.1029072 0.1129021 0.09468404 0.105792 0.1415318 0.1367934 0.09957272 0.09704659 0.08784433 0.1437652 0.1749522 0.1532584 0.06552393 0.02961469 0.02276505 0.03273059 0.06520827 0.07995539 0.07537424 0.03909223 0.02308341 0.0377689 0.04315306 0.01315891 0.01699626 0.01241099 0.01809256 0.04258698 0.03875458 0.0104844 0.008269385 0.008139698 0.008622473 4.032258e-005 8.064516e-005 0 0 0
0.1948177 0.1519229 0.1550545 0.1636589 0.1390353 0.1143816 0.1495882 0.1293423 0.1442238 0.2431345 0.2032015 0.1812357 0.1840435 0.1539976 0.1225234 0.1384552 0.1430368 0.1478931 0.1499013 0.1276673 0.09381388 0.09063503 0.0915864 0.1446459 0.1333574 0.1020111 0.110842 0.1060856 0.1416153 0.1415357 0.06912339 0.03127721 0.03615782 0.05374961 0.0610789 0.06284039 0.0429824 0.06053613 0.04131408 0.04895037 0.04854676 0.03972268 0.030946 0.02242979 0.02153757 0.03978814 0.02544786 0.007372339 0.01941002 0.006643058 0.006438771 0 0 0.0004032258 0 0.0001612903
