contrib/geomasonDemos/riftland/riftlandData/roads_cost_distance.txt
ncols         343
nrows         204
xllcorner     36.770385876018
yllcorner     -1.3240284474813
cellsize      0.00011228
NODATA_value  -9999
[rows 0 to 81 of 204, columns 192 to 287 of 343]
22 22 23 23 24 24 25 25 26 26 27 27 28 28 29 29 30 30 31 31 32 32 32 32 31 31 30 30 29 29 28 28 27 27 26 26 25 25 24 24 24 23 23 22 22 21 21 20 20 19 19 18 18 17 17 16 16 15 15 14 14 13 13 12 12 11 11 10 9 9 8 8 7 7 6 6 5 5 4 4 3 3 3 3 3 3 3 3 3 2 2 1 0 0 0 0
22 22 23 23 24 24 25 25 26 26 27 27 28 28 29 29 30 30 31 31 32 32 32 31 31 31 30 30 29 29 28 28 27 27 26 26 25 25 24 24 23 23 23 22 21 21 20 20 19 19 18 18 17 17 16 16 15 15 14 14 13 13 12 12 11 11 10 10 9 9 8 8 7 7 6 6 5 5 4 4 3 3 2 2 2 2 2 3 3 2 2 1 0 1 0 1
21 22 22 23 23 24 24 25 25 26 26 27 27 28 29 29 30 30 31 31 32 32 31 31 31 30 30 29 29 28 28 27 27 26 26 25 25 24 24 23 23 23 22 22 21 21 20 20 19 19 18 18 17 17 16 16 15 15 14 14 13 13 12 12 11 11 10 10 9 9 8 8 7 7 6 5 5 4 4 3 3 2 2 2 2 2 2 2 3 2 2 1 0 0 0 1
21 22 22 23 23 24 24 25 25 26 26 27 27 28 28 29 29 30 30 31 31 32 31 31 31 30 30 29 29 28 28 27 27 26 26 25 25 24 24 23 23 22 22 22 21 21 20 20 19 19 18 18 17 16 16 15 15 14 14 13 13 12 12 11 11 10 10 9 9 8 8 7 7 6 6 5 5 4 4 3 3 2 2 1 1 1 2 2 3 2 2 1 0 0 1 1
21 21 22 22 23 24 24 25 25 26 26 27 27 28 28 29 29 30 30 31 31 31 31 31 30 30 29 29 28 28 27 27 26 26 25 25 24 24 23 23 22 22 21 21 21 20 20 19 19 18 18 17 17 16 16 15 15 14 14 13 13 12 12 11 11 10 10 9 9 8 8 7 7 6 6 5 5 4 4 3 3 2 2 1 0 1 2 2 3 2 2 1 0 0 1 2
21 21 22 22 23 23 24 24 25 25 26 26 27 27 28 28 29 29 30 30 31 31 31 30 30 29 29 29 28 28 27 27 26 26 25 25 24 24 23 23 22 22 21 21 20 20 20 19 19 18 18 17 17 16 16 15 15 14 14 13 13 12 12 11 11 10 10 9 9 8 8 7 7 6 6 5 5 4 4 3 3 2 2 1 0 1 2 2 3 2 2 1 0 0 1 2
21 21 22 22 23 23 24 24 25 25 26 26 27 27 28 28 29 29 30 30 31 31 30 30 30 29 29 28 28 28 27 27 26 26 25 25 24 23 23 22 22 21 21 20 20 20 20 19 19 18 18 17 17 16 16 15 15 14 14 13 13 12 12 11 11 10 10 9 9 8 8 7 7 6 6 5 5 4 4 3 3 2 2 1 0 1 2 2 3 2 2 1 0 0 1 2
20 21 21 22 22 23 23 24 24 25 25 26 26 27 27 28 28 29 29 30 30 30 30 30 29 29 28 28 28 27 27 26 26 25 25 24 24 23 23 22 22 21 21 20 20 19 19 19 19 18 18 17 17 16 16 15 15 14 14 13 13 12 12 11 11 10 10 9 9 8 8 7 7 6 6 5 5 4 4 3 3 2 2 1 0 1 2 2 3 2 2 1 0 0 1 2
20 21 21 22 22 23 23 24 24 25 25 26 26 27 27 28 28 29 29 30 30 30 29 29 29 29 28 28 27 27 26 26 26 25 25 24 24 23 23 22 22 21 21 20 20 19 18 18 18 18 18 17 17 16 16 15 15 14 14 13 13 12 12 11 11 10 10 9 9 8 8 7 7 6 6 5 5 4 4 3 3 2 2 1 0 1 2 2 3 2 2 1 0 0 1 1
20 20 21 21 22 22 23 23 24 24 25 26 26 27 27 28 28 29 29 29 29 29 29 29 28 28 28 27 27 26 26 26 25 25 24 24 23 23 22 22 21 21 20 20 19 19 18 18 18 17 17 17 17 16 16 15 15 14 14 13 13 12 12 11 11 10 10 9 9 8 8 7 7 6 6 5 5 4 4 3 3 2 2 1 0 1 2 2 2 2 2 1 0 0 0 1
20 20 21 21 22 22 23 23 24 24 25 25 26 26 27 27 28 28 29 29 29 29 28 28 28 28 28 27 27 26 26 25 25 25 24 24 23 23 22 22 21 21 20 20 19 19 18 18 17 17 17 16 16 16 16 15 15 14 14 13 13 12 12 11 11 10 10 9 9 8 8 7 7 6 6 5 5 4 4 3 3 2 2 1 0 1 1 2 2 2 2 1 0 0 0 1
19 20 21 21 22 22 23 23 24 24 25 25 26 26 27 27 28 28 28 28 29 28 28 28 27 27 27 27 26 26 25 25 25 24 24 23 23 22 22 21 21 20 20 19 19 18 18 17 17 16 16 16 16 15 15 15 15 14 14 13 13 12 12 11 11 10 10 9 9 8 8 7 7 6 6 5 5 4 4 3 3 2 2 1 0 0 1 2 2 2 2 1 1 0 0 1
19 20 20 21 21 22 22 23 23 24 24 25 25 26 26 27 27 28 28 28 28 28 28 27 27 27 26 26 26 26 25 25 24 24 24 23 23 22 22 21 21 20 20 19 19 18 18 17 17 16 16 15 15 15 15 15 14 14 14 13 13 12 12 11 11 10 10 9 9 8 8 7 7 6 6 5 5 4 4 3 3 2 2 1 1 0 1 2 2 2 2 2 1 0 0 1
19 20 20 21 21 22 22 23 23 24 24 25 25 26 26 27 27 27 27 27 28 28 27 27 26 26 26 26 26 25 25 25 24 24 23 23 23 22 22 21 20 20 19 19 18 18 17 17 16 16 15 15 15 14 14 14 14 14 13 13 12 12 11 11 11 10 10 9 9 8 8 7 7 6 5 5 4 4 3 3 2 2 2 1 0 0 1 2 2 3 2 2 1 0 0 0
19 19 20 20 21 21 22 22 23 23 24 24 25 25 26 26 26 26 27 27 27 28 27 27 26 26 25 25 25 25 25 24 24 23 23 23 22 22 21 21 20 20 19 19 18 18 17 17 16 16 15 15 14 14 14 14 13 13 13 13 12 12 11 11 10 10 9 9 8 8 7 7 6 6 5 5 4 4 3 3 2 2 1 1 0 1 1 2 2 3 2 2 1 0 1 0
19 19 20 20 21 21 22 22 23 23 24 24 25 25 25 26 26 26 26 26 27 27 27 26 26 25 25 25 25 24 24 24 24 23 23 22 22 21 21 21 20 20 19 19 18 18 17 17 16 15 15 14 14 13 13 13 13 13 12 12 12 11 11 10 10 10 9 9 8 8 7 7 6 6 5 5 4 4 3 3 2 2 1 0 0 1 2 2 2 3 2 2 1 0 0 0
18 19 19 20 20 21 21 22 23 23 24 24 24 25 25 25 25 25 26 26 26 27 26 26 26 25 25 24 24 24 24 23 23 23 22 22 21 21 21 20 20 19 19 18 18 17 17 16 16 15 15 14 14 13 13 13 12 12 12 12 11 11 11 10 10 9 9 8 8 8 7 7 6 5 5 4 4 3 3 2 2 2 1 0 1 1 2 2 3 3 2 2 1 1 0 0
18 19 19 20 20 21 21 22 22 23 23 24 24 24 24 25 25 25 25 26 26 26 26 26 25 25 25 24 24 23 23 23 23 22 22 22 21 21 20 20 20 19 19 18 18 17 17 16 16 15 15 14 14 13 13 12 12 12 11 11 11 11 10 10 9 9 8 8 8 7 7 6 6 5 5 4 4 3 3 2 2 1 1 0 1 2 2 2 3 3 2 2 2 1 0 0
18 19 19 20 20 21 21 22 22 23 23 23 23 24 24 24 24 25 25 25 26 26 26 25 25 25 24 24 23 23 23 22 22 22 22 21 21 20 20 20 19 19 18 18 17 17 16 16 15 15 14 14 13 13 12 12 11 11 11 11 10 10 10 10 9 9 8 8 7 7 7 6 6 5 5 4 4 3 3 2 2 1 0 0 1 2 2 2 2 2 2 2 2 1 0 0
18 18 19 19 20 20 21 21 22 22 22 23 23 23 23 24 24 24 25 25 26 26 25 25 25 24 24 24 23 23 22 22 22 21 21 21 21 20 20 19 19 18 18 18 17 17 16 16 15 15 14 14 13 13 12 12 11 11 10 10 10 10 10 9 9 8 8 7 7 7 6 6 6 5 5 4 4 3 3 2 2 1 0 1 1 2 2 2 2 2 2 2 2 1 0 0
18 18 19 19 20 20 21 21 22 22 22 22 22 23 23 23 24 24 25 25 25 26 25 25 24 24 24 23 23 22 22 21 21 21 21 21 20 20 20 19 18 18 18 17 17 16 16 15 15 14 14 13 13 12 12 11 11 10 10 10 9 9 9 9 9 8 8 7 7 6 6 6 5 5 4 4 3 3 3 2 2 1 0 1 2 2 2 1 1 1 1 2 2 1 0 0
18 18 19 19 20 20 21 21 21 21 21 22 22 22 23 23 23 24 24 25 25 26 25 25 24 24 23 23 23 22 22 21 21 20 20 20 20 20 19 19 18 18 18 17 17 16 16 15 15 14 14 13 13 12 12 11 11 10 10 9 9 9 8 8 8 8 8 7 7 6 6 5 5 5 4 4 3 3 2 2 2 1 0 1 2 2 2 1 0 0 1 1 2 1 1 0
18 18 19 19 20 20 20 20 21 21 21 21 21 22 22 23 23 24 24 25 25 25 25 24 24 23 23 23 22 22 21 21 20 20 20 20 19 19 19 18 18 18 17 17 16 16 16 15 15 14 14 13 12 12 11 11 10 10 9 9 8 8 8 8 8 7 7 7 6 6 5 5 5 4 4 3 3 2 2 2 1 1 0 1 2 2 2 1 0 0 0 1 1 2 1 0
18 18 18 19 19 19 20 20 20 20 20 21 21 21 22 22 23 23 24 24 25 25 24 24 24 23 23 22 22 21 21 21 20 20 19 19 19 19 18 18 18 17 17 16 16 16 15 15 14 14 13 13 12 12 11 11 10 10 9 9 8 8 7 7 7 7 7 6 6 6 5 5 4 4 3 3 3 2 2 1 1 0 0 1 2 2 2 1 0 1 0 0 1 2 1 0
18 18 18 18 19 19 19 19 20 20 20 20 21 21 22 22 23 23 24 24 24 24 24 24 23 23 22 22 21 21 21 20 20 20 19 18 18 18 18 18 17 17 17 16 16 15 15 15 14 14 13 13 12 12 11 11 10 10 9 8 8 7 7 7 7 6 6 6 6 5 5 4 4 3 3 3 2 2 2 1 0 0 1 1 2 2 1 1 0 1 1 0 1 2 1 0
17 18 18 18 18 18 19 19 19 19 20 20 20 21 21 22 22 23 23 24 24 24 23 23 23 23 22 22 21 21 20 20 20 19 19 18 18 18 17 17 17 17 16 16 15 15 15 14 14 13 13 12 12 11 11 10 10 9 9 8 8 7 7 6 6 6 6 5 5 5 5 4 4 3 3 2 2 2 1 1 0 1 1 2 2 2 1 0 0 1 1 0 1 2 1 1
17 17 17 17 18 18 18 18 18 19 19 20 20 21 21 22 22 23 23 24 24 23 23 23 22 22 22 21 21 20 20 20 19 19 19 18 18 17 17 17 16 16 16 16 15 15 14 14 13 13 13 12 12 11 11 10 10 9 9 8 8 7 7 6 6 5 5 5 5 4 4 4 3 3 2 2 2 1 1 0 0 1 2 2 2 2 1 0 1 1 1 0 1 2 2 1
16 17 17 17 17 17 18 18 18 18 19 20 20 20 21 21 22 22 23 23 24 23 23 22 22 22 21 21 21 20 20 19 19 18 18 18 17 17 16 16 16 16 15 15 15 14 14 13 13 13 12 12 11 11 10 10 9 9 8 8 7 7 6 6 5 5 5 4 4 4 4 4 3 3 2 2 1 1 0 0 1 1 2 2 2 2 1 0 1 2 1 0 1 1 2 1
16 16 16 16 17 17 17 18 18 18 19 19 20 20 21 21 22 22 23 23 23 23 22 22 21 21 21 21 21 20 20 19 18 18 18 18 17 17 16 16 15 15 15 15 15 14 14 13 13 13 12 12 11 11 10 10 9 9 8 8 7 7 6 6 5 5 4 4 4 3 3 3 3 3 2 2 1 0 0 1 1 2 2 2 2 2 1 0 1 2 1 0 0 1 2 1
15 15 16 16 16 16 17 17 18 18 18 19 20 20 21 21 22 22 23 23 23 23 22 22 21 21 20 20 20 20 19 19 18 18 18 17 17 16 16 15 15 15 14 14 14 14 13 13 13 12 12 11 11 11 10 9 9 8 8 7 7 6 6 5 5 4 4 3 3 3 3 3 3 3 2 2 1 0 1 1 2 2 2 3 2 2 1 0 1 2 1 1 0 1 2 1
15 15 15 15 16 16 16 17 17 18 18 19 19 20 20 21 21 22 22 23 23 22 22 21 21 20 20 20 20 19 19 19 18 18 17 17 16 16 16 15 15 14 14 14 14 13 13 13 12 12 11 11 11 10 10 9 9 8 8 7 7 6 6 5 5 4 4 3 3 2 2 2 2 2 2 2 1 0 1 2 2 2 3 3 2 2 1 0 1 2 2 1 0 1 2 2
14 14 15 15 15 16 16 17 17 18 18 19 19 20 20 21 21 22 22 23 22 22 21 21 21 20 20 19 19 19 19 18 18 17 17 16 16 16 15 15 14 14 13 13 13 13 13 12 12 12 11 11 10 10 10 9 9 8 8 7 7 6 5 5 4 4 3 3 2 2 2 2 2 2 2 2 1 0 1 2 2 2 3 2 2 2 1 0 1 2 2 1 0 1 1 2
14 14 14 15 15 15 16 16 17 17 18 18 19 19 20 20 21 21 22 22 22 22 21 21 20 20 20 19 18 18 18 18 18 17 17 16 16 15 15 15 14 14 13 13 13 12 12 12 12 11 11 10 10 10 9 9 8 8 7 7 6 6 5 5 4 4 3 3 2 2 1 1 1 1 1 2 1 0 1 2 2 2 2 2 2 1 1 0 1 2 2 1 0 0 1 2
13 13 14 14 15 15 16 16 17 17 18 18 19 19 20 20 21 21 22 22 22 21 21 20 20 20 19 19 18 18 18 17 17 17 16 16 15 15 15 14 14 14 13 13 12 12 12 11 11 11 11 10 10 9 9 8 8 8 7 7 6 6 5 5 4 4 3 3 2 2 1 0 0 0 1 1 1 0 1 1 1 2 2 2 2 1 0 0 1 2 2 1 1 0 1 2
13 13 13 14 14 15 15 16 16 17 17 18 18 19 19 20 20 21 22 22 22 21 21 20 20 19 19 18 18 18 17 17 17 16 16 16 15 15 14 14 13 13 13 12 12 11 11 11 11 10 10 10 9 9 8 8 8 7 7 7 6 6 5 5 4 4 3 3 2 2 1 1 1 0 0 0 0 0 0 0 1 1 1 1 1 1 0 1 1 2 2 2 1 0 1 2
13 13 13 14 14 15 15 16 16 17 17 18 18 19 19 20 20 21 21 21 21 21 21 20 20 19 18 18 18 17 17 16 16 16 16 15 15 14 14 13 13 13 13 12 12 11 11 10 10 10 10 10 9 9 8 8 7 7 7 6 6 5 5 5 4 4 3 3 2 2 2 2 1 1 1 1 0 1 1 0 0 0 0 0 1 1 0 1 2 2 2 2 1 0 1 1
12 13 13 13 14 14 15 15 16 17 17 18 18 19 19 20 20 20 21 21 21 21 20 20 19 19 18 18 18 17 17 16 16 15 15 15 15 14 14 13 13 13 12 12 11 11 10 10 10 9 9 9 9 8 8 7 7 7 6 6 6 5 5 4 4 3 3 3 2 2 2 2 2 2 2 1 0 1 1 1 1 1 1 1 1 1 0 1 2 2 2 2 1 0 0 1
12 12 13 13 14 14 15 15 16 16 17 17 18 18 19 19 20 20 20 20 20 20 20 20 19 19 18 18 17 17 16 16 15 15 15 14 14 14 14 13 13 12 12 11 11 11 10 10 9 9 9 8 8 8 8 7 7 6 6 6 5 5 4 4 3 3 3 2 2 2 2 2 2 2 2 1 0 1 2 2 2 2 2 2 2 1 0 1 2 2 2 2 1 1 0 1
12 12 13 13 14 14 15 15 16 16 17 17 18 18 19 19 20 19 20 20 20 20 19 19 19 18 18 17 17 16 16 16 15 15 14 14 14 14 13 13 12 12 11 11 11 10 10 9 9 8 8 8 8 8 7 7 7 6 6 5 5 5 4 4 3 3 2 2 2 1 1 1 1 1 1 1 0 1 1 2 2 2 2 2 2 1 0 1 1 1 2 2 2 1 0 1
11 12 12 13 13 14 14 15 15 16 16 17 17 18 18 19 19 19 19 19 19 19 19 19 18 18 18 17 17 16 16 15 15 14 14 13 13 13 13 13 12 12 11 11 10 10 10 9 9 8 8 7 7 7 7 7 6 6 5 5 5 4 4 3 3 2 2 2 1 1 0 0 0 0 0 0 0 0 1 1 1 1 1 1 1 1 0 0 0 1 1 1 2 1 0 1
11 12 12 13 13 14 14 15 15 16 16 17 17 18 18 19 19 18 19 19 19 18 18 18 18 18 17 17 16 16 15 15 15 14 14 13 13 13 12 12 12 11 11 10 10 10 9 9 8 8 7 7 7 7 6 6 6 6 5 5 4 4 3 3 3 2 2 1 1 0 0 1 1 1 1 0 1 0 0 0 0 0 0 0 1 1 0 1 0 0 0 1 1 1 0 0
11 11 12 12 13 13 14 14 15 15 16 16 17 17 18 18 18 18 18 18 18 18 18 18 17 17 17 17 16 16 15 15 14 14 13 13 13 12 12 12 11 11 11 10 10 9 9 8 8 8 7 7 6 6 6 6 5 5 5 4 4 3 3 3 2 2 2 1 0 0 1 1 2 2 1 0 0 1 1 1 1 1 1 1 1 0 0 1 1 1 0 0 1 1 1 0
11 11 12 12 13 13 14 14 15 15 16 16 17 17 18 18 18 17 18 18 18 18 18 17 17 17 16 16 16 15 15 14 14 13 13 13 12 12 11 11 11 11 10 10 9 9 8 8 8 7 7 7 6 6 5 5 5 5 4 4 4 3 3 2 2 2 1 1 0 1 1 2 2 2 1 1 0 1 2 2 1 1 1 1 1 0 1 1 1 1 1 0 0 1 1 0
10 11 11 12 12 13 14 14 15 15 16 16 17 17 17 17 17 17 17 17 17 18 17 17 16 16 16 16 15 15 15 14 14 13 13 13 12 12 11 11 10 10 10 10 9 9 8 8 7 7 7 6 6 5 5 5 4 4 4 4 3 3 2 2 2 1 1 0 0 1 2 2 2 2 2 1 0 1 1 1 1 0 0 0 0 0 0 0 0 1 1 1 0 0 1 0
10 11 11 12 12 13 13 14 14 15 15 16 16 17 17 17 16 16 16 17 17 17 17 17 16 16 15 15 15 15 15 14 14 13 13 12 12 11 11 10 10 10 9 9 9 8 8 7 7 7 6 6 6 5 5 4 4 4 3 3 3 3 2 2 1 1 0 0 1 1 2 2 3 2 2 1 0 0 1 0 0 0 1 1 1 1 1 1 0 0 1 1 1 0 0 0
10 11 11 12 12 13 13 14 14 15 15 16 16 17 16 16 16 16 16 16 16 17 17 16 16 15 15 15 14 14 14 14 13 13 12 12 11 11 11 10 10 9 9 9 8 8 8 7 7 6 6 6 5 5 4 4 3 3 3 3 3 2 2 2 1 0 0 1 1 2 2 2 3 2 2 1 1 0 0 0 1 1 1 2 2 2 2 1 1 0 0 0 1 1 1 0
10 10 11 11 12 12 13 13 14 14 15 15 16 16 16 16 15 15 15 16 16 16 16 16 16 15 15 14 14 14 14 13 13 13 12 12 11 11 10 10 9 9 8 8 8 8 8 7 7 6 6 5 5 5 4 4 3 3 2 2 2 2 2 1 1 0 1 1 1 2 2 2 2 2 2 1 1 0 1 1 1 2 2 2 2 2 2 2 1 1 1 0 0 1 1 1
10 10 11 11 12 12 13 13 14 14 15 15 16 16 15 15 15 15 15 15 15 16 16 16 15 15 14 14 13 13 13 13 13 12 12 11 11 10 10 10 9 9 8 8 7 7 7 7 6 6 5 5 5 4 4 3 3 2 2 2 2 2 2 1 0 0 0 0 1 1 2 2 2 2 1 1 0 0 1 2 2 2 2 2 3 3 2 2 2 2 1 1 0 0 1 1
9 10 10 11 11 12 12 13 13 14 14 15 15 15 15 15 14 14 14 15 15 15 15 15 15 15 14 14 13 13 13 12 12 12 12 11 11 10 10 9 9 8 8 7 7 7 7 6 6 6 5 5 4 4 3 3 3 2 2 1 1 1 1 1 1 1 1 0 0 1 1 1 2 1 1 0 0 1 1 2 2 2 2 3 3 3 3 2 2 2 2 1 1 0 1 1
9 10 10 11 11 12 12 13 13 14 14 15 15 15 14 14 14 14 14 14 14 15 15 15 15 14 14 14 13 13 12 12 12 11 11 11 10 10 9 9 8 8 8 7 7 6 6 6 6 5 5 4 4 3 3 3 2 2 2 1 0 0 1 1 2 2 1 1 0 0 0 1 1 1 0 0 1 1 1 1 1 2 2 3 3 3 3 3 3 2 2 2 1 0 0 1
9 9 10 11 11 12 12 13 13 14 14 14 14 14 14 14 13 13 13 14 14 14 14 14 14 14 14 13 13 12 12 11 11 11 11 10 10 10 9 9 8 8 7 7 7 6 6 5 5 5 5 4 4 3 3 2 2 2 2 1 1 0 0 1 1 1 2 1 1 1 0 0 1 1 0 1 1 1 0 0 1 2 2 3 3 4 4 3 3 3 2 2 1 1 0 1
9 9 10 10 11 11 12 12 13 13 14 14 14 14 13 13 13 13 13 13 13 14 14 14 14 13 13 13 13 12 12 11 11 10 10 10 10 10 9 8 8 7 7 7 6 6 5 5 5 4 4 4 3 3 2 2 2 1 1 1 1 1 0 0 0 1 1 2 2 1 1 0 0 0 0 1 1 1 0 1 1 2 2 3 3 3 3 4 3 3 2 2 2 1 0 0
9 9 10 10 11 11 12 12 13 13 13 13 13 13 13 13 12 12 12 13 13 13 13 13 14 13 13 13 12 12 11 11 10 10 10 9 9 9 9 8 8 7 7 6 6 6 5 5 4 4 4 3 3 3 2 2 1 1 0 1 2 1 1 0 0 0 1 1 1 2 1 1 0 0 0 1 1 0 0 1 2 2 2 2 2 3 3 3 4 3 3 2 2 1 1 0
8 9 9 10 10 11 11 12 12 13 13 13 13 13 12 12 12 12 12 12 12 13 13 13 13 13 13 12 12 12 11 11 10 10 9 9 9 8 8 8 8 7 7 6 6 5 5 4 4 3 3 3 3 3 2 2 1 0 0 1 2 1 0 0 1 0 0 0 1 1 1 1 0 1 0 0 0 0 1 1 1 2 2 2 2 2 3 3 3 3 3 2 2 2 1 0
8 9 9 10 10 11 11 12 12 12 12 12 12 12 12 12 11 11 11 12 12 12 12 12 13 13 12 12 11 11 11 10 10 9 9 8 8 8 8 8 7 7 6 6 5 5 5 4 4 3 3 2 2 2 2 2 1 0 0 1 1 1 0 1 1 1 1 0 0 1 1 0 0 1 1 1 0 0 0 0 1 1 1 1 2 2 2 3 3 3 3 3 2 2 1 0
8 9 9 10 10 11 11 11 11 12 12 12 12 12 11 11 11 11 11 11 11 12 12 12 12 12 12 12 11 11 10 10 10 9 9 8 8 7 7 7 7 7 6 6 5 5 4 4 3 3 2 2 2 2 2 2 1 1 0 0 1 0 0 1 2 1 0 0 0 0 0 0 1 1 2 1 1 1 1 0 0 0 0 1 1 2 2 2 3 3 3 3 2 2 1 1
8 8 9 9 10 10 10 11 11 11 11 11 11 11 11 11 10 10 10 11 11 11 11 11 12 12 12 11 11 10 10 10 9 9 8 8 7 7 7 7 6 6 6 5 5 4 4 3 3 3 2 2 1 1 1 1 1 1 1 0 0 0 1 1 1 1 0 1 1 0 0 1 1 1 1 2 2 2 1 1 1 1 0 0 1 1 2 2 2 3 3 3 2 2 2 1
8 8 9 9 10 10 10 10 10 11 11 11 11 11 10 10 10 10 10 10 10 11 11 11 11 11 12 11 11 10 10 9 9 9 8 8 7 7 6 6 6 6 5 5 5 4 4 3 3 2 2 2 1 0 0 0 1 1 1 1 0 0 0 1 1 0 0 1 1 0 1 1 0 0 1 1 1 1 2 2 2 1 1 0 0 1 1 2 2 3 2 2 2 2 2 1
8 8 9 9 9 9 9 10 10 10 11 10 10 10 10 10 9 9 9 10 10 10 10 10 11 11 11 11 10 10 9 9 8 8 8 8 7 7 6 6 5 5 5 5 4 4 3 3 2 2 2 1 1 0 1 0 0 1 1 1 1 1 0 0 0 0 1 1 0 0 1 1 0 0 0 0 0 1 1 1 1 2 1 1 0 0 1 2 2 2 2 2 2 1 1 1
7 8 8 8 8 9 9 9 10 10 10 10 10 9 9 9 9 9 9 9 9 9 10 10 10 10 11 11 10 10 9 9 8 8 7 7 7 6 6 5 5 5 4 4 4 4 3 3 2 2 1 1 0 0 1 1 0 0 0 1 2 1 1 1 1 1 1 0 0 1 1 0 0 1 1 1 0 0 0 0 1 1 2 1 1 1 1 2 2 2 2 1 1 1 0 0
7 7 8 8 8 8 8 9 9 9 10 9 9 9 9 9 8 8 8 9 9 9 9 9 10 10 10 10 10 10 9 8 8 7 7 7 7 6 6 5 5 4 4 4 3 3 3 3 2 2 1 0 0 1 1 1 1 1 0 1 2 2 2 1 1 1 0 0 0 1 0 0 1 1 2 1 1 0 0 0 0 1 1 1 2 2 2 2 2 1 1 1 0 0 0 1
7 7 7 7 7 8 8 8 9 9 9 9 9 8 8 8 8 8 8 8 8 8 9 9 9 9 10 10 10 9 9 8 8 7 7 6 6 6 5 5 4 4 3 3 3 3 3 3 2 2 1 0 1 1 2 2 1 0 0 1 1 1 1 1 0 0 0 1 0 0 1 1 1 2 2 1 1 0 1 1 0 0 0 1 1 2 2 2 2 1 0 0 0 1 1 1
6 6 7 7 7 7 8 8 8 8 9 8 8 8 8 8 7 7 7 8 8 8 8 8 9 9 9 9 9 9 9 8 8 7 7 6 6 5 5 5 4 4 3 3 2 2 2 2 2 2 1 0 0 1 1 1 1 0 1 1 1 0 0 0 0 1 1 1 1 0 0 0 1 1 1 1 0 0 1 1 1 1 0 0 1 2 2 2 2 1 0 1 1 1 2 2
6 6 6 6 7 7 7 7 8 8 8 8 8 7 7 7 7 7 7 7 7 7 8 8 8 8 8 9 9 8 8 8 7 7 6 6 5 5 5 4 4 3 3 2 2 2 2 2 2 1 1 1 0 0 0 1 1 1 1 1 0 0 1 1 1 1 1 1 1 1 1 0 0 1 1 0 0 1 1 2 2 1 0 0 1 2 2 2 1 1 0 1 2 2 2 2
5 5 6 6 6 7 7 7 7 8 8 7 7 7 7 7 6 6 6 7 7 7 7 7 8 8 8 8 8 8 8 7 7 7 6 6 5 5 4 4 4 3 3 2 2 1 1 1 1 1 0 0 1 1 0 0 1 1 1 0 0 1 1 1 1 1 0 0 0 1 1 1 0 0 0 0 1 1 2 2 2 1 0 1 1 2 2 2 1 0 0 1 2 2 2 3
5 5 5 6 6 6 6 7 7 7 7 7 7 6 6 6 6 6 6 6 6 6 7 7 7 7 7 8 8 8 7 7 7 6 6 5 5 4 4 3 3 3 3 2 2 1 0 0 1 1 0 1 1 1 1 0 0 0 0 0 1 1 0 0 1 1 1 1 0 0 0 1 1 0 0 0 1 1 2 1 1 1 1 1 2 2 2 2 1 0 1 1 2 2 3 3
4 5 5 5 5 6 6 7 7 7 7 6 6 6 6 5 5 5 5 5 6 6 6 6 7 7 7 7 8 8 7 7 6 6 6 5 5 4 4 3 3 2 2 2 2 1 1 0 0 0 0 1 1 2 1 1 1 0 0 1 1 0 0 1 1 2 2 1 0 0 0 0 1 1 1 0 0 1 1 1 0 0 1 2 2 2 2 2 1 0 1 2 2 2 3 3
4 4 4 5 5 5 6 6 7 6 6 6 6 5 5 5 5 5 5 5 5 5 6 6 6 6 7 7 8 8 7 7 6 6 5 5 4 4 3 3 2 2 2 2 2 2 1 1 1 0 0 0 1 1 2 2 1 1 0 1 1 0 0 0 1 1 1 1 0 1 1 0 0 1 1 1 0 0 1 1 0 1 1 2 2 3 2 2 1 0 1 2 2 3 3 4
3 4 4 4 5 5 6 6 6 6 6 5 5 5 5 4 4 4 4 4 5 5 5 5 6 6 7 7 7 7 7 6 6 5 5 5 4 4 3 3 2 2 1 1 1 1 1 1 0 0 1 0 0 1 1 2 1 0 0 1 0 0 1 0 0 1 1 0 0 1 1 1 1 1 1 1 1 0 0 0 0 1 2 2 2 3 2 2 1 0 1 2 2 3 3 4
3 3 3 4 4 5 5 6 6 6 5 5 5 4 4 4 4 4 4 4 4 4 5 5 5 6 6 7 7 7 7 6 6 5 5 4 4 4 3 3 2 2 1 0 0 1 1 0 0 1 1 1 0 0 1 2 1 0 1 1 0 1 1 1 0 0 0 0 1 1 2 2 2 1 0 0 1 1 1 0 1 1 2 2 3 3 2 2 1 0 1 2 2 3 3 4
2 3 3 4 4 5 5 6 6 5 5 5 4 4 4 3 3 3 3 3 4 4 4 5 5 6 6 7 7 6 6 6 5 5 4 4 3 3 3 3 2 2 1 1 0 0 0 0 1 1 2 1 1 0 1 2 1 0 0 1 1 1 2 1 1 1 0 0 1 1 2 2 2 1 1 0 0 0 1 1 1 2 2 2 3 3 2 2 1 0 1 2 2 3 3 4
2 2 3 3 4 4 5 5 6 5 5 4 4 3 3 3 3 3 3 3 3 3 4 4 5 5 6 6 7 6 6 5 5 5 4 4 3 3 2 2 2 2 2 1 1 1 0 0 1 2 2 2 1 0 1 1 1 1 0 1 2 2 2 2 2 1 1 0 0 1 1 1 2 2 1 1 1 0 1 2 2 2 2 3 3 3 2 2 1 0 1 2 2 3 3 4
2 2 3 3 4 4 5 5 5 5 4 4 3 3 3 2 2 2 2 2 3 3 4 4 5 5 6 6 6 6 5 5 5 4 4 3 3 2 2 2 2 2 2 2 1 0 0 1 1 2 2 2 1 0 0 0 0 0 0 1 2 2 2 2 2 2 1 0 0 0 0 1 1 2 2 1 0 0 1 2 2 2 3 3 3 3 2 2 1 0 1 2 2 3 3 4
2 2 3 3 4 4 5 5 5 5 4 4 3 3 2 2 2 2 2 2 2 3 3 4 4 5 5 6 6 6 5 5 4 4 4 3 3 2 2 1 1 1 1 1 1 0 1 1 2 2 2 2 1 0 0 1 1 1 0 1 1 2 2 2 2 1 1 0 1 1 0 0 1 1 1 1 0 1 1 2 2 3 3 3 3 3 2 2 1 0 1 2 2 3 3 4
2 2 2 3 3 4 4 5 5 4 4 3 3 2 2 2 1 1 1 2 2 3 3 4 4 5 5 6 6 5 5 4 4 3 3 3 3 2 2 1 0 0 0 1 0 0 1 2 2 2 2 2 1 0 0 1 2 1 0 0 1 2 2 2 1 1 0 0 1 1 1 0 0 0 1 0 0 1 2 2 2 3 3 4 3 3 2 2 1 0 1 2 2 3 3 4
1 2 2 3 3 4 4 5 5 4 4 3 3 2 2 1 1 0 1 2 2 3 3 4 4 5 5 6 6 5 5 4 4 3 3 2 2 2 2 1 1 1 0 0 0 1 1 2 2 2 2 2 1 0 1 1 2 1 1 0 1 1 2 2 1 0 0 1 1 2 1 1 1 0 0 0 1 1 2 2 3 3 4 4 3 3 2 2 1 0 1 2 2 3 3 4
1 2 2 2 3 3 4 4 5 4 4 3 3 2 2 1 0 0 1 2 2 3 3 4 4 5 5 6 5 5 4 4 3 3 2 2 2 2 2 2 2 1 1 0 0 1 2 2 2 2 2 1 1 0 0 1 1 1 1 0 0 1 1 1 1 0 1 1 2 2 2 2 1 1 0 1 1 2 2 2 3 3 4 4 3 3 2 2 1 0 1 2 2 3 3 4
1 1 2 2 3 3 3 4 4 4 4 3 3 2 2 1 1 0 1 2 2 2 3 3 4 4 5 5 5 5 4 4 3 3 2 2 1 1 1 2 2 1 0 0 0 1 1 1 2 2 1 1 0 0 0 0 0 1 1 1 0 0 1 1 0 0 1 2 2 2 2 1 1 0 0 1 2 2 2 3 3 4 4 4 3 3 2 2 1 0 1 2 2 3 3 4
0 1 2 2 2 3 3 3 4 4 4 3 3 2 2 2 1 0 1 1 2 2 3 3 4 4 5 5 5 5 4 4 3 3 2 2 1 0 1 1 1 1 0 1 0 0 0 1 1 2 1 0 0 1 1 1 0 1 2 1 1 0 0 0 0 1 1 2 2 2 2 1 0 0 1 1 2 2 3 3 3 3 3 3 3 3 2 2 1 0 1 2 2 3 3 3
0 1 1 2 2 2 3 3 4 4 4 4 3 3 2 2 1 0 0 1 2 2 2 3 3 4 4 5 5 5 4 4 3 3 2 2 1 0 0 0 1 0 0 1 1 1 0 0 1 1 1 0 1 1 2 1 1 1 2 2 1 1 1 0 0 1 1 2 1 1 1 1 0 1 1 2 2 2 3 3 3 3 3 3 3 3 2 2 1 0 1 2 2 3 3 3
0 0 1 1 2 2 2 3 3 4 4 4 3 3 2 2 1 1 0 1 1 2 2 3 3 3 4 4 5 5 4 4 3 3 2 2 1 1 1 0 0 0 1 1 2 1 1 0 0 0 0 0 1 2 2 2 2 2 2 2 2 2 1 1 0 0 1 1 1 0 0 0 0 1 2 2 2 2 2 2 2 2 2 2 2 2 2 2 1 0 1 2 2 2 2 2
1 0 0 1 1 2 2 3 3 3 4 4 3 3 2 2 2 1 0 0 1 2 2 2 3 3 3 4 4 4 4 3 3 3 2 2 2 2 1 1 1 0 1 2 2 1 1 0 1 0 0 0 1 1 1 2 2 2 2 2 2 2 2 1 1 0 0 1 1 1 0 0 1 1 2 2 2 2 2 2 2 2 2 2 2 2 2 2 1 0 1 2 2 2 2 2
