contrib/geomasonDemos/riftland/riftlandData/MarsData/marsquality0.txt
ncols         156
nrows         168
xllcorner     37.5
yllcorner     2
cellsize      0.0083333333333334
NODATA_value  -9999
[rows 0 to 25 of 168, columns 60 to 119 of 156]
0.4905306 0.4836226 0.4704846 0.4879797 0.4935574 0.488045 0.4902957 0.4845072 0.4874693 0.4787248 0.4920231 0.4812224 0.4855534 0.4821635 0.4829032 0.4968092 0.4959206 0.486689 0.4760906 0.4890091 0.4853449 0.4914087 0.4977876 0.4921219 0.4882432 0.4819399 0.4797381 0.4849755 0.4914888 0.4741057 0.471891 0.4832094 0.4952344 0.4875084 0.4736895 0.487345 0.4968712 0.499115 0.497497 0.4862193 0.7171487 0.7315947 0.7337967 0.7271623 0.7314873 0.7205194 0.7383897 0.7167554 0.7179426 0.6967535 0.7125676 0.4738612 0.4511419 0.4766373 0.4912171 0.4675199 0.4490636 0.445234 0.4677012 0.4914888
0.484762 0.4796947 0.4680669 0.4809122 0.4883856 0.4855061 0.4846659 0.4787202 0.4862548 0.4914087 0.4791148 0.4758544 0.4726355 0.4805465 0.4910953 0.4943335 0.4917338 0.4847427 0.4804111 0.4868592 0.4744367 0.47313 0.4860288 0.4952139 0.4980212 0.4933041 0.493837 0.4959206 0.4813322 0.4791994 0.4643291 0.4584021 0.4668046 0.4911063 0.4908781 0.4877618 0.4784233 0.4886931 0.4902957 0.7409725 0.7226348 0.7160475 0.7261711 0.740497 0.7157376 0.712456 0.7267797 0.7078155 0.707431 0.7121638 0.7316427 0.7342237 0.7111076 0.7137876 0.4713085 0.4649099 0.4754244 0.4604868 0.4648681 0.4880204
0.4843563 0.4796947 0.4735522 0.4802866 0.4705643 0.4639118 0.4645796 0.4705145 0.4802866 0.4879634 0.4736004 0.4801678 0.4959206 0.4909211 0.4930038 0.4916046 0.4920847 0.4891165 0.4812172 0.4883183 0.4878259 0.4725748 0.4720691 0.4904278 0.4934221 0.4990106 0.4897083 0.4918652 0.4808303 0.4684492 0.490666 0.4860078 0.4694708 0.4685113 0.4894825 0.4813952 0.4807234 0.4879228 0.4911837 0.7302665 0.7272977 0.7424325 0.714259 0.6719198 0.6193076 0.6265131 0.6950121 0.7208424 0.7282591 0.7276891 0.7356417 0.7057917 0.649666 0.6803222 0.6868979 0.4595833 0.4718422 0.4552802 0.4651703 0.4857788
0.4924649 0.4756284 0.4777796 0.4933481 0.4835749 0.4795458 0.4791477 0.4853516 0.4794694 0.4706209 0.4750804 0.4823677 0.4932604 0.4987485 0.4971668 0.4931309 0.4956197 0.494617 0.4844567 0.4781573 0.4752182 0.4906975 0.4756646 0.4916046 0.4921718 0.4906975 0.4911063 0.4930038 0.4943335 0.4776785 0.4747759 0.4763997 0.4857788 0.4695607 0.4962195 0.4815963 0.4852915 0.4916046 0.732129 0.7221403 0.7247705 0.7287509 0.6464716 0.4327469 0.3568641 0.377312 0.5288666 0.7160022 0.7017567 0.7258407 0.7253712 0.6920184 0.6757905 0.7282591 0.6880529 0.4817726 0.4789236 0.4530099 0.4790167 0.4889293
0.4804061 0.4774343 0.4942478 0.4915465 0.4759193 0.4909752 0.4874693 0.4847235 0.4786421 0.4801678 0.4782786 0.4734156 0.4783011 0.482721 0.477837 0.4757452 0.483303 0.4896325 0.4884193 0.4879797 0.4799664 0.4956421 0.4810977 0.4869339 0.4910515 0.4924779 0.4858824 0.4892341 0.4986008 0.4906137 0.4841388 0.4779788 0.4849755 0.4785964 0.4782786 0.4866963 0.4884617 0.4839669 0.7134005 0.7377617 0.7345624 0.7200157 0.5783688 0.3187167 0.3740137 0.1460722 0.2486606 0.6547024 0.7354285 0.6897392 0.6968694 0.7149559 0.6855721 0.720104 0.7176145 0.7299345 0.7110453 0.6873742 0.4911505 0.4959206
0.4835749 0.4822901 0.488045 0.4884193 0.4815114 0.4925827 0.4962454 0.4834324 0.4862335 0.4954444 0.4901755 0.4879634 0.4906241 0.4876741 0.4965441 0.4931309 0.4872601 0.4610128 0.4605016 0.4729955 0.4710234 0.481411 0.4814163 0.4875398 0.4855874 0.4976172 0.4958023 0.4855061 0.4917338 0.4968712 0.4976172 0.4924779 0.4728798 0.499115 0.4773262 0.4734488 0.4818103 0.4921718 0.4884617 0.7429446 0.7344487 0.70162 0.5908716 0.1842622 0.3840337 0.08967897 0.1381615 0.3660522 0.4325168 0.7044569 0.6881524 0.7006154 0.7206167 0.7204299 0.7335672 0.7175874 0.7031413 0.6544281 0.6828383 0.7212685
0.4769876 0.7076644 0.7042832 0.7038565 0.487532 0.4959206 0.483973 0.4795028 0.4844882 0.4887974 0.4932459 0.4930883 0.4837727 0.4866963 0.4654439 0.4548426 0.4511239 0.4680822 0.4848975 0.4877938 0.4829204 0.4911837 0.4826927 0.4862193 0.4840465 0.4809996 0.4942308 0.4921219 0.4941801 0.4937112 0.4902857 0.4908781 0.4775212 0.4879228 0.4871683 0.4916514 0.4819399 0.4946719 0.4912842 0.7413462 0.7316427 0.6854935 0.5794532 0.2552754 0.2577223 0.2676921 0.08838919 0.3279653 0.4152066 0.4313333 0.7241837 0.7225866 0.7367756 0.7407555 0.7239797 0.7184691 0.7304797 0.7109776 0.6888146 0.7109606
0.4716517 0.6985496 0.7015473 0.7053554 0.7131845 0.4930883 0.4745903 0.4787432 0.4797381 0.4821635 0.4850277 0.4843625 0.4790727 0.4755683 0.4537127 0.4836286 0.450757 0.4677376 0.4897847 0.486689 0.484463 0.4927025 0.4884193 0.4776391 0.4672319 0.4645796 0.471237 0.4833911 0.4817565 0.4874849 0.4844127 0.4830643 0.4855061 0.487698 0.4929066 0.4936185 0.4732687 0.4785964 0.488086 0.4804061 0.4874225 0.6811613 0.5197635 0.3014594 0.2247494 0.2409949 0.178707 0.299206 0.4371492 0.4285518 0.4334345 0.4821416 0.4908781 0.4800056 0.473835 0.7351589 0.7232782 0.6968694 0.7013296 0.7182741
0.4615817 0.7015473 0.7472634 0.7194265 0.6986867 0.4788494 0.4755963 0.482721 0.4924389 0.4938529 0.4918772 0.4873295 0.4887191 0.4657826 0.4703424 0.4452482 0.46194 0.4798495 0.4795697 0.478537 0.484969 0.4853382 0.4934221 0.48991 0.4919864 0.4802866 0.4765453 0.4882432 0.4829204 0.4841573 0.4810977 0.4805918 0.4904278 0.4938529 0.4908781 0.4738799 0.4627377 0.4548101 0.4756324 0.480035 0.4905306 0.4593298 0.3509953 0.3248066 0.345564 0.3060244 0.3387555 0.3319226 0.4325473 0.4543963 0.4335286 0.4550794 0.4754085 0.483344 0.4861131 0.4930038 0.7122453 0.699365 0.7072091 0.7022108
0.4676891 0.4908781 0.4883856 0.4906137 0.467217 0.468279 0.4890538 0.4865427 0.4896325 0.4954876 0.4874693 0.4954876 0.4906137 0.4690758 0.4546739 0.4643291 0.4881272 0.4885127 0.4854858 0.4802667 0.4922725 0.4879634 0.4973451 0.4900566 0.4868667 0.486623 0.4815803 0.4959932 0.4956197 0.489225 0.4948209 0.4965441 0.48991 0.4908781 0.4887191 0.4741057 0.4785188 0.4757613 0.458428 0.4812172 0.4936647 0.4763997 0.4070441 0.3236108 0.3290397 0.398526 0.4149258 0.3928942 0.4298792 0.4649574 0.4627062 0.4715552 0.467774 0.4694483 0.4655347 0.4671484 0.7236767 0.7015882 0.6901057 0.6968902
0.4851327 0.4885212 0.4900173 0.4784505 0.4958257 0.4796417 0.4807895 0.4840097 0.4808457 0.4785188 0.481522 0.494955 0.4885212 0.4853382 0.4829721 0.4845642 0.4851261 0.4902957 0.4852915 0.4808969 0.4968092 0.4887191 0.4923617 0.4953804 0.4843563 0.4780991 0.6980386 0.7013205 0.7312627 0.4937424 0.4987485 0.497497 0.4909211 0.4936185 0.492797 0.4882849 0.469 0.4738799 0.4844882 0.4738799 0.4872371 0.483344 0.4666252 0.4530286 0.4085048 0.403065 0.4423317 0.389022 0.4173011 0.4517038 0.4711554 0.4810977 0.4783916 0.484982 0.4968092 0.4845451 0.6815655 0.7063279 0.7345197 0.7049283
0.4825687 0.4801875 0.4882849 0.4716794 0.4778061 0.4976172 0.4804111 0.4862335 0.4842876 0.4861131 0.4987485 0.4964326 0.4896325 0.4840465 0.4876028 0.4706909 0.4710775 0.4788494 0.4796273 0.4828176 0.4902655 0.4865645 0.4834324 0.4883183 0.4890717 0.4930741 0.7377617 0.7153732 0.7061919 0.7260146 0.4937895 0.4938529 0.488086 0.494955 0.4918411 0.494955 0.4845198 0.4690126 0.4963512 0.4804411 0.4958257 0.485834 0.4803512 0.4588158 0.4307872 0.352657 0.4592842 0.3432786 0.3960638 0.4474081 0.4572582 0.4658857 0.4741322 0.4778768 0.4865427 0.4868965 0.7279373 0.6974361 0.6955271 0.7455477
0.4807082 0.4841697 0.4764121 0.4869264 0.4752064 0.477837 0.492797 0.4865136 0.4910406 0.4840097 0.4871683 0.4932314 0.4852318 0.4843563 0.4768477 0.4757008 0.474364 0.4711182 0.4868965 0.4899003 0.4896798 0.4770558 0.4783057 0.488086 0.4888062 0.4993742 0.7357032 0.7384087 0.7019168 0.454287 0.475329 0.4901755 0.4914888 0.4869865 0.4820323 0.4745287 0.4737901 0.4721393 0.4867406 0.4789654 0.4920231 0.4831803 0.4875398 0.4698839 0.4382291 0.3455854 0.2984093 0.3297683 0.4178561 0.4701155 0.4792607 0.4768139 0.4830643 0.4861061 0.4953804 0.4914087 0.7368256 0.7330786 0.7342237 0.6905188
0.4824958 0.4936185 0.4711182 0.4809276 0.4879634 0.4755963 0.4828176 0.4884193 0.4914888 0.494955 0.4922725 0.4765161 0.4729268 0.4778061 0.4881933 0.4763499 0.4928516 0.4783734 0.4924649 0.4951127 0.4889381 0.4890717 0.4803512 0.4790167 0.4705444 0.4704747 0.484762 0.4848651 0.4942478 0.4760048 0.4708315 0.4720971 0.4744252 0.4713905 0.4775343 0.4795266 0.4936185 0.4857307 0.485265 0.4777181 0.4826024 0.4890448 0.4831512 0.4941801 0.4802469 0.46684 0.4496334 0.4429541 0.4608001 0.4855331 0.4798495 0.4890091 0.4930038 0.4894825 0.4980212 0.4934221 0.7253355 0.7304797 0.7349526 0.6819267
0.4902054 0.4827664 0.4911505 0.4654637 0.4765328 0.4826137 0.4807082 0.4888588 0.4833735 0.4917338 0.495053 0.4722272 0.4645354 0.488086 0.4918652 0.4838938 0.489225 0.4805918 0.4924649 0.4901755 0.4831803 0.4740944 0.4922598 0.4920354 0.4936647 0.4853917 0.4867997 0.4945269 0.4877618 0.4917338 0.4786467 0.4755242 0.4732871 0.4694419 0.4745287 0.4937424 0.4910515 0.484463 0.481778 0.4909752 0.4768181 0.4876741 0.4850277 0.4945269 0.4939817 0.4908781 0.4897369 0.4824958 0.4896703 0.4904278 0.4900566 0.4924779 0.4926357 0.4942308 0.4970318 0.7357495 0.7448162 0.7190898 0.7214299 0.6988587
0.4884956 0.4914888 0.4798204 0.4793932 0.4753727 0.488045 0.4915003 0.4756324 0.4916866 0.4751236 0.4849559 0.4821416 0.4641594 0.477365 0.4862762 0.4829778 0.4908781 0.484969 0.4958257 0.4976172 0.4986008 0.4868965 0.4751827 0.4805113 0.4937112 0.483973 0.4954876 0.494955 0.4873295 0.4902655 0.4837667 0.488086 0.4787386 0.4858824 0.4783147 0.4761891 0.4666781 0.4768392 0.4877298 0.4882432 0.4715002 0.4674086 0.4818103 0.4920847 0.4922598 0.4886585 0.4914888 0.4899684 0.4884617 0.4920231 0.4902555 0.4916046 0.4960424 0.4982301 0.4968092 0.7354285 0.7437385 0.7222115 0.7304797 0.7381829
0.4927428 0.48991 0.4795841 0.4946903 0.4820323 0.4888588 0.4932459 0.477417 0.4772443 0.4777796 0.4699588 0.483973 0.4704747 0.4922598 0.4952964 0.4834324 0.4862762 0.4799664 0.4704846 0.4783961 0.4760171 0.4756324 0.4937112 0.4781438 0.4907927 0.4835332 0.4934221 0.4986726 0.4893071 0.4786147 0.4865645 0.490106 0.4902655 0.4954444 0.4865427 0.4793742 0.483973 0.4928653 0.4965441 0.485938 0.4796033 0.4714008 0.4719816 0.4847749 0.4883099 0.4924779 0.4956197 0.4942308 0.4870771 0.4914087 0.4951327 0.4926757 0.4902054 0.4986008 0.4990106 0.7349526 0.7462454 0.7304009 0.7313098 0.7428208
0.4942308 0.4867406 0.4897847 0.4912171 0.490106 0.4803612 0.4812172 0.4848975 0.4689337 0.4878501 0.4659747 0.4865427 0.476148 0.4889381 0.4885127 0.4886931 0.4852716 0.4840158 0.485159 0.481348 0.48139 0.4763997 0.4705843 0.4910953 0.4802122 0.4942308 0.4834798 0.4893438 0.4928516 0.4918652 0.4900566 0.4860078 0.4952344 0.4937895 0.4925827 0.4946535 0.4980212 0.4949939 0.4946903 0.4921219 0.4810977 0.4931309 0.4855941 0.4834798 0.4910953 0.4967787 0.4986008 0.4956421 0.4919864 0.4863334 0.4880942 0.4924649 0.4844378 0.4945269 0.7412702 0.7233772 0.7367756 0.7335807 0.7306725 0.7413462
0.4788124 0.4722801 0.4831048 0.4874147 0.4902857 0.4892341 0.4936647 0.4980212 0.4661304 0.4888324 0.4728329 0.4815963 0.4902957 0.477661 0.4883856 0.4890717 0.4822791 0.4758544 0.4924779 0.492426 0.4970318 0.4879634 0.474521 0.4703952 0.4880532 0.4815856 0.4840649 0.474364 0.492797 0.4849299 0.490106 0.4916514 0.4953804 0.4967787 0.4934669 0.4946719 0.4874693 0.4870468 0.499115 0.4924649 0.4829204 0.4786467 0.4930741 0.489298 0.4921593 0.4984046 0.4964602 0.4882849 0.4823344 0.4837306 0.4913067 0.4778768 0.7372332 0.7301108 0.7295108 0.7192541 0.7232124 0.7138911 0.7180803 0.7340157
0.4743145 0.4618963 0.4633654 0.4736115 0.490106 0.4924649 0.4897847 0.4861061 0.4633387 0.4799128 0.4831861 0.4760906 0.4848975 0.4881272 0.4866596 0.4914888 0.4855941 0.4818534 0.4843438 0.4931167 0.4893071 0.4812016 0.488086 0.4685113 0.4680945 0.4737602 0.4815856 0.4638332 0.4843625 0.4902054 0.4958023 0.4965441 0.4939817 0.485834 0.4807692 0.4843625 0.4804111 0.4738911 0.4849559 0.4946535 0.4934669 0.4792607 0.4896325 0.484969 0.4916046 0.4939817 0.7453068 0.7254339 0.731298 0.7293822 0.7485159 0.718532 0.735999 0.7291697 0.7307067 0.7034006 0.7235765 0.7315469 0.7228855 0.7274241
0.4906241 0.4739512 0.4830008 0.4715552 0.4739738 0.475234 0.4695735 0.4690126 0.4703259 0.4981227 0.4932314 0.4888324 0.4707544 0.4823178 0.4911505 0.4905306 0.4862548 0.4831803 0.4803463 0.4933628 0.495053 0.4910406 0.4840158 0.4921718 0.4822791 0.4920231 0.4902655 0.4700272 0.4746597 0.4942308 0.4848975 0.480607 0.4845895 0.4782336 0.4857307 0.4893622 0.4923874 0.4805616 0.4783734 0.4924389 0.7381271 0.7134728 0.7301996 0.7210851 0.734168 0.7490613 0.7419803 0.7274535 0.7327818 0.737113 0.7406136 0.7344629 0.7349819 0.7438809 0.7388741 0.7260605 0.7154815 0.7301996 0.7371815 0.7330786
0.4839608 0.4867184 0.4877298 0.4914888 0.4778856 0.4783011 0.4861414 0.4952344 0.4926757 0.4894453 0.4888062 0.4794122 0.4756003 0.4784687 0.4948399 0.4942308 0.4904996 0.4819453 0.4802667 0.4890448 0.4968712 0.5 0.477784 0.4958023 0.4808559 0.4918411 0.4823788 0.4871606 0.4650133 0.4849559 0.4775692 0.4845451 0.4835749 0.4886671 0.4815803 0.4980212 0.4964326 0.4839121 0.4673996 0.4789654 0.7345197 0.7155581 0.7291591 0.7186934 0.718891 0.7282591 0.7282591 0.7240815 0.7259595 0.7304797 0.7287509 0.7373198 0.7453068 0.7455477 0.7413462 0.7377977 0.7387364 0.7339469 0.7462454 0.7466814
0.4874849 0.4967787 0.4795028 0.490666 0.4911505 0.4952139 0.4874147 0.489298 0.4942478 0.4934669 0.4830008 0.4815856 0.4834147 0.4739211 0.4878501 0.4930883 0.493837 0.482721 0.4819236 0.4835808 0.4932314 0.494617 0.4737155 0.4954444 0.4801136 0.4873295 0.4807234 0.4954444 0.4783553 0.4849559 0.479661 0.4826927 0.4801283 0.4745787 0.478108 0.492797 0.481411 0.4680945 0.4603755 0.702879 0.7255958 0.7214917 0.7237438 0.7241837 0.7149496 0.7149308 0.7236767 0.7260973 0.7287199 0.737113 0.7334072 0.7443292 0.7431666 0.7457501 0.7372332 0.7280574 0.7295001 0.7420078 0.7369095 0.7321414
0.4763997 0.4937895 0.4741057 0.4936647 0.4892341 0.495053 0.4904996 0.4766331 0.4890091 0.4880204 0.4823844 0.4704647 0.4964326 0.4772787 0.483973 0.4933481 0.4902254 0.4810822 0.4857788 0.4915003 0.4904483 0.4928653 0.4760498 0.4909752 0.4844127 0.4883856 0.4877618 0.4889028 0.4799664 0.4812276 0.4845451 0.4717624 0.4926757 0.490106 0.4866963 0.4834324 0.4835808 0.4835749 0.4769027 0.7158341 0.7239797 0.7228855 0.7317389 0.7449453 0.740497 0.7374069 0.7357495 0.7312274 0.724039 0.7207294 0.7111415 0.7253712 0.7353081 0.7367257 0.7390537 0.7312627 0.718532 0.7453539 0.7333939 0.7311338
0.4760538 0.4783011 0.4782471 0.4980212 0.4936185 0.4959206 0.4948399 0.4803512 0.4829262 0.4897847 0.4866083 0.4763334 0.4815114 0.4835332 0.4767128 0.4897847 0.4905928 0.4836825 0.4872371 0.4926357 0.4935574 0.4823178 0.4836226 0.4869339 0.4869339 0.4893438 0.4869865 0.4871683 0.4687578 0.4755242 0.490541 0.474227 0.4844378 0.4845895 0.4768477 0.4879228 0.4882182 0.4951127 0.4854051 0.4891978 0.734677 0.7410706 0.7459628 0.7445269 0.7442905 0.7458023 0.7363817 0.7290432 0.7241837 0.7433628 0.7303448 0.7212685 0.7262824 0.7330007 0.7313098 0.7276103 0.7266191 0.7434295 0.7333542 0.731204
0.482909 0.4652293 0.4724679 0.48116 0.4887191 0.4887191 0.490106 0.4848975 0.4802469 0.477837 0.471538 0.4659747 0.4807692 0.489298 0.4796273 0.4857307 0.495053 0.4818103 0.4538991 0.4550337 0.4792607 0.488045 0.4841388 0.4719014 0.4836825 0.4893438 0.48991 0.4891526 0.4812276 0.4765996 0.4709021 0.4783011 0.4952964 0.4977438 0.4767717 0.4812485 0.4958023 0.4921219 0.4825631 0.4795028 0.7433628 0.7438809 0.7398906 0.7407555 0.7458023 0.732769 0.7372504 0.7451681 0.7304797 0.7457501 0.7416046 0.734168 0.7357495 0.7445269 0.737372 0.7398906 0.7307067 0.7374069 0.7310174 0.7330786
