contrib/geomasonDemos/riftland/riftlandData/MarsData/marsquality0.txt
ncols         156
nrows         168
xllcorner     37.5
yllcorner     2
cellsize      0.0083333333333334
NODATA_value  -9999
[rows 52 to 77 of 168, columns 0 to 59 of 156]
0.4567303 0.4459876 0.4620817 0.4870998 0.4863406 0.4729123 0.4587778 0.4636309 0.4721533 0.4674567 0.481411 0.4880942 0.4887191 0.4871378 0.4845895 0.4921219 0.4772572 0.4927428 0.4758544 0.4904278 0.4901755 0.4922725 0.4918772 0.4941801 0.4895104 0.4857788 0.4973085 0.4986008 0.4785918 0.4742535 0.4776129 0.2463179 0.2438809 0.2462914 0.2395107 0.2176303 0.2433999 0.2202764 0.2486726 0.2441216 0.2403617 0.2423298 0.2455919 0.2453804 0.2419835 0.2428653 0.2415321 0.2437386 0.2477222 0.2459386 0.2384938 0.2400445 0.2378142 0.2406976 0.2426325 0.2429725 0.4818372 0.4784278 0.4582284 0.4683253
0.4386868 0.4381658 0.4341538 0.4623692 0.4995575 0.4908781 0.4689337 0.464428 0.4730645 0.4765161 0.4933481 0.4904688 0.4959932 0.4869264 0.4856418 0.4644032 0.4591378 0.4799664 0.4805465 0.4636228 0.4923874 0.4897083 0.4964326 0.4896325 0.4922725 0.482738 0.4854051 0.4867997 0.4942478 0.2456086 0.2396303 0.2418773 0.2480088 0.2460116 0.2404484 0.2158029 0.2459628 0.2159038 0.2432714 0.2383922 0.2438809 0.2430742 0.2400938 0.2395644 0.2400028 0.2460797 0.2459206 0.2445269 0.2469265 0.2419865 0.2425368 0.2490106 0.2421719 0.2381172 0.2410407 0.4754244 0.4711894 0.4807234 0.4543212 0.4729268
0.4297454 0.3847042 0.4844378 0.4327389 0.4594383 0.4697315 0.4525046 0.4901755 0.4590995 0.4972015 0.4712847 0.4727789 0.4864557 0.4746597 0.4591953 0.4380094 0.4413629 0.2234329 0.4638928 0.4530266 0.4822901 0.4770387 0.468558 0.483344 0.4953804 0.4894453 0.4915465 0.4986008 0.4937424 0.2398137 0.2377043 0.2466157 0.2474775 0.2482721 0.2420202 0.2165298 0.2488719 0.2159749 0.2446171 0.2415756 0.2421531 0.2343304 0.2322677 0.2322512 0.2322898 0.2391506 0.2474775 0.246213 0.2437347 0.2435499 0.2460424 0.2413832 0.2432604 0.2443336 0.2442097 0.4809276 0.4683346 0.4828176 0.4600876 0.4742535
0.2120165 0.376283 0.3716564 0.4557996 0.470168 0.4911505 0.4386517 0.3866976 0.3984491 0.4263698 0.4655688 0.4517038 0.467547 0.4738051 0.4159695 0.457839 0.4830412 0.2409051 0.2326358 0.2287174 0.2427937 0.4785553 0.4918411 0.4734525 0.4934221 0.4921718 0.4936647 0.4960177 0.2461362 0.2437425 0.2425795 0.2448352 0.2468093 0.2479966 0.2399442 0.2172287 0.2473359 0.2199467 0.2409294 0.2448352 0.2470483 0.2418023 0.2403948 0.2421594 0.2398908 0.236505 0.2427767 0.2445989 0.2442478 0.2464326 0.2438809 0.2468093 0.2474775 0.2474775 0.4969026 0.4911505 0.4729955 0.4758098 0.4679354 0.4792607
0.2393142 0.229446 0.3947542 0.3903607 0.4052086 0.4022423 0.3808689 0.4160777 0.4426105 0.408664 0.406021 0.4163284 0.4143888 0.4441305 0.4240626 0.4338117 0.4528686 0.2222876 0.2327036 0.2406086 0.235191 0.2495053 0.4826927 0.4804411 0.4858893 0.495053 0.4981756 0.2466521 0.2448684 0.2446171 0.2431846 0.243853 0.2451428 0.2455257 0.2366289 0.2179377 0.2480968 0.2240052 0.2433445 0.2434483 0.2395107 0.2333714 0.2349014 0.2403035 0.2441928 0.2429725 0.2433592 0.2455752 0.2454391 0.490708 0.4851656 0.4896703 0.4926757 0.4959932 0.4920847 0.4940966 0.476222 0.4766499 0.4712676 0.4738537
0.2437542 0.2446125 0.2350741 0.2237664 0.2127789 0.4230511 0.4622472 0.4918411 0.4928653 0.4751236 0.4589849 0.46257 0.443457 0.4025194 0.4612142 0.4468971 0.4149419 0.2117217 0.2239076 0.2428653 0.2432134 0.2330941 0.2461299 0.2469908 0.2376091 0.483344 0.2470318 0.2495575 0.2463985 0.2448923 0.2446719 0.2459628 0.2477876 0.2457043 0.2307934 0.2241118 0.2370151 0.2279974 0.2483151 0.2480212 0.2434222 0.2461362 0.2469908 0.2484046 0.2484046 0.2473268 0.2426458 0.4958023 0.4940636 0.4909752 0.4951127 0.4830412 0.4823012 0.4893714 0.4958257 0.4939817 0.4867258 0.4804862 0.4756606 0.4599921
0.2493742 0.2488938 0.2476902 0.2469265 0.2451479 0.2450877 0.2477876 0.2447786 0.4921219 0.4855941 0.492797 0.4961936 0.4982301 0.4649937 0.4302581 0.4712404 0.226426 0.2344937 0.2197941 0.2309289 0.2405489 0.2364183 0.2380024 0.2446719 0.2420941 0.2413832 0.2432568 0.2485159 0.2497788 0.2472994 0.2457733 0.2463714 0.2480212 0.242917 0.2214651 0.2350398 0.2284331 0.2380515 0.2427767 0.2486726 0.2452344 0.2409294 0.2449842 0.2456086 0.2447227 0.4958023 0.4870771 0.4893622 0.4879228 0.4855331 0.4844567 0.495053 0.4846404 0.4924389 0.4893622 0.4938529 0.492797 0.4862762 0.4873218 0.477043
0.2490614 0.2497788 0.2486726 0.2465019 0.24871 0.2457733 0.2473085 0.2456421 0.244821 0.2488938 0.4940966 0.4940966 0.4946719 0.4896703 0.4466729 0.2123999 0.216186 0.2231609 0.2342044 0.224504 0.2410708 0.2451027 0.2401061 0.2395574 0.2379292 0.242563 0.244312 0.2459206 0.2447927 0.2432714 0.2423298 0.2472015 0.2492023 0.2401756 0.2175798 0.2448923 0.2250029 0.2469265 0.243467 0.2479966 0.2484356 0.2472634 0.2455697 0.2473359 0.4934669 0.4885212 0.4825407 0.4827664 0.4833911 0.4873295 0.4828176 0.4817565 0.4856691 0.5 0.4898134 0.4862762 0.4862548 0.4794741 0.4821855 0.4791994
0.2488719 0.2487485 0.2476902 0.2483151 0.2445358 0.244955 0.2417399 0.2460116 0.2454876 0.2446125 0.2488719 0.4946535 0.4959932 0.4967787 0.2402557 0.2247227 0.216846 0.2094766 0.2443465 0.2210161 0.2417696 0.2422567 0.2445583 0.2384429 0.2310047 0.2318518 0.2302285 0.2359229 0.2409267 0.2464533 0.2391958 0.2475265 0.2448352 0.2257872 0.2230563 0.2382998 0.228176 0.2440471 0.2439614 0.2435499 0.2475563 0.2481097 0.493837 0.493837 0.4868667 0.4877618 0.4812172 0.4783011 0.4853449 0.4869865 0.4974199 0.4966302 0.492797 0.4904483 0.4939817 0.4888324 0.4758584 0.4704846 0.4776129 0.4690853
0.2466814 0.2454606 0.2479603 0.2477876 0.2443292 0.2451127 0.2442097 0.2442097 0.2463714 0.2445224 0.2483894 0.2486008 0.4948209 0.2487485 0.2471154 0.2427429 0.2371268 0.2095001 0.2256934 0.2294222 0.2318585 0.242563 0.2433042 0.2214659 0.2204811 0.2308866 0.4783961 0.4571119 0.2172646 0.2252635 0.2373744 0.2396374 0.2288685 0.2200404 0.2484046 0.2204356 0.2353088 0.488086 0.4892341 0.4911063 0.4866083 0.4896703 0.4965441 0.4921718 0.4929066 0.4795841 0.4720166 0.4791618 0.4955532 0.489225 0.4951127 0.4926757 0.4884956 0.4920354 0.487115 0.4805918 0.4728329 0.470145 0.4878501 0.476222
0.2455477 0.2476069 0.2451681 0.2479011 0.2477438 0.2441592 0.2414516 0.247821 0.2455203 0.2470483 0.2466229 0.2466814 0.2476902 0.2493742 0.2483151 0.2422599 0.2439614 0.2265352 0.2049485 0.2372337 0.2361701 0.2256703 0.2137981 0.2210541 0.245333 0.4780277 0.4633628 0.4561976 0.4902957 0.4737118 0.2281458 0.2260564 0.2330797 0.238996 0.2186666 0.2263307 0.488086 0.4882432 0.4831629 0.4877059 0.4867258 0.4833735 0.4946719 0.4918652 0.4900173 0.4804511 0.4837727 0.4948209 0.4875398 0.4817083 0.4794741 0.4952344 0.4894453 0.4795697 0.4766373 0.4864268 0.484463 0.478688 0.4857513 0.4714453
0.2446903 0.2420049 0.243913 0.2461937 0.2469908 0.2479966 0.2466521 0.2471154 0.2468323 0.2455697 0.2490106 0.2493004 0.2495053 0.2492023 0.2483894 0.2452139 0.2464326 0.2410927 0.2136149 0.2098254 0.2274875 0.2328285 0.237161 0.2418113 0.2347098 0.4802469 0.4780322 0.4463218 0.4352501 0.4595639 0.4765453 0.2402331 0.2316907 0.2234099 0.2364273 0.2451277 0.4995575 0.4863334 0.4761727 0.4805264 0.4855534 0.485265 0.4942478 0.4915813 0.4914087 0.4813322 0.4746597 0.4879147 0.4868965 0.4860078 0.4683872 0.4838938 0.4808457 0.4707444 0.4660842 0.4908781 0.4837727 0.4815167 0.4804111 0.4617119
0.2451479 0.2492023 0.2472279 0.2480968 0.2495053 0.2460859 0.2454391 0.2469265 0.2483894 0.244994 0.2486726 0.2486543 0.2490878 0.247821 0.2446903 0.2395856 0.2385792 0.240567 0.2388043 0.2308751 0.2289068 0.2192351 0.2242368 0.2372183 0.2416691 0.4780322 0.471569 0.4920231 0.4826927 0.450448 0.4326227 0.435051 0.2279098 0.2395644 0.2445269 0.2452139 0.4964602 0.4904996 0.4917338 0.4843563 0.4769919 0.4701943 0.4855941 0.4955752 0.4958023 0.4881933 0.4845135 0.4891526 0.4959932 0.4819833 0.4840097 0.4644225 0.4945989 0.4812276 0.4706209 0.4811756 0.4669346 0.476835 0.4782471 0.4639226
0.2407689 0.2449842 0.2470318 0.2485159 0.2469027 0.249115 0.246061 0.2460116 0.2427026 0.2461299 0.2486543 0.2481227 0.2482301 0.2447227 0.2326541 0.2199573 0.2116502 0.205263 0.2041719 0.2057731 0.2154615 0.2221012 0.2229938 0.2184357 0.2189298 0.451407 0.4606009 0.4805918 0.482738 0.4960424 0.4884193 0.4847749 0.2419804 0.2439817 0.2458257 0.2435689 0.2448352 0.4959206 0.4903362 0.4924649 0.4959206 0.4753966 0.483344 0.4923874 0.4934669 0.4952344 0.485717 0.4893714 0.4873295 0.4895572 0.4940471 0.469458 0.4887191 0.4801678 0.4671127 0.4788494 0.4781438 0.4845642 0.4889381 0.4731847
0.2451277 0.2455532 0.2466741 0.2471668 0.2484513 0.2493363 0.2464326 0.2441928 0.2466157 0.2477876 0.2477222 0.2477876 0.2464533 0.2311119 0.2282085 0.2358899 0.2359385 0.2456421 0.2455532 0.242122 0.2468712 0.2404844 0.234158 0.2392116 0.2385535 0.235757 0.4713461 0.4584492 0.4611008 0.4645796 0.4726355 0.4822901 0.4828176 0.2479603 0.2402256 0.244312 0.2468093 0.2443292 0.489298 0.4894453 0.4738013 0.4621204 0.4772228 0.4847235 0.4906241 0.4921593 0.4840158 0.4977876 0.4958257 0.4880204 0.4843563 0.4823844 0.4784233 0.4817565 0.4772228 0.4693683 0.4725534 0.4791994 0.4946719 0.470892
0.2484046 0.2483151 0.2481756 0.24871 0.2495575 0.2488086 0.2475664 0.2482163 0.2474105 0.2477438 0.2488938 0.2460116 0.2418833 0.2120506 0.2338627 0.2322526 0.2121434 0.2064482 0.2079011 0.2085114 0.2112275 0.2139653 0.2115586 0.2147789 0.2188568 0.228432 0.4602055 0.4441656 0.4272796 0.4297524 0.4458953 0.4726498 0.4927428 0.2401136 0.2458257 0.242122 0.2368951 0.2339539 0.2375933 0.4946719 0.4602079 0.4735522 0.4749511 0.4791994 0.4906137 0.4869264 0.4871378 0.4924649 0.4831512 0.482721 0.4911394 0.4861696 0.4755642 0.4902957 0.4891978 0.4791289 0.4762838 0.4680883 0.4671513 0.4632108
0.2475265 0.2466814 0.2482163 0.2483151 0.2484046 0.2473268 0.2468712 0.2482163 0.2474775 0.2471154 0.2479011 0.2457043 0.2282299 0.2138982 0.2393073 0.2193498 0.2417074 0.2358345 0.2380249 0.2386631 0.2354057 0.2328841 0.2289799 0.2293036 0.2427971 0.234721 0.2108749 0.4632108 0.4981227 0.4844567 0.4709155 0.4508206 0.4658857 0.2452344 0.2418864 0.2410817 0.2383103 0.2395363 0.2435234 0.238074 0.228091 0.2378162 0.2448352 0.2452241 0.2460116 0.4984046 0.4981756 0.4883183 0.4867184 0.4968092 0.4922725 0.4795266 0.4834798 0.4922725 0.48991 0.4915813 0.4833382 0.462476 0.4544285 0.4707812
0.2465441 0.2479966 0.2485159 0.2493004 0.2482163 0.2492023 0.2485159 0.2493004 0.2495053 0.2485159 0.2473268 0.242753 0.2191922 0.2368354 0.2207181 0.2262471 0.246711 0.243849 0.2445583 0.2448923 0.2428585 0.2380453 0.2316014 0.228828 0.2448162 0.2448162 0.2231901 0.212001 0.2118214 0.2194817 0.2336234 0.23666 0.2244915 0.2368002 0.2341797 0.2439574 0.2476069 0.2474775 0.2412479 0.2295498 0.2346331 0.2476172 0.2411589 0.2446536 0.2391235 0.2444514 0.4896419 0.4844567 0.4918652 0.4935574 0.4873295 0.4891165 0.4868443 0.4876582 0.4902254 0.4910953 0.4780322 0.4733604 0.4632108 0.4495693
0.2471239 0.24871 0.2490614 0.2493742 0.2488938 0.2476482 0.2477876 0.2490614 0.2466521 0.242563 0.2384514 0.2249062 0.2196713 0.2362251 0.2172519 0.2364165 0.2408328 0.2425368 0.2440967 0.2433592 0.2454391 0.2409051 0.2366949 0.2320906 0.2396303 0.2455919 0.2474199 0.2387085 0.2371515 0.2391235 0.2196512 0.2462389 0.2212193 0.2459932 0.2403617 0.2415206 0.2396327 0.2315855 0.2295426 0.233887 0.2422315 0.2428756 0.2362874 0.2399832 0.2379597 0.2359385 0.2403948 0.4918652 0.4953804 0.4858616 0.4915465 0.4906975 0.480607 0.4858133 0.4835749 0.4791289 0.4769239 0.4968712 0.4780188 0.4375567
0.2468093 0.2485159 0.2490878 0.2482163 0.2460859 0.2466741 0.2488719 0.2466521 0.2307425 0.215985 0.2107483 0.2208932 0.2485834 0.2167643 0.2271339 0.2435499 0.2415466 0.2432714 0.2486008 0.2420202 0.2393073 0.2379231 0.2393601 0.244955 0.2337735 0.2382393 0.2387846 0.2376328 0.2371211 0.2350856 0.2155877 0.2458669 0.2168232 0.2440225 0.2335385 0.2330349 0.2180201 0.2187431 0.2324689 0.2434333 0.2440636 0.2407583 0.2400052 0.2443595 0.2441216 0.2381667 0.238648 0.2401731 0.2430883 0.4861414 0.4946903 0.4933628 0.483344 0.4808303 0.4887191 0.4896419 0.4871378 0.4862193 0.4948399 0.4308438
0.2452653 0.2476172 0.249115 0.2468556 0.2495053 0.2465019 0.2446857 0.2205284 0.2156382 0.2352921 0.24871 0.2322898 0.2179987 0.2256673 0.2443595 0.2431846 0.2456421 0.2417162 0.2437699 0.2419865 0.2402808 0.2395738 0.2379049 0.2418773 0.2462389 0.240695 0.2429412 0.2420079 0.2373414 0.2286783 0.2133746 0.2419469 0.2230681 0.2359211 0.2257176 0.2234486 0.2395363 0.2477766 0.2474775 0.2333038 0.2313282 0.2391506 0.2453068 0.2464258 0.2434296 0.246061 0.2416047 0.242917 0.2454606 0.2437425 0.2467335 0.2484356 0.4939817 0.4788494 0.4770387 0.4851261 0.4847941 0.4812851 0.4864557 0.4433723
0.2420786 0.2463512 0.2490878 0.2477766 0.2468556 0.2431274 0.2176802 0.2050326 0.2355879 0.2176711 0.2108849 0.2163542 0.231195 0.2437699 0.2471841 0.2482163 0.2490106 0.2403948 0.2418593 0.2469265 0.2437542 0.241734 0.2341627 0.2356457 0.2415466 0.2389783 0.2396871 0.2409186 0.242969 0.2312054 0.2135076 0.245333 0.234138 0.2310408 0.2366894 0.2323673 0.2283516 0.221532 0.2247818 0.2321426 0.2356953 0.2292187 0.2399102 0.2462389 0.244043 0.2458257 0.2460116 0.2427767 0.2474775 0.2422441 0.2417074 0.2402206 0.2398305 0.2457272 0.2374287 0.2384514 0.4849755 0.4939817 0.4787248 0.4657226
0.2377941 0.2451027 0.2468093 0.2479966 0.245333 0.2247818 0.2083357 0.2442606 0.2026951 0.2224638 0.23697 0.2404767 0.2446719 0.2460797 0.2488719 0.2497788 0.2479603 0.2413463 0.2444162 0.2448162 0.2408783 0.2384768 0.2392982 0.22531 0.2398908 0.2449842 0.2424326 0.2474775 0.2450086 0.2373202 0.2200143 0.2364399 0.2360345 0.2418143 0.2395997 0.2311755 0.2389384 0.2429447 0.2272465 0.2209698 0.2353973 0.2419835 0.2275397 0.2349664 0.2442606 0.2476902 0.2476902 0.2410352 0.2416956 0.2448541 0.2481097 0.2455752 0.241734 0.236985 0.2380249 0.2442905 0.4838513 0.4756485 0.4879797 0.4761357
0.4897369 0.2472015 0.2437347 0.2426059 0.2202937 0.2083609 0.2492023 0.2083861 0.2207951 0.2438649 0.2495053 0.2476482 0.2471668 0.2474775 0.2448923 0.2459628 0.2476069 0.2432459 0.2457907 0.2460797 0.2442097 0.2369456 0.2391506 0.2259036 0.2296289 0.2432823 0.2382061 0.243766 0.2459932 0.2439817 0.2297481 0.2182172 0.2315855 0.227839 0.2361489 0.2319708 0.2437074 0.2390697 0.2348771 0.2338809 0.2324104 0.2294757 0.2399954 0.2270612 0.2393624 0.2472634 0.2479966 0.2495575 0.2473268 0.2479966 0.2460424 0.2394455 0.2366894 0.2395083 0.2404459 0.2414088 0.4780322 0.4794312 0.4849755 0.4711894
0.4756646 0.2446125 0.2478098 0.2309122 0.2127467 0.2474105 0.2075077 0.2263266 0.2490878 0.2432823 0.2455532 0.247821 0.2477876 0.2472994 0.2477766 0.2468948 0.2463714 0.2466814 0.2466521 0.25 0.2469185 0.2452653 0.2437896 0.2335088 0.2253071 0.2268701 0.2327929 0.2435841 0.2436301 0.2490878 0.2419469 0.2227845 0.2224079 0.2371002 0.2490106 0.2379049 0.2347611 0.2430848 0.2476902 0.2408408 0.243053 0.2301187 0.2271606 0.233339 0.22531 0.2485159 0.2476482 0.2466521 0.2446125 0.2411894 0.2396421 0.2396871 0.2355726 0.2459386 0.2445269 0.2440225 0.4839669 0.4906241 0.4840158 0.4530016
0.4612444 0.2340703 0.2412395 0.2122152 0.2342868 0.2131424 0.2204001 0.247821 0.2418143 0.2433592 0.2421719 0.2471154 0.24871 0.2488938 0.2492023 0.2497788 0.2486726 0.2476482 0.2455477 0.2445269 0.2471154 0.2475265 0.2462325 0.2481097 0.2379637 0.2235353 0.2197367 0.2411451 0.2443336 0.2472994 0.2444162 0.2394827 0.2364165 0.2418864 0.2420079 0.2391056 0.2371687 0.2423714 0.2474105 0.2371135 0.2345759 0.2325739 0.2236325 0.2403237 0.2201385 0.2382914 0.2385792 0.2362304 0.2388393 0.2429725 0.2417785 0.2422821 0.2384175 0.2440102 0.2415756 0.2448541 0.4837306 0.4867997 0.4819887 0.4545187
