contrib/geomasonDemos/riftland/riftlandData/MarsData/marsquality0.txt
ncols         156
nrows         168
xllcorner     37.5
yllcorner     2
cellsize      0.0083333333333334
NODATA_value  -9999
[rows 78 to 103 of 168, columns 0 to 59 of 156]
0.4665111 0.2303017 0.2303004 0.2102534 0.2387258 0.2106787 0.2388832 0.2482721 0.2425795 0.2417399 0.2429412 0.2475265 0.2492023 0.2488719 0.2486543 0.2496871 0.2488086 0.2488719 0.2464602 0.2434222 0.2436301 0.2428039 0.2398016 0.2441802 0.2435841 0.2375933 0.2150989 0.2284524 0.2468556 0.2422441 0.2409051 0.2419865 0.2468323 0.2422821 0.2312028 0.2416867 0.2414602 0.2385535 0.2413945 0.2384514 0.2360083 0.2337313 0.226905 0.2464533 0.2264301 0.2366344 0.2359455 0.2406976 0.2442478 0.2434632 0.2391867 0.2321453 0.231895 0.2336204 0.2295474 0.2271767 0.4689495 0.4857513 0.4879634 0.4579622
0.4819833 0.2362038 0.2227701 0.2344747 0.2192478 0.220123 0.2426959 0.2459206 0.2415756 0.2424487 0.2484046 0.2465441 0.2477438 0.2490106 0.2490878 0.2484046 0.2490614 0.2493004 0.244955 0.2476172 0.2466229 0.2474775 0.2448399 0.2394618 0.2449842 0.2415669 0.2141291 0.22484 0.2427767 0.2409051 0.2461362 0.2488086 0.2470483 0.2392253 0.2359908 0.2422315 0.2391958 0.2338627 0.244649 0.2461808 0.2331057 0.2220591 0.228524 0.2407928 0.2359176 0.2420694 0.2390161 0.2408408 0.2421531 0.2406635 0.2354426 0.2334082 0.2362339 0.2361066 0.2323548 0.230012 0.4534303 0.4463018 0.4413345 0.4284164
0.4679567 0.222861 0.2237431 0.2321563 0.2228367 0.2326696 0.2401756 0.2440553 0.2433629 0.2444294 0.242439 0.2477876 0.2431274 0.2438014 0.2475563 0.2496871 0.2454876 0.2429447 0.2471239 0.2474775 0.2471239 0.2472015 0.2453487 0.2419469 0.2464602 0.2241156 0.2091242 0.2291811 0.2422536 0.2424326 0.2424487 0.2423298 0.244821 0.2413463 0.2458257 0.2455203 0.2329428 0.2312589 0.2398473 0.2418773 0.220191 0.2211116 0.2445358 0.2359908 0.2451428 0.2398137 0.239792 0.2374502 0.2362304 0.2394897 0.238256 0.2380535 0.2367965 0.227544 0.2232239 0.4529912 0.4635663 0.4788494 0.4586073 0.4434259
0.4550511 0.2165553 0.2366289 0.2109199 0.2306222 0.2398666 0.2452139 0.2443595 0.2451277 0.2430742 0.2361401 0.2414516 0.238462 0.2476902 0.2457043 0.244043 0.2422063 0.2431846 0.2397849 0.2417399 0.2457043 0.2479128 0.2469027 0.2403948 0.2207616 0.2091739 0.2192264 0.2335757 0.2384514 0.2433629 0.2466521 0.2452344 0.2420079 0.2426959 0.2422063 0.2429204 0.2410161 0.2337961 0.2369025 0.2288038 0.2209092 0.2389119 0.2347627 0.242465 0.2446719 0.2380351 0.2398497 0.239248 0.2372663 0.2415004 0.2347338 0.2352921 0.2346842 0.4614851 0.4645934 0.4790727 0.4679354 0.4889116 0.4643154 0.4594262
0.4515158 0.2340166 0.2241089 0.2181396 0.231285 0.2436185 0.2449067 0.2475265 0.2483894 0.236476 0.2372817 0.2402031 0.2393693 0.2420694 0.2473359 0.246711 0.2484356 0.2452344 0.2474105 0.2447227 0.2457272 0.2415321 0.2388043 0.2304763 0.2110583 0.2192287 0.2356185 0.2409051 0.2422284 0.243837 0.243131 0.2404638 0.2393234 0.2356953 0.2358656 0.2367078 0.236741 0.2299557 0.2308981 0.2249013 0.2286302 0.2486726 0.244955 0.2365431 0.2376586 0.2358345 0.2380351 0.2382747 0.2353572 0.239344 0.2357021 0.2411478 0.468714 0.4707444 0.4795028 0.480089 0.4461563 0.4302945 0.4680638 0.4602571
0.4634189 0.2389362 0.2295474 0.2289102 0.2257872 0.2322898 0.2437542 0.2447412 0.2470318 0.2369869 0.2373202 0.2394873 0.2457444 0.2465441 0.2459206 0.2451277 0.2488719 0.2484513 0.2445046 0.2444514 0.2476902 0.2456365 0.2440266 0.2246965 0.2103045 0.2205541 0.2406086 0.2430144 0.2402031 0.2482301 0.2446719 0.2395809 0.2400175 0.2398497 0.240674 0.2396303 0.2409267 0.2403948 0.2322512 0.4396077 0.4605363 0.4805918 0.480035 0.4840465 0.4908781 0.4802866 0.4823844 0.2428585 0.23798 0.2377621 0.2363249 0.4711894 0.4610028 0.478537 0.4760906 0.4750804 0.4679445 0.4494937 0.4410567 0.4753727
0.4737901 0.4641512 0.4752222 0.4540692 0.2350185 0.2307222 0.233203 0.2390496 0.2440471 0.2474105 0.2410817 0.2445763 0.2476482 0.2480968 0.2476069 0.2460859 0.2479966 0.2468323 0.24871 0.2490106 0.2477222 0.2443595 0.2411672 0.2118701 0.2102215 0.2304701 0.2426458 0.2473268 0.2424747 0.2431846 0.2455203 0.2428209 0.2469027 0.2423714 0.2426858 0.2476482 0.2453963 0.2418653 0.232047 0.4258524 0.460415 0.4861696 0.4900566 0.4977876 0.492426 0.4755883 0.4831048 0.490666 0.4946719 0.4884956 0.4769876 0.4703424 0.4788263 0.493837 0.4756003 0.4764828 0.4705145 0.4760906 0.4433723 0.4784097
0.4855534 0.4570093 0.4879797 0.4542335 0.233772 0.2399954 0.2407055 0.2409051 0.2426458 0.2413068 0.2466157 0.2455532 0.244955 0.2482721 0.2473359 0.2472015 0.2460116 0.246711 0.2488719 0.2374853 0.224956 0.2197286 0.2261947 0.2061681 0.2202871 0.2448923 0.2463512 0.2426458 0.2410407 0.2459386 0.2425828 0.2416867 0.2459932 0.2435689 0.2378887 0.2381172 0.24058 0.240428 0.4603755 0.433367 0.4680822 0.4902555 0.488086 0.4867258 0.4757936 0.4720376 0.4880204 0.4765328 0.4645354 0.4679567 0.4723934 0.4694195 0.4825463 0.4831338 0.4894825 0.4852119 0.4966302 0.4883856 0.4683996 0.4314658
0.4959206 0.4720166 0.4653873 0.4699522 0.2225634 0.2370151 0.2477876 0.2430039 0.2384514 0.2431381 0.2486008 0.2474775 0.24871 0.2453963 0.2436609 0.2470901 0.2488719 0.2464258 0.2472015 0.2313531 0.2203992 0.2187134 0.2107334 0.218812 0.2318518 0.2429204 0.2475265 0.2435385 0.237911 0.2490106 0.2445583 0.2407981 0.2479011 0.2441424 0.2452344 0.2459206 0.2437699 0.4657683 0.4507808 0.4345292 0.4804111 0.487407 0.4801875 0.4831512 0.4796033 0.4853984 0.4783147 0.4578854 0.4691265 0.4705843 0.468202 0.4693907 0.4786421 0.4702666 0.4606133 0.4659202 0.4738799 0.4718736 0.4608625 0.4779565
0.4818426 0.4664614 0.4588515 0.46684 0.2170494 0.2403414 0.2484513 0.2459326 0.2365431 0.2413832 0.2466229 0.2495053 0.2470318 0.2454444 0.24871 0.2443595 0.2465019 0.2476069 0.2470318 0.2380024 0.2101313 0.2174113 0.2430742 0.2438014 0.2386977 0.2397085 0.2424326 0.2386394 0.240761 0.24871 0.2473359 0.2400568 0.2421438 0.2455203 0.2359908 0.2312994 0.4642852 0.4697542 0.4317432 0.4210039 0.4780634 0.4769027 0.4614978 0.467774 0.4869865 0.4860288 0.4785553 0.4760498 0.4794122 0.4865645 0.4864268 0.4857513 0.4773953 0.4524223 0.4421674 0.4550511 0.4713085 0.4815114 0.4760171 0.499115
0.4840465 0.4499901 0.4718979 0.4293306 0.4487343 0.4944031 0.4944031 0.2445763 0.2442563 0.2355642 0.2369268 0.2470901 0.2457444 0.2433298 0.2457444 0.2445583 0.2464602 0.2468556 0.2468948 0.2470318 0.2324341 0.2078362 0.2252546 0.2398137 0.2360468 0.4832094 0.4948209 0.2442478 0.2418653 0.2431096 0.2465019 0.2404254 0.2401334 0.2458847 0.2388898 0.2370529 0.4703523 0.4635529 0.4201144 0.4278627 0.4783961 0.4603163 0.4494627 0.4710369 0.4818103 0.4757936 0.4849494 0.4934669 0.4667104 0.4755683 0.4944558 0.4908781 0.464406 0.4533946 0.471669 0.4626223 0.4663478 0.4855534 0.4790727 0.4800105
0.473656 0.4508544 0.470145 0.4132426 0.4752064 0.4845895 0.4823788 0.4824679 0.2457965 0.2482163 0.2411257 0.2378142 0.2428756 0.2468323 0.2430566 0.2476902 0.2460424 0.246061 0.2445269 0.2455532 0.232455 0.206186 0.2204795 0.2480968 0.2447227 0.4911394 0.4922598 0.494617 0.2484513 0.245312 0.2435499 0.2446719 0.2400347 0.2396705 0.2344181 0.2347627 0.4879634 0.4756485 0.4227531 0.4451537 0.4830643 0.4707143 0.4874147 0.4926357 0.4750293 0.4490079 0.4506696 0.4479597 0.4649378 0.4799664 0.4910406 0.4891978 0.460885 0.4505093 0.4530849 0.3895085 0.3542758 0.4035741 0.4715002 0.4737602
0.4676891 0.4763458 0.4415717 0.4327607 0.4834798 0.4928516 0.4920231 0.4848651 0.4809945 0.4811756 0.242439 0.2360328 0.2276631 0.2360065 0.2411506 0.2445224 0.2473085 0.2380863 0.2393578 0.2367023 0.2369606 0.2135619 0.2199557 0.2483894 0.2469908 0.4899684 0.4805264 0.4824791 0.481411 0.4725748 0.2377621 0.242917 0.2415814 0.2298159 0.2125445 0.2127913 0.4444343 0.4501174 0.4283796 0.4693141 0.4911505 0.479012 0.490666 0.4815963 0.4567303 0.4363207 0.4502667 0.4438929 0.4310051 0.4463018 0.471514 0.4757008 0.4482765 0.3968654 0.4082915 0.4277354 0.4157047 0.3384091 0.4165015 0.4769027
0.4438093 0.4712915 0.4243683 0.4522908 0.4673996 0.4772959 0.4845135 0.4811756 0.4770515 0.4830932 0.2362446 0.2420571 0.2327716 0.2403237 0.244312 0.240889 0.2443595 0.237617 0.2488938 0.234058 0.2348981 0.2307527 0.2102141 0.2462325 0.2488938 0.4893438 0.4821635 0.4650133 0.4877298 0.4911394 0.2444691 0.2396966 0.229701 0.2168203 0.2023064 0.4186848 0.4210646 0.4534787 0.4543963 0.4883183 0.4904278 0.4788263 0.4683253 0.466476 0.4503199 0.4477795 0.4652716 0.4693141 0.4774734 0.4733604 0.4730645 0.4733568 0.4477645 0.3562099 0.4707043 0.4580461 0.4049288 0.3906593 0.396494 0.4628113
0.460171 0.4707846 0.427332 0.4489408 0.4542249 0.4644803 0.4723402 0.4730101 0.4697154 0.4735226 0.2436147 0.2420324 0.2371973 0.2427227 0.2450877 0.2422726 0.2439898 0.2414631 0.2411065 0.2184636 0.2199109 0.219216 0.214872 0.2427971 0.243925 0.4788124 0.4825463 0.4690126 0.4749628 0.4930741 0.2392685 0.240761 0.2399686 0.2179712 0.2104983 0.4529267 0.4720376 0.4672409 0.492797 0.4725106 0.4795697 0.4808457 0.4627587 0.4601195 0.4610631 0.4597945 0.4900566 0.4918652 0.4867258 0.4846404 0.4854454 0.4895854 0.4657597 0.3517611 0.4598456 0.4773175 0.4004692 0.418301 0.4302315 0.4480669
0.4942308 0.4787156 0.4557487 0.4305081 0.4229292 0.4338856 0.4570481 0.4755642 0.4763499 0.4808303 0.488045 0.2466229 0.2418113 0.2455477 0.2465655 0.2433445 0.2438809 0.2385428 0.2387606 0.2213667 0.2343993 0.2274213 0.2284331 0.2387606 0.2400052 0.2417666 0.4870998 0.485834 0.4653082 0.4719537 0.228644 0.2343289 0.2336683 0.2165027 0.2218386 0.4499764 0.4627062 0.4795697 0.4784505 0.4819453 0.4537127 0.4702534 0.47936 0.4596317 0.4733899 0.4676982 0.4705843 0.4937424 0.4808303 0.4697574 0.4784505 0.4855331 0.4842876 0.4088096 0.4440885 0.4513165 0.4258775 0.4216225 0.4904483 0.4452983
0.4746597 0.4679812 0.4822295 0.4908781 0.4699067 0.4636228 0.4374487 0.4435661 0.4626014 0.4783011 0.4882182 0.2446171 0.2428894 0.2422441 0.2444691 0.2423714 0.2465019 0.2292187 0.2354982 0.2280642 0.2170561 0.2245962 0.2183428 0.2180133 0.2227827 0.2274365 0.4659661 0.4813322 0.4658427 0.4573384 0.4798204 0.4830412 0.4523647 0.4382418 0.4678957 0.4861131 0.455559 0.4550707 0.4948209 0.4662056 0.4428222 0.4720166 0.4857513 0.4547841 0.4835391 0.4772959 0.468533 0.4822901 0.4837727 0.4777312 0.4652716 0.4723934 0.4841388 0.4626642 0.4566061 0.442889 0.4413362 0.4596997 0.4503199 0.4771584
0.4718353 0.4745633 0.4730645 0.4482519 0.4470115 0.4733201 0.4749628 0.4271547 0.4420356 0.473682 0.4906241 0.2470318 0.2466157 0.2439898 0.2439574 0.2428039 0.2380351 0.2151325 0.2195555 0.2079708 0.2083538 0.2308713 0.238715 0.2417785 0.2407583 0.2282299 0.4339921 0.4432016 0.4649378 0.4707009 0.4791853 0.4676285 0.4536958 0.4546976 0.4831629 0.4808303 0.4865427 0.4657226 0.452678 0.4639796 0.4729955 0.4829204 0.4837546 0.4646045 0.4793742 0.4691297 0.4736004 0.4817726 0.4456733 0.449548 0.4606232 0.4672678 0.4934221 0.4771584 0.4783011 0.4750921 0.4904483 0.4601809 0.4522171 0.455824
0.7182741 0.7171353 0.7170483 0.7113404 0.490106 0.466197 0.466837 0.4507153 0.4202258 0.455438 0.485834 0.2452344 0.2462389 0.2450877 0.2377982 0.2424326 0.2264301 0.2132008 0.2160382 0.2180316 0.2432459 0.2316374 0.2198298 0.2168667 0.2215827 0.224997 0.2407902 0.4420609 0.4419395 0.4487687 0.4554468 0.4568095 0.4645354 0.457781 0.4510979 0.4614165 0.4877938 0.453403 0.448893 0.4761727 0.4755642 0.4649378 0.4618937 0.4568662 0.4469912 0.4417176 0.4594383 0.461804 0.4291813 0.4580368 0.4564598 0.4570481 0.481411 0.4697057 0.479801 0.4804862 0.4772787 0.4782111 0.4866596 0.4892341
0.7209104 0.7124032 0.7380347 0.6995916 0.7214299 0.7100407 0.4501783 0.4738013 0.4122816 0.4497267 0.4793742 0.2392982 0.2392139 0.2410161 0.2330334 0.2400617 0.2273694 0.2171267 0.2102651 0.2284774 0.2161109 0.2210178 0.2301027 0.2371154 0.2360188 0.2203868 0.2241269 0.2406138 0.2391528 0.2386286 0.4783734 0.482738 0.4922725 0.4780322 0.4845198 0.4673366 0.4453681 0.4557576 0.4608925 0.4659202 0.4580461 0.4493525 0.4410966 0.4409788 0.452711 0.4681405 0.4919256 0.4836226 0.4386772 0.4799909 0.4604967 0.4474211 0.4744673 0.4696476 0.4786421 0.4776085 0.4694195 0.4732724 0.4755242 0.4612975
0.7351589 0.722275 0.7382389 0.7198326 0.7126854 0.7161971 0.4459622 0.4861484 0.4149258 0.4556648 0.4849299 0.2348238 0.228303 0.2299924 0.2252368 0.239344 0.225857 0.2345316 0.2200404 0.2086955 0.2268204 0.246711 0.2318154 0.232722 0.2380269 0.2378726 0.2320688 0.2299131 0.2287531 0.2376012 0.2428756 0.2425368 0.2442606 0.2426458 0.4750176 0.4108235 0.3942324 0.4323779 0.4755202 0.4609601 0.4807692 0.4756606 0.4647763 0.4823344 0.4873218 0.4817565 0.4897847 0.4773953 0.4580741 0.4682112 0.4851261 0.461648 0.451178 0.4805616 0.4677376 0.4815591 0.4797768 0.4883183 0.4778723 0.45045
0.7464257 0.7400222 0.7309827 0.7111586 0.7235017 0.4850277 0.4541566 0.4865427 0.4260835 0.4308226 0.4587232 0.4357474 0.2122721 0.2109681 0.2046239 0.2304075 0.2092889 0.2260727 0.2365614 0.2340105 0.2330522 0.231751 0.2306513 0.2431096 0.2483151 0.2442436 0.2374814 0.2391056 0.2354107 0.2338688 0.2362251 0.2344417 0.2371287 0.2392685 0.4655659 0.4023673 0.42805 0.4608825 0.4959932 0.4648681 0.4760538 0.4743449 0.4690126 0.4843625 0.4887974 0.4806727 0.4830412 0.4726355 0.4697769 0.4949939 0.4851656 0.4935574 0.4472075 0.4757008 0.4674567 0.4796417 0.4934669 0.4924389 0.4573797 0.4368837
0.7290117 0.4986008 0.4827891 0.4740717 0.485834 0.4976172 0.4694676 0.4496625 0.481348 0.4305503 0.4524449 0.470237 0.4922598 0.4783553 0.2061464 0.2422315 0.2216094 0.2322222 0.2392959 0.228176 0.2271885 0.239289 0.2401061 0.2455752 0.2467787 0.2443336 0.2314043 0.243766 0.2361454 0.2266512 0.2432315 0.2426992 0.234595 0.2269846 0.457185 0.4339936 0.4309711 0.4441656 0.4752657 0.4664994 0.4693141 0.4791148 0.4730064 0.4703556 0.4840465 0.4825855 0.4833735 0.4620378 0.4499295 0.4546286 0.454951 0.4780902 0.2331739 0.2311132 0.2466814 0.2301927 0.4771927 0.4691297 0.4571964 0.4141427
0.711845 0.4844882 0.4891526 0.4821635 0.4843438 0.490106 0.4883183 0.453135 0.4457869 0.4769027 0.4716206 0.4599921 0.4301922 0.4142976 0.4186163 0.4672588 0.4582612 0.4784505 0.4600239 0.4660813 0.4792748 0.239198 0.2380679 0.2389983 0.2373202 0.2399832 0.2363178 0.2427227 0.2337404 0.2244656 0.2458023 0.2411589 0.2334895 0.2365413 0.2350988 0.4596414 0.4742535 0.4915465 0.471877 0.4667104 0.4635529 0.4834147 0.4942478 0.4774691 0.4767212 0.4712166 0.4869789 0.4700567 0.4301922 0.4705278 0.4730536 0.2336458 0.2343195 0.2326696 0.2271253 0.2352373 0.221278 0.2290265 0.4459821 0.4072124
0.7199863 0.7236767 0.4914544 0.4852318 0.4883856 0.4851261 0.4883603 0.4748458 0.4550337 0.4478002 0.4454272 0.4639416 0.4775212 0.4523134 0.4738051 0.4750921 0.4475328 0.4522109 0.4734783 0.4917338 0.4893714 0.4652603 0.4714076 0.2391506 0.2351629 0.2315483 0.238407 0.2345316 0.226339 0.2336683 0.2459628 0.2388832 0.2319464 0.2415004 0.2414545 0.4671484 0.4819507 0.4841141 0.4623927 0.4659288 0.464143 0.475159 0.4821635 0.4977438 0.4713222 0.4597799 0.4958257 0.4829721 0.4380157 0.4432343 0.4718736 0.2488938 0.2380863 0.2339478 0.2211252 0.2338627 0.2202904 0.2268532 0.2237105 0.4000297
0.7184481 0.7157376 0.4776785 0.4809687 0.4871378 0.4819236 0.4847427 0.4860078 0.4906975 0.4824512 0.4738799 0.4813952 0.4876028 0.455254 0.4866596 0.4380094 0.4578483 0.4782111 0.4911837 0.4922598 0.4756164 0.4676285 0.4718353 0.4594262 0.4491328 0.225527 0.2240429 0.2212984 0.2210203 0.2318855 0.2372817 0.242753 0.2347098 0.2363339 0.238892 0.4733164 0.484463 0.4815167 0.4638928 0.4685113 0.4743946 0.4772228 0.4845895 0.4601809 0.4532583 0.468639 0.4769749 0.4705112 0.4571735 0.4580158 0.4689274 0.2349501 0.2352026 0.2343539 0.224954 0.208962 0.209896 0.2189385 0.2145396 0.4037251
