contrib/geomasonDemos/riftland/riftlandData/MarsData/marsquality0.txt
ncols         156
nrows         168
xllcorner     37.5
yllcorner     2
cellsize      0.0083333333333334
NODATA_value  -9999
[rows 130 to 155 of 168, columns 0 to 59 of 156]
0.4942308 0.4917695 0.4897083 0.4918411 0.4881107 0.4818426 0.4826927 0.4847427 0.4719537 0.4510339 0.4843438 0.7401332 0.7358893 0.7295001 0.704341 0.7084255 0.7157376 0.464428 0.435999 0.4350284 0.4392637 0.4213685 0.4575061 0.4732724 0.4293292 0.4360525 0.4477664 0.4496353 0.4696734 0.4461127 0.4681436 0.4712404 0.4557907 0.435944 0.4065777 0.4153808 0.4754683 0.44502 0.4273967 0.45557 0.4467941 0.4388145 0.4133497 0.3890158 0.36119 0.3283566 0.3328017 0.3049281 0.2722313 0.3970312 0.4831803 0.008072698 0.005367884 0.003849028 0.004846643 0.0088466 0.006558989 0.002581405 0.004124483 0.008666635
0.4895854 0.4790353 0.4844882 0.4922725 0.4952964 0.4966302 0.4879228 0.7260237 0.7066925 0.6998324 0.7366595 0.7336075 0.7431666 0.7398906 0.7182741 0.7193115 0.6848078 0.6611283 0.4661362 0.4700893 0.4597385 0.4354149 0.4371741 0.4599066 0.4566287 0.446331 0.4559771 0.4365638 0.4315329 0.4436147 0.4689117 0.6869503 0.6799566 0.6822964 0.6683967 0.6603787 0.449285 0.4495092 0.4353604 0.4659288 0.4923617 0.4280744 0.4083256 0.42834 0.4159462 0.3900513 0.3509594 0.3511057 0.4471686 0.5649787 0.5628797 0.005239737 0.00544372 0.005658609 0.004721573 0.005711047 0.004696561 0.002220013 0.4186867 0.8478011
0.4745787 0.4722272 0.4891978 0.4984046 0.4963512 0.48991 0.4819507 0.7207971 0.6904448 0.7187427 0.7206167 0.714668 0.7259412 0.722275 0.7034999 0.6862764 0.6545202 0.6852143 0.4733604 0.4539692 0.4277638 0.4292669 0.4424471 0.4638928 0.4767844 0.4522581 0.4578854 0.4629167 0.4360785 0.434565 0.43254 0.6620468 0.6725823 0.6576481 0.655307 0.6614434 0.6592562 0.6574601 0.4243515 0.4556758 0.454257 0.4148019 0.4255708 0.4304827 0.3990615 0.3570019 0.5086913 0.581917 0.46527 0.420427 0.3832754 0.004553335 0.006220105 0.008710814 0.007380318 0.005867684 0.00508296 0.004305022 0.5558435 0.8784019
0.4843188 0.4874225 0.4861414 0.4884956 0.4920231 0.4910515 0.4878259 0.7140256 0.6763264 0.7136905 0.6886529 0.7115919 0.6977217 0.6908752 0.7023169 0.7072555 0.6783256 0.7128688 0.6753175 0.6117901 0.4030136 0.4301138 0.4592097 0.4693332 0.4729847 0.4494414 0.4546394 0.4544285 0.4310321 0.4222134 0.3960648 0.6374028 0.6750087 0.6601923 0.6902087 0.725407 0.7075035 0.6519731 0.7232864 0.4293735 0.3983674 0.4241102 0.4386198 0.3910331 0.3484303 0.4908826 0.5067988 0.5111655 0.006922733 0.006530014 0.005370779 0.005757637 0.008015555 0.007039113 0.006979853 0.006357182 0.006505817 0.006279309 0.591722 0.9484615
0.4946535 0.4953804 0.4915813 0.4871683 0.4802469 0.4909211 0.7372332 0.6858495 0.6722447 0.7377617 0.7134969 0.7116378 0.7167554 0.7032543 0.7158664 0.7300776 0.7067637 0.6831999 0.6512396 0.6063598 0.6462148 0.4483673 0.4458736 0.4633841 0.4683594 0.4543277 0.4465227 0.4484584 0.4591115 0.4312522 0.3987331 0.6784701 0.7359362 0.6981659 0.7102395 0.7117528 0.681617 0.6557729 0.593383 0.684206 0.3059005 0.4081181 0.8058319 0.7713854 0.5264939 0.5608029 0.6289319 0.6045204 0.00812225 0.007047767 0.006950742 0.007190106 0.0082365 0.006590813 0.007277326 0.006052519 0.005729728 0.00646998 0.005585035 0.008115749
0.4867997 0.4932604 0.4919864 0.4897083 0.7093197 0.711386 0.7035947 0.6707891 0.7045101 0.7407794 0.7440636 0.7363172 0.7270852 0.7054542 0.707168 0.7325405 0.7133464 0.6691473 0.6413943 0.6125524 0.6341202 0.4602571 0.4784233 0.4518073 0.4465575 0.470145 0.4350525 0.4337688 0.4652603 0.433698 0.4155021 0.6822541 0.7117816 0.7166497 0.6925218 0.6763772 0.693855 0.6785194 0.6146116 0.4706291 0.4315894 0.7807622 0.7893527 0.7138608 0.6281449 0.6265933 0.6677519 0.4932382 0.00671791 0.007575222 0.007228548 0.008626893 0.008073245 0.007398016 0.007658612 0.006760918 0.007126801 0.007741889 0.00530995 0.007042153
0.4933628 0.4960177 0.4982301 0.4900566 0.7001362 0.6992043 0.6894658 0.6964936 0.7420078 0.7461299 0.7316427 0.7273462 0.7208198 0.712123 0.7068606 0.7287509 0.7119664 0.6774707 0.6522451 0.633779 0.4345292 0.4515744 0.4548643 0.4623744 0.4651703 0.4508604 0.4247362 0.4227658 0.4439627 0.4205499 0.4247882 0.6922772 0.7210851 0.7137451 0.6634772 0.6811357 0.7241495 0.6799629 0.6592101 0.6283575 0.7647041 0.8757572 0.9025686 0.7159654 0.7026421 0.9073493 0.5902544 0.4089433 0.009074803 0.008963224 0.006624565 0.008842164 0.007626681 0.007454732 0.007235969 0.00748915 0.008341585 0.007143991 0.005092823 0.007654716
0.4920354 0.4930038 0.4952344 0.7265438 0.718525 0.6939335 0.6673035 0.7184691 0.7396112 0.7307067 0.7259595 0.7206767 0.7285036 0.7160216 0.7170416 0.7409725 0.6939846 0.6769626 0.6878011 0.4238171 0.4315386 0.47397 0.4591714 0.44358 0.4567145 0.4728329 0.4617119 0.4405873 0.4493931 0.4346069 0.4526717 0.6968032 0.6979074 0.6963703 0.7001141 0.6815816 0.7154623 0.6934915 0.6431669 0.6167704 0.7764614 0.8587829 0.9265761 0.7321203 0.7478858 0.9857031 0.8425458 0.006222621 0.007927164 0.009064832 0.006939235 0.006744147 0.007355506 0.006624046 0.005949471 0.006343201 0.006880209 0.008097897 0.00707197 0.008457265
0.4815378 0.4907927 0.4854051 0.7226589 0.7283912 0.7010049 0.6581571 0.7057667 0.7249808 0.7307067 0.7255148 0.7293822 0.7239205 0.6874446 0.7000303 0.7052569 0.6579273 0.6429694 0.4377135 0.4408712 0.4327491 0.4715931 0.4627377 0.4502589 0.4347461 0.4668164 0.4835808 0.4623927 0.4524325 0.4212381 0.4516978 0.6966338 0.6597815 0.7009016 0.72278 0.6944028 0.689575 0.6483242 0.5992554 0.6215217 0.8460107 0.8665287 0.9028704 0.8094224 0.7429484 0.8019832 0.8870733 0.008270425 0.008061783 0.007126218 0.005694401 0.005262243 0.6425694 0.7085837 0.7098267 0.7729632 0.6769806 0.007413257 0.007751468 0.00821124
0.4937895 0.4855534 0.7166232 0.7168085 0.7116895 0.6975325 0.6656305 0.6878684 0.7119838 0.712036 0.7107019 0.7163538 0.700727 0.6685613 0.6923802 0.6923726 0.4665579 0.4406714 0.4483882 0.456498 0.4490137 0.4637818 0.4602251 0.4438111 0.4358068 0.4661044 0.4869789 0.4641403 0.470237 0.4442866 0.4523503 0.6949001 0.6519821 0.666472 0.6931225 0.6839656 0.6432719 0.633976 0.638242 0.8596246 0.8662564 0.8371917 0.8849657 0.9608123 0.768702 0.7679642 0.9295415 0.007863469 0.006626812 0.006921164 0.007867421 0.007262364 0.6031064 0.6152309 0.6603209 0.7535692 0.7129976 0.006899394 0.006690649 0.00735502
0.4959932 0.4846596 0.7176145 0.7296944 0.716145 0.7054789 0.6786488 0.6665748 0.7250161 0.7209104 0.7009016 0.6953938 0.7023445 0.7002202 0.4761727 0.4789747 0.4665579 0.4524325 0.4228595 0.4502903 0.4640939 0.4726355 0.4567303 0.4429164 0.4572879 0.4656997 0.4711554 0.4645465 0.4737118 0.4708617 0.4609752 0.6775466 0.6313131 0.6208049 0.6977217 0.6979624 0.6604376 0.6769265 0.6753175 0.8217193 0.8302887 0.8281693 0.9117587 0.9796269 0.7509146 0.8039638 0.8601382 0.00914315 0.00977248 0.00924396 0.009254912 0.009130275 0.7790117 0.5905704 0.5812869 0.6508042 0.6789838 0.007488173 0.007640863 0.00800427
0.4878501 0.7227154 0.7270756 0.7433628 0.7314042 0.7077217 0.7005441 0.6689162 0.6940593 0.471891 0.4699588 0.4756164 0.4832737 0.4724928 0.4547344 0.4393798 0.433077 0.43254 0.4302651 0.4570822 0.4844127 0.4729123 0.4515017 0.4514856 0.4706342 0.4696508 0.4815856 0.464428 0.4448495 0.4658972 0.701661 0.660418 0.6390064 0.6465821 0.6515521 0.6823062 0.6777627 0.9212465 0.9266828 0.8833144 0.8192982 0.7748346 0.7868465 0.8212618 0.7750063 0.72859 0.8156672 0.009030316 0.009148282 0.007956634 0.007689671 0.008096358 0.006782514 0.007352589 0.007660196 0.007813042 0.007716228 0.007886845 0.007602537 0.007575158
0.7313098 0.7333542 0.7472634 0.7363172 0.7316907 0.7086592 0.6943395 0.6987425 0.7220534 0.4770857 0.4641649 0.4664527 0.464373 0.4483598 0.4415985 0.4518743 0.4634805 0.4782471 0.4617707 0.4765161 0.4785964 0.437 0.4358509 0.4663711 0.4756646 0.4615181 0.4924649 0.4820704 0.4261616 0.3760066 0.5338927 0.5881197 0.6812605 0.7098702 0.650547 0.8472241 0.8767403 0.928889 0.9371532 0.9312456 0.9060032 0.900896 0.8969585 0.803093 0.7658063 0.8028669 0.7868593 0.007603644 0.007330372 0.006534531 0.004637853 0.003218318 0.005628301 0.007298843 0.009136235 0.009200478 0.008697171 0.007917223 0.007376867 0.00780449
0.7387364 0.7416837 0.7392979 0.7387168 0.7232453 0.710306 0.6789457 0.6917305 0.4695221 0.4702534 0.4599725 0.4457797 0.4671127 0.4546006 0.4677254 0.4680638 0.4514533 0.4663711 0.4642715 0.4724395 0.4621669 0.443274 0.4615283 0.4845198 0.4729195 0.4503612 0.4906975 0.4922598 0.410526 0.4996845 0.6654428 0.6561402 0.7057269 0.9411685 0.9212017 0.8239716 0.7832085 0.8877162 0.902653 0.8786725 0.9280571 0.960021 0.9506978 0.9776649 0.8955291 0.7788068 0.9001094 0.7017567 0.6037521 0.006698343 0.0063688 0.008236854 0.008183126 0.008476726 0.009339579 0.008958405 0.008857986 0.007702732 0.007789745 0.6526782
0.7445269 0.7434632 0.7430706 0.7365608 0.714668 0.710484 0.6979074 0.6578628 0.4690916 0.4871378 0.4817083 0.4495092 0.4533191 0.4525293 0.4874771 0.4875398 0.4324879 0.4580251 0.4810977 0.4703028 0.47397 0.4599847 0.457137 0.7133824 0.6975325 0.6409577 0.718891 0.7290117 0.6410869 0.5061518 0.5497462 0.4638956 0.431716 0.5659145 0.7380795 0.8552464 0.8125082 0.8909692 0.9062074 0.8515415 0.9176744 0.9157105 0.8446758 0.9031609 0.9118341 0.6871538 0.7143515 0.6086749 0.5689641 0.5950752 0.5991855 0.6546655 0.6968404 0.630012 0.6213096 0.5913029 0.5714458 0.5634093 0.5694156 0.6474537
0.4962195 0.7365772 0.7380347 0.7280073 0.7253712 0.7271623 0.7062926 0.4364637 0.4718422 0.4742764 0.4804511 0.4721112 0.4361397 0.4496256 0.4934221 0.4798204 0.4309032 0.4680546 0.4908781 0.4621333 0.4738612 0.70823 0.6968032 0.7391955 0.7378883 0.6672822 0.6597523 0.7101566 0.6835766 0.5987432 0.6386423 0.5821942 0.6499053 0.770712 0.6663077 0.8357192 0.8635924 0.8835258 0.9211868 0.8755904 0.8507141 0.8297047 0.8972704 0.8259791 0.9140232 0.467619 0.4248427 0.4780333 0.552704 0.5933872 0.5703209 0.5674973 0.5908951 0.6234963 0.6487383 0.6385969 0.5887723 0.5741898 0.5919089 0.681917
0.4963512 0.7377617 0.7300887 0.7314161 0.7413717 0.7225866 0.4447662 0.4495092 0.4970318 0.4887191 0.464184 0.4627587 0.4408199 0.4599359 0.4815167 0.4748419 0.4523832 0.4613228 0.4831629 0.4637602 0.465657 0.7084361 0.7109099 0.7170282 0.7130591 0.6843937 0.6884379 0.7046313 0.6743453 0.6914402 0.7078103 0.6981659 0.5785544 0.6609441 0.6541154 0.8511627 0.9212017 0.8952934 0.9176316 0.9001878 0.8698764 0.7943375 0.8925016 0.9021638 0.5933157 0.6630003 0.5510745 0.5263724 0.5573797 0.5980693 0.6403762 0.6681328 0.6660095 0.6903968 0.6471453 0.6358797 0.6811038 0.6365369 0.6466268 0.6795118
0.4879797 0.732129 0.7404278 0.7387168 0.7311105 0.713879 0.4302721 0.4726355 0.4805113 0.4762838 0.451172 0.4425475 0.4366425 0.4369271 0.4446883 0.4571964 0.4519211 0.4449934 0.468558 0.4696476 0.7028649 0.7197306 0.7300887 0.6994041 0.6823322 0.6746601 0.667918 0.6511773 0.6689976 0.7120765 0.7175874 0.7012618 0.690604 0.8293356 0.7958891 0.8928699 0.9234084 0.9066717 0.9046925 0.8798552 0.8720071 0.7441894 0.8982925 0.9032134 0.5815464 0.5841886 0.6562036 0.6096737 0.6378707 0.7023215 0.7241837 0.6741621 0.6865084 0.6693762 0.6307806 0.6423076 0.6536759 0.6575862 0.6237659 0.7119838
0.474475 0.7218024 0.7365772 0.7330396 0.7220219 0.4758463 0.4415031 0.4827891 0.4679475 0.4686608 0.4643373 0.4571576 0.464768 0.4649686 0.4607801 0.4564238 0.4356257 0.4300118 0.458534 0.4707678 0.7100848 0.7280976 0.7237186 0.714259 0.6571372 0.6655496 0.6894294 0.6780803 0.7010994 0.7443292 0.7099086 0.6902787 0.660923 0.8393527 0.8741772 0.8988906 0.8668279 0.9029711 0.8511679 0.776706 0.7563537 0.649366 0.8799431 0.6579872 0.5156492 0.5861952 0.6197288 0.6256808 0.6559997 0.6854117 0.6892443 0.6490866 0.6872232 0.6545571 0.6392603 0.6349258 0.6162106 0.6015451 0.65039 0.6932
0.4858824 0.7363172 0.7360462 0.7385811 0.7391955 0.4738612 0.4514352 0.4918411 0.4635744 0.4804061 0.452827 0.4564508 0.4529912 0.4561976 0.4703193 0.4733604 0.4297733 0.4281601 0.4649044 0.4695221 0.7052175 0.7076436 0.7211843 0.6973649 0.674081 0.6915042 0.6968902 0.6822964 0.6860695 0.7096841 0.7191254 0.7087873 0.9015139 0.8821301 0.9298757 0.9112986 0.8519979 0.8412574 0.8626894 0.8469582 0.7976109 0.5604857 0.8115189 0.5925544 0.6263903 0.6615254 0.6031164 0.6632156 0.6451183 0.6294543 0.6414511 0.6198351 0.6035479 0.6062619 0.6252112 0.5707147 0.5558417 0.5943637 0.6033994 0.82606
0.4963512 0.4956421 0.728381 0.7353381 0.7400442 0.4584186 0.4677983 0.4783057 0.4782111 0.4641812 0.4668991 0.4634189 0.4472075 0.4747487 0.4730427 0.4649574 0.4336759 0.4462435 0.4717763 0.4681159 0.7119896 0.7221166 0.705085 0.6875855 0.6760729 0.6954786 0.6918666 0.6768542 0.6801045 0.6857055 0.7046944 0.7149559 0.9233624 0.8855488 0.9291537 0.9241633 0.9011807 0.913334 0.8784534 0.9123685 0.9884956 0.7169658 0.7977132 0.6377025 0.6523892 0.663926 0.579043 0.6666487 0.6439004 0.5851516 0.5940182 0.6318368 0.6321498 0.6603394 0.6373325 0.4854195 0.5278378 0.5863562 0.5897192 0.7973505
0.4924649 0.4922598 0.4820977 0.4890538 0.7132025 0.4474955 0.4908889 0.4647597 0.4822129 0.4602965 0.4863693 0.469041 0.4494395 0.4631205 0.466593 0.4459767 0.4209372 0.4461908 0.4861414 0.4780902 0.7282287 0.7252197 0.6968528 0.6831603 0.6650196 0.672358 0.6838956 0.6676903 0.6998236 0.6782029 0.5485638 0.5321608 0.8192961 0.9466328 0.9377478 0.9353539 0.914865 0.8850031 0.816952 0.872448 0.8731368 0.7386354 0.6701844 0.7012911 0.6527665 0.6760402 0.614883 0.6841024 0.6471025 0.6504143 0.6103079 0.631428 0.6609403 0.7102839 0.6821892 0.5299193 0.6283846 0.5971193 0.6110905 0.8639599
0.4897083 0.4980212 0.4795028 0.476185 0.4679231 0.4574486 0.4813322 0.4729955 0.4599505 0.4703028 0.484762 0.4889116 0.4694708 0.4695896 0.4491059 0.4393798 0.4224122 0.4513969 0.4628956 0.4272097 0.6681085 0.7042879 0.7259504 0.7190257 0.7078521 0.7000083 0.674742 0.6398418 0.705573 0.5531771 0.3059808 0.4659978 0.6328862 0.9349615 0.8907863 0.8943855 0.9092744 0.9052196 0.8469582 0.8065798 0.8352274 0.8790179 0.8551627 0.6576481 0.6931806 0.6239489 0.5753423 0.6223457 0.6810048 0.7133464 0.6800793 0.6279694 0.6338756 0.6917305 0.6718804 0.6028668 0.5318311 0.594279 0.7530584 0.8314558
0.4852915 0.4787524 0.4793932 0.4665315 0.4671127 0.4633307 0.4757452 0.4829204 0.4642496 0.4880532 0.4768139 0.4691297 0.4601195 0.4415784 0.4260835 0.4585246 0.4532605 0.4529912 0.4181564 0.4616812 0.7069372 0.7108198 0.6671785 0.6385712 0.6406656 0.6642334 0.6987296 0.6387193 0.6823094 0.5267057 0.3820738 0.470358 0.5681134 0.8932761 0.9244478 0.9259973 0.9317083 0.9033429 0.9242667 0.9148282 0.9088441 0.9546523 0.9291592 0.6129383 0.6055299 0.6438299 0.6547416 0.6934915 0.6721004 0.8243317 0.7754422 0.7708175 0.6159692 0.6492393 0.6458254 0.6400337 0.5383696 0.565241 0.8720805 0.9390442
0.4895104 0.493837 0.4822957 0.4749511 0.478757 0.4613025 0.4874771 0.4819453 0.4767717 0.4923874 0.4567959 0.4672678 0.465657 0.4458465 0.4496334 0.4734783 0.4710133 0.4717036 0.4139835 0.6152104 0.6358566 0.6565632 0.6081364 0.5702733 0.6046337 0.6867829 0.7308441 0.6733882 0.6281263 0.5927936 0.4182493 0.3860467 0.7232798 0.929292 0.951555 0.9407045 0.9289221 0.8970991 0.9286582 0.9268378 0.8882926 0.8765278 0.823172 0.8083186 0.8567455 0.6997842 0.7858887 0.6857661 0.7910035 0.7716536 0.7157145 0.7509334 0.7702817 0.6325517 0.6568651 0.6724232 0.6451959 0.7661414 0.8146039 0.9187368
0.4877059 0.4920231 0.4769536 0.4761727 0.4840403 0.4688268 0.4757613 0.4717763 0.4704051 0.4810977 0.4629511 0.4643373 0.4783961 0.4655176 0.4672678 0.4645354 0.4568299 0.4433723 0.4305292 0.6677305 0.7420354 0.6050515 0.4363929 0.6080295 0.5964011 0.6750468 0.6941381 0.6948162 0.624106 0.639722 0.691825 0.7090607 0.9061908 0.8550602 0.8455518 0.8900579 0.9159197 0.9092227 0.9259021 0.9106699 0.8681651 0.793394 0.7620835 0.8511548 0.8807934 0.8334154 0.8457265 0.777524 0.6588442 0.7692443 0.8499277 0.9212415 0.8221209 0.8826157 0.8342411 0.8816398 0.914498 0.8962319 0.9139459 0.9146446
