contrib/geomason/sim/app/geo/CDI/src/files/data-files/cdi_pop_e2.txt
ncols         772
nrows         981
xllcorner     -4275739.6953
yllcorner     -4991292.3216
cellsize      10000
NODATA_value  -9999
[rows 144 to 179 of 981, columns 240 to 319 of 772]
0 24 0 3 131 171 168 46 25 40 89 26 36 88 148 127 67 27 26 0 0 0 1 1 57 0 2 19 9 1 3 2 3 23 128 191 175 868 551 21 122 232 128 139 8 51 84 7 1 12 10 2 7 51 55 14 52 40 21 0 21 27 137 178 133 57 63 5 118 0 0 59 25 0 0 0 16 23 34 171
0 6 0 0 56 117 94 71 87 43 76 12 33 9 53 192 194 65 84 23 20 3 6 2 158 54 8 2 1 15 2 0 0 54 133 56 489 17785 132 88 238 82 207 129 143 169 35 6 3 15 99 27 8 21 95 15 16 26 48 5 17 1 22 121 133 54 12 5 404 39 0 2 27 41 5 4 58 61 15 61
2 5 30 4 3 53 84 77 56 68 25 3 27 24 36 73 143 305 145 58 16 2 11 1 3 19 140 0 0 3 12 7 0 26 112 214 194 13539 83 85 157 143 38 56 155 26 1 6 158 13 112 66 16 87 0 13 49 16 7 9 44 14 63 1 25 66 10 127 159 68 34 99 44 29 14 3 10 152 164 57
0 11 32 12 0 8 38 168 35 47 4 7 59 0 3 17 59 220 75 21 5 11 23 1 0 0 68 0 1 5 14 9 8 67 59 192 686 3035 157 230 142 97 145 11 16 25 9 12 24 89 28 41 101 4 4 10 32 6 69 4 24 39 155 3 56 11 86 73 122 33 39 95 104 49 40 169 6 90 315 282
0 57 36 13 1 0 10 150 187 54 6 8 1 3 7 16 131 191 38 30 16 6 18 9 0 55 10 0 0 2 1 0 21 67 334 140 293 321 90 30 119 518 867 70 196 143 167 87 21 57 12 33 205 13 42 16 28 10 3 4 66 15 39 28 83 13 20 48 200 29 95 88 286 136 184 112 49 145 123 84
0 66 65 14 21 3 0 52 109 64 53 36 233 24 12 13 10 27 77 43 16 0 6 17 56 1 6 0 9 0 0 1 9 58 60 63 70 113 241 157 79 150 502 35 65 64 103 95 159 138 29 116 36 28 10 12 6 62 6 10 0 14 54 89 84 46 28 95 137 22 12 33 50 173 195 247 42 18 12 216
0 0 80 18 22 0 0 18 210 101 84 64 70 337 139 0 7 7 24 71 9 4 1 3 58 0 1 0 97 1 11 7 5 138 56 13 17 0 16 33 2969 569 167 140 86 166 2 52 403 73 37 34 96 80 97 52 20 96 69 17 7 18 68 45 192 65 20 38 85 211 21 42 9 23 141 31 217 93 25 135
0 0 33 40 28 20 104 13 153 209 35 82 54 13 312 266 1651 23 76 30 1 4 0 0 41 4 1 29 116 7309 99 141 142 285 8 0 5 1 0 16 467 68 1518 286 167 98 4 108 21 26 12 8 35 24 129 151 82 46 55 17 17 32 98 53 59 27 36 67 189 69 152 63 76 57 11 21 33 220 133 25
0 0 146 25 82 2 0 2 16 113 111 31 23 44 25 676 100 90 97 84 51 66 39 3 0 52 66 184 40800 2074 117 55 112 76 24 0 1 0 2 13 16 117 174 195 31 34 22 79 133 11 18 15 140 167 142 73 149 50 31 29 28 30 47 174 48 49 71 73 280 303 250 46 58 87 13 3 30 20 38 70
0 0 18 18 5 0 0 2 7 10 54 72 140 16 88 306 75 3 16 5 4 93 95 67 19 8 11 470 525 76 97 0 5 31 61 0 9 22 13 13 0 13 50 63 149 153 33 70 97 74 62 116 222 173 211 173 36 0 20 0 83 39 32 47 88 40 134 156 397 249 74 39 166 119 39 58 246 76 22 159
4 215 333 7 1 0 0 0 2 10 20 41 31 43 156 323 51 7 11 8 22 11 36 11 119 23 43 81 16 18 16 0 3 0 122 17 60 28 14 11 0 14 111 64 7 68 197 111 59 62 54 49 302 104 116 206 127 8 4 0 13 22 68 57 63 87 69 90 94 104 113 171 336 371 230 366 296 6 44 193
201 355 7 10 2 0 0 0 8 17 0 2 16 46 135 256 2 17 79 44 32 93 28 0 0 0 24 264 4 6 1 1 2 5 30 9 11 40 3 2 2 21 30 15 20 22 50 195 72 159 19574 7726 238 80 69 43 22 2 42 43 164 82 38 74 84 89 99 83 85 69 94 67 232 328 314 208 59 12 12 41
178 28 16 5 9 0 0 26 7 7 6 11 59 51 106 35 167 6 31 94 78 79 72 6 27 1 63 44 0 0 0 0 14 10 15 9 44 8 7 4 22 18 12 29 63 17 70 48 30 135 777 74001 138 56 4 28 6 10 28 195 107 89 35 51 58 41 206 90 50 62 79 79 81 257 170 45 96 11 38 45
121 0 1 12 10 1 16 28 3 3 22 22 56 44 17 24 117 2 21 83 95 118 125 3 101 13 2 7 1 8 0 0 7 9 37 9 0 13 5 6 30 25 28 2 25 65 21 29 25 14 467 2126 61 38 20 4 25 26 40 92 53 80 61 59 37 181 183 92 53 96 103 98 67 90 165 40 127 21 2 49
11 3 11 47 17 3 32 6 10 6 6 1 5 31 22 46 57 9 27 22 14 5 42 8 3 4 0 3 13 9 10 2 17 6 29 33 2 6 22 8 4 10 37 14 5 10 29 33 10 28 125 61 12 21 20 42 82 67 23 66 81 38 47 26 81 282 148 47 61 64 74 105 42 26 49 69 43 18 21 75
0 4 114 48 17 1 46 12 13 12 4 1 18 54 18 100 55 6 13 12 0 7 24 69 33 11 6 18 22 48 21 20 14 62 17 14 1 16 0 0 9 6 45 42 16 13 30 21 4 26 99 36 58 71 110 186 182 78 60 51 23 35 10 39 61 71 40 46 73 53 106 81 39 17 23 21 11 8 1 26
0 17 76 4 44 75 144 49 21 1 12 3 6 20 38 295 18 4 8 16 12 12 13 20 13 11 9 13 13 13 46 25 63 54 3 3 6 18 1 3 30 34 23 10 13 23 39 29 10 33 8 17 123 34 138 100 132 70 45 55 24 22 11 23 81 53 9 23 15 45 86 63 20 54 519 53 24 28 45 23
48 79 3 15 46 109 40 25 11 64 67 14 14 51 28 191 61 0 2 14 8 67 57 21 190 13 2 0 7 12 17 156 14 9 28 9 9 5 2 3 24 22 23 75 63 45 56 35 8 22 32 36 20 95 61 86 118 105 57 60 54 21 15 26 114 37 40 44 11 12 19 81 95 131 140 26 29 34 44 35
105 34 39 11 50 27 39 37 39 98 43 23 3 18 71 34 193 26 11 0 8 60 20 11 1 2 3 2 5 3 7 44 12 28 55 1 1 3 2 8 0 4 35 14 45 36 43 30 35 30 59 66 6 66 69 24 22 44 24 36 66 86 65 108 363 66 35 90 6 23 50 27 55 181 135 23 44 18 25 18
12 23 26 28 25 9 77 23 42 18 8 13 25 60 82 12 186 312 41 57 8 56 13 12 0 0 3 4 2 5 2 6 5 56 49 5 0 0 1 4 1 8 22 18 6 22 31 1 38 15 25 34 19 0 11 254 33 17 19 60 59 143 80 141 74 36 7 57 46 78 72 35 119 454 344 2 15 24 35 36
21 17 7 66 19 5 25 23 25 28 34 9 23 112 60 33 41 3 0 119 141 0 0 4 5 20 0 13 3 5 12 5 0 1 0 4 3 6 5 3 10 25 8 0 9 39 63 17 8 15 15 0 31 12 10 8 146 121 98 87 141 45 37 11 13 58 46 32 99 80 77 47 137 304 291 104 8 6 0 13
41 73 18 47 63 7 37 38 65 90 83 4 228 168 28 31 8 0 0 5 86 186 11 10 4 12 8 7 11 33 84 1 1 1 5 2 0 8 4 7 9 10 25 26 31 44 0 12 22 9 6 5 34 20 27 35 2 44 60 60 58 45 38 37 62 90 30 44 49 36 56 29 23 382 466 216 4 4 23 23
82 44 21 121 66 33 98 91 57 49 25 56 215 26 18 12 0 8 4 18 150 67 10 0 10 25 15 2 16 20 18 3 0 0 10 13 7 0 4 16 68 19 5 57 32 8 47 46 50 6 4 10 13 25 12 10 2 35 84 53 82 68 46 63 61 11 56 62 76 54 19 15 17 363 435 216 6 0 14 0
121 22 80 155 85 100 87 146 106 107 17 59 114 27 49 80 0 42 69 214 285 11 14 33 14 16 14 33 98 49 12 0 0 9 3 10 0 2 16 11 22 13 9 49 13 22 1 17 51 60 19 28 24 30 52 20 27 12 50 64 115 49 89 64 17 22 46 57 24 44 7 23 16 245 289 84 4 0 4 7
69 15 105 122 83 87 102 103 108 40 12 56 57 76 18 18 9 9 20 145 1959 17 21 4 8 8 7 14 14 5 2 6 0 2 23 5 3 2 17 19 3 0 10 21 4 3 11 23 12 38 25 16 62 65 10 10 8 28 66 197 106 25 24 84 21 24 47 50 88 53 67 54 58 10 32 9 8 0 11 2
28 9 10 41 51 121 72 85 120 15 19 64 93 98 53 22 16 4 4 312 61 13 50 37 13 14 8 41 91 14 0 25 4 4 1 0 0 2 10 1 9 1 5 2 2 11 6 13 16 44 10 10 23 13 14 6 6 21 73 199 64 45 9 43 60 30 59 6 29 38 35 41 26 0 94 228 90 18 70 1
38 13 40 126 91 100 56 74 81 44 31 117 158 114 58 8 2 6 23 242 6 26 9 20 8 36 12 78 100 16 29 0 1 0 2 0 3 3 4 4 1 0 0 1 8 2 3 4 24 0 6 10 0 10 0 5 49 24 37 113 41 14 34 28 33 8 16 22 1 6 19 12 4 62 9 24 4 0 2 1
30 26 12 71 91 211 153 61 55 14 63 89 123 88 54 25 16 9 285 293 12 4 3 6 10 17 3 6 4 16 1 1 0 0 1 22 3 11 1 0 0 3 7 8 0 2 0 15 2 1 4 9 0 2 13 6 21 27 64 126 78 26 10 6 21 4 0 0 0 0 0 0 0 8 8 0 1 0 0 3
27 5 9 33 53 117 113 31 45 34 83 30 174 244 164 7 14 18 239 38 0 4 16 0 13 93 38 32 18 0 8 0 0 0 0 3 0 8 0 0 3 4 3 10 0 0 2 19 1 2 5 2 1 6 2 12 30 18 60 32 33 19 9 8 6 6 0 0 0 0 0 0 0 0 1 0 0 3 9 0
10 12 20 5 20 74 75 64 11 30 44 48 67 78 67 15 17 9 727 116 113 79 10 22 20 25 0 18 32 6 0 0 1 3 0 0 0 0 0 0 6 15 19 8 0 2 3 0 8 6 5 4 14 14 45 30 10 4 2 6 16 14 19 15 13 0 0 2 0 2 0 0 0 0 10 0 0 0 0 0
16 24 44 27 97 233 108 44 26 23 72 13 4 65 29 12 6 56 210 7 0 6 1 3 22 23 54 52 7 0 10 11 0 2 0 9 1 2 0 0 4 6 1 3 2 4 0 2 1 5 1 29 66 28 60 68 22 10 2 9 5 4 0 0 20 0 0 0 0 0 0 0 11 0 0 4 0 0 1 1
42 29 38 16 38 64 73 56 15 34 69 19 38 136 167 147 3 408 55 1 10 59 0 3 1 26 193 70 6 6 0 35 9 1 1 3 0 0 0 2 11 7 1 2 5 0 2 4 0 0 2 7 29 5 4 9 19 17 9 8 5 0 0 0 0 0 0 2 0 0 0 0 0 0 0 1 0 2 36 18
38 38 14 27 40 27 16 44 17 41 40 11 6 76 15 212 108 169 34 2 8 0 3 1 0 0 0 2 1 0 0 0 2 0 1 0 2 0 1 6 2 8 0 0 0 0 0 4 0 0 3 2 10 2 7 34 24 3 9 7 1 0 15 0 0 0 0 0 0 0 0 1 2 5 8 1 0 0 4 25
13 14 15 29 5 12 6 28 39 65 83 18 0 0 154 148 0 0 10 7 1 0 19 26 0 0 2 0 0 6 8 0 0 0 0 0 9 0 0 0 2 0 0 0 0 0 0 0 0 0 2 12 9 4 6 10 8 0 0 7 0 0 0 0 0 0 0 0 0 0 0 0 1 0 0 0 0 0 0 13
180 7 20 20 20 24 10 17 14 43 56 12 126 113 126 110 0 7 0 3 0 0 0 26 0 0 0 0 4 12 24 0 0 1 3 0 1 26 6 5 0 1 2 2 13 0 0 2 6 0 0 1 11 2 0 0 0 0 10 1 0 0 0 71 3 18 0 1 0 0 0 5 0 0 12 0 5 13 7 0
30 23 12 16 12 11 8 6 18 24 126 0 17 4 25 63 14 0 0 15 113 0 0 0 0 0 0 0 7 40 10 0 0 0 4 1 6 14 4 0 0 0 0 0 0 0 7 4 1 0 0 0 2 1 0 0 0 0 1 0 0 0 0 3 0 0 0 0 0 2 3 6 1 0 2 5 17 7 2 0
