contrib/geomason/sim/app/geo/CDI/src/files/data-files/cdi_pop_e2.txt
ncols         772
nrows         981
xllcorner     -4275739.6953
yllcorner     -4991292.3216
cellsize      10000
NODATA_value  -9999
[rows 216 to 251 of 981, columns 240 to 319 of 772]
20 2 25931 34 29 28 22 0 2 0 2 11 20 6 15 276 246 60 117 131 167 72 83 29 1 9 0 3 104 63 44 48 35 20 12 2 0 28 33 9 8 7 5 27 1 0 7 0 1 0 0 0 4 2 14 11 0 0 9 18 9 0 0 15 0 2 0 0 0 0 0 0 2 4 0 1 0 0 0 0
7 32 327 12 30 0 0 24 17 0 0 0 12 4 8 31 21 39 70 131 116 85 50 8 26 11 0 1 2 25 30 26 25 4 14 2 26 57 80 6 10 18 6 8 3 0 22 6 0 0 0 3 1 3 2 15 4 2 4 0 0 0 0 1 0 0 0 0 0 0 0 0 0 0 0 0 0 0 0 0
27 13 3 11 35 32 30 8 30 23 10 7 5 10 13 4 548 41 49 81 85 27 24 9 4 4 0 3 0 12 14 2 0 0 10 3 18 39 62 11 2 8 13 35 32 5 4 10 0 11 0 1 6 0 3 4 3 3 2 0 0 2 0 0 0 0 0 0 0 0 0 0 0 0 0 0 0 0 0 0
0 18 30 28 0 27 0 34 2 0 3 50 16 6 3 6 8 429 39 29 118 13 39 3 5 2 1 3 3 0 8 9 29 1 0 3 33 60 103 33 4 6 2 8 5 3 0 8 0 0 2 4 2 4 2 1 2 1 4 2 4 0 0 0 0 0 0 0 0 0 0 0 0 0 0 0 0 2 0 0
13 23 17 25 39 14 0 14 23 21 10 18 5 3 9 4 23 688 122 27 14 3 3 7 3 4 6 6 3 23 15 12 10 3 87 51 25 27 105 15 4 7 3 3 4 1 0 5 1 0 0 3 0 1 0 0 3 5 7 9 9 0 0 1 3 0 0 0 0 0 0 0 0 0 0 0 0 0 0 0
0 15 0 39 116 90 0 2 42 90 61 0 11 19 19 18 11 27 10 5 14 0 13 29 32 1 6 2 0 96 112 19 10 39 68 67 75 37 50 32 37 3 4 0 0 2 2 2 1 0 0 0 2 1 0 0 0 1 3 3 3 0 1 0 0 0 0 0 0 0 0 0 0 1 0 0 0 0 0 0
0 0 5 44 57 16 21 2 26 27 36 4 3 31 18 13 32 74 23 9 0 0 4 11 32 15 13 8 3 13 20 3 51 26 82 91 82 79 0 29 43 39 3 9 1 1 2 2 4 0 0 0 4 0 0 1 0 0 2 0 2 0 2 0 0 7 0 0 0 0 0 0 0 0 0 0 0 0 0 0
0 0 44 28 11 2 5 22 32 50 13 33 62 79 130 1 14 53 43 42 5 2 22 10 32 72 18 4 2 25 16 8 11 33 14 31 15 2 0 9 5 96 19 18 5 1 0 0 0 1 1 0 4 1 0 0 0 0 1 2 0 2 0 0 0 0 0 0 0 0 0 0 0 0 0 0 0 0 0 0
11 17 25 47 44 47 4 22 91 42 82 57 70 11 85 30 5 31 31 3 14 5 16 51 29 20 6 8 8 29 59 60 34 34 13 25 19 5 8 18 30 37 116 28 1 1 0 0 10 1 0 3 0 0 0 0 7 2 8 5 0 0 0 0 0 0 0 0 0 0 0 0 0 0 0 0 0 0 0 0
30 43 58 46 74 94 109 86 84 60 40 77 98 51 51 11 19 33 15 2 0 0 7 7 4 2 5 1 4 10 14 12 7 28 7 4 34 25 37 26 77 11 34 39 21 19 48 69 75 5 4 0 0 2 0 0 0 2 8 1 0 0 0 0 0 0 0 0 0 0 0 0 0 0 0 0 0 0 0 0
121 15 13 35 107 77 28 118 193 111 4 68 126 200 130 2 33 14 13 36 33 1 0 4 9 9 4 22 4 10 46 4 0 90 12 5 13 25 28 8 4 34 21 40 7 2 77 11 2 1 0 0 0 0 3 3 0 0 3 3 0 0 0 0 2 0 0 0 0 0 0 0 0 0 0 0 0 0 0 0
62 15 1 23 82 48 70 93 157 165 102 58 238 143 52 9 75 19 31 116 16 11 17 14 8 6 1 33 1 8 22 2 24 16 50 10 38 58 39 57 41 99 95 75 53 12 46 21 0 0 0 0 1 1 3 0 0 3 0 0 6 0 0 0 0 0 0 0 0 0 0 0 0 0 0 0 0 1 0 0
1 6 24 75 52 115 144 138 251 164 48 95 165 97 4 60 74 5 99 16 2 15 18 0 1 2 12 7 25 2 1 2 14 8 21 24 11 30 78 8 28 77 94 107 17 118 42 29 13 0 0 0 0 0 0 0 0 0 5 0 0 0 1 0 3 0 0 0 0 0 0 0 0 0 0 0 0 0 0 0
20 0 2 78 11 51 129 181 133 48 13 185 69 83 76 792 111 32905 7318 64 90 28 21 44 117 59 39 287 13 4 4 4 48 26 10 15 9 6 12 8 42 118 90 52 47 23 16 56 0 0 0 0 0 0 0 10 2 0 16 0 0 0 12 10 3 12 0 0 0 0 0 0 0 0 0 0 0 0 0 0
0 0 26 34 52 57 19 42 62 94 61 17 21 134 123 391 42 140 211 30 70 72 76 83 101 114 33 87 21 6 1 0 32 105 95 42 42 56 16 16 96 86 77 22 117 37 59 8 4 0 0 0 0 8 23 21 9 10 26 26 31 7 1 1 0 2 0 0 0 1 2 0 0 0 0 0 0 0 0 0
0 0 38 10 18 12 1 0 108 5 21 58 78 39 45 33 7 0 0 0 2 0 6 50 8 2 5 24 72 5 0 34 146 82 25 87 106 54 58 28 8 4 10 11 13 7 6 4 2 5 6 7 0 23 1 0 0 1 0 15 71 3 0 0 1 2 3 0 0 0 0 0 0 0 0 0 0 0 0 0
3 1 12 62 43 32 5 31 66 67 69 6 3 7 26 55 11 6 67 0 2 9 14 27 2 2 4 20 15 47 69 82 23 11 34 93 127 46 23 6 9 5 13 0 23 27 6 3 1 10 0 0 2 2 1 0 0 2 1 27 17 29 23 22 11 1 1 0 0 0 0 0 0 0 0 0 0 0 0 7
0 5 65 36 26 42 259 51 15 7 19 42 18 46 170 234 113 87 49 5 3 26 14 43 15 13 28 12 12 98 75 8 17 0 6 21 37 18 62 28 3 0 18 0 5 20 2 0 0 0 1 2 5 0 0 13 15 13 23 9 30 14 5 4 22 9 0 0 0 0 4 6 0 0 2 0 0 0 0 18
109 40 14 7 38 60 170 83 98 111 28 102 61 11 95 101 63 10 16 23 14 6 25 0 33 20 5 2 54 17 16 0 4 12 9 21 5 6 12 7 17 8 4 6 4 14 9 2 11 8 0 2 3 0 1 0 0 23 19 0 24 3 22 4 8 15 7 2 6 2 0 4 0 0 0 0 0 1 6 2
18 2 9 907 20 2 41 51 37 41 276 64 78 64 137 123 4 18 21 8 30 4 8 20 48 50 5 9 16 11 5 7 7 7 50 11 0 2 0 5 9 4 2 5 8 59 7 5 6 5 0 1 1 3 4 2 0 1 26 22 25 11 4 13 9 5 0 0 0 6 3 9 11 6 0 0 5 20 0 0
7 23 76 118 52 659 22 16 55 44 32 35 4 78 108 88 10 7 25 8 50 7 6 11 60 34 11 18 23 57 18 33 16 17 41 14 0 0 3 4 11 4 0 5 4 19 0 0 0 2 0 1 1 0 0 3 0 7 3 15 0 10 0 0 1 0 0 0 0 0 0 0 0 6 6 19 18 0 0 0
58 19 6 96 65 7 0 15 114 143 149 38 9 27 45 97 47 63 94 57 55 71 54 11 40 43 24 7 86 97 67 24 25 2 15 15 10 0 2 7 4 0 6 2 3 0 0 3 2 0 7 1 11 0 0 1 0 2 0 5 2 4 9 11 4 1 0 0 0 2 0 0 0 13 9 7 1 0 0 0
90 15 0 5 42 55 2 45 161 121 18 10 12 8 2 9 33 58 3 6 12 33 28 40 30 5 40 48 46 16 12 16 21 15 24 16 36 7 9 6 16 6 3 26 4 9 6 2 2 13 6 0 2 18 5 0 8 0 6 0 1 2 0 3 4 0 0 0 0 0 0 4 66 34 6 0 9 15 1 50
21 67 2 13 2 12 51 44 103 121 49 7 2 6 4 0 9 4 20 29 26 50 27 41 74 26 32 20 38 40 27 8 34 19 4 12 19 7 21 6 21 20 13 20 0 2 8 6 0 0 6 4 0 0 4 6 4 0 2 5 3 8 0 1 3 0 0 0 0 0 0 12 9 0 11 17 9 42 10 6
0 50 482 13 3 2 2 7 3 10 52 3 14 2 26 9 6 3 11 66 37 61 41 38 21 23 30 2 12 43 21 11 0 17 18 18 13 5 1 5 21 23 18 3 3 18 4 3 4 1 9 16 74 7 3 17 12 3 4 2 0 5 4 0 0 3 5 2 0 0 16 21 0 0 0 0 0 0 0 0
6 65 14 65 17 15 2 1 4 60 52 11 13 2 3 4 7 10 52 62 24 24 82 35 18 34 50 36 9 16 28 14 4 13 38 27 11 3 1 13 12 12 9 5 7 0 3 2 3 27 25 0 36 6 0 2 1 0 2 2 1 0 4 0 1 0 0 2 0 0 1 0 0 0 0 0 2 0 0 0
80 25 12 64 12 9 0 42 93 24 25 96 21 8 5 11 14 40 36 55 57 87 43 16 13 15 36 40 10 12 13 17 29 22 10 52 6 41 8 7 14 7 7 2 1 2 12 4 7 31 1 13 28 1 0 0 0 0 0 0 0 1 2 0 0 0 5 3 0 0 0 0 0 0 0 0 0 0 0 10
11 8 48 34 188 10 34 27 42 22 15 18 14 24 31 15 8 27 30 46 12 36 38 11 10 23 29 15 6 4 8 7 13 1 9 41 29 95 18 18 14 10 0 0 23 4 3 1 4 5 17 3 14 0 2 6 1 2 1 3 3 0 1 1 2 4 1 0 0 1 0 0 0 0 0 0 0 0 0 9
0 6 7 5 42 71 3 1 11 29 7 7 5 68 36 43 9 29 3 18 44 55 35 19 25 15 5 32 23 4 7 20 12 6 8 17 119 80 71 42 30 11 9 12 4 2 4 2 2 28 25 11 23 5 0 2 2 4 0 0 3 4 0 4 2 0 6 0 0 2 2 0 0 0 0 0 0 0 0 0
33 24 4 0 55 34 6 3 10 10 9 22 79 13 24 73 70 52 24 29 12 26 25 8 42 14 11 25 7 29 3 6 29 2 1 3 7 64 39 21 45 51 15 2 1 16 4 0 1 34 25 42 10 9 5 5 14 1 1 3 0 0 0 0 6 0 0 2 0 0 1 0 0 0 0 0 0 0 0 0
56 3 6 0 33 6 33 3 12 2 26 54 18 5 0 25 62 7 124 52 12 6 8 7 2 0 2 9 14 18 6 36 28 5 5 8 4 9 39 34 60 48 3 11 7 8 9 3 5 31 36 25 2 6 14 0 13 8 3 23 1 4 4 0 2 0 2 18 1 0 0 2 0 0 0 0 0 0 0 0
5 8 2 9 55 8 26 2 3 0 30 259 100 51 25 1 20 19 25 24 31 6 7 8 4 0 4 4 1 1 7 14 23 22 10 9 0 13 43 31 30 29 8 1 2 4 26 3 55 18 4 46 23 0 3 8 11 10 13 18 2 0 0 0 2 23 26 6 2 1 1 0 0 0 0 0 0 0 0 0
16 20 6 14 41 63 24 19 3 12 120 52 12 37 50 8 2 0 31 39 57 12 9 4 10 1 3 0 0 3 11 19 11 9 2 1 0 2 18 64 47 23 17 1 3 2 7 6 13 12 18 28 6 54 23 13 15 9 1 3 2 0 1 1 1 0 0 3 1 0 1 2 0 0 0 0 0 0 0 0
8 4 3 26 8841 141 0 0 20 53 28 40 25 19 27 60 0 2 4 45 18 10 13 17 19 11 2 0 0 0 11 37 2 0 0 0 0 6 7 32 39 26 36 1 12 5 3 2 5 36 52 35 8 25 2 6 26 29 16 0 2 3 1 0 3 1 1 1 1 4 0 0 0 0 0 0 3 0 0 0
15 5 11 29 1396 69 0 0 9 63 18 9 29 15 36 14 0 11 3 4 40 3 5 12 31 5 5 3 0 0 0 0 0 0 0 1 0 0 4 5 33 63 15 51 45 7 0 2 11 50 31 3 9 18 0 37 19 13 8 21 0 0 0 0 0 0 0 0 0 0 0 0 0 0 0 0 0 0 0 0
6 1 6 37 86 22 38 16 13 22 6 17 31 20 2 6 5 15 4 8 44 28 40 2 0 4 0 0 0 1 0 0 0 0 0 2 6 0 0 6 37 24 44 38 28 9 5 5 39 66 30 26 3 3 13 24 35 1 0 21 2 0 0 1 2 0 0 0 0 0 0 1 0 0 0 0 0 0 0 0
