contrib/geomason/sim/app/geo/CDI/src/files/data-files/cdi_pop_e2.txt
ncols         772
nrows         981
xllcorner     -4275739.6953
yllcorner     -4991292.3216
cellsize      10000
NODATA_value  -9999
[rows 108 to 143 of 981, columns 320 to 399 of 772]
0 0 0 0 0 0 0 0 0 0 0 0 0 193 189 222 90 5 106 21 67 1 41 0 66 90 5 57 72 716 944 1904 586 2149 631 253 242 8 89 971 428 826 643 350 268 898 874 3423 845 1248 851 810 1095 596 190 205 1315 502 15 305 70 59 65 147 61 26 82 57 227 326 197 1189 6378 1452 880 904 784 593 262 62
0 0 0 0 0 13 0 0 0 0 0 0 0 0 99 134 373 324 279 35 45 0 80 0 64 2 1 178 192 351 917 825 508 282 483 577 23 68 249 303 288 454 468 422 303 434 508 2145 650 495 1591 1258 2002 4732 1130 806 1617 388 340 583 434 675 624 437 172 79 163 89 288 342 134 775 144 744 1539 734 340 298 102 60
0 0 0 0 0 0 0 83 402 288 63 29 0 0 19 26 180 121 62 33 19 0 51 0 46 46 1 46 48 131 125 524 515 143 230 42 0 91 607 1129 239 1008 687 531 508 692 1500 797 926 771 506 682 253 1322 1220 830 1154 915 693 510 204 412 421 301 57 176 190 3392 79614 49 10989 19416 166 392 564 659 96 104 164 182
0 0 0 0 0 0 19 6 172 573 987 595 350 2331 27 34 3 390 59 109 320 0 0 0 0 0 25 0 28 73 53 79 50 60 2 61 123 659 512 417 357 1059 369 483 483 813 662 1085 1228 1187 789 1048 1031 589 236 874 1177 661 888 83 262 259 947 385 336 813 763 1642 14464 64 2 2 781 161 485 1116 1063 436 172 5
0 0 0 19 0 0 641 171 645 2925 275 422 685 1460 275 121 115 721 101 110 123 75 228 0 0 0 2 38 0 1 16 9 4 11 39 1173 602 330 431 411 323 511 556 566 246 273 124 939 713 1096 822 698 2127 891 505 509 450 963 594 93 1102 530 681 325 2487 4061 3010 269 1175 329 241 74 2140 877 1233 1774 1701 156 53 5
0 0 5 332 0 39 44 3 719 417 550 374 791 350 246 251 199 1163 136 216 115 1 47 50 0 0 1 0 1 26 34 66 6 67 888 1160 468 560 492 3740 39577 525 337 253 119 5 138 855 1168 1107 627 1371 5226 1071 538 2113 606 43748 915 631 666 460 149 357 931 674 604 458 761 499 446 57 527 1261 5776 34028 1531 79 266 1628
0 0 1 1 100 69 23 72 331 550 476 470 445 2687 463 880 428 872 268 153 96 0 8 0 0 28 0 0 51 68 26 50 248 310 858 911 463 297 521 2353 15209 654 122 19 287 1556 7157 446 220 0 58 363 1295 677 219 400 179 1251 706 429 377 333 291 712 245 390 611 535 453 964 112 170 628 630 6429 417798 16729 3838 2665 705
0 0 18 48 559 291 367 679 450 848 593 1792 300 414 345 609 113 1840 1263 11 58 164 1 0 0 0 26 20046 91 129 89 110 148 25 211 300 75 0 323 301 274 74 260 623 571 4167 14550 285 265 0 75 291 161 534 22 302 0 30 45 175 518 376 322 439 495 408 737 536 643 883 78 273 159 1078 5734 20917 114883 459 193 66
0 9 17 91 343 4 72 558 388 674 246 815 533 638 316 1472 135 176 3960 1348 180 1375 1269 8085 53356 587 1322 14006 16 211 222 117 250 1026 4520 88 3 0 461 26172 69320 710 362 596 685 465 454 484 448 176 0 22 40 56 66 29 1 0 108 230 367 203 707 1395 240 301 790 52 1159 1888 946 315 602 2682 225 389 1790 2102 110 295
10 0 0 17 60 115 3745 2779 352 604 346 851 378 703 14574 894 1058 264 397 1024 99 1798 63627 357884 359891 62871 2198 881 581 329 5 95 115 477 290 262 3868 288 615 17974 10267 278 182 318 320 410 561 927 416 168 170 0 32 113 73 6 120 0 25 21 83 76 386 587 1674 516 673 217 923 1264 434 129 285 1117 310 260 286 308 405 658
0 0 0 0 192 340 794 403 1093 262 473 757 1051 1877 765 22 20 52 0 5 1 2256 2111 27334 4965 3202 6059 888 1195 110 105 3 0 35 150 297 71 94 285 577 1754 395 247 104 104 458 675 1396 2101 569 18 1 30 28 104 12 154 0 0 2 0 0 78 465 1231 1674 641 251 854 545 479 1926 2812 121 513 404 242 40 77 239
0 541 59 73 194 190 1283 758 665 672 898 21818 17715 426 56 0 17 0 0 0 1515 44067 760 1185 3234 299 463 101 59 2 35 10 3 0 3 0 53 86 406 585 1096 179 353 155 46 38 112 413 74 141 100 130 0 2 0 16 70 0 0 0 0 60 0 200 1039 1240 935 637 578 1094 920 152 272 22 156 32 90 14 45 446
184 443 1667 248 673 611 2089 486 403 1684 1102 263 259 2133 485 0 0 11 52 0 68280 21232 974 671 774 831 187 922 279 88 57 65 3 1 3 35 12 120 149 204 1049 366 27 49 2 91 0 1 67 81 10 65 0 10 1 24 90 0 4 0 47 0 320 977 451 862 536 371 30230 1054 296 115 5 60 39 4 6 10 93 443
2111 726 1452 1525 668 294 1295 706 475 211 162 147 53 181 45 0 13 1 10 1 118 979 365 731 3144 1053 441 134 107 21 81 129 6 1 8 54 0 49 164 310 462 285 48 60 0 4 3 3 172 40 11 4 5 10 6 2 94 0 8 8 85 605 689 96 338 277 325 1022 2674 549 241 7 83 25 31 4 4 37 16 317
645 1732 144 401 73 269 311 512 462 534 313 334 33 5 0 0 0 0 0 37 1020 696 1245 2304 839 861 374 213 27 7 6 60 10 5 102 0 7 104 257 224 348 481 187 3 3 1 1 0 45 50 142 4 1 0 19 15 147 0 39 92 184 776 109 128 2 349 391 887 988 635 255 233 2 0 0 25 1 8 46 4
111 610 403 0 57 20 49996 35539 1449 918 501 813 4 1 3 0 0 0 0 86 675 79 1840 207 1683 82 165 378 56 19 13 5 11 32 81 223 276 114 299 421 647 341 45 15 1 13 0 0 95 0 86 48 54 7 35 6 115 2 213 473 572 93 2 4 44 319 44 9 918 1050 578 87 0 0 2 7 0 2 2 8
867 417 163 111 15758 1679 11617 14447 987 529 627 243 0 0 0 0 76 0 1 1 262 549 121 365 755 364 73 1 21 3 13 10 8 5 69 122 187 6 28 411 969 129 16 15 15 4 4 0 4 1 82 94 99 4 6 3 111 173 276 328 96 0 0 4 4 97 0 34 41 1134 606 60 2 3 0 0 1 9 10 43
161 3179 1037 414 577 451 245 309 589 468 608 335 43 0 0 58 6 0 0 0 6 649 96 1908 2200 1804 239 45 3 22 18 0 3 7 14 569 15 7 10 62 304 341 363 501 2 6 12 0 0 34 48 0 2 2 0 58 1000 115 6 7 5 15 4 78 85 21 0 0 0 11 134 254 2 0 0 30 2 3 86 45
398 1110 672 350 347 340 699 281 562 876 776 371 188 61 38 58 2 0 0 0 4 32 393 865 5225 482 584 290 8 15 11 13 47 227 371 372 106 158 236 86 82 273 126 182 102 9 5 0 0 61 0 0 0 2 90 116 9 55 2 6 0 93 135 237 28 32 129 195 9 74 21 314 305 83 2 2 57 4 11 29
290 641 458 1178 766 625 962 547 1253 419 764 519 920 336 112 0 0 2 0 2 6 10 121 860 226 2258 636 73 2 5 2 18 16 28 170 116 107 13 11 123 119 243 420 61 9 54 11 0 0 137 8 53 93 169 69 12 4 2 2 1 0 171 5 49 4 0 0 6 75 26 6 432 56 96 33 500 7 42 51 70
491 200 93 198 217 1113 1171 938 484 634 696 1015 87 1061 778 340 137 45 0 2 0 10 11 10 173 253 65 15 9 25 9 14 30 81 31 23 7 137 58 5 25 369 44 181 214 314 71 13 64 107 11 68 7 9 5 20 13 17 142 0 62 115 4 0 0 0 0 16 15 2 99 33 91 0 14 170 97 178 375 261
193 131 123 208 331 1005 5821 811 190 328 245 4524 1020 623 266 161 360 5 4 7 0 5 6 32 105 135 49 1 10 3 18 65 141 210 347 201 29 83 51 28 8 19 45 13 52 73 22 2 0 2 4 9 13 56 23 26 15 5 223 155 50 0 0 0 0 0 0 6 126 49 94 4 15 71 1 25 3 4 22 47
218 206 205 113 213 240 76 1136 508 85 264 257 130 191 255 516 872 176 7 4 3 0 1 15 89 31 168 155 78 42 57 61 128 60 82 112 129 19 12 1 5 9 15 105 126 5 10 2 0 8 19 25 5 9 1 0 2 2 22 0 0 0 0 0 0 8 184 182 180 101 0 12 6 121 87 24 7 11 31 36
134 155 59 115 143 250 73 39 183 242 110 9 571 450 229 365 277 116 73 51 10 2 35 117 45 13 481 368 207 114 64 87 230 308 62 40 140 150 10 2 0 2 6 10 33 8 2 2 0 0 67 82 24 13 2 9 6 6 0 7 2 0 0 0 122 64 59 41 4 13 2 4 15 144 181 59 7 36 21 22
104 174 247 182 62 138 67 29 34 97 243 252 118 207 4740 251 179 1273 244 155 64 0 124 194 49 51 170 408 270 427 214 231 286 505 549 117 175 154 163 15 0 5 13 18 22 13 30 4 1 1 20 43 14 1 2 5 14 3 5 7 28 28 4 32 4 4 0 0 12 35 4 0 9 122 3 113 15 37 42 25
152 189 250 161 206 151 26 17 58 82 166 377 26 12 180 660 110 113 8 15 10 11 5 130 81 349 201 327 274 835 409 225 411 209 100 153 78 84 10 4 0 21 25 26 33 9 4 3 5 1 5 24 6 0 4 5 0 2 0 1 1 0 12 8 12 4 9 29 6 25 0 1 118 82 24 183 196 197 25 14
89 92 85 1 94 24 161 0 9 11 0 4 36 98 36 185 17 49 8 0 14 48 16 136 129 427 491 187 233 286 145 137 197 174 92 61 36 53 84 0 14 23 19 5 23 38 17 8 2 3 1 1 22 8 7 5 0 0 4 6 21 12 16 4 4 0 0 21 24 0 0 134 72 33 20 9 144 160 116 133
230 85 129 26 120 359 11 2 0 7 3 81 28 0 30 26 123 6 13 0 37 20 47 52 194 541 532 98 381 96 256 329 121 118 201 155 132 44 3 3 0 34 36 10 20 16 12 16 2 3 40 1 42 2 0 2 0 0 3 30 15 12 4 7 24 1 17 4 3 3 5 101 46 33 71 179 1142 1178 99 19
197 20 5 13 123 34 50 49 90 77 10 5 6 24 6 49 51 55 2 9 63 9 74 103 174 318 273 285 131 64 17 150 101 51 191 149 102 28 13 49 31 51 28 4 1 11 43 1 8 2 0 41 6 41 1 0 0 5 4 2 0 3 0 1 16 4 8 14 18 10 46 63 157 48 102 159 86 20 4 2
51 6 8 8 64 4 1 10 2 0 7 2 5 5 3 2 4 48 14 102 31 28 165 111 62 64 168 191 50 34 56 76 14 46 42 159 31 20 38 48 24 62 18 9 24 56 14 2 11 40 26 54 57 52 73 0 2 0 16 2 0 5 1 9 103 122 29 42 38 21 154 88 96 110 65 47 26 9 8 7
54 87 50 28 44 12 17 11 14 2 46 22 20 26 132 44 91 33 206 299 223 102 73 65 158 86 136 222 1004 187 455 123 115 65 28 85 126 4 48 46 12 0 6 5 16 16 6 1 15 23 115 84 29 2 21 17 121 76 80 8 4 25 9 1 12 18 1135 235 213 82 225 58 41 23 22 55 81 16 6 13
811 360 281 370 47 75 27 2 0 3 5 6 10 0 15 6 57 20 319 215 121 329 52 119 229 193 165 152 393 226 325 38403 21755 142 45 227 99 30 57 9 5 15 22 1 1 0 4 11 33 27 5 92 21 6 20 6 3 5 0 91 85 40 12 25 55 62 123 200 44 181 50 265 28 9 23 19 9 4 16 30
95 20 111 161 209 335 52 21 63 4 1 7 13 3 16 11 6 3 176 43 181 128 180 210 244 121 232 88 74 41 10 3863 10242 102 63 186 165 36 55 58 13 16 38 52 21 2 1 4 3 8 6 20 54 39 54 9 3 6 9 95 365 12 8 20 95 157 174 40 107 77 24 140 21 14 16 5 2 2 5 4
54 40 79 6 21 196 230 29 0 0 6 2 5 4 34 40 10 38 182 279 37 29 24 16 19 0 36 111 35 35 112 8 186 505 20725 412 302 49 122 39 10 13 39 13 3 11 5 10 18 11 2 3 10 13 7 14 3 4 6 6 14 118 58 20 47 17 10 14 14 24 117 210 89 12 4 13 7 0 5 11
40 75 68 50 14 81 143 149 11 8 0 5 6 19 15 11 23 138 64087 4818 19 28 29 26 9 12 71 125 76 107 110 40 95 329 349 412 149 25 95 7 27 0 22 11 8 11 7 14 12 16 9 4 11 4 40 43 5 5 0 16 15 13 33 21 22 31 11 10 104 172 75 32 56 8 3 5 0 11 6 8
289 307 97 17 29 96 75 83 89 74 54 33 9 0 5 3 118 49 136 124 61 35 85 51 17 32 29 55 26 121 14 45 93 54 46 708 53 7 39 11 11 18 46 3 11 18 9 26 32 0 2 4 3 3 5 0 2 54 19 51 29 36 28 8 8 22 19 15 114 37 28 16 50 21 12 1 2 7 14 0
