contrib/geomason/sim/app/geo/CDI/src/files/data-files/cdi_pop_e2.txt
ncols         772
nrows         981
xllcorner     -4275739.6953
yllcorner     -4991292.3216
cellsize      10000
NODATA_value  -9999
[rows 324 to 359 of 981, columns 640 to 719 of 772]
91 110 163 52 20 56 208 261 11 -9999 -9999 -9999 -9999 -9999 117 339 -9999 -9999 -9999 -9999 -9999 -9999 -9999 -9999 -9999 -9999 -9999 -9999 -9999 -9999 -9999 -9999 -9999 358 1441 673 401 205 917 1115 4551 4274 3474 631 224 193 1254 316 -9999 -9999 -9999 -9999 -9999 -9999 -9999 -9999 -9999 -9999 -9999 -9999 -9999 -9999 -9999 -9999 -9999 -9999 -9999 -9999 -9999 -9999 -9999 -9999 -9999 -9999 -9999 -9999 -9999 -9999 -9999 -9999
118 9 43 72 69 142 22 72 1554 -9999 -9999 -9999 -9999 -9999 -9999 -9999 -9999 -9999 -9999 -9999 -9999 -9999 -9999 -9999 -9999 -9999 -9999 -9999 -9999 -9999 -9999 -9999 -9999 -9999 -9999 -9999 -9999 -9999 -9999 1858 52576 -9999 946 390 1108 1137 229 -9999 -9999 -9999 -9999 -9999 -9999 -9999 -9999 -9999 -9999 -9999 -9999 -9999 -9999 -9999 -9999 -9999 -9999 -9999 -9999 -9999 -9999 -9999 -9999 -9999 -9999 -9999 -9999 -9999 -9999 -9999 -9999 -9999
48 0 0 0 0 126 108 195 1515 -9999 -9999 -9999 -9999 -9999 -9999 -9999 -9999 -9999 -9999 -9999 -9999 -9999 -9999 -9999 -9999 -9999 -9999 -9999 -9999 -9999 -9999 -9999 -9999 -9999 -9999 -9999 -9999 -9999 -9999 -9999 1947 -9999 -9999 -9999 -9999 -9999 -9999 -9999 -9999 -9999 -9999 -9999 -9999 -9999 -9999 -9999 -9999 -9999 -9999 -9999 -9999 -9999 -9999 -9999 -9999 -9999 -9999 -9999 -9999 -9999 -9999 -9999 -9999 -9999 -9999 -9999 -9999 -9999 -9999 -9999
346 67 22 6 0 0 0 64 1380 -9999 -9999 -9999 -9999 -9999 -9999 -9999 -9999 -9999 -9999 -9999 -9999 -9999 -9999 -9999 -9999 -9999 -9999 -9999 -9999 -9999 -9999 -9999 -9999 -9999 -9999 -9999 -9999 -9999 -9999 -9999 1230 -9999 -9999 -9999 -9999 -9999 -9999 -9999 -9999 -9999 -9999 -9999 -9999 -9999 -9999 -9999 -9999 -9999 -9999 -9999 -9999 -9999 -9999 -9999 -9999 -9999 -9999 -9999 -9999 -9999 -9999 -9999 -9999 -9999 -9999 -9999 -9999 -9999 -9999 -9999
0 66 42 56 0 112 12 49 5190 -9999 -9999 -9999 -9999 -9999 -9999 -9999 -9999 -9999 -9999 -9999 -9999 -9999 -9999 -9999 -9999 -9999 -9999 -9999 -9999 -9999 -9999 -9999 -9999 -9999 -9999 -9999 -9999 -9999 -9999 691 -9999 -9999 -9999 -9999 -9999 -9999 -9999 -9999 -9999 -9999 -9999 -9999 -9999 -9999 -9999 -9999 -9999 -9999 -9999 -9999 -9999 -9999 -9999 -9999 -9999 -9999 -9999 -9999 -9999 -9999 -9999 -9999 -9999 -9999 -9999 -9999 -9999 -9999 -9999 -9999
887 783 199 742 209 86 214 1255 12027 -9999 -9999 -9999 -9999 -9999 -9999 -9999 -9999 -9999 -9999 -9999 -9999 -9999 -9999 -9999 -9999 -9999 -9999 -9999 -9999 -9999 -9999 -9999 -9999 -9999 -9999 -9999 -9999 -9999 -9999 -9999 -9999 -9999 -9999 -9999 -9999 -9999 -9999 -9999 -9999 -9999 -9999 -9999 -9999 -9999 -9999 -9999 -9999 -9999 -9999 -9999 -9999 -9999 -9999 -9999 -9999 -9999 -9999 -9999 -9999 -9999 -9999 -9999 -9999 -9999 -9999 -9999 -9999 -9999 -9999 -9999
80 151 42 24 405 1530 229 151 2772 -9999 -9999 -9999 -9999 -9999 -9999 -9999 -9999 -9999 -9999 -9999 -9999 -9999 -9999 -9999 -9999 -9999 -9999 -9999 -9999 -9999 -9999 -9999 -9999 -9999 -9999 -9999 -9999 -9999 -9999 -9999 -9999 -9999 -9999 -9999 -9999 -9999 -9999 -9999 -9999 -9999 -9999 -9999 -9999 -9999 -9999 -9999 -9999 -9999 -9999 -9999 -9999 -9999 -9999 -9999 -9999 -9999 -9999 -9999 -9999 -9999 -9999 -9999 -9999 -9999 -9999 1808 233 6175 2040 -9999
0 51 20 22 107 77 970 334 7167 10459 -9999 -9999 -9999 -9999 -9999 -9999 -9999 -9999 -9999 -9999 -9999 -9999 -9999 -9999 -9999 -9999 -9999 -9999 -9999 -9999 -9999 -9999 -9999 -9999 -9999 -9999 -9999 -9999 -9999 -9999 -9999 -9999 -9999 -9999 -9999 -9999 -9999 -9999 -9999 -9999 -9999 -9999 -9999 -9999 -9999 -9999 -9999 -9999 -9999 -9999 -9999 -9999 -9999 -9999 -9999 -9999 -9999 -9999 -9999 -9999 -9999 -9999 -9999 -9999 -9999 3670 690 749 2048 32
0 0 65 13 54 17 110 1492 998 19 -9999 -9999 -9999 -9999 -9999 -9999 -9999 -9999 -9999 -9999 -9999 -9999 -9999 -9999 -9999 -9999 -9999 -9999 -9999 -9999 -9999 -9999 -9999 -9999 -9999 -9999 -9999 1 -9999 -9999 -9999 -9999 -9999 -9999 -9999 -9999 -9999 -9999 -9999 -9999 -9999 -9999 -9999 -9999 -9999 -9999 -9999 -9999 -9999 -9999 -9999 -9999 -9999 -9999 -9999 -9999 -9999 -9999 -9999 -9999 -9999 -9999 -9999 -9999 -9999 5554 3 37 141 29
45 108 18 172 28 34 79 2089 44 6 1990 -9999 -9999 -9999 -9999 -9999 -9999 -9999 -9999 -9999 -9999 -9999 -9999 -9999 -9999 -9999 -9999 -9999 -9999 -9999 -9999 -9999 -9999 -9999 -9999 -9999 -9999 -9999 -9999 -9999 -9999 -9999 -9999 -9999 -9999 -9999 -9999 -9999 -9999 -9999 -9999 -9999 -9999 -9999 -9999 -9999 -9999 -9999 -9999 -9999 -9999 -9999 -9999 -9999 -9999 -9999 -9999 -9999 -9999 -9999 -9999 -9999 -9999 -9999 -9999 55882 52 5 1744 320
40 39 143 101 78 29 361 35 66 25 29 -9999 -9999 -9999 -9999 -9999 -9999 -9999 -9999 -9999 -9999 -9999 -9999 -9999 -9999 -9999 -9999 -9999 45 806 377 1225 -9999 130 783 27 2742 -9999 -9999 -9999 -9999 -9999 -9999 -9999 -9999 -9999 -9999 -9999 -9999 -9999 -9999 -9999 -9999 -9999 -9999 -9999 -9999 -9999 -9999 -9999 -9999 -9999 -9999 -9999 -9999 -9999 -9999 -9999 -9999 -9999 -9999 -9999 -9999 68 1000 17033 13458 34 44 106
383 0 0 83 225 1302 3584 33 12 42 20 8249 228 0 -9999 -9999 -9999 -9999 -9999 -9999 -9999 -9999 -9999 -9999 -9999 -9999 -9999 -9999 269 91 105 223 1533 43 15 536 266 74779 4578 497 -9999 -9999 -9999 -9999 -9999 -9999 -9999 -9999 -9999 -9999 -9999 -9999 -9999 -9999 -9999 -9999 -9999 -9999 -9999 -9999 -9999 -9999 -9999 -9999 -9999 -9999 -9999 -9999 -9999 -9999 -9999 -9999 -9999 6631 5 3 6081 24385 1902 20
116 0 77 1116 708 3582 276 0 2 18 12 80 276 0 -9999 -9999 -9999 2 -9999 -9999 -9999 -9999 -9999 -9999 -9999 -9999 -9999 3939 245 171 61 15 77 3 29 30 1081 5131 429 62 1556 567 3 -9999 -9999 -9999 -9999 -9999 -9999 -9999 -9999 -9999 -9999 -9999 -9999 -9999 -9999 -9999 -9999 -9999 -9999 -9999 -9999 -9999 -9999 -9999 -9999 -9999 -9999 -9999 -9999 8 29 5 2277 18 2124 3637 3642 329
895 1564 1007 2 18 2 0 0 0 1 41 16 -9999 527 -9999 -9999 -9999 -9999 -9999 -9999 -9999 -9999 -9999 261 -9999 -9999 -9999 41641 124 58 1612 45 1592 18 17 46 67 744 1671 62 47 183 -9999 -9999 -9999 -9999 -9999 -9999 -9999 -9999 -9999 -9999 -9999 -9999 -9999 -9999 -9999 -9999 -9999 -9999 -9999 -9999 -9999 -9999 -9999 8 -9999 -9999 -9999 11212 2241 945 11 1852 3170 36 116 28 2000 3983
37 370 17 6 6 2 6 32 1006 2 979 2 81 -9999 470 1047 7811 1917 307 -9999 6264 1736 213 47 168 1455 4483 5098 2001 111 87 18 9 27 13 69 72 678 3325 524 10 65 25 12 247 514 63 -9999 -9999 -9999 -9999 -9999 -9999 -9999 -9999 -9999 -9999 -9999 -9999 -9999 -9999 -9999 -9999 -9999 229 -9999 5015 917 53 116 4583 330 23 172 581 286 33 243 2 14
14 381 8 6 19 6 3 1514 722 6 0 8 4 59 48 11 -9999 816 908 1617 5363 2642 126 90 4 12 1206 55 51 33 6 0 0 0 10 2446 680 58 44 19 345 8 7 25 387 69 23918 3309 1949 -9999 -9999 547 -9999 -9999 -9999 -9999 -9999 -9999 -9999 38 -9999 -9999 1197 964 111 14111 2065 45 1 8 778 3564 33 13 68 13 21 18 0 17
0 15 0 45 3 0 36 328 6 23 1 1 17 10 55 15493 599 269 126 78 132 1537 0 10 284 46 343 2040 28 3 10 7 3 1 809 729 70 12 20 985 13 15 31 9 75 36 5041 3756 2083 854 1173 337 356 -9999 2630 65 86 -9999 -9999 -9999 46 63 1750 1581 716 1658 607 1 2 19 5220 4799 48 4 7 11 2 910 1849 3214
17 31 1323 261 18 281 0 13 0 9 22 1 866 21 32 3366 9 2 1 695 2 6 6 0 3 2 2 83 14 815 12 18 14 8 162 0 454 28 73 53 8 10 120 473 637 28 1456 841 29 3 1 519 10665 1354 4 21 1171 -9999 -9999 1241 17 12 3 57 1 454 557 0 50 3352 4026 1546 15 0 1 0 0 893 23 5969
0 16 12 3 16 0 0 2 0 0 11 13 14 0 0 502 142 56 4696 2 1 3 7 0 7 0 10 36 3 49 318 14 0 0 54 3 40 8 28 12 1 7 8 45 0 3 2707 33 8 1 40 4948 6810 0 32 5 235 2117 5139 4932 643 11 736 143 11 824 3337 11 55 17 6 3982 544 4 13 365 17 12 5 3191
0 26 43 0 3 4 276 12 16 19 10 0 0 10 31 377 2 5 457 61 70 8 284 18 4 3 1946 15 5 7 0 2 18 626 8 8 0 24 28 3 0 29 6 5 31 80 3075 346 3 2 237 87 28 0 11 0 5 1286 34 95 230 32 408 231 12 39 14 1148 1287 14 6 546 5889 2 3 90 18 0 5 900
375 44 230 7 20 0 8 0 0 5 10 28 1 8 23 20 1 0 5 355 0 0 0 5 12 11 24 1 36 2266 17 1 4 0 16 6 1 7 20 93 16 0 3 13 0 27 30 25 6 1 129 82 2 3 3 1 0 13 18 6 394 2 4 0 10 13 668 7025 17 11 2 41 440 14 16 0 11 646 1454 663
689 2 37 35 0 1 8 0 0 3 0 2 236 2 1346 12 3 2 924 2 0 0 0 11 8 512 2 11 13 34 0 14 1 2 39 10 13 7 7 280 998 0 0 7 25 0 19 1 33 7 28 10449 0 8 0 0 85 174 1 1 1455 15 1 2 11 0 460 2080 1736 2 3 0 32 206 26 53 506 1332 4695 2471
33 0 1 19 3 8 7 4 4 25 0 11 0 6 0 4 5 5 10 4 0 12 2 7 19 913 24 0 2 29 460 773 0 53 8871 21 4 2 9 1 40 0 0 3 548 0 17 17 1 3 324 3866 1689 31 0 6 6 8 0 12 2012 7 7 1 3 19 6 62 620 2 5 12 3 4 1 980 37 0 340 56
295 0 0 3 666 1491 0 14 26 4 25 340 0 0 0 11 0 0 26 17 17 31 9 3 3 10 4 2 10 22 28 31 29 11 75 255 24 12 25 15 22 10 4 7 395 39 36 3 0 7 85 48 61 11 2962 1 4 22 3 0 4432 0 18 0 0 15 0 14 0 26 0 7 32 10 16 4 716 0 262 3192
4 0 4 5 14 23 350 19 1084 0 0 2 1982 4 13 19 3 11 0 9 7 1 10 23 220 14 19 32 22 20 1 18 0 7 298 53 37 56 51 11 23 4 13 1 13 0 29 1 0 1012 1 68 0 5 68 0 5 12 3 0 1022 0 22 14 548 16 0 12 0 11 901 2 2 20 48 46 109 7847 13574 3097
13 18 489 163 151 150 0 9 11 20 0 0 11 0 0 1 33 2 11 0 26 13 12 5341 0 0 1 6 2083 15 1034 144 3 33 20 47 21 20 0 24 47 47 24 50 18 35 40 1243 18 59 26 42 0 916 2362 25 19 26 18 0 71 1532 0 6 0 1 0 231 15 10 22 633 10 6 19 11 0 1597 1033 0
6 0 1 0 4 547 0 0 0 7 123 0 0 0 0 12 5 11 24 1 1225 0 1 316 11 3 0 865 31 0 7 0 1 30 1 29 6 49 0 0 2 2702 15 0 0 9 13 676 44 842 577 0 0 143 60 820 322 0 7 0 4 1229 2187 10 0 13 10 16 14 0 15 10 0 10 0 1 0 0 359 0
0 9 43 7 2 240 0 0 0 0 12 11 2 0 0 12 9 1 5 0 19 0 4 7 18 0 36 24 11 29 1 0 2 20 0 36 0 3 36 7 6 13 2 7 25 8 430 28 44 1069 23 5 0 7 20 3 5 252 0 34 3 0 1 43 9 0 1630 12 25 0 50 13 7 5 6 0 0 430 570 12
7 579 578 168 820 14152 22 0 0 0 0 12 2753 7 22 7 10 0 11 8 5 9 2 8 3 6 6 0 2 29 3 3 909 8 3 29 6 5 58 20 7 5 26 24 8 25 73 1660 7 24 21 18 0 0 31 7 0 7 1 1410 5 0 0 23 5 14 27 2 659 61 5 41 5 8 9 0 1 3224 327 38
776 0 13 102 0 0 2 20 0 0 6 8 8 8 1 0 6 0 0 0 5 0 0 1 0 23 236 0 2 457 0 13 18 215 17 11 35 30 41 3 15 24 19 30 22 17 1593 20 14 7 7 4 14 60 32 1202 15 2 927 11 13 2 38 63 1 30 5 0 146 1154 0 68 27 9 3 0 0 532 4 14
9 0 4 0 0 0 0 0 9 365 0 0 7 5 3 0 0 0 0 7 1 0 13 1 1 13 54 3 4 167 20 16 1 0 23 0 32 17 111 9 11 39 2401 5 166 0 10 21 18 16 17 9 5 29 12 24 2 6 385 17 10 14 9 6 21 6 1 0 415 2692 14 179 4 1 16 12 239 215 108 87
1 0 73 20 0 0 0 0 0 0 0 3 3 0 2 0 0 0 5 0 0 0 5 2 5 11 11 8 13 219 0 0 542 2413 22 29 76 56 3796 5 4 1 49 14 836 10 42 13 11 7 2 55 15 19 54 18 10 20 37 10 4 4 1 7 623 24 1 2 135 35 0 20 32 10 6 2 58 41 86 36
134 0 0 25 0 0 0 0 0 0 0 6 0 0 12 0 0 0 1 0 0 6 13 0 0 18 1 1408 372 0 0 0 4 20 6 0 1 89 49 100 1 0 27 2 666 14 7 19 4806 286 83 2058 643 65 76 43 139 4381 783 5 20 965 99 498 73 7 27 114 331 20 3 7 19 8 23 104 71 90 42 37
662 10 0 0 0 0 0 0 0 0 0 0 1 0 0 0 0 0 2 0 1 6 2236 0 5 0 0 3 5 0 0 0 4 69 2 0 16 59 35 12 0 6 6 14 60 15 7 8 83 120 61 799 5 33 876 930 2531 35548 70 577 277 879 17 19 1493 30 72 3 32 23 9 18 18 64 114 66 35 95 41 32
31 11 0 0 0 0 0 0 0 0 0 0 0 0 0 0 0 0 0 3 3 0 6 1 1 0 1 32 3 5 0 2 0 2 2 0 15 9 30 6 253 14 1 46 0 24 12 22 14 95 6 60 35 9 101 19 3433 9231 521 686 159 3 0 44 6 63 2031 13 10 4 26 1 6 35 90 3497 45 35 3 97
0 1 0 0 0 0 0 0 0 0 0 214 135 0 0 0 0 0 0 3 0 0 0 14 0 7 1 0 0 1 12 7 1 8 10 0 0 1 41 13 5 50 593 7 10 0 5 0 2 41 577 53 47 46 25 415 2834 27 93 38 6 2 0 23 26 35 301 2080 2 5 599 0 0 1 25 398 0 56 29 393
