contrib/geomason/src/main/resources/sim/app/geo/turkana/data/ts_ndvi.txt
ncols         108
nrows         114
xllcorner     35.7
yllcorner     1.8
cellsize      0.0083333333333333
NODATA_value  -9999
[rows 32 to 63 of 114, columns 0 to 71 of 108]
0.1672 0.1724 0.1701 0.1602 0.1631 0.1433 0.1491 0.1909 0.1806 0.173 0.146 0.1501 0.1648 0.1547 0.1779 0.2011 0.1347 0.1654 0.1609 0.1341 0.1549 0.1632 0.151 0.1676 0.1929 0.1801 0.1898 0.1831 0.1499 0.1338 0.1373 0.1191 0.1283 0.1218 0.1202 0.1201 0.1253 0.1347 0.1377 0.1347 0.1338 0.1456 0.1502 0.1149 0.118 0.1131 0.1151 0.1118 0.1163 0.129 0.1493 0.1576 0.1205 0.0943 0.0894 0.0971 0.1319 0.106 0.1157 0.1283 0.0816 0.0877 0.1066 0.1148 0.1039 0.1077 0.1079 0.1407 0.1473 0.1428 0.1597 0.146
0.1654 0.1632 0.1656 0.1561 0.162 0.1642 0.1807 0.1867 0.1594 0.1571 0.1514 0.1665 0.1588 0.1774 0.1436 0.1735 0.145 0.1571 0.154 0.1559 0.1511 0.1536 0.1648 0.1923 0.1814 0.1572 0.1836 0.2027 0.1659 0.1406 0.1356 0.1074 0.1126 0.1157 0.1089 0.1171 0.1302 0.1315 0.1447 0.1228 0.1227 0.1414 0.1444 0.1463 0.1163 0.1234 0.1199 0.1256 0.137 0.1504 0.1293 0.1177 0.087 0.0931 0.1021 0.129 0.1051 0.103 0.0711 0.0598 0.0582 0.074 0.1609 0.1154 0.0946 0.1117 0.1237 0.1384 0.1249 0.1383 0.1647 0.1536
0.1468 0.1518 0.1641 0.1698 0.1651 0.1702 0.1766 0.1564 0.1538 0.1706 0.1685 0.1548 0.1319 0.1675 0.1632 0.1636 0.173 0.1888 0.1743 0.1648 0.1636 0.14 0.1643 0.176 0.1919 0.1835 0.1902 0.1987 0.1482 0.1352 0.1344 0.1105 0.1162 0.1246 0.1271 0.122 0.1144 0.1213 0.1287 0.1232 0.1356 0.1365 0.1515 0.1414 0.147 0.1476 0.1385 0.1975 0.1291 0.1148 0.119 0.1135 0.0947 0.1039 0.1075 0.1231 0.0786 0.0907 0.0832 0.0775 0.0824 0.1365 0.1969 0.089 0.0956 0.1258 0.1302 0.1313 0.1297 0.1236 0.1381 0.1704
0.1325 0.154 0.14 0.1613 0.1644 0.1695 0.1782 0.1699 0.1667 0.1659 0.1614 0.1617 0.1408 0.1418 0.1449 0.18 0.1485 0.171 0.1781 0.1397 0.1509 0.1477 0.1592 0.1768 0.214 0.1866 0.182 0.1786 0.1513 0.1653 0.1467 0.1134 0.1132 0.1184 0.1251 0.1212 0.1185 0.1254 0.133 0.1454 0.1336 0.1377 0.1439 0.1557 0.1444 0.1268 0.1583 0.1239 0.1135 0.1091 0.1032 0.0937 0.133 0.1452 0.1438 0.0937 0.098 0.1035 0.1064 0.0927 0.1018 0.1782 0.1468 0.0944 0.0799 0.0997 0.1385 0.137 0.1349 0.1213 0.1409 0.1885
0.1523 0.1553 0.1341 0.1364 0.1588 0.163 0.1377 0.1491 0.1537 0.1564 0.1513 0.147 0.1318 0.1236 0.1505 0.1972 0.1656 0.1591 0.1552 0.151 0.144 0.1511 0.1664 0.1942 0.2243 0.1879 0.1841 0.1552 0.1533 0.1524 0.1264 0.1197 0.1179 0.1138 0.1221 0.1193 0.1182 0.1285 0.1369 0.1364 0.1537 0.145 0.1478 0.1505 0.1598 0.128 0.1384 0.1755 0.1118 0.1387 0.1251 0.1054 0.1187 0.1064 0.119 0.1066 0.0986 0.113 0.1261 0.1035 0.1338 0.1908 0.1005 0.1078 0.0861 0.1051 0.1378 0.1409 0.1291 0.1339 0.1421 0.1616
0.1543 0.1525 0.1455 0.1424 0.1421 0.1298 0.1316 0.1555 0.1529 0.1474 0.1464 0.1346 0.1297 0.1357 0.1976 0.1563 0.167 0.1781 0.1954 0.1766 0.1708 0.1529 0.1617 0.1926 0.2068 0.1946 0.1977 0.1499 0.1422 0.1465 0.138 0.1245 0.1183 0.1127 0.1155 0.1198 0.1314 0.151 0.1421 0.1339 0.1445 0.1502 0.1471 0.153 0.1371 0.1314 0.1725 0.1745 0.1117 0.1461 0.1471 0.1257 0.0958 0.1148 0.0988 0.1053 0.0997 0.1037 0.1246 0.1444 0.1794 0.1454 0.0826 0.0933 0.1107 0.1096 0.1565 0.1747 0.1374 0.1313 0.1422 0.1631
0.159 0.1499 0.1445 0.1381 0.1303 0.1394 0.1516 0.1484 0.1561 0.1469 0.1464 0.1468 0.1246 0.1492 0.1581 0.1389 0.1916 0.1495 0.1704 0.1812 0.1516 0.1553 0.1503 0.2023 0.1928 0.1782 0.1772 0.1455 0.1802 0.1694 0.1573 0.126 0.1188 0.126 0.1144 0.1176 0.1199 0.1215 0.1185 0.1167 0.1316 0.1377 0.1387 0.1396 0.1198 0.1403 0.1936 0.1322 0.1046 0.1118 0.1176 0.1298 0.0968 0.1137 0.1133 0.1105 0.1114 0.1197 0.1461 0.1597 0.199 0.1176 0.0857 0.0949 0.1148 0.1137 0.1564 0.1536 0.1347 0.1174 0.1424 0.1676
0.1629 0.1469 0.1539 0.13 0.1335 0.1442 0.1416 0.1403 0.1459 0.1493 0.1515 0.1398 0.1347 0.1341 0.1189 0.1308 0.1552 0.1354 0.1131 0.1177 0.1363 0.1542 0.1547 0.1966 0.2199 0.1697 0.1421 0.1391 0.1725 0.1767 0.1642 0.1084 0.1034 0.1052 0.1078 0.1163 0.1209 0.1094 0.1052 0.1103 0.1262 0.1267 0.121 0.1348 0.1435 0.1799 0.1799 0.1477 0.1115 0.1166 0.1134 0.1198 0.1099 0.1213 0.1247 0.1111 0.1046 0.1377 0.2033 0.1909 0.1498 0.0791 0.1002 0.1193 0.1565 0.1229 0.1381 0.1411 0.1266 0.1486 0.1618 0.1725
0.1665 0.1479 0.163 0.1633 0.1622 0.1409 0.145 0.1473 0.1557 0.1587 0.1344 0.1465 0.1247 0.1207 0.1226 0.1364 0.1511 0.1221 0.106 0.119 0.1636 0.1583 0.1589 0.1605 0.1785 0.1456 0.1237 0.131 0.1482 0.1409 0.1306 0.1149 0.103 0.1035 0.1063 0.1299 0.1104 0.1069 0.1014 0.1164 0.1278 0.1281 0.1206 0.1206 0.1603 0.2046 0.1327 0.1248 0.1227 0.1234 0.1295 0.1168 0.1196 0.1236 0.1309 0.1476 0.116 0.1282 0.1886 0.2063 0.1319 0.0978 0.1343 0.1721 0.14 0.1389 0.1403 0.1325 0.1281 0.1789 0.1664 0.1635
0.1484 0.1478 0.1583 0.1489 0.1455 0.1448 0.1521 0.1515 0.1521 0.1515 0.1455 0.1326 0.1143 0.1025 0.1393 0.1471 0.1347 0.1407 0.123 0.1401 0.1237 0.14 0.1435 0.1519 0.1312 0.1555 0.1358 0.1221 0.1395 0.1169 0.104 0.1091 0.1006 0.1049 0.1056 0.1199 0.1085 0.0991 0.1 0.1098 0.1259 0.1316 0.1283 0.1464 0.2056 0.1594 0.1203 0.121 0.1222 0.1209 0.1205 0.1227 0.1115 0.1121 0.1302 0.1608 0.1189 0.1383 0.1314 0.1684 0.1153 0.1317 0.1435 0.1764 0.1505 0.1306 0.1371 0.1232 0.1268 0.1632 0.1736 0.1596
0.1757 0.1625 0.1634 0.1612 0.1663 0.1566 0.155 0.1467 0.1515 0.1606 0.1534 0.1345 0.1333 0.121 0.1423 0.1363 0.1339 0.126 0.1294 0.1543 0.1293 0.1117 0.1122 0.1072 0.1468 0.1395 0.1247 0.118 0.1367 0.1063 0.1031 0.1008 0.1031 0.1055 0.116 0.1183 0.1004 0.1006 0.113 0.1124 0.1176 0.1251 0.148 0.2121 0.1538 0.1354 0.1094 0.1195 0.1242 0.1028 0.1105 0.1087 0.1065 0.1323 0.1272 0.1482 0.1142 0.1336 0.1881 0.1583 0.1269 0.1448 0.1482 0.1672 0.1351 0.1401 0.1412 0.1489 0.1303 0.1594 0.2076 0.1978
0.1643 0.1765 0.1763 0.1621 0.148 0.1661 0.1633 0.1621 0.1589 0.1398 0.1294 0.1355 0.1363 0.1422 0.1476 0.1323 0.1321 0.1323 0.122 0.1675 0.163 0.1291 0.1351 0.1371 0.1065 0.1242 0.1117 0.1393 0.1195 0.1135 0.1039 0.1006 0.0979 0.1102 0.1171 0.1018 0.1042 0.1154 0.1165 0.1198 0.1357 0.1436 0.2031 0.1908 0.1352 0.1302 0.1 0.1145 0.1208 0.1081 0.1076 0.1035 0.1265 0.1349 0.1447 0.1378 0.106 0.1275 0.1771 0.1444 0.1324 0.1599 0.1545 0.1557 0.1332 0.1344 0.1288 0.1627 0.1438 0.1812 0.2357 0.2496
0.1816 0.1669 0.1729 0.1565 0.1493 0.156 0.1594 0.1592 0.1536 0.13 0.1428 0.1485 0.1337 0.1369 0.12 0.13 0.127 0.1418 0.1425 0.165 0.1761 0.1375 0.1589 0.1616 0.1192 0.1361 0.1454 0.1502 0.1272 0.1271 0.1131 0.11 0.101 0.113 0.1354 0.1169 0.1098 0.1214 0.1344 0.1285 0.1487 0.1631 0.1829 0.1371 0.1086 0.1304 0.1144 0.1194 0.1225 0.1089 0.1013 0.1074 0.1444 0.1558 0.1416 0.1399 0.1395 0.1242 0.2052 0.1285 0.1384 0.123 0.1651 0.1524 0.1577 0.1522 0.1312 0.1729 0.1652 0.1746 0.2272 0.2464
0.1622 0.1615 0.1675 0.1535 0.1505 0.1402 0.1429 0.1345 0.1511 0.158 0.1788 0.1801 0.1597 0.1637 0.1369 0.1194 0.1308 0.1408 0.1378 0.1581 0.1795 0.1237 0.1336 0.1408 0.155 0.1395 0.128 0.1324 0.159 0.1396 0.1461 0.1201 0.1044 0.1347 0.1132 0.1291 0.1194 0.1165 0.1343 0.1465 0.2079 0.2063 0.1544 0.1222 0.1162 0.1266 0.1287 0.1169 0.12 0.1365 0.1227 0.1216 0.1404 0.1552 0.1654 0.1344 0.1319 0.196 0.1413 0.1044 0.113 0.1339 0.1875 0.2024 0.1939 0.1479 0.175 0.1633 0.1965 0.2047 0.2216 0.2412
0.1583 0.1558 0.1544 0.1517 0.1351 0.1565 0.1384 0.144 0.1396 0.139 0.1855 0.1827 0.1953 0.1944 0.1389 0.138 0.1338 0.1353 0.1196 0.1637 0.1355 0.1204 0.1311 0.1354 0.1355 0.1328 0.1402 0.1283 0.1495 0.1913 0.2197 0.1583 0.1231 0.1492 0.138 0.1394 0.1416 0.1456 0.1679 0.2198 0.1599 0.1294 0.13 0.1304 0.1314 0.1306 0.1616 0.1371 0.1237 0.1201 0.1311 0.1551 0.1637 0.162 0.1614 0.1372 0.2165 0.1855 0.1313 0.124 0.1227 0.114 0.1883 0.1828 0.1426 0.1826 0.2317 0.2278 0.186 0.2081 0.2283 0.2166
0.1646 0.1729 0.1514 0.1453 0.151 0.1464 0.1659 0.1828 0.1563 0.1598 0.1918 0.1846 0.1928 0.204 0.1519 0.1582 0.1455 0.1585 0.1444 0.1389 0.152 0.1196 0.1283 0.1392 0.1356 0.1151 0.129 0.1485 0.2028 0.1924 0.1335 0.1243 0.195 0.1844 0.1716 0.1623 0.1943 0.193 0.185 0.1705 0.1181 0.126 0.1314 0.1198 0.1367 0.1441 0.1846 0.1793 0.1326 0.1307 0.1389 0.1619 0.1651 0.1646 0.1444 0.1539 0.178 0.152 0.1157 0.1399 0.1057 0.1079 0.1319 0.1849 0.1661 0.1553 0.1847 0.2378 0.1908 0.2135 0.2244 0.2413
0.1674 0.159 0.1579 0.1541 0.154 0.1722 0.165 0.1733 0.1759 0.1689 0.1996 0.2087 0.2098 0.2006 0.1838 0.1816 0.1705 0.1714 0.1523 0.1248 0.1545 0.117 0.1192 0.1134 0.1249 0.1413 0.2092 0.2193 0.1753 0.131 0.1054 0.1105 0.139 0.203 0.2574 0.2442 0.2176 0.1794 0.1529 0.1268 0.1009 0.102 0.1171 0.1373 0.1342 0.1419 0.1744 0.2146 0.1513 0.1408 0.1539 0.1522 0.1868 0.1741 0.1591 0.1514 0.1727 0.1244 0.146 0.1647 0.1284 0.1256 0.1528 0.1867 0.1438 0.1747 0.1646 0.1535 0.1794 0.2407 0.2137 0.2201
0.1683 0.1775 0.1648 0.1651 0.1595 0.1544 0.1626 0.1644 0.1798 0.187 0.1933 0.2005 0.2189 0.2063 0.1916 0.198 0.1884 0.1896 0.1425 0.1356 0.1661 0.1416 0.1538 0.146 0.1821 0.2085 0.1909 0.151 0.1176 0.1068 0.1151 0.1404 0.2004 0.1483 0.1416 0.1324 0.1967 0.1206 0.1255 0.1249 0.1217 0.0924 0.1183 0.1365 0.1359 0.1238 0.1703 0.1702 0.1586 0.1767 0.1588 0.1567 0.1835 0.1675 0.1965 0.1647 0.1877 0.1454 0.1833 0.2153 0.1558 0.1611 0.1304 0.1352 0.1473 0.1646 0.1729 0.1614 0.1616 0.1828 0.1928 0.2115
0.1708 0.1739 0.1664 0.1616 0.1565 0.1524 0.1537 0.1725 0.1827 0.1952 0.1959 0.2297 0.2075 0.1949 0.1934 0.2245 0.2309 0.2218 0.2165 0.1865 0.1813 0.1702 0.1685 0.1924 0.2155 0.1502 0.1158 0.1177 0.1201 0.1301 0.1251 0.1731 0.1593 0.1275 0.1313 0.124 0.1432 0.1057 0.1125 0.1258 0.1254 0.0953 0.1098 0.1162 0.1255 0.1175 0.1596 0.1774 0.1715 0.1582 0.1534 0.1495 0.1568 0.1723 0.1987 0.1762 0.2686 0.2374 0.2648 0.2824 0.2164 0.1734 0.1298 0.134 0.1514 0.1646 0.194 0.1866 0.1673 0.1899 0.2189 0.2503
0.1889 0.1853 0.1758 0.1687 0.1572 0.1543 0.1544 0.187 0.1945 0.1871 0.2154 0.1975 0.1984 0.1937 0.2173 0.2195 0.165 0.1962 0.2281 0.2311 0.2128 0.2028 0.1893 0.1762 0.1644 0.1133 0.1094 0.1218 0.1169 0.1272 0.1202 0.1288 0.15 0.1481 0.1357 0.1427 0.1203 0.1023 0.1054 0.1153 0.128 0.1029 0.109 0.1074 0.1031 0.1193 0.135 0.166 0.1772 0.1954 0.1523 0.1881 0.1613 0.2384 0.2102 0.1384 0.2605 0.2362 0.264 0.2306 0.1595 0.1641 0.1399 0.1304 0.1647 0.1738 0.188 0.2083 0.2691 0.2388 0.2665 0.3126
0.1713 0.1627 0.171 0.1461 0.1627 0.1612 0.1724 0.1734 0.1718 0.1804 0.1732 0.1808 0.1808 0.1976 0.2056 0.2119 0.1928 0.1593 0.1525 0.1701 0.161 0.131 0.1399 0.1509 0.136 0.1406 0.1296 0.1249 0.1296 0.1126 0.1127 0.1238 0.1089 0.1175 0.157 0.1859 0.1159 0.1075 0.1074 0.107 0.1193 0.0966 0.1032 0.1191 0.0973 0.1283 0.1312 0.1437 0.1676 0.156 0.1451 0.1582 0.1916 0.2555 0.2019 0.1337 0.2588 0.1723 0.1756 0.1527 0.1461 0.137 0.133 0.1501 0.1439 0.1776 0.2052 0.2146 0.2206 0.1972 0.2773 0.3324
0.1835 0.1754 0.185 0.1686 0.1459 0.1643 0.1865 0.1698 0.1611 0.1853 0.1791 0.2159 0.2187 0.196 0.2056 0.1826 0.2012 0.1695 0.1542 0.1503 0.1436 0.1501 0.1438 0.1423 0.1442 0.1361 0.135 0.1276 0.1105 0.1112 0.1321 0.1084 0.1328 0.1844 0.128 0.1301 0.1092 0.1106 0.1156 0.1226 0.1043 0.1045 0.1137 0.1214 0.1214 0.1281 0.1295 0.1371 0.1638 0.1613 0.1428 0.1438 0.1412 0.156 0.1755 0.166 0.2212 0.1505 0.1436 0.1366 0.1443 0.156 0.1473 0.1701 0.1554 0.1988 0.2095 0.2284 0.2279 0.287 0.3261 0.2898
0.1836 0.1859 0.1902 0.1803 0.1857 0.1941 0.1961 0.1683 0.1683 0.1707 0.1571 0.1904 0.2176 0.2419 0.2045 0.2119 0.2269 0.2261 0.2161 0.1693 0.1434 0.1588 0.1447 0.146 0.1523 0.1258 0.1248 0.1315 0.1283 0.1316 0.1152 0.1305 0.1529 0.1233 0.1055 0.1143 0.0992 0.1089 0.1228 0.1165 0.1041 0.1119 0.1178 0.1215 0.1344 0.1486 0.1376 0.1472 0.1637 0.1242 0.1227 0.1511 0.1569 0.1126 0.2707 0.2403 0.1429 0.1309 0.1208 0.1212 0.1314 0.1255 0.1524 0.1798 0.1838 0.2068 0.2422 0.2319 0.2698 0.2409 0.3362 0.3994
0.2034 0.198 0.1975 0.1959 0.2069 0.2075 0.2019 0.195 0.2046 0.2063 0.1832 0.2146 0.1932 0.2164 0.1977 0.2075 0.24 0.2494 0.265 0.1882 0.1556 0.1423 0.1359 0.1531 0.1573 0.1443 0.1447 0.1315 0.1441 0.1528 0.1505 0.1517 0.1134 0.122 0.0989 0.1059 0.1131 0.1321 0.1335 0.128 0.1759 0.1629 0.1578 0.1702 0.1638 0.1442 0.1265 0.1297 0.1463 0.1232 0.1285 0.1273 0.1357 0.1266 0.3082 0.2298 0.1194 0.1286 0.1307 0.134 0.1367 0.1476 0.1417 0.1555 0.1665 0.2387 0.2915 0.2726 0.2699 0.2443 0.2972 0.3623
0.2161 0.2039 0.2047 0.1952 0.2193 0.2177 0.2291 0.2364 0.2293 0.2244 0.2102 0.2206 0.2095 0.2224 0.2111 0.2046 0.2371 0.248 0.2284 0.1676 0.1517 0.1462 0.1333 0.1273 0.1222 0.1506 0.1504 0.1695 0.143 0.1313 0.1393 0.1323 0.1149 0.1104 0.1153 0.1459 0.1374 0.1411 0.1379 0.1516 0.1345 0.1316 0.1363 0.158 0.2157 0.2006 0.1586 0.1308 0.1169 0.1165 0.1146 0.1045 0.1043 0.1211 0.169 0.287 0.1319 0.1492 0.1143 0.1309 0.1366 0.1529 0.1642 0.1545 0.1558 0.1926 0.2749 0.2837 0.3076 0.3097 0.352 0.4107
0.2247 0.2159 0.215 0.2251 0.2289 0.2353 0.2369 0.2531 0.2369 0.2242 0.2111 0.2159 0.2152 0.2348 0.209 0.2337 0.2646 0.2613 0.227 0.1781 0.1922 0.2166 0.1495 0.1496 0.1483 0.1532 0.1612 0.1894 0.1748 0.1552 0.1326 0.1345 0.1276 0.1194 0.127 0.1395 0.1167 0.1156 0.1153 0.1372 0.1476 0.1512 0.149 0.1363 0.1449 0.1284 0.1495 0.1651 0.1243 0.1213 0.1131 0.1188 0.1243 0.1272 0.1985 0.3264 0.1302 0.132 0.1336 0.1338 0.1269 0.1324 0.135 0.1399 0.1421 0.1574 0.2327 0.2256 0.1921 0.2365 0.3311 0.3672
0.2366 0.2284 0.2113 0.2176 0.2215 0.2322 0.2573 0.2581 0.2526 0.2303 0.2334 0.2208 0.2242 0.2356 0.2378 0.2298 0.2715 0.2708 0.2912 0.2107 0.1834 0.1816 0.1556 0.1373 0.137 0.1435 0.1735 0.1842 0.1618 0.1316 0.1356 0.1282 0.1368 0.1317 0.1311 0.1315 0.1286 0.1213 0.121 0.1328 0.1367 0.1321 0.1428 0.1504 0.1342 0.1511 0.1543 0.1815 0.1772 0.1281 0.1171 0.1188 0.1128 0.1199 0.1969 0.3926 0.1373 0.1117 0.1318 0.1351 0.1305 0.1382 0.1315 0.1392 0.1697 0.1652 0.195 0.2082 0.1869 0.2629 0.3062 0.351
0.2552 0.2484 0.2394 0.2394 0.2362 0.2209 0.2412 0.2533 0.2468 0.2323 0.2059 0.2222 0.2547 0.2443 0.2106 0.22 0.2623 0.2871 0.3105 0.2952 0.2455 0.1948 0.1836 0.1454 0.1384 0.1481 0.1531 0.1398 0.1347 0.1349 0.1402 0.1344 0.1499 0.1466 0.1286 0.1307 0.1271 0.1124 0.1228 0.1364 0.142 0.1163 0.1351 0.1573 0.153 0.161 0.1492 0.1296 0.1794 0.1866 0.1687 0.1753 0.1587 0.1757 0.327 0.3597 0.1226 0.1215 0.1234 0.1103 0.1285 0.1415 0.1404 0.151 0.1643 0.1697 0.1762 0.1784 0.2061 0.293 0.3228 0.3459
0.2532 0.2528 0.291 0.2821 0.2489 0.2277 0.236 0.2351 0.2265 0.2424 0.2151 0.2122 0.2281 0.2184 0.238 0.2397 0.2627 0.3069 0.301 0.3077 0.281 0.283 0.2481 0.1848 0.1649 0.1387 0.1469 0.1419 0.1461 0.1335 0.1541 0.1485 0.1517 0.1794 0.1399 0.1277 0.1186 0.117 0.1331 0.1444 0.1224 0.1338 0.1607 0.1645 0.1597 0.1558 0.1518 0.1364 0.121 0.1083 0.1111 0.1239 0.1594 0.3718 0.5155 0.2597 0.1282 0.1438 0.1442 0.1402 0.1401 0.1556 0.1495 0.1434 0.182 0.2273 0.1891 0.2116 0.2739 0.2865 0.354 0.3824
0.255 0.288 0.2864 0.2692 0.2684 0.2768 0.2293 0.2318 0.2422 0.2504 0.2317 0.2225 0.2041 0.1907 0.2414 0.2198 0.2694 0.2993 0.319 0.2842 0.2601 0.2557 0.2695 0.192 0.1601 0.1383 0.1399 0.1433 0.1563 0.1553 0.1523 0.1573 0.1746 0.1492 0.1421 0.1269 0.122 0.1625 0.1437 0.1567 0.1751 0.1931 0.1784 0.1809 0.1674 0.1415 0.1445 0.1609 0.1385 0.1237 0.1174 0.1119 0.2219 0.3113 0.3012 0.1641 0.2021 0.1966 0.1684 0.1441 0.1491 0.1603 0.163 0.1884 0.2388 0.2197 0.2213 0.2784 0.3126 0.3207 0.4118 0.4393
0.2868 0.2892 0.2736 0.2758 0.3137 0.3421 0.2555 0.2523 0.2514 0.2431 0.2244 0.218 0.2056 0.2164 0.2631 0.2113 0.2673 0.3047 0.2884 0.2633 0.2379 0.2335 0.1979 0.1678 0.1528 0.1371 0.1531 0.1718 0.1334 0.1578 0.1342 0.1577 0.175 0.1386 0.1269 0.1293 0.13 0.158 0.155 0.1535 0.2272 0.201 0.184 0.2078 0.1798 0.1975 0.1624 0.1559 0.1462 0.1311 0.1336 0.1761 0.3195 0.3198 0.2007 0.1713 0.186 0.1709 0.1434 0.1513 0.1793 0.1684 0.1495 0.1646 0.1968 0.2507 0.2921 0.2855 0.31 0.3633 0.4564 0.4655
0.2896 0.2971 0.317 0.3199 0.2841 0.3061 0.2837 0.2608 0.2469 0.2402 0.2478 0.2284 0.2142 0.22 0.2886 0.2206 0.2349 0.2857 0.2933 0.2817 0.3023 0.2382 0.1858 0.1493 0.1489 0.1494 0.1848 0.1699 0.1406 0.1404 0.1577 0.1877 0.1425 0.1241 0.1348 0.1316 0.1378 0.1348 0.1407 0.1324 0.1844 0.2059 0.1948 0.1967 0.1916 0.1936 0.1653 0.1631 0.1489 0.1237 0.1479 0.1937 0.4041 0.3339 0.1864 0.1997 0.1558 0.1506 0.1407 0.1522 0.178 0.1854 0.1844 0.2019 0.2081 0.2118 0.2673 0.277 0.3428 0.4347 0.4577 0.4314
