contrib/geomason/src/main/resources/sim/app/geo/turkana/data/ts_ndvi.txt
ncols         108
nrows         114
xllcorner     35.7
yllcorner     1.8
cellsize      0.0083333333333333
NODATA_value  -9999
[rows 0 to 31 of 114, columns 0 to 71 of 108]
0.134 0.1331 0.132 0.1342 0.1372 0.1526 0.173 0.1908 0.2053 0.191 0.1873 0.1785 0.1866 0.1985 0.174 0.178 0.164 0.1519 0.1831 0.1711 0.157 0.157 0.1346 0.146 0.1307 0.1246 0.14 0.14 0.1244 0.1173 0.1083 0.1324 0.1006 0.1033 0.0896 0.1125 0.1159 0.1097 0.0939 0.0763 0.0752 0.0807 0.0798 0.0784 0.0984 0.0809 0.113 0.1168 0.127 0.102 0.098 0.1107 0.0914 0.1196 0.1194 0.1043 0.1128 0.1099 0.1108 0.1146 0.1077 0.131 0.1251 0.1134 0.1204 0.1611 0.2324 0.17 0.119 0.1034 0.1036 0.0993
0.1377 0.1329 0.1186 0.1344 0.1391 0.1501 0.1774 0.1871 0.1826 0.1767 0.1928 0.1837 0.1942 0.2115 0.1759 0.142 0.1566 0.173 0.1755 0.183 0.149 0.1487 0.1413 0.1428 0.1511 0.1561 0.1566 0.135 0.1405 0.1196 0.1459 0.1135 0.1046 0.0926 0.0985 0.1 0.0935 0.0933 0.0916 0.0868 0.0843 0.083 0.0815 0.0953 0.0986 0.0968 0.1017 0.1078 0.2022 0.2152 0.1111 0.1079 0.0959 0.1062 0.1122 0.1043 0.1091 0.1195 0.1293 0.1212 0.1065 0.1333 0.1344 0.1111 0.11 0.1193 0.2744 0.1881 0.1153 0.0944 0.103 0.0969
0.1398 0.1327 0.1358 0.1438 0.1485 0.1554 0.1586 0.1711 0.1718 0.1623 0.1779 0.1922 0.2072 0.1894 0.198 0.191 0.1827 0.1765 0.1542 0.1593 0.1336 0.1311 0.1397 0.135 0.1687 0.1755 0.1566 0.1277 0.1427 0.1104 0.1156 0.117 0.1229 0.1084 0.1032 0.0934 0.0938 0.0895 0.0959 0.0956 0.0933 0.0974 0.0914 0.096 0.1004 0.0955 0.0876 0.1281 0.1772 0.218 0.1331 0.0964 0.0809 0.0805 0.0857 0.0929 0.0859 0.0934 0.1164 0.132 0.1123 0.1144 0.1508 0.116 0.0897 0.103 0.2227 0.2308 0.1048 0.0853 0.0864 0.0915
0.1407 0.1433 0.1407 0.1412 0.1457 0.1467 0.1477 0.1588 0.1601 0.1683 0.1991 0.2 0.1675 0.1751 0.1687 0.1538 0.1857 0.1506 0.1191 0.1637 0.152 0.1511 0.1533 0.1284 0.1596 0.1475 0.1327 0.1184 0.1337 0.1231 0.1104 0.12 0.1231 0.1207 0.1085 0.102 0.1137 0.0988 0.1087 0.1045 0.103 0.0941 0.0953 0.0886 0.0913 0.0981 0.0953 0.1083 0.2229 0.3191 0.1366 0.0767 0.0726 0.072 0.0843 0.1047 0.0911 0.1249 0.1407 0.127 0.1014 0.1028 0.134 0.1191 0.0988 0.1024 0.1854 0.1964 0.1012 0.0813 0.084 0.0851
0.1658 0.1343 0.1443 0.1415 0.143 0.154 0.1567 0.1561 0.1601 0.1759 0.1784 0.1734 0.1684 0.1754 0.1611 0.1784 0.1602 0.1118 0.1155 0.1563 0.1372 0.1502 0.1742 0.1635 0.2039 0.1479 0.1298 0.1271 0.1278 0.1168 0.1237 0.1416 0.1336 0.1396 0.1276 0.1175 0.118 0.0984 0.1161 0.099 0.1002 0.0909 0.0911 0.09 0.0943 0.0954 0.0957 0.0989 0.1409 0.182 0.1951 0.0964 0.0783 0.0744 0.0795 0.1078 0.1033 0.1192 0.1393 0.1217 0.09 0.1083 0.1282 0.1119 0.0998 0.0999 0.167 0.2765 0.1077 0.0891 0.0808 0.0785
0.1435 0.1389 0.1421 0.1457 0.1552 0.1513 0.1652 0.1681 0.169 0.1664 0.1613 0.166 0.1706 0.1626 0.1684 0.1668 0.1178 0.1255 0.1349 0.197 0.1472 0.1795 0.1598 0.1646 0.187 0.1675 0.1437 0.1198 0.1103 0.1181 0.1281 0.1238 0.1348 0.1416 0.126 0.1199 0.1162 0.1137 0.1172 0.1185 0.1178 0.1197 0.1098 0.104 0.0861 0.0856 0.0837 0.0862 0.1392 0.1564 0.1227 0.1005 0.0896 0.0846 0.0798 0.0957 0.1104 0.0821 0.0927 0.094 0.1006 0.1232 0.1087 0.0961 0.0996 0.1036 0.1826 0.2955 0.1996 0.101 0.0859 0.0772
0.1539 0.1537 0.1384 0.1495 0.151 0.1576 0.167 0.1644 0.1633 0.1534 0.1566 0.2024 0.2077 0.1885 0.1725 0.1352 0.1099 0.1221 0.1259 0.1727 0.1191 0.1589 0.1536 0.1401 0.1442 0.1291 0.1347 0.1184 0.1174 0.1258 0.1458 0.1351 0.1479 0.1429 0.137 0.1175 0.1069 0.1048 0.1547 0.1395 0.1334 0.1221 0.1251 0.1252 0.1067 0.1026 0.1 0.0968 0.0985 0.1401 0.1503 0.1478 0.135 0.0888 0.082 0.0861 0.1156 0.1053 0.0905 0.0918 0.1061 0.1197 0.0909 0.1019 0.1023 0.1016 0.173 0.277 0.2201 0.1152 0.0881 0.0788
0.125 0.1533 0.1486 0.1411 0.1844 0.1842 0.1501 0.155 0.1552 0.1588 0.1699 0.1778 0.1837 0.1739 0.1413 0.1251 0.098 0.1129 0.1284 0.1681 0.1145 0.1228 0.152 0.1505 0.1477 0.1279 0.1609 0.1401 0.1258 0.147 0.1423 0.2062 0.1841 0.1458 0.1334 0.1169 0.1051 0.1181 0.1607 0.1407 0.1218 0.1219 0.1292 0.1369 0.1274 0.1232 0.1182 0.1015 0.093 0.1123 0.1317 0.1665 0.1452 0.1118 0.1147 0.1383 0.1168 0.1294 0.1125 0.102 0.1305 0.1117 0.0998 0.0924 0.1014 0.1202 0.1779 0.321 0.1718 0.1187 0.1224 0.0994
0.134 0.1483 0.1299 0.133 0.1749 0.1759 0.1427 0.1573 0.1588 0.168 0.1653 0.1593 0.1633 0.175 0.1403 0.1197 0.1145 0.1212 0.1463 0.1819 0.125 0.1581 0.1809 0.1693 0.1467 0.1592 0.1867 0.2456 0.1997 0.1823 0.1554 0.1648 0.1797 0.1768 0.1176 0.1109 0.0982 0.1104 0.1005 0.1121 0.1057 0.1224 0.1194 0.1269 0.1238 0.1193 0.117 0.1165 0.0949 0.1062 0.1142 0.1268 0.1725 0.1089 0.1052 0.1388 0.1285 0.1145 0.1153 0.1314 0.1288 0.1167 0.1003 0.1009 0.1058 0.1273 0.1504 0.2697 0.2234 0.1421 0.142 0.1192
0.1319 0.1424 0.1548 0.1446 0.1473 0.1537 0.1629 0.1572 0.1305 0.1352 0.1641 0.1669 0.16 0.1352 0.139 0.1327 0.1319 0.1451 0.1581 0.1765 0.115 0.165 0.1889 0.1804 0.1421 0.1455 0.2058 0.2839 0.2106 0.1861 0.1761 0.1897 0.1986 0.2437 0.1494 0.1181 0.1051 0.1092 0.1226 0.1185 0.1118 0.1164 0.125 0.1262 0.126 0.1246 0.1157 0.1185 0.1098 0.1057 0.1111 0.1341 0.1819 0.1097 0.1012 0.117 0.142 0.0968 0.1003 0.1213 0.1269 0.1217 0.1016 0.1034 0.1264 0.1149 0.1325 0.2069 0.2547 0.1527 0.1458 0.101
0.1292 0.1213 0.1306 0.1333 0.1632 0.1754 0.1742 0.1496 0.1354 0.1412 0.1512 0.1485 0.1352 0.146 0.1513 0.1674 0.1596 0.1582 0.1694 0.1539 0.1657 0.1715 0.1918 0.1914 0.1841 0.1653 0.1655 0.2231 0.2303 0.2142 0.1691 0.1723 0.1992 0.192 0.1544 0.1238 0.1412 0.1183 0.1176 0.1241 0.1196 0.1168 0.1243 0.1133 0.1153 0.117 0.1083 0.1122 0.109 0.1015 0.1264 0.1157 0.1321 0.123 0.1061 0.1135 0.1154 0.1006 0.1106 0.1251 0.1282 0.1139 0.1092 0.1008 0.1032 0.115 0.1426 0.261 0.2774 0.1874 0.1707 0.1077
0.1437 0.1446 0.1733 0.1545 0.1635 0.1627 0.1573 0.1503 0.1414 0.1399 0.1312 0.1394 0.1462 0.145 0.1586 0.1643 0.1535 0.1567 0.1813 0.1638 0.184 0.1832 0.2217 0.1969 0.2751 0.248 0.2268 0.2374 0.2695 0.2361 0.1799 0.1797 0.21 0.1846 0.1499 0.1615 0.1618 0.124 0.134 0.1464 0.12 0.1213 0.1245 0.1081 0.0941 0.1001 0.1032 0.1133 0.1141 0.1187 0.1484 0.1288 0.1297 0.1351 0.1127 0.107 0.127 0.1167 0.1008 0.1256 0.1401 0.108 0.1425 0.1009 0.1276 0.1122 0.1334 0.1825 0.2486 0.2059 0.2082 0.1635
0.1343 0.1338 0.1364 0.1472 0.1507 0.152 0.1494 0.1605 0.1812 0.17 0.1731 0.175 0.1814 0.178 0.1799 0.1897 0.1991 0.1773 0.1952 0.16 0.1781 0.1762 0.2329 0.2432 0.2531 0.2627 0.2816 0.2829 0.3245 0.2501 0.2112 0.1916 0.2625 0.2065 0.1498 0.1381 0.1431 0.1388 0.1747 0.1365 0.1371 0.1187 0.1278 0.1162 0.1086 0.1052 0.0998 0.1112 0.1105 0.1264 0.1456 0.1296 0.1153 0.1356 0.1099 0.1048 0.1267 0.1159 0.0942 0.1228 0.171 0.1212 0.1703 0.1258 0.118 0.1251 0.1239 0.2073 0.292 0.175 0.2701 0.1944
0.1379 0.1311 0.1109 0.1271 0.1348 0.1275 0.1352 0.1576 0.1595 0.1556 0.1548 0.1529 0.1373 0.1342 0.1788 0.1675 0.1735 0.1783 0.1636 0.1681 0.1857 0.1909 0.237 0.2155 0.1998 0.2572 0.3152 0.2962 0.2944 0.2568 0.2454 0.2158 0.231 0.2296 0.182 0.1961 0.1593 0.1381 0.1391 0.1427 0.1469 0.1136 0.1193 0.1256 0.1358 0.1301 0.1228 0.1184 0.107 0.1213 0.1486 0.1203 0.1311 0.1243 0.108 0.1043 0.113 0.1068 0.094 0.1017 0.1378 0.1394 0.1544 0.1223 0.1391 0.1427 0.1087 0.1698 0.2663 0.2541 0.3074 0.189
0.1476 0.1472 0.1334 0.1394 0.1455 0.1387 0.1452 0.1382 0.1405 0.1329 0.1266 0.1492 0.1501 0.1602 0.1755 0.174 0.1969 0.1757 0.1303 0.1502 0.1655 0.1955 0.2181 0.1925 0.2162 0.2516 0.2785 0.2534 0.25 0.2512 0.2486 0.2603 0.2414 0.2481 0.2215 0.2174 0.1826 0.1524 0.1596 0.1454 0.145 0.1392 0.1335 0.1112 0.1214 0.1293 0.1093 0.112 0.1275 0.1182 0.1316 0.107 0.122 0.1163 0.1173 0.0978 0.1001 0.0971 0.0955 0.0986 0.11 0.1523 0.1743 0.1835 0.1305 0.1276 0.1146 0.1379 0.2332 0.2357 0.2817 0.1714
0.1517 0.141 0.1514 0.1494 0.1473 0.1362 0.1323 0.1344 0.1468 0.1706 0.1774 0.1721 0.186 0.1865 0.1894 0.1929 0.1519 0.1519 0.1318 0.141 0.1572 0.2123 0.1839 0.2161 0.2492 0.2599 0.2289 0.2148 0.2077 0.2508 0.2964 0.2883 0.2462 0.2568 0.2327 0.2076 0.1928 0.1677 0.1663 0.1501 0.174 0.1305 0.1527 0.1207 0.1217 0.1071 0.1117 0.1327 0.1162 0.1368 0.1131 0.1078 0.1219 0.122 0.1201 0.1052 0.1065 0.0998 0.0962 0.0918 0.0951 0.135 0.1844 0.191 0.1712 0.1321 0.1254 0.1569 0.2793 0.3067 0.2731 0.2128
0.1401 0.1424 0.1383 0.1527 0.1622 0.1666 0.1589 0.1626 0.1771 0.1653 0.1382 0.1388 0.1567 0.167 0.1616 0.1846 0.1405 0.1378 0.1423 0.1397 0.1871 0.1708 0.1775 0.2379 0.247 0.2297 0.1917 0.2073 0.2437 0.2728 0.3234 0.263 0.2021 0.2066 0.193 0.1739 0.1665 0.1676 0.1118 0.1543 0.1218 0.1343 0.1412 0.1182 0.1114 0.1114 0.1326 0.1218 0.1224 0.1289 0.1294 0.1207 0.1222 0.1284 0.1177 0.1063 0.1157 0.108 0.0925 0.091 0.094 0.1321 0.1436 0.1948 0.1762 0.1601 0.1504 0.1891 0.2381 0.2674 0.2129 0.2166
0.1417 0.1475 0.1534 0.1677 0.1829 0.1918 0.1774 0.1773 0.1402 0.1286 0.127 0.1264 0.1487 0.1686 0.1743 0.1953 0.1501 0.1265 0.134 0.1457 0.1912 0.1735 0.1972 0.1972 0.2152 0.2128 0.1775 0.1708 0.2352 0.2239 0.2716 0.2319 0.1884 0.2089 0.23 0.1818 0.1993 0.1682 0.1184 0.1321 0.1145 0.1362 0.1362 0.117 0.1509 0.1386 0.1352 0.1481 0.1386 0.1473 0.1275 0.1176 0.1196 0.1 0.0976 0.1073 0.0977 0.0912 0.0954 0.0983 0.1178 0.1217 0.1722 0.1941 0.1782 0.1719 0.206 0.2599 0.237 0.2098 0.2159 0.1573
0.1409 0.1489 0.1556 0.1663 0.175 0.1678 0.1663 0.1438 0.1278 0.1561 0.1701 0.1508 0.177 0.1683 0.1634 0.2016 0.1556 0.163 0.1357 0.139 0.1627 0.1798 0.1775 0.2155 0.2212 0.2435 0.1407 0.1573 0.1605 0.1935 0.2529 0.2259 0.201 0.2081 0.216 0.179 0.1836 0.158 0.1334 0.1383 0.1024 0.1325 0.102 0.1051 0.1397 0.1379 0.1263 0.1465 0.1541 0.1513 0.1284 0.1151 0.1133 0.1109 0.1112 0.1169 0.1057 0.1048 0.0996 0.1183 0.117 0.1408 0.1573 0.1747 0.2132 0.1698 0.2263 0.269 0.2154 0.1621 0.1967 0.1588
0.1552 0.1651 0.1697 0.1716 0.1687 0.175 0.1497 0.1226 0.146 0.1618 0.137 0.1326 0.136 0.1601 0.1516 0.2145 0.1309 0.1355 0.1454 0.1446 0.175 0.1629 0.1977 0.2117 0.165 0.1963 0.1566 0.1759 0.131 0.152 0.1759 0.2208 0.195 0.1924 0.1914 0.1775 0.1625 0.1485 0.1269 0.14 0.1199 0.1085 0.1003 0.1036 0.1024 0.1294 0.1315 0.1388 0.1424 0.1367 0.1178 0.1006 0.105 0.1128 0.0992 0.0994 0.0966 0.1005 0.1018 0.1266 0.1142 0.1077 0.1517 0.1642 0.2082 0.229 0.2584 0.2347 0.2273 0.1885 0.1554 0.1296
0.1506 0.1697 0.1843 0.1845 0.1787 0.1687 0.1779 0.1815 0.1651 0.1606 0.1405 0.1446 0.1594 0.1632 0.1526 0.2128 0.1671 0.1506 0.1515 0.1681 0.1514 0.1697 0.1872 0.2258 0.1796 0.1783 0.177 0.1524 0.1501 0.1707 0.1923 0.1481 0.1506 0.1579 0.1951 0.2059 0.1813 0.1591 0.1726 0.1636 0.1342 0.1155 0.1219 0.1373 0.1245 0.1248 0.129 0.1331 0.1317 0.1285 0.1248 0.1061 0.1061 0.0888 0.0903 0.0975 0.0957 0.0917 0.0905 0.1096 0.1191 0.1134 0.1364 0.1862 0.1893 0.227 0.2666 0.2561 0.2716 0.1933 0.1534 0.1089
0.1543 0.1728 0.1562 0.1632 0.1671 0.1775 0.1819 0.1515 0.1688 0.1741 0.1682 0.1425 0.1323 0.1439 0.1419 0.1879 0.1992 0.1581 0.1812 0.1899 0.2034 0.1393 0.1806 0.2877 0.1646 0.1588 0.187 0.1689 0.1621 0.1515 0.176 0.1568 0.1476 0.1839 0.2019 0.2081 0.1663 0.1709 0.1407 0.1481 0.1256 0.1079 0.1331 0.1443 0.1066 0.1094 0.133 0.1186 0.1186 0.1233 0.1215 0.1066 0.1104 0.0897 0.0974 0.0872 0.0866 0.0765 0.0917 0.1047 0.1138 0.1063 0.1186 0.1714 0.2023 0.2509 0.2465 0.1994 0.1747 0.1525 0.1268 0.1083
0.1707 0.179 0.1825 0.1825 0.1736 0.1755 0.1743 0.1912 0.1728 0.1807 0.1513 0.1268 0.1212 0.1539 0.1124 0.139 0.2005 0.1907 0.1997 0.2313 0.1676 0.1405 0.1637 0.2259 0.1846 0.1721 0.1826 0.1828 0.1449 0.1391 0.1853 0.1709 0.1781 0.1924 0.1752 0.146 0.1652 0.1789 0.1251 0.1118 0.1081 0.1126 0.1142 0.1151 0.1165 0.1214 0.1257 0.1255 0.1229 0.1283 0.1357 0.1188 0.1222 0.0961 0.089 0.0955 0.0826 0.0976 0.1009 0.1127 0.1159 0.1105 0.1047 0.1453 0.2234 0.1951 0.2322 0.2139 0.2251 0.2071 0.1385 0.1228
0.1787 0.1941 0.2078 0.2002 0.1981 0.181 0.1886 0.1923 0.1579 0.1499 0.1495 0.1281 0.1218 0.1311 0.1122 0.1125 0.1627 0.1536 0.1892 0.1877 0.1482 0.1438 0.1682 0.1919 0.2448 0.1964 0.2229 0.221 0.1789 0.1589 0.1732 0.1567 0.1638 0.1701 0.1737 0.2479 0.149 0.1499 0.1217 0.1041 0.1031 0.1131 0.1015 0.0991 0.1035 0.1159 0.1186 0.1207 0.1313 0.1334 0.1313 0.1204 0.1077 0.0897 0.0879 0.0949 0.0928 0.0965 0.0922 0.1096 0.1185 0.1207 0.1293 0.1608 0.2159 0.2661 0.1984 0.2039 0.2053 0.1819 0.1655 0.1129
0.1723 0.1914 0.1912 0.1865 0.1848 0.158 0.1415 0.1437 0.1302 0.1253 0.1276 0.1287 0.1446 0.1454 0.1487 0.1448 0.1744 0.1582 0.2002 0.1907 0.1655 0.1763 0.1777 0.1868 0.1985 0.2327 0.2557 0.2507 0.2607 0.2283 0.1949 0.1555 0.1614 0.1628 0.2113 0.2445 0.1574 0.1301 0.1047 0.0789 0.0789 0.0961 0.1186 0.1099 0.1086 0.1293 0.1155 0.1113 0.1259 0.1235 0.1082 0.1091 0.1174 0.0935 0.0935 0.0872 0.0934 0.093 0.0933 0.1029 0.1175 0.126 0.1388 0.1559 0.1994 0.2309 0.2116 0.1871 0.2258 0.1707 0.1498 0.1103
0.182 0.1922 0.1836 0.1635 0.1648 0.1298 0.1352 0.1375 0.1406 0.1382 0.1366 0.1492 0.1568 0.1664 0.1371 0.1416 0.1711 0.146 0.1719 0.1648 0.1883 0.2048 0.1757 0.1806 0.1707 0.2068 0.2645 0.2521 0.2761 0.2837 0.1969 0.141 0.1267 0.1204 0.1423 0.1634 0.1249 0.1084 0.1052 0.0867 0.0956 0.1099 0.135 0.1292 0.1162 0.1182 0.1248 0.1072 0.112 0.1136 0.1107 0.1114 0.1008 0.0889 0.0852 0.0801 0.0979 0.0963 0.0905 0.1101 0.1138 0.1193 0.1367 0.148 0.2029 0.2043 0.1706 0.1771 0.1812 0.1624 0.1486 0.1256
0.1956 0.1905 0.1778 0.1728 0.1464 0.1395 0.1444 0.1215 0.1231 0.1364 0.1457 0.1526 0.1608 0.1447 0.1159 0.1302 0.1727 0.1675 0.1584 0.1552 0.1737 0.19 0.1835 0.1731 0.1919 0.1916 0.2067 0.1884 0.2149 0.216 0.1527 0.136 0.1263 0.1187 0.1279 0.1251 0.1225 0.1108 0.1126 0.1089 0.1144 0.1088 0.1199 0.1264 0.1312 0.1328 0.1336 0.1182 0.1124 0.1103 0.115 0.1194 0.1087 0.1036 0.1064 0.109 0.1114 0.1058 0.0916 0.1054 0.1228 0.1355 0.1348 0.139 0.1482 0.1963 0.1828 0.2234 0.1597 0.1631 0.1775 0.1049
0.1906 0.1659 0.162 0.1382 0.1333 0.1189 0.1311 0.136 0.1563 0.1561 0.1426 0.1413 0.1561 0.1532 0.1791 0.1625 0.179 0.1695 0.1639 0.1419 0.1955 0.1844 0.1831 0.2024 0.2045 0.1723 0.16 0.1788 0.1666 0.1459 0.1321 0.1258 0.1156 0.1092 0.127 0.1215 0.1171 0.1097 0.1011 0.1274 0.1177 0.1041 0.1119 0.1209 0.137 0.1411 0.1324 0.1186 0.1115 0.122 0.1188 0.1296 0.1291 0.1259 0.113 0.1243 0.1156 0.1012 0.1021 0.1217 0.1335 0.1129 0.1048 0.1073 0.1563 0.2054 0.1618 0.2244 0.198 0.1978 0.1648 0.1373
0.176 0.1807 0.1669 0.1639 0.1454 0.1325 0.145 0.1525 0.148 0.132 0.1311 0.1503 0.1443 0.1542 0.1573 0.1662 0.1854 0.1587 0.1978 0.1745 0.1908 0.2426 0.1682 0.1517 0.1602 0.1592 0.1632 0.1716 0.1715 0.139 0.1191 0.1122 0.1217 0.1225 0.1233 0.118 0.1142 0.1119 0.1183 0.1371 0.1408 0.1349 0.1128 0.1135 0.1351 0.1146 0.1345 0.127 0.1309 0.1283 0.1131 0.1069 0.1322 0.1204 0.1223 0.1131 0.1005 0.1124 0.1299 0.135 0.1019 0.0927 0.0975 0.0939 0.1656 0.2232 0.198 0.1817 0.209 0.1851 0.1706 0.1477
0.1665 0.1844 0.1734 0.1541 0.1294 0.1319 0.1209 0.1338 0.1305 0.1346 0.1495 0.1659 0.1724 0.171 0.1754 0.1774 0.1852 0.1807 0.266 0.1866 0.201 0.2369 0.188 0.1496 0.1668 0.1837 0.1688 0.1591 0.1582 0.1379 0.1153 0.1134 0.1215 0.1352 0.1244 0.1225 0.111 0.0953 0.1096 0.125 0.1592 0.159 0.1433 0.1318 0.1206 0.126 0.1227 0.1226 0.1226 0.1174 0.1009 0.0968 0.1285 0.1205 0.1211 0.1343 0.151 0.1334 0.1181 0.1018 0.1001 0.1015 0.0924 0.1019 0.2215 0.215 0.2728 0.2359 0.183 0.1626 0.1556 0.1403
0.2059 0.2031 0.1916 0.162 0.1571 0.1509 0.1354 0.1658 0.1664 0.1518 0.1422 0.167 0.1476 0.1289 0.1325 0.1798 0.1821 0.1563 0.1748 0.1827 0.1855 0.1785 0.1823 0.1395 0.1961 0.2181 0.1844 0.1461 0.1361 0.1281 0.1123 0.1205 0.1191 0.1281 0.1227 0.1221 0.1133 0.1149 0.0997 0.1224 0.1572 0.1625 0.1652 0.1489 0.1359 0.1412 0.1241 0.1107 0.1144 0.0917 0.1048 0.1044 0.1086 0.1504 0.1796 0.1461 0.1089 0.0971 0.1016 0.1008 0.1147 0.115 0.12 0.1334 0.2057 0.1536 0.2413 0.23 0.1672 0.1739 0.1286 0.118
0.1859 0.1603 0.1698 0.1902 0.1672 0.1592 0.1568 0.1529 0.162 0.1726 0.1609 0.1335 0.1258 0.1563 0.1564 0.1826 0.1472 0.1519 0.1727 0.1509 0.142 0.1684 0.1571 0.125 0.2059 0.2306 0.1965 0.1626 0.1422 0.1274 0.1222 0.1305 0.129 0.1178 0.1203 0.1181 0.1167 0.1345 0.1215 0.1193 0.1456 0.1633 0.1434 0.1195 0.1216 0.1444 0.1221 0.1096 0.1006 0.0936 0.1035 0.1178 0.1713 0.1668 0.11 0.1023 0.0956 0.0986 0.0982 0.118 0.1219 0.1102 0.0999 0.1626 0.1417 0.1208 0.1383 0.1364 0.1431 0.1608 0.1646 0.1402
