contrib/geomason/src/main/resources/sim/app/geo/turkana/data/ts_ndvi.txt
ncols         108
nrows         114
xllcorner     35.7
yllcorner     1.8
cellsize      0.0083333333333333
NODATA_value  -9999
[rows 64 to 95 of 114, columns 0 to 71 of 108]
0.2901 0.3399 0.3404 0.3227 0.3197 0.2956 0.2845 0.2687 0.2614 0.255 0.2655 0.2152 0.2278 0.234 0.2538 0.2134 0.2174 0.2703 0.2689 0.24 0.2284 0.1935 0.1568 0.1607 0.1558 0.1872 0.1921 0.134 0.1396 0.1535 0.1846 0.1612 0.1338 0.1421 0.1538 0.1242 0.1798 0.155 0.1302 0.1294 0.1823 0.1956 0.1986 0.2227 0.2224 0.1532 0.1432 0.1378 0.1248 0.1141 0.135 0.1641 0.3509 0.3359 0.1633 0.1736 0.2088 0.1655 0.1626 0.139 0.1898 0.1749 0.1865 0.2276 0.2057 0.2388 0.2885 0.3219 0.381 0.389 0.4192 0.4117
0.345 0.3187 0.3154 0.3035 0.3112 0.3201 0.3151 0.2653 0.2738 0.2905 0.2697 0.2302 0.2365 0.2117 0.2397 0.219 0.1789 0.236 0.2741 0.229 0.1808 0.1499 0.1384 0.1399 0.1882 0.2222 0.1336 0.1303 0.1567 0.1514 0.1612 0.1479 0.1607 0.1598 0.1475 0.1318 0.1472 0.1461 0.1325 0.1334 0.1829 0.198 0.232 0.2654 0.2054 0.1785 0.1532 0.1423 0.1396 0.1549 0.1869 0.1622 0.4071 0.3745 0.1671 0.1935 0.2332 0.1686 0.2093 0.1889 0.2747 0.2575 0.2081 0.2131 0.2429 0.2894 0.2873 0.3428 0.3712 0.3638 0.372 0.4149
0.327 0.3064 0.2888 0.3134 0.2886 0.3385 0.3141 0.3056 0.2989 0.2752 0.2586 0.2405 0.2472 0.2323 0.2112 0.269 0.2144 0.2358 0.2727 0.3149 0.2197 0.1449 0.1463 0.1654 0.1877 0.1859 0.1557 0.1539 0.1476 0.1566 0.215 0.1534 0.1503 0.2081 0.139 0.1291 0.1289 0.1469 0.1525 0.1528 0.1866 0.21 0.253 0.2804 0.1971 0.164 0.1544 0.1452 0.1416 0.1746 0.1484 0.2278 0.4364 0.3343 0.2003 0.1865 0.2284 0.2333 0.2223 0.1735 0.1894 0.3076 0.3286 0.2888 0.2363 0.2799 0.2982 0.3718 0.3851 0.3715 0.3875 0.4138
0.3449 0.3076 0.3142 0.2847 0.3191 0.3558 0.3301 0.3306 0.3193 0.2913 0.2779 0.2628 0.2698 0.3032 0.2518 0.2581 0.2466 0.2099 0.2772 0.3675 0.2764 0.1639 0.1557 0.159 0.1804 0.1779 0.1786 0.1754 0.1496 0.1786 0.1768 0.1541 0.1564 0.1882 0.1347 0.1187 0.1535 0.1608 0.1517 0.1636 0.2033 0.2617 0.2865 0.274 0.1864 0.1726 0.148 0.1513 0.1504 0.1347 0.1512 0.3953 0.3976 0.2421 0.1685 0.1738 0.1823 0.19 0.2086 0.2087 0.2541 0.3383 0.3538 0.3466 0.3264 0.3444 0.3844 0.3768 0.3759 0.3696 0.3579 0.3935
0.3431 0.3404 0.3405 0.3336 0.3421 0.3309 0.3199 0.3928 0.319 0.2852 0.2628 0.257 0.2716 0.2974 0.3057 0.2795 0.2528 0.2266 0.2897 0.3813 0.3348 0.2242 0.1557 0.1643 0.1816 0.2141 0.1914 0.2041 0.1704 0.1729 0.1603 0.1606 0.1863 0.2159 0.1413 0.1296 0.1622 0.1816 0.2528 0.2794 0.2985 0.2565 0.2753 0.2396 0.1738 0.1749 0.1514 0.1547 0.1363 0.1202 0.1656 0.3489 0.3843 0.2654 0.215 0.1453 0.1515 0.1514 0.1974 0.1721 0.2008 0.2217 0.2386 0.2969 0.3287 0.345 0.3536 0.3265 0.3281 0.3368 0.375 0.3658
0.393 0.4097 0.357 0.3406 0.3376 0.3346 0.3286 0.3209 0.305 0.2764 0.274 0.2647 0.266 0.3038 0.313 0.297 0.2481 0.2436 0.3385 0.3788 0.3841 0.2228 0.1901 0.2592 0.2352 0.2409 0.2276 0.2238 0.179 0.1598 0.1953 0.1648 0.1672 0.1821 0.1587 0.1298 0.1695 0.2565 0.3408 0.2939 0.2992 0.2812 0.2364 0.2204 0.1876 0.163 0.1774 0.1768 0.1512 0.1554 0.1542 0.3546 0.3244 0.2351 0.1604 0.1669 0.1531 0.1495 0.1949 0.1796 0.1765 0.205 0.19 0.2014 0.2519 0.2624 0.2614 0.3205 0.3497 0.3435 0.3726 0.382
0.49 0.4944 0.4383 0.3201 0.3292 0.3218 0.2894 0.3221 0.287 0.2906 0.2818 0.2813 0.2836 0.3006 0.337 0.3394 0.3125 0.2747 0.3196 0.3846 0.3994 0.3452 0.2764 0.2756 0.2395 0.242 0.2724 0.2636 0.2712 0.2063 0.2159 0.2133 0.2051 0.1688 0.1593 0.1588 0.1653 0.2815 0.3018 0.3341 0.2931 0.2407 0.2115 0.1916 0.1736 0.1658 0.19 0.1606 0.1651 0.158 0.1743 0.3251 0.3646 0.2756 0.2033 0.2 0.168 0.1991 0.1995 0.2 0.191 0.1674 0.1632 0.1978 0.2236 0.2565 0.2458 0.2877 0.2882 0.2963 0.3414 0.3258
0.4851 0.5168 0.4844 0.3985 0.3475 0.2678 0.2776 0.2692 0.2579 0.2462 0.2533 0.2704 0.2725 0.2754 0.2993 0.3558 0.312 0.306 0.3268 0.3552 0.3991 0.3198 0.2672 0.2593 0.3031 0.2287 0.2545 0.2968 0.346 0.3465 0.3557 0.2937 0.2182 0.1706 0.178 0.2046 0.2188 0.2419 0.2809 0.309 0.275 0.1971 0.1752 0.1764 0.1569 0.1635 0.177 0.1542 0.1369 0.1235 0.1294 0.2284 0.3873 0.3038 0.2429 0.2138 0.1504 0.1864 0.2016 0.1749 0.2052 0.2042 0.2251 0.2119 0.218 0.2327 0.2509 0.2416 0.2847 0.2996 0.2896 0.2837
0.5021 0.5416 0.5581 0.5011 0.4117 0.2974 0.2684 0.2587 0.2377 0.2283 0.2657 0.2802 0.2786 0.2682 0.2943 0.3039 0.2997 0.3518 0.3866 0.4125 0.4571 0.4602 0.3038 0.3003 0.286 0.2186 0.2564 0.2835 0.3556 0.3926 0.4139 0.3569 0.2539 0.1706 0.2199 0.3138 0.3165 0.3195 0.2639 0.3241 0.2743 0.1992 0.1862 0.1672 0.1517 0.1681 0.1724 0.1585 0.1525 0.1344 0.1182 0.1341 0.2692 0.3979 0.3735 0.2441 0.1862 0.2297 0.2352 0.1979 0.1657 0.1525 0.1747 0.1991 0.216 0.2121 0.2593 0.2188 0.2585 0.2606 0.2827 0.2706
0.5579 0.5272 0.5641 0.5011 0.4838 0.3907 0.349 0.2696 0.2298 0.243 0.2615 0.2619 0.2719 0.2781 0.3001 0.3135 0.2821 0.2659 0.3122 0.403 0.4074 0.2875 0.3162 0.3367 0.2977 0.2908 0.2607 0.3844 0.3669 0.3811 0.3741 0.3778 0.3511 0.1728 0.206 0.2618 0.2956 0.2703 0.2756 0.3457 0.2617 0.1749 0.1532 0.15 0.1697 0.1471 0.1533 0.1594 0.1302 0.1348 0.1486 0.1539 0.2838 0.4316 0.3285 0.1916 0.2287 0.2794 0.2306 0.1779 0.1919 0.159 0.1784 0.1747 0.1661 0.1703 0.1838 0.2461 0.2543 0.2581 0.2919 0.28
0.536 0.522 0.51 0.5345 0.5283 0.5349 0.4592 0.2703 0.265 0.2763 0.2504 0.265 0.275 0.287 0.2937 0.3158 0.3325 0.3595 0.3082 0.3477 0.3015 0.2481 0.3416 0.3293 0.2872 0.2846 0.2504 0.3451 0.3663 0.3562 0.3683 0.3725 0.2899 0.216 0.2102 0.1854 0.2171 0.2392 0.2492 0.2782 0.2225 0.1479 0.1486 0.1572 0.1502 0.1609 0.1275 0.1456 0.1199 0.1106 0.1161 0.1142 0.1878 0.4055 0.4385 0.2024 0.2147 0.2142 0.2224 0.2355 0.1996 0.1951 0.2093 0.1902 0.1778 0.1848 0.15 0.2125 0.2385 0.239 0.2766 0.2942
0.533 0.5313 0.5195 0.5389 0.5391 0.5896 0.4804 0.272 0.2674 0.2745 0.2674 0.2739 0.3009 0.2891 0.2693 0.2883 0.3362 0.3152 0.3555 0.2975 0.304 0.2841 0.3488 0.2933 0.2602 0.2436 0.2204 0.2943 0.327 0.3602 0.3757 0.2866 0.242 0.2339 0.2059 0.1917 0.2183 0.206 0.2121 0.1612 0.1363 0.1267 0.138 0.1369 0.1422 0.1355 0.1113 0.1321 0.1246 0.11 0.1089 0.1088 0.1442 0.2523 0.4101 0.3406 0.222 0.2435 0.2161 0.1963 0.2339 0.2168 0.2047 0.2215 0.2159 0.2257 0.2087 0.2032 0.238 0.233 0.2744 0.2466
0.5092 0.5944 0.5163 0.5154 0.5574 0.6088 0.4794 0.3321 0.2959 0.2979 0.2773 0.2482 0.3024 0.2737 0.2827 0.284 0.3169 0.3731 0.2926 0.2807 0.2859 0.3365 0.3653 0.3273 0.2909 0.2439 0.2971 0.2775 0.2364 0.3385 0.3589 0.2423 0.2253 0.2079 0.2038 0.2455 0.1731 0.1708 0.1804 0.1509 0.1505 0.1324 0.1271 0.1533 0.1409 0.1317 0.1006 0.1267 0.1361 0.1206 0.1173 0.1134 0.159 0.2276 0.2295 0.3386 0.2908 0.2567 0.229 0.1696 0.2143 0.2062 0.1994 0.2291 0.223 0.2585 0.2421 0.2296 0.2697 0.2518 0.2342 0.2653
0.5236 0.5984 0.5141 0.5168 0.5609 0.6028 0.5621 0.3963 0.3483 0.3289 0.2708 0.2665 0.2865 0.2774 0.2729 0.2915 0.293 0.3083 0.2923 0.3098 0.2912 0.2976 0.2626 0.2766 0.2506 0.2253 0.2038 0.2222 0.2403 0.2373 0.3312 0.2163 0.19 0.1729 0.1665 0.2262 0.1949 0.1597 0.137 0.1303 0.1541 0.1474 0.1371 0.1311 0.1515 0.149 0.1317 0.1175 0.1145 0.1194 0.1207 0.1123 0.1476 0.1872 0.2043 0.1632 0.3316 0.2866 0.2192 0.2239 0.2137 0.2042 0.1804 0.2524 0.2145 0.2269 0.2501 0.228 0.2412 0.2241 0.2066 0.2166
0.5602 0.5487 0.5401 0.5291 0.5392 0.6112 0.5672 0.4513 0.3974 0.355 0.3239 0.281 0.2821 0.2854 0.2998 0.3159 0.2954 0.2636 0.2891 0.2958 0.3029 0.2526 0.2503 0.2678 0.2289 0.1994 0.1855 0.2066 0.2353 0.2403 0.2548 0.2295 0.1865 0.1819 0.1728 0.1867 0.1965 0.1737 0.1532 0.1434 0.1447 0.1212 0.1208 0.1277 0.1304 0.1271 0.1268 0.1207 0.1168 0.1157 0.1302 0.1718 0.203 0.2017 0.1781 0.16 0.2671 0.3917 0.2237 0.1916 0.1807 0.2045 0.2005 0.2464 0.2447 0.2596 0.2087 0.2343 0.2006 0.2243 0.2135 0.2469
0.5786 0.5666 0.5775 0.5412 0.5407 0.5539 0.6016 0.5285 0.4748 0.3646 0.3467 0.2933 0.2782 0.3022 0.2792 0.2849 0.2643 0.3013 0.2631 0.2549 0.2359 0.2424 0.2373 0.2364 0.2352 0.2168 0.208 0.2156 0.2333 0.1673 0.1967 0.1895 0.2128 0.213 0.1915 0.1976 0.2028 0.1852 0.2127 0.2383 0.2086 0.1757 0.1648 0.1584 0.1516 0.1399 0.1316 0.1202 0.1118 0.135 0.1524 0.1633 0.1428 0.1441 0.1499 0.1658 0.3078 0.4135 0.3244 0.1963 0.2569 0.2354 0.2059 0.2518 0.2434 0.2168 0.2299 0.2951 0.27 0.2713 0.3031 0.2591
0.5761 0.5551 0.5654 0.5517 0.5101 0.5216 0.6073 0.4861 0.4238 0.3888 0.3352 0.2968 0.2793 0.2839 0.2778 0.263 0.2853 0.2819 0.2677 0.2596 0.2257 0.2221 0.2211 0.2253 0.2202 0.2476 0.2028 0.2165 0.2091 0.1909 0.1786 0.1585 0.1569 0.1953 0.1913 0.2361 0.1739 0.1292 0.1712 0.1549 0.123 0.1761 0.1872 0.1857 0.1617 0.1451 0.1642 0.1581 0.149 0.1643 0.1818 0.1896 0.1346 0.1449 0.158 0.1654 0.3351 0.3223 0.3145 0.2303 0.2559 0.2039 0.2025 0.1946 0.196 0.2221 0.2539 0.3357 0.38 0.345 0.361 0.401
0.5676 0.5597 0.5409 0.5242 0.4981 0.5107 0.5456 0.4688 0.3884 0.3841 0.3551 0.3271 0.3106 0.3073 0.2997 0.2937 0.2887 0.2713 0.2623 0.2589 0.2259 0.2163 0.2188 0.2232 0.2403 0.2416 0.2219 0.2051 0.1679 0.1721 0.1881 0.1445 0.1329 0.1757 0.194 0.2392 0.2205 0.1631 0.1404 0.1471 0.1304 0.1564 0.1633 0.1459 0.1407 0.1761 0.1482 0.1656 0.2245 0.3039 0.2428 0.1964 0.1664 0.1653 0.1557 0.1525 0.2353 0.203 0.2374 0.3249 0.2249 0.2445 0.2177 0.1964 0.179 0.2205 0.218 0.3443 0.3543 0.3287 0.4887 0.3957
0.5769 0.5423 0.5413 0.5087 0.4695 0.4641 0.5804 0.5663 0.4971 0.4813 0.3582 0.3276 0.3131 0.2945 0.2799 0.2851 0.2859 0.2743 0.261 0.2584 0.2269 0.2297 0.2421 0.2412 0.2382 0.2409 0.2184 0.2157 0.1992 0.2089 0.2129 0.1895 0.1638 0.164 0.2153 0.2104 0.1633 0.1399 0.1448 0.1453 0.1388 0.1389 0.1451 0.1448 0.1377 0.1269 0.1691 0.1629 0.1958 0.1336 0.1272 0.1806 0.1643 0.1349 0.1626 0.1378 0.2561 0.2041 0.211 0.3293 0.3179 0.2479 0.165 0.1635 0.2418 0.3212 0.3702 0.5105 0.432 0.4422 0.4709 0.2372
0.5455 0.4953 0.4986 0.468 0.4157 0.4189 0.5032 0.439 0.4309 0.4775 0.4902 0.3836 0.3278 0.2817 0.284 0.2865 0.2841 0.2803 0.2907 0.2474 0.2854 0.2535 0.2404 0.2323 0.2437 0.2329 0.2488 0.2189 0.19 0.1797 0.3212 0.218 0.2177 0.2473 0.2697 0.2077 0.1667 0.1434 0.1325 0.1352 0.1159 0.1423 0.1559 0.1216 0.176 0.206 0.2383 0.1184 0.1354 0.1508 0.1622 0.1867 0.1417 0.1435 0.2168 0.2831 0.2799 0.2564 0.3096 0.2269 0.3659 0.4471 0.4009 0.3819 0.4041 0.4148 0.495 0.5946 0.5145 0.5161 0.4597 0.2482
0.5028 0.4395 0.4546 0.4729 0.4084 0.3884 0.3897 0.3982 0.5109 0.5143 0.5268 0.453 0.3461 0.3093 0.304 0.3035 0.2848 0.291 0.2896 0.2884 0.2954 0.2643 0.2428 0.2518 0.2368 0.2375 0.211 0.1867 0.2099 0.2144 0.2438 0.1938 0.1888 0.2343 0.2639 0.2247 0.158 0.1471 0.1387 0.1104 0.1307 0.1416 0.1679 0.1577 0.1149 0.1094 0.1249 0.1259 0.1382 0.1563 0.1428 0.1227 0.127 0.1442 0.1887 0.1845 0.1963 0.2125 0.2537 0.2657 0.3061 0.3622 0.4024 0.3786 0.412 0.5045 0.4829 0.4635 0.4821 0.4884 0.3333 0.2509
0.4115 0.3998 0.4475 0.3933 0.3916 0.3942 0.3819 0.4035 0.4909 0.4636 0.4799 0.4353 0.4384 0.3549 0.3494 0.3202 0.3283 0.3206 0.2994 0.2894 0.2842 0.2876 0.2664 0.2413 0.2015 0.2184 0.1926 0.2007 0.2001 0.2004 0.2461 0.2141 0.2027 0.1811 0.2269 0.2078 0.1753 0.1298 0.1941 0.1759 0.1315 0.1464 0.149 0.1214 0.0902 0.0982 0.094 0.1333 0.1382 0.1433 0.1185 0.1478 0.1409 0.1976 0.2625 0.1721 0.2655 0.2232 0.2353 0.3812 0.4249 0.2579 0.2008 0.1978 0.2509 0.3735 0.4699 0.5221 0.5614 0.4597 0.3207 0.2354
0.4027 0.4381 0.4193 0.3419 0.369 0.4113 0.396 0.3796 0.3515 0.3885 0.3835 0.4343 0.4916 0.4091 0.372 0.3547 0.3652 0.339 0.3074 0.3049 0.2726 0.3397 0.381 0.3744 0.2931 0.2377 0.216 0.2033 0.1823 0.1901 0.219 0.261 0.2478 0.1673 0.1703 0.1513 0.1461 0.1198 0.1549 0.2061 0.1493 0.1556 0.1859 0.1174 0.0921 0.0825 0.0865 0.1113 0.13 0.1441 0.1381 0.1432 0.1716 0.3372 0.2083 0.1737 0.2074 0.2629 0.3797 0.317 0.1959 0.1452 0.1545 0.2958 0.2338 0.2004 0.4064 0.5625 0.5989 0.4734 0.2815 0.228
0.4141 0.436 0.3868 0.3661 0.4174 0.4218 0.4073 0.3692 0.3804 0.4118 0.3975 0.4645 0.54 0.4014 0.3945 0.3547 0.4049 0.3969 0.3614 0.3071 0.3364 0.4738 0.4503 0.4346 0.3822 0.2584 0.2182 0.2315 0.2163 0.207 0.1928 0.156 0.1387 0.1635 0.1399 0.1444 0.163 0.14 0.1295 0.1474 0.1285 0.1562 0.1418 0.1105 0.105 0.0766 0.0988 0.1298 0.1406 0.1463 0.1302 0.1301 0.2626 0.3054 0.2047 0.2328 0.3176 0.3212 0.2953 0.1497 0.1622 0.1735 0.1411 0.3763 0.3257 0.2449 0.345 0.5444 0.5394 0.3095 0.2402 0.2168
0.4239 0.4047 0.4072 0.4077 0.4412 0.4298 0.4476 0.3336 0.3562 0.3836 0.391 0.4825 0.5353 0.4011 0.4799 0.4001 0.4284 0.4121 0.4371 0.3451 0.3326 0.3569 0.3451 0.3808 0.2867 0.258 0.2072 0.3022 0.294 0.2905 0.2345 0.1649 0.1458 0.1905 0.1805 0.1554 0.1476 0.1403 0.1228 0.1417 0.1291 0.1543 0.1365 0.1268 0.1334 0.1205 0.1116 0.1542 0.1794 0.1652 0.1342 0.1983 0.429 0.3617 0.3151 0.4517 0.3358 0.3032 0.2544 0.1759 0.1716 0.2029 0.1597 0.2201 0.3235 0.4183 0.3576 0.3395 0.2977 0.2437 0.2178 0.2255
0.4044 0.3933 0.4099 0.4439 0.4823 0.4481 0.4593 0.3711 0.3351 0.342 0.3974 0.4725 0.4784 0.4106 0.4945 0.4121 0.4451 0.4308 0.4771 0.3609 0.293 0.2848 0.4078 0.4271 0.3501 0.3182 0.2753 0.2611 0.2881 0.2636 0.2034 0.2116 0.1764 0.1631 0.1713 0.1789 0.1522 0.1484 0.1419 0.1712 0.1617 0.141 0.142 0.1524 0.1657 0.1405 0.2078 0.2492 0.1907 0.1563 0.126 0.2693 0.3911 0.4552 0.3622 0.3136 0.2835 0.2705 0.201 0.1803 0.2088 0.1728 0.1654 0.2057 0.3183 0.3062 0.217 0.2067 0.1754 0.2017 0.1889 0.201
0.4301 0.4389 0.4343 0.4641 0.5162 0.4932 0.4611 0.4296 0.3646 0.3306 0.3951 0.424 0.3964 0.3943 0.4249 0.4548 0.4893 0.5581 0.5511 0.4349 0.3557 0.3763 0.4016 0.3711 0.3209 0.2893 0.286 0.2495 0.1946 0.1629 0.176 0.2047 0.2081 0.1923 0.1907 0.1699 0.151 0.137 0.1337 0.1721 0.1247 0.1983 0.1877 0.1517 0.1509 0.2766 0.3558 0.2808 0.2024 0.1333 0.1799 0.2971 0.3387 0.205 0.2362 0.2217 0.3311 0.2529 0.1501 0.1579 0.1685 0.1881 0.1861 0.1684 0.2198 0.1863 0.1956 0.2062 0.1812 0.181 0.1757 0.1963
0.4384 0.5039 0.4517 0.4727 0.5362 0.5358 0.499 0.5075 0.4523 0.3769 0.4169 0.3657 0.3833 0.4291 0.4153 0.483 0.5378 0.5838 0.5873 0.44 0.3632 0.3798 0.3099 0.3707 0.3647 0.3114 0.3702 0.3212 0.206 0.2225 0.2107 0.1998 0.1984 0.1683 0.1739 0.1783 0.1591 0.1612 0.1376 0.188 0.1304 0.1815 0.2011 0.1766 0.2417 0.4129 0.2775 0.2044 0.1186 0.1682 0.3221 0.4586 0.4013 0.1883 0.2273 0.2463 0.2833 0.1831 0.1936 0.1798 0.1831 0.2289 0.1817 0.1977 0.1777 0.2332 0.2543 0.2064 0.1761 0.166 0.1885 0.2043
0.4647 0.5217 0.4993 0.5134 0.5651 0.5588 0.5189 0.5381 0.4493 0.4159 0.4782 0.4019 0.4146 0.4469 0.4693 0.5047 0.6079 0.5789 0.5749 0.419 0.3685 0.3285 0.3041 0.4612 0.4261 0.3276 0.3146 0.3383 0.3579 0.3028 0.2193 0.2263 0.203 0.1845 0.1948 0.164 0.1454 0.1248 0.1605 0.1444 0.1321 0.1551 0.1653 0.2318 0.3712 0.3412 0.1602 0.1512 0.1426 0.246 0.4777 0.5769 0.4527 0.2176 0.4019 0.2832 0.2119 0.1926 0.1404 0.1708 0.217 0.1917 0.1853 0.1933 0.2344 0.4189 0.3032 0.1994 0.1929 0.1721 0.2072 0.2362
0.4704 0.5449 0.5123 0.5324 0.5919 0.5198 0.5436 0.5467 0.4803 0.4768 0.4879 0.4719 0.4312 0.4645 0.4682 0.5372 0.5805 0.6054 0.5323 0.3964 0.3736 0.3224 0.3422 0.4299 0.4247 0.2918 0.2623 0.3366 0.4178 0.2861 0.2796 0.2469 0.2003 0.207 0.1945 0.1864 0.1604 0.1334 0.1269 0.1288 0.1437 0.1642 0.1729 0.3072 0.3551 0.2933 0.3172 0.3166 0.3333 0.4562 0.6226 0.7016 0.3958 0.2279 0.2869 0.2116 0.1978 0.1785 0.1285 0.1448 0.2074 0.1771 0.2041 0.2075 0.2215 0.336 0.3072 0.1715 0.2753 0.186 0.2077 0.2301
0.4838 0.5116 0.5054 0.5428 0.5762 0.5113 0.5286 0.4966 0.4798 0.4907 0.4932 0.4522 0.4431 0.4825 0.4794 0.5354 0.5621 0.5615 0.5115 0.4331 0.358 0.3856 0.3782 0.4 0.3698 0.3047 0.3087 0.3212 0.3191 0.3094 0.2879 0.2557 0.2759 0.3324 0.276 0.2096 0.1688 0.1442 0.1285 0.1148 0.1283 0.1492 0.3063 0.3331 0.4034 0.4852 0.4379 0.4157 0.4866 0.6678 0.6287 0.6381 0.2481 0.2051 0.2171 0.2076 0.1949 0.1885 0.1419 0.2134 0.195 0.2062 0.1853 0.2097 0.1841 0.288 0.2113 0.1275 0.1738 0.1825 0.2195 0.2063
0.5045 0.4949 0.5622 0.5466 0.501 0.4961 0.4828 0.5056 0.5424 0.4825 0.4357 0.4474 0.4668 0.4668 0.4697 0.4805 0.5534 0.5252 0.472 0.4157 0.3572 0.4593 0.4178 0.3369 0.3437 0.3215 0.2672 0.2402 0.2989 0.3364 0.3054 0.2408 0.3468 0.3862 0.3018 0.2178 0.1726 0.1542 0.1373 0.1441 0.1176 0.1887 0.2446 0.199 0.155 0.2301 0.2652 0.2312 0.4443 0.5948 0.6687 0.4157 0.204 0.1785 0.1922 0.2047 0.1626 0.1711 0.2005 0.2495 0.2276 0.2225 0.1697 0.2001 0.1913 0.1946 0.1619 0.1658 0.1727 0.1697 0.1777 0.2028
