contrib/geomasonDemos/riftland/riftlandData/RainData/100.txt
ncols         56
nrows         54
xllcorner     28.264
yllcorner     -5.7719999999999
cellsize      0.25
NODATA_value  -9999
[rows 0 to 27 of 54, columns 0 to 55 of 56]
0.02752015 0.0286929 0.02911365 0.0239751 0.02513325 0.02755648 0.02949472 0.03776455 0.0169935 0.007125457 0.003515084 0.002983117 0.009733311 0.008349072 0.01637083 0.01648133 0.01003778 0.003708633 0.0206659 0.01627144 0.01771544 0.01649716 0.02314557 0.02911391 0.04531927 0.06390373 0.05935141 0.04819011 0.0783582 0.1064282 0.1670438 0.1671648 0.1782277 0.1544406 0.1696402 0.1847505 0.1856869 0.1730876 0.1431784 0.1561478 0.1860075 0.1966545 0.1643194 0.180308 0.1560055 0.153153 0.1580101 0.197887 0.2034578 0.230945 0.183599 0.2273855 0.3173856 0.226087 0.1805011 0.213232
0.03614951 0.03485025 0.03057141 0.02323809 0.03449883 0.02616392 0.04419361 0.07592787 0.0242824 0.007441629 0.005163576 0.004723071 0.02048404 0.01075773 0.0086929 0.01329008 0.00802779 0.005115429 0.0167862 0.02659974 0.023741 0.0182522 0.02205903 0.04016876 0.04776048 0.06118856 0.1036875 0.09656575 0.1509147 0.1613496 0.2521246 0.1948429 0.162434 0.1883893 0.1863724 0.2058478 0.2057111 0.233619 0.1959081 0.1590688 0.1728007 0.1941968 0.1999145 0.1557532 0.1258825 0.1721493 0.1723379 0.1896118 0.2364979 0.2317846 0.2096288 0.2422217 0.2527888 0.2010896 0.2177598 0.2334481
0.05253144 0.04380045 0.03067822 0.01984401 0.02755633 0.01867229 0.03152901 0.02253889 0.0294819 0.005449573 0.005258919 0.006722159 0.01174014 0.007071486 0.01671979 0.02171611 0.02448101 0.03598993 0.02097458 0.01705254 0.02927258 0.03016832 0.03705609 0.05266112 0.062452 0.1101363 0.1311591 0.1881445 0.2022621 0.2095804 0.2255638 0.1722278 0.175925 0.2615352 0.291503 0.2447115 0.235329 0.3151005 0.282591 0.2139421 0.2406444 0.271391 0.2744064 0.1721417 0.1695715 0.1680782 0.1607536 0.1876885 0.2451736 0.2449507 0.2422088 0.3745734 0.2105532 0.1150526 0.1964453 0.1818538
0.03295723 0.0363185 0.02443349 0.0280821 0.02322129 0.02163502 0.02065255 0.0157695 0.01160036 0.008236445 0.009603787 0.01524835 0.0260574 0.04494422 0.02577337 0.02392853 0.03404695 0.05437388 0.04345983 0.03177107 0.04184829 0.07092014 0.06271372 0.1058332 0.1181228 0.1494169 0.1829291 0.2539817 0.2829578 0.2868731 0.2081145 0.2564793 0.3015154 0.3499144 0.388492 0.2705165 0.2783153 0.3017163 0.2550567 0.2046314 0.2118649 0.2446525 0.2497016 0.2401832 0.2420157 0.2109175 0.1803177 0.2319917 0.2758483 0.2475768 0.2666396 0.3065845 0.2938935 0.1683854 0.258117 0.2379255
0.03717399 0.04382496 0.01838419 0.03701179 0.03406169 0.03059331 0.02102105 0.01397492 0.01524184 0.02473084 0.0241679 0.01765216 0.0232517 0.03105858 0.0276206 0.02459821 0.04395954 0.05585822 0.04911301 0.04382848 0.05523815 0.05151805 0.07930635 0.1090983 0.1483613 0.1680182 0.1854618 0.2971441 0.2671649 0.2365394 0.2345847 0.2594821 0.3439675 0.3526524 0.3166018 0.2532772 0.2918706 0.2492682 0.1911681 0.1956961 0.2361113 0.2422134 0.2711872 0.2723981 0.2978627 0.2803375 0.3234384 0.3694361 0.2932192 0.2375335 0.2135519 0.2120184 0.2014264 0.1496968 0.2300348 0.3345796
0.04645139 0.03849651 0.02814592 0.03324987 0.03492375 0.033002 0.01700708 0.01577347 0.01070372 0.01402965 0.0208385 0.01682122 0.02545707 0.03134289 0.02153201 0.04099244 0.0453739 0.0750674 0.06167533 0.03868992 0.03355786 0.03438264 0.05486504 0.07733697 0.1323951 0.1618036 0.2168075 0.2809038 0.3083392 0.2981738 0.2899148 0.2760548 0.3475009 0.2877321 0.2333376 0.2175022 0.2808432 0.2231485 0.1809705 0.23274 0.2935062 0.2383544 0.2492934 0.3147077 0.3452596 0.3037721 0.3522779 0.4055605 0.3051659 0.3610405 0.2211288 0.2032636 0.1751906 0.1814742 0.2036828 0.3868829
0.05257632 0.05170722 0.04719612 0.0388028 0.03427932 0.03539504 0.02347796 0.02150894 0.01835099 0.0251265 0.01989287 0.01924114 0.02089177 0.02952473 0.02890462 0.05470477 0.05528956 0.05373386 0.06757756 0.03672731 0.0337735 0.04269669 0.05521328 0.08446809 0.140044 0.2252603 0.2807506 0.342543 0.3707441 0.3851491 0.3265703 0.3132005 0.3371582 0.2868204 0.2055726 0.2084919 0.2432095 0.1621109 0.1758044 0.2527772 0.2748233 0.2519675 0.2701383 0.3104462 0.3182685 0.3044538 0.3487979 0.3239405 0.290992 0.2570702 0.2142102 0.2122123 0.2655171 0.3176446 0.307486 0.4098238
0.06571128 0.06585795 0.06325115 0.04187788 0.03835857 0.04273904 0.03475211 0.0237045 0.02536382 0.032749 0.0232452 0.02784568 0.02535746 0.03449916 0.03878386 0.06300193 0.06142879 0.06204899 0.06419334 0.03906194 0.03574733 0.04960118 0.06943258 0.06570448 0.1349165 0.2000034 0.2288454 0.3330989 0.4074773 0.3905315 0.3069657 0.2662067 0.3211651 0.3780959 0.2610835 0.2987941 0.2645054 0.1995452 0.2023931 0.3291561 0.2651166 0.2414991 0.3291683 0.3334334 0.3314953 0.3392213 0.3454572 0.3310655 0.2631303 0.2393501 0.2118676 0.2253498 0.2756034 0.3225485 0.4944834 0.5818259
0.08203419 0.08952968 0.09411347 0.07907908 0.06856511 0.06116648 0.05037223 0.03661006 0.03442562 0.03466058 0.02360467 0.03270805 0.02640139 0.04502378 0.04991102 0.06675012 0.05372082 0.05425024 0.06398027 0.05619882 0.05805651 0.0692431 0.08531903 0.08160289 0.1113658 0.1681098 0.2377262 0.331454 0.2937178 0.3418974 0.3138588 0.3160629 0.2511459 0.3109041 0.3020555 0.3394083 0.3025312 0.240416 0.2951656 0.3243772 0.2659017 0.2402418 0.3020851 0.4261019 0.3848971 0.3469395 0.3726437 0.3609804 0.2942258 0.2566915 0.2760501 0.3821408 0.387566 0.4303145 0.4524661 0.6974663
0.1166522 0.1058482 0.1055602 0.1281571 0.1114102 0.1030573 0.06702493 0.04205338 0.04357468 0.04336885 0.03149021 0.03794733 0.0347641 0.04297117 0.05284329 0.05740726 0.07917123 0.07304685 0.06598717 0.04510112 0.06122647 0.07898071 0.09851744 0.121874 0.122937 0.1396915 0.2164474 0.245807 0.2381122 0.2629081 0.2789988 0.2595375 0.2603521 0.246469 0.2999699 0.3201027 0.2897575 0.2709558 0.3491099 0.2823742 0.2797084 0.2360369 0.2576337 0.3599488 0.3731156 0.3333053 0.3365495 0.2903051 0.2447558 0.2705164 0.3036275 0.3711376 0.4926756 0.5522473 0.6024617 0.7085146
0.10877 0.1108862 0.09764551 0.1213364 0.1242074 0.1145027 0.09796044 0.08535572 0.05999653 0.03554686 0.02993153 0.04575277 0.03842167 0.06377383 0.06397338 0.08775217 0.09347545 0.09408483 0.07406476 0.05105792 0.06500878 0.04854852 0.04134218 0.08555423 0.0973069 0.1210505 0.1652376 0.1023484 0.1222545 0.1356903 0.1614758 0.1670025 0.2697832 0.1965293 0.2692362 0.3284413 0.2267788 0.2577738 0.2873177 0.2606382 0.2866741 0.2534533 0.2520467 0.3089132 0.310778 0.3370384 0.325617 0.2944183 0.2765222 0.2790942 0.2745941 0.3659607 0.4681643 0.5827864 0.6153721 0.6792666
0.1239994 0.1320206 0.1029983 0.110363 0.1429648 0.1603747 0.1125651 0.09173565 0.07108808 0.05898992 0.05165774 0.04771426 0.04053755 0.07393407 0.07570082 0.06768306 0.07258637 0.07697193 0.06727546 0.09445975 0.09353264 0.07315138 0.04526753 0.04357272 0.08168519 0.114297 0.1018688 0.07311088 0.0775374 0.1172423 0.1267206 0.1089018 0.153936 0.1797782 0.2081202 0.343244 0.3271268 0.3216137 0.332947 0.2545658 0.2224718 0.2392123 0.2345153 0.2847784 0.2738068 0.348881 0.3690445 0.3552564 0.2750425 0.291894 0.2975201 0.3292318 0.347529 0.3332071 0.3425269 0.4784208
0.08619813 0.1338378 0.1089988 0.1024497 0.1339179 0.1116107 0.1079381 0.08038187 0.07615846 0.07913093 0.07886998 0.06985489 0.06258664 0.06969227 0.1216615 0.06505497 0.08239536 0.09011793 0.08316404 0.1102786 0.08282344 0.055865 0.05693781 0.06214568 0.08187874 0.1042272 0.07554116 0.04179282 0.064334 0.08103628 0.0809468 0.07338946 0.102869 0.1248623 0.1613932 0.2395647 0.2216917 0.3531907 0.3015292 0.2167929 0.1641872 0.2188748 0.2573207 0.3105033 0.2738614 0.3246134 0.3837235 0.3857323 0.316123 0.3214738 0.2818263 0.2488213 0.3178285 0.3114516 0.2523193 0.2378059
0.120082 0.12624 0.1075177 0.08618311 0.09146208 0.08836525 0.09206309 0.07914564 0.07727148 0.09897045 0.09347632 0.09037955 0.08788556 0.07643305 0.09880048 0.08599368 0.09256642 0.1046714 0.06521656 0.1034541 0.1156751 0.1041799 0.09470367 0.09812254 0.1056369 0.08663148 0.05135413 0.02976093 0.04826419 0.09529741 0.09499445 0.1273753 0.1196424 0.09902772 0.122422 0.1722667 0.1998075 0.2199161 0.220615 0.2215524 0.2044195 0.2107896 0.2236923 0.2621931 0.2256558 0.2993103 0.3020124 0.2857956 0.2716856 0.2984733 0.2762874 0.265529 0.2158635 0.2477436 0.1972696 0.193974
0.1208927 0.1296972 0.1164649 0.1143068 0.09167722 0.09395527 0.09960706 0.1059252 0.09413358 0.09540639 0.1173895 0.09883284 0.1176287 0.1188968 0.1034002 0.1321089 0.1396913 0.137589 0.1153061 0.1243765 0.1061467 0.08577214 0.09657377 0.1184524 0.1248049 0.1090832 0.04040153 0.03170336 0.05041128 0.1025741 0.1190669 0.1417272 0.1462803 0.1861148 0.1602965 0.1723348 0.1259049 0.134147 0.1636608 0.1859557 0.1955196 0.2134675 0.1900906 0.2299595 0.2087215 0.2820886 0.2915423 0.2698335 0.2316991 0.2589298 0.2693555 0.1946893 0.2437708 0.1907517 0.2219703 0.2037215
0.1366692 0.1144353 0.1812479 0.1650716 0.1055046 0.1002057 0.1501568 0.1354305 0.09880709 0.09188835 0.1223839 0.1373062 0.1312787 0.1996251 0.2003446 0.2015907 0.1980685 0.2010451 0.1293365 0.1401714 0.08422174 0.09809095 0.07210454 0.1404834 0.1832624 0.1185531 0.0596838 0.04749346 0.06729759 0.1055469 0.1135333 0.1280068 0.1650182 0.1581549 0.1879042 0.1806332 0.1528281 0.1785918 0.1997647 0.2307128 0.1956697 0.1935957 0.1673814 0.2177873 0.2569799 0.3808607 0.3256916 0.2862282 0.2488784 0.2781577 0.2770265 0.1582545 0.2392042 0.2374686 0.277111 0.2329381
0.1667773 0.1481676 0.1580545 0.168874 0.1264061 0.1262765 0.1310327 0.1235754 0.09975877 0.07706012 0.1475886 0.1589673 0.1682483 0.1629119 0.1429629 0.1143528 0.1373896 0.1339284 0.1454962 0.1874709 0.1370545 0.1727313 0.1149038 0.1351758 0.1572084 0.1371153 0.07324823 0.06579012 0.05753918 0.06476319 0.08926549 0.1297423 0.1498234 0.1129911 0.1187517 0.1165181 0.1457124 0.1366637 0.1732074 0.2195509 0.2702086 0.3020283 0.2070581 0.2440214 0.2429979 0.2747579 0.3000161 0.2735269 0.2569989 0.2229795 0.226029 0.1408479 0.1330177 0.2092134 0.3406324 0.2891197
0.2553959 0.2257964 0.1872836 0.1994762 0.1599212 0.1335013 0.1303717 0.1353052 0.09289543 0.0879587 0.1793022 0.1588027 0.1896072 0.1830757 0.1675004 0.1409847 0.1728426 0.1585623 0.1655423 0.2315308 0.1981168 0.1949914 0.1758298 0.1362787 0.1612705 0.1016482 0.09180856 0.08224337 0.04690944 0.04605687 0.04508099 0.1311732 0.1507604 0.1196961 0.08532161 0.1102331 0.1325761 0.1888688 0.2456738 0.2691666 0.3351584 0.4220689 0.3106053 0.3829166 0.3072925 0.2593296 0.2130327 0.2385959 0.19213 0.2913037 0.2073677 0.2057035 0.2097211 0.2766005 0.1983935 0.1694168
0.2747198 0.2415853 0.2318792 0.2577131 0.2157563 0.157044 0.1479483 0.1405103 0.09816679 0.091831 0.1204784 0.1268179 0.1866517 0.2414716 0.1959807 0.1904335 0.1664723 0.1816801 0.2074233 0.2791958 0.2090387 0.2166357 0.1875196 0.1735269 0.131159 0.1231096 0.1223164 0.1294777 0.06288159 0.06161841 0.05579278 0.1237684 0.1142723 0.1495295 0.1229386 0.1118248 0.1237539 0.1424421 0.2443521 0.2756933 0.2808179 0.2735238 0.3077331 0.4877119 0.5001818 0.3990599 0.2189172 0.1927878 0.2199815 0.2063055 0.2119491 0.1947245 0.2022864 0.2352021 0.2354908 0.2222651
0.2536915 0.2122825 0.275539 0.3458243 0.3634757 0.2157901 0.1824086 0.1335723 0.0966998 0.1091083 0.1294699 0.1069236 0.1515877 0.1898402 0.1716614 0.1779728 0.1791001 0.1765983 0.1651755 0.2342291 0.1918893 0.1691275 0.1672444 0.1427536 0.09460166 0.08942913 0.05403797 0.04898872 0.04763612 0.05883651 0.05657975 0.1212381 0.1308608 0.1926095 0.2205311 0.2523694 0.257846 0.2594078 0.3093447 0.3473141 0.3809573 0.2933103 0.3103093 0.3003916 0.3884704 0.4112058 0.4914622 0.3273361 0.2711024 0.2706726 0.261739 0.1356288 0.1225816 0.2385278 0.2398417 0.2330866
0.2691389 0.2509197 0.2731677 0.30453 0.4703197 0.2855521 0.2467692 0.2212704 0.1218936 0.1286875 0.1102649 0.09820006 0.1205268 0.1704805 0.184486 0.1489509 0.1718929 0.2088899 0.2073196 0.2390888 0.2227491 0.2193047 0.2058166 0.1593748 0.1203224 0.070516 0.06205255 0.06707552 0.06188497 0.06836744 0.133946 0.1651738 0.249025 0.2177213 0.2223166 0.2840258 0.2963811 0.2822117 0.3083697 0.3317574 0.3210717 0.3158562 0.2836087 0.2606566 0.4387485 0.3427816 0.3805384 0.4681735 0.3179918 0.3005713 0.2975422 0.1788328 0.199298 0.2706096 0.2596849 0.2673846
0.3206834 0.2958959 0.2667255 0.2743592 0.3478884 0.2753762 0.2859513 0.2207945 0.140448 0.1324718 0.07397448 0.09933179 0.1360909 0.2205929 0.2514113 0.1971419 0.1689283 0.193046 0.1875476 0.2389865 0.2423826 0.2451417 0.2572759 0.2293308 0.1517484 0.1326824 0.1382443 0.1212732 0.1036372 0.1020074 0.1584107 0.1734973 0.2036639 0.2396196 0.2381161 0.3044796 0.2904148 0.3155459 0.3068322 0.3914566 0.2980228 0.291566 0.2364524 0.1776375 0.2387014 0.2500793 0.2773445 0.4515164 0.3975731 0.3892123 0.4591407 0.2787042 0.3618604 0.4358255 0.3936824 0.3583073
0.4159964 0.3261292 0.2202153 0.2657853 0.2270048 0.253001 0.2559222 0.2647808 0.1733787 0.1378656 0.1255468 0.14727 0.1475993 0.2604116 0.2966965 0.2018545 0.1758182 0.153705 0.1799247 0.2534819 0.3542868 0.2706982 0.2502394 0.3081333 0.2424087 0.1590939 0.1265132 0.1722571 0.1174641 0.1431436 0.1372818 0.1834471 0.2340244 0.2682261 0.3270929 0.2735685 0.2714605 0.299304 0.3186354 0.3699225 0.342721 0.3069084 0.2301188 0.1817535 0.1923595 0.1682701 0.1818097 0.3383943 0.3605682 0.5343626 0.556715 0.4483066 0.502405 0.4161 0.3638511 0.3839064
0.3533719 0.2428288 0.1852119 0.1955543 0.1671553 0.1885327 0.194181 0.2344529 0.2062822 0.1902212 0.2180667 0.1871324 0.1557626 0.2673495 0.2269998 0.2219563 0.2328652 0.2197693 0.2213533 0.2231818 0.2686266 0.2960673 0.2788222 0.3408663 0.2754712 0.1833751 0.1363245 0.2365362 0.2293785 0.1740128 0.1603895 0.2807863 0.2173755 0.266614 0.3705945 0.3701606 0.2902294 0.3349225 0.3637844 0.4044398 0.3495162 0.3028194 0.2253276 0.175757 0.1274847 0.113377 0.1600574 0.3076173 0.3404369 0.3686 0.529969 0.4800354 0.3835549 0.3439739 0.4512764 0.5212347
0.3047771 0.2507282 0.1382541 0.1843686 0.1703689 0.1802207 0.1802797 0.1976219 0.2159476 0.2281851 0.272167 0.1923908 0.227145 0.2530747 0.2180898 0.2354837 0.3969998 0.2692507 0.2423406 0.1918891 0.2180541 0.284108 0.3060566 0.3268307 0.2399357 0.1404358 0.106002 0.1904991 0.2733466 0.2292768 0.1823534 0.2932928 0.2812752 0.2445627 0.2951709 0.4089434 0.3709978 0.3406243 0.3532517 0.4049792 0.3667643 0.3305934 0.3204035 0.2106959 0.1775913 0.1207942 0.1629594 0.3271245 0.308648 0.4298014 0.4672748 0.475925 0.4802939 0.3926764 0.541506 0.6454765
0.257602 0.2259068 0.1607659 0.2214138 0.1752186 0.330592 0.2429641 0.1906882 0.2072428 0.2085622 0.195526 0.2020181 0.2152043 0.2453206 0.2742949 0.2294707 0.2641181 0.244244 0.2789802 0.3446982 0.375223 0.3064393 0.3498174 0.3469696 0.2775406 0.1575162 0.1240545 0.250086 0.3226317 0.2599409 0.2072481 0.4058621 0.3763189 0.3870813 0.4380094 0.5574413 0.4704219 0.4454633 0.337781 0.4278211 0.4219485 0.3826581 0.3864916 0.2018139 0.1870256 0.1367756 0.1669898 0.2458961 0.3973267 0.4486024 0.4959174 0.4539657 0.5626377 0.4930229 0.5757632 0.6171939
0.2768443 0.2224175 0.1871473 0.2603905 0.2294201 0.2684306 0.198779 0.1903082 0.162838 0.1354652 0.1844503 0.2229982 0.2306834 0.275229 0.2666509 0.2381161 0.2115075 0.2301561 0.3071458 0.3498065 0.4141642 0.3951816 0.3127979 0.3610268 0.2990475 0.1716916 0.1702839 0.3233115 0.2755018 0.2358963 0.2462586 0.5459793 0.478351 0.393991 0.5008198 0.4371276 0.4277994 0.4222966 0.3704921 0.3831352 0.3929998 0.3543516 0.3581329 0.2015034 0.1651142 0.215205 0.2720132 0.3731098 0.3321747 0.4645046 0.5212051 0.5413723 0.6208596 0.4920892 0.4118219 0.4220725
0.2840139 0.2391958 0.242563 0.2492076 0.2339354 0.2627575 0.2321655 0.1924709 0.1910971 0.1891008 0.3002099 0.280731 0.4012743 0.3351954 0.285228 0.2566848 0.1973197 0.2446591 0.3446251 0.3870488 0.4452136 0.4108219 0.3939438 0.4022115 0.4155867 0.3346438 0.2858833 0.2815319 0.3051917 0.3505171 0.2850223 0.3280755 0.3187778 0.2964951 0.3144958 0.3753468 0.4406084 0.4890106 0.4142638 0.4488809 0.4699797 0.4432259 0.3182038 0.1999493 0.1929627 0.2618795 0.3313196 0.3604436 0.3541983 0.3941421 0.4750782 0.3446833 0.3690247 0.3832027 0.3839824 0.3488629
