contrib/geomasonDemos/riftland/riftlandData/RainData/103.txt
ncols         56
nrows         54
xllcorner     28.264
yllcorner     -5.7719999999999
cellsize      0.25
NODATA_value  -9999
[rows 25 to 49 of 54, columns 0 to 55 of 56]
0.1301383 0.100378 0.1172219 0.1308375 0.1415766 0.1015303 0.09108789 0.09811742 0.02820444 0.01562907 0.01362817 0.03016701 0.04173835 0.06466343 0.04849222 0.06184266 0.07500612 0.04173944 0.02799085 0.06897031 0.08298447 0.108072 0.110513 0.1274785 0.1183811 0.1105712 0.0837618 0.07650889 0.08846337 0.0931096 0.06757089 0.02103153 0.0149652 0.02283873 0.01177837 0.004728189 0.001490627 0.001594764 0.002378411 0.001271132 0.003142703 0.005076166 0.006836576 0.008754098 0.00942983 0.009768221 0.01026456 0.01118498 0.0091264 0.008938505 0.009025196 0.01253212 0.01267994 0.01290626 0.02043718 0.0241254
0.103057 0.1104252 0.08695938 0.09311977 0.1102545 0.1340412 0.06789369 0.06752796 0.01765917 0.01471556 0.04398593 0.04603376 0.04017013 0.03635002 0.04390153 0.0668934 0.1170445 0.05350523 0.0677055 0.08261462 0.0881571 0.1063992 0.08683068 0.1054712 0.1294135 0.08959904 0.07662233 0.09119501 0.1130865 0.1039071 0.07558145 0.03203539 0.02537736 0.03876992 0.01115404 0.002180322 0.001026307 0.0004060454 0.0003661277 0.001061538 0.002761779 0.004703753 0.006577355 0.008472838 0.009307799 0.009735055 0.01019691 0.01035247 0.009275663 0.009206569 0.009451924 0.04111293 0.02644258 0.01388962 0.02476757 0.01729145
0.07185601 0.1190089 0.104313 0.08235264 0.07569902 0.1063379 0.09618394 0.05837938 0.03760071 0.03659119 0.03217187 0.0409825 0.04383932 0.03581365 0.07444842 0.04899404 0.05094029 0.05357319 0.06858116 0.07819189 0.08999374 0.119087 0.09743004 0.08417787 0.1109667 0.100002 0.08430217 0.08120914 0.08304133 0.08530106 0.07247316 0.04756214 0.03995141 0.03212018 0.0225918 0.00871447 0.004461019 0.002127836 0.00191143 0.001697239 0.002931731 0.008222577 0.00789394 0.009055389 0.01152831 0.01211836 0.01109728 0.01002135 0.009949478 0.01044744 0.01060194 0.01592842 0.02584706 0.03232033 0.02259373 0.01824682
0.07128321 0.05572863 0.0578749 0.05645014 0.08639013 0.07270367 0.07335524 0.05879944 0.03334895 0.02687214 0.02347431 0.03345557 0.03091652 0.04668564 0.05060847 0.03085022 0.03395882 0.03351329 0.04941672 0.05987088 0.04953686 0.07405648 0.08961324 0.07733833 0.1209297 0.1268293 0.1404195 0.08733783 0.0824955 0.06495105 0.07648302 0.06246898 0.03993123 0.03293299 0.02375694 0.01006915 0.004977055 0.002679949 0.002403815 0.002122152 0.002938932 0.004823253 0.006808585 0.009275173 0.01302735 0.01696579 0.01495724 0.01035587 0.01037264 0.01060998 0.011306 0.02053562 0.03302314 0.0282927 0.04912319 0.02381691
0.05354872 0.06998509 0.06606137 0.05325546 0.04247364 0.03512909 0.03595564 0.03034499 0.02707083 0.0269847 0.02739143 0.03189756 0.02531181 0.03714417 0.02919378 0.02791698 0.02199831 0.02874107 0.04299706 0.03547487 0.03254952 0.04056726 0.03881637 0.0568917 0.1000841 0.1170208 0.1322653 0.1030004 0.089115 0.07936016 0.07897518 0.05515356 0.04723613 0.03513672 0.02746427 0.01418772 0.006057239 0.003541003 0.007156348 0.002794871 0.003036135 0.004860594 0.006909289 0.009474152 0.01066794 0.01207215 0.01361124 0.01094515 0.01116524 0.01162792 0.01258531 0.01497926 0.02834757 0.02788389 0.02270138 0.02198367
0.05530889 0.08363007 0.07556782 0.0486143 0.03434043 0.02172575 0.01603915 0.01930095 0.02498 0.01727235 0.0172597 0.02445225 0.0242507 0.0369773 0.02770027 0.02705898 0.02145024 0.01666296 0.02735444 0.04310161 0.0458767 0.04295295 0.04254718 0.04743201 0.07125639 0.08056238 0.09272482 0.1046126 0.09039523 0.07500956 0.08139729 0.06885099 0.05990471 0.04615315 0.03896636 0.02469083 0.01925302 0.005386805 0.004628658 0.003698821 0.003491579 0.005284657 0.007312026 0.009930713 0.01110883 0.01217683 0.01295491 0.01280711 0.01271976 0.01354678 0.01487685 0.0157347 0.01655104 0.01873248 0.02311942 0.02121539
0.06672404 0.07749931 0.06289859 0.05253524 0.0327953 0.01624737 0.01642622 0.01745404 0.02373057 0.02591967 0.02351482 0.02942145 0.02540455 0.02826643 0.02465999 0.03271351 0.02720989 0.02905703 0.03566067 0.04613093 0.04763938 0.05346176 0.04594001 0.05238021 0.05024124 0.08821895 0.05595923 0.07660637 0.08502401 0.06883929 0.05779168 0.06657272 0.05644695 0.05979729 0.04074738 0.03179391 0.04067931 0.01240466 0.009986112 0.005862617 0.005173311 0.006757054 0.008723338 0.009303473 0.0104271 0.01164067 0.01269131 0.01476846 0.01565081 0.01711777 0.02222442 0.02181287 0.01993485 0.02101375 0.02622043 0.02770307
0.08002788 0.08125781 0.04419729 0.03413842 0.01916744 0.01717516 0.0212938 0.02137466 0.02503463 0.01827741 0.01858804 0.02934035 0.02680258 0.02830844 0.02499563 0.03459273 0.03525636 0.03858726 0.0347292 0.04712411 0.02575869 0.04635052 0.06217239 0.0455856 0.03665132 0.05092815 0.07507831 0.07892054 0.0966982 0.06136101 0.0670665 0.04892444 0.04965515 0.05488325 0.03771915 0.02805639 0.01786104 0.01386556 0.01191326 0.006957083 0.006185447 0.007533153 0.009478278 0.009816998 0.01095099 0.01247436 0.01400978 0.01615058 0.01823965 0.01983555 0.02303473 0.02309234 0.02544402 0.0348606 0.03283441 0.03687653
0.1117469 0.05249312 0.02596382 0.02184227 0.01754906 0.01597282 0.01134191 0.01741034 0.0196932 0.01923516 0.01894447 0.03030668 0.03357733 0.03234113 0.02986476 0.03138335 0.04022294 0.05006097 0.03515257 0.03622379 0.02443495 0.03875674 0.03157078 0.04285588 0.04405937 0.05705209 0.09955771 0.07917336 0.05829471 0.05485778 0.05724417 0.0439197 0.04629318 0.0418341 0.03593934 0.02140284 0.01691539 0.0140769 0.01222679 0.007264359 0.006567158 0.008003186 0.01032008 0.01067942 0.01209323 0.01449386 0.01661979 0.02001617 0.02281863 0.02310883 0.02581853 0.02845586 0.03296596 0.03211328 0.03865544 0.03709898
0.06758519 0.03767561 0.0228062 0.03560587 0.03279906 0.01548032 0.0156101 0.01358766 0.01878987 0.01566627 0.01879797 0.03029 0.03233576 0.02959303 0.03012971 0.03186608 0.03595409 0.03815963 0.02783416 0.01892358 0.02497599 0.02326138 0.03707443 0.03323521 0.04430941 0.06169979 0.06679242 0.07800139 0.05930496 0.0348222 0.03634106 0.03641854 0.04297533 0.02631383 0.02200012 0.01667606 0.01324128 0.01140053 0.01083429 0.00671996 0.006361835 0.008242002 0.01125389 0.01188403 0.01382651 0.01821244 0.02030646 0.0238663 0.02539473 0.0276643 0.03079717 0.03139526 0.03652903 0.04440052 0.04317634 0.05153245
0.07352757 0.05091458 0.02437523 0.02591863 0.02929722 0.02067362 0.01790848 0.01664874 0.01607913 0.02058945 0.03264019 0.02866607 0.03024371 0.03172144 0.02910698 0.03491819 0.0263309 0.02559502 0.02847505 0.02961864 0.05669148 0.05622601 0.05679869 0.07143628 0.06921107 0.09660864 0.08458 0.08304746 0.07995211 0.04268254 0.02377401 0.01457339 0.0131227 0.01110502 0.007497159 0.006587383 0.005443588 0.004910809 0.004899326 0.003654207 0.003580942 0.006076955 0.009700257 0.0128153 0.01546376 0.01850411 0.02201425 0.03069403 0.03811674 0.03740252 0.03984686 0.04630817 0.05002801 0.07186204 0.07203926 0.09254602
0.05952373 0.0375659 0.01480754 0.01854496 0.01461889 0.01379522 0.01690668 0.01447127 0.01538704 0.01974022 0.02225574 0.02646934 0.02820533 0.03566426 0.03426429 0.03536107 0.03174083 0.03792074 0.03823926 0.04767383 0.04376991 0.04165642 0.05123749 0.062808 0.0664059 0.08927292 0.07306252 0.08729012 0.08263004 0.05507583 0.009649807 0.007552788 0.009340587 0.008767793 0.00595913 0.004590338 0.004092643 0.003932699 0.004191418 0.005251737 0.003467997 0.006184429 0.01033017 0.01389922 0.01669088 0.01968794 0.02345785 0.03372067 0.04322848 0.04825803 0.05025238 0.06710228 0.07427958 0.0844013 0.07862972 0.146225
0.05904195 0.02740658 0.01610318 0.01754616 0.01269293 0.01113447 0.01065821 0.0115027 0.01432037 0.01945236 0.01857626 0.02369764 0.02182321 0.02613424 0.03344456 0.03111555 0.03451425 0.0350522 0.03280762 0.04580364 0.03653923 0.03773708 0.0353836 0.03760331 0.05557872 0.04185887 0.06161353 0.07074342 0.05271142 0.05707494 0.03740613 0.01142923 0.003913192 0.002944424 0.003065797 0.003199551 0.002986236 0.003086868 0.003469019 0.002880099 0.003151554 0.005976434 0.01047761 0.01467373 0.01759866 0.02097606 0.02397261 0.03926852 0.05409279 0.05692806 0.05484933 0.08444133 0.076428 0.08986127 0.09870142 0.08416659
0.05815301 0.03387341 0.01586364 0.02026532 0.01308177 0.01061646 0.01037423 0.01096258 0.01249765 0.01130186 0.01443502 0.01793244 0.01828561 0.0193151 0.02957831 0.02900402 0.02641373 0.02753563 0.02337053 0.02171926 0.02948427 0.02773283 0.02305286 0.03014437 0.03957591 0.04612569 0.0462257 0.06392123 0.04852013 0.04354167 0.01801458 0.009841532 0.004170738 0.006077899 0.002781818 0.00237625 0.002542971 0.002363353 0.002751562 0.002358288 0.002626636 0.005387659 0.0104793 0.01444337 0.01814961 0.02179519 0.02872409 0.04428785 0.05909138 0.06740248 0.05783288 0.07699303 0.08157792 0.09411564 0.07107639 0.1018644
0.04358 0.02445695 0.01784757 0.02589789 0.0245721 0.01420185 0.01089809 0.01165458 0.01160683 0.01116049 0.01280833 0.009499878 0.01506142 0.01005075 0.01461836 0.01647755 0.01617102 0.0137559 0.01100505 0.02503651 0.02219623 0.01922939 0.02011731 0.01985955 0.03003303 0.04291301 0.03399948 0.03709739 0.03200161 0.02497382 0.01022698 0.003320457 0.001517056 0.003361203 0.001052346 0.0005449256 0.0005210171 0.0006121772 0.0007239069 0.001175945 0.001687555 0.003520025 0.007625373 0.01988562 0.02553079 0.03008373 0.03592135 0.06575635 0.06355635 0.0809724 0.07030506 0.08741499 0.1110686 0.08598673 0.08109189 0.07996214
0.04632997 0.02565368 0.01790542 0.01662784 0.02642663 0.01461057 0.0106146 0.01148135 0.01848617 0.01024513 0.01100793 0.008382726 0.008628043 0.008919443 0.01902413 0.01858008 0.01059713 0.008598307 0.007716496 0.01426741 0.01106042 0.01962594 0.01238391 0.01137467 0.02540103 0.03953237 0.02304139 0.02949745 0.03459655 0.02412379 0.005600293 0.003462452 0.002848577 0.003444937 4.429009e-005 0.0002323413 0.000236622 0.0003089916 0.0004489972 0.001089724 0.001636666 0.003464283 0.007708149 0.02017019 0.02580127 0.03148162 0.03679774 0.06731846 0.07771589 0.07065256 0.06827115 0.08232484 0.07505013 0.08958071 0.08407177 0.07354283
0.04695721 0.0348024 0.02720379 0.0153263 0.01310993 0.012164 0.00878314 0.009789055 0.01057212 0.009319558 0.009495947 0.006381245 0.006360551 0.006349091 0.007427112 0.008604432 0.007033414 0.007364055 0.01841316 0.0139034 0.01332759 0.008057482 0.007750794 0.008337124 0.03099143 0.02451238 0.01613018 0.02523269 0.02596911 0.01331694 0.01198437 0.003114266 0.001280831 0.002010678 1.162945e-005 8.393499e-005 0.0001080711 0.0002024218 0.002289203 0.001548785 0.0009386663 0.00382098 0.008196617 0.02073057 0.02662116 0.03224714 0.03745293 0.07352343 0.07081705 0.0635829 0.08817071 0.07652137 0.07047787 0.07933737 0.0864857 0.0726724
0.04479827 0.03092764 0.0124203 0.0100673 0.01033418 0.01010073 0.008016735 0.007922392 0.01372323 0.008367746 0.008220999 0.005276978 0.005946596 0.004891387 0.009441108 0.00689545 0.006207492 0.003224446 0.01126624 0.006229284 0.00635624 0.004373376 0.008050496 0.01421124 0.02088437 0.01626672 0.008689793 0.009234529 0.007608381 0.01307125 0.02350572 0.001968759 0.004639249 0.001436233 1.355381e-005 0.003109071 0.1109554 0.0005737795 0.0004826626 0.001790848 0.001230049 0.004314282 0.008528492 0.02093442 0.02659343 0.03184619 0.04223682 0.06013883 0.07272884 0.1151259 0.1194557 0.08437099 0.06484046 0.07324949 0.07536255 0.06560501
0.03590403 0.03528841 0.01849328 0.00809791 0.0140709 0.007161798 0.004157696 0.003129158 0.00384106 0.004004362 0.003139783 0.002806249 0.002738871 0.002682096 0.002697428 0.004404024 0.0008536972 0.0005855807 0.0006757817 0.008383713 0.006541924 0.001775451 0.00220296 0.00972098 0.005030804 0.01955306 0.01383374 0.003272353 0.006763386 0.01614145 0.006032197 0.0007902595 0.0003491675 5.622122e-006 7.188561e-005 0.003598923 0.1410859 0.001255079 0.001173522 0.001998131 0.002808732 0.006560648 0.01180678 0.02573921 0.03219524 0.04069923 0.05827861 0.06722531 0.07823762 0.1411319 0.07134411 0.07132651 0.05756391 0.0603735 0.07768467 0.08689516
0.01776843 0.02221542 0.01521961 0.006954288 0.01127427 0.005905706 0.003508905 0.002942615 0.003408283 0.00361807 0.002499106 0.002120939 0.001885913 0.00173363 0.007048431 0.007674236 0.0003854958 0.001868911 0.002893338 0.0009163317 0.001068939 0.001282385 0.002818737 0.005624617 0.006455225 0.006507612 0.009213858 0.001892859 0.0008754758 0.0006117567 0.008114999 0.0007212689 1.161519e-005 0.0008353295 0.001041743 0.0002869111 0.0003960029 0.0008028828 0.001392352 0.002654293 0.003975315 0.007718036 0.01227826 0.02727651 0.03452824 0.04101446 0.04301909 0.05285469 0.07415824 0.07239899 0.05768661 0.08163233 0.07670099 0.08320266 0.07295022 0.07955645
0.01552729 0.01411009 0.009160887 0.009675235 0.006378047 0.005376479 0.0038766 0.002362664 0.003615173 0.003435023 0.004751077 0.001624484 0.001787947 0.001239404 0.006024104 0.005998507 0.00149575 0.0001786404 0.0002580131 0.0006095039 0.0007439803 0.0009033066 0.001088205 0.001734092 0.002094123 0.001925769 0.0105609 0.0008196612 0.0005258675 0.0003444433 0.02906757 1.915588e-005 6.711698e-005 8.08461e-006 1.878288e-005 0.0004383657 0.0005030459 0.00113511 0.00183203 0.003535571 0.005858278 0.009128079 0.01359051 0.02557698 0.03134587 0.04481779 0.04158827 0.04518867 0.08874855 0.05581855 0.05176649 0.08448341 0.07828046 0.07468996 0.07358731 0.06245968
0.009636468 0.006911324 0.005754368 0.005468221 0.004944331 0.002865466 0.002365732 0.002473339 0.002607313 0.002923568 0.002933202 0.001472238 0.001108299 0.0009703974 0.001383377 0.002468962 0.0002403546 0.00287795 0.0001877582 0.0004451329 0.0005451826 0.0006665675 0.000798946 0.001298162 0.00143991 0.00139152 0.002707882 0.001044752 0.0003820826 0.0002880306 0.0004524361 1.682003e-005 0.0009639812 0.0008593891 2.635412e-005 0.0004942691 0.0007345547 0.001290574 0.002808202 0.00536931 0.007785015 0.01100902 0.01545021 0.02815613 0.03278249 0.03672985 0.04188832 0.04464433 0.03539327 0.04743405 0.05565283 0.09175301 0.06017193 0.05895305 0.07021415 0.06169355
0.01247648 0.009448563 0.003305695 0.003596159 0.004531788 0.005534206 0.003719135 0.003818974 0.003184611 0.003078808 0.002819045 0.00310165 0.002114071 0.0005623439 0.0007877684 0.005209157 4.961294e-005 0.00201204 0.000537214 0.0001550813 0.0001672982 0.0002036112 0.0002442736 3.993945e-005 0.02426227 0.0004584772 0.002073295 5.35445e-005 0.0003637391 2.483605e-005 2.15815e-005 0.001754788 0.001078676 0.001126183 0.0009233779 0.002584958 0.002540402 0.00524477 0.00520085 0.007363636 0.01166555 0.01312644 0.01621971 0.03444807 0.03657714 0.03453257 0.04272595 0.02863599 0.04644757 0.05539856 0.0539824 0.08806452 0.0957258 0.07161292 0.09258065 0.07306451
0.003307276 0.007958075 0.005194753 0.004688361 0.002601576 0.003005002 0.002696296 0.002697364 0.002473113 0.002260799 0.001930942 0.0009793739 0.003488298 0.002007722 0.0007520362 0.000496314 2.606764e-005 1.488522e-005 0.000976523 5.332431e-005 6.534423e-005 7.769847e-005 8.964835e-005 0.001213497 1.578258e-005 4.932158e-005 1.223048e-005 1.91994e-005 1.328913e-005 1.130928e-005 1.327645e-005 5.217735e-005 0.00165747 0.003831822 0.0003768167 0.001536269 0.001475453 0.002651208 0.004118238 0.008803671 0.01104455 0.01376295 0.01749325 0.03568029 0.04529068 0.04268847 0.09587197 0.03463451 0.03699991 0.03930208 0.05106084 0.06088709 0.07592742 0.08717743 0.08959678 0.07983872
0.003885865 0.00619869 0.01001176 0.003305723 0.002340295 0.002358115 0.002248312 0.002664599 0.001999315 0.001804992 0.001503793 0.0005150975 0.001617427 0.001017117 0.001625027 0.0005311204 1.445791e-005 3.818099e-006 4.711213e-006 0.001134526 0.0008145545 1.248712e-005 1.036134e-005 1.144571e-006 8.444377e-007 8.649326e-007 1.199538e-006 3.163739e-006 3.85165e-006 0.005398464 0.008047083 0.0001055622 0.0001415525 0.00484309 0.001590246 0.002222999 0.002757798 0.004041059 0.005226801 0.009658099 0.05197447 0.01647031 0.01780794 0.03201956 0.04567353 0.04442835 0.06562445 0.03516214 0.0333191 0.0366426 0.04495387 0.0419758 0.02169355 0.05475806 0.07504033 0.06637096
