contrib/geomasonDemos/riftland/riftlandData/RainData/103.txt
ncols         56
nrows         54
xllcorner     28.264
yllcorner     -5.7719999999999
cellsize      0.25
NODATA_value  -9999
[rows 0 to 24 of 54, columns 0 to 55 of 56]
0.4353757 0.3693403 0.2852692 0.2065236 0.2324918 0.1816886 0.1574585 0.1295636 0.1017525 0.1147535 0.1438932 0.138477 0.1277272 0.07419574 0.09859325 0.2045496 0.2014965 0.1806147 0.1788225 0.256285 0.2448916 0.4839591 0.4004939 0.2083413 0.2010099 0.172061 0.1553391 0.2405598 0.3358053 0.2880781 0.2957259 0.3578087 0.3418725 0.4065907 0.3310905 0.3765446 0.3286586 0.3488163 0.328208 0.3147174 0.267124 0.2068734 0.2275781 0.2848772 0.3700539 0.3369451 0.2538006 0.2204703 0.1534444 0.1217539 0.08268458 0.030907 0.02389639 0.03360264 0.02324783 0.0147229
0.3728885 0.3305345 0.3180252 0.2213303 0.2101898 0.2004631 0.1722254 0.1401395 0.1411975 0.1565394 0.1062805 0.1056858 0.09728441 0.09017432 0.09680643 0.1298116 0.1599779 0.1601449 0.133195 0.190761 0.23157 0.3396336 0.3747098 0.2554042 0.2702113 0.1514992 0.1432395 0.2212657 0.2594033 0.1799761 0.1956872 0.353537 0.3544777 0.3604164 0.3523582 0.3140766 0.2696936 0.2772755 0.2624955 0.2541323 0.2125242 0.1723298 0.2431705 0.2690651 0.2391602 0.2408944 0.1862508 0.1957955 0.144259 0.0756029 0.0491724 0.02979673 0.02472983 0.0243549 0.02228811 0.01803214
0.2903439 0.3034225 0.2624073 0.2162648 0.218833 0.2227095 0.2147345 0.2050038 0.1829896 0.1599644 0.1180127 0.1127411 0.09378014 0.1084809 0.2220889 0.1558414 0.1815694 0.1625452 0.1121245 0.1796032 0.2656444 0.2880957 0.3845883 0.3701493 0.3101161 0.2987726 0.1500224 0.1894651 0.1946384 0.1679877 0.1354222 0.2515637 0.3109039 0.3174739 0.3024931 0.2780646 0.2659966 0.2378714 0.2386927 0.2166718 0.1986731 0.1988415 0.2223281 0.1847077 0.220241 0.1899642 0.1866696 0.1558161 0.08543319 0.05652203 0.04027627 0.0237229 0.02334703 0.01781884 0.01732686 0.01143464
0.3143604 0.2743494 0.2728919 0.1969022 0.2137446 0.2184021 0.2085298 0.1703207 0.1541167 0.1189909 0.09490953 0.08710875 0.08979481 0.1249709 0.1302979 0.2470517 0.2000259 0.2347567 0.1904683 0.2412021 0.2773286 0.3064422 0.3303354 0.2706009 0.224399 0.2019292 0.1994724 0.2132521 0.1435974 0.1320762 0.139736 0.1765206 0.2462573 0.249557 0.2509179 0.2962763 0.2733689 0.2704619 0.2060449 0.1728913 0.1828131 0.2149493 0.2493879 0.2283221 0.2113533 0.1553243 0.1256031 0.07606146 0.04743348 0.03821128 0.03634391 0.02136413 0.01976951 0.01501753 0.01421347 0.01075901
0.2695485 0.240822 0.3044848 0.222338 0.238977 0.1895668 0.160723 0.1036848 0.09986594 0.1069246 0.08390111 0.06764811 0.07053105 0.09657504 0.1215099 0.1914877 0.173808 0.2174059 0.2541007 0.2668673 0.3787056 0.418026 0.3705555 0.2631949 0.1786458 0.1427574 0.1637203 0.1984234 0.1663884 0.1302931 0.132511 0.2012293 0.2531231 0.2501777 0.3020047 0.2762495 0.2433667 0.205926 0.1614174 0.1684355 0.2418344 0.2259595 0.2688334 0.1551273 0.1209098 0.07598516 0.05331282 0.03851481 0.04272705 0.0428341 0.04222542 0.02802471 0.02286718 0.01590003 0.01377775 0.01126262
0.3350334 0.2464173 0.2838855 0.2087928 0.1686658 0.1521825 0.1370559 0.0865988 0.1232831 0.1026282 0.06669881 0.1254114 0.07757403 0.09744915 0.1034043 0.1527591 0.205199 0.2922111 0.2302458 0.3033166 0.4046362 0.2982027 0.2340386 0.2154568 0.1601512 0.1307047 0.1833362 0.1519317 0.1589505 0.1551634 0.1322787 0.1889099 0.2473246 0.213443 0.2741726 0.2086641 0.2099227 0.1589337 0.1185531 0.1223452 0.1930953 0.1717168 0.1132533 0.08242944 0.05095294 0.05838829 0.04813091 0.03132753 0.0360942 0.04342013 0.03407708 0.02665995 0.0266399 0.02015206 0.01301324 0.01164156
0.3064066 0.2407844 0.2144647 0.1992183 0.1437303 0.1020513 0.09435655 0.0574533 0.05997765 0.05662507 0.07622831 0.08522674 0.1225202 0.1582092 0.09173665 0.1352672 0.2018621 0.2019849 0.1766784 0.2387715 0.2820804 0.2723114 0.226073 0.2381339 0.1832548 0.1478411 0.09445185 0.1193508 0.134073 0.1176691 0.1139437 0.1500366 0.1438726 0.1650987 0.1208737 0.1525145 0.1622278 0.1321951 0.1032524 0.09980284 0.1249222 0.1137137 0.08135816 0.04979715 0.02931426 0.03240167 0.03257624 0.03219525 0.03322921 0.03139214 0.02551586 0.01526917 0.02787998 0.01372049 0.01498818 0.009354754
0.1540138 0.1095784 0.1277445 0.1408597 0.108599 0.1150876 0.1481232 0.07300337 0.05204361 0.04833959 0.0491394 0.08461467 0.1101217 0.1170513 0.1135294 0.1428936 0.1220308 0.1617578 0.154904 0.1902147 0.2386726 0.1940584 0.211818 0.2867545 0.2480514 0.109199 0.06458648 0.07974473 0.08430815 0.07467379 0.0832323 0.1184578 0.1184966 0.134853 0.1437869 0.1073662 0.112632 0.07696757 0.08840584 0.06221854 0.07897018 0.05175242 0.02919677 0.02591256 0.01438747 0.01909483 0.02413803 0.0342771 0.03150607 0.02337487 0.01910674 0.01200011 0.02249435 0.01408465 0.005485693 0.007440663
0.1475716 0.1168 0.09667904 0.09610492 0.1070844 0.1545284 0.1399825 0.1208183 0.08340634 0.05104427 0.0483835 0.06803243 0.0860044 0.1236044 0.1148101 0.1943082 0.1483834 0.1570391 0.104366 0.1693149 0.3111598 0.1980113 0.2365986 0.2804109 0.193667 0.1198559 0.06364518 0.05607335 0.05953902 0.0585898 0.0464677 0.07823973 0.09495371 0.100333 0.09012262 0.09545161 0.08912904 0.05752271 0.05594207 0.02731614 0.02701409 0.01822679 0.01213295 0.01218136 0.009683122 0.009106067 0.01757805 0.02554808 0.01898437 0.01998802 0.01551976 0.004428248 0.008171258 0.004786503 0.004854995 0.006513028
0.1753429 0.1596438 0.1330361 0.1421886 0.2001094 0.2017612 0.1005234 0.07126765 0.04531118 0.06173675 0.06929994 0.07391819 0.1097221 0.09958892 0.109433 0.1154364 0.1112845 0.136295 0.09444126 0.1401785 0.1510344 0.2817839 0.2237435 0.2361665 0.1499714 0.1245506 0.05411537 0.03138489 0.02968575 0.0319619 0.02961099 0.04914389 0.05661416 0.06174507 0.06935041 0.0820993 0.0734182 0.04086418 0.02136973 0.01762039 0.01397355 0.01080453 0.01126829 0.00892223 0.009358565 0.008957288 0.01692857 0.013614 0.0106312 0.01157808 0.01263707 0.003684404 0.006471607 0.004119798 0.004206797 0.00631872
0.1719023 0.2072814 0.2042445 0.1634842 0.2385784 0.1610777 0.1001817 0.1216963 0.1050023 0.08207348 0.1018288 0.0821102 0.07266799 0.06994899 0.1068075 0.09085033 0.07071342 0.1278144 0.1295184 0.1129939 0.1264082 0.1914226 0.2423318 0.2582164 0.1262661 0.07246002 0.02605423 0.018498 0.01652295 0.0170654 0.01783832 0.03063996 0.03137787 0.03058126 0.04022583 0.05041413 0.04777997 0.04008619 0.01613711 0.02168636 0.01284609 0.009969859 0.008439059 0.007761915 0.005274713 0.01050352 0.008303815 0.007795997 0.008478507 0.009300991 0.01031501 0.003987811 0.01006961 0.006036368 0.007071714 0.008900925
0.1960072 0.1880166 0.179532 0.1698289 0.2403156 0.1767813 0.1449508 0.1328513 0.1849366 0.2024961 0.175992 0.08240101 0.06747505 0.07848874 0.1725432 0.1749191 0.09537291 0.1107212 0.1784191 0.1098245 0.133867 0.1163118 0.1255782 0.1262848 0.0710284 0.04440697 0.02729511 0.0169789 0.0146113 0.01184315 0.01671588 0.02142478 0.02170022 0.02932186 0.03153913 0.02093965 0.01798751 0.02190801 0.01350713 0.01329395 0.01250218 0.01221477 0.01193215 0.008997144 0.007209649 0.005766406 0.005751013 0.007287406 0.00765777 0.008196975 0.009390358 0.00804292 0.008770467 0.009692144 0.0107007 0.0124024
0.2185541 0.1917445 0.1946671 0.1771704 0.2081485 0.1198249 0.16411 0.153736 0.186825 0.1741123 0.1084418 0.06294131 0.0572735 0.06731802 0.1112442 0.1904061 0.1070965 0.1250361 0.1574279 0.157281 0.1395079 0.1203164 0.08044872 0.05981484 0.0975857 0.04872043 0.04998287 0.01997715 0.01164864 0.00885937 0.01055887 0.01774379 0.01758173 0.0186146 0.01335409 0.009766944 0.008541342 0.01085352 0.01524324 0.01594602 0.01555559 0.0141286 0.01352764 0.01175651 0.01034761 0.009003003 0.01500602 0.01910932 0.009283683 0.009588444 0.01058015 0.01144782 0.01195331 0.01247008 0.01313844 0.01465232
0.2368263 0.1989459 0.233836 0.2394624 0.1578773 0.1140157 0.208993 0.1750857 0.1346953 0.1602129 0.130107 0.0838715 0.06522342 0.0512525 0.09089975 0.1405666 0.1613676 0.134637 0.1032519 0.1358081 0.1298203 0.1117296 0.05900656 0.1085349 0.06182409 0.02574867 0.02143918 0.0106322 0.009465754 0.007280004 0.007098655 0.01220963 0.01196539 0.01097143 0.009898895 0.009706964 0.009870981 0.01645515 0.01929666 0.01912182 0.01913252 0.01800894 0.01737922 0.0146208 0.0133916 0.01204811 0.01512213 0.01807907 0.01095496 0.01104446 0.01164616 0.01373828 0.01381559 0.01376307 0.01432456 0.01553133
0.1913886 0.2819434 0.2953202 0.2033425 0.1014623 0.1372546 0.1306359 0.1939778 0.1524309 0.1061825 0.1618446 0.1255435 0.07396129 0.07013512 0.08169761 0.1203767 0.1851299 0.1787843 0.1359831 0.1013621 0.09484522 0.08953822 0.05663095 0.05024642 0.02577483 0.02033281 0.0105096 0.00783779 0.00714852 0.007095182 0.006902507 0.01177746 0.01295773 0.01036221 0.009000116 0.00646326 0.01327007 0.01816798 0.02091952 0.0225329 0.02281432 0.02211112 0.02151945 0.01797902 0.01658115 0.01630933 0.01400204 0.01459248 0.01296946 0.01278582 0.01293198 0.015676 0.01536874 0.01497187 0.01513508 0.01617939
0.2046635 0.2377097 0.1720213 0.1892015 0.1761261 0.1287833 0.1080471 0.1298666 0.1448842 0.1494587 0.1393337 0.1645812 0.1446568 0.09806739 0.09024605 0.1379745 0.1132445 0.1953127 0.1566696 0.1266403 0.1178926 0.09105814 0.07023755 0.04672822 0.03077757 0.01913394 0.01036589 0.02339315 0.02342926 0.02365435 0.02276484 0.02189546 0.02391662 0.02033873 0.01620771 0.006379965 0.01218417 0.01804299 0.02467344 0.0254042 0.02605278 0.02598919 0.02562372 0.02682683 0.02512428 0.02439421 0.0236144 0.02029332 0.02053784 0.01805936 0.0175704 0.01757866 0.01694443 0.01625118 0.0160779 0.01677759
0.19386 0.2082247 0.172874 0.1871749 0.1784026 0.1411178 0.1143808 0.1103559 0.1324056 0.1166488 0.0891224 0.111947 0.106032 0.1011275 0.131214 0.1198228 0.13933 0.1117321 0.1496296 0.1911272 0.1232824 0.111791 0.07636666 0.06076423 0.04414291 0.01784083 0.01039978 0.02699089 0.02297701 0.02244446 0.02145709 0.02179397 0.01973383 0.01800084 0.01505857 0.005814331 0.01173434 0.01710046 0.02187504 0.024352 0.02555662 0.02589211 0.0258697 0.027229 0.02583036 0.02421482 0.0234313 0.0227334 0.02087286 0.01923347 0.01834589 0.01821844 0.01756621 0.01721175 0.01654276 0.0171712
0.2103673 0.2245168 0.2076425 0.113917 0.1296632 0.1487908 0.1065751 0.1211157 0.1548664 0.1219409 0.1659332 0.1682458 0.09475549 0.08619817 0.09452999 0.1289183 0.09941191 0.1341694 0.2256622 0.145237 0.08271278 0.106344 0.1166504 0.08694075 0.03401701 0.02450631 0.01670617 0.02304816 0.0262355 0.02225819 0.02106441 0.02417795 0.02625695 0.01778027 0.01406203 0.00533968 0.01081221 0.01570641 0.02022519 0.02268263 0.0240772 0.02469291 0.02487085 0.02646631 0.02735359 0.02557603 0.02232108 0.02073612 0.01947751 0.01851719 0.01803026 0.01847055 0.01788326 0.01715793 0.01681437 0.01737838
0.1893844 0.1672134 0.1133028 0.09481821 0.08910713 0.09741993 0.1263254 0.09151644 0.1475835 0.1260196 0.130419 0.147274 0.1075933 0.09426004 0.07938068 0.1092465 0.09019373 0.1275691 0.2364198 0.1866692 0.2049564 0.1412554 0.1331929 0.07993432 0.05243847 0.03717725 0.02572783 0.02738728 0.02336767 0.02249316 0.02103612 0.02007291 0.02251614 0.01658714 0.0132969 0.004936643 0.008753994 0.01340235 0.01787969 0.02040723 0.02205605 0.02295395 0.02337721 0.0254593 0.02457246 0.02353534 0.02204096 0.02054302 0.02190123 0.01847384 0.01794521 0.01836577 0.01770163 0.01701809 0.01703913 0.01736396
0.2325508 0.1738127 0.1259503 0.138171 0.1424825 0.09855593 0.1326926 0.1271523 0.1245216 0.1125467 0.08753048 0.1034266 0.1009769 0.0990429 0.1032992 0.1586209 0.09551932 0.1162409 0.1476972 0.2007227 0.2208801 0.2005145 0.1426235 0.0782944 0.06821238 0.03114475 0.0345603 0.03304128 0.02732406 0.02460321 0.02268912 0.02517823 0.03177236 0.02006014 0.01590489 0.006652946 0.006666048 0.008963967 0.01197525 0.01415894 0.0152115 0.01604201 0.01656761 0.01802015 0.01740225 0.01675545 0.01576408 0.01463041 0.01378087 0.01311284 0.01269047 0.0171686 0.01952453 0.02035524 0.01584123 0.01899643
0.1673157 0.1982659 0.108713 0.07944855 0.1129393 0.07601212 0.1158313 0.1355664 0.1090716 0.1072135 0.06638119 0.09378913 0.08520943 0.07922924 0.05777722 0.08891994 0.1429363 0.1467549 0.1545714 0.2111933 0.3249398 0.2600456 0.1357366 0.1427822 0.07639065 0.03161983 0.02094177 0.02975212 0.02772313 0.02541647 0.02269682 0.02690122 0.02065875 0.02824989 0.01490657 0.00599169 0.004024553 0.006164331 0.009239847 0.01171561 0.01313144 0.01426594 0.01505052 0.01631855 0.01594082 0.01555982 0.01463883 0.0136015 0.01282054 0.01207093 0.01168012 0.01589042 0.01540638 0.01617082 0.01934117 0.01906063
0.1700257 0.1404924 0.06351349 0.08308943 0.09718952 0.06542733 0.07001003 0.07846833 0.09358111 0.0752034 0.06013398 0.04504995 0.03410508 0.06916135 0.08428691 0.09150434 0.1453876 0.1307692 0.1148471 0.1766973 0.2360475 0.2314289 0.1261966 0.1554588 0.1078379 0.04832985 0.02997065 0.0558143 0.04173785 0.02580214 0.02326395 0.02117222 0.01949416 0.0205113 0.02745473 0.00562764 0.003139975 0.002878058 0.006000885 0.008596711 0.0109492 0.01267275 0.01295084 0.01432796 0.01409993 0.0139476 0.01309083 0.01223154 0.01153837 0.01115421 0.01060046 0.01450417 0.01414443 0.01387653 0.0149612 0.01394326
0.1353439 0.1241972 0.09372634 0.09296578 0.06963376 0.05520254 0.05544956 0.04895651 0.05456678 0.06077815 0.04513923 0.04358004 0.03599366 0.07464961 0.1114602 0.08244735 0.08224149 0.09558642 0.08234578 0.1336734 0.1444992 0.1741975 0.1624248 0.1494572 0.107642 0.07029106 0.04118938 0.05079624 0.03168588 0.02709618 0.02427424 0.02201467 0.02234705 0.03055522 0.02484224 0.005565525 0.002884094 0.001363493 0.003550515 0.006141091 0.008276579 0.01027893 0.01124167 0.01283582 0.01282026 0.01273196 0.0121137 0.01132031 0.01077259 0.01021788 0.0100072 0.01387044 0.01379082 0.01341299 0.01637351 0.0167841
0.1128875 0.1388045 0.1415497 0.07916287 0.06463621 0.04428596 0.06402389 0.06518823 0.02672638 0.04114506 0.03835819 0.04267462 0.0465189 0.07877251 0.07491753 0.103414 0.05908225 0.04554551 0.08722757 0.1058304 0.07959353 0.1663102 0.2029364 0.1215692 0.121603 0.1083888 0.08319218 0.06980569 0.06122528 0.04626841 0.04230774 0.02226559 0.01330369 0.01453478 0.01095113 0.003269547 0.002304184 0.00113235 0.002613153 0.004471062 0.007670971 0.01002461 0.0112227 0.01146453 0.01171778 0.01181882 0.01134469 0.01108799 0.01165189 0.01208055 0.009714813 0.01361083 0.01352512 0.01488176 0.0183627 0.02013177
0.08992351 0.1213188 0.1436689 0.09542779 0.1073982 0.0613129 0.080607 0.07290268 0.04895182 0.03445241 0.01764024 0.01813523 0.04809112 0.04943852 0.0574254 0.06281875 0.06326469 0.04921136 0.0649978 0.1228313 0.1280435 0.1059171 0.107056 0.1250598 0.1263381 0.09171189 0.07801659 0.072467 0.07224843 0.07113482 0.05195223 0.02090851 0.01205532 0.01197647 0.01043844 0.003136997 0.00215312 0.00147732 0.001827572 0.003336523 0.0058405 0.007769523 0.008378211 0.01001867 0.01043898 0.01067135 0.01032186 0.009873045 0.009608987 0.009294806 0.009252076 0.0130155 0.01305983 0.0165689 0.01681408 0.02463399
