contrib/geomasonDemos/riftland/riftlandData/RainData/105.txt
ncols         56
nrows         54
xllcorner     28.264
yllcorner     -5.7719999999999
cellsize      0.25
NODATA_value  -9999
[rows 0 to 25 of 54, columns 0 to 55 of 56]
0.2051464 0.1552679 0.09532999 0.1616937 0.1762131 0.1909399 0.1448655 0.155786 0.1298999 0.1508525 0.1371394 0.1412372 0.2028345 0.1948383 0.188646 0.1210624 0.1992013 0.2715592 0.2631747 0.1400131 0.1436357 0.226816 0.2203939 0.1713456 0.2624609 0.286527 0.3373185 0.3608359 0.3511055 0.3054733 0.2403065 0.2805194 0.3264886 0.3288245 0.2647296 0.247659 0.236293 0.2526286 0.1945237 0.1748231 0.1272929 0.1192421 0.1596828 0.1821144 0.1565933 0.1583671 0.1280879 0.1368194 0.1505235 0.1778692 0.1851644 0.1595404 0.1310237 0.07707153 0.07871056 0.0996727
0.1460896 0.1509403 0.1294476 0.1503178 0.1429322 0.1288382 0.140846 0.1227381 0.08030145 0.09460388 0.15719 0.1258232 0.1938546 0.1639745 0.1783704 0.1335708 0.2987839 0.2795513 0.1366431 0.1024088 0.1234325 0.1309115 0.151611 0.1853248 0.2260621 0.2822502 0.2828456 0.271517 0.2671342 0.2445437 0.2059119 0.2512096 0.2465277 0.2808262 0.2658839 0.2738336 0.2535543 0.2646455 0.1665968 0.1553381 0.1665628 0.1513211 0.1879269 0.1452362 0.1416575 0.1284838 0.09474716 0.1414838 0.1603641 0.1287817 0.107796 0.102257 0.09573377 0.06302369 0.06961857 0.09508099
0.1439907 0.1602221 0.1153164 0.151578 0.157719 0.08597177 0.07436674 0.08723225 0.08345436 0.1205844 0.1215582 0.1236038 0.1287838 0.1407994 0.191358 0.1678225 0.2195143 0.2791846 0.1446803 0.123345 0.1387579 0.1610294 0.2341804 0.2726709 0.301435 0.2828549 0.2277123 0.242565 0.2515958 0.2472518 0.1616336 0.1944283 0.2178208 0.2442503 0.289048 0.2539537 0.209176 0.2167688 0.1756058 0.1857702 0.2365092 0.1922421 0.1559496 0.1403702 0.1474285 0.1137308 0.1052463 0.1129385 0.1367213 0.1120473 0.09307867 0.05866893 0.06081828 0.03493147 0.03858513 0.04600891
0.1422311 0.1445323 0.1396697 0.1568572 0.1488281 0.1148698 0.09409144 0.08610513 0.1176012 0.1390226 0.1319831 0.1164677 0.07943945 0.1151703 0.155004 0.2991732 0.2858709 0.205123 0.1164857 0.0882145 0.09560182 0.1157376 0.1935499 0.2312554 0.2802279 0.2624618 0.2621018 0.2785755 0.2358696 0.2409456 0.152098 0.2151462 0.2371814 0.4039414 0.4179439 0.2747276 0.1546806 0.1317515 0.1305972 0.1763655 0.2106473 0.2086636 0.1440978 0.1833531 0.150046 0.1012055 0.08663171 0.09007738 0.1397771 0.1728637 0.1383592 0.1287998 0.1226081 0.05096271 0.04076594 0.05897115
0.1444929 0.1615717 0.139307 0.1292437 0.1709594 0.1483111 0.0884337 0.07642795 0.07495316 0.0925785 0.1471153 0.1047949 0.08148198 0.09592333 0.09301191 0.1625218 0.3033495 0.2369887 0.1453761 0.06674695 0.0669872 0.1300933 0.1958864 0.2265261 0.1986467 0.1823833 0.1765987 0.2056519 0.2353916 0.2271857 0.1615326 0.1441314 0.176467 0.3875589 0.249812 0.1629759 0.09957723 0.09135959 0.08379054 0.1305545 0.1566808 0.1783739 0.1413494 0.09386884 0.1094522 0.09747213 0.1341952 0.1052295 0.1448125 0.1880397 0.1385865 0.1571045 0.1582694 0.06007623 0.08464665 0.03598403
0.1493397 0.1539154 0.1189941 0.1400097 0.1495428 0.1261003 0.08567044 0.08211422 0.1318996 0.103835 0.1204636 0.08365866 0.1038738 0.1377914 0.1421512 0.2173881 0.2639991 0.1745706 0.156989 0.07147424 0.08703496 0.09686945 0.1282794 0.1668647 0.1678484 0.1694567 0.213101 0.1647879 0.1377255 0.1440225 0.1312995 0.08495877 0.1359078 0.2389544 0.1507221 0.1087155 0.1029357 0.06970057 0.07064575 0.1019001 0.1297421 0.1130753 0.09747884 0.1053082 0.0735995 0.1195626 0.1426315 0.1094076 0.09294491 0.0982674 0.08204113 0.09097146 0.1323989 0.09356759 0.04151674 0.01736895
0.1706562 0.1860889 0.1616314 0.1823359 0.1639162 0.1171716 0.1092872 0.08459565 0.1015696 0.09222758 0.1000194 0.09022605 0.1304035 0.09747348 0.148773 0.2160756 0.1504335 0.2442176 0.2175135 0.1508259 0.1395088 0.1024037 0.1540073 0.1990131 0.1620127 0.2141841 0.1957405 0.1440411 0.121476 0.1169191 0.0964608 0.1017527 0.1001936 0.1167421 0.06805293 0.09300033 0.0905368 0.05992205 0.07031459 0.09706352 0.08862679 0.08958489 0.08597942 0.06681389 0.07788404 0.1074279 0.1300337 0.105256 0.07872875 0.05440339 0.04166474 0.06163058 0.1162082 0.07836648 0.04644382 0.02660326
0.1840237 0.1719389 0.185395 0.1432774 0.1159979 0.09699716 0.09861263 0.06936365 0.06243289 0.06780133 0.08350741 0.1397986 0.1510241 0.07446993 0.1049949 0.1414408 0.1162965 0.09489676 0.1000713 0.1251622 0.1151953 0.08998893 0.1145109 0.1203095 0.1263022 0.1343663 0.1187332 0.0946474 0.0990341 0.09128433 0.09321522 0.0834095 0.09620923 0.09275854 0.07505094 0.09563608 0.09011587 0.05857681 0.06215441 0.05472296 0.03896662 0.03590624 0.04361321 0.04256466 0.03034151 0.02806003 0.02878604 0.03152118 0.0250065 0.04141723 0.05087812 0.04683039 0.05740516 0.05208193 0.04760687 0.05930803
0.1587923 0.1581777 0.1591059 0.1621678 0.1341769 0.1383725 0.1012374 0.08104257 0.070512 0.1230259 0.08931351 0.155 0.2353017 0.1267427 0.1566165 0.1533051 0.1413915 0.07889904 0.1355945 0.1795835 0.1236526 0.08633055 0.08020242 0.1099242 0.09093607 0.08591747 0.08307707 0.05452392 0.05229427 0.05822345 0.05421312 0.0610763 0.06550657 0.05589521 0.05528937 0.07037722 0.04882425 0.04878654 0.05502999 0.03602519 0.02770588 0.02619212 0.02615627 0.02988908 0.02382299 0.02078305 0.02172936 0.03593257 0.03313834 0.03063597 0.04205586 0.04663767 0.04765074 0.06526702 0.02870707 0.04706724
0.1463758 0.1264385 0.1163136 0.1625299 0.1834004 0.1274356 0.08210091 0.07172343 0.05887133 0.1307535 0.1071787 0.2590926 0.2806842 0.1490829 0.2008563 0.1825296 0.1617931 0.079953 0.09749851 0.138777 0.1192311 0.08573937 0.06092691 0.06900468 0.07168208 0.07125078 0.04037425 0.03792985 0.03851705 0.02883251 0.03192474 0.06083233 0.06308687 0.06974839 0.05667984 0.06020996 0.04776613 0.04160664 0.04241133 0.03640223 0.02681884 0.02523022 0.0285758 0.02752097 0.01852368 0.02254312 0.02042297 0.04228164 0.05074175 0.0721342 0.04747583 0.04661155 0.02434821 0.01311544 0.01181154 0.01043362
0.1367044 0.1193801 0.125791 0.1385366 0.1733696 0.143772 0.09920872 0.09569184 0.07123882 0.1244141 0.176339 0.1836898 0.2446105 0.1625543 0.1828956 0.2195699 0.1942101 0.1573192 0.1422397 0.1313386 0.1315874 0.09861087 0.07780818 0.05563328 0.04160138 0.0260087 0.02255838 0.02463274 0.02010674 0.02203882 0.02719043 0.03745192 0.03143922 0.04732684 0.03551239 0.04021969 0.03025302 0.04248882 0.05257122 0.03546001 0.02705389 0.02552312 0.02608129 0.02209454 0.01885935 0.02092196 0.04414354 0.03206249 0.03307739 0.06952766 0.06094039 0.03387567 0.02076278 0.01675655 0.003734566 0.0041032
0.1397089 0.09298736 0.1125753 0.1450311 0.1297796 0.1348552 0.05495336 0.07145997 0.05652843 0.120809 0.1436466 0.1990761 0.198558 0.1798655 0.2062956 0.3005754 0.2071375 0.1553629 0.1989354 0.1788432 0.1359905 0.1248216 0.07656354 0.06922948 0.04161913 0.02773897 0.02056762 0.01128445 0.01924442 0.01354599 0.007908758 0.0506961 0.0296713 0.02299109 0.02132916 0.03124497 0.02198321 0.02720933 0.05861784 0.03538647 0.02534536 0.01738704 0.01329845 0.01014742 0.008986269 0.02576956 0.04213766 0.03471505 0.0340308 0.0298917 0.03020477 0.05655663 0.03635126 0.003958545 0.004197969 0.009785131
0.1706712 0.1532146 0.1250305 0.1258746 0.09842467 0.08195869 0.09024306 0.08062861 0.09610008 0.105088 0.1433396 0.1782889 0.1735497 0.1565422 0.1541757 0.2980705 0.2702031 0.2376119 0.2045055 0.1525828 0.1437943 0.134585 0.07481266 0.05550921 0.04937113 0.01850932 0.01027871 0.004107235 0.009181856 0.008393158 0.007500767 0.01704307 0.02290812 0.009539376 0.01196288 0.01712955 0.04200404 0.03576944 0.03204053 0.03134964 0.01292814 0.0164559 0.03330762 0.02759643 0.03196418 0.02941603 0.03690486 0.03737807 0.04075451 0.05658317 0.05529841 0.06855887 0.06034638 0.05820135 0.04269162 0.04770134
0.1560365 0.1512517 0.1117699 0.08559794 0.1039227 0.08914004 0.07403357 0.09723876 0.09789053 0.121719 0.110412 0.2643514 0.219677 0.1450866 0.1627145 0.3185815 0.2676374 0.2230926 0.1572311 0.2259974 0.1809827 0.1307866 0.1085604 0.07311183 0.03088507 0.022415 0.01477599 0.003477541 0.003326513 0.002900614 0.00335638 0.005985898 0.006708744 0.01197883 0.01904469 0.02044375 0.02426877 0.02464243 0.02844678 0.0166228 0.03073153 0.07457779 0.06020181 0.05052753 0.04218672 0.00695082 0.006737718 0.009927243 0.01734501 0.02592641 0.02870544 0.02243398 0.05017473 0.03216771 0.01648196 0.01664915
0.1792086 0.1398246 0.08808451 0.08632063 0.101841 0.1195021 0.09089901 0.1336361 0.1394572 0.1686458 0.1092359 0.2359729 0.1634233 0.1409849 0.1133147 0.2247356 0.2279565 0.2727165 0.1874528 0.1263059 0.1016687 0.1216892 0.06287596 0.04443153 0.01537838 0.00457073 0.003805343 0.004176799 0.003902576 0.003077521 0.003745845 0.007945909 0.009193447 0.01217303 0.008626305 0.01174309 0.01146123 0.01527006 0.01733223 0.02505101 0.0139422 0.02944146 0.05017535 0.07022311 0.02717579 0.007052511 0.004972068 0.005575636 0.00711972 0.00590738 0.007444652 0.01389058 0.00207372 0.0103422 0.00531439 0.006825367
0.1629053 0.1480165 0.1029117 0.1418439 0.09609587 0.0875715 0.06867864 0.1011264 0.1263947 0.1502763 0.08906683 0.1001564 0.1513876 0.1647121 0.1016311 0.1287094 0.1994188 0.196634 0.09772582 0.06496389 0.07877654 0.08257069 0.05131235 0.03382167 0.01989958 0.004888179 0.004641495 0.006889218 0.00428832 0.003224422 0.003937482 0.003055319 0.003298246 0.003639439 0.009806919 0.006147684 0.007762216 0.007545729 0.005925459 0.025366 0.02702552 0.03919699 0.05716485 0.1064149 0.04807586 0.002076491 0.001740606 0.001816717 0.004932286 0.005264073 0.01263952 0.006461998 0.01200338 0.007160268 0.002779013 0.01664287
0.1216092 0.09840915 0.08418675 0.08814573 0.1010533 0.08121903 0.07567122 0.09124558 0.09908438 0.1016572 0.05379462 0.08434907 0.1553416 0.1675488 0.09344222 0.1627122 0.2128573 0.158393 0.0960913 0.08639546 0.07161192 0.06738003 0.05621326 0.05093042 0.02342707 0.01339879 0.004926135 0.004888058 0.0042181 0.003271692 0.003795171 0.009287998 0.002898584 0.001714171 0.001678296 0.001596099 0.003870144 0.003236184 0.003416555 0.003757478 0.01831831 0.02330373 0.02571059 0.04564296 0.009358712 0.004291711 0.005248017 0.01051655 0.0322213 0.01241689 0.007232055 0.001060548 0.008355885 0.01183667 0.01302385 0.02594792
0.1436221 0.1137718 0.1151285 0.09081098 0.07401732 0.07489188 0.0593619 0.06650326 0.0817449 0.07222734 0.07248827 0.09210815 0.1498367 0.13432 0.1668445 0.179854 0.2031854 0.1545946 0.1273705 0.1290182 0.1129423 0.06065518 0.03854455 0.04792167 0.03350253 0.01685947 0.00780142 0.00628854 0.005779419 0.004814104 0.003650934 0.02245812 0.01655187 0.001164322 0.00115719 0.0009995763 0.0009869003 0.0009805823 0.002513092 0.004561743 0.00538116 0.005139322 0.008411372 0.01044465 0.009833724 0.004521891 0.0030265 0.00170614 0.00391614 0.00183114 0.001863725 0.000987682 0.007344318 0.008183967 0.01166187 0.01810637
0.1563816 0.1309691 0.1026369 0.1088754 0.06891517 0.07252888 0.06947315 0.07994603 0.09110866 0.09245704 0.08642648 0.09400693 0.1282144 0.1263158 0.1228903 0.1677562 0.216226 0.1713953 0.1259767 0.1744658 0.1092683 0.05655388 0.04259994 0.04324511 0.02566067 0.01578332 0.01195566 0.00860663 0.007610918 0.006491055 0.00494663 0.002999228 0.01387726 0.001641136 0.001463135 0.001116571 0.000952668 0.001680028 0.004410312 0.006638264 0.007590662 0.007447918 0.01069701 0.01507032 0.009878472 0.006924856 0.001860042 0.00173901 0.005156523 0.001863293 0.001891387 0.0009953125 0.006668206 0.01405893 0.01566174 0.01126028
0.1515378 0.1200088 0.0860892 0.09999742 0.07625309 0.07262263 0.06896657 0.1188365 0.1141397 0.08015828 0.05738655 0.07527188 0.1468519 0.1720747 0.1765604 0.1925876 0.3005044 0.190336 0.1109429 0.1821591 0.1553149 0.1041717 0.0847852 0.09123396 0.05656675 0.01978775 0.01257251 0.01826843 0.01572445 0.0136578 0.01116362 0.004910476 0.02798037 0.005310113 0.002037853 0.001075414 0.0008001364 0.001056865 0.003295963 0.005781314 0.007688795 0.01003768 0.01277985 0.0256703 0.0116321 0.006822001 0.005668356 0.00540384 0.0051422 0.004960253 0.00469768 0.004800807 0.00744079 0.02929955 0.0405083 0.03522109
0.121755 0.09730605 0.09147687 0.1190795 0.1283509 0.08101854 0.08217964 0.1002108 0.08828928 0.0614653 0.05052244 0.07842939 0.1826279 0.1934445 0.1877202 0.2073698 0.2842474 0.2020174 0.1616828 0.179902 0.1672392 0.109623 0.0765347 0.0625774 0.09649677 0.03873843 0.01641268 0.0214972 0.01819206 0.01566865 0.01319272 0.009392174 0.009697744 0.01057032 0.003894879 0.002062971 0.001702175 0.0005786883 0.002782934 0.005579758 0.007132971 0.008146638 0.008886156 0.009711517 0.009207274 0.007756025 0.006707418 0.006544011 0.006372665 0.005975207 0.006241859 0.00576689 0.00758367 0.01538961 0.03399869 0.07888035
0.1418231 0.1373055 0.1078788 0.1254621 0.0962732 0.07395653 0.0621757 0.08197628 0.08619729 0.06330527 0.04641576 0.05143098 0.08072341 0.1330198 0.1428103 0.1597923 0.2089066 0.2066713 0.2269083 0.2391897 0.1956461 0.1461099 0.09801465 0.1029621 0.08886843 0.07387235 0.03140314 0.02919339 0.02593799 0.02254425 0.01899335 0.02583081 0.01790438 0.005937567 0.004827641 0.002444449 0.001628185 0.001196187 0.003342754 0.006863432 0.008531743 0.008916649 0.009392542 0.01110148 0.010329 0.008731829 0.007752823 0.007541662 0.006999873 0.006636245 0.006958815 0.003976782 0.00588736 0.01284259 0.05897576 0.0895803
0.129172 0.1368538 0.1289776 0.1242345 0.1247001 0.06802666 0.07103711 0.07056078 0.09751014 0.05713213 0.02444741 0.02932915 0.04218275 0.1290172 0.1405244 0.1750229 0.1525785 0.2274319 0.2555352 0.2612835 0.2370362 0.1958234 0.1463358 0.1438807 0.09010163 0.07997187 0.07792316 0.04801376 0.03806645 0.03394006 0.02932851 0.01661328 0.01351487 0.02369927 0.01929954 0.004764512 0.003305869 0.002476442 0.004345178 0.008746952 0.01043023 0.0107325 0.01103132 0.0129195 0.0116605 0.009695235 0.008661374 0.01076785 0.008382604 0.007544284 0.007348787 0.004460819 0.005377998 0.0112546 0.03694911 0.04127226
0.1307982 0.1485679 0.1516377 0.1489616 0.1424725 0.1024521 0.08256417 0.09202539 0.07037846 0.03797873 0.07041056 0.04009374 0.04577849 0.1074542 0.1562106 0.1728565 0.1471112 0.1681661 0.2428355 0.2057207 0.188666 0.2151724 0.1894684 0.1768874 0.1477249 0.124545 0.1021247 0.08187516 0.0776045 0.06871826 0.05969926 0.02922775 0.03680917 0.03786265 0.03372536 0.02285031 0.01130795 0.008589666 0.009812611 0.01327989 0.01476566 0.01472258 0.01454314 0.01351633 0.01193226 0.00966572 0.01070696 0.01283133 0.01562499 0.01500906 0.01558087 0.04183351 0.01424949 0.02231746 0.06485931 0.07941599
0.1219699 0.1005712 0.1323191 0.1456969 0.1351112 0.1023076 0.08228204 0.06705514 0.02688203 0.02241167 0.03433194 0.03041179 0.054499 0.09755372 0.1165862 0.1294785 0.1326387 0.1541528 0.1547654 0.1450783 0.1376353 0.1641484 0.2077086 0.2507194 0.1903819 0.1505253 0.1184447 0.1130157 0.1084616 0.09301605 0.07575612 0.0349018 0.05283767 0.04200875 0.02044278 0.02626771 0.01468583 0.0112555 0.01253022 0.01621431 0.01764567 0.01732827 0.01672548 0.01510129 0.01316185 0.01063106 0.009506921 0.01346822 0.01926445 0.01543513 0.03005809 0.05950876 0.03450138 0.02897802 0.05106948 0.1002459
0.1529009 0.1136768 0.1082326 0.1387626 0.110779 0.08624619 0.08183559 0.08306621 0.03030518 0.02403159 0.04098186 0.05826553 0.07283701 0.08827887 0.08715931 0.0857162 0.1453503 0.1287103 0.1110787 0.1242437 0.14945 0.1572339 0.1440053 0.2311786 0.2000037 0.1892567 0.1324179 0.1378375 0.1452774 0.1230588 0.08672437 0.04330817 0.05781979 0.07140975 0.04909858 0.0274923 0.01871208 0.01537649 0.01710277 0.02124752 0.02258379 0.02180337 0.02041224 0.01788566 0.01504661 0.01209889 0.04326925 0.02121786 0.01449701 0.01097887 0.0129285 0.009684907 0.01769474 0.0316117 0.07660977 0.1239205
