contrib/geomasonDemos/riftland/riftlandData/RainData/105.txt
ncols         56
nrows         54
xllcorner     28.264
yllcorner     -5.7719999999999
cellsize      0.25
NODATA_value  -9999
[rows 26 to 51 of 54, columns 0 to 55 of 56]
0.1343637 0.1447621 0.1188212 0.1219943 0.1094009 0.07558782 0.07529622 0.0629292 0.04963955 0.05270888 0.04132589 0.0828985 0.08693282 0.07885905 0.06889703 0.0789691 0.1240771 0.1135748 0.1359402 0.124291 0.1464398 0.1558392 0.1240351 0.23733 0.2215409 0.1775598 0.1571223 0.1861946 0.1774637 0.1131785 0.09657354 0.07008811 0.08056467 0.04992446 0.04882026 0.0272347 0.03122254 0.02102132 0.02350683 0.02821832 0.02935238 0.02797206 0.02544984 0.03080782 0.01741536 0.01389957 0.05575881 0.01588287 0.01613442 0.01736144 0.01395562 0.05572559 0.04058443 0.02742389 0.07848334 0.07026447
0.1661054 0.1663714 0.1710071 0.1527002 0.1083321 0.09853546 0.06192406 0.0825022 0.09184154 0.07418995 0.08166055 0.1308329 0.1120576 0.07821448 0.09055617 0.1162661 0.1088091 0.1444079 0.1476201 0.1594972 0.141749 0.2519314 0.221067 0.2533501 0.239525 0.2364534 0.2047371 0.2249501 0.1863173 0.1354931 0.1352451 0.1061888 0.0903687 0.07253342 0.05947774 0.0664826 0.06160385 0.05854509 0.05807712 0.04580753 0.04622312 0.04599168 0.0390625 0.0261719 0.01991617 0.03756578 0.02639431 0.01474686 0.01651634 0.01410171 0.01408205 0.02284997 0.04683638 0.0839448 0.07337763 0.05195583
0.2168854 0.1719692 0.2025512 0.1376091 0.1013108 0.06573998 0.09021923 0.09799072 0.1199126 0.09097324 0.09506651 0.1074334 0.1129448 0.101564 0.1318993 0.1089901 0.08196183 0.1039602 0.1133391 0.1194567 0.1448407 0.2584884 0.2491719 0.259732 0.2721548 0.2521618 0.1948831 0.2200712 0.1735647 0.1393955 0.1214005 0.1141814 0.08087438 0.06243708 0.0605597 0.07277291 0.07168421 0.07064153 0.07001928 0.05454372 0.0547751 0.05068547 0.04374826 0.02768186 0.04034179 0.04429332 0.05111802 0.02115929 0.01659817 0.01416237 0.01616811 0.03930849 0.06639159 0.0710303 0.04137591 0.03401517
0.2484149 0.1837067 0.2044596 0.1245975 0.1139768 0.06709543 0.07243022 0.08036129 0.09643248 0.08241893 0.0699431 0.07760916 0.09875447 0.09436303 0.0790666 0.07535069 0.06128535 0.0768254 0.1042519 0.09498887 0.08129515 0.1248026 0.2301917 0.2947231 0.3497333 0.3290155 0.2489811 0.2618039 0.2094572 0.1594314 0.1230542 0.09597824 0.06655813 0.05996854 0.06803732 0.08932593 0.07872164 0.08518241 0.07627519 0.05760355 0.05789872 0.05345884 0.04583237 0.03037533 0.02312739 0.04018245 0.0292949 0.01694843 0.02003881 0.01595354 0.01704158 0.01605706 0.05202039 0.06191251 0.03878131 0.01831784
0.2045078 0.1727497 0.1751113 0.1130315 0.07803559 0.05438114 0.05502316 0.05447942 0.07894746 0.05725604 0.05682698 0.09585803 0.08769888 0.08022497 0.06341039 0.05909532 0.0454784 0.05504299 0.07578672 0.1072826 0.08216666 0.06574188 0.1154726 0.2342922 0.3094978 0.2895789 0.2409313 0.2275332 0.2437846 0.1510121 0.1270547 0.1032464 0.07619132 0.061413 0.06859105 0.1286754 0.1143314 0.07255378 0.07198017 0.05613051 0.0565572 0.05245806 0.04525503 0.02867603 0.02275531 0.0192243 0.0178858 0.01935133 0.01999411 0.02313294 0.02236271 0.01976233 0.04475305 0.03254962 0.01918294 0.02339941
0.1923875 0.1421103 0.09378915 0.0835503 0.04925444 0.02690642 0.04746164 0.0829786 0.108336 0.06360505 0.0520375 0.09935348 0.1493832 0.1085633 0.0782885 0.07471174 0.07160883 0.08247104 0.0909347 0.09315434 0.08337808 0.06954989 0.08603313 0.1887887 0.2297079 0.2086446 0.1781739 0.1980563 0.2219681 0.1390181 0.08989432 0.1005184 0.1115673 0.05988449 0.06044476 0.09799197 0.1625675 0.07561676 0.07345288 0.05273406 0.05342078 0.0506129 0.04338995 0.0276357 0.02221794 0.01847825 0.01782431 0.02080461 0.02339955 0.02287981 0.03210049 0.03647644 0.02441067 0.04291752 0.05922531 0.03059444
0.1706508 0.09542991 0.043238 0.05275568 0.04020741 0.02202732 0.05243826 0.09003029 0.07740938 0.07663494 0.07959681 0.09401888 0.1294156 0.1123058 0.09208512 0.09180912 0.07638447 0.09739783 0.1120332 0.1345223 0.1241915 0.06807356 0.07074279 0.160525 0.2063447 0.1877403 0.2070601 0.247504 0.2386214 0.1899429 0.08130366 0.09253727 0.1024049 0.1021264 0.06490163 0.08095145 0.07792867 0.07578705 0.07317474 0.05201155 0.05288661 0.04962 0.04354213 0.02997382 0.02514577 0.02264915 0.01978265 0.02294926 0.02441541 0.02647118 0.05195549 0.06808252 0.06513523 0.07179864 0.0494166 0.03329706
0.1480884 0.09122721 0.04912378 0.05948312 0.0611781 0.07873283 0.09768193 0.08084562 0.06947426 0.0764196 0.06473815 0.0922741 0.09731319 0.1011114 0.09696573 0.09823122 0.1271691 0.1094464 0.1197524 0.1299962 0.1107746 0.07195177 0.06395362 0.133965 0.2135655 0.2308106 0.2068527 0.2127259 0.2608612 0.2499798 0.1510953 0.07689299 0.07048406 0.09623639 0.06426004 0.0829232 0.0658837 0.06659546 0.06674588 0.0502508 0.05170436 0.049084 0.04398521 0.02991114 0.02618653 0.02313222 0.02336062 0.0281097 0.02846626 0.03716185 0.03541072 0.04550206 0.03430934 0.02982832 0.03326427 0.03745037
0.118207 0.08084929 0.06714673 0.07198574 0.09789202 0.09901285 0.07192651 0.05896534 0.06780487 0.06425518 0.061032 0.1070312 0.1219699 0.1077946 0.1276308 0.1387104 0.1540969 0.09961291 0.09566684 0.07448014 0.05331203 0.0398647 0.05201199 0.1264142 0.1873543 0.2319469 0.18006 0.1513857 0.1095626 0.1251217 0.1123779 0.08258062 0.08993481 0.04841677 0.05960218 0.08052805 0.0685294 0.05894893 0.06023887 0.0499213 0.05261887 0.05103702 0.04539337 0.04842112 0.02947039 0.0296064 0.04801288 0.04595648 0.04033693 0.05037535 0.05777363 0.03904707 0.05096817 0.03664553 0.04558041 0.04827484
0.1289887 0.119154 0.08912845 0.0932664 0.08482616 0.08830843 0.07517856 0.08502908 0.1004387 0.08166177 0.06181891 0.09611057 0.1162045 0.1315322 0.170213 0.2047048 0.1966708 0.106329 0.1154496 0.06039488 0.04375568 0.02751658 0.03450557 0.09776206 0.2078587 0.1700441 0.1223751 0.1174603 0.07429976 0.02573179 0.02856208 0.06121957 0.04360601 0.05039625 0.05968585 0.04468125 0.0300547 0.04042951 0.03512521 0.03947853 0.04497005 0.04350342 0.04270743 0.03595181 0.03406694 0.04811281 0.06669576 0.05782944 0.05144181 0.08510581 0.09764098 0.06783231 0.07546645 0.07088235 0.06668527 0.07216604
0.1553286 0.1425675 0.07032923 0.0900618 0.06845552 0.06678396 0.07027866 0.06923674 0.08492834 0.07255496 0.05460128 0.07910758 0.1107809 0.1219268 0.1510679 0.2011916 0.2352806 0.1384251 0.08863876 0.03894622 0.02671962 0.02696679 0.03447054 0.08452883 0.1129548 0.1342537 0.114509 0.1027782 0.1374144 0.05895148 0.01586897 0.02817282 0.03078584 0.04130058 0.0280235 0.03024027 0.03493289 0.02872382 0.03862448 0.04680391 0.04923674 0.05204469 0.04631998 0.05223098 0.0808026 0.1110832 0.1091278 0.07167418 0.08609039 0.08468126 0.101233 0.06730761 0.08132003 0.1002017 0.06963922 0.09708904
0.1298952 0.106895 0.06120287 0.0512947 0.03864288 0.05769104 0.05119634 0.05020818 0.07356745 0.07132138 0.06465905 0.0881006 0.1030904 0.1133376 0.153264 0.1841572 0.219123 0.1606116 0.08525931 0.05757096 0.04069087 0.04668086 0.05179617 0.1012997 0.09188654 0.1077615 0.08763202 0.06480367 0.07540099 0.0591962 0.02288668 0.01814554 0.02758375 0.04065205 0.02631949 0.01823575 0.02184835 0.02590777 0.03660914 0.05146111 0.0554903 0.05786649 0.07138099 0.1075501 0.08651205 0.1114161 0.1109804 0.1814298 0.1088971 0.1004537 0.0866176 0.09828908 0.08944234 0.08649632 0.09851801 0.06158408
0.1947675 0.08529939 0.05941106 0.03927465 0.04149863 0.05786394 0.04797936 0.04598796 0.04978252 0.0585756 0.06592681 0.08289258 0.08623213 0.09770472 0.1471575 0.1608156 0.1280623 0.1188818 0.07166889 0.08116464 0.05379032 0.08015995 0.04610869 0.08555792 0.08586755 0.1163281 0.04684647 0.04172302 0.03704891 0.02455182 0.0100223 0.0137472 0.03697692 0.0211205 0.01174084 0.01739525 0.02173165 0.02402378 0.03080853 0.04465725 0.04703511 0.05778334 0.07497206 0.124179 0.1351021 0.1958339 0.1019512 0.09985914 0.09390429 0.09586041 0.1151769 0.09640667 0.1022467 0.103507 0.06356935 0.05926317
0.1400078 0.07693312 0.05899604 0.04741017 0.04908226 0.05300387 0.04315185 0.04290795 0.05753419 0.0692775 0.08600257 0.04154306 0.04476504 0.06988377 0.1038652 0.1157127 0.09741883 0.06207324 0.05575813 0.05300375 0.05138403 0.05239674 0.02343466 0.0389632 0.03971894 0.05649508 0.03355862 0.01663548 0.02348057 0.01122417 0.008139843 0.01520072 0.02309615 0.01280959 0.01642298 0.02478663 0.01921019 0.02317296 0.03944571 0.04261448 0.04060182 0.05055473 0.06238598 0.0937705 0.1091927 0.1217456 0.08883059 0.09001313 0.09097188 0.1095752 0.09299805 0.09478714 0.1000995 0.06453312 0.08706003 0.05652845
0.1586459 0.07060443 0.04256817 0.04887729 0.03541447 0.03688944 0.03286149 0.0429818 0.06454043 0.06848476 0.08344769 0.03881087 0.03353307 0.04831313 0.09763146 0.08646578 0.0775856 0.05443592 0.04768318 0.03466794 0.02838458 0.03049339 0.02266373 0.03285713 0.02249114 0.01903448 0.01489408 0.01523405 0.00510794 0.006544091 0.006611592 0.01188514 0.0144349 0.008090825 0.009351017 0.01118503 0.01883902 0.0340176 0.02935257 0.03055726 0.05230385 0.06627456 0.0756076 0.07955038 0.08139206 0.09062451 0.07954974 0.08924109 0.1184394 0.1112886 0.1062003 0.1175667 0.07027996 0.083479 0.1164803 0.03637893
0.1821558 0.05323195 0.02263686 0.04693583 0.0343333 0.03177599 0.03225124 0.03718341 0.04546088 0.05646088 0.06051358 0.03281588 0.03147084 0.03263616 0.06066439 0.08899465 0.09167247 0.05599657 0.05971499 0.04280544 0.04739037 0.03068596 0.03090733 0.009082763 0.01775056 0.01785809 0.017794 0.01833889 0.01836577 0.003954256 0.01103798 0.01249898 0.01340999 0.007720784 0.008651312 0.01052746 0.01348744 0.02393259 0.02638324 0.03023993 0.0435516 0.0768653 0.0889791 0.1102633 0.1245781 0.1670852 0.1237593 0.1066622 0.1163144 0.1105101 0.1002793 0.06644692 0.07343396 0.08000904 0.0886905 0.0489767
0.1426837 0.0326442 0.01557485 0.02804754 0.04073747 0.03859969 0.04392608 0.0359906 0.02846087 0.05576942 0.06667829 0.04697267 0.03480504 0.02887207 0.02508696 0.05729237 0.0601005 0.04735624 0.05265621 0.04007725 0.02655989 0.02589758 0.01828918 0.009219894 0.01308992 0.02005086 0.009036238 0.007973535 0.01183926 0.02719437 0.01277292 0.007586645 0.00684767 0.007243813 0.01043944 0.03706298 0.07563483 0.02610673 0.02702076 0.03730701 0.05190521 0.06997263 0.09939066 0.147619 0.2049338 0.1991933 0.1685344 0.1914493 0.1897269 0.1690578 0.1354307 0.07290313 0.06947361 0.06232974 0.06851416 0.06075665
0.1131834 0.05429948 0.009971513 0.01436927 0.02516323 0.02734735 0.03543437 0.04225306 0.0359651 0.03562908 0.02001809 0.02441892 0.0362461 0.05184352 0.03411581 0.02780522 0.04791666 0.02807743 0.02342886 0.03664016 0.02096678 0.01737646 0.01364484 0.01233189 0.009356193 0.007595056 0.006939304 0.006489613 0.008298037 0.007777605 0.006087394 0.007384479 0.008319931 0.009092284 0.01014341 0.04634967 0.2706579 0.04797367 0.02945744 0.03385713 0.04801792 0.0777647 0.1209202 0.1738124 0.2121358 0.1935909 0.1925278 0.2424292 0.2742701 0.2090515 0.07482941 0.06083075 0.06219234 0.05732279 0.04511204 0.02525
0.09576323 0.0596933 0.01292224 0.00800286 0.02038772 0.03636719 0.03397764 0.03019971 0.03080519 0.04587894 0.01917733 0.01592526 0.04431456 0.05341141 0.03240171 0.01560826 0.01431447 0.02311468 0.03319219 0.02562263 0.009233397 0.00810642 0.007455257 0.01218734 0.01401954 0.007641299 0.006877057 0.005600422 0.004736428 0.007126555 0.007988285 0.007160258 0.007123374 0.008520207 0.01122466 0.01967755 0.03774103 0.02419732 0.03379957 0.05670146 0.05767682 0.07584651 0.134901 0.2015165 0.2075454 0.2020618 0.2028354 0.2084426 0.2689443 0.1245982 0.09767441 0.07490065 0.064438 0.07257635 0.05003753 0.02829167
0.1056716 0.03353865 0.01574419 0.01154585 0.009864408 0.02717391 0.041958 0.04112488 0.03774045 0.03913407 0.02641642 0.01694556 0.04830018 0.0587352 0.02167744 0.01197301 0.0126002 0.01082532 0.008594044 0.008618172 0.007159484 0.006919741 0.006646094 0.007775731 0.007473422 0.007035024 0.00767444 0.005691831 0.004352735 0.006901651 0.008988856 0.008361276 0.01040822 0.01089438 0.01402465 0.02255052 0.0265398 0.02985919 0.04016712 0.06089347 0.05037716 0.065596 0.1163474 0.1571448 0.1647696 0.1468279 0.1517006 0.119786 0.1339346 0.07317249 0.07497764 0.05846571 0.04799767 0.05577052 0.06235328 0.02633333
0.08808127 0.02340457 0.01397807 0.01534296 0.02305973 0.02251609 0.02446765 0.0546145 0.04023666 0.009042021 0.02354996 0.01350236 0.0416875 0.05391612 0.02774282 0.01331632 0.007503263 0.007007899 0.006338699 0.006021596 0.006134529 0.007234015 0.00535528 0.006237302 0.006017473 0.01336078 0.01496835 0.004342425 0.003852527 0.01235291 0.00665176 0.01564066 0.02391224 0.01974611 0.02284211 0.03691486 0.0391039 0.03307585 0.03608873 0.05291648 0.05594842 0.09473505 0.1253674 0.1295536 0.1397748 0.1270218 0.1500983 0.1226975 0.08768532 0.06910204 0.06976211 0.0522478 0.05335329 0.06707735 0.05247526 0.02975
0.03597694 0.02325309 0.01635536 0.01976153 0.02832849 0.02256408 0.02343934 0.02531001 0.0243676 0.01546711 0.01678702 0.00662129 0.03575523 0.01764614 0.02355718 0.00714508 0.005439273 0.004798246 0.004756423 0.005852804 0.006574701 0.006062051 0.005950131 0.008206804 0.01827542 0.008360156 0.006709981 0.002490808 0.002400519 0.002390415 0.005092248 0.004360227 0.01391666 0.01118296 0.01520789 0.02764965 0.03117015 0.03993785 0.05043596 0.06882685 0.09279732 0.1044668 0.07595763 0.09871324 0.1082869 0.119111 0.1202523 0.1136728 0.09085181 0.07349942 0.06579347 0.02175 0.05020833 0.02608333 0.03054167 0.04075
0.02053267 0.02410341 0.02270498 0.02145416 0.01887437 0.01556086 0.01668501 0.02210525 0.01996996 0.01689143 0.01413742 0.004367503 0.006767246 0.006291283 0.003571838 0.004095196 0.002963726 0.002757048 0.00280096 0.00355261 0.003556482 0.003572954 0.003503947 0.01969361 0.006654921 0.005844198 0.001931952 0.001940045 0.002184298 0.002120927 0.002536115 0.006279822 0.008369697 0.01117782 0.01548328 0.02104365 0.02760625 0.04260616 0.04050636 0.06904317 0.08720143 0.105234 0.09331479 0.1194418 0.09704187 0.129551 0.1651444 0.09742219 0.07640547 0.07680605 0.06843697 0.01375 0.03825 0.04958333 0.02945833 0.03620834
0.03579322 0.01508824 0.01123434 0.0174797 0.01508727 0.0148885 0.02399558 0.02753386 0.01713746 0.01438984 0.01190616 0.003182461 0.01173253 0.002517903 0.002064731 0.002161884 0.001691248 0.001510793 0.001596007 0.002073515 0.002205967 0.002207334 0.002536918 0.006697739 0.003991157 0.001815217 0.001251675 0.003524499 0.001909326 0.001890828 0.004618552 0.007505466 0.009825878 0.01416109 0.01488398 0.02160884 0.02772192 0.02937235 0.04572633 0.06013775 0.1009689 0.08827573 0.07391223 0.09450218 0.0866226 0.1201079 0.1249074 0.08328193 0.075992 0.07860468 0.07347907 0.01475 0.04520833 0.06754167 0.04616667 0.03158333
0.03731297 0.01895992 0.01266262 0.01741181 0.01330475 0.0117673 0.01455259 0.01362096 0.01600971 0.01397293 0.01208879 0.008031601 0.007613459 0.005518055 0.002613851 0.002013997 0.001837552 0.00119989 0.001646529 0.001620138 0.001665654 0.001876072 0.002848706 0.001835288 0.003725077 0.002661544 0.00112697 0.002375113 0.01428979 0.02019762 0.01627618 0.01225962 0.02935344 0.02477062 0.02122505 0.02503955 0.02540576 0.04086903 0.04841292 0.05191748 0.06655391 0.08372427 0.07246623 0.07582259 0.08089245 0.1017775 0.0720695 0.08173013 0.07799034 0.07090622 0.06450001 0.01204167 0.032625 0.05166667 0.04025 0.0405
0.03321875 0.02305068 0.02124884 0.01536923 0.01446041 0.01169259 0.02263479 0.01500129 0.02310666 0.01297846 0.01175576 0.006701872 0.003735268 0.006340445 0.008855868 0.002648238 0.001362109 0.002888716 0.000691871 0.002260628 0.001286042 0.0007611476 0.0008305934 0.001536406 0.001643099 0.002990551 0.005054499 0.002771076 0.009302439 0.02201479 0.02339308 0.0134044 0.02409139 0.02286316 0.01445671 0.02022134 0.02934058 0.0456886 0.03583061 0.05196378 0.06140067 0.07732191 0.08122697 0.07340528 0.06988633 0.1021221 0.05184289 0.04295187 0.03625617 0.03028898 0.02916373 0.006708333 0.01429167 0.022875 0.018875 0.05383333
