contrib/geomasonDemos/riftland/riftlandData/RainData/107.txt
ncols         56
nrows         54
xllcorner     28.264
yllcorner     -5.7719999999999
cellsize      0.25
NODATA_value  -9999
[rows 0 to 27 of 54, columns 0 to 55 of 56]
0.05715451 0.05888738 0.06160685 0.06388745 0.05912142 0.06256783 0.1116692 0.1955491 0.1403456 0.108336 0.06078326 0.03749431 0.02935083 0.03739755 0.04187063 0.04869716 0.07117206 0.1117635 0.2093793 0.1564097 0.2008295 0.1773353 0.1689869 0.1731665 0.2100507 0.261556 0.2729162 0.2435678 0.2466756 0.197318 0.1380211 0.07716927 0.09228963 0.1175304 0.1711964 0.1143974 0.06050724 0.04541083 0.02907305 0.01517092 0.01339182 0.02326638 0.06406678 0.002421402 0.0102592 0.01367658 0.001841134 0.002149007 0.005722985 0.01013849 0.01988192 0.008699768 0.01774154 0.02697087 0.02851866 0.01935243
0.05925102 0.06209184 0.06251328 0.06257658 0.05802111 0.08284438 0.1200683 0.2752271 0.2147126 0.06988452 0.02796439 0.01424764 0.1007778 0.02713598 0.05802347 0.1245637 0.1423483 0.1767074 0.214528 0.2102262 0.1859721 0.1742462 0.1705234 0.186351 0.254308 0.2879468 0.1884837 0.2104639 0.2297738 0.140243 0.115118 0.1198887 0.08303923 0.09288957 0.1158849 0.06871942 0.08531966 0.07778136 0.05043843 0.02600896 0.03311495 0.0343485 0.009099206 0.003406704 0.007017401 0.01341524 0.001238889 0.00212667 0.009861859 0.01669169 0.03919267 0.006284077 0.005261527 0.02381803 0.02230346 0.04280876
0.06353455 0.06288346 0.06031213 0.07573035 0.07871374 0.1791568 0.1677509 0.14679 0.1770179 0.101189 0.04840891 0.05859871 0.1505131 0.1072332 0.1098758 0.2144529 0.2290238 0.2406854 0.2856599 0.1923291 0.1974123 0.1789673 0.2053024 0.3216254 0.3770396 0.2847874 0.1784533 0.1644978 0.1978707 0.1758698 0.1129333 0.1244055 0.1390683 0.1225519 0.07968716 0.05666218 0.05011974 0.04436793 0.03209876 0.02355661 0.08232123 0.04219183 0.01939737 0.01312455 0.02522687 0.01701259 0.04865297 0.008795355 0.007139582 0.01367294 0.01042674 0.01863847 0.01710708 0.02539161 0.01517769 0.01606742
0.07503022 0.06997114 0.06348336 0.08707285 0.111326 0.2062909 0.1639124 0.08741765 0.08103704 0.1571881 0.06852965 0.1105484 0.2154233 0.2427171 0.1873099 0.2125704 0.2126398 0.1981417 0.225051 0.1979885 0.1902612 0.186642 0.2336618 0.2780713 0.3289275 0.2412435 0.2456756 0.3500846 0.3165245 0.2006543 0.1600986 0.154164 0.1777228 0.1964703 0.1134399 0.0915889 0.04505004 0.05714825 0.06107388 0.1089939 0.06696327 0.08135208 0.06563317 0.03368794 0.03176109 0.06962021 0.100136 0.04596629 0.03262508 0.01664418 2.11568e-005 0.0001695474 0.01010209 0.03121866 0.03431777 0.03856536
0.0878484 0.06588788 0.07856692 0.09673581 0.1849919 0.1903878 0.1109234 0.07111919 0.06900194 0.1356213 0.08526236 0.04330521 0.1187013 0.266593 0.1976248 0.1738334 0.1878689 0.1731544 0.184977 0.1463162 0.1664179 0.2026224 0.2000374 0.2268582 0.2126078 0.2602065 0.3032895 0.3533781 0.3017364 0.2076011 0.205852 0.2212933 0.1787938 0.2234477 0.2095047 0.2209487 0.09845897 0.08701403 0.0616188 0.07297818 0.08159344 0.1108348 0.08371756 0.07285222 0.0949786 0.1098351 0.1146641 0.06919133 0.04664436 0.0506598 0.02546282 0.01081244 0.005394997 0.01761196 0.04023051 0.02656182
0.1019895 0.0720611 0.1078401 0.1933766 0.2819279 0.1185883 0.08189495 0.1101696 0.05775674 0.03657432 0.06006471 0.03695976 0.05845931 0.09952772 0.1235035 0.1323037 0.170557 0.1279639 0.2198199 0.2055991 0.2339199 0.2949993 0.2103395 0.238535 0.2474805 0.2107717 0.2619397 0.297283 0.203898 0.2559777 0.2365124 0.295524 0.2305457 0.1902604 0.2271971 0.262225 0.1558168 0.1069035 0.05870932 0.05869917 0.08886515 0.07722525 0.05598019 0.09979748 0.1278887 0.1312977 0.1143977 0.06196107 0.0512154 0.05401991 0.03358485 0.006783051 0.005109722 0.01914349 0.01421202 0.005263168
0.1896734 0.1387944 0.2434319 0.4454549 0.2497241 0.1084475 0.07965711 0.07596225 0.04265082 0.04500442 0.05360156 0.05104331 0.05228994 0.04428393 0.104694 0.1155239 0.0898999 0.132862 0.1453721 0.1361227 0.2085068 0.2333839 0.209882 0.146935 0.2613042 0.2055544 0.2590159 0.2952083 0.2712361 0.2529597 0.2856849 0.3646183 0.2474474 0.2898843 0.2292583 0.226282 0.2053878 0.1971433 0.1321635 0.09289352 0.09128816 0.06286766 0.0494049 0.0621235 0.113097 0.1064905 0.08453804 0.06501731 0.04304652 0.06153861 0.03353314 0.006496714 0.01158137 0.02539706 0.02971536 0.01753084
0.2330783 0.1426467 0.09521454 0.1960979 0.1746365 0.09160162 0.05833157 0.07352982 0.06739122 0.0922235 0.06815202 0.04408462 0.03722888 0.05652586 0.08922998 0.1238243 0.09317911 0.08558279 0.09484832 0.1888988 0.2056371 0.1805817 0.1297199 0.1618356 0.2286835 0.3064471 0.2473804 0.2715884 0.2326647 0.2438498 0.3133363 0.4533063 0.2867642 0.2582446 0.2652987 0.2243667 0.2179138 0.2411629 0.1425546 0.1246348 0.1190157 0.1053129 0.1015224 0.112206 0.1087152 0.123102 0.09338683 0.0735774 0.05655019 0.07408925 0.07762969 0.01968885 0.0400272 0.03786784 0.02726692 0.04248545
0.1416001 0.1163251 0.08579862 0.09659086 0.09308994 0.0792662 0.05005216 0.05745631 0.0514114 0.06860509 0.05489186 0.04417745 0.02869527 0.03980759 0.0631292 0.1186204 0.1103774 0.1355809 0.1964534 0.197567 0.1943224 0.1267266 0.1050462 0.1207521 0.1916004 0.2180351 0.3347633 0.3046689 0.2711701 0.2459335 0.3147092 0.3872131 0.3220348 0.3683045 0.3439492 0.2375431 0.163419 0.1430806 0.1478836 0.1683231 0.1641795 0.1431251 0.09683318 0.1430412 0.1298175 0.08529178 0.05663263 0.05608998 0.05029781 0.0477489 0.06468167 0.04497945 0.08020638 0.1154466 0.08991303 0.04328143
0.1700803 0.1991097 0.1851505 0.1132139 0.1032271 0.1470615 0.06139232 0.07032724 0.05822871 0.03296538 0.03252059 0.02805171 0.04623062 0.03471581 0.08866194 0.168271 0.1143085 0.1238414 0.1825388 0.2048932 0.1915616 0.128628 0.1129106 0.1303765 0.1521436 0.2028277 0.327345 0.292309 0.2962665 0.3184218 0.2695211 0.2920578 0.3399684 0.3106878 0.2192423 0.2448218 0.1776853 0.1178226 0.1133516 0.1389526 0.202266 0.1610732 0.09524626 0.120384 0.07790064 0.02914433 0.0455294 0.04071098 0.03878069 0.05069296 0.06706942 0.07821084 0.0839845 0.1466488 0.1188837 0.0424243
0.217352 0.3092645 0.1811883 0.1131539 0.1202909 0.1166422 0.1413217 0.1236459 0.09515569 0.09957719 0.09170102 0.1302934 0.1252393 0.1098346 0.1272076 0.1542704 0.1429698 0.123103 0.1612497 0.158859 0.1274821 0.1938154 0.1796731 0.1803822 0.1717281 0.2935737 0.3738332 0.2727398 0.2711951 0.2335321 0.2140489 0.2402525 0.2797828 0.3169053 0.2406595 0.2660965 0.1821517 0.1534024 0.1031246 0.08099712 0.0955339 0.1103308 0.0931136 0.1307489 0.08550725 0.0384807 0.04610277 0.05775059 0.04969979 0.0457379 0.05603379 0.08910697 0.08596721 0.07026949 0.07648804 0.04079723
0.3203743 0.2832151 0.2470922 0.1766447 0.1687496 0.142657 0.1328139 0.2333274 0.2358838 0.2308943 0.2024781 0.1520076 0.1134824 0.09547121 0.1362879 0.171204 0.1361668 0.2068073 0.1265711 0.226804 0.2523918 0.386513 0.3127804 0.1929413 0.2530544 0.2752073 0.3215196 0.3065353 0.2496701 0.2294445 0.1780018 0.28329 0.3720998 0.3111822 0.2421803 0.2240408 0.1649935 0.1193238 0.05832693 0.07506579 0.07280222 0.07420065 0.06617961 0.1147124 0.08707564 0.07167695 0.07880408 0.1393501 0.1110376 0.08499824 0.0940984 0.101965 0.09695706 0.09331256 0.126286 0.07750893
0.327788 0.2806192 0.2638518 0.2642064 0.2473191 0.1664204 0.1162565 0.1698985 0.267904 0.2958006 0.2321405 0.1742737 0.1978429 0.1879648 0.1317992 0.1660282 0.1712104 0.1257859 0.1125846 0.1578258 0.2161671 0.2496471 0.1911149 0.1703856 0.2657498 0.307472 0.2994344 0.2318869 0.2442315 0.1856064 0.1606868 0.2175619 0.26548 0.2382514 0.2202293 0.2039247 0.1691352 0.09109401 0.07247895 0.08630119 0.08078691 0.08511966 0.06882628 0.09262197 0.1075616 0.08596578 0.1217509 0.1494778 0.1453259 0.09086119 0.07249358 0.06581356 0.1073857 0.08793331 0.06216227 0.1040866
0.3098099 0.2654379 0.2000141 0.1798792 0.2347951 0.1638057 0.1112393 0.1326033 0.3664547 0.3832839 0.2260648 0.2111376 0.2298489 0.3021266 0.1750043 0.1837571 0.1949765 0.1606925 0.136729 0.1945885 0.200132 0.1845033 0.17465 0.1967087 0.3041136 0.2606266 0.2249377 0.2062148 0.1807285 0.2121453 0.1990286 0.2308369 0.2946677 0.3065651 0.2333948 0.2628618 0.1543453 0.1145346 0.08925351 0.09224404 0.09735645 0.1191123 0.114367 0.1133826 0.1384069 0.1286357 0.1199968 0.1279273 0.1386997 0.1136884 0.09394056 0.0901967 0.09683722 0.09098064 0.1009852 0.07087434
0.3825755 0.3770863 0.3277096 0.3088118 0.2972019 0.1901349 0.2145012 0.3629604 0.3504637 0.2927357 0.2226212 0.2288046 0.1527002 0.2229013 0.1416311 0.1997369 0.1719508 0.2580125 0.1974548 0.2325633 0.264068 0.2472159 0.2049218 0.2652788 0.3033329 0.2602648 0.1939825 0.2317881 0.2520786 0.2399296 0.2601563 0.2727943 0.2950675 0.3385894 0.2195961 0.1026299 0.07152787 0.08852408 0.1587097 0.1050208 0.1218157 0.1615157 0.155862 0.1280013 0.146 0.1304216 0.1309444 0.1531932 0.127408 0.1261419 0.07694077 0.102154 0.1072669 0.09489442 0.1029883 0.07537207
0.4922227 0.4480602 0.4717381 0.4383017 0.4084308 0.2680461 0.3498565 0.4051679 0.3221333 0.2725655 0.2446196 0.2606806 0.2481378 0.1930712 0.2240502 0.1885843 0.2305852 0.2608474 0.1799176 0.2303968 0.2919939 0.2153623 0.2017546 0.3254907 0.3018212 0.2394605 0.1680059 0.2027013 0.2264676 0.2066189 0.2026503 0.2687527 0.2624057 0.2126923 0.1474615 0.08780611 0.197748 0.1944566 0.1840378 0.1618425 0.2250649 0.22549 0.2019079 0.1486129 0.1428267 0.13557 0.1439746 0.2056873 0.2008429 0.1789749 0.1573922 0.1193522 0.1213739 0.1529823 0.09339627 0.1292783
0.4627391 0.4296729 0.3615524 0.3827207 0.306248 0.2825035 0.3520764 0.3783559 0.3236525 0.2867287 0.2190844 0.1953401 0.1853542 0.2141784 0.2426939 0.2445256 0.2299932 0.3605385 0.2816046 0.2383427 0.2547956 0.261422 0.1912158 0.302201 0.3529498 0.3319474 0.1649484 0.1659473 0.1551585 0.1665564 0.145475 0.2101409 0.1510074 0.1290839 0.1244897 0.08249353 0.09280521 0.1299124 0.1469692 0.1569739 0.2727202 0.2467739 0.2001083 0.1888611 0.1629138 0.1362394 0.1711171 0.192288 0.2267228 0.1846422 0.174882 0.194262 0.1582931 0.1949824 0.1282502 0.07962611
0.3524236 0.2783758 0.2447333 0.2906695 0.3610837 0.3623126 0.3425659 0.2876682 0.2527888 0.1882072 0.2050986 0.2875198 0.2599027 0.2384827 0.2614537 0.2504933 0.3273646 0.3449842 0.282831 0.291914 0.2128848 0.1859885 0.2146702 0.2825497 0.3278897 0.2908035 0.1940589 0.1696663 0.1879295 0.1566868 0.1354506 0.1525872 0.1452448 0.1011418 0.08334854 0.07838318 0.1047161 0.1292132 0.1450437 0.1501389 0.1447942 0.1786314 0.2309882 0.2351465 0.1682162 0.1852423 0.2025525 0.2158358 0.2514411 0.2367141 0.2228978 0.1941095 0.185301 0.2197245 0.1897241 0.1620223
0.3486532 0.2432646 0.1636614 0.2903964 0.311201 0.3241959 0.2701123 0.2806735 0.27498 0.2448488 0.4020292 0.3549209 0.3515109 0.380617 0.370065 0.2932437 0.2837965 0.2216984 0.1823801 0.1850771 0.1348389 0.1189507 0.159535 0.2301049 0.2346534 0.2721065 0.2139869 0.1874072 0.2366274 0.1911165 0.1320747 0.1018694 0.1615928 0.1479938 0.09327885 0.05789407 0.08259579 0.07962523 0.1286722 0.1379605 0.1755091 0.1965689 0.2042053 0.2881069 0.2202009 0.204827 0.2144366 0.2809586 0.2447623 0.2805795 0.2607797 0.2075672 0.211971 0.2311078 0.2588985 0.2696822
0.2970917 0.2588339 0.2557578 0.3009001 0.3563848 0.3130598 0.2942237 0.2976134 0.2653216 0.3155732 0.3534379 0.298259 0.4837507 0.5201892 0.4998265 0.4211521 0.2705448 0.2543611 0.3223577 0.1751708 0.1516979 0.1785151 0.1714966 0.2064467 0.2005687 0.1752536 0.2306643 0.1946725 0.2417409 0.2161878 0.1605519 0.1129638 0.123875 0.1283956 0.1285013 0.1192896 0.09898283 0.1183084 0.1240906 0.1581717 0.1973004 0.2052368 0.2251759 0.1981074 0.2074757 0.1613852 0.1633715 0.1657944 0.206363 0.1874062 0.2056256 0.2116866 0.2379486 0.1965594 0.2457003 0.3054308
0.3990366 0.3043378 0.2760824 0.276651 0.267883 0.3512903 0.2605809 0.2099703 0.2404344 0.2258426 0.2800222 0.2497516 0.420919 0.6245603 0.4086336 0.3965005 0.3561364 0.3269788 0.4084382 0.294886 0.2530891 0.2220492 0.1747874 0.1793492 0.1486788 0.1438918 0.2175419 0.249721 0.2205257 0.1586267 0.1557413 0.1406652 0.1315951 0.1049912 0.1707247 0.1317718 0.119409 0.1368338 0.1408996 0.1652663 0.2186943 0.2073997 0.2419666 0.2396168 0.2013524 0.2084855 0.1553586 0.148095 0.2018545 0.1737395 0.1761916 0.2297532 0.2928213 0.2529328 0.2892569 0.3142429
0.3749989 0.3320017 0.439768 0.4800804 0.2679674 0.3369993 0.2738081 0.2694825 0.2881631 0.2471284 0.303093 0.3041073 0.3992156 0.6361307 0.576692 0.5373132 0.2589156 0.2745301 0.282411 0.3499407 0.3513758 0.3135292 0.2230134 0.2131365 0.1974003 0.1902561 0.2140131 0.2951347 0.2437934 0.1876747 0.144129 0.1285862 0.1513349 0.1353641 0.1422526 0.1205804 0.1294655 0.1392182 0.1482209 0.13039 0.1598089 0.1879742 0.1934544 0.1981858 0.1477607 0.1830391 0.1869374 0.1731091 0.1908877 0.1901368 0.1801408 0.2613259 0.3049674 0.367423 0.3616281 0.4996167
0.4853791 0.4031166 0.4943179 0.5494776 0.3759384 0.3639166 0.3687645 0.4043304 0.3196623 0.3255815 0.3216438 0.3611821 0.3955642 0.6107482 0.5908204 0.367979 0.288571 0.2683883 0.312266 0.4761826 0.4745015 0.398969 0.37518 0.3078339 0.2286299 0.2129911 0.2314597 0.316052 0.2550525 0.2728843 0.1843487 0.1340817 0.1481439 0.1430496 0.1989983 0.1386694 0.1142827 0.137683 0.1736249 0.136944 0.1819088 0.1456628 0.1597822 0.1533443 0.1531244 0.1301216 0.1583563 0.1989452 0.1976521 0.1934965 0.2145667 0.2743928 0.3449807 0.4073971 0.5097502 0.5814939
0.4994453 0.4570772 0.4081882 0.4632089 0.4013531 0.3148431 0.2578941 0.31737 0.3085734 0.3983792 0.41966 0.3930171 0.4400734 0.5242882 0.5881741 0.3500656 0.3667539 0.3941638 0.3473992 0.3351095 0.3538155 0.2801716 0.3180843 0.3641174 0.3132869 0.2711728 0.2580338 0.3669848 0.3047441 0.3588781 0.2150673 0.2673897 0.1823378 0.1587949 0.1881115 0.1901449 0.1521479 0.1654072 0.2050792 0.1159664 0.1744749 0.1306159 0.1580308 0.1266343 0.1388626 0.1463121 0.1754574 0.1933601 0.2439696 0.2419642 0.2410983 0.3057517 0.3615757 0.5219518 0.5718037 0.4940202
0.4917487 0.4250123 0.364067 0.3365922 0.4088194 0.3323521 0.2616256 0.3097085 0.3253987 0.4663897 0.2410025 0.2275249 0.335012 0.3964402 0.4234618 0.3769423 0.3376795 0.3746076 0.3822407 0.3039058 0.3534623 0.3876271 0.2839463 0.3220907 0.3255792 0.3325943 0.2846826 0.3224631 0.324793 0.2964635 0.2271319 0.2597435 0.1751487 0.1669758 0.1829947 0.2513561 0.2317173 0.2033123 0.1652416 0.151043 0.1945165 0.1726328 0.1747938 0.1625843 0.1630574 0.1607165 0.1801808 0.2356043 0.2721646 0.3174842 0.3476893 0.5034958 0.4465487 0.5178943 0.5040128 0.521148
0.489778 0.3859987 0.3085006 0.3709417 0.3324134 0.2904851 0.1694391 0.2726975 0.3279812 0.3337506 0.240366 0.293958 0.3447522 0.3525789 0.4021346 0.3577067 0.3803673 0.4308349 0.4403089 0.3865638 0.3668084 0.3806575 0.2785639 0.2881963 0.3677812 0.3503753 0.2751307 0.3265862 0.3292291 0.3307075 0.2468442 0.1723112 0.1810638 0.2093288 0.1905382 0.3372585 0.3727444 0.2250002 0.2041647 0.1956257 0.2316208 0.2331462 0.2931469 0.1706523 0.1806601 0.1713028 0.2197681 0.2313026 0.2810614 0.364463 0.3836153 0.4694122 0.4661166 0.4822253 0.4781208 0.5656922
0.461255 0.4054136 0.3590309 0.4083395 0.2947785 0.2852105 0.2346482 0.2148805 0.2651093 0.2721899 0.4130303 0.3705312 0.3781585 0.322287 0.3809349 0.3615615 0.4297309 0.5356746 0.5310766 0.4415949 0.4626073 0.4362046 0.4459665 0.368088 0.3413012 0.2990812 0.2631636 0.3443561 0.3416226 0.3335562 0.310862 0.2323314 0.2042573 0.1651946 0.1652244 0.2941706 0.309326 0.337531 0.3286322 0.3737244 0.3230546 0.299805 0.2485665 0.2132195 0.222605 0.2608483 0.2528808 0.2869611 0.2974185 0.3475941 0.3556483 0.4274464 0.4237026 0.4966358 0.5730317 0.5459117
0.4814722 0.4387018 0.4052621 0.3623525 0.2953052 0.2929017 0.197593 0.2733985 0.3328032 0.3997265 0.5326356 0.4855125 0.4378312 0.4381505 0.425146 0.4013762 0.5019079 0.5945975 0.5919852 0.5919482 0.576434 0.4629426 0.4574056 0.5053988 0.4181991 0.3394951 0.3005454 0.335567 0.3424236 0.3465443 0.3165188 0.2957791 0.2772705 0.2453521 0.3066144 0.3657805 0.4001552 0.4052344 0.465407 0.4097385 0.4544018 0.3801434 0.301452 0.2136094 0.2635792 0.4182501 0.3009718 0.2831474 0.291226 0.3172609 0.3503461 0.4715036 0.3715945 0.4138451 0.5170495 0.6168524
