contrib/geomasonDemos/riftland/riftlandData/RainData/108.txt
ncols         56
nrows         54
xllcorner     28.264
yllcorner     -5.7719999999999
cellsize      0.25
NODATA_value  -9999
[rows 0 to 27 of 54, columns 0 to 55 of 56]
0 0 0 0 0 0.006657004 0 0 0 7.602468e-005 0 0.002894294 0.003730091 0.005493712 0.003715932 0.001327266 0.00498403 0.0009073709 0.01248922 0.01682022 0.02372635 0.02440784 0.02702017 0.03929348 0.05433253 0.1010652 0.1623475 0.1496185 0.1356157 0.1388482 0.1135006 0.07718601 0.06851892 0.06237033 0.07983916 0.08540655 0.07357713 0.06691243 0.04544433 0.02988316 0.009258511 0.02449241 0.08030668 0.05901567 0.06976276 0.1056472 0.03643759 0.06316462 0.06277474 0.09008917 0.1341317 0.0906691 0.1486623 0.2436897 0.1168819 0.09859494
0.001237642 0.0004280912 0 0 0 0 0 0 0 0.001026368 0.0003751386 0.001485493 0 0 0.002272616 2.059395e-007 0.001705193 0.003731335 0.03202853 0.03131072 0.03168717 0.02451619 0.02474741 0.04311369 0.04961303 0.07148678 0.1352183 0.1619925 0.1340028 0.1015522 0.1023123 0.0941921 0.07092613 0.07776842 0.1129557 0.112969 0.1302329 0.1134976 0.0576031 0.03284982 0.03409327 0.02510911 0.01629601 0.02321925 0.0243532 0.02500537 0.02168206 0.02342186 0.04317856 0.04039004 0.0970986 0.1544223 0.221478 0.1916316 0.1086176 0.09346717
0 0.001236706 0 0 0.00211822 0.005200736 4.76673e-005 0.004159321 0.004701319 0 0.003716232 0.001357059 0 0 0 0.001158441 0.002864596 0.006174694 0.03328031 0.03490667 0.02942373 0.02292436 0.02561753 0.05456242 0.06967252 0.0932195 0.1656012 0.2104302 0.2111445 0.1267771 0.09318738 0.1249824 0.1264865 0.1454581 0.1322563 0.1845422 0.201272 0.2113976 0.09549759 0.08031578 0.1041645 0.02839602 0.02680906 0.02390644 0.04284311 0.01863759 0.04819964 0.04513767 0.09312778 0.07761198 0.07058356 0.1486495 0.1245925 0.1301168 0.1323505 0.08724635
0.001998096 0.01290365 0.01922864 5.515946e-005 0.0001646179 0.0001063069 0 0.002708288 0 0.002507682 4.38378e-005 0.0002475496 1.22809e-005 6.184739e-005 5.901014e-005 0.0002169118 0.0004311419 0.005106219 0.01943853 0.01471132 0.02038141 0.02117244 0.02401764 0.04367073 0.08133961 0.1428699 0.19459 0.2818677 0.2281734 0.1714017 0.134713 0.1500494 0.2261413 0.3186446 0.2452127 0.2559153 0.2366128 0.1775308 0.1391236 0.09124681 0.08414847 0.09573163 0.08987512 0.06565204 0.03503284 0.0391651 0.07238728 0.07094528 0.14269 0.07520518 0.04944973 0.09484348 0.08524903 0.08844893 0.1500984 0.108261
0 0.005399232 0 0.00143798 0 0 0 0.003286521 5.326924e-005 0 0 1.219787e-005 1.706372e-005 0.0001821862 0.0002494292 0.001885853 0.000393791 0.004393069 0.00942557 0.006445193 0.009898262 0.01496979 0.02759953 0.04520185 0.07909825 0.1312532 0.1811802 0.2469024 0.2517141 0.2601283 0.2207777 0.2089134 0.2883734 0.3149256 0.2219233 0.2469122 0.200136 0.140606 0.113141 0.0843571 0.1003811 0.1092934 0.08684269 0.04754923 0.04455942 0.05813444 0.04159305 0.06594869 0.1439588 0.06503674 0.05616042 0.07339567 0.07593474 0.06367922 0.08541084 0.04833407
0.00258721 0 0.0008052142 0.002869089 0.00319592 0 0.004169797 0.0001663793 0 0 0 0.0005358873 0.0007867297 0.0001079186 0.002895625 0.004323696 0.003403845 0.009513445 0.01368482 0.01242178 0.01420304 0.01738816 0.048464 0.07421211 0.1321475 0.1484466 0.1457586 0.1958098 0.2233553 0.2497676 0.225112 0.2554596 0.2588347 0.2363738 0.1640888 0.2161395 0.1652289 0.1346086 0.1162801 0.07546017 0.07982123 0.05481799 0.03936864 0.02647207 0.03030507 0.03657166 0.03847204 0.0691667 0.07872939 0.04110209 0.0283613 0.03640667 0.05365334 0.05678099 0.05204525 0.04264221
0.002014246 0 0.004013173 0.004464982 0.004694937 0.001920831 0.004151146 0.003676387 0 5.259506e-005 0 0.0001090171 0.0008135898 0.002299926 0.007440845 0.004010881 0.006971487 0.01039434 0.02162451 0.02676927 0.02375675 0.02317679 0.0494649 0.1128856 0.1791837 0.2480958 0.2626018 0.2791549 0.2532621 0.1919428 0.1894057 0.266401 0.2456263 0.2794605 0.1744855 0.1506879 0.1448523 0.1525265 0.07717248 0.05832191 0.04560573 0.03959738 0.03232465 0.01196116 0.02780888 0.0448653 0.03675112 0.02875036 0.02792409 0.03893204 0.05375989 0.04642507 0.03036086 0.04842586 0.04736702 0.03152084
0.003681588 0.002265928 0.002286989 0.00347096 4.286728e-007 7.101278e-007 1.244718e-006 2.413155e-006 3.137567e-006 1.235555e-005 0.005511329 0.0002464439 0.002011812 0.002745133 0.0127717 0.01306891 0.01248694 0.02076621 0.02173445 0.03100333 0.03211639 0.03372061 0.02642743 0.07184814 0.1279476 0.126798 0.2725222 0.2487067 0.203487 0.174355 0.1663036 0.1744214 0.1789514 0.2242553 0.2046182 0.1480458 0.08537582 0.06960277 0.05954963 0.03736154 0.04760091 0.04745058 0.04469286 0.03153499 0.0317518 0.0509437 0.06977397 0.02856952 0.02946271 0.01810835 0.0500298 0.1286109 0.03735951 0.02175743 0.04017121 0.03672001
1.359434e-006 0.001153818 0.002877632 5.636008e-007 6.015357e-007 9.964572e-007 1.742324e-006 3.377366e-006 4.380376e-006 1.696881e-005 0.003402133 0.002507763 0.003558873 0.007144101 0.0148593 0.01345266 0.00894574 0.03112347 0.0315368 0.03667813 0.04298313 0.04412872 0.0363062 0.04338933 0.0639031 0.08283821 0.06842797 0.09473802 0.1159892 0.1163438 0.1357011 0.1894123 0.2493888 0.2085282 0.1998095 0.1621958 0.08448905 0.05901242 0.06501888 0.04080912 0.03979528 0.03425575 0.04803842 0.04410838 0.03694044 0.05308288 0.07173524 0.03046047 0.0360826 0.02247757 0.02796268 0.06685953 0.05676411 0.04447761 0.03833739 0.05563915
4.296257e-006 6.827771e-006 1.074666e-005 4.49516e-006 5.699709e-006 8.666095e-006 7.236093e-005 0.0008463182 0.001660492 0.0007280457 0.001848537 0.009474065 0.01044501 0.006038337 0.0174188 0.02173789 0.02599392 0.02650945 0.02939369 0.06843173 0.0545698 0.05470987 0.03961416 0.07619815 0.1034618 0.0835574 0.07919897 0.07522992 0.1408255 0.1313749 0.1878049 0.1718621 0.266413 0.1697726 0.2671102 0.2052454 0.1189029 0.04928135 0.03858363 0.0373427 0.06487785 0.06103654 0.06806096 0.04406737 0.03398009 0.0525595 0.05696316 0.03153703 0.05614464 0.04945412 0.05360826 0.07402646 0.05197598 0.05737593 0.0122903 0.02387726
9.790661e-006 1.686901e-005 0.001972542 1.216569e-005 1.567599e-005 0.007569062 0.007797765 0.001813363 0.003252252 0.003724973 0.006234238 0.01377887 0.01082595 0.01251913 0.02264312 0.02896964 0.04204269 0.05112486 0.05332966 0.07784156 0.06230171 0.05205863 0.049288 0.06257903 0.08610248 0.03827799 0.0594791 0.125853 0.1400393 0.15308 0.1847821 0.1976732 0.1806069 0.1746008 0.1786702 0.2263869 0.1126536 0.05619298 0.02220702 0.03470201 0.0396242 0.02717346 0.03411648 0.05546834 0.04331761 0.03689509 0.05344272 0.04847866 0.05697688 0.07552204 0.1073178 0.103867 0.02314735 0.03021608 0.0407627 0.01949332
1.737362e-005 0.005265078 0.01552653 0.005706266 0.03468659 0.07322148 0.05496838 0.005961528 0.01198887 0.005922892 0.01078069 0.009827347 0.02527622 0.0301885 0.02352397 0.0201708 0.03684989 0.04250571 0.04276776 0.1455388 0.1030144 0.04951339 0.03065622 0.05070475 0.04806109 0.05576762 0.07205049 0.1168644 0.07865852 0.09995133 0.1504994 0.2388736 0.1606379 0.1139036 0.063241 0.08484951 0.0752781 0.09076768 0.04915297 0.05483305 0.02490072 0.02917608 0.03748848 0.07518095 0.08852646 0.06382231 0.08540589 0.1027396 0.07239254 0.06966784 0.05704854 0.04933744 0.04347194 0.09423589 0.1218127 0.03398477
0.009388082 0.01636387 0.06961535 0.0953151 0.02052376 0.03016347 0.02129404 0.01918149 0.01951501 0.02135002 0.01576461 0.01890154 0.04702767 0.03118502 0.03955952 0.03251217 0.03634249 0.04041869 0.05292692 0.08534867 0.07661385 0.03763624 0.02877017 0.04386324 0.05365377 0.08886591 0.1037295 0.1367289 0.08128116 0.1059066 0.105819 0.3208376 0.2259474 0.120942 0.05793572 0.1410802 0.08978479 0.07185763 0.05100691 0.04772204 0.0483571 0.06018725 0.06038691 0.07927459 0.04485921 0.05684705 0.06734372 0.1096484 0.07293412 0.06482457 0.1020802 0.05226507 0.06549949 0.07992993 0.1051276 0.02254347
0.0283525 0.03939972 0.0618802 0.173507 0.0543878 0.02273852 0.06940416 0.02722448 0.02329583 0.02808717 0.03940769 0.06041285 0.1174951 0.1113347 0.07066273 0.06334731 0.05756961 0.05796967 0.06646393 0.07241399 0.05774833 0.05097579 0.04024433 0.04978052 0.07893291 0.07111882 0.1017016 0.174645 0.1046413 0.07922299 0.09069005 0.1170616 0.149608 0.1046875 0.07409088 0.1435693 0.2094064 0.1194696 0.08268988 0.05041813 0.06212862 0.06601039 0.0565054 0.0862479 0.1088203 0.08814985 0.05365142 0.04682891 0.07725651 0.08213273 0.08345614 0.07550246 0.03483814 0.04705561 0.03533781 0.02170256
0.05161645 0.04772574 0.07037002 0.07913518 0.06036864 0.04331278 0.05693788 0.03896245 0.02906697 0.04707757 0.1325426 0.1527551 0.1861787 0.1465695 0.08938837 0.06932666 0.04594647 0.05278044 0.07679989 0.06450429 0.05821061 0.06596779 0.04461028 0.04671167 0.0657891 0.06867713 0.06524981 0.1311412 0.1024045 0.09227964 0.07461129 0.08136053 0.07646941 0.07281863 0.05254705 0.06535286 0.1612267 0.1093174 0.1452742 0.1157597 0.0419221 0.08117165 0.121775 0.1335654 0.08904196 0.09324149 0.05050084 0.05861616 0.07590975 0.1389697 0.1272165 0.1264059 0.1229629 0.06510816 0.03393078 0.03248021
0.03706641 0.083033 0.03407638 0.03480745 0.0290463 0.02883942 0.06701255 0.0703008 0.07249529 0.1006769 0.1260065 0.1462461 0.1066068 0.1072021 0.0936493 0.0678952 0.05044213 0.07593129 0.06492615 0.06826784 0.04945843 0.06361648 0.06702217 0.1008017 0.07204773 0.1078931 0.0698623 0.1134038 0.1368695 0.09987364 0.06351838 0.07376631 0.09665488 0.09675196 0.1230436 0.1101079 0.07779215 0.06097553 0.1251205 0.1334694 0.04110488 0.04930248 0.06774151 0.08541273 0.0733292 0.04605995 0.05499256 0.1282391 0.2257269 0.2083724 0.2835455 0.224184 0.179984 0.09742488 0.05824101 0.07894828
0.03717683 0.02685916 0.02514126 0.0218816 0.02243865 0.05962531 0.1461732 0.1894972 0.1729552 0.1385923 0.07531495 0.06234577 0.06174957 0.06297588 0.06431325 0.05404007 0.07438841 0.07083555 0.04727821 0.04541901 0.05420145 0.06292014 0.06781092 0.07401506 0.1184388 0.06770971 0.07663561 0.04413955 0.04192749 0.06454144 0.06653241 0.08643433 0.1111077 0.09530973 0.0906983 0.07651583 0.09880235 0.07509524 0.1204909 0.08184075 0.04177065 0.04606397 0.05032125 0.04716211 0.07392768 0.07489981 0.1328702 0.1681882 0.2077357 0.231036 0.2826656 0.2200156 0.2124827 0.1398832 0.06097681 0.1387494
0.01172186 0.005054441 0.005461213 0.03357819 0.05832279 0.07732686 0.1907307 0.1484914 0.1024178 0.06421338 0.06979044 0.0611962 0.07488073 0.0574644 0.06078575 0.05462731 0.07033826 0.07788913 0.05782437 0.03599013 0.03679338 0.04533665 0.06776325 0.08796518 0.13617 0.06144494 0.05267188 0.05735058 0.05048621 0.06316712 0.09578739 0.1104604 0.1330586 0.1090048 0.0959776 0.04017402 0.0894459 0.129572 0.1304489 0.08368063 0.05636086 0.05590143 0.06661699 0.0897249 0.1167578 0.1283757 0.1403969 0.1316351 0.1600741 0.208018 0.2614667 0.3182989 0.3238284 0.2442436 0.1392639 0.09616321
0.01235915 0.009969933 0.01844469 0.1723465 0.1692272 0.08955866 0.2081235 0.1111972 0.07004733 0.04062694 0.04029329 0.05681293 0.08682457 0.1100823 0.1160906 0.09621123 0.1222524 0.08403957 0.06441728 0.04055502 0.03826044 0.0448724 0.04412087 0.06151097 0.08139604 0.06090665 0.05474267 0.04292855 0.04178652 0.03678148 0.03979022 0.07519066 0.1016943 0.1568721 0.115818 0.0606106 0.06765629 0.1492992 0.1092116 0.07061966 0.08746371 0.09017049 0.0877247 0.1070463 0.1898157 0.15377 0.1760122 0.1797058 0.1490699 0.1501294 0.2156741 0.3469474 0.459249 0.3619017 0.2222305 0.1087449
0.1203374 0.03254024 0.02927238 0.1490718 0.2376228 0.2455026 0.1322437 0.08084061 0.046551 0.03725612 0.04171854 0.07706065 0.101484 0.1196599 0.1451073 0.1368456 0.1687755 0.1197164 0.1201907 0.06553967 0.06912226 0.05594361 0.06010148 0.05563997 0.0493708 0.05625281 0.08419196 0.08822366 0.05509543 0.0468065 0.05013272 0.06637123 0.09160188 0.1239923 0.1250413 0.1035856 0.1136295 0.1190386 0.1273825 0.1521835 0.1455245 0.1214937 0.1072396 0.148248 0.16523 0.1476028 0.1515292 0.1720348 0.1733404 0.2014418 0.2560732 0.3579022 0.3689367 0.287817 0.1650044 0.1319904
0.04112617 0.05415645 0.03924412 0.2154818 0.3061918 0.2062487 0.1235599 0.126813 0.07351445 0.08190417 0.07331644 0.08753367 0.1070675 0.1124386 0.1831797 0.1340701 0.132166 0.1317885 0.173093 0.1337659 0.1015063 0.08761255 0.06711441 0.05635266 0.08178027 0.07496758 0.08829938 0.08342892 0.05768213 0.03919925 0.04612111 0.06848571 0.08670403 0.1100256 0.1435861 0.1282454 0.1779834 0.1204129 0.1276662 0.1481167 0.1582714 0.1367524 0.1407043 0.1456676 0.1178794 0.1740731 0.1717408 0.2463738 0.2167708 0.2456518 0.2754764 0.3193505 0.2609315 0.1802134 0.09308881 0.1212125
0.0860039 0.0694937 0.0346361 0.1158243 0.2888651 0.1429151 0.131135 0.1308463 0.1137155 0.1267197 0.1071082 0.1896408 0.1549058 0.1133025 0.1824087 0.1445338 0.1340839 0.1743602 0.175628 0.1755874 0.07856659 0.08735468 0.08091298 0.0766507 0.09076206 0.082892 0.1137919 0.1465449 0.06206792 0.06705129 0.05787172 0.06684642 0.06908381 0.09304617 0.1368229 0.1402298 0.1426796 0.1761038 0.1536215 0.1536687 0.1316314 0.1221067 0.09361175 0.09970859 0.1140734 0.1319279 0.1879981 0.3553793 0.327816 0.2733317 0.2415552 0.2702222 0.2115978 0.1865017 0.1358799 0.09368487
0.0935487 0.0362629 0.02638034 0.1383038 0.2187751 0.3042004 0.2126445 0.1273625 0.1353603 0.1208009 0.1547348 0.2797724 0.1924363 0.09958685 0.1074909 0.1374995 0.1451283 0.1501982 0.2056348 0.1934953 0.1655713 0.1499883 0.1295364 0.1675132 0.1713246 0.06832031 0.09623227 0.12121 0.08534279 0.08003719 0.1208684 0.114678 0.0669411 0.08868022 0.1322058 0.1787397 0.1538184 0.1583468 0.1739043 0.1476096 0.1058791 0.0944385 0.08231211 0.09489275 0.09227342 0.1049508 0.1460088 0.2623958 0.2817763 0.2144519 0.2365889 0.3166843 0.2596079 0.1463875 0.114376 0.1396952
0.1083854 0.08360309 0.07739574 0.1102597 0.139053 0.2119728 0.2065883 0.2204365 0.2062574 0.1159507 0.3452536 0.3046017 0.2132487 0.1706787 0.1546932 0.1806403 0.2034011 0.1420786 0.2183114 0.1682403 0.1563034 0.1317439 0.1366159 0.1594024 0.1345651 0.09544285 0.1004715 0.07923294 0.1058026 0.08029695 0.171885 0.1770702 0.08234182 0.09414303 0.1228434 0.1822461 0.1775418 0.1717339 0.1923669 0.1524326 0.1203257 0.1157091 0.08480448 0.06824042 0.06498899 0.06130237 0.08209632 0.07905307 0.1332881 0.1259781 0.148093 0.2625018 0.2599487 0.1131467 0.1375984 0.1206446
0.1864808 0.2500578 0.1140516 0.1356205 0.215002 0.2047247 0.2659419 0.2318184 0.2178348 0.1447806 0.2333704 0.2276914 0.1275938 0.1414747 0.09354009 0.09100673 0.1178409 0.1215291 0.1541677 0.1256115 0.1243469 0.1274991 0.1004862 0.1106341 0.1256254 0.1038631 0.09174914 0.1049876 0.1139807 0.1162076 0.1221476 0.1120437 0.08779962 0.1019933 0.1307148 0.1950593 0.2046658 0.2002361 0.1718456 0.154838 0.1230252 0.1244552 0.09973872 0.06990914 0.06533469 0.05734306 0.0614019 0.07473488 0.09009772 0.1314191 0.151675 0.2363654 0.1789815 0.1122776 0.1371123 0.1131029
0.1726466 0.2086797 0.1200344 0.1878397 0.1516888 0.09571721 0.1825527 0.1902791 0.1717325 0.0840788 0.06994223 0.08576151 0.09281853 0.1083305 0.1326089 0.1338207 0.1656774 0.2061084 0.1809396 0.1100122 0.1114205 0.2457497 0.1118975 0.1164857 0.1266193 0.1086346 0.09223335 0.1486166 0.1493041 0.1468025 0.131173 0.1552786 0.148551 0.1379532 0.112106 0.1635303 0.2075751 0.2110427 0.1551898 0.1521131 0.1325885 0.1073364 0.08946034 0.07275263 0.04547773 0.05299778 0.0816934 0.07918085 0.09458964 0.1161354 0.1007851 0.1745981 0.1225742 0.1549522 0.1416527 0.06393132
0.1087669 0.08706131 0.09154937 0.1084783 0.07547354 0.06071348 0.1183441 0.09104273 0.06951049 0.08175449 0.153265 0.1742665 0.1404115 0.09900927 0.1575285 0.194443 0.2913719 0.2695492 0.1582775 0.1294031 0.1742776 0.1416056 0.1347014 0.1543056 0.1498273 0.1180757 0.1067083 0.1282443 0.1321083 0.1480652 0.1220945 0.1544239 0.162498 0.1441358 0.1453625 0.1592074 0.2196185 0.2158262 0.1607712 0.1407285 0.127161 0.1130336 0.1098121 0.08034728 0.05176569 0.03545529 0.06204735 0.04549495 0.0908516 0.0851195 0.06668489 0.205722 0.1673279 0.1153687 0.07940207 0.04786906
0.1823459 0.1359969 0.1284607 0.2150131 0.09734734 0.07641816 0.081321 0.0959881 0.1677299 0.1110606 0.1767895 0.1952181 0.132813 0.1028169 0.1789529 0.159888 0.2725154 0.3337258 0.22494 0.1595868 0.228012 0.3174915 0.1862548 0.2283838 0.2062276 0.1884202 0.1684856 0.145099 0.1450988 0.1306408 0.1437756 0.1502622 0.160229 0.1904634 0.2098605 0.2399867 0.2680142 0.2758402 0.2671328 0.1883206 0.1642519 0.1582087 0.1432826 0.08520093 0.08130328 0.1059512 0.1127156 0.0589417 0.07367998 0.06488924 0.07225791 0.1468921 0.116835 0.06904095 0.031697 0.04253985
