contrib/geomasonDemos/riftland/riftlandData/RainData/11.txt
ncols         56
nrows         54
xllcorner     28.264
yllcorner     -5.7719999999999
cellsize      0.25
NODATA_value  -9999
[rows 0 to 26 of 54, columns 0 to 55 of 56]
0.003697219 0.003987899 0.003518087 0.001726623 0.001772663 0.002900367 0.003853403 0.01558723 0.01680408 0.02346826 0.02417447 0.1077885 0.1113446 0.1341361 0.1545864 0.1136617 0.1116414 0.09933912 0.07799187 0.07022742 0.06269442 0.05572844 0.0505504 0.06732469 0.1398182 0.1004364 0.1156396 0.09546186 0.08592895 0.05303491 0.04839552 0.07260778 0.08687099 0.08020866 0.09190562 0.1087295 0.08318677 0.07704491 0.06827994 0.03999975 0.01879605 0.01546744 0.02206028 0.02498638 0.02758727 0.02780613 0.02702814 0.03497788 0.03933607 0.0368791 0.02856583 0.02540255 0.02213096 0.01326031 0.01479985 0.001736902
0.006356546 0.00625437 0.005691503 0.003494468 0.002589333 0.002422831 0.005690563 0.0110744 0.01073205 0.01245349 0.01596486 0.1216786 0.1273354 0.1428986 0.1666923 0.1531713 0.1318115 0.11222 0.09995139 0.07486887 0.06386027 0.05886624 0.04649762 0.05783926 0.0629835 0.09444468 0.1017469 0.08975561 0.07372833 0.05109254 0.05034814 0.07195916 0.09660496 0.08893489 0.09084643 0.1006538 0.08585249 0.07181488 0.07407074 0.04470751 0.02749705 0.01836024 0.02030201 0.02592329 0.02600704 0.02981417 0.03238487 0.03265034 0.03351242 0.03559007 0.03340007 0.01798995 0.01939338 0.01394081 0.01664362 0.007053798
0.01463608 0.01119933 0.00983446 0.00419418 0.002894444 0.003194172 0.003432647 0.01509826 0.01169015 0.013136 0.01698716 0.1370961 0.1508629 0.1716702 0.1821382 0.1820766 0.157908 0.1306216 0.09993888 0.1257796 0.08455432 0.06377295 0.05882714 0.03567488 0.06016206 0.06104666 0.05620681 0.05908915 0.05571109 0.05475226 0.04764906 0.08481728 0.1231077 0.1051021 0.1078383 0.1026177 0.09310444 0.07914829 0.06972945 0.04304707 0.03696601 0.02743676 0.02357327 0.02671426 0.03141825 0.0347544 0.03927651 0.03708781 0.03829451 0.03614602 0.03421147 0.01700526 0.01580918 0.01433663 0.01653628 0.002209987
0.02216313 0.01000978 0.009764008 0.006308222 0.004207281 0.003602277 0.008495956 0.01577418 0.01658214 0.01054973 0.01213527 0.06397698 0.07664774 0.09770792 0.1057403 0.1217315 0.1104123 0.1224479 0.1068818 0.134496 0.1076123 0.07304645 0.08323396 0.0526602 0.06748751 0.08233988 0.08105399 0.07681378 0.07450197 0.08655757 0.07312123 0.08156293 0.08216859 0.08281271 0.08117478 0.09121385 0.07801642 0.07835955 0.08126426 0.06704331 0.06721866 0.05044229 0.0273118 0.03863243 0.04159097 0.04473425 0.04642368 0.05086822 0.0351391 0.03125215 0.03178282 0.01576112 0.01733437 0.02269712 0.02641983 0.009451789
0.02637618 0.01598539 0.02172256 0.0285592 0.02900204 0.01680898 0.02489884 0.01711273 0.01699727 0.009431125 0.008775492 0.04218041 0.0557086 0.06089824 0.0796262 0.09687077 0.1002593 0.1014787 0.1038495 0.1083599 0.09156781 0.07433259 0.07436951 0.05342302 0.07253321 0.06804288 0.06210049 0.09487779 0.09703886 0.08275543 0.07755896 0.0918779 0.08259101 0.07701962 0.08904381 0.08511804 0.07399383 0.07199492 0.06730003 0.05013975 0.04975056 0.03431576 0.05151719 0.04540348 0.04703809 0.0510259 0.04413043 0.0357402 0.03386598 0.03223892 0.02982866 0.02763645 0.01656832 0.01391611 0.01188371 0.007384079
0.01350723 0.02510321 0.02634208 0.02610532 0.006360933 0.005225543 0.009576877 0.01506705 0.01149757 0.007413369 0.007599689 0.02949824 0.03354963 0.04417044 0.06631041 0.07505591 0.0630168 0.05184809 0.05644667 0.06768488 0.08755787 0.07304554 0.09526935 0.07722867 0.0650554 0.05143726 0.06662024 0.08227473 0.08189063 0.07498034 0.08235071 0.09421079 0.1034545 0.1001094 0.120293 0.0789505 0.07026918 0.06780196 0.06966519 0.04259761 0.05555109 0.03225171 0.03294261 0.04003731 0.03228477 0.03453742 0.03145899 0.03647751 0.03331048 0.03486265 0.03342129 0.02179751 0.02266048 0.02150959 0.01213139 0.00697041
0.03121364 0.01474607 0.02949274 0.02083323 0.01767069 0.01963633 0.02212314 0.01532377 0.02248229 0.006047913 0.006634565 0.022629 0.02451925 0.0303019 0.05034479 0.05467676 0.04915192 0.04684319 0.03833997 0.09049171 0.08000446 0.07275626 0.09099884 0.09222113 0.1002292 0.06399906 0.06985785 0.08835381 0.08930846 0.08405294 0.088862 0.1008915 0.1058994 0.2272258 0.1317474 0.07676831 0.06619161 0.05936221 0.06264987 0.0590647 0.04946508 0.03932803 0.04974875 0.04072176 0.031435 0.03013907 0.0323679 0.04303417 0.04151008 0.04472794 0.03691775 0.01775836 0.01992378 0.01424077 0.02096986 0.007119845
0.03887935 0.02538656 0.0160201 0.0241539 0.04684554 0.0220394 0.01054898 0.008244853 0.003945949 0.00198256 0.003826336 0.004884323 0.003212182 0.006435506 0.02981158 0.03364294 0.02958728 0.03389892 0.04163829 0.06812436 0.04619728 0.04027232 0.06445647 0.09172251 0.0982897 0.06525765 0.04202485 0.06123536 0.06152413 0.06151291 0.05759785 0.09617017 0.1182327 0.106042 0.118396 0.08903455 0.06765929 0.07732484 0.08953971 0.04484729 0.03445412 0.0613333 0.06593809 0.03357171 0.01079721 0.01320114 0.01574338 0.03435345 0.01981507 0.02708107 0.02671222 0.01763386 0.02083557 0.02842249 0.03966708 0.01982072
0.06274215 0.05041181 0.03194907 0.03651898 0.05593707 0.05451147 0.02118676 0.02036769 0.005179358 0.004118749 0.005708233 0.005229781 0.004985587 0.01906025 0.05082466 0.03439341 0.02731034 0.02467099 0.03285578 0.05767523 0.03766352 0.03184783 0.07907046 0.08846051 0.0731128 0.05515618 0.03538805 0.07038598 0.05996905 0.06731988 0.06161529 0.09828165 0.1399829 0.06121228 0.05222898 0.07643504 0.07075509 0.05757527 0.04992285 0.03474254 0.02829702 0.02557693 0.03682787 0.03490799 0.01729812 0.01677669 0.01842192 0.02681082 0.01862357 0.01907235 0.01938584 0.0176392 0.02226567 0.06100404 0.06467542 0.03999307
0.0577205 0.04649863 0.04463678 0.05382288 0.06119147 0.05902307 0.02378546 0.02528484 0.01723794 0.006217848 0.00485073 0.006828243 0.005286712 0.02312312 0.1043907 0.05179911 0.02642384 0.01955537 0.02166028 0.05847736 0.04292135 0.03438576 0.04049922 0.06172926 0.06014327 0.04590371 0.07017795 0.07538541 0.05531438 0.05611262 0.03558099 0.0511604 0.05786866 0.05098579 0.06001105 0.07848241 0.06722462 0.06538709 0.04007423 0.03506479 0.04312909 0.03936684 0.03769119 0.04264979 0.02625114 0.02517508 0.01451235 0.02486822 0.03131011 0.02872699 0.01906352 0.03142682 0.07364758 0.06660837 0.06311278 0.03694779
0.08437585 0.07588581 0.0846256 0.07402262 0.06266532 0.05145324 0.05428902 0.03987985 0.01682819 0.007729737 0.01091787 0.01011196 0.006864075 0.0120405 0.02694299 0.03823023 0.02929493 0.05007963 0.02178371 0.07876791 0.06392828 0.05250283 0.05919459 0.0711289 0.05009196 0.04652635 0.04371881 0.05383227 0.0539756 0.06518114 0.04057632 0.06230452 0.05996488 0.03605757 0.06380372 0.08511236 0.08373746 0.06113954 0.06191988 0.03884054 0.04158298 0.03905135 0.02428073 0.02817851 0.03234418 0.02510314 0.01235431 0.01459826 0.02938556 0.02844938 0.02152663 0.06386048 0.06381857 0.05494853 0.06739892 0.03527081
0.2417855 0.166609 0.1492876 0.1035684 0.08096042 0.05271266 0.03660431 0.04248917 0.0592621 0.02360793 0.01764229 0.03166189 0.01191641 0.01227282 0.01344524 0.02529467 0.04780251 0.05394077 0.03553593 0.07918048 0.06720345 0.04800214 0.0397998 0.04401295 0.05059221 0.03315154 0.04166314 0.03158614 0.03426634 0.02729643 0.01596532 0.06227708 0.05784165 0.04648119 0.02792794 0.09900542 0.07894188 0.06842786 0.0656681 0.05695201 0.04836875 0.03098031 0.02442322 0.0306979 0.03244087 0.02948137 0.03393387 0.02720233 0.02912371 0.03909347 0.02817192 0.03515959 0.03325338 0.0311015 0.0534712 0.03042415
0.205522 0.1933516 0.1605239 0.1099773 0.08303908 0.0529976 0.03203715 0.02079716 0.03166412 0.02090531 0.0169202 0.02448318 0.01907009 0.01347615 0.01036589 0.01690734 0.02981456 0.02645775 0.06434128 0.1063771 0.06912297 0.0515463 0.03590837 0.03312634 0.02547272 0.01470123 0.02087554 0.02356008 0.02009042 0.02781728 0.005962064 0.08592094 0.04379765 0.03806775 0.0260628 0.08660596 0.05460381 0.05050517 0.08401735 0.06137566 0.08395723 0.04014004 0.03136869 0.03431007 0.03944113 0.0349902 0.0368713 0.02641283 0.05248945 0.0304212 0.02666279 0.04004894 0.02895107 0.0216221 0.01754496 0.01003772
0.1982748 0.1825351 0.1640999 0.1234712 0.08892115 0.08995137 0.05085697 0.0319509 0.02778664 0.02316603 0.02569084 0.07386944 0.02311291 0.02794768 0.01793983 0.01701117 0.02115897 0.0264855 0.05328564 0.09841884 0.06536262 0.05208349 0.03851821 0.03836158 0.0189729 0.01864076 0.0138949 0.01463931 0.0109008 0.01810667 0.02358619 0.07284493 0.04395512 0.07623965 0.04875625 0.08635917 0.08184336 0.06187262 0.1105625 0.06539207 0.0548023 0.04126475 0.04339823 0.04739685 0.03891119 0.038964 0.04244738 0.02765093 0.03424394 0.02523423 0.0253305 0.03351733 0.0354472 0.02301022 0.02834422 0.007628943
0.1663321 0.1954471 0.1750438 0.1273049 0.09462934 0.1174397 0.1173418 0.05381768 0.03308667 0.03499657 0.03406231 0.05757888 0.02669942 0.01896608 0.0190793 0.02081264 0.02066175 0.01634414 0.01850293 0.09334787 0.07427996 0.0616383 0.05299957 0.03095631 0.03020945 0.01809774 0.01601254 0.01429735 0.01126137 0.007843615 0.007362142 0.01968468 0.0466738 0.07846909 0.02828735 0.04349389 0.07261337 0.07626013 0.07121348 0.06445336 0.05608784 0.05713201 0.07121126 0.06872987 0.04778655 0.05255124 0.05741741 0.04196792 0.03247378 0.03159925 0.02616375 0.02879477 0.05257297 0.02047424 0.02759675 0.01792337
0.1491529 0.150351 0.1613161 0.088319 0.06322182 0.06974082 0.06521448 0.07162788 0.0739216 0.06784816 0.07881273 0.1085315 0.09263934 0.0702839 0.05061234 0.03284283 0.06773748 0.07642411 0.0499342 0.04641489 0.03665954 0.0452898 0.05252039 0.04928666 0.04368289 0.02806456 0.02421496 0.01430801 0.01091886 0.009407002 0.009267954 0.046044 0.06733915 0.07155477 0.04623007 0.04547516 0.05703876 0.06385283 0.04406725 0.05372337 0.07121518 0.06469234 0.07528596 0.04593361 0.06231293 0.07114534 0.07581079 0.05692896 0.03462924 0.02937879 0.02733239 0.02411268 0.01079748 0.01447752 0.01450541 0.04787143
0.1802783 0.2015296 0.118838 0.07774955 0.05588028 0.05480364 0.05566426 0.06415439 0.09185632 0.06934619 0.075911 0.1071955 0.07410406 0.07048848 0.06312129 0.04980857 0.07856273 0.05991401 0.03931335 0.05412382 0.04133783 0.05870008 0.0567331 0.07083829 0.05794894 0.03344754 0.03264104 0.01490418 0.01190811 0.00983496 0.01139837 0.05271572 0.04947419 0.06291307 0.04949246 0.04992026 0.05417334 0.0574311 0.05387684 0.06019855 0.06846386 0.06634475 0.07435577 0.048037 0.07680148 0.06337421 0.05650232 0.03995841 0.05896096 0.03346941 0.03382959 0.01661407 0.01690598 0.007370977 0.00594762 0.01977031
0.1544497 0.1665364 0.1178978 0.1029246 0.07235096 0.09915161 0.06406909 0.06845286 0.09245745 0.06688675 0.07136209 0.1185188 0.08869368 0.09165416 0.06094714 0.04043026 0.04407779 0.06782833 0.09172709 0.08426815 0.07040444 0.09659354 0.07404923 0.09598694 0.07121186 0.05078632 0.02926272 0.01554805 0.0123067 0.01009192 0.01118452 0.05005185 0.05906921 0.05077886 0.0510468 0.05030613 0.05030757 0.04833995 0.04678867 0.06016024 0.07261159 0.07420755 0.07909165 0.06029683 0.07491717 0.04023381 0.02527542 0.0357069 0.04686819 0.05059151 0.03100707 0.0312831 0.0208694 0.02920129 0.02200208 0.008517001
0.2196192 0.1719618 0.1698893 0.1444714 0.1055502 0.113193 0.07782426 0.07743144 0.06772318 0.06328761 0.08766817 0.1556547 0.1145867 0.1006939 0.09214082 0.04316819 0.08631729 0.1007845 0.103228 0.132855 0.08954553 0.1374002 0.100712 0.1353607 0.09998684 0.07510877 0.05145467 0.01863846 0.01298667 0.01025347 0.01082921 0.05017975 0.05092215 0.0514956 0.05209282 0.05139316 0.05089218 0.0508845 0.04791428 0.06186141 0.07354479 0.06326763 0.06694116 0.08062344 0.07020809 0.04356324 0.03316289 0.0520528 0.06371213 0.04169169 0.04187794 0.04968506 0.04086111 0.03178934 0.04288396 0.05379357
0.1820039 0.1915443 0.2199659 0.1421132 0.1298524 0.1345615 0.1169938 0.09860013 0.07414285 0.06208841 0.07334747 0.1041566 0.102525 0.1160467 0.1907211 0.09958699 0.09416457 0.09258766 0.1021541 0.1497203 0.1602239 0.163074 0.1607134 0.1391166 0.1108571 0.09346861 0.08510218 0.08035845 0.07646406 0.07125969 0.06561434 0.08198847 0.07840555 0.07844944 0.07864295 0.06742721 0.06460228 0.06779598 0.06694624 0.08225622 0.07705568 0.07409325 0.07543191 0.06874206 0.06340587 0.06062277 0.07198171 0.08305153 0.07170741 0.0467429 0.05804325 0.06809277 0.06676378 0.0890156 0.0563259 0.04432004
0.1716288 0.1684661 0.216573 0.1531758 0.1592496 0.1088029 0.08211979 0.08613574 0.05045456 0.04658882 0.04483821 0.08263227 0.0849264 0.1246035 0.1882762 0.1263324 0.09481835 0.0917575 0.08020294 0.137822 0.1471017 0.141016 0.16107 0.1472101 0.1223102 0.09632535 0.08531962 0.08447215 0.07893095 0.07411851 0.0696338 0.0813397 0.07732692 0.07750997 0.07855388 0.0710122 0.06820769 0.06631014 0.06366221 0.08446023 0.08065687 0.07588272 0.07842987 0.05537223 0.04432553 0.07062221 0.08024774 0.07507484 0.07022051 0.04329028 0.04451742 0.07029244 0.06263604 0.1328488 0.07854749 0.1182471
0.1656306 0.2130435 0.2313958 0.1723913 0.1470222 0.09330946 0.08618605 0.07967447 0.04754056 0.04281153 0.04265184 0.08303402 0.0932659 0.08840752 0.1381007 0.1281126 0.1038635 0.09709453 0.08902944 0.1348921 0.1259911 0.15154 0.1619743 0.1544895 0.1323712 0.1072072 0.08924617 0.1127102 0.08318293 0.07544637 0.07232041 0.08080932 0.07714187 0.0781986 0.08079616 0.08124107 0.07132118 0.06768132 0.08820266 0.09491225 0.0873438 0.08023902 0.07280006 0.05334926 0.04620675 0.04589976 0.05542476 0.08574931 0.08504926 0.05236059 0.05430183 0.06689429 0.07129341 0.09747453 0.09580144 0.1154634
0.2064012 0.2484797 0.2492166 0.1850197 0.136337 0.106166 0.1568078 0.1340736 0.07057083 0.05773531 0.04073501 0.07281286 0.06554608 0.08172286 0.08818505 0.159941 0.1673153 0.1259015 0.1111701 0.1484019 0.1717468 0.1853426 0.1737218 0.1756838 0.1559985 0.1007071 0.08702273 0.1254687 0.1317635 0.1069714 0.08162332 0.08105516 0.07559294 0.07730462 0.08048722 0.07679629 0.08114877 0.08849124 0.1070404 0.09708921 0.09543286 0.08512188 0.0801331 0.06055724 0.04669184 0.04768483 0.04977675 0.06284194 0.07037153 0.06565639 0.08349388 0.07929108 0.09808826 0.1092958 0.1083013 0.08569054
0.2023143 0.2055188 0.1891511 0.1488757 0.1317317 0.1179218 0.1350987 0.1099395 0.09497925 0.08850063 0.06642722 0.07338434 0.06503672 0.07685999 0.09172424 0.1083854 0.1032711 0.1176325 0.1274407 0.1672922 0.1828058 0.228651 0.1671363 0.1623843 0.1487532 0.1169012 0.110606 0.1204541 0.1397931 0.1318091 0.1003838 0.109919 0.1000913 0.09811734 0.108218 0.129085 0.1383623 0.1139176 0.1154613 0.0975427 0.09057099 0.08379284 0.07571577 0.03401353 0.03142329 0.03179726 0.04521051 0.06210751 0.07477394 0.08514233 0.09717776 0.1205337 0.1294949 0.1229608 0.1346661 0.1022474
0.1855974 0.15892 0.1802216 0.1382862 0.1223197 0.1196546 0.1334666 0.09563559 0.08010606 0.07397883 0.06898683 0.07110804 0.06140638 0.06417603 0.0672051 0.07218945 0.06556183 0.06986405 0.09181216 0.2276413 0.1911412 0.1624802 0.1458116 0.1322987 0.1285549 0.1223392 0.1112502 0.1238871 0.1314613 0.09476396 0.1257048 0.1142897 0.1118681 0.1038969 0.1144477 0.1232792 0.1570237 0.1201717 0.1294966 0.1008373 0.09478223 0.09039278 0.0863454 0.03536738 0.03322889 0.03071417 0.04535202 0.05966672 0.07019617 0.06988257 0.1343245 0.1210911 0.151788 0.1448418 0.1571559 0.1206765
0.1383055 0.140535 0.1571658 0.1192578 0.1059394 0.1090168 0.1435048 0.09355789 0.07200725 0.06567664 0.06130642 0.06888663 0.06029912 0.06382743 0.05686747 0.06029993 0.05641948 0.05959541 0.06899616 0.1318578 0.1288276 0.1212046 0.1242212 0.1302167 0.1473843 0.1254713 0.1169156 0.1161668 0.1471874 0.1440453 0.1201046 0.1273357 0.1125333 0.1115547 0.1158467 0.1183511 0.1358074 0.1671677 0.1229316 0.1102873 0.1098805 0.1054197 0.09589942 0.03854153 0.0309135 0.02833304 0.06263766 0.07804777 0.07852542 0.07293188 0.1095969 0.1136504 0.1451592 0.1855196 0.1563183 0.1292958
0.1393827 0.1526387 0.1394978 0.1083493 0.1164347 0.111417 0.1109803 0.08566899 0.07392189 0.06569082 0.07645237 0.08259218 0.05825207 0.05846495 0.06285311 0.0661273 0.08228388 0.06823616 0.07403108 0.1140029 0.1289907 0.1211043 0.1088718 0.1572719 0.1465079 0.1313987 0.1348009 0.1455659 0.147239 0.1417123 0.1396149 0.120474 0.1128781 0.1107165 0.1240377 0.117056 0.1304443 0.1376268 0.1294844 0.1122708 0.1120852 0.1094738 0.1026172 0.04942188 0.04717149 0.04680838 0.08474457 0.09607638 0.08984606 0.09395443 0.09772633 0.1185758 0.1598979 0.2095732 0.1490878 0.1196376
