contrib/geomasonDemos/riftland/riftlandData/RainData/11.txt
ncols         56
nrows         54
xllcorner     28.264
yllcorner     -5.7719999999999
cellsize      0.25
NODATA_value  -9999
[rows 27 to 53 of 54, columns 0 to 55 of 56]
0.1089976 0.1373251 0.09195972 0.1201139 0.1147016 0.09836546 0.09154691 0.09705534 0.08730488 0.08623224 0.08222218 0.09158513 0.08241181 0.07131129 0.06578908 0.07635272 0.07351175 0.08261123 0.1112092 0.1028941 0.1343451 0.1057822 0.09880266 0.1573134 0.1716097 0.158157 0.1321799 0.116177 0.1008694 0.1133507 0.1087934 0.1229592 0.1131311 0.1238682 0.1380201 0.1728182 0.1842333 0.1913869 0.1763243 0.163402 0.1713291 0.1769255 0.1504487 0.08776302 0.09475105 0.1002405 0.09898624 0.07795054 0.07044804 0.08136936 0.06337862 0.07821209 0.09549668 0.1212619 0.09461608 0.06993761
0.1166043 0.09648176 0.09735198 0.1321341 0.1245593 0.09470213 0.09391177 0.09412172 0.08894856 0.08568984 0.07157721 0.07897703 0.0631149 0.06324333 0.05828598 0.0549141 0.05044854 0.0741985 0.07915799 0.06363381 0.06913966 0.08525067 0.09077887 0.1643984 0.1554606 0.1272784 0.1058906 0.09345347 0.1070686 0.1024524 0.0951248 0.1260024 0.1162474 0.1294693 0.141007 0.1871142 0.2078104 0.2147676 0.1980664 0.1825642 0.2000604 0.1839733 0.1555208 0.1224897 0.1096618 0.1180356 0.1190177 0.08517522 0.09106711 0.1126689 0.08187544 0.07838768 0.08844866 0.08416267 0.07886252 0.0612816
0.191522 0.0918396 0.1126614 0.1139254 0.1170008 0.09313551 0.09290396 0.08464833 0.07862871 0.07468113 0.06588657 0.06962714 0.05932322 0.06837766 0.0584203 0.04389382 0.04593811 0.05817576 0.06021908 0.04971847 0.05171559 0.07104012 0.0837136 0.167783 0.199144 0.1524502 0.1249844 0.1127153 0.09609305 0.08652721 0.09203014 0.139971 0.1228838 0.1287311 0.1433457 0.1873045 0.2187201 0.2298394 0.2624163 0.2179929 0.2262684 0.2234085 0.1710788 0.112579 0.1001838 0.1070049 0.1303718 0.09194963 0.1186427 0.1218042 0.0930976 0.1094335 0.1197454 0.1179529 0.1010705 0.07269443
0.1684866 0.1603962 0.1282477 0.1097132 0.09674686 0.09409779 0.08946047 0.07674452 0.07115601 0.07211527 0.06181508 0.05803146 0.05988255 0.06890057 0.08076809 0.07217016 0.04152973 0.04845766 0.0427011 0.06780109 0.06553924 0.06135105 0.06925746 0.1136898 0.1574119 0.1245885 0.1393347 0.1098325 0.1006013 0.08983793 0.1073765 0.1383108 0.1255863 0.1267634 0.1615744 0.2069501 0.2199818 0.2387356 0.2957044 0.2553871 0.2316533 0.2143383 0.1837981 0.1190956 0.1036354 0.1147367 0.1370739 0.1044834 0.1140644 0.1191361 0.1140942 0.1178686 0.1220256 0.1179362 0.105476 0.08796203
0.212099 0.1609892 0.1247926 0.1138623 0.09615462 0.07560318 0.07012442 0.08255969 0.08517683 0.08924855 0.07373964 0.0552782 0.05201998 0.05366317 0.04554274 0.05992237 0.07307644 0.09093608 0.1168164 0.1071362 0.1016131 0.07533757 0.08457776 0.1029418 0.14384 0.1154361 0.1059019 0.08827116 0.08822303 0.08278921 0.09058305 0.1195341 0.1088326 0.1221753 0.1586561 0.2439782 0.2539559 0.2685523 0.269874 0.3122552 0.2762143 0.223953 0.2326279 0.1859728 0.1534995 0.1669259 0.1564025 0.1601514 0.1275931 0.1077362 0.09673288 0.1180837 0.09841961 0.116621 0.10351 0.06228925
0.2322476 0.1704853 0.1366043 0.1161333 0.08047171 0.07078857 0.0653754 0.08130013 0.08053218 0.07618047 0.06158207 0.05238948 0.05589514 0.05876007 0.04916162 0.07504144 0.1018282 0.1029836 0.1322709 0.1052854 0.07273765 0.06921791 0.07396303 0.09511102 0.1159529 0.09639614 0.1122579 0.1021478 0.1013446 0.08851009 0.09056751 0.1311597 0.1137881 0.1128408 0.1367801 0.2190219 0.2443952 0.2575859 0.2708102 0.2810057 0.2623684 0.2396288 0.2342025 0.2148096 0.1851277 0.1865034 0.1695226 0.146429 0.1531672 0.1009469 0.08351539 0.0920762 0.07688768 0.0848657 0.081816 0.03086565
0.2164011 0.1479719 0.1385972 0.103468 0.08011994 0.07013134 0.06677082 0.06940462 0.06616799 0.06672423 0.06506988 0.05557727 0.05145781 0.05091631 0.04074968 0.1270172 0.125058 0.1516298 0.1495683 0.1116873 0.09908348 0.06095237 0.06834614 0.09490781 0.163083 0.1217967 0.09569685 0.1331233 0.121171 0.09209735 0.08684144 0.1187485 0.1437896 0.1274081 0.1437404 0.2136091 0.2336857 0.2367662 0.2470635 0.2410736 0.2831581 0.2426786 0.2211068 0.2476617 0.2055028 0.1912192 0.1776572 0.1511052 0.1633659 0.1492356 0.1493497 0.0846924 0.09134941 0.08371001 0.05227968 0.01740288
0.2201276 0.1588508 0.1420619 0.1030857 0.0939464 0.08426853 0.07101225 0.07007233 0.0699907 0.06863658 0.06756467 0.05887111 0.05259436 0.0565357 0.06220271 0.1368353 0.1410865 0.1748313 0.1585691 0.1436484 0.09303749 0.07089442 0.07611926 0.1056769 0.1394211 0.1997099 0.1960511 0.1008875 0.08413223 0.09109559 0.1012485 0.1093894 0.1237137 0.1190494 0.1299855 0.1935574 0.2081963 0.2115204 0.228562 0.2571853 0.2570102 0.2400816 0.2134394 0.1801872 0.1804275 0.191757 0.1684633 0.1804759 0.1445255 0.1794886 0.2074003 0.1320929 0.1165978 0.08395998 0.04842539 0.01315128
0.1954824 0.1552607 0.1315657 0.1241093 0.09555057 0.07772034 0.0619109 0.07012082 0.07313085 0.0754114 0.07360557 0.08277548 0.08200615 0.08179 0.08232135 0.2062372 0.2482615 0.2451696 0.2627049 0.118373 0.09177516 0.08965684 0.07007941 0.1040036 0.1477347 0.1640415 0.1569118 0.1031928 0.09256918 0.07857886 0.07736792 0.1141858 0.1080183 0.1163589 0.1189697 0.1558569 0.1733685 0.1703505 0.1772835 0.2254243 0.2005559 0.1783267 0.1904044 0.1690609 0.1539607 0.1552124 0.178019 0.1787129 0.196887 0.1701605 0.1666586 0.1557298 0.1042034 0.05932318 0.03253188 0.007080748
0.2060108 0.1908923 0.1501828 0.12157 0.09070259 0.06894314 0.06458591 0.07318435 0.06923021 0.07484137 0.07167515 0.08023845 0.08999181 0.1018086 0.07962035 0.1778179 0.2375952 0.2157214 0.2101731 0.1107804 0.07978246 0.05743448 0.09132483 0.1469184 0.1219369 0.1419763 0.1178154 0.09332751 0.08485463 0.07504679 0.07855717 0.1094583 0.1029159 0.1028124 0.1079576 0.1337341 0.1514288 0.1551246 0.1710868 0.1963121 0.1782739 0.1907464 0.1644421 0.1666519 0.1358307 0.1395649 0.1350598 0.1395476 0.138561 0.1118976 0.1127894 0.1510076 0.1661063 0.05853957 0.03422841 0.007528008
0.1923049 0.1575119 0.1231574 0.1028809 0.07847192 0.07184089 0.06883295 0.08206792 0.07854863 0.08329902 0.07524202 0.1002792 0.09409844 0.08690939 0.09023854 0.1742592 0.1932043 0.2087167 0.1992077 0.09555764 0.07198312 0.05221616 0.05234612 0.06895031 0.1138189 0.1122366 0.1229265 0.09568563 0.08204173 0.06805403 0.0896375 0.1316779 0.09560075 0.09361567 0.1044659 0.12703 0.1514049 0.1536991 0.1595742 0.1809959 0.1624429 0.1659568 0.1679477 0.1601726 0.1447966 0.1453543 0.1420019 0.1245557 0.1382761 0.1356815 0.1319475 0.1476312 0.08532598 0.03742813 0.03498911 0.005083333
0.2613943 0.1776619 0.1258182 0.08462348 0.08015645 0.07920154 0.08202393 0.1068753 0.1033337 0.09547656 0.08814999 0.1142471 0.1282464 0.09811351 0.1217277 0.1833672 0.2244574 0.2191765 0.2313982 0.09016214 0.06654097 0.07419653 0.0868903 0.105903 0.1138069 0.1384811 0.1397362 0.09715375 0.07383905 0.07244784 0.08150549 0.1370309 0.08881745 0.08634292 0.08894127 0.1328715 0.1636012 0.1535659 0.1530435 0.1669711 0.1474553 0.1721475 0.1757377 0.1759616 0.1710261 0.1670296 0.1518103 0.1549389 0.1549202 0.1271171 0.1162868 0.09792124 0.0775708 0.04509362 0.02343037 0.005125
0.3172039 0.2054476 0.1485735 0.08216934 0.07588164 0.08901512 0.08908068 0.09738795 0.1576859 0.09789316 0.113727 0.1028501 0.1191531 0.1158188 0.1292435 0.1789466 0.1807667 0.1318713 0.1397133 0.1096407 0.08437494 0.1368456 0.1343327 0.1527733 0.2264643 0.1943176 0.1165634 0.08278463 0.05165946 0.05597384 0.07053236 0.1452907 0.1178097 0.1191631 0.0955907 0.1091002 0.1170159 0.1326138 0.1218802 0.1195587 0.1308869 0.1607626 0.1393604 0.1446576 0.1522524 0.1524615 0.1802061 0.1945245 0.1981981 0.1773912 0.133549 0.1032425 0.07655493 0.04755455 0.03931581 0.001208333
0.2979751 0.2016879 0.1634204 0.1004221 0.08410801 0.1000477 0.1136969 0.104767 0.1133346 0.1121647 0.1193097 0.1212463 0.1234262 0.1480171 0.1593789 0.2195286 0.1831154 0.1277807 0.1308096 0.1078801 0.09003842 0.08118904 0.1072331 0.1367876 0.1503306 0.2272373 0.1754383 0.067267 0.04095577 0.03457088 0.04841407 0.1205104 0.1269523 0.08820158 0.08684896 0.08336797 0.09104421 0.1004357 0.1178917 0.1390456 0.134845 0.1420047 0.1540037 0.1434214 0.1564143 0.1676508 0.2053059 0.1656633 0.1515487 0.1385464 0.1211502 0.0851415 0.05115534 0.04429525 0.0383139 0.001416667
0.2659588 0.1856917 0.1516202 0.1094075 0.1037693 0.1107757 0.1299264 0.1384005 0.1199552 0.1144977 0.1167133 0.1444232 0.1501398 0.1778625 0.2239518 0.1847939 0.2259761 0.2009276 0.1274894 0.1202646 0.101651 0.1023444 0.08691564 0.123383 0.1340841 0.1222937 0.09795989 0.05980702 0.04189541 0.05777434 0.03940238 0.06266867 0.06919087 0.0649926 0.06119695 0.07642232 0.07682013 0.1023229 0.1385753 0.1332717 0.1567493 0.1487572 0.1397447 0.1504494 0.1757674 0.2055239 0.1983748 0.171142 0.138053 0.1254232 0.1207897 0.0487991 0.04692388 0.05018506 0.05295195 0.007125
0.2001004 0.1467721 0.1387379 0.09652106 0.106895 0.1024467 0.1069264 0.1546766 0.1373381 0.1295227 0.1252363 0.1594191 0.168265 0.1946158 0.2001941 0.1896618 0.2143421 0.1724281 0.1503099 0.1600101 0.1767711 0.2133152 0.1291633 0.1475403 0.1611905 0.1368735 0.08325128 0.05295856 0.03881574 0.08772716 0.04236492 0.06193966 0.05824416 0.05460244 0.06523596 0.1105696 0.2097067 0.100979 0.1233721 0.1348909 0.1601766 0.1476986 0.1383849 0.1527374 0.1665677 0.1814118 0.177126 0.188532 0.1349138 0.1244218 0.1161762 0.05236876 0.04517686 0.04185428 0.03683301 0.001208333
0.1586631 0.09299765 0.06151575 0.0511432 0.04879704 0.07259415 0.09972401 0.165127 0.1114354 0.09540436 0.1294946 0.1976663 0.2237188 0.2200992 0.1904529 0.2085791 0.1546148 0.1479218 0.1769356 0.2396631 0.2078427 0.2909978 0.2593561 0.1664239 0.1303147 0.07678235 0.05633678 0.0755271 0.07718867 0.1023176 0.05148892 0.04022135 0.03799683 0.04497139 0.03692391 0.08101565 0.2119646 0.08395882 0.08465852 0.1317957 0.1514122 0.1505652 0.1500927 0.1388886 0.1432819 0.1398892 0.1392227 0.1256379 0.09092647 0.09174368 0.06862527 0.04704166 0.008791666 0.007083333 0.01025 0.003791667
0.1509356 0.0976437 0.07853717 0.06500062 0.08190059 0.0724107 0.08523529 0.1661114 0.1637001 0.129484 0.158894 0.219089 0.2598818 0.2512712 0.2326708 0.1794309 0.1477645 0.1503186 0.1305348 0.1968186 0.2882212 0.2543718 0.2255998 0.1905503 0.1306783 0.08788986 0.05133503 0.05076298 0.04367512 0.07266952 0.04409618 0.04018229 0.03163167 0.03413321 0.02852282 0.04334995 0.04952952 0.05644116 0.06744038 0.1200461 0.1532056 0.1527986 0.1460399 0.1479992 0.148268 0.1372535 0.1197613 0.09834286 0.08632943 0.06253068 0.05903896 0.01095833 0.006208333 0.006833333 0.01670833 0.005291666
0.2383402 0.1596946 0.08314859 0.05450932 0.0884269 0.119892 0.1422091 0.1840722 0.1587079 0.1715662 0.1752833 0.2300948 0.2507598 0.2201275 0.2119589 0.1675525 0.1553649 0.1646614 0.1646534 0.1894996 0.3233968 0.3165985 0.2912228 0.2417234 0.09967988 0.06681867 0.05521316 0.05920604 0.05561949 0.08275259 0.04929201 0.04343542 0.03211359 0.02974389 0.03490683 0.03984417 0.04688167 0.0562499 0.06792817 0.1247021 0.1527963 0.1593342 0.1550142 0.1572393 0.1389403 0.1452036 0.1160383 0.09311004 0.08637495 0.05777483 0.05780257 0.014125 0.004708333 0.0065 0.004958333 0.009291667
0.25964 0.1981692 0.1117427 0.05955926 0.05776644 0.1231003 0.1188428 0.180626 0.2146225 0.2593922 0.2836512 0.2784323 0.2303522 0.2261192 0.2732826 0.2120331 0.1876447 0.1838272 0.1762357 0.2002686 0.2477224 0.2295453 0.2252701 0.1496613 0.1413591 0.08752815 0.06151764 0.08145805 0.06816883 0.06120372 0.06243267 0.06001372 0.04281326 0.04415983 0.03329706 0.04175022 0.04862604 0.05900082 0.08298807 0.1239681 0.1354246 0.1389483 0.1511097 0.1459961 0.1357315 0.1291179 0.1209755 0.09805365 0.06780545 0.05620124 0.05423636 0.011125 0.01270833 0.033875 0.01929167 0.01591667
0.1427397 0.1885654 0.1059234 0.1619079 0.1335741 0.1716366 0.2488128 0.329256 0.2434911 0.2072339 0.2207779 0.2727299 0.2719723 0.2803831 0.3003081 0.2493647 0.2260643 0.2278345 0.2455401 0.2129307 0.203374 0.1742631 0.172592 0.1700022 0.1940348 0.1574624 0.08788919 0.0584578 0.06379727 0.06301336 0.04951067 0.04704296 0.04632062 0.0745494 0.04208269 0.03989846 0.04193564 0.05354015 0.09618259 0.1091139 0.1160945 0.117544 0.1130192 0.1235288 0.126583 0.1125355 0.1152026 0.021125 0.01258333 0.01025 0.0105 0.004583333 0.009916666 0.01141667 0.007958333 0.0115
0.1546821 0.2018221 0.1362289 0.2045443 0.1955328 0.1882022 0.3148081 0.3601174 0.2859981 0.2535848 0.2267512 0.3078875 0.3253312 0.3348637 0.3256609 0.2972801 0.2547704 0.2308322 0.2507437 0.2304737 0.2131513 0.2317016 0.1856783 0.174114 0.2618126 0.1977604 0.1311289 0.086611 0.06706397 0.04754826 0.05597315 0.05583004 0.05617381 0.08833767 0.04139119 0.04653757 0.04661335 0.05929809 0.08308551 0.1009234 0.1163931 0.1176198 0.1112241 0.1176326 0.1230402 0.1177032 0.127549 0.01720833 0.02320833 0.01454167 0.009833333 0.007166667 0.002583333 0.004041667 0.007125 0.0175
0.2315842 0.293152 0.2276682 0.3231255 0.3051619 0.3555225 0.3566002 0.3266592 0.2729028 0.345228 0.3833382 0.2975834 0.3175239 0.3161938 0.3339594 0.3955976 0.2722149 0.262451 0.2635602 0.2408385 0.2232625 0.198614 0.1880344 0.115054 0.2744628 0.1838625 0.1221059 0.1332164 0.09802239 0.08702725 0.07284323 0.06551578 0.06122738 0.07214405 0.04453921 0.05371647 0.07429073 0.07950138 0.07478274 0.1029601 0.1318941 0.1170883 0.1148179 0.1143082 0.1180953 0.1382515 0.1235185 0.009625 0.011875 0.006666667 0.004708333 0.009458333 0.006333333 0.009875 0.009208333 0.01466667
0.357743 0.3700747 0.2911696 0.4421436 0.4789059 0.4845552 0.6042214 0.3380492 0.2502315 0.2938591 0.3175867 0.2800387 0.3032506 0.3026804 0.3207525 0.4092786 0.3594795 0.3355041 0.2934171 0.2394968 0.2116649 0.1995379 0.1875183 0.1066558 0.1525255 0.1240297 0.1102996 0.09805214 0.09834734 0.1192577 0.101107 0.1155017 0.09778165 0.1047546 0.0625622 0.0615237 0.06954388 0.08845974 0.08734398 0.1054182 0.1217393 0.129303 0.1234769 0.1217746 0.1230625 0.1250771 0.1137896 0.006666666 0.02241667 0.01079167 0.002375 0.01541667 0.01258333 0.01683333 0.024 0.02204167
0.3084016 0.2831267 0.2846568 0.5206337 0.4045137 0.3767589 0.4338181 0.34597 0.2564393 0.3132228 0.3409227 0.2280405 0.2089711 0.2326711 0.2387979 0.4084363 0.4485224 0.4003411 0.3851984 0.2635452 0.234279 0.2156552 0.1906371 0.1676963 0.1685108 0.1706337 0.1458642 0.1043757 0.0987478 0.1119536 0.1005936 0.09032504 0.09755218 0.08471947 0.08745075 0.07785451 0.08296781 0.06881209 0.07571234 0.105707 0.1251954 0.1338783 0.1390501 0.1301144 0.1313176 0.1344226 0.1174278 0.020625 0.02420833 0.018 0.006583333 0.020375 0.01695833 0.03204167 0.04762499 0.03258333
0.2695332 0.2610528 0.2490819 0.3300867 0.3123611 0.2825822 0.3111079 0.2697803 0.2696926 0.2154143 0.1670453 0.2041143 0.2095418 0.2252743 0.3063343 0.4035648 0.3873829 0.3732994 0.3118958 0.2901537 0.2521588 0.2288935 0.2051336 0.1826263 0.1704405 0.1590426 0.1449402 0.1310224 0.1183231 0.09624978 0.0856805 0.07493053 0.07122758 0.06114565 0.05586999 0.07573441 0.07019665 0.06919837 0.06889009 0.1093328 0.1235797 0.1414051 0.1388979 0.1508921 0.1387855 0.1401388 0.1261786 0.038125 0.02720833 0.008958333 0.006083333 0.0195 0.019875 0.03333333 0.04258333 0.03079167
0.1838815 0.2227076 0.2551992 0.2483177 0.2230771 0.2341959 0.2565536 0.2626283 0.207697 0.1724544 0.1497872 0.2190145 0.22713 0.2604684 0.2855771 0.3613551 0.3547905 0.3413092 0.3088346 0.2638479 0.2352544 0.214929 0.1765038 0.1817934 0.172774 0.1384212 0.1454544 0.1794235 0.1236681 0.1080456 0.1027111 0.07486766 0.06889741 0.05308239 0.05430038 0.06900756 0.07050716 0.06886581 0.07432583 0.1100698 0.1251188 0.1397874 0.1405051 0.1386244 0.1473625 0.1466938 0.1325203 0.027 0.02175 0.01604167 0.006125 0.01466667 0.01658333 0.032 0.03625 0.026375
