contrib/geomasonDemos/riftland/riftlandData/RainData/113.txt
ncols         56
nrows         54
xllcorner     28.264
yllcorner     -5.7719999999999
cellsize      0.25
NODATA_value  -9999
[rows 27 to 53 of 54, columns 0 to 55 of 56]
0.5237694 0.5087616 0.3765507 0.4731979 0.5724049 0.6452297 0.4872494 0.3847958 0.3181853 0.2024739 0.2271101 0.3115428 0.2991183 0.2448001 0.2005588 0.285591 0.3204817 0.4248554 0.4409229 0.5025739 0.5229286 0.4900303 0.5660939 0.4163574 0.3201907 0.2199989 0.188924 0.2515307 0.1828313 0.1853907 0.1698243 0.1681648 0.1522479 0.141857 0.1216451 0.119514 0.1237284 0.1196452 0.1160234 0.0801354 0.0647886 0.05529992 0.05530351 0.02444097 0.02403176 0.04356163 0.06384243 0.08373135 0.09355 0.08920881 0.1244155 0.2404741 0.1994497 0.1449405 0.1281697 0.124311
0.4771123 0.4339246 0.5094216 0.5247515 0.5115269 0.4695641 0.3813284 0.325563 0.1950562 0.1620825 0.1360373 0.161768 0.1402866 0.1780427 0.1776338 0.2483698 0.2261002 0.2586351 0.2931413 0.4327707 0.4106517 0.4948672 0.5507714 0.4707343 0.353979 0.2890966 0.2212426 0.1954943 0.189175 0.1952363 0.1693014 0.193583 0.1889491 0.1446075 0.1309029 0.1358438 0.1335633 0.1348017 0.1419605 0.09954035 0.09310879 0.06865688 0.06471577 0.03655843 0.03889232 0.04081849 0.09321856 0.06784612 0.1057517 0.08430707 0.07149825 0.1147057 0.09432272 0.1141852 0.1711262 0.1258147
0.5518723 0.5136353 0.5159457 0.5571371 0.5265369 0.3691886 0.3207239 0.2488891 0.152455 0.1667558 0.1294642 0.1466995 0.1314498 0.1519972 0.1756732 0.230839 0.2673411 0.3043106 0.3596568 0.3290761 0.3472823 0.5947514 0.5154418 0.4833108 0.375623 0.3388476 0.3502095 0.2425128 0.2057764 0.2004239 0.2210322 0.2173009 0.1788377 0.1694514 0.1614628 0.1603565 0.1519533 0.1847495 0.2065793 0.1148632 0.1070368 0.1003991 0.07867408 0.06484073 0.04384803 0.05509308 0.0963357 0.1318352 0.1548057 0.1569636 0.1211245 0.1321158 0.121245 0.1438729 0.170378 0.1363029
0.5310425 0.4965604 0.5604059 0.4888019 0.3255139 0.2137833 0.1922299 0.2208806 0.1831099 0.1820312 0.1153676 0.1547442 0.1417523 0.2366654 0.31424 0.3927118 0.400295 0.4151203 0.3296536 0.434114 0.6537207 0.6513211 0.4408345 0.2983302 0.2690545 0.3068506 0.3503264 0.2428735 0.1985511 0.2121413 0.2466657 0.2384827 0.18037 0.1639494 0.1804695 0.2677206 0.2211023 0.2204116 0.2117764 0.1141131 0.1279495 0.09069524 0.08106789 0.0494946 0.05519197 0.0657928 0.09039427 0.1465917 0.1801776 0.2184007 0.160537 0.112299 0.1387619 0.1569475 0.2130419 0.1251285
0.6410896 0.5196503 0.4173672 0.4368487 0.2285743 0.2311022 0.3057531 0.3425571 0.2859594 0.1555007 0.1915987 0.2718875 0.2959386 0.3494679 0.4068704 0.4843605 0.5902857 0.6163006 0.599865 0.5618264 0.6138446 0.5390624 0.3614445 0.351025 0.3265923 0.3629569 0.2546777 0.3070771 0.3389303 0.2061359 0.2192365 0.2613209 0.2088816 0.1968524 0.1874367 0.2467232 0.2914665 0.2548771 0.1773614 0.1031903 0.0975162 0.06352507 0.05490863 0.03306276 0.03706674 0.07613105 0.05286992 0.08475225 0.1422234 0.1833723 0.1491511 0.1010154 0.1455463 0.2383641 0.1703244 0.1665579
0.636444 0.4821891 0.2822801 0.2258682 0.1612059 0.2129368 0.3062648 0.3027181 0.2323225 0.1955407 0.1648551 0.2646971 0.3017823 0.3652313 0.491376 0.6173805 0.6093507 0.6148567 0.5934435 0.468883 0.4538748 0.3900425 0.282285 0.213553 0.2890396 0.2802858 0.2711473 0.4249451 0.3634008 0.2012338 0.1557336 0.2094361 0.2236546 0.2412017 0.2214888 0.245755 0.2930241 0.2226565 0.1727168 0.09358361 0.08417496 0.06006529 0.05242144 0.04181444 0.0321492 0.03329333 0.05530266 0.05035997 0.1270203 0.1485506 0.1540651 0.1799306 0.2400709 0.3145322 0.3328344 0.1796705
0.6347345 0.4767492 0.2175448 0.2474968 0.1791747 0.2767031 0.2520891 0.2120019 0.1837531 0.1375264 0.1368693 0.264106 0.3457936 0.4342566 0.6389567 0.6908312 0.6387239 0.6057293 0.5836264 0.4872699 0.3245738 0.2672659 0.2320516 0.2025419 0.4477012 0.40649 0.2791499 0.3221164 0.3988683 0.2774516 0.1503981 0.183446 0.2153289 0.2506455 0.2334374 0.2529981 0.2364788 0.2023696 0.1637837 0.08695724 0.07830964 0.05922004 0.06684826 0.0368175 0.04032033 0.05498495 0.0502923 0.0829995 0.09826642 0.1233181 0.165202 0.2014636 0.2324522 0.3626532 0.2667039 0.2439679
0.6081501 0.4994691 0.2940977 0.3656072 0.3911878 0.332167 0.1556772 0.1205102 0.1072353 0.1385901 0.1392946 0.2996612 0.4352669 0.6098585 0.724199 0.7390416 0.7134537 0.674519 0.5813075 0.4022426 0.2242032 0.1675717 0.2002401 0.304575 0.438037 0.5007197 0.2230313 0.1936745 0.167899 0.1536279 0.1301998 0.1729975 0.2088911 0.1970268 0.1976496 0.2184771 0.2332266 0.2182322 0.1573192 0.09113794 0.07714948 0.06917511 0.06526697 0.03553033 0.04217145 0.07720231 0.09078332 0.1193198 0.1408164 0.1683765 0.1972376 0.2031325 0.2789052 0.3321452 0.3060485 0.3623216
0.639559 0.5775573 0.4067663 0.5436225 0.46127 0.3586124 0.2559166 0.3140483 0.2535469 0.2377368 0.2625837 0.3254038 0.4833053 0.6048727 0.763439 0.6870527 0.6542426 0.6271537 0.5249301 0.3011795 0.1921816 0.141009 0.1971739 0.4832482 0.3663658 0.4568094 0.288756 0.2410682 0.1379285 0.06638788 0.08901963 0.1439352 0.1314803 0.1273187 0.1135981 0.1637476 0.181938 0.1122067 0.07583337 0.06792211 0.05579954 0.05112315 0.04997044 0.03572959 0.06440174 0.06944941 0.118003 0.1723357 0.1870789 0.2209949 0.2414421 0.2794534 0.291443 0.3895276 0.3634605 0.5401723
0.5992534 0.4984133 0.2745933 0.4712727 0.4257493 0.3310306 0.2970088 0.3061925 0.2663468 0.2491153 0.2134523 0.2918761 0.4580265 0.5493984 0.6175603 0.5687057 0.5842517 0.5454663 0.3844407 0.2875259 0.1880347 0.190608 0.1658284 0.2850994 0.4138996 0.2925977 0.3072365 0.2582299 0.1321013 0.04605922 0.05605815 0.09969594 0.1082767 0.107434 0.1453905 0.1207627 0.09861729 0.07989084 0.06996516 0.04568827 0.04544334 0.05564248 0.0721714 0.08879557 0.08858223 0.1250238 0.1208341 0.2682774 0.2844732 0.3334139 0.3588693 0.372952 0.3714498 0.4107632 0.4341425 0.516955
0.5516328 0.4773802 0.219863 0.3109035 0.2572399 0.2603673 0.2678757 0.282674 0.2651892 0.2307003 0.2038603 0.3204112 0.3668644 0.4463433 0.5693356 0.5043672 0.4800836 0.3777953 0.3400519 0.2051348 0.1597998 0.1478488 0.2121534 0.4749368 0.3615941 0.2284863 0.1919526 0.1811836 0.08282723 0.075168 0.04183733 0.08742201 0.08404402 0.08939742 0.120623 0.0883646 0.07385655 0.06242726 0.05963595 0.04923952 0.04327466 0.05090263 0.1028766 0.131743 0.1159983 0.1974981 0.2042003 0.3334939 0.384301 0.4598437 0.4694038 0.5629827 0.5643737 0.6121991 0.6056435 0.5136122
0.593904 0.4729308 0.3424953 0.4439054 0.2512012 0.2249213 0.2218589 0.2454667 0.2872865 0.2307865 0.2708833 0.3057871 0.3497643 0.4370988 0.5126645 0.4256955 0.356175 0.3551819 0.2418444 0.1535506 0.1382464 0.1329892 0.2155187 0.358521 0.2938936 0.1807478 0.1463591 0.1271322 0.1001234 0.04836857 0.05423092 0.08697435 0.0696779 0.0742716 0.07738982 0.09137481 0.1024842 0.06691472 0.05725394 0.05189145 0.04872471 0.06831019 0.1047508 0.1581519 0.2040157 0.3010223 0.3754232 0.4164284 0.5049065 0.5626745 0.561458 0.6312433 0.5972152 0.6495113 0.4995022 0.5623856
0.5889131 0.4501188 0.3573299 0.4356252 0.2644391 0.236626 0.2331947 0.3602559 0.285937 0.2751113 0.3011126 0.2738997 0.3546827 0.4771139 0.5989033 0.3779807 0.4117135 0.4144311 0.2804059 0.1544727 0.1073406 0.1253902 0.2654651 0.4635875 0.250549 0.1434713 0.1089066 0.07741131 0.0578304 0.06094089 0.05604391 0.0649553 0.06468651 0.05209619 0.05589527 0.07124001 0.05819521 0.04611032 0.04516642 0.04907892 0.06379508 0.08977719 0.1006335 0.1777828 0.2278277 0.3125882 0.4118411 0.4516531 0.5685852 0.5832396 0.5717251 0.6086453 0.6534237 0.5048504 0.4608768 0.4497544
0.5735468 0.3913471 0.2446129 0.2982734 0.2251985 0.2796311 0.3020898 0.2443495 0.3015652 0.2561954 0.2898678 0.2255401 0.2758808 0.3599932 0.4232544 0.2553467 0.3917669 0.3041269 0.2706863 0.1553919 0.1657103 0.1098502 0.1917749 0.3945673 0.1770481 0.1753049 0.1097366 0.07168901 0.06145044 0.05131231 0.02842187 0.04012071 0.04409511 0.04106913 0.04456759 0.04216591 0.04436433 0.03663771 0.05089083 0.04945523 0.06678934 0.08121558 0.1157193 0.1925915 0.2344607 0.2951798 0.422882 0.4966438 0.5834606 0.6479531 0.6952951 0.7326755 0.6447049 0.5919806 0.5328382 0.5094062
0.4973603 0.333598 0.2715795 0.3469901 0.2218263 0.3027885 0.3460116 0.370444 0.2574868 0.2264035 0.2659158 0.2312932 0.2398883 0.2783784 0.1990697 0.1799972 0.2809813 0.1671685 0.1430253 0.09612656 0.1075163 0.1110301 0.1906647 0.2692606 0.1464152 0.1082998 0.09514601 0.069999 0.03735424 0.03089659 0.0213305 0.0360869 0.03517924 0.03752514 0.04428383 0.04397321 0.03404911 0.04475001 0.05909332 0.05676956 0.1107353 0.1332566 0.1621318 0.2117674 0.2565967 0.321572 0.4384985 0.4777225 0.5775184 0.679691 0.6930391 0.6861151 0.7066118 0.5695812 0.5825175 0.5122026
0.4451192 0.2827683 0.2495154 0.2638956 0.2140249 0.1885674 0.3007796 0.2903048 0.2344492 0.1842475 0.1888357 0.2588992 0.217669 0.2093962 0.1425745 0.1194122 0.09760842 0.07474402 0.07818023 0.09470623 0.07142049 0.1867462 0.1843382 0.1280651 0.09804997 0.06615313 0.08074754 0.06618943 0.02796461 0.02588903 0.05459823 0.03428003 0.03817135 0.04289369 0.05443442 0.08389309 0.211619 0.07270505 0.0595668 0.1001004 0.1238009 0.1425114 0.1771288 0.2439596 0.2894905 0.3528477 0.4093057 0.451572 0.5583748 0.6799101 0.6886097 0.565819 0.6094083 0.5536917 0.480795 0.3807423
0.4802962 0.3865446 0.1670211 0.1669276 0.122596 0.1036424 0.1483607 0.1823574 0.1444978 0.08423716 0.1057601 0.2452924 0.2349924 0.1777458 0.2024857 0.09844775 0.04043295 0.04394779 0.07251831 0.08880363 0.08198342 0.1127674 0.1536023 0.0821047 0.07160559 0.05051143 0.03740993 0.03311244 0.02430608 0.02458296 0.02706022 0.0428104 0.05433461 0.06902138 0.06644155 0.06968647 0.315432 0.08780335 0.09941158 0.1282963 0.1517532 0.1966895 0.2225126 0.2774267 0.3624737 0.4154846 0.4482727 0.5248545 0.6194027 0.6799972 0.5824973 0.5029161 0.4315389 0.4011978 0.3441456 0.2447177
0.5608433 0.4116869 0.1524336 0.1402331 0.09447187 0.08468606 0.09131039 0.1612656 0.1503452 0.0993709 0.08942608 0.1210361 0.1820304 0.1957541 0.1225218 0.05337017 0.03480953 0.02864869 0.05686221 0.09167152 0.08810351 0.08575986 0.06665681 0.06637783 0.04095901 0.03527812 0.02970641 0.0262289 0.02610249 0.02628409 0.02894946 0.04563623 0.0680467 0.09071003 0.07732183 0.05877705 0.06223949 0.09896678 0.09359735 0.1143607 0.1376456 0.1796384 0.2341267 0.2878053 0.3688107 0.5078696 0.5287533 0.6008023 0.7325866 0.6126363 0.5470752 0.451362 0.391071 0.3670739 0.420833 0.2779436
0.5251665 0.2991283 0.1092842 0.1276621 0.09093782 0.07797612 0.1175626 0.1977843 0.1869052 0.128708 0.07539394 0.09020275 0.1389165 0.1110867 0.08468482 0.02908449 0.02741275 0.02439009 0.04215256 0.07981306 0.1426822 0.058897 0.04006621 0.03425133 0.02027152 0.02126388 0.01826274 0.02454971 0.02232452 0.02945097 0.04085024 0.04150632 0.06185619 0.06545499 0.08109604 0.08172397 0.06068665 0.0927686 0.1027788 0.09438848 0.09584533 0.1440685 0.2238489 0.3092211 0.4216242 0.5618564 0.60779 0.6463427 0.7741452 0.6319227 0.5246153 0.4606608 0.4116043 0.4089139 0.4049515 0.3147984
0.4927662 0.3101785 0.1202606 0.1218834 0.08440021 0.08009822 0.08835271 0.1566445 0.152533 0.1582843 0.1578676 0.1016663 0.1085887 0.1179111 0.08006426 0.02330509 0.01600206 0.01263209 0.01572579 0.03548178 0.0554928 0.02725899 0.01747507 0.02518119 0.01980886 0.01352631 0.01581393 0.01971945 0.02063061 0.02841441 0.02512338 0.0427371 0.05484649 0.0574908 0.07317793 0.0738729 0.06639365 0.07439692 0.08083864 0.08748156 0.1255253 0.2017601 0.3030776 0.3883903 0.4856494 0.5480012 0.6486312 0.6608793 0.5918736 0.6088318 0.5939147 0.501791 0.4235061 0.4280408 0.4766025 0.3309677
0.3468266 0.2577555 0.08469985 0.1059727 0.1387357 0.1036141 0.1027633 0.1029626 0.1060642 0.08648102 0.08935389 0.06807163 0.09522349 0.09778646 0.0368688 0.02617054 0.01676746 0.01326281 0.0139544 0.02288544 0.02186112 0.01742284 0.0153829 0.009533665 0.01842369 0.0118546 0.007670201 0.00966046 0.01159084 0.01631385 0.01813038 0.02597238 0.05458212 0.06875865 0.05547991 0.07200155 0.07289044 0.07780882 0.08950403 0.1391085 0.2070078 0.2880408 0.4203465 0.4801989 0.523258 0.5542158 0.6972365 0.6216257 0.6815565 0.6481161 0.641413 0.4615322 0.4113306 0.4422178 0.4290322 0.3128225
0.2384093 0.2242999 0.2365844 0.1488631 0.14721 0.08313312 0.08658744 0.09955319 0.07458959 0.05276446 0.05437443 0.05626146 0.09215625 0.04119946 0.02211727 0.02370678 0.01355182 0.01469156 0.01222195 0.01304579 0.01177622 0.0117586 0.01194257 0.008471211 0.01146027 0.009327735 0.01078054 0.01394246 0.01892591 0.03167928 0.02321159 0.0423184 0.05771739 0.03391714 0.04480024 0.0413137 0.06601672 0.06883544 0.1129702 0.1904526 0.2701402 0.3557374 0.4830926 0.4720843 0.5071146 0.6053721 0.6920698 0.6452845 0.7023418 0.6876603 0.6034508 0.3932661 0.3938306 0.4079032 0.3840322 0.3550806
0.2161658 0.2301905 0.2363286 0.241202 0.1919784 0.09374713 0.05622511 0.1038008 0.07316387 0.07082132 0.04385279 0.0555095 0.04942642 0.03490967 0.03069797 0.03190163 0.02494756 0.01684278 0.008577053 0.01120183 0.01305806 0.009555816 0.009017535 0.005955953 0.005618343 0.006457557 0.009128454 0.01363463 0.009311051 0.01059465 0.02707415 0.01224623 0.01683699 0.02566011 0.0374605 0.04151795 0.04191677 0.09458336 0.1367354 0.2052079 0.2674838 0.4144384 0.5553243 0.521615 0.5296886 0.5997525 0.7033355 0.5587003 0.5502403 0.6319393 0.5776795 0.3833468 0.364758 0.4104032 0.3896371 0.3609274
0.189307 0.1919917 0.2091426 0.2069881 0.1352625 0.1033067 0.06943275 0.07592004 0.05549037 0.06433263 0.03629966 0.0305221 0.01964216 0.03789978 0.0398951 0.02880665 0.04267023 0.0189198 0.01260916 0.01440571 0.01711472 0.01090188 0.008279165 0.0050271 0.01752905 0.01187723 0.01538791 0.03078976 0.01943015 0.01410151 0.007349471 0.01339457 0.01572577 0.02631382 0.04038725 0.04893319 0.04699384 0.1054427 0.1362741 0.2694438 0.3565971 0.4461278 0.5745364 0.5205471 0.5450345 0.573281 0.4518575 0.443124 0.5045442 0.6074702 0.6025894 0.42875 0.3887902 0.4641128 0.4318145 0.3787097
0.1251761 0.1109794 0.1219427 0.2533165 0.2055951 0.1655976 0.09236097 0.09937977 0.0611665 0.05085621 0.0460877 0.0230855 0.01504758 0.0546502 0.09228271 0.05641831 0.03880822 0.01817991 0.0226124 0.01778746 0.01767372 0.01374705 0.009613864 0.02593354 0.02567452 0.02221427 0.03293734 0.03869306 0.01342525 0.004820582 0.007821525 0.02457911 0.01364277 0.02022403 0.04087074 0.08062903 0.08557121 0.1003549 0.1898894 0.3602673 0.4332734 0.5062065 0.6106194 0.4904595 0.5968904 0.5383062 0.4227615 0.3401878 0.4292004 0.5508258 0.5336282 0.3965322 0.3695161 0.3860081 0.3894355 0.3500806
0.1056776 0.05559874 0.06151286 0.1602709 0.219341 0.1439643 0.08771166 0.08110285 0.04010369 0.04049189 0.03338463 0.03978627 0.04564737 0.06208319 0.05395825 0.05244168 0.05548642 0.02439026 0.02211601 0.02431113 0.02398965 0.01280639 0.00878933 0.01662468 0.004013792 0.01220566 0.03480647 0.0241342 0.01151267 0.002240011 0.00318557 0.00976394 0.009012999 0.02638671 0.03427221 0.07742121 0.08337376 0.1056137 0.1776764 0.3334208 0.4219078 0.5438502 0.5757975 0.4779117 0.566807 0.552473 0.4349386 0.3810251 0.5027217 0.6299735 0.5503048 0.3862097 0.3713306 0.4500403 0.4803225 0.4210887
0.08049743 0.07160863 0.05164507 0.09942419 0.1499268 0.09276094 0.06292027 0.1153293 0.06539517 0.05509871 0.03898579 0.02796658 0.02298268 0.04545002 0.03749512 0.06485225 0.05782358 0.02978394 0.01206784 0.01632272 0.01599586 0.00945621 0.006835947 0.007299405 0.01419162 0.007001334 0.01909724 0.0154045 0.00491013 0.0007567589 0.001563451 0.007973812 0.00914164 0.01558124 0.02877011 0.07172425 0.09134416 0.1294469 0.1874183 0.3631751 0.4218822 0.5204436 0.4815954 0.4278575 0.5741817 0.5868613 0.4332208 0.4197057 0.4566255 0.5665051 0.5735428 0.442742 0.4608871 0.5592339 0.5831854 0.5370161
