contrib/geomasonDemos/riftland/riftlandData/RainData/115.txt
ncols         56
nrows         54
xllcorner     28.264
yllcorner     -5.7719999999999
cellsize      0.25
NODATA_value  -9999
[rows 25 to 49 of 54, columns 0 to 55 of 56]
0.1457811 0.1192762 0.1363384 0.1837241 0.1296727 0.08995862 0.09478082 0.1127325 0.1102592 0.05692168 0.06091481 0.07275815 0.09054773 0.1080592 0.1111588 0.07994287 0.07615962 0.05486302 0.05298366 0.08891809 0.126564 0.141307 0.2073045 0.1793436 0.1899754 0.1848591 0.2136153 0.2449699 0.2211515 0.2229374 0.1756214 0.1439344 0.192967 0.2066807 0.2120689 0.1337274 0.0835965 0.02369338 0.01295357 0.01308051 0.009661438 0.008465178 0.006628431 0.002467252 0.001428911 0.0007909409 0.001871593 0.001810274 7.996421e-005 0.0006591131 0.0001263804 0.001641637 0.05480864 0.05566765 0.01712407 0.003360518
0.1634354 0.1744591 0.172228 0.1076691 0.1174504 0.111458 0.08589074 0.137299 0.0609877 0.03005234 0.05654104 0.1148389 0.1851831 0.146786 0.1318287 0.1483904 0.1369616 0.06983084 0.1200613 0.1122251 0.1045685 0.188357 0.1924848 0.1856858 0.176191 0.1973096 0.2348955 0.2575493 0.2107505 0.2246596 0.1955448 0.2132032 0.2121066 0.1681907 0.1758986 0.08307223 0.05439051 0.01461741 0.007831239 0.01022288 0.009287836 0.007963033 0.006220302 0.002649923 0.001391523 0.000713829 0.002425351 0.001124735 0.002480383 0.00278552 0.0005942859 0.01408083 0.02547687 0.01951049 0.01416999 0.0006553609
0.1138866 0.1587683 0.1288255 0.1173417 0.114235 0.09167423 0.07817354 0.1384035 0.0639293 0.08688789 0.1258694 0.1242759 0.1587854 0.1253713 0.2038235 0.1567661 0.1564136 0.1272958 0.118926 0.137778 0.1294504 0.1003694 0.117356 0.2006033 0.2468986 0.2614393 0.2750227 0.2411742 0.2149385 0.2003602 0.1979692 0.1948026 0.1884835 0.156316 0.1332939 0.06464385 0.03639336 0.01565805 0.0107474 0.00900799 0.00776519 0.006536063 0.005070724 0.001827521 0.001564371 0.002649421 0.0006397023 0.0003567033 0.0002626899 0.007927075 0.001394232 0.005749286 0.0292124 0.01677189 0.006592514 0.005062153
0.1038135 0.1327705 0.1292105 0.07889002 0.05878786 0.0758155 0.06221756 0.07796791 0.06973062 0.1143275 0.1197296 0.1585718 0.1393096 0.1188495 0.1635797 0.1355352 0.08900914 0.1024615 0.08370695 0.0997838 0.1316166 0.07320868 0.1014114 0.1934234 0.2414708 0.2697995 0.2810477 0.2702775 0.2132513 0.202337 0.191801 0.19618 0.1733416 0.1617438 0.1291785 0.06091151 0.04960683 0.0171466 0.01077123 0.008850114 0.007457948 0.006109116 0.004764604 0.001682 0.003267189 0.001333764 0.003682449 0.0003642528 0.0006353741 0.0003640315 0.001215158 0.00654953 0.02347101 0.006424745 0.0586265 0.01831883
0.08064385 0.09471766 0.08227035 0.0628597 0.03393309 0.04112045 0.05468608 0.07430699 0.08260512 0.1151773 0.1028574 0.08950268 0.0854106 0.1035089 0.1025698 0.06988495 0.06682236 0.04545837 0.05270243 0.05091343 0.08702563 0.07684216 0.1237077 0.1532203 0.1898869 0.2417399 0.2441915 0.2349364 0.2263812 0.2147183 0.1826323 0.1633442 0.1587693 0.1462792 0.1275238 0.07663607 0.06445815 0.02749496 0.01448053 0.009558566 0.007860248 0.006274624 0.004839427 0.001751876 0.0008978272 0.001261692 0.002230722 0.0005065809 0.0005130964 0.000642504 0.001481736 0.002766502 0.01450844 0.02071566 0.06038623 0.02697237
0.1149012 0.1014409 0.05539164 0.06270009 0.02948691 0.03227518 0.05243765 0.08555273 0.1086504 0.1415986 0.08684566 0.1123152 0.07500695 0.1013993 0.09227613 0.04878725 0.03902401 0.03484585 0.04239258 0.05771964 0.1036464 0.07878861 0.07807869 0.1431175 0.1408779 0.1700826 0.1886601 0.1997471 0.2034833 0.1984606 0.1558629 0.1672573 0.1654859 0.1741386 0.1191849 0.05947584 0.05095928 0.03236219 0.01859514 0.01111741 0.008857423 0.00702345 0.005414134 0.001919264 0.0009972773 0.00057464 0.0006764681 0.0007840667 0.000878545 0.001216635 0.002262543 0.003003656 0.0047039 0.006382979 0.01401804 0.004786919
0.1249547 0.1130386 0.09049017 0.06783698 0.02251692 0.0225475 0.04540846 0.07733817 0.08021864 0.0894263 0.1233969 0.1327651 0.09012317 0.07356476 0.05879292 0.04226026 0.0468218 0.06953646 0.07623851 0.09250641 0.09951864 0.08918099 0.09487884 0.105869 0.1241156 0.1716698 0.1547578 0.1914497 0.1791397 0.1729153 0.172169 0.1791745 0.1588141 0.1503674 0.1029207 0.07081214 0.05141557 0.03151305 0.02575883 0.01564366 0.0112886 0.008840554 0.006841896 0.001811205 0.0009323407 0.0005640981 0.0008408417 0.001752694 0.002055311 0.002919307 0.004325937 0.02032164 0.005681723 0.01705138 0.02381473 0.01841433
0.1478158 0.1029359 0.08840769 0.05514392 0.03465841 0.05772143 0.0440314 0.062439 0.06838369 0.05965032 0.08251316 0.1085503 0.09115953 0.07336671 0.06205639 0.07414686 0.09100023 0.08901553 0.09645509 0.1156725 0.1162386 0.08929353 0.09579547 0.1002832 0.1012931 0.1319989 0.1730679 0.1787003 0.1781668 0.1793327 0.1912337 0.161278 0.1302353 0.1249078 0.1216443 0.08018423 0.04818508 0.0342648 0.03491988 0.01870589 0.01249125 0.009703233 0.007496573 0.001985096 0.001017602 0.0006394574 0.0008798089 0.002193918 0.002637959 0.01275146 0.02089742 0.01003931 0.008537751 0.01745199 0.005881837 0.01698
0.1690586 0.1151403 0.04655838 0.04750895 0.04000899 0.0516887 0.03784838 0.05132361 0.05193878 0.0639418 0.04619482 0.08777933 0.06727578 0.05735593 0.06606551 0.06866464 0.0811372 0.1242232 0.1442851 0.1238616 0.1596283 0.08465451 0.06253631 0.08805953 0.1014001 0.1369511 0.1479571 0.1233316 0.1439444 0.1543794 0.1399865 0.1493983 0.1376479 0.1263899 0.1089266 0.06564046 0.0442459 0.0416818 0.03807992 0.01672659 0.01304747 0.01029268 0.00809539 0.002218715 0.001246671 0.0009180839 0.001253841 0.003090388 0.003704727 0.005027838 0.02589747 0.006040149 0.01475738 0.01848175 0.01047218 0.0112478
0.1546702 0.09400408 0.06493706 0.05854471 0.04292388 0.04895515 0.0462455 0.05478594 0.06933351 0.07046477 0.06296974 0.06829946 0.06163561 0.06667972 0.07288314 0.08369005 0.1081708 0.1340533 0.1695878 0.1553207 0.1225382 0.06659299 0.05403336 0.07446585 0.101335 0.1295366 0.137904 0.1360207 0.1490358 0.1389371 0.1173353 0.1297987 0.1179088 0.1065881 0.101949 0.05558486 0.04383336 0.05787894 0.04610687 0.01574211 0.01299853 0.01061351 0.008785253 0.00250262 0.001618616 0.001431304 0.002555786 0.004399175 0.005386068 0.007013064 0.008598473 0.007423893 0.01739101 0.009356878 0.01260392 0.02068646
0.132381 0.05723852 0.05719994 0.0565972 0.04787576 0.04421135 0.04000742 0.0565512 0.08359933 0.07971527 0.08472548 0.07124252 0.05564133 0.06173534 0.09450904 0.1105552 0.1337738 0.1639812 0.1765208 0.1415806 0.111024 0.06597646 0.05123884 0.04815275 0.05543165 0.07361262 0.07840765 0.09970947 0.1199288 0.09542351 0.06703649 0.08012833 0.07392873 0.07060856 0.04534196 0.03844939 0.03276038 0.03465032 0.02268504 0.01032482 0.008871489 0.007850187 0.00624904 0.002924727 0.002084453 0.002403918 0.005447253 0.008773311 0.01369418 0.01153469 0.01231464 0.02350594 0.0229065 0.01561233 0.01381478 0.02635746
0.09274036 0.06898455 0.02875791 0.05019054 0.04716353 0.03436443 0.05380933 0.06741592 0.07425338 0.06373025 0.04975266 0.08093319 0.06778065 0.07868954 0.09323452 0.1079912 0.1239334 0.1451763 0.1320408 0.09455263 0.0504771 0.08054745 0.07404079 0.07185645 0.07658998 0.06363618 0.07494362 0.07729309 0.1051401 0.09604945 0.05953168 0.0458289 0.06347005 0.06193649 0.04165247 0.03535616 0.03077657 0.0211379 0.01654984 0.009970317 0.008838883 0.007732777 0.007092067 0.003770325 0.005301523 0.004266637 0.005440333 0.00888468 0.01356608 0.01371672 0.01504074 0.01474336 0.01547542 0.01528821 0.01530545 0.03617336
0.09122096 0.05893373 0.02269906 0.02652471 0.0300841 0.02986625 0.04509907 0.05447881 0.04617849 0.04972563 0.04244948 0.07806807 0.07183225 0.06704461 0.07853828 0.1090038 0.1000232 0.1157616 0.09457678 0.05765438 0.04040105 0.03955773 0.08786438 0.09504393 0.09380511 0.07267411 0.04646625 0.0962538 0.08293875 0.07010662 0.05366541 0.0344018 0.03403403 0.04049017 0.06311616 0.04561781 0.03290555 0.01721609 0.01431924 0.009160827 0.01193316 0.00751118 0.007108903 0.004041014 0.004017311 0.003625176 0.004086491 0.01038107 0.01359652 0.01802067 0.01662491 0.03030158 0.02002415 0.0166998 0.03133113 0.0187667
0.1067627 0.02950778 0.01560148 0.02131175 0.02823977 0.03302087 0.04720427 0.03905315 0.03517057 0.03679755 0.06067367 0.09646005 0.06623381 0.05267642 0.1079282 0.1059158 0.1050018 0.1111712 0.06533978 0.04983729 0.05636171 0.02679132 0.02780376 0.04185006 0.05768583 0.05427547 0.04010794 0.07455093 0.05444746 0.06955971 0.02829627 0.0254327 0.02479985 0.03072238 0.06579322 0.0645109 0.01922254 0.01418834 0.01161581 0.007936903 0.007360334 0.0068553 0.006676161 0.003829454 0.005641429 0.006288613 0.005986016 0.01260907 0.01539297 0.0176817 0.0172971 0.02198429 0.02388768 0.03357056 0.02705108 0.02113099
0.1221497 0.03640179 0.02065101 0.0353713 0.0219641 0.03583623 0.02740999 0.03522962 0.03751703 0.04183687 0.05176761 0.07174776 0.07281438 0.04097362 0.1476939 0.07632382 0.06781464 0.05315701 0.04268382 0.0323145 0.0319313 0.02625708 0.04321459 0.01363661 0.02143762 0.0228304 0.02459813 0.019862 0.03417826 0.02783795 0.01541501 0.01860249 0.01763948 0.02271022 0.04447629 0.0768714 0.01350125 0.009136219 0.008053234 0.007221214 0.006789654 0.006650176 0.007163303 0.01019501 0.01177467 0.01164379 0.01721398 0.01648652 0.02335252 0.03351475 0.01837438 0.02179011 0.02799355 0.02826493 0.03258489 0.02630899
0.09894498 0.02342927 0.01361177 0.01893559 0.02128652 0.03476305 0.02260398 0.04030836 0.0428966 0.02877441 0.03187327 0.03984523 0.03231793 0.04100981 0.1363502 0.12809 0.04266628 0.03789283 0.01758043 0.01437196 0.008174668 0.02703018 0.01407888 0.01523764 0.01704512 0.01908765 0.03631557 0.03607217 0.04366304 0.01784881 0.0118378 0.01512099 0.01365649 0.01357858 0.01941908 0.02806628 0.007649263 0.006546097 0.006303635 0.005750391 0.005540451 0.005892585 0.007854166 0.01092645 0.01319421 0.01365941 0.01656009 0.01701724 0.01923392 0.01873278 0.01870872 0.02713892 0.02871526 0.02643849 0.04617453 0.03342433
0.119035 0.02330999 0.01081243 0.01832369 0.01402309 0.02345522 0.01707725 0.04093218 0.0378352 0.02225698 0.02038979 0.02520277 0.03135549 0.03844989 0.04042288 0.040764 0.03259458 0.03527123 0.08276387 0.0234015 0.02348812 0.008450981 0.008666799 0.008950752 0.01496085 0.01449484 0.02380781 0.03206676 0.01415231 0.01397197 0.009219152 0.009953967 0.009623041 0.009539323 0.00969589 0.005467916 0.005341558 0.005283924 0.005618963 0.005035192 0.005055132 0.006568255 0.008977467 0.01252166 0.0155652 0.01624634 0.02002488 0.0278439 0.02857044 0.02020888 0.032198 0.02013437 0.02664901 0.02538221 0.03182239 0.02432568
0.1087422 0.03832517 0.008851909 0.01217744 0.02481374 0.01605143 0.01698322 0.03462536 0.04832114 0.03409437 0.02931772 0.02503178 0.02626188 0.03689355 0.04340956 0.01983991 0.02877637 0.05735515 0.1083949 0.05372461 0.04973272 0.03924792 0.01333879 0.007133222 0.01471157 0.02271175 0.04397663 0.03345473 0.01330162 0.01016189 0.02106356 0.008766158 0.01001107 0.008866275 0.007102409 0.006913261 0.0150608 0.005229969 0.005102111 0.005050538 0.005716148 0.007567287 0.009995533 0.01427391 0.01810871 0.04018292 0.02496844 0.02870387 0.02905515 0.06040761 0.048433 0.01939039 0.03071759 0.0251741 0.0239201 0.02281188
0.08951055 0.03279849 0.01133702 0.004712025 0.01386915 0.01833411 0.01343545 0.02401977 0.03214964 0.04569094 0.02700966 0.02123674 0.0225054 0.02261277 0.01857105 0.0230045 0.0430245 0.03437531 0.05113949 0.09075393 0.121822 0.09977683 0.05097849 0.03973237 0.05570199 0.04339753 0.02694744 0.007316134 0.007450738 0.03181333 0.04053579 0.03030643 0.02980685 0.01870073 0.005506449 0.00670599 0.0429811 0.00653603 0.005068137 0.006118197 0.007281484 0.009316682 0.01186889 0.02006918 0.02649111 0.03653738 0.03502038 0.03339919 0.03371267 0.0683536 0.03104411 0.02689736 0.02312572 0.02577925 0.03087707 0.04217742
0.1271108 0.04338894 0.007076079 0.007587386 0.0160654 0.02017852 0.02381487 0.03181264 0.02659927 0.02620057 0.01956713 0.01829389 0.01988781 0.02373156 0.02205464 0.0556118 0.04572466 0.04945322 0.03820071 0.06760054 0.0720579 0.05214571 0.03457027 0.01034498 0.03269074 0.01049143 0.008916175 0.004101539 0.007243727 0.01421269 0.01474567 0.008937251 0.004410429 0.003502292 0.003331955 0.003518704 0.005291788 0.004546315 0.00558471 0.006840806 0.008324514 0.01025131 0.01287095 0.02176904 0.02552043 0.03890659 0.03622521 0.03803861 0.06963815 0.02711879 0.03375188 0.01783106 0.02346758 0.0282323 0.02222668 0.03205645
0.1031795 0.02066528 0.006453716 0.004722722 0.01134297 0.01417644 0.02390139 0.0388082 0.02863165 0.01501371 0.02615433 0.03109921 0.0138549 0.01526619 0.007929979 0.02548594 0.05115716 0.04915536 0.02978089 0.02842909 0.03699928 0.04576685 0.04656728 0.04754502 0.03024716 0.03614777 0.02534651 0.01480125 0.005354411 0.002161071 0.00802099 0.002895935 0.002465405 0.002454897 0.002762079 0.003040757 0.003249718 0.004325977 0.005742081 0.007280052 0.008757746 0.01090985 0.01360364 0.02314901 0.02662896 0.03641139 0.0292891 0.052722 0.03581155 0.02636813 0.03433808 0.02545315 0.0281491 0.02396313 0.03305889 0.02620967
0.08094655 0.01886084 0.005353384 0.005021733 0.0041572 0.005662855 0.005368044 0.0227417 0.0184527 0.01021962 0.0280849 0.07055085 0.02887336 0.01816749 0.01399159 0.02419632 0.02865336 0.02235477 0.03043336 0.02485392 0.02367803 0.02807133 0.02752259 0.01233227 0.005349305 0.003030747 0.006887082 0.01431429 0.01252491 0.008630288 0.002213953 0.002619946 0.002245116 0.002391714 0.002657385 0.002946021 0.00316419 0.004267324 0.005962729 0.007778544 0.009432512 0.01169916 0.01419312 0.0248646 0.02755364 0.03013799 0.0301322 0.05625106 0.03274089 0.02381322 0.02686796 0.04288622 0.04701629 0.05306582 0.04675082 0.02866936
0.03731905 0.02996249 0.003755353 0.004483404 0.00160688 0.001328542 0.004478119 0.01226692 0.02485313 0.01403414 0.01206224 0.009149483 0.00633891 0.02580043 0.009943335 0.006350475 0.007649386 0.004953104 0.001588023 0.005098898 0.001540874 0.0001665121 0.001276466 0.0007746107 0.008895351 0.007613642 0.001411483 0.0138745 0.005579569 0.001459201 0.002675528 0.003426196 0.002297255 0.001858467 0.001916629 0.002249196 0.001803269 0.00246022 0.005147954 0.006358331 0.009306127 0.009660342 0.01152314 0.02908597 0.03095749 0.02442255 0.02524307 0.04099087 0.0479369 0.04106888 0.04150754 0.01846774 0.01891129 0.04052419 0.05326613 0.02923387
0.0274917 0.01501304 0.006400323 0.004255559 0.00210717 0.002125278 0.004421395 0.01142949 0.02871696 0.01866967 0.008352384 0.0005464632 0.002515739 0.008183746 0.009872672 0.004313625 0.003610174 2.513332e-005 0.001790511 0.0009774878 0.000801885 0.0004082222 0.0006046489 8.084316e-005 0.0005490175 0.0005696738 0.001423939 0.01016214 0.01116986 0.03670163 0.006908253 0.003694128 0.001749509 0.001738299 0.001930048 0.002793499 0.002060477 0.002427745 0.003448389 0.006133894 0.007762874 0.009460581 0.01264678 0.0255658 0.02953648 0.02487023 0.06099342 0.04071926 0.0352924 0.03086031 0.0337748 0.02629032 0.01641129 0.03673387 0.03548387 0.03782258
0.01492635 0.003976312 0.006490697 0.003769981 0.0042767 0.003823026 0.003705998 0.009829308 0.02242721 0.009234376 0.01401036 0.002512454 0.0009990695 0.001562464 0.001599382 0.002413131 0.0006520374 2.219435e-006 0.0007530245 0.003642153 0.0004319412 1.228797e-005 1.675358e-005 0.0002827217 0.001012684 0.003585544 0.003047982 0.001984129 0.001059508 0.0006770302 0.0006667758 0.004753288 0.001409291 0.001613333 0.001699458 0.001788054 0.002035388 0.0024171 0.003617211 0.005658248 0.0121497 0.008742078 0.01157748 0.02840595 0.03458754 0.03050016 0.04697962 0.03561061 0.0412122 0.05841867 0.05863414 0.00641129 0.009354838 0.02794355 0.04826613 0.04733871
