contrib/geomasonDemos/riftland/riftlandData/RainData/115.txt
ncols         56
nrows         54
xllcorner     28.264
yllcorner     -5.7719999999999
cellsize      0.25
NODATA_value  -9999
[rows 0 to 24 of 54, columns 0 to 55 of 56]
0.07462368 0.07348359 0.07799865 0.0572301 0.1044679 0.1112159 0.09054651 0.07608627 0.05223954 0.07015827 0.08234693 0.1671812 0.1053824 0.07516634 0.1387602 0.130441 0.1160092 0.1115898 0.1100656 0.1124257 0.07117133 0.09354489 0.15614 0.132972 0.1374439 0.1673827 0.1777163 0.1179974 0.09684757 0.1315731 0.1636729 0.159463 0.1544481 0.1440814 0.2043631 0.1834731 0.1473978 0.1667824 0.1546436 0.1111669 0.06108017 0.04461749 0.08521578 0.1189406 0.1108141 0.1561358 0.1221382 0.1003102 0.0427601 0.03030481 0.01513116 0.01358762 0.005666932 0.002994685 0.002612469 0.000773617
0.09098615 0.06649877 0.05456679 0.06227962 0.08464729 0.0796367 0.07497323 0.06920876 0.06032893 0.07779597 0.1079224 0.1239869 0.1273553 0.144461 0.1518136 0.1706765 0.1277151 0.08676834 0.1035184 0.1366302 0.1107373 0.08326694 0.1175451 0.1078895 0.09745432 0.1148745 0.1446744 0.1074828 0.06848031 0.08290974 0.111396 0.1658487 0.1426759 0.1534072 0.1757939 0.1451002 0.134586 0.133422 0.1226149 0.09817486 0.08287992 0.08413023 0.1105403 0.1246038 0.1258678 0.1069577 0.07897217 0.0822034 0.07486429 0.03359835 0.02878108 0.006501102 0.004932179 0.001022008 0.001442491 0.0004454124
0.06815346 0.07155993 0.05798349 0.06180594 0.07660655 0.08742657 0.08273362 0.06878895 0.09339849 0.09571449 0.1530073 0.104624 0.0822844 0.1095872 0.1419071 0.1566887 0.1346764 0.0959112 0.08481405 0.08510442 0.103341 0.09098328 0.1058726 0.1129038 0.09885424 0.1285629 0.2035551 0.09698705 0.09258342 0.1092879 0.1312602 0.1157996 0.1180565 0.128585 0.1227445 0.1247032 0.1677849 0.1680776 0.1411622 0.1161342 0.0995717 0.09614784 0.1181074 0.1465202 0.09178057 0.07881722 0.1226474 0.07435709 0.07471321 0.03509903 0.02275273 0.009142397 0.01178906 0.0004845744 0.001409791 0.001119712
0.06370663 0.08114341 0.06855433 0.06931721 0.06775977 0.07667787 0.08145646 0.09173038 0.1040668 0.134606 0.07672632 0.06059062 0.07259163 0.1035186 0.1196759 0.1195255 0.09711441 0.07300854 0.07672103 0.09762613 0.1094252 0.1145054 0.1257387 0.1194439 0.1242325 0.1839887 0.1970066 0.1204127 0.09987776 0.07008747 0.07088324 0.08367737 0.06866144 0.06935636 0.09502879 0.1072646 0.09675895 0.1421786 0.07305679 0.07087042 0.08465467 0.08436685 0.1056523 0.1274356 0.09942533 0.04786908 0.0583756 0.03920154 0.03026014 0.03096104 0.01693169 0.003958507 0.004370623 0.003187953 0.000686313 0
0.08886568 0.09316529 0.06453936 0.0748821 0.06926255 0.07520624 0.08571812 0.1169647 0.1002425 0.1216943 0.05891466 0.05822034 0.08419551 0.0897065 0.09806965 0.114526 0.07980815 0.08109587 0.07914893 0.08600702 0.1132624 0.128332 0.1168845 0.1057482 0.1037561 0.1374272 0.1324705 0.07583442 0.0841213 0.09412735 0.09539758 0.1274322 0.09389216 0.1018372 0.1088702 0.1065644 0.08870734 0.08450868 0.05907335 0.0629624 0.09043033 0.07786601 0.1506496 0.1063263 0.08803784 0.03911895 0.03617272 0.02199082 0.01821462 0.03186136 0.01649249 0.004702911 0.004285218 0.004744979 0.003327754 3.365096e-005
0.08303757 0.09619759 0.0885388 0.1069712 0.09650148 0.09529078 0.08335799 0.09838584 0.07045817 0.07811922 0.06908732 0.06193026 0.08370919 0.08359157 0.07269697 0.07555283 0.08566533 0.07925678 0.06978078 0.07562128 0.07537065 0.07946134 0.1267806 0.1168231 0.09277787 0.09497729 0.1207717 0.08459008 0.09507077 0.1127742 0.09608058 0.06802943 0.1212253 0.09375413 0.08500264 0.06675297 0.06385808 0.06111569 0.04685698 0.04912115 0.08585107 0.1180083 0.1386005 0.09784248 0.09427215 0.04251179 0.03796286 0.04034694 0.02685558 0.04402655 0.007988151 0.005814451 0.001964935 0.002040877 0.005120829 0
0.06707343 0.08743743 0.08684083 0.09567326 0.1241207 0.1017713 0.08339234 0.1027631 0.09718108 0.1117778 0.1050825 0.09708504 0.08386424 0.08975966 0.04804024 0.06279599 0.05298079 0.0526675 0.07542925 0.09605934 0.06936454 0.05720372 0.0951437 0.1078872 0.07549219 0.06077902 0.08851704 0.0793687 0.08069211 0.0773558 0.07422847 0.05529113 0.0645607 0.08271171 0.07246973 0.04966719 0.04608756 0.03142157 0.02249726 0.0361996 0.06031971 0.09060531 0.1053538 0.1001843 0.1007054 0.1007861 0.06493735 0.0652816 0.03596454 0.01372854 0.004765634 0.005551122 0.001345317 0.001456143 0.003423283 0.0002261952
0.07886343 0.08971291 0.06881346 0.07344515 0.09238407 0.09728625 0.1020667 0.1130332 0.1045806 0.1174225 0.1235644 0.1032739 0.07822049 0.05803342 0.03947233 0.05668708 0.05574129 0.06255502 0.06914731 0.06988326 0.06680945 0.04703104 0.03642112 0.04685844 0.04514886 0.06182198 0.08800361 0.09047189 0.07259247 0.07779353 0.04997944 0.04720142 0.05901963 0.05835213 0.03718007 0.03302604 0.02738221 0.02745231 0.03788042 0.04089155 0.02548484 0.05378033 0.08226056 0.1095226 0.05658153 0.05650395 0.06040315 0.04922503 0.02176651 0.008112627 0.002842504 0.00261254 0 0.002867177 0.003051267 0.0002031051
0.07231262 0.08100103 0.07226001 0.07256601 0.0719253 0.1000058 0.1061082 0.1058582 0.1262236 0.1369336 0.1188272 0.07896738 0.0595953 0.04841337 0.04036114 0.05452196 0.05731831 0.06502833 0.06960621 0.07609624 0.06387497 0.05588055 0.04943455 0.05875425 0.07382844 0.04494565 0.04546264 0.05743222 0.07203488 0.08975143 0.0718607 0.06310435 0.05570469 0.03808572 0.08413662 0.05117013 0.02963188 0.04621435 0.04633768 0.03827057 0.0195907 0.04062068 0.04820211 0.04489266 0.06120482 0.07311811 0.09025879 0.09407094 0.04287729 0.009654932 0.006951943 0.001602592 0.002558366 0.001211406 0.00148995 0.0003455493
0.05971612 0.06322409 0.08034724 0.08854976 0.09356406 0.1013634 0.132006 0.1221665 0.1145163 0.1222366 0.1050112 0.07679544 0.06336372 0.04923459 0.04096387 0.06201614 0.06739189 0.06262895 0.06606844 0.04699427 0.05018695 0.06704276 0.0737866 0.1254361 0.09800381 0.03136505 0.03320499 0.05857135 0.04166199 0.06306835 0.06042443 0.06594452 0.07897765 0.06273489 0.0908341 0.06177633 0.03823325 0.0227623 0.03018616 0.03725242 0.03604499 0.01882366 0.05520364 0.0733659 0.06535476 0.06553077 0.1006534 0.07577076 0.02733931 0.009760913 0.002878182 3.750361e-005 0.001591477 0.001343196 0.002645951 0
0.03791173 0.06745965 0.07242543 0.09897082 0.09105291 0.08973806 0.1019747 0.09768532 0.1018854 0.1318038 0.09922239 0.0717122 0.06706585 0.05293446 0.05575395 0.06445577 0.06883921 0.03414791 0.0325193 0.042893 0.04176352 0.07300404 0.08237835 0.1255691 0.1433371 0.08232623 0.0450878 0.07532746 0.05470918 0.04055709 0.0615005 0.06773239 0.08662415 0.07233031 0.05489242 0.05480331 0.03148992 0.04343031 0.04773222 0.03908255 0.04646483 0.0278713 0.03325446 0.03570168 0.02556333 0.02217637 0.02298356 0.01455257 0.01114414 0.007144085 0.002404614 0.0009777843 0 0 0 0
0.03404998 0.05741758 0.06034473 0.08930307 0.1032249 0.09960846 0.09803988 0.1202861 0.103394 0.095484 0.07938465 0.07231409 0.07978307 0.06355854 0.07217661 0.07752593 0.04915973 0.0296808 0.02795911 0.0356192 0.03419024 0.06390323 0.07484704 0.07186483 0.06802996 0.04963091 0.05359864 0.0584497 0.042611 0.03505773 0.03834498 0.03832237 0.04507632 0.03273393 0.01845195 0.03232323 0.04208586 0.03389252 0.05402222 0.03696196 0.03465994 0.02406239 0.03041837 0.06090422 0.0405077 0.009051889 0.008051643 0.00121777 0.004995575 0.004225168 0.001122599 0.0006158243 0.0003223848 0.0007282542 0.0004240629 0.0002127666
0.04899376 0.04827642 0.05657085 0.07491389 0.08170506 0.08397783 0.08733211 0.1122563 0.08244509 0.05186004 0.059367 0.05368003 0.07712581 0.07781354 0.07227378 0.08011381 0.07346341 0.05138327 0.0358108 0.05549149 0.05244391 0.06016478 0.05186453 0.04660912 0.04036274 0.03980117 0.04870255 0.1114643 0.07688084 0.04592939 0.03055154 0.02313118 0.02142671 0.02274594 0.01652178 0.02354668 0.02060709 0.03138946 0.01626961 0.02069204 0.0168427 0.008807082 0.01682612 0.01991197 0.007009916 0.004139608 0.002749036 0.001884464 0.001343762 0.0008731392 0.0006896981 0.001612715 0.002491009 0.001922786 0.0002047113 0.0002105119
0.07216232 0.07242235 0.05965612 0.06548867 0.06851654 0.07023048 0.08291184 0.07047193 0.05514694 0.05545512 0.06892498 0.06301627 0.05292272 0.06734821 0.06704701 0.08407763 0.1227861 0.08969365 0.08174251 0.09042528 0.07459293 0.0536454 0.06502938 0.0653884 0.04077894 0.03119581 0.03921404 0.03588914 0.02216607 0.01296354 0.01775504 0.02507866 0.02972605 0.02714844 0.02202995 0.04700153 0.03319303 0.02283275 0.01170344 0.01230024 0.009297658 0.00573678 0.006989042 0.007031811 0.006314583 0.003262144 0.003521823 0.001150131 0.001914313 0.0007130885 0.0006298454 0.002767465 0.0005020766 0.00021668 0.0001977684 0.0001976092
0.06783698 0.06543509 0.06461009 0.07247859 0.06357945 0.07893491 0.06778011 0.07606471 0.06571123 0.08660483 0.08702595 0.06075456 0.04713019 0.07417838 0.06786924 0.06548887 0.07468955 0.08033089 0.09363326 0.09599312 0.06265559 0.05724357 0.0426938 0.06481937 0.05865492 0.04872714 0.05791211 0.03923631 0.0115202 0.01756996 0.01171188 0.01705342 0.02537259 0.02898457 0.03760334 0.03094617 0.01871387 0.03472237 0.02007534 0.009455503 0.00434226 0.003655481 0.007071147 0.003479858 0.004196891 0.002104432 0.001211086 0.0009850946 0.001392563 0.004415068 0.005678109 0.003662702 0.005598161 0.0004394481 0.0001768278 0.0001743595
0.0606881 0.0683728 0.06815665 0.1094549 0.08272956 0.07322627 0.07101031 0.1137761 0.09429971 0.0810365 0.09707768 0.09880721 0.06433341 0.05639319 0.0705443 0.08327439 0.09082292 0.07795544 0.07776184 0.09320347 0.09015503 0.07709139 0.0515434 0.05466933 0.06867384 0.05238075 0.05158191 0.05371105 0.03333321 0.03080725 0.02882639 0.0310393 0.03625697 0.03476322 0.03205342 0.02777193 0.040812 0.04317499 0.03481342 0.01837034 0.006482781 0.004472026 0.003930951 0.005190682 0.006904591 0.003951028 0.00255369 0.004245672 0.004264209 0.003780017 0.001741273 0.0003610654 0.0004314703 0.0001801859 0.0001594185 0.0001212672
0.0774309 0.07679519 0.07494588 0.1029309 0.08160002 0.0869519 0.1068259 0.1157393 0.1117066 0.08159515 0.09933873 0.0798962 0.07242259 0.0754782 0.1061111 0.1093134 0.1256364 0.1570197 0.09680824 0.1335485 0.1342198 0.0935625 0.09658024 0.08380435 0.08720961 0.0662098 0.0415457 0.06492548 0.03386143 0.04926379 0.03036933 0.03166485 0.02301272 0.02598435 0.03203917 0.03734693 0.04448433 0.03824968 0.01848193 0.02306281 0.01469379 0.007314465 0.004316583 0.001730359 0.001463222 0.001227957 0.001062733 0.001374457 0.001282111 0.0008803405 0.0004745311 0.0002283132 0.0001903405 0.0001590805 0.0001383958 0.0001019482
0.1031132 0.09678517 0.07636853 0.08609565 0.0876248 0.11934 0.1314503 0.1322814 0.1177255 0.1198596 0.1164347 0.1130535 0.157346 0.1653377 0.1577206 0.1627502 0.1345491 0.1487359 0.1089769 0.1232436 0.1642732 0.1886293 0.1472374 0.09372435 0.09295812 0.08470292 0.05405938 0.04289167 0.04213662 0.0340965 0.02868366 0.03577233 0.03214375 0.02619904 0.02482855 0.0232375 0.02394966 0.02504648 0.01462983 0.02228205 0.01265451 0.006486285 0.006473596 0.006381768 0.001371001 0.001226621 0.004710572 0.001138581 0.0007764214 0.0004773265 0.0004146467 0.002143589 0.000164825 0.0001373727 0.0001167891 8.478275e-005
0.08360222 0.06901225 0.06885353 0.08289131 0.07423967 0.09118865 0.1251092 0.1439058 0.1334338 0.1561864 0.1555208 0.1439251 0.168153 0.179629 0.1811359 0.217333 0.1663414 0.146922 0.1290646 0.1576932 0.1089691 0.1396635 0.1342335 0.1059874 0.1164812 0.1271754 0.07142537 0.05407816 0.05340629 0.03786195 0.03651174 0.03886266 0.03423307 0.02874008 0.02173828 0.01640134 0.009175346 0.00947432 0.01374218 0.01758271 0.01561796 0.006597131 0.01415315 0.01416582 0.001288131 0.001305834 0.0008964699 0.0006938233 0.001666003 0.0007420543 0.0008452217 0.0001652655 0.0001351683 0.0002298989 0.0001680072 6.955372e-005
0.07192245 0.08338319 0.08985199 0.09308802 0.09658378 0.09103892 0.09802985 0.1395258 0.1431931 0.1861704 0.1780912 0.1673979 0.1941821 0.2528759 0.2138156 0.2188177 0.2232901 0.1985765 0.1904601 0.1771641 0.1571971 0.1605113 0.1660308 0.1584418 0.1558311 0.1090775 0.09286446 0.07682834 0.07976185 0.0634353 0.06170775 0.04325969 0.036628 0.04151974 0.03444998 0.03739046 0.03001373 0.0353157 0.02640461 0.02700407 0.02152249 0.01190862 0.01091463 0.006620585 0.008966148 0.006106242 0.003962641 0.00306394 0.001310759 0.001037543 0.0007945671 0.00527683 0.001892127 0.00547907 0.004778357 0.002532298
0.07436072 0.08643842 0.1094044 0.08824483 0.09155186 0.09984433 0.1030693 0.1223836 0.1355124 0.1524053 0.1238581 0.1539417 0.1338505 0.163376 0.1660066 0.1910017 0.1942353 0.2082741 0.2291952 0.1648538 0.1459467 0.146165 0.1866477 0.1660599 0.1329933 0.1113869 0.1279109 0.1089285 0.0760074 0.07695382 0.08143343 0.08497154 0.08614356 0.0760629 0.04051151 0.03925703 0.0550817 0.09881878 0.041094 0.01744477 0.01811917 0.01247763 0.008103204 0.005181444 0.003959922 0.003054144 0.002461542 0.00156145 0.001469475 0.0007271639 0.0006515823 0.0001433719 0.001736554 0.009641621 0.002828232 0.002246946
0.06532536 0.0854899 0.09813897 0.08783836 0.07753558 0.0894222 0.09357359 0.1229758 0.1631702 0.1168808 0.1132691 0.1274509 0.1213366 0.1080021 0.124793 0.1335339 0.1400613 0.160756 0.2025357 0.1675065 0.1272127 0.210333 0.2043682 0.1391489 0.125872 0.1434962 0.1294293 0.1085821 0.08617178 0.06800169 0.07165461 0.09536146 0.09624422 0.08147816 0.0458707 0.04327881 0.05464272 0.04886222 0.03131475 0.01750591 0.01346338 0.009295765 0.007752708 0.004865701 0.003599724 0.002703578 0.002118942 0.001257427 0.0007953497 0.0009271354 0.001988683 0.0082238 0.000633961 0.002225509 0.001977017 0.00350094
0.06616531 0.09453487 0.08503994 0.09310853 0.1006635 0.07836808 0.07975053 0.08426264 0.07601045 0.08956086 0.07860314 0.08201578 0.0766027 0.0999307 0.1157008 0.08789911 0.1115963 0.1333068 0.1318342 0.09374594 0.1265573 0.2072047 0.2075359 0.1422965 0.1482672 0.1586039 0.1290528 0.1254819 0.1055782 0.110674 0.08099536 0.09152024 0.08382327 0.06084585 0.07290597 0.05647429 0.05679639 0.04501551 0.0218427 0.01068553 0.01005926 0.01020247 0.007368429 0.005961799 0.003177842 0.002251227 0.001768593 0.00109633 0.000728781 0.0006693138 0.0007279899 0.0004168962 0.0004672223 0.002142508 0.0008501653 0.004165408
0.05953121 0.07016629 0.09352686 0.1056413 0.1152521 0.08234611 0.1098702 0.08190831 0.06116239 0.06489392 0.05765365 0.08033375 0.06359937 0.1363946 0.1366931 0.07419827 0.07980342 0.08161029 0.08827885 0.1128729 0.1314935 0.1666679 0.1652075 0.1631066 0.1595262 0.1626426 0.1449077 0.1544827 0.1365666 0.1156268 0.1083839 0.09967786 0.09191599 0.10316 0.1071384 0.05837024 0.03596795 0.02639113 0.01337596 0.01167428 0.01164576 0.009732642 0.007487086 0.002990196 0.001953882 0.001288398 0.0009978646 0.003353662 0.002573692 0.0002800194 0.003893977 0.01502216 0.01466728 0.01329758 0.01594649 0.0267033
0.07857551 0.09424662 0.1074277 0.1394344 0.1383127 0.08392932 0.09804972 0.08061583 0.07074776 0.07082728 0.07140785 0.08086858 0.0658897 0.1213108 0.1272188 0.0950525 0.0795844 0.06173744 0.06401742 0.08898557 0.1209174 0.1281238 0.1604464 0.1523033 0.1544608 0.1576917 0.1782182 0.1796423 0.1679522 0.1764842 0.1957365 0.157759 0.1619479 0.1720577 0.1867399 0.1068154 0.06919673 0.04149034 0.01900455 0.01312749 0.01043253 0.008875476 0.007044051 0.00268902 0.001643061 0.0009827268 0.0007454196 0.0001943697 0.0008498976 0.0001322946 0.0005783687 0.003355419 0.003253449 0.01971843 0.01230627 0.01750229
