contrib/geomasonDemos/riftland/riftlandData/RainData/117.txt
ncols         56
nrows         54
xllcorner     28.264
yllcorner     -5.7719999999999
cellsize      0.25
NODATA_value  -9999
[rows 0 to 25 of 54, columns 0 to 55 of 56]
0.1177942 0.09211477 0.04774266 0.04737993 0.06303941 0.0596634 0.04555247 0.03458188 0.04585582 0.05619021 0.07266066 0.09096028 0.08689424 0.08004995 0.07285486 0.08762756 0.06480507 0.05859618 0.05597901 0.0720664 0.07605711 0.08130605 0.09492911 0.08109293 0.06123603 0.0644825 0.06206198 0.07026587 0.07890002 0.04416667 0.05773334 0.07850834 0.08550833 0.07365834 0.07192501 0.05375 0.042675 0.04255833 0.05593333 0.04915833 0.02404167 0.01426667 0.02479167 0.03614166 0.04238334 0.03882501 0.046425 0.04665834 0.04971668 0.04829167 0.04369166 0.032575 0.03675 0.04531667 0.04344167 0.03994999
0.1321694 0.108799 0.08355293 0.05718774 0.1090456 0.1172658 0.0765698 0.06056025 0.07647476 0.03609773 0.03893025 0.06802042 0.09587155 0.1029033 0.09183256 0.1136309 0.08176985 0.07097141 0.05606859 0.0651267 0.07510551 0.07129603 0.06948266 0.08382109 0.06253774 0.06256317 0.04959227 0.06447341 0.07932501 0.04685 0.05426667 0.06628334 0.07654999 0.06476667 0.07099167 0.06284167 0.04528333 0.05162501 0.06013335 0.06888334 0.048225 0.04199167 0.03355001 0.03187501 0.031525 0.03261667 0.03143334 0.03053333 0.0364 0.03955833 0.03709167 0.0349 0.03586666 0.02904167 0.02541667 0.0197
0.205006 0.1390799 0.1006607 0.06875321 0.07712617 0.1045779 0.07062766 0.1044901 0.06432731 0.02943994 0.01757076 0.04242242 0.07460554 0.09182906 0.08590588 0.07262004 0.08969286 0.09258761 0.06861096 0.08539345 0.0741387 0.068241 0.1018378 0.08724318 0.0832658 0.06260218 0.05986576 0.0659591 0.05735445 0.05520833 0.04199167 0.05582501 0.06231666 0.07250833 0.06113335 0.07990834 0.08635835 0.077825 0.05031667 0.04916667 0.04266667 0.03733334 0.03078333 0.02039167 0.02130833 0.01583333 0.03463333 0.03070833 0.03306667 0.03180833 0.03079167 0.02543333 0.02648333 0.02054167 0.01963333 0.01536667
0.1793836 0.1309102 0.1107521 0.1053306 0.05966031 0.1109563 0.1181477 0.08022013 0.06757335 0.05692149 0.04391512 0.08164699 0.09836648 0.1215566 0.1383102 0.0801559 0.08803821 0.08071184 0.07278968 0.0858359 0.08841699 0.08178584 0.07772484 0.1078933 0.09378964 0.06883526 0.05155494 0.06121095 0.05672499 0.04440119 0.0449351 0.05428235 0.06461605 0.06189397 0.06472288 0.06591163 0.06038192 0.0592054 0.03974405 0.04059225 0.0327098 0.02935348 0.03372379 0.04986667 0.04557499 0.021825 0.02988333 0.03204167 0.02850833 0.02935833 0.03060833 0.018425 0.02974167 0.02065 0.03078333 0.01298333
0.1060991 0.1192328 0.08581854 0.1396305 0.09726857 0.1385502 0.1199738 0.09432455 0.08409081 0.06820104 0.07223152 0.164808 0.1091633 0.1060599 0.1461008 0.118572 0.08298538 0.06786215 0.06403854 0.09994633 0.09344821 0.09344849 0.09422235 0.08434275 0.06677313 0.06167879 0.08088768 0.0535977 0.04376147 0.04422864 0.03805027 0.06143025 0.06362923 0.06750401 0.0593253 0.06182681 0.06702976 0.04990577 0.03390596 0.02916169 0.02995335 0.02750333 0.03806444 0.04885 0.04763332 0.043025 0.046025 0.04661666 0.0433 0.02815 0.01885833 0.01050833 0.0159 0.01603333 0.01765833 0.014125
0.1099147 0.1020196 0.09661892 0.1538959 0.1074735 0.1064939 0.09895702 0.098598 0.09390667 0.1160576 0.1182582 0.08648007 0.07345612 0.09215597 0.1074209 0.09569745 0.0659321 0.05268029 0.05346243 0.07227506 0.08742897 0.09173413 0.09266107 0.08989909 0.06604554 0.05699879 0.06186603 0.03732255 0.04479277 0.04161519 0.03677298 0.04381434 0.04811553 0.04961504 0.0492956 0.04789449 0.05662645 0.04618509 0.0368267 0.03669937 0.03807723 0.03657945 0.0338298 0.04723334 0.04501667 0.0421 0.05163334 0.05796667 0.03654166 0.031125 0.01735833 0.0057 0.003233333 0.004633333 0.003483333 0.003625
0.220894 0.2105299 0.2124259 0.1635997 0.1277269 0.1294451 0.08836001 0.09205826 0.09504381 0.1164738 0.1038941 0.06096863 0.05069374 0.06450239 0.05283096 0.05402797 0.06928732 0.07163641 0.06831608 0.1140858 0.08487573 0.09696381 0.08348284 0.08455439 0.066799 0.06817085 0.04228947 0.03462491 0.04818937 0.04202138 0.03654765 0.05097361 0.05211966 0.05221466 0.05030691 0.05964098 0.05047696 0.02863259 0.02717459 0.04185227 0.03477727 0.0359022 0.04009759 0.03964999 0.033225 0.0304 0.03315833 0.0334 0.01859167 0.01384167 0.0103 0.008591666 0.007158334 0.004483334 0.003308333 0.001925
0.203823 0.1658753 0.1411188 0.1585829 0.1438114 0.07973724 0.1139597 0.1328831 0.1546454 0.1092728 0.06943627 0.05781939 0.04337776 0.04371119 0.04871337 0.1037709 0.08971858 0.0973512 0.08402734 0.07816225 0.08143446 0.09347938 0.07418697 0.07654321 0.06118973 0.04838607 0.03297886 0.04668649 0.04623034 0.04419671 0.04529555 0.04907029 0.05194162 0.05453313 0.04836378 0.05656628 0.04994734 0.02559838 0.03330848 0.03757964 0.02804211 0.02520138 0.02883265 0.03836253 0.03426317 0.02263746 0.02024265 0.02214073 0.02304267 0.02390232 0.00890964 0.007033333 0.007441667 0.006758333 0.004791667 0.004816667
0.1866381 0.1726786 0.1466933 0.1970737 0.2346565 0.1695383 0.1877283 0.2950905 0.2740411 0.1245071 0.07369013 0.0794116 0.1146745 0.0788984 0.0783941 0.1093401 0.1087533 0.1051447 0.08893211 0.1138827 0.1003924 0.09260413 0.07485981 0.07631607 0.06561345 0.03151746 0.02383555 0.05052324 0.06258873 0.05222033 0.03635744 0.0417176 0.03502315 0.04165349 0.03496363 0.04789786 0.05255588 0.03061929 0.03207213 0.04051616 0.02971025 0.02261308 0.01959303 0.02564968 0.02280465 0.01515978 0.01541522 0.02058301 0.02851256 0.01266061 0.01179741 0.006924999 0.005283333 0.006108333 0.004175 0.002675
0.17462 0.120634 0.1521651 0.1912436 0.2360114 0.241033 0.2734216 0.2576139 0.1914787 0.1594466 0.09567824 0.1004314 0.1121779 0.116025 0.2026653 0.1510917 0.1022354 0.1171982 0.1418408 0.169734 0.1503887 0.07464971 0.06161289 0.07258979 0.06457668 0.02881233 0.03072049 0.05238264 0.03948697 0.02678072 0.02437675 0.03057671 0.02986234 0.03116503 0.03936237 0.06135655 0.07462995 0.04046925 0.02909281 0.02699765 0.0207205 0.02417621 0.01586542 0.01155669 0.01441225 0.007944165 0.01377812 0.01411779 0.01037674 0.01247623 0.009284424 0.004900001 0.003616667 0.00335 0.001975 0.0007166666
0.2225789 0.11825 0.1685261 0.2579427 0.354339 0.2802199 0.2329276 0.2385825 0.2492066 0.1666785 0.1886159 0.2106537 0.1349277 0.1382012 0.1945543 0.141273 0.0957685 0.1395843 0.1807934 0.2165506 0.1369251 0.1023214 0.07782173 0.07906434 0.05878892 0.04453866 0.04157134 0.03821756 0.02373523 0.01621787 0.02209138 0.01837429 0.02243793 0.04660692 0.0390043 0.07194448 0.06716512 0.03356972 0.01952931 0.02334015 0.02078043 0.03122833 0.01488448 0.01595301 0.01078106 0.005362794 0.009464861 0.01134359 0.01075054 0.02131474 0.01236058 0.006225 0.00435 0.001441667 0.00185 0.001266667
0.3322219 0.2346354 0.3148351 0.2279616 0.1996805 0.25844 0.2048856 0.2277987 0.2315593 0.2793594 0.2424725 0.3178191 0.2570566 0.1346801 0.1878899 0.1733838 0.0994698 0.178212 0.2722402 0.168045 0.1216795 0.1000967 0.09323658 0.07983639 0.06754266 0.05055486 0.04701981 0.05362401 0.02692047 0.01607162 0.01458591 0.01927931 0.02309155 0.02634107 0.02247051 0.03890063 0.04349963 0.0325463 0.01969345 0.01924278 0.02657614 0.0306331 0.01969065 0.02663932 0.01556049 0.009371697 0.008154076 0.01374121 0.009601404 0.01327469 0.006739691 0.00357662 0.007344312 0.004555681 0.003233396 0.000926572
0.4228887 0.3042025 0.2336639 0.2386277 0.1890363 0.1766161 0.1891729 0.2234745 0.2853314 0.3216058 0.3012078 0.2387005 0.2028543 0.1826314 0.1412973 0.1862572 0.1270703 0.2116576 0.2778449 0.1705758 0.1300836 0.1098641 0.105852 0.08063357 0.06216405 0.06467617 0.05549668 0.04151801 0.02691878 0.01639749 0.01708911 0.02518903 0.0233444 0.01496287 0.01232593 0.01779259 0.02833903 0.03442428 0.02559146 0.02339359 0.02421712 0.02710728 0.01756524 0.03285138 0.02132927 0.01218946 0.01439081 0.01496836 0.01103578 0.009435087 0.008864169 0.005903761 0.002738803 0.001852604 0.001508423 0.0005712329
0.3192261 0.3546325 0.2854798 0.3675184 0.2097831 0.2501171 0.1879618 0.1768847 0.2570716 0.3154269 0.3090002 0.2790689 0.2610109 0.2532609 0.2089585 0.1989271 0.2068032 0.2513748 0.2192402 0.1991439 0.1924967 0.188821 0.08622149 0.05825527 0.05172963 0.09933981 0.06428055 0.02407377 0.05662207 0.02710529 0.01774436 0.01659046 0.01069069 0.01550717 0.01713855 0.02312612 0.03267607 0.009117513 0.008856202 0.01589791 0.01264862 0.01132522 0.008334054 0.01135056 0.01469382 0.01296175 0.01994495 0.0207855 0.01420702 0.009683795 0.005730799 0.0005432846 0.0005503618 0.0005587659 0.0008465938 0.000575111
0.3116173 0.4511839 0.4557783 0.3359545 0.2123969 0.177647 0.1945662 0.2527914 0.2320839 0.2557003 0.248477 0.2702128 0.3002242 0.2159537 0.2720875 0.2275536 0.2163648 0.2983624 0.2379014 0.1625941 0.1284372 0.1259221 0.0978108 0.08576481 0.0556797 0.05030888 0.06541502 0.04524301 0.02358749 0.02675547 0.01956716 0.01292787 0.01240639 0.02159609 0.02557644 0.02767728 0.01757157 0.009009921 0.003766098 0.01043226 0.009274608 0.003704187 0.004397281 0.006450801 0.01430042 0.01552331 0.01358208 0.01620672 0.008955605 0.009287074 0.003338479 0.002604383 0.0005561667 0.0005876991 0.0014595 0.001162526
0.3375753 0.3373979 0.3547661 0.2363636 0.1918125 0.1636266 0.1748476 0.212342 0.2260976 0.1890147 0.1602969 0.2321195 0.2617179 0.2685272 0.1750648 0.1764585 0.1856746 0.2782199 0.2399935 0.1469354 0.1599961 0.1392374 0.1227562 0.1092278 0.07461625 0.06720395 0.05863563 0.05140838 0.03737519 0.03032022 0.01617259 0.02262247 0.02118799 0.02141254 0.02637307 0.01980871 0.01985139 0.008453562 0.005083461 0.01074135 0.007210175 0.002074201 0.002963674 0.006936133 0.005161437 0.008655236 0.0105554 0.004380718 0.001500266 0.001691284 0.001253742 0.0005515288 0.000808046 0.0005690848 0.000678077 0.0006627017
0.5262647 0.4010541 0.3668768 0.2344722 0.1832522 0.1312561 0.1860779 0.2502688 0.2105176 0.1851731 0.1891667 0.1734411 0.2695471 0.2967692 0.1953354 0.2045766 0.2311619 0.2262643 0.1547824 0.1451618 0.1671524 0.1818531 0.1453749 0.134994 0.1012792 0.07998535 0.05958347 0.04894065 0.03869721 0.01975157 0.01495694 0.01754893 0.0165051 0.02053042 0.02505617 0.02385394 0.02351191 0.01801964 0.003147115 0.002553732 0.005562642 0.003408783 0.006675588 0.006061461 0.001111214 0.005776552 0.004340203 0.0009922725 0.001593823 0.001680791 0.001647876 0.0005561393 0.000565389 0.0005997628 0.0007211385 0.0005870891
0.4654548 0.4100599 0.2445691 0.2912706 0.2232002 0.1688116 0.2280486 0.1833421 0.2560937 0.2601939 0.2362114 0.1855053 0.1738485 0.1963851 0.2252854 0.2530278 0.2818212 0.2768278 0.1814049 0.1267016 0.1028437 0.1152261 0.1278897 0.1074329 0.08690681 0.08152782 0.07118143 0.05654141 0.03939424 0.03277379 0.02568479 0.01901383 0.01972392 0.0113158 0.01336098 0.01605787 0.0142168 0.008827729 0.002351528 0.002386151 0.002584637 0.003109202 0.008569217 0.006248531 0.00288832 0.005540998 0.001856964 0.001506343 0.002370817 0.002263993 0.002170835 0.0008560903 0.000573043 0.0005795378 0.0005894142 0.0005939492
0.476717 0.404424 0.3122314 0.3235226 0.2793396 0.2590143 0.2192763 0.1964721 0.208246 0.2315726 0.208782 0.2009928 0.181707 0.198883 0.2601381 0.3431454 0.2498489 0.2521639 0.2553179 0.2021597 0.2233032 0.18716 0.1611971 0.1352289 0.1020782 0.1099812 0.09684024 0.04815992 0.02957562 0.02952113 0.02919672 0.03445278 0.02515109 0.0104173 0.01734703 0.007933227 0.00491696 0.003148765 0.001988077 0.002033147 0.001794956 0.003478727 0.002912058 0.001527417 0.005443082 0.001988663 0.0009725949 0.001026971 0.001411132 0.001084411 0.002471944 0.001205298 0.0005868615 0.0005935416 0.0006013165 0.0006066359
0.4778639 0.3292451 0.4126447 0.369156 0.3355673 0.2926215 0.2543004 0.1828587 0.2283504 0.2509722 0.2566496 0.2019877 0.1662655 0.2669642 0.2867371 0.3606603 0.2666502 0.2671646 0.337838 0.3074314 0.389329 0.2959442 0.1929384 0.1855796 0.1676289 0.1535872 0.08265961 0.07916025 0.05530574 0.04243515 0.03821161 0.04235406 0.03145328 0.01336979 0.033389 0.0162704 0.003927836 0.002704084 0.004187395 0.004026819 0.002938983 0.003221818 0.003468053 0.003394887 0.003579113 0.004782164 0.003722115 0.003917874 0.004036922 0.004131438 0.004235279 0.0013359 0.002815857 0.006004275 0.01571305 0.01926721
0.596656 0.3962696 0.4310439 0.2430587 0.2977362 0.2611972 0.2561075 0.1671125 0.2004114 0.2333177 0.2273618 0.2015328 0.1890185 0.2697643 0.2628728 0.2707582 0.269287 0.2755243 0.3351505 0.465212 0.3971238 0.297443 0.304727 0.2783084 0.1906443 0.1272431 0.09820681 0.1044246 0.08746132 0.07950459 0.07569751 0.05130157 0.03215302 0.01833489 0.01889061 0.006879488 0.002848792 0.002033599 0.003515325 0.003057502 0.005022328 0.003221309 0.00596352 0.010637 0.007458936 0.007280732 0.004311569 0.004054365 0.004631639 0.004286503 0.004264238 0.001117675 0.001123585 0.0109944 0.01944212 0.02053469
0.3185296 0.2915141 0.3630109 0.3748253 0.3347127 0.1888613 0.1655385 0.2294999 0.2890808 0.2064683 0.2068986 0.1669695 0.2055895 0.2578329 0.2487486 0.2222007 0.2694923 0.3239063 0.340042 0.5223964 0.4152 0.3805958 0.326722 0.3956096 0.2372715 0.1524997 0.126616 0.1575561 0.1397231 0.09508355 0.08664476 0.06100284 0.05165425 0.0436124 0.02805006 0.007236862 0.003541602 0.002396351 0.002134563 0.003126279 0.01206105 0.0131727 0.02364466 0.008012035 0.00777389 0.00597991 0.003922539 0.004120755 0.004332671 0.004328683 0.004378595 0.005298389 0.007685284 0.01647359 0.02230787 0.001324283
0.2979014 0.293257 0.2620664 0.4411737 0.3606898 0.2202844 0.2444512 0.2727689 0.3457951 0.1702138 0.1478035 0.2225718 0.2880616 0.2374333 0.2979259 0.2041807 0.2256363 0.2516879 0.3326757 0.4341772 0.4202928 0.4119267 0.3653456 0.3946482 0.3156132 0.236486 0.1458426 0.1715695 0.1747959 0.1340038 0.1003738 0.08619275 0.06796578 0.06364794 0.05369591 0.01425463 0.006780655 0.00274498 0.0032123 0.004398487 0.01451408 0.02229541 0.01065406 0.004372106 0.004616911 0.003961192 0.004216359 0.006987629 0.00438002 0.004467518 0.006620254 0.01709024 0.006893861 0.001258289 0.01198888 0.001497164
0.2679719 0.2414162 0.2965303 0.3376142 0.2544594 0.1934706 0.1959055 0.1962245 0.223951 0.1620532 0.2279998 0.2306633 0.1978883 0.2040855 0.1928827 0.2229617 0.2172519 0.2948618 0.3531398 0.3876913 0.399206 0.2769048 0.2818564 0.3385995 0.306841 0.3060395 0.23884 0.2395848 0.2477106 0.2026349 0.1915912 0.170504 0.0817051 0.06027641 0.07748961 0.04279308 0.01088949 0.01030087 0.007198136 0.01005015 0.01481593 0.006712717 0.005260864 0.003882193 0.003788952 0.00377791 0.00386476 0.003989683 0.006100203 0.01218126 0.03890651 0.05593275 0.02446675 0.03400202 0.003361592 0.01323519
0.3366035 0.2596304 0.3511905 0.3960339 0.2330641 0.159757 0.1914879 0.1970149 0.1569103 0.1463463 0.2370666 0.167127 0.1622391 0.1818549 0.1865532 0.2163166 0.2368851 0.3107578 0.3357762 0.3522049 0.2935647 0.2346879 0.2401709 0.3073801 0.298303 0.2669476 0.260406 0.3135623 0.3210215 0.2758366 0.2317594 0.1987427 0.1136092 0.1491451 0.07852816 0.03704166 0.01612371 0.01286042 0.01526585 0.01237771 0.01055832 0.005281481 0.005804198 0.004460919 0.003997531 0.003930643 0.004041777 0.005400474 0.01206624 0.04044143 0.04841794 0.1012282 0.07845294 0.08708875 0.05018561 0.02216184
0.3833795 0.327883 0.2621432 0.303978 0.1908787 0.158471 0.2068787 0.2262864 0.1230077 0.1007593 0.1524217 0.1925043 0.2392958 0.2124817 0.2881073 0.3146858 0.2975591 0.4594038 0.4468598 0.3535722 0.2713051 0.2942866 0.275428 0.3262966 0.3823811 0.3403503 0.2694779 0.3871312 0.3852964 0.312667 0.2680751 0.1910267 0.2027792 0.172853 0.09222343 0.03218498 0.02791118 0.01069521 0.0080246 0.007263608 0.006878868 0.006475457 0.006041565 0.004876947 0.004612312 0.004541697 0.008768708 0.01274628 0.02204635 0.03165166 0.04495822 0.09502456 0.09623247 0.08313692 0.0854539 0.0345282
