contrib/geomasonDemos/riftland/riftlandData/RainData/117.txt
ncols         56
nrows         54
xllcorner     28.264
yllcorner     -5.7719999999999
cellsize      0.25
NODATA_value  -9999
[rows 26 to 51 of 54, columns 0 to 55 of 56]
0.3443123 0.2544891 0.2417323 0.1738837 0.184615 0.1905499 0.2515463 0.181087 0.1121476 0.09989155 0.1995141 0.2095423 0.2853692 0.3040429 0.3640803 0.327064 0.3905367 0.5047309 0.4136299 0.3565525 0.2850969 0.2855908 0.3520354 0.3995365 0.4298654 0.3688165 0.3260755 0.3968018 0.4124808 0.3722436 0.2790651 0.2377231 0.1880874 0.2002083 0.1420603 0.04593238 0.03322171 0.01202257 0.005824348 0.009588555 0.008887526 0.008235812 0.007498168 0.006506856 0.006823954 0.007554938 0.01049996 0.01910363 0.01997077 0.02290224 0.0249045 0.07791772 0.0904473 0.08355875 0.1039407 0.06702206
0.2957475 0.2473357 0.2058238 0.1335574 0.150457 0.1838903 0.1800891 0.177813 0.1954158 0.1617341 0.1790059 0.2944158 0.3088234 0.3067987 0.3491874 0.3083451 0.3559658 0.3959147 0.3202226 0.2558369 0.2679675 0.2980689 0.3321139 0.4265132 0.371211 0.3647859 0.341331 0.3800269 0.3614135 0.3658449 0.3031441 0.2360349 0.1911391 0.1449491 0.1182489 0.05261826 0.03812021 0.02071032 0.01667875 0.01470562 0.0137229 0.01291494 0.01149739 0.007996419 0.01255882 0.01534441 0.01527773 0.02496309 0.02887516 0.03902018 0.04746702 0.06312062 0.07377188 0.08216154 0.06666041 0.07384261
0.3238642 0.2907206 0.3802125 0.2053481 0.126232 0.1286522 0.177538 0.2166106 0.3080224 0.1904424 0.1812776 0.2678348 0.2661604 0.2313465 0.3089241 0.3325328 0.3433772 0.3328004 0.2731471 0.2310937 0.1778243 0.2727576 0.2777655 0.3767447 0.3502584 0.3065771 0.3257869 0.448711 0.3388869 0.3621451 0.2814546 0.2442807 0.214668 0.1559259 0.1192118 0.06042684 0.05024987 0.02569033 0.02784582 0.01734553 0.01614871 0.01491765 0.01307598 0.01105914 0.01621759 0.0211575 0.01998486 0.03309011 0.03836926 0.07257592 0.05655447 0.1852193 0.1029164 0.07061724 0.1356244 0.1917704
0.2240346 0.2052766 0.3042713 0.2432683 0.1737086 0.106838 0.1533342 0.1986406 0.1869195 0.2022682 0.3026815 0.3144587 0.2247652 0.2183133 0.2204591 0.2390157 0.2626751 0.2420399 0.1775177 0.1300287 0.1436389 0.1588061 0.1960659 0.3093281 0.3502185 0.3710936 0.3790245 0.4071854 0.3689109 0.3364821 0.2762772 0.2358802 0.2073932 0.1908068 0.1258569 0.07218313 0.06095598 0.02616538 0.02342703 0.01849162 0.01718113 0.01608061 0.01447485 0.01281214 0.01499245 0.01754874 0.02099326 0.03497837 0.04098039 0.06415197 0.09244839 0.2225544 0.1586272 0.1538514 0.1733915 0.1650174
0.2447092 0.2031224 0.2697316 0.2490751 0.1518919 0.101272 0.1245849 0.1352455 0.2218775 0.2278015 0.2506375 0.2790822 0.2545889 0.2057044 0.1752664 0.2192951 0.1958565 0.1748431 0.1573996 0.1351406 0.1268109 0.1055661 0.1101156 0.218969 0.2747311 0.3497764 0.3401429 0.3302366 0.3443785 0.3303289 0.2413122 0.2406184 0.2340242 0.1794138 0.1489867 0.1207569 0.08821345 0.02637108 0.02118153 0.01823621 0.01676705 0.01533513 0.01509328 0.0139167 0.01629157 0.01827508 0.02242829 0.03254344 0.04950716 0.06132881 0.08629323 0.205255 0.2028282 0.2619928 0.2425 0.194352
0.3489585 0.2212342 0.1480806 0.1499192 0.1169927 0.0881267 0.08783036 0.1735025 0.2526394 0.2053013 0.1984387 0.2232583 0.2105066 0.1853492 0.1614626 0.1689031 0.189437 0.2184445 0.2352537 0.1628383 0.1527492 0.1539538 0.129135 0.1683386 0.1725801 0.1970124 0.2157236 0.2725567 0.2723787 0.2868617 0.1846133 0.2025309 0.1867717 0.1354001 0.1049956 0.08192835 0.08446731 0.03401487 0.02377084 0.01616233 0.01712739 0.01353934 0.01459015 0.01331428 0.01631821 0.01796055 0.02218639 0.03108365 0.05168875 0.06235227 0.08992299 0.1616826 0.2943522 0.3304719 0.3124402 0.2465955
0.3547129 0.2891333 0.138488 0.1094313 0.1133185 0.1348876 0.1612895 0.2607434 0.2524001 0.1537509 0.1750925 0.2062137 0.1761057 0.1604516 0.1376418 0.1711239 0.1723325 0.1759313 0.2039776 0.1664033 0.2203754 0.200834 0.1506059 0.1580769 0.1931238 0.3278927 0.299637 0.2968159 0.2813012 0.250417 0.183389 0.1846549 0.1639997 0.1497329 0.0942926 0.05421124 0.04209023 0.02934284 0.02592044 0.01590539 0.01677478 0.01322011 0.01562643 0.01409401 0.0169577 0.01986195 0.02576976 0.04086674 0.08158602 0.0966068 0.09353636 0.1646832 0.20362 0.2317172 0.3120601 0.3181763
0.4008068 0.2171911 0.09710068 0.1026126 0.1241296 0.1500164 0.2515824 0.2431814 0.2159573 0.1591859 0.1729951 0.1867955 0.1573898 0.137052 0.1282384 0.1700403 0.1802302 0.160435 0.2068348 0.2238932 0.2180915 0.1845688 0.1732536 0.1570671 0.2256291 0.3235324 0.2785831 0.2202095 0.2060651 0.1900169 0.1599571 0.1707699 0.1507127 0.1075482 0.08406436 0.04533108 0.0333546 0.02781975 0.02441854 0.01783601 0.01486365 0.01388081 0.01743089 0.01630258 0.01986998 0.02417623 0.03232733 0.06540747 0.09957714 0.1124208 0.1248691 0.1755739 0.2427808 0.25726 0.2488994 0.3160484
0.4227159 0.1998709 0.1363777 0.2398359 0.239665 0.2591366 0.210532 0.1939583 0.1647243 0.1023418 0.1311819 0.1672945 0.1153996 0.0987952 0.109273 0.1490328 0.1950789 0.2127437 0.1944618 0.1949004 0.1943506 0.1520386 0.1733452 0.1464718 0.2347848 0.2354819 0.2418946 0.1765874 0.1350035 0.1320767 0.108228 0.1196194 0.1217518 0.09907998 0.07889341 0.04194571 0.02986234 0.02653556 0.02466877 0.02146886 0.01567974 0.01522293 0.02049049 0.01991006 0.02461159 0.03780053 0.04115747 0.05961788 0.1122998 0.1155877 0.1464212 0.2249052 0.358085 0.3298427 0.1991694 0.1517636
0.3221487 0.2461248 0.1929972 0.2841429 0.2134527 0.2550016 0.2023267 0.1965767 0.1464867 0.1179831 0.09325463 0.1259635 0.1180953 0.08023323 0.1152871 0.1646119 0.1883346 0.209292 0.2130384 0.2267473 0.2140322 0.1790822 0.1575531 0.1678533 0.1944467 0.2009405 0.1853477 0.1088933 0.08932372 0.07001098 0.04302333 0.05978163 0.06250105 0.0932722 0.04715998 0.02979263 0.02382244 0.01643253 0.02096008 0.01552767 0.009624104 0.01120251 0.018805 0.03418742 0.03086782 0.06827701 0.06233488 0.08520488 0.1456183 0.1301847 0.1634407 0.2211355 0.2616073 0.2267253 0.1901346 0.1147062
0.2701547 0.1865839 0.1330909 0.1432549 0.1538614 0.1523632 0.1197005 0.1054428 0.1006134 0.06608105 0.0608912 0.1184194 0.0917698 0.09301981 0.1157635 0.1606403 0.2387827 0.2417051 0.3035987 0.2308469 0.1719083 0.1528497 0.1420201 0.1779894 0.254697 0.1822486 0.1671486 0.1313796 0.09715655 0.06822482 0.04106883 0.05142545 0.0633076 0.04445918 0.03381667 0.02771013 0.02354993 0.01696696 0.01911631 0.01149533 0.008827292 0.01316156 0.02004354 0.0275367 0.04467368 0.05119918 0.06704447 0.102044 0.145337 0.1763079 0.1898707 0.2027792 0.2284782 0.1964754 0.18592 0.1153292
0.3068036 0.1607023 0.08264306 0.07573944 0.09875569 0.08505969 0.05977163 0.07505257 0.06525421 0.04552143 0.07707888 0.09941451 0.07889343 0.08453638 0.1212941 0.2219793 0.2202309 0.188895 0.2714723 0.1731343 0.1811653 0.1992838 0.16111 0.2174831 0.2698606 0.2151578 0.1209562 0.118511 0.09902322 0.05028071 0.03581895 0.05159179 0.02784322 0.03111262 0.02046909 0.02847845 0.02321776 0.02282701 0.02153528 0.01080655 0.01589247 0.01464583 0.02233371 0.03047293 0.04937584 0.05924436 0.08011379 0.1085821 0.1434876 0.1773534 0.1985303 0.1993656 0.1667119 0.1480339 0.1406638 0.04512972
0.3197879 0.1834942 0.1158929 0.1144755 0.07195678 0.05968951 0.05702423 0.03640018 0.05298004 0.03891646 0.08685633 0.06209891 0.05804673 0.0684855 0.1450014 0.1681681 0.1569872 0.1556226 0.2287506 0.1560012 0.1737697 0.2229328 0.1685749 0.1886712 0.2294401 0.1581166 0.09909711 0.07401647 0.06281033 0.04005696 0.03223877 0.04245566 0.02195783 0.01774677 0.01653039 0.01524124 0.0175205 0.01827604 0.01765906 0.01693245 0.01850375 0.01577357 0.02411233 0.0330587 0.05621991 0.08211959 0.1271343 0.1313515 0.1424374 0.1585449 0.1735293 0.152095 0.1515625 0.1515566 0.1022733 0.05223037
0.2260542 0.09256914 0.1210121 0.1620487 0.09093861 0.06504982 0.05873796 0.09105997 0.07801572 0.07138126 0.07945968 0.07659538 0.05832958 0.07520842 0.2513746 0.2662446 0.3014325 0.324999 0.2254056 0.1322401 0.121407 0.1658648 0.1124632 0.1415125 0.166754 0.1311906 0.08088987 0.0411102 0.02251791 0.01809541 0.01877738 0.02586808 0.01194193 0.009976372 0.0112236 0.01195362 0.01737511 0.0138553 0.0155046 0.007782371 0.008819298 0.01530962 0.02163094 0.04630202 0.06248739 0.09771415 0.1285823 0.1507419 0.1560481 0.1977927 0.161786 0.1729377 0.1642697 0.1194421 0.132319 0.08989994
0.1798603 0.09143781 0.07665597 0.0911091 0.0717747 0.0676344 0.0801433 0.07316087 0.1111226 0.06293606 0.08939382 0.1173758 0.1256019 0.07641956 0.1783543 0.3640226 0.4251452 0.3078353 0.2145974 0.1122072 0.08816203 0.09995375 0.07475828 0.05211487 0.08001581 0.07333702 0.06851838 0.02994202 0.01425996 0.01567383 0.01227761 0.01406482 0.01068056 0.009701187 0.006626172 0.01208653 0.0111734 0.01296961 0.009283921 0.007347368 0.009808441 0.01498698 0.02255932 0.04991125 0.06792654 0.1016761 0.1219002 0.1472404 0.1561587 0.2004959 0.1710652 0.1690326 0.1176557 0.1298191 0.1425962 0.1006389
0.1649109 0.07425167 0.06644828 0.06667754 0.05482107 0.0645204 0.07155529 0.07607432 0.08733141 0.06291682 0.06556531 0.1012597 0.09619581 0.07388745 0.1188454 0.3134405 0.3318109 0.3838242 0.2987355 0.1264075 0.1018036 0.08338445 0.06621855 0.04573036 0.05606494 0.04949354 0.06429399 0.03059032 0.0113065 0.01150869 0.009472862 0.01250515 0.009936691 0.007301355 0.00539578 0.01248879 0.01230432 0.00845312 0.009644186 0.008905444 0.01175671 0.01697257 0.02556388 0.06114661 0.08022832 0.1088495 0.1272748 0.1446717 0.1642137 0.1854319 0.1841351 0.1235362 0.1297052 0.1411019 0.164094 0.1076548
0.1470012 0.06344203 0.03958685 0.03964857 0.05504916 0.04883245 0.03848029 0.04546716 0.05728374 0.06353314 0.05335205 0.05268988 0.05973519 0.09617471 0.1642448 0.2162651 0.1823691 0.1958137 0.1372379 0.0958336 0.08659913 0.08126771 0.05873726 0.03703435 0.03998794 0.03299916 0.0292354 0.02319468 0.01228368 0.008889101 0.02946934 0.01058859 0.008287515 0.008935365 0.007701712 0.02925491 0.1071442 0.01023862 0.01213203 0.01271033 0.01503298 0.01941321 0.02642083 0.05401835 0.07986388 0.09762632 0.1330241 0.1602621 0.1737889 0.1841825 0.2120965 0.1236919 0.153303 0.160649 0.1569265 0.1238069
0.1107521 0.03544712 0.02288325 0.02218474 0.04550165 0.03256615 0.02144 0.03122953 0.0388738 0.05873758 0.05426022 0.03946054 0.06939237 0.08623248 0.1688358 0.1363548 0.09436747 0.1394491 0.1539123 0.069936 0.05144393 0.05360882 0.04155641 0.03163519 0.03336377 0.02617943 0.02041797 0.009875626 0.006521313 0.004887766 0.008750903 0.006856109 0.006942332 0.006979278 0.007285927 0.02490404 0.1345491 0.01343454 0.01239535 0.0168695 0.01988102 0.0261344 0.03569232 0.06254059 0.0859375 0.1104229 0.1509555 0.1980697 0.2071956 0.2274422 0.139322 0.09474634 0.1384019 0.1559236 0.1537345 0.09904167
0.1207174 0.03469571 0.01179512 0.01145531 0.02216407 0.02584048 0.01949051 0.02787672 0.02333713 0.01338832 0.009888391 0.01543867 0.04973103 0.1075461 0.1226594 0.1239742 0.0639536 0.07201986 0.05929704 0.03783128 0.03395278 0.02980852 0.02275742 0.02950943 0.02915038 0.02382372 0.01817933 0.009431464 0.02317355 0.00349138 0.008694557 0.003959901 0.003501292 0.006243372 0.007623673 0.01094029 0.01591561 0.01385177 0.0148788 0.01925694 0.02333518 0.02933969 0.03742009 0.07192278 0.1001071 0.1295207 0.1670251 0.1884365 0.1916897 0.1287473 0.1268212 0.1161565 0.1307997 0.2140423 0.1500661 0.0935
0.1237876 0.0247273 0.01187707 0.01314693 0.01143814 0.013354 0.01829722 0.02241663 0.03953352 0.02183979 0.01782138 0.03453236 0.09108198 0.06401206 0.06130677 0.1145931 0.06434185 0.03545696 0.04321847 0.02740668 0.02343618 0.02053435 0.02089305 0.02599525 0.02345513 0.01986559 0.02313912 0.01708445 0.004822199 0.00245526 0.02555421 0.001937144 0.004109801 0.007549182 0.009147663 0.01216214 0.01313902 0.01671461 0.01827398 0.02323749 0.02768157 0.03368135 0.04150974 0.07480291 0.1018595 0.1295773 0.1525312 0.1656803 0.1583508 0.1031511 0.12918 0.1048271 0.1459975 0.1473455 0.1099584 0.05720834
0.03837364 0.01606015 0.004876945 0.005286294 0.01507533 0.01214513 0.01324944 0.01839859 0.02467161 0.01202331 0.01715822 0.03081737 0.05525577 0.02890107 0.03549945 0.06994473 0.06171526 0.02772543 0.01900701 0.03438839 0.01612019 0.01608533 0.01610993 0.02081187 0.01742179 0.01574523 0.03273829 0.005234228 0.002789089 0.001469931 0.002119282 0.002040883 0.004737643 0.007599823 0.009548223 0.01231697 0.01500655 0.01743913 0.0206026 0.02572489 0.03081557 0.03711453 0.04450293 0.0782104 0.089573 0.1144003 0.1296219 0.1361645 0.08625776 0.0994841 0.1057324 0.08542817 0.1086442 0.1314129 0.1264113 0.0645
0.02849287 0.009792935 0.005543419 0.01034943 0.01204556 0.01775573 0.01542249 0.01476622 0.01277813 0.01410407 0.01698083 0.01368681 0.02430813 0.0128838 0.02198265 0.03609373 0.03035382 0.01797618 0.02691815 0.05220607 0.01817977 0.01710149 0.02119429 0.006765686 0.01695883 0.00485002 0.003743102 0.0008708512 0.0004663431 0.000234392 0.000367227 0.003485132 0.00777618 0.01210759 0.01514441 0.01857082 0.02194911 0.02528997 0.02727568 0.03340936 0.03958414 0.04585706 0.05275246 0.08015998 0.09311004 0.1002928 0.1028038 0.07162894 0.07924328 0.08143935 0.0923051 0.07658332 0.08416666 0.07120833 0.05341667 0.08908332
0.01450525 0.01248543 0.009244426 0.02095666 0.01241139 0.01224782 0.01264048 0.01346764 0.01668431 0.01690147 0.01326417 0.01361059 0.02160472 0.00847076 0.009780866 0.01860659 0.01501945 0.01405267 0.01756095 0.01393455 0.01202452 0.0105975 0.009280502 0.003810228 0.003683266 0.00299155 0.002436316 0.0004332743 0.0002193222 0.0002116653 0.0003353304 0.005192569 0.007754021 0.0124106 0.01480115 0.02104223 0.02115985 0.02602085 0.03294192 0.03682129 0.04148224 0.04790932 0.05521271 0.08352834 0.09253339 0.1019937 0.1030526 0.06240821 0.07301831 0.07074189 0.07647566 0.040125 0.08325 0.04429166 0.05404167 0.07974999
0.0119705 0.01380076 0.009092732 0.01414856 0.01175149 0.01220286 0.009780783 0.01516096 0.01037048 0.01965303 0.01546072 0.006579688 0.02350077 0.02248623 0.005618985 0.01160273 0.01675234 0.02423095 0.01974861 0.01173707 0.007116356 0.006027597 0.005279707 0.001844288 0.001762597 0.001493909 0.0008976886 0.000181733 8.205228e-005 0.0003060821 0.000412126 0.006232457 0.008222041 0.01277086 0.01656217 0.01906518 0.02122793 0.02510807 0.02860254 0.03687915 0.08982036 0.04811988 0.05645587 0.07813869 0.0843594 0.1020511 0.1026496 0.06223399 0.06817394 0.06276806 0.05100414 0.01375 0.01879167 0.038125 0.04529167 0.04408333
0.01546039 0.006587993 0.009029936 0.01715974 0.008533599 0.007797484 0.008676568 0.009148045 0.007737254 0.0128051 0.008798005 0.006648725 0.01591869 0.01225343 0.01245985 0.04119951 0.01839291 0.02459949 0.01746191 0.007139542 0.004958682 0.004590352 0.003878741 0.001355284 0.001598414 0.0008753175 0.0006519104 0.003745451 0.004876091 0.008615234 0.00215608 0.005601887 0.009373524 0.01245553 0.01502748 0.01810486 0.0208786 0.02298116 0.02671252 0.03508763 0.04147903 0.04583854 0.06353131 0.06837451 0.0773617 0.100483 0.04860465 0.05626259 0.05801277 0.05282117 0.04606451 0.02208334 0.0225 0.02825 0.01579167 0.041625
0.01979159 0.009832838 0.01170779 0.02206886 0.009380573 0.007734957 0.01435299 0.01025014 0.02337825 0.02846241 0.01532986 0.008907599 0.008520925 0.009723875 0.01330317 0.02453922 0.0289623 0.009546334 0.01732126 0.01010196 0.003626674 0.0008976354 0.0004932343 0.0001316544 0.0003439437 0.0001783694 0.001188434 0.0009907809 0.000740496 0.0007772101 0.00275757 0.007473322 0.008353492 0.01496585 0.01714503 0.02036825 0.0208355 0.02260897 0.02770894 0.04356528 0.0394374 0.05302335 0.05642622 0.05685652 0.06144062 0.07759316 0.03858939 0.02881351 0.0323495 0.0248132 0.03486174 0.03275 0.02091667 0.01266667 0.007041666 0.02091666
