contrib/geomasonDemos/riftland/riftlandData/RainData/118.txt
ncols         56
nrows         54
xllcorner     28.264
yllcorner     -5.7719999999999
cellsize      0.25
NODATA_value  -9999
[rows 0 to 25 of 54, columns 0 to 55 of 56]
0.1238305 0.1213733 0.1620843 0.1080177 0.07911573 0.08320288 0.06726831 0.04914659 0.04090957 0.0641571 0.04673813 0.119239 0.08915412 0.05735197 0.04969145 0.05482706 0.07327732 0.06340823 0.05069751 0.0405001 0.03093022 0.03564752 0.06450853 0.0794597 0.1071508 0.08532412 0.1048295 0.08155386 0.03427726 0.03497743 0.05409896 0.04434837 0.06355742 0.0651494 0.06397138 0.05165391 0.02989653 0.04161537 0.055966 0.03697291 0.03131181 0.06023846 0.0612128 0.01200749 0.04942029 0.03603637 0.02353521 0.09549419 0.05830142 0.1049085 0.237731 0.1882782 0.1158983 0.1512647 0.1832505 0.1989803
0.1572281 0.1016305 0.1482508 0.1146878 0.06393936 0.05476091 0.05674829 0.05213831 0.07797196 0.04522236 0.05190661 0.1295374 0.08812634 0.06669576 0.05608369 0.07356449 0.05072188 0.04068174 0.04689278 0.04522952 0.02833496 0.04883943 0.05866434 0.07145885 0.07537184 0.08225239 0.05538238 0.08123073 0.06352577 0.05930189 0.06550533 0.05858672 0.06681252 0.08695877 0.08354685 0.08616123 0.04240268 0.05850604 0.05763318 0.03424165 0.04947161 0.04328714 0.02659099 0.02175044 0.01876347 0.0348452 0.03126325 0.09401403 0.1321908 0.1344365 0.1805139 0.1285549 0.07070082 0.131872 0.1699292 0.1567476
0.100299 0.1105819 0.1693638 0.108257 0.0557938 0.04630114 0.0570837 0.06181166 0.101046 0.06574069 0.09288542 0.1149432 0.112346 0.08466256 0.05239146 0.04151776 0.05434499 0.06030253 0.0500109 0.0525206 0.04829903 0.05511254 0.05984046 0.08604875 0.09485596 0.08933228 0.05943567 0.07737649 0.0832532 0.03725915 0.04244117 0.1072966 0.1198204 0.106486 0.1248814 0.1059468 0.07517355 0.07945497 0.06983396 0.09192341 0.1349043 0.09517737 0.03770396 0.02700373 0.05678945 0.026864 0.03806853 0.1255519 0.1427344 0.1542594 0.2222115 0.2224448 0.08886343 0.08755288 0.1185858 0.1601959
0.1746998 0.1414105 0.1065299 0.1788786 0.09583353 0.06598954 0.06952927 0.0823267 0.1240749 0.2197778 0.1917144 0.1321329 0.09608483 0.06010086 0.04864288 0.03683989 0.05967662 0.07252441 0.1056349 0.09543091 0.06103551 0.03379432 0.06949127 0.06270798 0.1014267 0.0798532 0.08042863 0.06480765 0.0730442 0.06215859 0.07237113 0.1571089 0.1648874 0.2164136 0.1964206 0.1507249 0.08102467 0.06066899 0.05646637 0.1696909 0.2195005 0.1520776 0.1319629 0.1659697 0.100588 0.07687202 0.0786932 0.1155824 0.1446381 0.1665071 0.1497399 0.196559 0.1296842 0.1146315 0.1498225 0.1721503
0.1146994 0.1465303 0.1264244 0.1317258 0.1208538 0.07669462 0.05979792 0.08897842 0.07858074 0.1490536 0.1277054 0.0792942 0.06621014 0.1022641 0.04379418 0.02492383 0.06080564 0.0709944 0.09347932 0.06493042 0.05863509 0.03619025 0.06810147 0.04870578 0.06403255 0.07413902 0.07653482 0.07573196 0.06281224 0.0771718 0.09485959 0.1390533 0.2279229 0.2343888 0.1946317 0.1632236 0.08675219 0.07169475 0.05311922 0.2075956 0.24967 0.1782032 0.2189967 0.2207156 0.1979405 0.1494348 0.1427926 0.1124339 0.1809067 0.2355973 0.2437066 0.1862077 0.1478367 0.1041665 0.1574426 0.1991559
0.1536962 0.1843452 0.2070313 0.1586551 0.1277769 0.1049408 0.08703867 0.1257479 0.1010574 0.0908832 0.1034048 0.06856269 0.05452239 0.04237491 0.02860371 0.02278793 0.03976074 0.06059645 0.08993998 0.06304941 0.05110401 0.03892884 0.06695964 0.04778767 0.0562247 0.06612474 0.05818515 0.09200923 0.0607625 0.04060859 0.06588887 0.1176841 0.1953458 0.1806034 0.1007061 0.1205976 0.1252481 0.07648794 0.1105678 0.1834206 0.1872025 0.1584854 0.2163554 0.2290502 0.2523856 0.1951997 0.09677935 0.1409505 0.2643862 0.2505786 0.1656083 0.1012564 0.1346268 0.1338602 0.1931618 0.1461658
0.1472074 0.1188317 0.1345562 0.1317794 0.09906968 0.08620228 0.07622679 0.08869997 0.1059222 0.1024191 0.06110189 0.0552649 0.04594277 0.02245346 0.009688222 0.01791015 0.03615373 0.05888789 0.09268408 0.06695544 0.06789544 0.07068907 0.06284027 0.07084002 0.06682348 0.04461741 0.05459316 0.06403693 0.04516117 0.02454745 0.05401664 0.07569399 0.1150095 0.1175217 0.07746684 0.1866501 0.1562478 0.08486763 0.09603292 0.2448884 0.1484767 0.1106612 0.113782 0.1535893 0.1882848 0.1251781 0.1091859 0.1499364 0.2005034 0.1554308 0.129185 0.1525192 0.143329 0.178685 0.2525763 0.1856481
0.1486862 0.1720791 0.1426483 0.1410005 0.1059181 0.06195896 0.08236592 0.06570509 0.06526484 0.08001296 0.07796222 0.04051534 0.02237777 0.02908881 0.02941406 0.03409709 0.04226932 0.06461429 0.09425544 0.05559885 0.06876695 0.06145582 0.06282395 0.04805751 0.06405443 0.04567135 0.03199098 0.02339648 0.01479559 0.02369846 0.06337917 0.09993996 0.1642256 0.1178837 0.09018517 0.1875814 0.1566606 0.1329716 0.1406215 0.204337 0.1886015 0.1832682 0.1311572 0.1467573 0.1483808 0.1579677 0.1875587 0.1693239 0.1246507 0.1030934 0.04636995 0.09530469 0.1316296 0.1875011 0.1992861 0.3331665
0.1084796 0.1267945 0.1450064 0.1581086 0.1074836 0.07760502 0.1292571 0.1158736 0.06572346 0.0673175 0.03339954 0.04133656 0.02613656 0.04759506 0.05770132 0.05803844 0.07417765 0.07394726 0.1070247 0.07131982 0.08527368 0.08659215 0.07714837 0.03590283 0.05416909 0.0340936 0.02726549 0.02755559 0.02428549 0.02956701 0.07444839 0.1308514 0.1600616 0.1197219 0.1218456 0.2644768 0.1721236 0.1323274 0.1190159 0.1714953 0.1749328 0.1498131 0.150814 0.1820824 0.1602492 0.1228942 0.1455516 0.1737023 0.1136254 0.1063494 0.07313898 0.09961569 0.115755 0.1852372 0.1583105 0.3273037
0.09298445 0.1107691 0.09104643 0.1555679 0.1239948 0.1008628 0.107913 0.1079763 0.07620692 0.1233905 0.07493821 0.03489798 0.03743529 0.05913005 0.08209842 0.0651524 0.09017473 0.08117863 0.1350143 0.1220001 0.111246 0.07256993 0.0341652 0.02673815 0.03108558 0.0263186 0.03214075 0.02850049 0.01875453 0.01870736 0.04567021 0.09360147 0.1595543 0.1246835 0.08337328 0.1749601 0.1653938 0.1213105 0.1083483 0.1628807 0.147957 0.139237 0.1150487 0.174752 0.2082808 0.09676334 0.1090589 0.1640045 0.089961 0.1214518 0.05479898 0.06719136 0.1183604 0.1474945 0.1469936 0.158392
0.09406252 0.09299997 0.06615285 0.1245808 0.1418558 0.1161878 0.1194784 0.08016954 0.1178583 0.2003056 0.1029745 0.06590702 0.0541864 0.06644798 0.100256 0.09278065 0.1096667 0.09985566 0.1495374 0.1482176 0.0781979 0.03913123 0.02710095 0.02114422 0.0117732 0.02986988 0.056837 0.03274752 0.01630614 0.01006086 0.03732459 0.1015224 0.09805536 0.07177253 0.08785769 0.1483209 0.1882512 0.1246034 0.1191137 0.1432186 0.1326843 0.1186217 0.1364485 0.1751804 0.2209539 0.118635 0.1409274 0.1659126 0.1835403 0.1919452 0.1123376 0.07811588 0.1317872 0.08663499 0.0745137 0.0721211
0.1365071 0.1096573 0.1037043 0.1771126 0.1820886 0.1531688 0.1167409 0.09301285 0.102465 0.105767 0.1048459 0.0661331 0.05702967 0.04188208 0.05572932 0.05575329 0.09716246 0.08748233 0.1117307 0.1796449 0.09030525 0.07885679 0.0363448 0.008151356 0.01231065 0.01358329 0.02914987 0.01881588 0.006425429 0.005874038 0.03091876 0.02854793 0.08419122 0.05328188 0.04622868 0.1072392 0.2036951 0.168365 0.1375576 0.06704124 0.0370025 0.07162461 0.1216407 0.1074347 0.2157476 0.2252509 0.1370542 0.1180239 0.1398625 0.1582228 0.1502887 0.1073308 0.07814437 0.04149164 0.03743682 0.0446638
0.1609473 0.1710392 0.1820678 0.2150758 0.179417 0.1214286 0.09030186 0.08953774 0.0817678 0.07345679 0.102354 0.08277526 0.05483277 0.0426553 0.03180191 0.0572031 0.07251564 0.1065598 0.05560792 0.05945215 0.06523571 0.1000566 0.03082947 0.008524251 0.00959963 0.01360363 0.006501643 0.02210998 0.003690005 0.005163268 0.008516898 0.02124225 0.03349999 0.03686314 0.04924073 0.09308298 0.1874373 0.1699598 0.1265406 0.093462 0.0238606 0.06101451 0.1059917 0.09343696 0.1488855 0.2791198 0.2507765 0.1128167 0.1189283 0.1524586 0.120085 0.09364333 0.06288978 0.02464366 0.01908982 0.03631304
0.1588874 0.1480241 0.1599413 0.169057 0.189901 0.1923066 0.1154822 0.09087895 0.08069317 0.06602534 0.08924492 0.08479377 0.07995374 0.09647147 0.07271815 0.05580871 0.04369289 0.0412081 0.03087326 0.03205938 0.04176404 0.0314955 0.01712587 0.004688368 0.006506046 0.001726761 0.002933811 0.004259895 0.0007896877 0.00368145 0.00781875 0.03009386 0.02413919 0.03740673 0.05741192 0.1513978 0.1634897 0.1578747 0.1495033 0.1114417 0.0664381 0.1131271 0.1204868 0.147838 0.1273341 0.1687558 0.1293733 0.1480567 0.1458403 0.1528307 0.1150063 0.08643808 0.05573846 0.05044659 0.03591265 0.06210579
0.1913801 0.150994 0.1340976 0.1597023 0.1714825 0.1949552 0.1340475 0.1138297 0.07719439 0.06168851 0.06419684 0.09624546 0.118585 0.129703 0.1266095 0.1058821 0.07522743 0.06314351 0.03096706 0.02452197 0.02343218 0.03420974 0.02509477 0.01197275 0.009491965 0.005150468 0.001036309 0.0006616802 0.002595748 0.004495542 0.001542571 0.01178012 0.02104523 0.01958823 0.02523068 0.03355495 0.04933225 0.03703179 0.1225119 0.07752875 0.06292471 0.07834864 0.09197029 0.1234579 0.1043913 0.1154182 0.1625791 0.1754979 0.1881195 0.1155729 0.09048821 0.05222363 0.07404101 0.05534093 0.06690439 0.05959906
0.2369753 0.1933592 0.1792047 0.1886898 0.1543864 0.1481629 0.1338382 0.1321912 0.09060901 0.06843833 0.05668887 0.08746847 0.1404104 0.1346862 0.1261862 0.05826083 0.04614406 0.06455626 0.0379249 0.01865391 0.0269056 0.01864764 0.01601934 0.01782534 0.009513151 0.003949796 0.001432291 0.001325203 0.001285517 0.003430702 0.002652859 0.008702329 0.01097307 0.01647785 0.02472167 0.02611407 0.02167021 0.03697842 0.03650193 0.04454608 0.04217301 0.0651937 0.09467814 0.1024603 0.1162084 0.08503565 0.1351496 0.1288663 0.1187471 0.132669 0.08505133 0.05609059 0.06961513 0.07149315 0.08490448 0.02992853
0.194034 0.1632557 0.1945074 0.1674249 0.1133684 0.1221318 0.1486296 0.1445505 0.1146638 0.06353731 0.07095073 0.09031571 0.1244667 0.1028153 0.1099394 0.05991761 0.06645674 0.06832067 0.04738709 0.02605931 0.02852898 0.02217739 0.006460948 0.01161398 0.00848449 0.00265656 0.0009958415 0.002234213 0.0008425341 0.002801551 0.002629826 0.008365235 0.01052347 0.01287084 0.02214034 0.01498277 0.0170681 0.03432845 0.04795888 0.03774755 0.06936941 0.08558261 0.1066709 0.1104167 0.09716935 0.1167925 0.18879 0.126753 0.1083068 0.07805059 0.06261644 0.1017424 0.053872 0.04545587 0.09221784 0.06584995
0.1764635 0.1746054 0.1874336 0.1525238 0.1100497 0.139734 0.1906173 0.146681 0.08820985 0.05030165 0.05585397 0.08322997 0.08577698 0.0829294 0.1118605 0.08962388 0.08151028 0.06518437 0.03762363 0.02768352 0.0222412 0.008950231 0.004923763 0.007410192 0.02848438 0.004192313 0.005706294 0.002205783 0.001203668 0.002160777 0.002970879 0.01633566 0.01309501 0.01433498 0.01841135 0.01334177 0.01588368 0.01794272 0.028335 0.03803156 0.09265916 0.1069486 0.1032741 0.09822086 0.09926005 0.07712063 0.1610123 0.1300281 0.1201221 0.1147831 0.1049515 0.1120672 0.09351157 0.06975798 0.09103815 0.09708649
0.2123593 0.2545594 0.2483885 0.177951 0.1646424 0.2250663 0.1893947 0.1212767 0.1043645 0.04579611 0.06206952 0.1008669 0.08456201 0.1023685 0.1065214 0.1000913 0.09088065 0.06102199 0.0384692 0.0329139 0.02959887 0.01731346 0.01007622 0.005901063 0.01201478 0.01714683 0.009546069 0.009961855 0.003442325 0.004262335 0.005389655 0.01157651 0.02092089 0.01825976 0.02005655 0.01434565 0.01722447 0.02586431 0.02022424 0.03421525 0.03935215 0.0570103 0.08661282 0.06989887 0.1050814 0.09612314 0.1149918 0.1134239 0.09747706 0.06398105 0.06006213 0.06039945 0.0959907 0.1458544 0.0912821 0.1440079
0.3079183 0.2874807 0.2785808 0.2534983 0.2266612 0.2353781 0.1527646 0.1066964 0.06519049 0.04443032 0.07365266 0.1080005 0.1020626 0.1081801 0.1141978 0.09708805 0.07301458 0.07815114 0.07196515 0.05719412 0.04207619 0.02060244 0.008945015 0.007863267 0.008782343 0.008473334 0.007725343 0.008911061 0.00665309 0.007145846 0.01117959 0.01671955 0.0226923 0.02074433 0.04570411 0.05267612 0.04372202 0.04810978 0.04973609 0.05485059 0.06869565 0.08057474 0.09528474 0.1016815 0.0965107 0.1014546 0.09090502 0.08635961 0.09470638 0.06799991 0.0813865 0.06671277 0.09443904 0.1203568 0.1420445 0.206014
0.3980389 0.293149 0.2634887 0.2618946 0.2568396 0.2207498 0.1521898 0.1142126 0.07462995 0.05211898 0.06931439 0.07179087 0.0668216 0.08606052 0.08314508 0.08890367 0.09804928 0.135244 0.09676828 0.06329642 0.04752901 0.04168694 0.02551627 0.02506488 0.01971374 0.01214403 0.005434784 0.008649113 0.01132494 0.01846652 0.01493216 0.01913863 0.02151521 0.03876206 0.05188419 0.06963336 0.05221494 0.0546161 0.06003326 0.07645964 0.1047662 0.09908899 0.08638339 0.07407994 0.07755993 0.08114425 0.1007493 0.09721003 0.1384206 0.09288613 0.1069437 0.08777691 0.1372792 0.1812284 0.2114931 0.2779507
0.3966741 0.3097296 0.2376981 0.2116449 0.2384528 0.2880415 0.2433957 0.1772644 0.0688685 0.04354948 0.0446549 0.03920775 0.05525433 0.08454206 0.06936143 0.09501301 0.09831079 0.1242575 0.1338574 0.1017897 0.07470418 0.1010329 0.05147441 0.04981659 0.03021425 0.02195929 0.006217523 0.01697282 0.01064509 0.008166013 0.01296965 0.02129835 0.02101568 0.03419943 0.03379161 0.05628479 0.06221165 0.06467719 0.08215581 0.07577474 0.09188536 0.09884547 0.09355801 0.08186859 0.09783737 0.09196573 0.06830878 0.117671 0.1260978 0.122881 0.1124008 0.1759457 0.1966611 0.2394941 0.2860747 0.3170086
0.3239995 0.2896163 0.2236538 0.2017014 0.1670447 0.2582148 0.3174347 0.2462724 0.1013579 0.02966466 0.03435707 0.03996513 0.05400872 0.09864242 0.06731416 0.09889989 0.08825146 0.1104952 0.1003998 0.1521731 0.08260132 0.08447465 0.04827261 0.05329158 0.05598931 0.03939213 0.02144161 0.02775899 0.04730884 0.01973785 0.02448388 0.02793313 0.02845326 0.04364485 0.03587687 0.05103469 0.06072447 0.07190013 0.08445325 0.07079286 0.09176334 0.09480821 0.1025867 0.1012363 0.1119174 0.09700519 0.07949296 0.1116674 0.1255346 0.1236434 0.13343 0.1472245 0.2500764 0.3075885 0.2743217 0.3806144
0.2941243 0.3596112 0.2262862 0.1675295 0.1451262 0.2224078 0.2467126 0.2047255 0.07783802 0.02109251 0.04655598 0.07366358 0.07764234 0.1004391 0.06127952 0.07681465 0.09709369 0.1198505 0.1259537 0.17487 0.1059682 0.08133851 0.04966868 0.05486253 0.07059788 0.05213444 0.0354167 0.02645923 0.06098394 0.04709344 0.03541654 0.02406033 0.02269424 0.04482513 0.08732719 0.07986273 0.06876539 0.07999963 0.07762079 0.07361628 0.07450582 0.08586124 0.09948915 0.08650195 0.1058019 0.1262583 0.1550331 0.2011799 0.2108302 0.1698852 0.1534258 0.2060794 0.2707364 0.3267837 0.3011613 0.4921223
0.261689 0.2878595 0.2201194 0.183413 0.1511627 0.1629646 0.1489625 0.1056489 0.05651724 0.0532117 0.07080022 0.08266287 0.08773528 0.07564472 0.04420249 0.0893339 0.08890805 0.09933714 0.09359693 0.08075022 0.07399288 0.07725602 0.04417332 0.06501278 0.05539557 0.05118915 0.04608513 0.05463632 0.05781907 0.05847453 0.05150282 0.02885399 0.03598076 0.03276745 0.05918716 0.1144938 0.08836155 0.08236401 0.0808078 0.07899364 0.08993679 0.09582109 0.1044175 0.1029968 0.1200894 0.1467102 0.1714073 0.2206367 0.1944056 0.2011844 0.2847154 0.3659674 0.3187837 0.3270152 0.268503 0.327728
0.2060162 0.2198327 0.1606059 0.1701802 0.1104884 0.1135292 0.116166 0.06633622 0.0684014 0.04930814 0.07659642 0.1516724 0.1447871 0.08299112 0.06146044 0.06659912 0.1030637 0.1057789 0.09632553 0.07845154 0.08565229 0.1337269 0.09208737 0.09382743 0.09097845 0.0554444 0.05064189 0.09044898 0.06232582 0.09317013 0.08240134 0.08432414 0.0676318 0.1320879 0.1583505 0.1360579 0.1396727 0.09428872 0.09047444 0.100909 0.1044631 0.1088347 0.1061772 0.1028321 0.1164789 0.1093786 0.1454078 0.1861839 0.1577777 0.2233696 0.2549112 0.3607325 0.2993581 0.2761148 0.2158647 0.29837
