contrib/geomasonDemos/riftland/riftlandData/RainData/118.txt
ncols         56
nrows         54
xllcorner     28.264
yllcorner     -5.7719999999999
cellsize      0.25
NODATA_value  -9999
[rows 26 to 51 of 54, columns 0 to 55 of 56]
0.2044758 0.1947335 0.1589112 0.1965029 0.1518558 0.1805617 0.1070775 0.08705407 0.08017699 0.05402723 0.06045625 0.1111326 0.1043987 0.1067133 0.08932422 0.06416391 0.07295033 0.09471029 0.1678367 0.1674084 0.1269593 0.1731401 0.1320399 0.1261175 0.1354738 0.07881176 0.08911747 0.1428755 0.06267593 0.07657913 0.08242044 0.1173482 0.0988192 0.1087796 0.164654 0.1467802 0.156149 0.1255684 0.102974 0.107243 0.1055508 0.1041891 0.09078537 0.1067789 0.09833168 0.09065246 0.1233793 0.1646655 0.1547749 0.1591144 0.2503615 0.3250302 0.3117011 0.2066142 0.2314513 0.2895023
0.1857726 0.1954924 0.1641657 0.2101041 0.1830723 0.1626534 0.159324 0.1741498 0.153011 0.1481216 0.2041372 0.1811992 0.1719143 0.1140176 0.1120318 0.08977846 0.0836172 0.09846907 0.1254209 0.1461282 0.1557198 0.2740748 0.2739127 0.1535199 0.1089377 0.09392995 0.118227 0.09774413 0.06029777 0.0802649 0.123496 0.156784 0.1285241 0.1423818 0.1873836 0.2059342 0.2194218 0.2285944 0.2071922 0.1422596 0.1301431 0.1215598 0.104769 0.06884 0.07894854 0.08772618 0.07571434 0.1143306 0.1123874 0.154017 0.1836111 0.2487409 0.1863747 0.1722044 0.1849301 0.2205688
0.1961855 0.2162274 0.174222 0.1688583 0.1426184 0.1146498 0.1150329 0.1548721 0.1533652 0.1579552 0.2252999 0.2220945 0.1870441 0.1797547 0.09736128 0.1243266 0.1258137 0.1598513 0.1141585 0.1145995 0.1900244 0.2897467 0.3831783 0.248079 0.2052364 0.1474454 0.1692717 0.09568723 0.07136613 0.11376 0.1157767 0.2021851 0.1477911 0.1625171 0.1716286 0.2196053 0.2539354 0.2722427 0.2236811 0.153041 0.1402609 0.1255061 0.1055857 0.05984924 0.068973 0.06760357 0.05987994 0.06702138 0.1185025 0.09070197 0.09691221 0.1350132 0.1783406 0.2546231 0.196078 0.2543054
0.2265069 0.2292772 0.1636066 0.1747435 0.1427123 0.08107567 0.08335659 0.1232973 0.1459992 0.07374898 0.1302313 0.1659532 0.1376737 0.1484378 0.09239377 0.07155791 0.0918033 0.1177542 0.1104422 0.09858564 0.1600958 0.1894686 0.1568166 0.1655997 0.2335883 0.2498704 0.1726096 0.1136458 0.1022124 0.1103324 0.1384447 0.2018689 0.1636994 0.1961989 0.2017022 0.239345 0.2768503 0.3061449 0.3226912 0.159402 0.1422502 0.1255704 0.1059826 0.06040259 0.0407768 0.04020504 0.04920875 0.09465288 0.08350333 0.08809441 0.07862519 0.1349472 0.1811581 0.2390405 0.2269071 0.230057
0.2342679 0.2358164 0.1697597 0.1569264 0.07966235 0.0790589 0.07384548 0.114095 0.1474905 0.06847088 0.06975674 0.1686888 0.1480919 0.09339923 0.07256464 0.05883271 0.07285951 0.110526 0.1921061 0.1176475 0.1678299 0.1312634 0.1378668 0.1425643 0.1135009 0.1458616 0.1460115 0.1321186 0.08924211 0.1188785 0.1637528 0.1558446 0.1554686 0.1901886 0.2651122 0.2979537 0.3214757 0.3810622 0.3692825 0.2188474 0.1477102 0.1507219 0.1052209 0.05167438 0.04451422 0.03810961 0.08228316 0.1302643 0.1383872 0.1056844 0.06657778 0.1164149 0.1150093 0.1723624 0.145175 0.1342882
0.2790004 0.1648709 0.1476954 0.09129569 0.06321607 0.06677813 0.1189731 0.2173923 0.1880266 0.09966245 0.08882396 0.1275556 0.1138774 0.1213731 0.07956909 0.06829147 0.1058729 0.1631857 0.231907 0.1738001 0.1380814 0.1545536 0.09743037 0.1001709 0.04544191 0.058019 0.1257668 0.1298955 0.09073104 0.1468491 0.1386183 0.1771115 0.1576656 0.1972828 0.232251 0.308745 0.3634563 0.3711783 0.3669906 0.2401446 0.1961143 0.2228896 0.1677618 0.0811713 0.1400258 0.0834652 0.1919303 0.2279607 0.1984908 0.186638 0.1270867 0.1273278 0.2223275 0.2058523 0.1535227 0.08229129
0.2806194 0.1722047 0.0873182 0.0546972 0.04386716 0.04616002 0.1151136 0.1731153 0.1626535 0.1155944 0.09584748 0.1246819 0.1038216 0.1055327 0.07370284 0.09112509 0.1634074 0.1605466 0.1706221 0.1416574 0.1685646 0.1197565 0.08506587 0.05266524 0.06064656 0.08775435 0.1469571 0.1667314 0.1398782 0.1334486 0.103401 0.1742964 0.1714394 0.1977986 0.2625026 0.2950226 0.3429824 0.3595177 0.3558242 0.2128594 0.2401 0.2032907 0.1567432 0.1267128 0.1000574 0.1356341 0.261401 0.2201634 0.1688801 0.1087901 0.1823961 0.4401523 0.2833185 0.2012683 0.108009 0.06130115
0.2428847 0.1405093 0.08071406 0.07802546 0.08630043 0.05947043 0.101623 0.1167613 0.126531 0.104121 0.06617377 0.135438 0.09943609 0.09037285 0.1272508 0.09476075 0.114882 0.1588021 0.1509264 0.1029576 0.1358579 0.1477364 0.07404794 0.09286263 0.08741549 0.2181026 0.1639943 0.1607591 0.1308885 0.1218264 0.09429028 0.1575593 0.1886082 0.1784406 0.2438612 0.2877971 0.292947 0.3095001 0.2815216 0.2049503 0.1958245 0.183434 0.1346254 0.05293871 0.04300414 0.0695313 0.1806485 0.2250841 0.1923659 0.131154 0.1463847 0.3284924 0.2985562 0.07792985 0.03673037 0.01333767
0.2245839 0.1484307 0.1166021 0.1375936 0.137896 0.1101067 0.07904994 0.1035111 0.1142736 0.07634693 0.05918847 0.1131144 0.1197235 0.09977636 0.147569 0.1605712 0.1666947 0.1514848 0.12664 0.08930693 0.1040154 0.08220167 0.0617048 0.08950871 0.0836776 0.1974021 0.1219163 0.09156838 0.07581099 0.07683891 0.08816009 0.09816056 0.1825161 0.1244821 0.150943 0.2050312 0.209102 0.2186375 0.2186603 0.161703 0.1549525 0.1394753 0.1004953 0.05905086 0.03181684 0.07907472 0.1894192 0.2622575 0.2980863 0.190588 0.1025541 0.0705794 0.1238631 0.07956468 0.04640111 0.01371637
0.2914169 0.1781775 0.1298818 0.1519518 0.1154731 0.07732326 0.06284203 0.08889461 0.1018031 0.09930114 0.076899 0.133893 0.1300567 0.0956175 0.126256 0.1980776 0.2217527 0.1911158 0.1215824 0.1305877 0.06350448 0.05130113 0.06692176 0.09167818 0.1105853 0.132268 0.1013305 0.07782555 0.05466041 0.02325952 0.02527337 0.05779168 0.04760325 0.06117857 0.07438469 0.08422416 0.09393664 0.1160372 0.1147285 0.137403 0.1027019 0.133138 0.0859282 0.03657623 0.05794687 0.03350203 0.025668 0.05672053 0.1680471 0.1768497 0.1298083 0.1146615 0.1066155 0.02487617 0.01025029 0.01139625
0.3086998 0.2178081 0.1362308 0.1240436 0.0972852 0.06872497 0.07360829 0.1089115 0.1500144 0.13065 0.07874847 0.120244 0.118232 0.1283852 0.1429215 0.1943545 0.2190814 0.1868951 0.1222613 0.08789198 0.04509337 0.04858791 0.1364524 0.1019556 0.1233029 0.150676 0.1291783 0.09914939 0.06566808 0.03872474 0.04476871 0.05722142 0.04813742 0.06308274 0.06136066 0.06269046 0.08347348 0.09413268 0.1146733 0.1515615 0.138489 0.06580639 0.04038874 0.03047492 0.0207471 0.04536933 0.08688317 0.121557 0.1231793 0.09666058 0.1789058 0.1041727 0.05290668 0.0151909 0.007119714 0.03803184
0.2298746 0.1940073 0.08593439 0.07406193 0.06582277 0.06301429 0.06855167 0.08806545 0.1096445 0.08330857 0.07995949 0.1202476 0.1171045 0.1192683 0.1634777 0.202571 0.1809801 0.1389675 0.09608491 0.05411322 0.0567516 0.06944933 0.1152216 0.1168849 0.1742354 0.1368183 0.0887531 0.07461251 0.04280633 0.02900282 0.03292793 0.04056686 0.02801906 0.04327334 0.03597141 0.06356558 0.06781693 0.06983415 0.05982581 0.05577206 0.05812139 0.04270714 0.04865371 0.07219643 0.02065942 0.07887042 0.1292358 0.08570842 0.03405781 0.1867593 0.155117 0.05184605 0.02626788 0.007906173 0.01699011 0.03616012
0.2967571 0.1606088 0.06964915 0.06521358 0.06279159 0.06902707 0.05309857 0.07371736 0.111282 0.1041079 0.09738586 0.1114647 0.1121564 0.1183029 0.1612985 0.2228794 0.2175058 0.1320604 0.08159118 0.06118368 0.08931051 0.05548269 0.1105939 0.1466187 0.2957687 0.1225975 0.0729882 0.04778333 0.03196037 0.01515403 0.0134979 0.02699683 0.02678074 0.05085243 0.0226608 0.04010632 0.04851189 0.04500097 0.04327894 0.04897344 0.04839125 0.04784053 0.04394021 0.02855353 0.01855271 0.06067678 0.07436809 0.1355763 0.1339533 0.1718877 0.06966199 0.02169333 0.01324741 0.007179184 0.04353298 0.07070241
0.2470985 0.1476033 0.06761646 0.1195433 0.07174044 0.08426319 0.06712054 0.09075268 0.1322183 0.1230988 0.112583 0.1119966 0.07217214 0.1032047 0.2479785 0.2543218 0.1477089 0.0974628 0.07674957 0.06175797 0.06837181 0.07408559 0.1246963 0.1125794 0.1043342 0.09732424 0.06439631 0.04170099 0.02360764 0.01593231 0.01099059 0.02240972 0.01739188 0.0134789 0.01281099 0.01663615 0.01815796 0.02623393 0.01865845 0.02738296 0.02949002 0.0415516 0.03695332 0.02366882 0.03178287 0.1243581 0.1914439 0.1580628 0.1243993 0.06835768 0.06587258 0.02134331 0.02827378 0.01428799 0.04590134 0.05504024
0.2365793 0.1448295 0.0907409 0.1194501 0.07424769 0.07332592 0.06536757 0.09407455 0.1154322 0.09330355 0.08405873 0.1193165 0.07666741 0.1005789 0.2268551 0.2056171 0.1284297 0.1037774 0.05346783 0.04559599 0.04398594 0.06373668 0.1016869 0.1664155 0.1294421 0.09444213 0.05951465 0.02150321 0.01763475 0.01360504 0.00851172 0.01544093 0.01400729 0.007287751 0.007936688 0.01102498 0.01950282 0.03198696 0.01559702 0.02721373 0.02702542 0.02518801 0.06123824 0.05174282 0.04624397 0.140148 0.1026673 0.04184191 0.05550081 0.04496162 0.02424701 0.03952129 0.03814662 0.02766567 0.02154874 0.03159689
0.2544421 0.1432181 0.0684959 0.0998465 0.08638629 0.06544204 0.07837991 0.1232229 0.105985 0.07767284 0.06759909 0.09955881 0.08181331 0.1071917 0.1512022 0.1269678 0.08792908 0.05613357 0.05693797 0.04556829 0.04505971 0.08933217 0.09502005 0.08861608 0.06978127 0.04431315 0.03365032 0.02239821 0.009828331 0.006095696 0.006436054 0.01385831 0.00661435 0.004458531 0.004974519 0.005111568 0.01973382 0.01458314 0.01864736 0.01531862 0.02408012 0.03740097 0.0350159 0.04300976 0.06580169 0.1120542 0.1009373 0.03141554 0.03350594 0.0869727 0.04954463 0.04987969 0.03605199 0.03698231 0.04219685 0.04842948
0.2049835 0.112387 0.06803936 0.09611078 0.1094615 0.1206082 0.107587 0.1267333 0.07719464 0.05628075 0.07889093 0.0973077 0.0858257 0.06536329 0.1234644 0.1413094 0.0801251 0.03749683 0.04027304 0.04086392 0.04287295 0.04574352 0.06492888 0.05746419 0.05083174 0.02327815 0.01372903 0.01896701 0.00692846 0.01907307 0.01643837 0.005244542 0.006046299 0.003503955 0.01645854 0.09468301 0.1721807 0.01342904 0.01864856 0.02147432 0.03966315 0.05911309 0.03996854 0.0996801 0.1359011 0.1167436 0.148605 0.02865189 0.05833754 0.067022 0.07840368 0.06703182 0.05158632 0.09407813 0.09783528 0.06786215
0.1609057 0.08728845 0.03870783 0.06293627 0.1194464 0.1158367 0.1097367 0.145047 0.1117779 0.09692739 0.08222374 0.08805828 0.05595474 0.0528698 0.09271359 0.08197444 0.06440627 0.06241237 0.03951218 0.02446514 0.02948056 0.01832669 0.02006952 0.02106368 0.04116073 0.01960313 0.01308114 0.01442639 0.03003096 0.03003222 0.007339075 0.008391 0.00447575 0.001500869 0.01892588 0.07247541 0.3643182 0.0627678 0.03905733 0.02709894 0.03818958 0.05908058 0.09420913 0.1273254 0.1265103 0.08782925 0.08153764 0.04423127 0.03716638 0.1239343 0.06378099 0.06912775 0.09344151 0.04553618 0.06207382 0.0546371
0.1549756 0.07389905 0.03864283 0.06465161 0.08588524 0.08514801 0.07543468 0.1013612 0.09487393 0.139048 0.10762 0.05559835 0.04794519 0.03569212 0.05782456 0.07393671 0.06570631 0.06584988 0.01952298 0.01881018 0.01657745 0.01438764 0.01301051 0.01619056 0.01569868 0.01290914 0.01066133 0.006187771 0.0179123 0.01346297 0.01172745 0.0008329701 0.0008922926 0.001378801 0.003690103 0.0101377 0.02798358 0.06449817 0.04054606 0.06600674 0.08492678 0.04501826 0.1316001 0.1888077 0.1828465 0.1049936 0.1025115 0.07528581 0.06120823 0.06737468 0.06869626 0.05969706 0.06746624 0.04078694 0.02116804 0.02443548
0.2408094 0.0810834 0.04838589 0.0362056 0.06093024 0.06000184 0.04307113 0.06922264 0.07155601 0.1076736 0.05147024 0.04303778 0.03702094 0.02482028 0.02698646 0.04994211 0.05490946 0.02482849 0.02308851 0.01141469 0.01165209 0.01109458 0.01062622 0.0127059 0.01222953 0.01082673 0.008482981 0.014527 0.002049694 0.001393702 0.02710221 0.0004246661 0.001066613 0.0004274461 0.00123652 0.008096174 0.01119101 0.020118 0.02386788 0.04192356 0.05600957 0.07631182 0.08408291 0.1304623 0.1175755 0.09416661 0.08354521 0.09313572 0.08038658 0.07094713 0.05443554 0.04592413 0.0312139 0.02925546 0.02087887 0.02721774
0.1677914 0.06459675 0.05867853 0.04229911 0.06643713 0.07271355 0.03879945 0.03803505 0.04145242 0.06223455 0.04263309 0.02815212 0.01988143 0.03710224 0.02875461 0.03932082 0.02534783 0.01138433 0.009036153 0.01286573 0.01053341 0.009006212 0.01275358 0.0102066 0.00971705 0.01221199 0.03005478 0.00260201 0.0014302 0.0008440057 0.0005969889 0.0003437097 0.001064259 0.01519088 0.005231044 0.005863635 0.03045791 0.0498291 0.1080898 0.1207601 0.06880566 0.1023945 0.07434417 0.1099522 0.1159623 0.08885718 0.08033283 0.07429162 0.06975967 0.07976853 0.07445457 0.05671249 0.04989112 0.03304539 0.02938074 0.03012097
0.08258202 0.04749015 0.05607925 0.04776069 0.07215846 0.06358445 0.07438798 0.05553639 0.03841821 0.03494342 0.02822008 0.01393265 0.02835588 0.04347957 0.02031434 0.0245017 0.02579556 0.0115518 0.009748991 0.01579694 0.01383824 0.01655184 0.01799348 0.01205835 0.05597553 0.01737974 0.004120929 0.0003769175 0.0001947469 0.002547732 0.00228025 0.0001974724 0.0001620073 0.0102131 0.0180297 0.008300781 0.007198258 0.04377611 0.1819285 0.1814407 0.05928094 0.05800637 0.05141402 0.08847964 0.09954885 0.09209574 0.06615372 0.05806332 0.064941 0.09005193 0.07383515 0.02241935 0.02330645 0.02733871 0.01762097 0.03540323
0.1224726 0.08792204 0.04270887 0.06283142 0.07733671 0.05238583 0.05506831 0.06853887 0.05109722 0.03339031 0.03344159 0.01636519 0.01882494 0.01751896 0.01218305 0.01790326 0.01585777 0.006083535 0.00606155 0.008135842 0.01047553 0.007401066 0.009620001 0.03498692 0.002452386 0.002057535 0.001560973 0.0002062316 0.0005339767 0.0010751 0.002089334 0.0001355012 0.00389728 0.02747136 0.008878629 0.03521926 0.01043285 0.03031489 0.1215831 0.1886605 0.09827071 0.1429805 0.2393568 0.1314109 0.1027131 0.09179281 0.09604297 0.06939813 0.07418564 0.07956515 0.07815477 0.03254032 0.03016129 0.01927419 0.03592742 0.03983871
0.1706357 0.1300646 0.05667915 0.0775009 0.06422241 0.05901781 0.06063948 0.06981774 0.06703656 0.0844868 0.0408535 0.03007668 0.02833463 0.02186922 0.0122347 0.03294314 0.02204428 0.004369648 0.004223018 0.00515163 0.005181275 0.004932178 0.006054598 0.004004735 0.001492503 0.001196308 0.0008856133 0.000445439 0.0003964847 0.001596853 0.0043906 0.001893036 0.006272543 0.01188423 0.01681718 0.07834872 0.03288978 0.05751573 0.1769648 0.1899052 0.1334187 0.1456172 0.182113 0.1053496 0.08429109 0.0977924 0.09981202 0.0844429 0.08102812 0.07841453 0.08689594 0.02298387 0.02616935 0.02729839 0.05201614 0.03278226
0.1114137 0.1020967 0.08561943 0.1207612 0.08997601 0.07659571 0.06256422 0.0847593 0.09525369 0.08146022 0.04031762 0.02304433 0.02490187 0.02295449 0.02038081 0.03551819 0.03047453 0.003648282 0.003606834 0.004351193 0.007656232 0.007553135 0.007089204 0.008682326 0.004220308 0.002213218 0.0007171275 0.003385121 0.002951222 6.788437e-005 0.005000004 0.003711698 0.01218397 0.002746985 0.005293915 0.01395095 0.03949007 0.04221205 0.1044078 0.1223264 0.06373958 0.09111941 0.1318649 0.07559355 0.07551296 0.1171514 0.06729185 0.06006192 0.08059346 0.08681285 0.07680054 0.02350806 0.0191129 0.0246371 0.04665323 0.04552419
0.07100405 0.08894752 0.1075292 0.153799 0.1090012 0.1140997 0.08910283 0.09449399 0.06783251 0.05914327 0.0551564 0.04651263 0.04151715 0.03946882 0.02568288 0.03491493 0.01409246 0.007756878 0.01313671 0.01792027 0.005066967 0.006965213 0.008350467 0.006029394 0.001101461 0.002593491 0.005388523 0.002725926 0.002965825 0.007350752 0.008711098 0.001065503 0.004010588 0.002780011 0.008985827 0.01305321 0.03174164 0.04935847 0.04889714 0.07999792 0.1012981 0.1626448 0.09413536 0.0599448 0.05777412 0.06614578 0.0681163 0.03036539 0.04189297 0.04302872 0.06255443 0.03782259 0.03995968 0.04689516 0.04258064 0.03016129
