contrib/geomasonDemos/riftland/riftlandData/RainData/125.txt
ncols         56
nrows         54
xllcorner     28.264
yllcorner     -5.7719999999999
cellsize      0.25
NODATA_value  -9999
[rows 27 to 53 of 54, columns 0 to 55 of 56]
0.4166755 0.542993 0.417588 0.484621 0.4785365 0.5001813 0.3230712 0.3735971 0.474406 0.3088715 0.2993073 0.2989576 0.25598 0.287419 0.2969334 0.1706633 0.2670967 0.2523396 0.277912 0.262044 0.3337261 0.3278143 0.4204187 0.3459967 0.3828872 0.3473988 0.2097832 0.1723478 0.1167749 0.1053907 0.09131411 0.07483489 0.05817553 0.03891572 0.02845382 0.01902611 0.01775084 0.01546035 0.01595897 0.01613647 0.01638489 0.01246749 0.01398226 0.004388448 0.006601063 0.01042161 0.0143668 0.02694996 0.02149884 0.01774169 0.02859632 0.04009357 0.04782498 0.05477022 0.1046798 0.1387902
0.6429686 0.6019889 0.4733347 0.5577857 0.3752989 0.3572477 0.3136202 0.3688082 0.4015383 0.2838297 0.164286 0.2096964 0.2225579 0.2260003 0.2966556 0.2172166 0.2889391 0.2365547 0.2349369 0.190124 0.2216529 0.2756094 0.3954431 0.389472 0.4615352 0.4215364 0.2421418 0.1911279 0.1295865 0.1112956 0.09914843 0.1278884 0.07917757 0.06263181 0.03405702 0.02077454 0.01286036 0.01156712 0.008733163 0.008775523 0.008754005 0.006704899 0.009594973 0.00572081 0.01149825 0.005476554 0.02396881 0.01138995 0.02396659 0.02303016 0.0346272 0.06744874 0.05152552 0.0708965 0.1214318 0.1514189
0.6463342 0.689705 0.6796809 0.5826379 0.3406796 0.2482859 0.198589 0.2228787 0.2697199 0.1549841 0.149285 0.2156508 0.1688801 0.1627845 0.2284775 0.2386298 0.2364909 0.2045097 0.2078714 0.1111429 0.1259203 0.2635546 0.2769668 0.4504905 0.4893161 0.4399803 0.321421 0.2536761 0.1448555 0.1151985 0.1137447 0.1322628 0.07985978 0.04732847 0.06321063 0.04584076 0.02499921 0.009873373 0.02081111 0.0103924 0.009260072 0.007091932 0.005231648 0.004439991 0.009280567 0.006866084 0.01440186 0.01978999 0.02941004 0.03533136 0.03545062 0.07030501 0.0958902 0.1359077 0.1616824 0.1342378
0.6618809 0.6574526 0.4968175 0.4220044 0.2412698 0.2192928 0.1528598 0.1357905 0.1268461 0.1687893 0.1411548 0.1727778 0.1378604 0.124284 0.1385533 0.1712359 0.2198538 0.2260524 0.2706397 0.2260951 0.1714261 0.291792 0.2769509 0.3311764 0.3940943 0.3141243 0.292372 0.2633865 0.1938459 0.1232205 0.1123067 0.114777 0.07124615 0.04081509 0.06427417 0.1962102 0.144476 0.01217642 0.014459 0.01158675 0.009861115 0.007526985 0.006428824 0.004939015 0.005026198 0.008372448 0.01552401 0.03407053 0.05799804 0.0570882 0.0606943 0.101203 0.1372248 0.2018981 0.2119655 0.1813108
0.6811652 0.6944647 0.5318666 0.3973152 0.2259856 0.1925713 0.2094192 0.2384616 0.1171399 0.137771 0.0921549 0.1774486 0.1822622 0.1853685 0.1934178 0.2155026 0.2982205 0.3373997 0.3242917 0.2396119 0.2243235 0.3488796 0.4015681 0.3141409 0.2918801 0.2293844 0.2061346 0.1847303 0.1943601 0.1368991 0.08029125 0.1349376 0.1250876 0.06969953 0.03477252 0.06975507 0.05538237 0.02028846 0.01553659 0.01035872 0.008199056 0.005961041 0.004218644 0.003235583 0.005774854 0.01376229 0.02894673 0.03938507 0.07579141 0.1200769 0.1196717 0.1479206 0.1921395 0.2064827 0.2368346 0.2384728
0.7144859 0.6570256 0.4078462 0.3331995 0.2082075 0.1677385 0.2457077 0.2490486 0.1678332 0.1125188 0.07826234 0.1995326 0.2093211 0.2167199 0.2419605 0.2694049 0.4002629 0.3950935 0.3356848 0.24522 0.1930187 0.2700299 0.3172995 0.27907 0.2445245 0.3059098 0.2644805 0.2389348 0.3229395 0.2336828 0.09569892 0.0785137 0.09696307 0.09407715 0.03715981 0.03503703 0.03123434 0.02047244 0.01985987 0.01316992 0.008621713 0.006276208 0.004481587 0.003488295 0.005891767 0.01108842 0.0211666 0.03505554 0.06297898 0.0850833 0.1302076 0.1640525 0.1814927 0.2145286 0.2453006 0.2669137
0.6984901 0.4952002 0.3081813 0.2662568 0.1677019 0.1905423 0.2944543 0.2040678 0.1241787 0.1267155 0.1348152 0.244186 0.2549284 0.3158919 0.3834351 0.3126752 0.3281387 0.4219243 0.3332209 0.27743 0.2544169 0.2163774 0.2466304 0.2658164 0.2980464 0.3515634 0.2980912 0.1694045 0.2066145 0.201045 0.09811217 0.0736052 0.09903254 0.05830636 0.0434354 0.03958489 0.03010508 0.02630921 0.02395736 0.0126569 0.01063174 0.0121059 0.02273529 0.006411523 0.01084995 0.02405499 0.0214285 0.06313122 0.1018383 0.1605941 0.1754943 0.1356603 0.1646163 0.2319264 0.3008739 0.3202198
0.6936355 0.561732 0.3681207 0.2697452 0.2664346 0.2757145 0.1735481 0.1221094 0.1081229 0.09698334 0.1342526 0.2702221 0.2943457 0.3464768 0.4254144 0.4629354 0.4344434 0.4328528 0.3066779 0.161843 0.1985697 0.190302 0.17127 0.1664986 0.2550018 0.3328725 0.2018224 0.1033957 0.09370541 0.0919462 0.07852138 0.07810047 0.09836875 0.05824018 0.05145224 0.04417466 0.03880157 0.03677983 0.03244886 0.01624194 0.01519754 0.01892689 0.02132116 0.01201337 0.03479023 0.04624104 0.0480791 0.09608559 0.1468045 0.172082 0.1973098 0.2068099 0.2294702 0.2754444 0.3212332 0.3199673
0.6788381 0.5356582 0.3755371 0.3293654 0.2342471 0.20403 0.1381787 0.1373521 0.1377154 0.1566635 0.1780299 0.2225344 0.287077 0.3551197 0.4797579 0.5438381 0.5413988 0.4596483 0.3305628 0.2297411 0.2419903 0.230297 0.1555843 0.1930874 0.3126559 0.3595518 0.2059403 0.09349763 0.04111116 0.03034688 0.02587629 0.05704543 0.05960925 0.05248626 0.04989788 0.04321944 0.04052688 0.03808987 0.035164 0.01895409 0.02252219 0.04027217 0.01599785 0.03170674 0.04716666 0.05971279 0.08503851 0.1483055 0.1582571 0.2341447 0.2959029 0.3131561 0.3018353 0.2941413 0.3198893 0.3351329
0.7056316 0.5749341 0.2875957 0.3504974 0.2630091 0.166232 0.1833116 0.1377822 0.1080375 0.1213904 0.1504286 0.2407377 0.2585918 0.3782171 0.497876 0.5457594 0.5413097 0.47511 0.3934401 0.2352517 0.2042766 0.2080305 0.159544 0.2788422 0.320589 0.3382457 0.2203234 0.1157122 0.04651385 0.02637757 0.02529685 0.05360369 0.05955585 0.05612415 0.05463998 0.05069393 0.04909885 0.04471067 0.0426741 0.03084253 0.02377413 0.05570743 0.03688168 0.04751613 0.04984685 0.06589784 0.09840789 0.1558253 0.1926465 0.2290811 0.3216201 0.318121 0.3401941 0.2980487 0.3233908 0.3301703
0.6314651 0.4503243 0.2306205 0.2651486 0.1686548 0.1275561 0.1255472 0.1531074 0.1492165 0.111433 0.1021807 0.2174768 0.2203936 0.3450867 0.4573938 0.4566955 0.4024943 0.3367471 0.315092 0.1317244 0.09274421 0.1383826 0.1934259 0.2618119 0.2309578 0.2736826 0.1293308 0.1265514 0.033911 0.02401532 0.03379066 0.056786 0.05668516 0.05408702 0.05054332 0.05477576 0.04925979 0.04633801 0.04646933 0.02469048 0.0519697 0.04949573 0.05787615 0.08169194 0.1071536 0.1160908 0.1344929 0.1569751 0.2091903 0.2383681 0.2568714 0.3047726 0.3056435 0.3273815 0.353945 0.3103482
0.5919752 0.3336013 0.2128733 0.255414 0.1180849 0.09322669 0.1206384 0.1554558 0.1425402 0.1317498 0.09597579 0.1874882 0.2052009 0.2022277 0.2721235 0.3328859 0.3525273 0.3128062 0.2487364 0.1390291 0.1289454 0.1386339 0.1995492 0.1822449 0.2209083 0.1935244 0.1481445 0.1067644 0.03106525 0.02150169 0.02972228 0.05421041 0.05465205 0.05641409 0.05167051 0.05088619 0.04696998 0.04513114 0.04576533 0.03371226 0.0327269 0.05610758 0.0598626 0.08360377 0.07742777 0.1550243 0.1924391 0.2256139 0.2299856 0.2414374 0.2491489 0.2339598 0.2411207 0.2802422 0.2707296 0.2445325
0.4122536 0.1861371 0.1453545 0.1786321 0.08456755 0.09127469 0.09107525 0.1354787 0.1307028 0.1085302 0.1034639 0.1020119 0.1228021 0.1083696 0.1357844 0.1631373 0.2629705 0.2832371 0.1565571 0.1314662 0.1229913 0.1606601 0.3096766 0.266802 0.3862959 0.289024 0.1057074 0.04201682 0.01891622 0.02165643 0.02048784 0.03707881 0.04662455 0.04191327 0.03626666 0.03561232 0.03333463 0.03315327 0.03588412 0.03441049 0.04274786 0.06962935 0.06495759 0.09842404 0.1031004 0.1229604 0.185051 0.2641053 0.3144805 0.3342581 0.2866564 0.2486757 0.2957136 0.269908 0.2712495 0.2117366
0.3299473 0.1912331 0.1291201 0.1659034 0.1029936 0.1034288 0.1026363 0.1309583 0.1749725 0.09913583 0.09131335 0.09343635 0.08341616 0.08891893 0.131378 0.1201729 0.1010504 0.1184928 0.1750149 0.1376841 0.1159785 0.2468083 0.3520342 0.2552003 0.3091227 0.2331722 0.1316161 0.02987844 0.01571365 0.01826101 0.02290636 0.03814036 0.04440811 0.03568474 0.03633396 0.03321501 0.03219062 0.0306691 0.0352985 0.0311544 0.0365985 0.04446334 0.05138182 0.08776328 0.1096834 0.1438061 0.2124714 0.3171613 0.3608152 0.3421575 0.3147791 0.2877218 0.2583514 0.290526 0.3014054 0.2315684
0.3729629 0.1724193 0.1270185 0.1556593 0.1106276 0.1051817 0.1776005 0.1502457 0.1106399 0.09722596 0.06430125 0.07056715 0.06305625 0.05919066 0.05671326 0.1437429 0.06918198 0.06636009 0.1254217 0.09012586 0.09555483 0.1559748 0.2219519 0.2430579 0.1889414 0.1215148 0.05838933 0.02290417 0.01433061 0.01517555 0.0157237 0.04233493 0.03424231 0.03468529 0.03040836 0.02821917 0.03569509 0.03633656 0.04374484 0.03761958 0.03828121 0.03611954 0.04762425 0.08776704 0.1304816 0.2053756 0.246482 0.3156223 0.3533722 0.3800995 0.4344081 0.2761772 0.2774095 0.3062659 0.3369613 0.2543901
0.4619265 0.2657904 0.1329875 0.1137237 0.09768206 0.1016836 0.1851832 0.1524812 0.08176703 0.07606816 0.0584789 0.05473642 0.06054943 0.05276762 0.04550393 0.06719822 0.06256022 0.0465073 0.0665108 0.06510593 0.06243968 0.1005713 0.115552 0.1722793 0.1214083 0.1114526 0.032012 0.01823455 0.01325894 0.03455802 0.09335647 0.0270448 0.03052115 0.02975307 0.02799347 0.07397398 0.1207606 0.03806639 0.05820756 0.05467043 0.04353493 0.04515107 0.06650985 0.08807313 0.145178 0.2263383 0.2857775 0.2938166 0.3363407 0.4589842 0.4041834 0.2675764 0.2931565 0.3395268 0.3459443 0.3106504
0.3861588 0.3746869 0.1265977 0.09578963 0.08125937 0.0562343 0.07426929 0.1296902 0.0702267 0.02899925 0.03563453 0.04758307 0.09230097 0.07005695 0.04182846 0.1011959 0.08410323 0.04190172 0.04677375 0.05082413 0.06621334 0.1067133 0.1025106 0.1416983 0.1171011 0.08301993 0.04298809 0.02515389 0.02056564 0.03267331 0.02591474 0.02341248 0.02943547 0.0296916 0.02662496 0.04057417 0.273716 0.0382537 0.04840992 0.04906951 0.05661703 0.05656565 0.07983886 0.1237179 0.1821346 0.2718639 0.3261185 0.2933265 0.2917451 0.4506834 0.2943622 0.2565145 0.2952288 0.3351899 0.3391635 0.3285886
0.3284679 0.3224444 0.1634609 0.09016637 0.060633 0.05382748 0.02534509 0.03301408 0.02687672 0.02624226 0.02014086 0.02170725 0.0404328 0.05003531 0.02553185 0.03299019 0.04937935 0.04347441 0.0378822 0.03777566 0.03793757 0.06435503 0.05934058 0.08667006 0.09422299 0.08064286 0.03254586 0.02265328 0.02563704 0.01226975 0.0190821 0.02135854 0.02290793 0.02610466 0.02286337 0.01935858 0.03919232 0.0331323 0.04533998 0.07827523 0.07071357 0.06375206 0.07899346 0.1402155 0.1900874 0.267704 0.2901427 0.3124967 0.3734195 0.3660949 0.3136944 0.2750156 0.2949821 0.3141958 0.3568336 0.3307661
0.4305189 0.1941965 0.1076831 0.08853687 0.08433621 0.0513709 0.0309224 0.01098211 0.02290593 0.0139641 0.01588205 0.02114955 0.05585391 0.04933906 0.04651369 0.01633625 0.0408534 0.0343545 0.03754839 0.03068816 0.03062264 0.03690459 0.052057 0.05501734 0.05987718 0.05127439 0.02186566 0.01416121 0.01046471 0.01218483 0.03565005 0.02043154 0.02193476 0.02275429 0.02316808 0.01965319 0.01825049 0.02814298 0.04555085 0.05656555 0.04690718 0.08679136 0.07845883 0.1565494 0.1800988 0.2592033 0.2544262 0.3294252 0.3913831 0.2840992 0.3559639 0.321918 0.3382288 0.3146144 0.392229 0.3644758
0.322517 0.1286523 0.06689462 0.05771194 0.0328967 0.03448477 0.01451787 0.01105541 0.008049949 0.01722025 0.01217365 0.01591035 0.02326171 0.03387911 0.01908115 0.0169042 0.03072383 0.03371739 0.02471024 0.02427433 0.03199081 0.02636769 0.05134552 0.01857877 0.0179481 0.02002092 0.01631218 0.009743066 0.01022 0.01231941 0.0173314 0.02036336 0.02205057 0.0232341 0.0245683 0.02050147 0.02095783 0.03476946 0.04174514 0.06350136 0.05428973 0.07366699 0.07952143 0.1277157 0.1544251 0.1926124 0.2373827 0.2821696 0.275883 0.2646416 0.3359058 0.293255 0.3294357 0.3462059 0.4110283 0.3568548
0.2046978 0.0918497 0.033778 0.01780638 0.0155044 0.01707418 0.007637782 0.0107777 0.006883414 0.006533924 0.006663817 0.003779703 0.01366861 0.01987473 0.03074534 0.03393878 0.0246236 0.01739841 0.02111935 0.02425378 0.02709042 0.03176438 0.04274289 0.0194755 0.04275772 0.02331427 0.03206916 0.008311426 0.008971557 0.01169146 0.01496763 0.01839136 0.0202695 0.02083873 0.01985617 0.01728867 0.01860136 0.02074641 0.04343287 0.1053626 0.07239678 0.07049875 0.08580858 0.132385 0.1839162 0.220387 0.2051242 0.2126735 0.2984961 0.2868549 0.3023312 0.2951612 0.3616129 0.3415726 0.3977419 0.3657258
0.02892372 0.02198945 0.02147816 0.02826644 0.005199994 0.005001923 0.01165027 0.01408672 0.003681663 0.005494069 0.007684868 0.001930587 0.003421267 0.007784069 0.007335849 0.01335811 0.01511214 0.01323965 0.01590639 0.01540644 0.01802902 0.01615898 0.01588226 0.02688206 0.02020671 0.009511872 0.01106681 0.01365342 0.009614225 0.01196976 0.01575439 0.01931131 0.02102078 0.02171901 0.02087593 0.01831918 0.01664973 0.0258039 0.03324721 0.1496428 0.04867285 0.06810109 0.1132923 0.1793017 0.188083 0.2166182 0.2785901 0.2315228 0.2789625 0.2934825 0.2741071 0.2801612 0.3044758 0.401129 0.383387 0.3641532
0.01003801 0.008234154 0.009140368 0.009646172 0.01726074 0.006623465 0.004722896 0.01030985 0.004305063 0.00196385 0.001351564 0.0008238166 0.0008688339 0.00264884 0.0008587467 0.002235977 0.01529879 0.02062528 0.008503253 0.01076382 0.01155424 0.01165604 0.01389052 0.02236756 0.01503736 0.00857203 0.01009529 0.01534791 0.01580905 0.01185476 0.01556374 0.01902037 0.02051687 0.02121153 0.02056588 0.01823772 0.01657787 0.02195485 0.02924122 0.04582872 0.0627037 0.0738325 0.09497888 0.1815166 0.2313194 0.3220356 0.3018138 0.2046024 0.2949843 0.3028632 0.2629387 0.2974193 0.2829032 0.3597177 0.4035484 0.2890726
0.03664949 0.01919006 0.007367964 0.02338727 0.05961549 0.003797051 0.00191839 0.00426075 0.001178447 0.0009838294 0.00254302 0.0055386 0.007114101 0.0007302132 0.0007272222 0.001914064 0.02257657 0.02315956 0.02255066 0.01102657 0.016219 0.0110574 0.01273551 0.01153587 0.01442469 0.008598812 0.009851979 0.00941951 0.01070646 0.01353384 0.01643407 0.02317006 0.02698005 0.02134323 0.02023943 0.01777833 0.01649624 0.02134646 0.02805101 0.04782332 0.06963338 0.07978783 0.08708125 0.153765 0.1733455 0.2509852 0.1513564 0.2015673 0.2787682 0.2904067 0.2600042 0.2577016 0.2105242 0.2802822 0.3004435 0.2280645
0.05015141 0.01016629 0.00663186 0.1191894 0.03031667 0.006445445 0.001852076 0.006602111 0.002807234 0.001855729 0.0009889145 0.0007727229 0.0008388447 0.001867733 0.0008947457 0.002184402 0.006713278 0.007303379 0.01849913 0.02030342 0.01755128 0.01070573 0.01036242 0.01421699 0.009870653 0.009379483 0.009439889 0.0180095 0.01340292 0.01044915 0.01261536 0.01682633 0.01843255 0.0184589 0.02891045 0.02371228 0.01694144 0.0224374 0.02949908 0.08530689 0.126311 0.1256866 0.1303352 0.1175158 0.1377312 0.1550964 0.1208047 0.1170202 0.2243858 0.3277684 0.3062432 0.2356452 0.2002822 0.2534677 0.2854032 0.2184274
0.01338852 0.00284054 4.040457e-005 0.01035024 0.0142869 0.0144581 0.01022003 0.03539876 0.001869776 0.001410107 0.0006370726 0.003926256 0.002718189 0.003753175 0.0006950822 0.00184534 0.01469049 0.007226601 0.01165763 0.01505279 0.02881492 0.00870101 0.008330789 0.009164783 0.008619755 0.008476657 0.00885888 0.007690713 0.01863454 0.01593021 0.01222164 0.01569917 0.01639424 0.01713419 0.01759361 0.02450184 0.02370061 0.02090707 0.02707762 0.104822 0.08272438 0.09502507 0.09029204 0.1061072 0.203424 0.1500614 0.1144397 0.1248339 0.145771 0.2584366 0.3346698 0.2430242 0.2419758 0.2760484 0.2248387 0.1852016
0.008934455 0.003372229 0.00594291 0.001921664 0.01122114 0.005709902 0.01056416 0.03169187 0.006263512 0.0003910522 0.0009281565 0.001499899 0.000538977 0.002821153 0.00177821 0.001679753 0.005775693 0.01087458 0.008924196 0.02882375 0.005950824 0.006736384 0.006517636 0.008830498 0.008629498 0.007194507 0.007922376 0.007207769 0.01923216 0.009853374 0.01230476 0.0148637 0.01595031 0.01898279 0.01998526 0.02867007 0.0308052 0.02738816 0.02483449 0.07326321 0.1119621 0.09029991 0.07282373 0.08928292 0.1920104 0.1782438 0.1425272 0.1494424 0.1348655 0.1899412 0.230059 0.2165323 0.2464919 0.2340726 0.2555242 0.1659678
