contrib/geomasonDemos/riftland/riftlandData/RainData/125.txt
ncols         56
nrows         54
xllcorner     28.264
yllcorner     -5.7719999999999
cellsize      0.25
NODATA_value  -9999
[rows 0 to 26 of 54, columns 0 to 55 of 56]
0.111836 0.1007315 0.1044444 0.08819308 0.08127675 0.05173805 0.05478611 0.05312603 0.03954886 0.05024932 0.0582892 0.07377252 0.08131026 0.06621479 0.05704237 0.04753518 0.0566725 0.04736088 0.04211471 0.03702224 0.04838974 0.0503579 0.05598845 0.05440179 0.065075 0.06729507 0.06857164 0.08606452 0.06909678 0.07349193 0.06990323 0.06032258 0.04626612 0.06244264 0.05316229 0.0583207 0.05570151 0.06590439 0.05286677 0.03368439 0.02367967 0.01658591 0.0208631 0.0278935 0.03061005 0.02035671 0.03529603 0.07427558 0.07704772 0.0824952 0.0897676 0.09451245 0.09030188 0.1001476 0.1243918 0.1087584
0.109763 0.09415244 0.09387842 0.1013205 0.08476368 0.05417221 0.05242135 0.057437 0.04367533 0.06259032 0.06983876 0.07524788 0.06887956 0.0731936 0.05649021 0.05100091 0.05504215 0.04731334 0.05108837 0.04767316 0.05145387 0.04357389 0.04319622 0.04362942 0.04530925 0.05975965 0.06986938 0.06763708 0.06401612 0.05868549 0.06253227 0.05000807 0.04612903 0.04129839 0.04462097 0.06237903 0.05792743 0.05558065 0.04001612 0.02221757 0.02366518 0.02638324 0.02929045 0.02444327 0.01649143 0.0264207 0.03997237 0.06420582 0.06602472 0.07716065 0.06300315 0.06141066 0.06177535 0.05746353 0.05526952 0.0604343
0.08277086 0.07835142 0.07828117 0.08360747 0.0851153 0.06174524 0.06217726 0.07987212 0.06785216 0.05858387 0.05679181 0.0711915 0.07368141 0.06542809 0.06459393 0.05468065 0.0595807 0.05630206 0.05773229 0.05067892 0.04781986 0.05486284 0.03757219 0.03354684 0.03914672 0.04174234 0.04504455 0.05687097 0.05583871 0.05020968 0.04083064 0.04568548 0.05806452 0.05755646 0.05993548 0.05012903 0.05051612 0.03917741 0.03612903 0.02379839 0.0262339 0.03244735 0.04004402 0.02665288 0.01895017 0.02593203 0.03635665 0.04835126 0.06462232 0.07848801 0.07097635 0.05379358 0.04271737 0.03256672 0.02382107 0.0141121
0.05356446 0.04956925 0.08360621 0.08817407 0.07755648 0.0620465 0.05753262 0.08228406 0.08117406 0.0472886 0.04359318 0.08102956 0.09697235 0.06436107 0.04844626 0.04739384 0.04845286 0.0659676 0.05909599 0.04361119 0.04057714 0.03425168 0.02797139 0.03406907 0.03495039 0.03374184 0.03562723 0.04807548 0.05294931 0.05171997 0.04473576 0.05706185 0.06792856 0.07825654 0.05660448 0.05124578 0.0511477 0.02686381 0.02502643 0.0385473 0.05574346 0.05514725 0.04572123 0.05889853 0.05508972 0.04097568 0.03823841 0.04490028 0.04826889 0.06241205 0.04328489 0.03627615 0.02267886 0.01642064 0.01475583 0.01811069
0.05534662 0.05139489 0.06482904 0.0885283 0.07875003 0.05408638 0.04479639 0.05064527 0.06276923 0.05696396 0.05731895 0.06948249 0.08959939 0.0618541 0.03901217 0.04010195 0.0416832 0.06141569 0.0521844 0.03548092 0.03311853 0.02836338 0.02480089 0.03566124 0.02870975 0.02791906 0.03003166 0.03246547 0.03532452 0.03067856 0.03515083 0.05336691 0.07218537 0.0822672 0.07121557 0.04446054 0.03972761 0.01643786 0.01617876 0.04467184 0.06570657 0.03915567 0.04389637 0.06627598 0.06382874 0.07686574 0.07698505 0.06464024 0.04234516 0.04065695 0.02283708 0.01940331 0.02106987 0.004786601 0.01395869 0.003516639
0.06754076 0.06055731 0.07553589 0.09493521 0.06918161 0.05701267 0.05004718 0.05727527 0.06641778 0.05437258 0.06636868 0.08835772 0.08397134 0.0533517 0.03834596 0.03676703 0.04921864 0.04779779 0.05137412 0.05169676 0.03486402 0.03251502 0.02725934 0.0270468 0.03603393 0.0328818 0.02266959 0.02483082 0.02707042 0.01780126 0.0238844 0.03721591 0.05409159 0.04428223 0.04795892 0.03695101 0.03227979 0.01544683 0.01290825 0.05574985 0.05310069 0.04305047 0.05540528 0.05093548 0.04899999 0.06227937 0.05172195 0.04275491 0.02368184 0.02649286 0.01718969 0.0119755 0.004913319 0.005680026 0.005687644 1.227534e-005
0.05980082 0.07121681 0.08251625 0.08538589 0.08034433 0.07648458 0.0656236 0.0650853 0.06786473 0.05461866 0.07398862 0.08701397 0.06972219 0.04388144 0.04631322 0.05632452 0.0507061 0.05542276 0.05674659 0.06098522 0.04426646 0.03059638 0.02689801 0.03426436 0.03323057 0.01728197 0.01283502 0.01328382 0.01458721 0.01840303 0.0222367 0.03642192 0.04013732 0.03537437 0.03032581 0.02984986 0.01789892 0.01622527 0.0121061 0.0326985 0.03130802 0.02127527 0.03024463 0.03677419 0.03406452 0.03544123 0.02947597 0.02669999 0.01938259 0.01586302 0.00980122 0.009779246 0.00212043 0.00358044 0.01446583 0.01062731
0.06934431 0.08463324 0.09503916 0.08991633 0.09116331 0.08525264 0.07425151 0.07446535 0.06019916 0.08648861 0.08510491 0.05876012 0.07764927 0.07228636 0.06133259 0.06336208 0.05439237 0.06237719 0.05708 0.04496983 0.04070111 0.04745639 0.02561202 0.04125525 0.02917487 0.01591085 0.01267376 0.009684062 0.006858233 0.01490051 0.02818112 0.04559314 0.03348578 0.03368419 0.03606231 0.03784989 0.02041047 0.01206444 0.01513996 0.01219115 0.01010032 0.01256303 0.01880675 0.02312694 0.01574326 0.02233024 0.02391617 0.02041614 0.02010173 0.01355014 0.007615553 0.01531844 0.01235424 0.008473519 0.01856511 0.01655799
0.1098344 0.1008537 0.1025114 0.1035456 0.1158582 0.1019639 0.07453715 0.1015623 0.07383964 0.1219438 0.09045888 0.07102609 0.07518795 0.07507396 0.05089069 0.06099281 0.05305507 0.0582996 0.06693593 0.05106313 0.04726746 0.05381614 0.02597243 0.02460008 0.01581225 0.01618386 0.009241937 0.00421944 0.004220611 0.01157887 0.01791291 0.04075051 0.02816731 0.02356816 0.02188514 0.03387327 0.02126659 0.009522269 0.008378071 0.006902087 0.0148074 0.01444632 0.02001164 0.0124955 0.01365393 0.0216669 0.02736628 0.02439648 0.01688347 0.01117182 0.005056467 0.003872846 0.00707763 0.02203926 0.03561231 0.02083289
0.1346352 0.1423419 0.1089586 0.09721986 0.1212748 0.10697 0.09441693 0.1193078 0.1180772 0.09608161 0.1033375 0.112563 0.0827652 0.07005759 0.06835315 0.07687901 0.05312229 0.05671842 0.03911759 0.03308148 0.07165314 0.05005688 0.02576461 0.02217092 0.01307775 0.01952956 0.01089397 0.004288955 0.003696561 0.00802526 0.01434211 0.02931367 0.0291189 0.0178407 0.01374583 0.01672511 0.01211192 0.007205436 0.01086564 0.008252766 0.007138968 0.006736792 0.01048864 0.009809199 0.007241664 0.01612085 0.0121518 0.01945991 0.01707977 0.02132433 0.01733969 0.007254672 0.007919046 0.01925903 0.02847669 0.01825134
0.1086793 0.1755479 0.1498959 0.1217156 0.1229281 0.1218199 0.1231837 0.1360946 0.09664805 0.1088185 0.130454 0.1067897 0.0943556 0.09045248 0.07861741 0.08796626 0.087814 0.05764094 0.02863826 0.02176177 0.04007765 0.03069199 0.01531445 0.0187644 0.01795723 0.009136514 0.005862194 0.004000436 0.00273859 0.006765428 0.01064397 0.01912428 0.01431759 0.01739873 0.01143559 0.01395192 0.01561534 0.005707981 0.006371791 0.005234844 0.00594017 0.005948607 0.005593667 0.006484115 0.004720875 0.004104247 0.001349359 0.005362405 0.01236103 0.01353489 0.01282046 0.01349326 0.006172024 0.009287122 0.005038626 0.005135789
0.08819443 0.1088933 0.09771271 0.1576545 0.1358266 0.1384131 0.1285155 0.09387366 0.1121158 0.1811934 0.158402 0.1235926 0.09499764 0.1107623 0.09213267 0.09150761 0.08196221 0.06853159 0.03720132 0.0173427 0.01932369 0.0128307 0.007614859 0.01860435 0.01386504 0.008358787 0.006608474 0.006015751 0.005179339 0.003693877 0.004561441 0.008673558 0.01201426 0.008012333 0.00705031 0.02444801 0.02123604 0.02301658 0.02859712 0.01183991 0.009911045 0.01479474 0.006702521 0.002054056 0.003838648 0.004168346 0.003199273 0.006222755 0.009931316 0.01213261 0.0119979 0.005473927 0.007346173 0.003710651 0.0005057083 0.0005056395
0.07197832 0.0747959 0.07378324 0.1146416 0.127129 0.1416582 0.1104954 0.1118993 0.1214066 0.1404875 0.1136248 0.1113797 0.1106227 0.1151558 0.1249294 0.106504 0.106234 0.08336982 0.06624728 0.04217141 0.05106685 0.03459504 0.01408769 0.01305318 0.01092891 0.006345909 0.006170209 0.005239984 0.001888403 0.0006215727 0.002294498 0.006542511 0.004795866 0.005006994 0.003497925 0.01792646 0.01525845 0.01981433 0.02095771 0.008756328 0.003397832 0.004794474 0.004326737 0.006801168 0.005459684 0.008538263 0.002507957 0.005404146 0.00302108 0.004466333 0.005146127 0.005305577 0.003252316 0.003136601 0.001817711 0.0005143448
0.0839266 0.08715092 0.08278352 0.1116852 0.1165769 0.1249008 0.1454683 0.1622932 0.1936093 0.1356546 0.08793415 0.1337655 0.1320676 0.1420794 0.143781 0.1083469 0.100706 0.1250503 0.07386165 0.04400359 0.04846057 0.02323204 0.01075313 0.007407778 0.004273385 0.002920398 0.002684116 0.0008383201 0.002737839 0.0006293281 0.002238822 0.002915098 0.005264493 0.005150537 0.001291247 0.003594547 0.004469822 0.008621556 0.01179813 0.003447784 0.001284916 0.009604483 0.008137742 0.00848053 0.002925476 0.003567815 0.003402914 0.001865809 0.001714444 0.002857296 0.002639017 0.0005418065 0.0007899441 0.0005048104 0.002392508 0.001865252
0.08083071 0.08282311 0.09464537 0.1490237 0.137299 0.1418037 0.1512734 0.20754 0.2559009 0.1509463 0.09181437 0.1128134 0.1326085 0.1848966 0.1611321 0.1411963 0.1470652 0.1107477 0.07333674 0.05284671 0.03125736 0.01516827 0.005361021 0.008557553 0.01274516 0.001166045 0.0009952642 0.0009336415 0.0007305852 0.0006187762 0.0005886118 0.002569231 0.0013208 0.0007069521 0.0007782727 0.0009057617 0.0009791846 0.001071449 0.001135129 0.003418616 0.002870506 0.002042076 0.007119165 0.005009003 0.004468604 0.001631875 0.002057867 0.001293097 0.000975213 0.000974715 0.001540592 0.003698556 0.004191305 0.001686448 0.0005479709 0.002901942
0.1167122 0.09878054 0.1401276 0.1848039 0.1863731 0.171575 0.1755472 0.2551292 0.2155085 0.1931406 0.1637083 0.127159 0.1369394 0.1823764 0.1392093 0.1266166 0.1787945 0.1312893 0.1015205 0.09868588 0.08204372 0.04234552 0.01728575 0.01598586 0.01252348 0.003974817 0.001750267 0.001837127 0.001325833 0.001051445 0.001038401 0.004108658 0.001382148 0.001384829 0.001543795 0.001219039 0.001323308 0.001431479 0.001515592 0.003511425 0.003521352 0.001779146 0.001797508 0.004625373 0.005581369 0.004698476 0.001037985 0.00161436 0.001000698 0.0009659813 0.004529543 0.004214315 0.007382851 0.002493334 0.00688028 0.004314174
0.1898564 0.1758639 0.1755601 0.2860641 0.2654982 0.2271549 0.1896496 0.2411292 0.2436317 0.1825671 0.2384292 0.1523939 0.1174532 0.1374551 0.1370083 0.1005783 0.1474471 0.1626932 0.1046354 0.100165 0.1087389 0.1014071 0.04231957 0.0354494 0.01057207 0.002989369 0.002077715 0.002014144 0.001371855 0.001023585 0.0009975201 0.01762653 0.004651043 0.001417769 0.00160192 0.001271895 0.001387975 0.001498897 0.00156891 0.002585787 0.002782354 0.006001232 0.002785087 0.003252292 0.004895323 0.004589765 0.001537713 0.001106356 0.0009789146 0.003028592 0.001747647 0.001198322 0.001517947 0.004247734 0.007065079 0.006794753
0.3239689 0.3303363 0.3758587 0.4545575 0.3526267 0.3140095 0.2459 0.2415453 0.2738838 0.2109163 0.2033388 0.1337252 0.0930302 0.2161371 0.1795038 0.1392714 0.2082651 0.1964245 0.1173613 0.1573547 0.1286987 0.1200069 0.03606322 0.02624551 0.01382287 0.005979251 0.006991291 0.003213473 0.002347079 0.001830458 0.001636218 0.02097932 0.01283563 0.001733453 0.001858013 0.00140451 0.001482135 0.001568064 0.00162685 0.001742003 0.001823868 0.00697752 0.001833743 0.002485997 0.0009752495 0.0009684465 0.0009702593 0.0009684082 0.0009795259 0.003483361 0.005126985 0.000560228 0.0005027806 0.007011675 0.009192539 0.007150504
0.2928355 0.3369199 0.4063028 0.4057094 0.3654707 0.3198758 0.2366861 0.1877081 0.2818623 0.1660015 0.1178845 0.1362906 0.1179039 0.1998347 0.3119951 0.2248115 0.2049227 0.2121592 0.2408352 0.3051325 0.1938053 0.1443713 0.05494863 0.02622372 0.02564538 0.0229321 0.01680094 0.005357071 0.004187549 0.003390734 0.002891712 0.003462936 0.01622966 0.00231312 0.002305119 0.001615521 0.001604956 0.001635483 0.001683056 0.001808655 0.001848893 0.005585746 0.001864906 0.001042707 0.0009714403 0.000980159 0.0009676267 0.0009685469 0.00153584 0.001162668 0.00369767 0.0005036654 0.002520955 0.003958734 0.009211279 0.01360474
0.3830243 0.4251819 0.387413 0.4529529 0.3454228 0.2780164 0.205373 0.2333066 0.2693915 0.138268 0.1269414 0.1725813 0.1869104 0.3062339 0.3468586 0.2634038 0.183311 0.2317171 0.3233048 0.3813015 0.2661549 0.1824138 0.06164374 0.04936723 0.01773505 0.009119936 0.00744635 0.01263833 0.01072571 0.009246619 0.007561786 0.004408692 0.009331916 0.003803303 0.002521346 0.003698173 0.003376355 0.003317651 0.003382218 0.004098255 0.004203972 0.004536979 0.004153505 0.003622195 0.003572301 0.003545707 0.003554445 0.003577937 0.003568899 0.005295848 0.003705647 0.0009140438 0.005257686 0.01255403 0.008836318 0.02728188
0.3314441 0.3115222 0.3070179 0.4012031 0.3715104 0.3890346 0.3292041 0.2610912 0.2683962 0.2426108 0.1344904 0.1594914 0.2163638 0.2368904 0.2561972 0.1946422 0.2222139 0.2200829 0.2364397 0.3418392 0.3119864 0.2389222 0.1156388 0.0829886 0.05596357 0.02799811 0.01004518 0.01589928 0.0135552 0.01117833 0.009294772 0.006204071 0.004365585 0.01070475 0.002918375 0.004002726 0.003630919 0.00344843 0.003494517 0.004191196 0.004264149 0.004329984 0.004185365 0.003624813 0.00402065 0.003533696 0.003532312 0.003569783 0.003562739 0.005362646 0.004918829 0.001737443 0.00931655 0.02124689 0.0193713 0.02800454
0.6222107 0.376192 0.2505223 0.3851602 0.3699741 0.4461799 0.3382847 0.395713 0.2709577 0.125967 0.08770256 0.1312454 0.1637574 0.2036584 0.2225067 0.1587281 0.1989565 0.2069183 0.1990831 0.2877449 0.3024691 0.2499092 0.1564325 0.1296269 0.09100198 0.05350931 0.02175676 0.02307383 0.01905955 0.01653925 0.01400101 0.01098119 0.008827631 0.008363871 0.008430567 0.00623517 0.00663652 0.003564939 0.003588052 0.00427418 0.005073977 0.004307731 0.004203867 0.003641651 0.003990945 0.00352495 0.003545471 0.003567863 0.00358685 0.00359538 0.005184724 0.01035898 0.02274237 0.02019692 0.02242928 0.03539745
0.4684129 0.4255402 0.2976646 0.3734865 0.4277614 0.5580655 0.2790997 0.2422257 0.1228354 0.1006962 0.08848783 0.1034123 0.1630309 0.2898803 0.2394596 0.1671177 0.17117 0.168578 0.1893865 0.2524563 0.305373 0.3209204 0.2538096 0.2006021 0.182112 0.1063663 0.04762905 0.05191071 0.03353969 0.02457085 0.02113886 0.01697807 0.0137628 0.01967162 0.01025792 0.01228323 0.009456676 0.003657735 0.003662987 0.004341258 0.004559022 0.005065117 0.004499897 0.003649696 0.004931706 0.003530582 0.00362806 0.003583423 0.003607416 0.009410492 0.01082173 0.02016608 0.03966336 0.03546158 0.05330551 0.07722121
0.4358481 0.3119594 0.2517598 0.3418118 0.3512087 0.3180242 0.1994298 0.185424 0.1610606 0.1769999 0.1371375 0.1047759 0.1378634 0.2055659 0.1822099 0.171273 0.2065946 0.1558442 0.2258631 0.2057804 0.302179 0.2889266 0.3820868 0.2574163 0.1870485 0.1114437 0.07697143 0.08119488 0.07371737 0.05533208 0.04177082 0.02888022 0.03447009 0.01782612 0.01420499 0.01447763 0.0134732 0.002548831 0.002533084 0.004442061 0.004433521 0.004391078 0.004283159 0.003511617 0.004102194 0.003394779 0.00490356 0.003116197 0.003809169 0.006959987 0.01090757 0.02602056 0.02434001 0.03734303 0.06223153 0.1035333
0.4116306 0.2816278 0.2527733 0.3287054 0.2574227 0.1749383 0.1337747 0.1413089 0.2264956 0.2041251 0.137232 0.09819988 0.1386885 0.2099553 0.2071755 0.1813277 0.2054608 0.1890625 0.1753545 0.1868317 0.2885596 0.2822156 0.3208923 0.2243393 0.1939177 0.1373641 0.117109 0.1041344 0.09813553 0.07516507 0.05458258 0.03340392 0.05793475 0.0206951 0.01376315 0.0169684 0.02070674 0.002612769 0.002584612 0.004503211 0.004473707 0.004410521 0.00431332 0.004040022 0.003891629 0.003536631 0.005473231 0.005245431 0.004921146 0.01489093 0.01280684 0.008289453 0.0229368 0.03472427 0.03457331 0.06031412
0.2929214 0.2904941 0.2540303 0.3325994 0.3462062 0.2794351 0.1621446 0.1629443 0.2026429 0.1377093 0.1401264 0.2052843 0.230133 0.2523954 0.3142779 0.3298833 0.3220422 0.2104842 0.1710042 0.2180377 0.3842844 0.3053469 0.3009346 0.2624781 0.2231764 0.1853052 0.1428951 0.1243472 0.1016462 0.09606653 0.07425458 0.04668832 0.1110927 0.06222114 0.03642743 0.06775551 0.01856098 0.009109544 0.006032776 0.00474769 0.004622692 0.004517082 0.007329855 0.007217503 0.00732389 0.00504668 0.01961236 0.013946 0.007313431 0.01063411 0.01014048 0.00988626 0.02338192 0.01343481 0.05919154 0.06419653
0.3398569 0.3167373 0.3548358 0.4628197 0.5147162 0.3686604 0.235125 0.2642349 0.2670099 0.1988681 0.2137337 0.2307868 0.2151649 0.3285573 0.2876968 0.2717379 0.2740517 0.1923095 0.2375981 0.2780542 0.3177813 0.3563988 0.2882726 0.2932323 0.2355739 0.2366078 0.1531952 0.1787553 0.1069608 0.09909905 0.08346649 0.05823497 0.06500592 0.05861152 0.03289095 0.02226327 0.03057684 0.0351989 0.03140945 0.03050498 0.02487705 0.02613781 0.03234275 0.03187397 0.01638065 0.007110085 0.02372405 0.02608582 0.01878562 0.02547948 0.02058331 0.04054503 0.07717518 0.06521915 0.08642923 0.1754922
