contrib/geomasonDemos/riftland/riftlandData/RainData/131.txt
ncols         56
nrows         54
xllcorner     28.264
yllcorner     -5.7719999999999
cellsize      0.25
NODATA_value  -9999
[rows 0 to 27 of 54, columns 0 to 55 of 56]
0.004930372 0.001476757 0.0008756534 0.0008702683 0.002579385 0.0008601148 0.001300445 0.0008943891 0.0009052687 0.0009079499 0.003349767 0.002851669 0.004151349 0.008798642 0.01600382 0.01022934 0.007105188 0.01518122 0.01463005 0.007349734 0.00752454 0.007638763 0.006019532 0.01893636 0.03348468 0.0392524 0.0449426 0.06948993 0.05154073 0.04112104 0.02827265 0.02358179 0.03446548 0.05287984 0.0600826 0.03969296 0.06338006 0.07291629 0.107539 0.13331 0.1495109 0.245069 0.1616023 0.1588351 0.1247929 0.108282 0.06520703 0.09934214 0.1103531 0.097134 0.06728995 0.05253493 0.1163659 0.1941395 0.2119362 0.1756849
0.005242916 0.002013886 0.001116356 0.00153382 0.001483587 0.001223025 0.003115745 0.002918749 0.001123672 0.002262732 0.00297224 0.008816606 0.007887147 0.01032184 0.01469348 0.008538874 0.005172647 0.01086736 0.01207396 0.006752711 0.009731492 0.01716683 0.0213485 0.02731491 0.03209022 0.04237957 0.06101033 0.05368488 0.0463158 0.03774955 0.02582251 0.03353525 0.04106769 0.03874496 0.04628783 0.03943309 0.06712323 0.07996967 0.1319314 0.1443399 0.1436751 0.1958847 0.1310264 0.1066771 0.1103333 0.08633988 0.06376079 0.09870121 0.1314725 0.0996509 0.1144083 0.05913715 0.08512457 0.1882838 0.1656938 0.1862095
0.01029146 0.006627244 0.002261289 0.003579946 0.003530555 0.003065476 0.01474882 0.002814701 0.00655738 0.009526399 0.004197931 0.005354018 0.00569252 0.007612608 0.005757175 0.005239447 0.00476282 0.01347797 0.02244478 0.01509191 0.02214083 0.02802913 0.02500369 0.03209094 0.0328364 0.03246674 0.06150106 0.04569652 0.05082507 0.04751769 0.0250632 0.04059548 0.04369368 0.0534064 0.04669114 0.04086507 0.05504641 0.08501294 0.105346 0.1478179 0.157223 0.1290231 0.1038174 0.09108397 0.1108771 0.08212616 0.07136872 0.09680057 0.1087455 0.110646 0.1023776 0.0906828 0.1146495 0.1654297 0.1614831 0.138583
0.01640618 0.005946096 0.004213098 0.002790528 0.003922975 0.004911623 0.007962449 0.006513502 0.01521365 0.005268088 0.005213237 0.003948599 0.002408101 0.004380088 0.00744471 0.01039735 0.009841568 0.01508853 0.02765395 0.02727201 0.0260209 0.02524792 0.0323851 0.03382342 0.03514423 0.0357273 0.04470114 0.03893941 0.04787425 0.05231881 0.03486137 0.05642917 0.07039122 0.07742715 0.08821794 0.051872 0.06911739 0.09244365 0.08885357 0.1411105 0.1315623 0.1609521 0.2023959 0.1610071 0.1611222 0.1699965 0.2396845 0.2058812 0.1716097 0.174445 0.135161 0.1231628 0.1741288 0.1518613 0.1628656 0.1331924
0.01005036 0.004566644 0.004388969 0.003454976 0.003067888 0.004656481 0.005741684 0.00755538 0.0169675 0.003000567 0.001908724 0.002745334 0.002069436 0.005947648 0.003170168 0.02073398 0.01571401 0.01626813 0.03157552 0.02305696 0.0226369 0.01940763 0.03243519 0.02188898 0.04076315 0.05960299 0.04726884 0.04473262 0.03939189 0.04653768 0.04645102 0.05577431 0.0653412 0.09475364 0.08508371 0.08429544 0.07918809 0.07755802 0.07852219 0.06495259 0.09878217 0.1233327 0.2000975 0.2071388 0.2757594 0.3139877 0.3974083 0.2629596 0.1847667 0.1862358 0.1617346 0.1480595 0.1877296 0.1331062 0.2031612 0.0890909
0.004226324 0.004767856 0.007554355 0.007668409 0.007434989 0.005016535 0.00373699 0.004229779 0.002740462 0.002829165 0.002302568 0.006688587 0.01891339 0.01541281 0.01335691 0.02107234 0.0211626 0.02346259 0.03515297 0.02630019 0.03289051 0.02455358 0.0275723 0.03435648 0.05055179 0.05401279 0.04864014 0.04970918 0.03768872 0.04884758 0.05727758 0.08374684 0.08384962 0.09800784 0.08991331 0.09397995 0.08554319 0.09213753 0.09191202 0.110735 0.1633082 0.1500865 0.1398287 0.1717141 0.265417 0.3610975 0.3452758 0.2697102 0.2098938 0.1730995 0.1303823 0.1612694 0.1661063 0.1707375 0.108665 0.09593618
0.005353719 0.009416907 0.009795194 0.005857863 0.004885099 0.005844681 0.003276918 0.003870835 0.003556788 0.003991649 0.002708624 0.01818483 0.0320629 0.01684601 0.009134484 0.0192374 0.0264311 0.03573481 0.03433 0.02782605 0.02924411 0.03182464 0.0351767 0.03541587 0.03527925 0.06898414 0.03427106 0.05318897 0.06111309 0.07629223 0.08470171 0.08553673 0.08942911 0.09135303 0.1259734 0.09614056 0.08497669 0.09870587 0.07553837 0.1062779 0.1719851 0.1763329 0.1783354 0.230161 0.220949 0.2390615 0.2782148 0.2062835 0.1589409 0.1681714 0.16654 0.1886917 0.1826231 0.2200498 0.2284238 0.1677757
0.01162108 0.01537145 0.01220552 0.01032388 0.008287149 0.007460228 0.007101918 0.01786333 0.008153601 0.004254976 0.01269695 0.02724041 0.01671226 0.0145139 0.01704006 0.02631238 0.02937095 0.03079724 0.02954798 0.0318606 0.03136712 0.03112652 0.02998745 0.03637848 0.03355695 0.05790543 0.04516972 0.05016807 0.05582051 0.06068045 0.0800376 0.07068608 0.0590849 0.09717624 0.1161673 0.1400521 0.1377781 0.200151 0.1864399 0.2343024 0.2102597 0.2214238 0.2108798 0.2859547 0.2911524 0.2643968 0.298753 0.1956542 0.1470347 0.1293957 0.171113 0.2127206 0.1786027 0.1626294 0.2142559 0.1793474
0.009371628 0.01274842 0.01143275 0.01121671 0.01724715 0.01555288 0.02551528 0.01402138 0.02192924 0.01574089 0.01819442 0.01619952 0.01340001 0.01965876 0.03000604 0.03304056 0.03651695 0.03676739 0.03381845 0.04256953 0.03499478 0.0301619 0.03621171 0.04123194 0.05244127 0.04880701 0.03079643 0.02097474 0.04019584 0.07441945 0.06873665 0.09858605 0.09118664 0.09681328 0.09869531 0.1375293 0.1442702 0.1318332 0.1748257 0.1883413 0.2062744 0.1844944 0.2254104 0.3310148 0.3343159 0.325524 0.3251055 0.2357278 0.1737604 0.1450356 0.1555698 0.1613841 0.1678916 0.1198583 0.1155762 0.1682593
0.02428113 0.01932025 0.0156766 0.007656819 0.007624027 0.01447943 0.01256542 0.01399976 0.022805 0.02412987 0.02449174 0.01619637 0.01749654 0.03355161 0.04351002 0.05250438 0.05219667 0.05341106 0.04567942 0.04912378 0.05323221 0.05024907 0.04733764 0.04868729 0.0547825 0.04510849 0.03423178 0.01408275 0.04701746 0.07471388 0.1311206 0.1322594 0.1332761 0.1184051 0.1123232 0.1586289 0.1851843 0.151132 0.1461044 0.1241762 0.1444678 0.1771277 0.2448177 0.3698867 0.2555757 0.2272753 0.2062953 0.184781 0.1764025 0.165973 0.1368157 0.1556242 0.1737702 0.1058677 0.09364007 0.1033664
0.0369694 0.02895861 0.01893081 0.01856483 0.01704612 0.01241597 0.01482239 0.02333552 0.03092624 0.04782564 0.02692098 0.01991126 0.02601671 0.04669193 0.05207396 0.0654131 0.06873973 0.06139214 0.05495678 0.0565116 0.07717188 0.07038154 0.07097198 0.05965996 0.02733043 0.01907578 0.0170298 0.01827558 0.0564688 0.06748759 0.1407224 0.1182353 0.1211299 0.1375192 0.1536552 0.1440274 0.1770687 0.2265728 0.2149206 0.1633823 0.1385315 0.1296818 0.1948038 0.2261035 0.1997653 0.1334677 0.125839 0.1400421 0.1632076 0.1519841 0.1446321 0.1132511 0.1337824 0.09274539 0.07615002 0.06474182
0.02905568 0.01808835 0.01751536 0.0125552 0.01609268 0.01152448 0.01729437 0.02425348 0.02462518 0.03128072 0.0361553 0.02224962 0.02317133 0.0455038 0.06040102 0.06690444 0.06171595 0.05462272 0.05794951 0.0692921 0.0832383 0.08465225 0.08276189 0.06247796 0.04828528 0.03412628 0.02208846 0.03906627 0.06695436 0.05361826 0.05926771 0.1011296 0.1230793 0.137928 0.1432042 0.1222819 0.1033375 0.1451231 0.134156 0.1631169 0.1782704 0.1352069 0.2234364 0.2754987 0.1610426 0.1879297 0.2145369 0.1342319 0.1175052 0.1222735 0.1265635 0.1056531 0.1156055 0.08848935 0.07905512 0.09089901
0.03025663 0.02486035 0.02241921 0.01421156 0.01619451 0.02853075 0.02316488 0.02431649 0.02369156 0.02098503 0.0411245 0.03209574 0.02279816 0.0320697 0.05008949 0.0648144 0.07887155 0.05792972 0.05701448 0.06009908 0.07809472 0.08595765 0.08590898 0.06254105 0.05501652 0.02672343 0.03554634 0.04097358 0.05669001 0.03131416 0.04448789 0.06019195 0.09335639 0.09744691 0.110496 0.1222856 0.06877046 0.102024 0.1230926 0.1860477 0.1190193 0.1445355 0.157023 0.1848091 0.08802314 0.1189643 0.1853303 0.1661208 0.119561 0.1359477 0.1266802 0.1413267 0.1652055 0.07743511 0.06694077 0.08496988
0.03126497 0.02805316 0.03545944 0.01824766 0.02344797 0.02125615 0.01725321 0.01342265 0.01685877 0.010933 0.01265139 0.04411621 0.03478985 0.03899508 0.03856192 0.06177945 0.07034402 0.0450028 0.04567121 0.06365953 0.09504011 0.09317444 0.08509202 0.06177376 0.04710547 0.02680348 0.04307919 0.04073591 0.03783885 0.02691296 0.01795732 0.02889808 0.04461681 0.07221511 0.08510783 0.1634945 0.1429602 0.1259076 0.1408274 0.142384 0.1327566 0.1161258 0.1591232 0.1635678 0.08288207 0.127267 0.1765533 0.1654453 0.1808174 0.1686565 0.1463326 0.2192189 0.1852047 0.070622 0.06748752 0.1115787
0.03905825 0.03528091 0.03191334 0.04095306 0.0332694 0.02097587 0.0127295 0.01516519 0.0126858 0.01071186 0.00931839 0.02640551 0.04380623 0.04771085 0.03690383 0.04231954 0.05473556 0.05648848 0.05620913 0.06581982 0.07379385 0.0863355 0.0809201 0.0802566 0.05626728 0.01972526 0.02659137 0.02375627 0.04771375 0.0576162 0.03808981 0.04617031 0.1099815 0.1330938 0.113547 0.1703932 0.1491925 0.1400556 0.1016612 0.1490874 0.09421931 0.163993 0.1646888 0.1882398 0.1309991 0.1052276 0.1632485 0.1834126 0.1622518 0.1479324 0.1779597 0.2059177 0.1478896 0.110835 0.09117864 0.122899
0.03142513 0.02810648 0.02617885 0.0239873 0.02447726 0.01657199 0.01717948 0.03609157 0.01723829 0.01321357 0.008062316 0.0151053 0.02749748 0.03853763 0.06012499 0.05991237 0.07410292 0.06264344 0.07368381 0.07038561 0.07574941 0.06123213 0.05265151 0.06196148 0.06703714 0.04000256 0.03353041 0.04876816 0.04857831 0.06824968 0.07652204 0.07497881 0.07209386 0.07890569 0.08596703 0.1399782 0.1064929 0.08595837 0.05826872 0.1597866 0.1395574 0.1886575 0.1650685 0.1807113 0.1709476 0.1390359 0.1395903 0.2860434 0.1875433 0.2235107 0.2277731 0.1953333 0.1529406 0.1260115 0.1208655 0.1737161
0.02661126 0.03503072 0.046274 0.03729028 0.02995178 0.04454703 0.02217662 0.04219586 0.02489673 0.01330613 0.01037634 0.04094829 0.02353137 0.03628004 0.06086755 0.06136915 0.06241966 0.05978272 0.05318893 0.0835735 0.09535687 0.08690926 0.06832951 0.05032586 0.06271128 0.05035093 0.02881822 0.04217371 0.05395407 0.05222834 0.0713563 0.08191232 0.06021701 0.03234787 0.0558037 0.1254107 0.1204515 0.09084504 0.1427717 0.1514758 0.1299247 0.1348282 0.1418274 0.1492523 0.1777456 0.1952634 0.2052958 0.2091131 0.1884018 0.1769649 0.1634239 0.1890139 0.1745231 0.1990122 0.2971801 0.2818553
0.05600419 0.0539968 0.07651643 0.05867136 0.04946401 0.05453395 0.0415685 0.03751402 0.02689713 0.02003119 0.01657028 0.04964418 0.02689565 0.02943975 0.07027882 0.04220355 0.08824927 0.09779412 0.09111477 0.09009349 0.09839463 0.09698316 0.07166846 0.0414063 0.05681014 0.04608217 0.03938911 0.04755045 0.04829941 0.05193167 0.04704143 0.04334159 0.05483212 0.03238787 0.03392449 0.05673829 0.1717618 0.2263565 0.1376937 0.1611273 0.2034822 0.2523742 0.2732286 0.2825332 0.2237315 0.2335923 0.2409267 0.2389327 0.1671415 0.1591959 0.112229 0.1762023 0.2603486 0.242585 0.2165568 0.2451365
0.09569379 0.06730607 0.06428715 0.06561043 0.05341579 0.05406313 0.04428556 0.04515344 0.04507652 0.02488062 0.01632008 0.06344465 0.0678838 0.04799134 0.0820284 0.08008493 0.08266214 0.1299059 0.1151359 0.1220146 0.1401537 0.1265894 0.07743342 0.05582339 0.09215309 0.1046521 0.08422272 0.07587504 0.06548943 0.06033371 0.05395248 0.03317558 0.04692803 0.0408764 0.05567935 0.07119229 0.152836 0.1198382 0.1199769 0.08330502 0.2053739 0.2098153 0.2786631 0.2660872 0.2824572 0.2774092 0.2275676 0.1948737 0.1370179 0.09316429 0.09921538 0.2236816 0.3728474 0.2593355 0.2583891 0.275625
0.1044047 0.07648172 0.08021913 0.0872542 0.06280097 0.06408719 0.06952219 0.05925592 0.03261065 0.02142634 0.02407839 0.08517112 0.1158552 0.1087506 0.08174549 0.06889974 0.0627188 0.1403288 0.1293946 0.08717584 0.1108161 0.09687391 0.08133628 0.1053856 0.1116676 0.116006 0.07090259 0.06003185 0.06298842 0.0684205 0.0558791 0.02961514 0.02118066 0.01989303 0.06021659 0.09576797 0.056369 0.06274072 0.05308615 0.08305234 0.2174786 0.3520651 0.3898502 0.2815155 0.2759246 0.2552749 0.2783743 0.1795631 0.1358721 0.1258558 0.1271565 0.1382826 0.1524916 0.2096841 0.1856209 0.2111964
0.09045599 0.1053059 0.0940192 0.09062392 0.07930167 0.0409548 0.0521653 0.06577724 0.03132316 0.02513535 0.03961239 0.0946742 0.1042344 0.08813348 0.08660667 0.0703643 0.04970232 0.0702924 0.07522395 0.08712018 0.1087876 0.09866924 0.09586893 0.1041949 0.1158643 0.1423931 0.09796682 0.09634998 0.1136757 0.07233042 0.05522561 0.04860077 0.04170544 0.06203015 0.08014721 0.1182231 0.07274045 0.0619697 0.08736971 0.1355335 0.2615422 0.4591632 0.3579722 0.3378805 0.2668294 0.2535737 0.2641362 0.2143448 0.1642742 0.1497183 0.1685921 0.1779281 0.2039739 0.2424596 0.2244053 0.2663516
0.1008051 0.09839955 0.1127642 0.09952353 0.08069066 0.06644744 0.05464271 0.09376751 0.03229824 0.03524618 0.03572556 0.0536313 0.06589545 0.07243975 0.05336701 0.07424334 0.06118884 0.05073479 0.08460844 0.07680619 0.08517977 0.09713216 0.1129126 0.1287222 0.1563835 0.1169889 0.113887 0.1139146 0.1062317 0.05652935 0.05858322 0.03822323 0.05031978 0.07066429 0.07891508 0.1347893 0.07330339 0.08968727 0.147298 0.2387939 0.239723 0.3193335 0.2398091 0.2039114 0.1827564 0.2272404 0.2989995 0.2035305 0.1707514 0.1507008 0.2062371 0.1675764 0.193444 0.232797 0.2445478 0.2379921
0.1286037 0.1388884 0.09374329 0.1042116 0.09567334 0.1333401 0.07441614 0.1368362 0.07708795 0.07266396 0.04348266 0.07017199 0.06180316 0.0581199 0.08702698 0.1227052 0.07567313 0.04918087 0.07708675 0.0941956 0.10835 0.1394569 0.1614507 0.1852509 0.2090592 0.1702552 0.1393478 0.1159403 0.1261125 0.09385505 0.07788931 0.04649265 0.04349099 0.05580552 0.08219863 0.1244857 0.08176577 0.1125569 0.1655037 0.249418 0.2694329 0.2166686 0.1115999 0.1551562 0.1566147 0.2429575 0.289457 0.2287238 0.2069993 0.1498014 0.15905 0.2116247 0.2627702 0.2106046 0.1989457 0.2947351
0.1176971 0.1297282 0.1106469 0.1122824 0.1240193 0.1638393 0.1089819 0.1063565 0.05840048 0.06148883 0.09269592 0.06236099 0.0414522 0.0453346 0.09047464 0.1130176 0.0897201 0.07356869 0.1003763 0.0987801 0.1262678 0.1480274 0.162175 0.1558467 0.2275382 0.1822206 0.1565024 0.1420397 0.1651047 0.1393729 0.09618413 0.07834904 0.09236845 0.1163358 0.1073085 0.118953 0.1072461 0.1017543 0.1126665 0.1321999 0.1518505 0.1470811 0.157536 0.2542925 0.2118286 0.1934442 0.2167549 0.2444662 0.2185104 0.1762622 0.1888179 0.1984361 0.2219455 0.2134729 0.182211 0.2303212
0.1401428 0.1465406 0.135256 0.120439 0.09657525 0.0916962 0.06667393 0.0657076 0.06063108 0.08905844 0.1440391 0.04058579 0.04158544 0.05801844 0.05797339 0.1279134 0.06785381 0.047254 0.08381171 0.1027225 0.1300245 0.1516148 0.1635714 0.1545147 0.1416954 0.14368 0.1117136 0.1326192 0.1760477 0.1565992 0.1396903 0.1352967 0.152125 0.1441953 0.09188039 0.1269311 0.1350541 0.1115724 0.1025125 0.1229987 0.1201668 0.1476389 0.1514259 0.2480856 0.2524038 0.2007503 0.23135 0.242158 0.2082078 0.2094797 0.3020858 0.1524095 0.188783 0.1692318 0.1762545 0.2316782
0.119448 0.1650157 0.1627549 0.1283308 0.09542244 0.06802245 0.04188201 0.05571298 0.03408679 0.03426858 0.03172515 0.1000954 0.1264443 0.0465795 0.07315503 0.1053098 0.0421508 0.04073843 0.04760494 0.09405878 0.1050091 0.1104185 0.1356394 0.1629272 0.1515688 0.152308 0.1398126 0.1128923 0.1305766 0.1521575 0.1325045 0.09396349 0.07441135 0.1068712 0.09767855 0.2099612 0.1983113 0.1184025 0.1114333 0.1801769 0.1438249 0.135143 0.1500655 0.1624707 0.1705834 0.2498749 0.3288553 0.3261736 0.2335859 0.201348 0.218649 0.1785505 0.2312444 0.1979276 0.190775 0.234208
0.1246193 0.1597896 0.2050309 0.120846 0.08141501 0.05987798 0.06471038 0.07075446 0.0469128 0.03079363 0.03451157 0.1066277 0.1093587 0.08069225 0.1257294 0.08874082 0.05716363 0.05359404 0.05463094 0.1040901 0.1198592 0.1193082 0.175956 0.1847753 0.1833165 0.1792985 0.1560317 0.1570008 0.113506 0.149983 0.1248007 0.08586469 0.06473624 0.1297946 0.1496324 0.2319222 0.2723924 0.179426 0.1234611 0.1259993 0.1595276 0.1517733 0.1162084 0.1290498 0.187222 0.1999349 0.1883875 0.2116418 0.2350075 0.2036903 0.2418859 0.2576129 0.2732321 0.2893212 0.298672 0.2167974
0.1181021 0.1599865 0.1716792 0.1414962 0.1052204 0.1044691 0.06088651 0.0703507 0.07174754 0.07719073 0.08054449 0.1467871 0.1246274 0.09349654 0.0717815 0.05144515 0.05216216 0.05030748 0.05636897 0.08059317 0.1212147 0.1765607 0.2223098 0.1915189 0.2038345 0.1761739 0.1377063 0.1279079 0.1364032 0.1613511 0.1943341 0.1637532 0.1454325 0.1473929 0.1867262 0.233913 0.273934 0.2777077 0.2682522 0.1679594 0.1853375 0.1864692 0.1900911 0.2453413 0.2415045 0.1680078 0.1576115 0.1751651 0.1459215 0.1368049 0.165739 0.1750346 0.2249084 0.212807 0.264899 0.2506351
