contrib/geomasonDemos/riftland/riftlandData/RainData/144.txt
ncols         56
nrows         54
xllcorner     28.264
yllcorner     -5.7719999999999
cellsize      0.25
NODATA_value  -9999
[rows 0 to 27 of 54, columns 0 to 55 of 56]
0.004849998 0.006352793 0.01756391 0.007755184 0.007827687 0.006676299 0.005412028 0.003970568 0.002553417 0 0 0 0 0 0.003078723 0.007265902 0.0105519 0.007211555 0.00414639 0.02440243 0.04098685 0.04005243 0.04242973 0.06220053 0.02526393 0.06743576 0.07601945 0.06023136 0.05688066 0.05185664 0.07268065 0.0687918 0.07723615 0.0919475 0.09473991 0.09883064 0.08557242 0.09100339 0.07851569 0.07396558 0.06988989 0.06527209 0.06780197 0.05979316 0.0557452 0.03657125 0.03798279 0.03114506 0.03242515 0.04249332 0.03174928 0.01869663 0.02366018 0.01276956 0.0161981 0.02034204
0.003621425 0.005560113 0.00560382 0.005420789 0.006278372 0.004270509 0.002595922 0.008966902 0.004526907 0.002947408 0 0.000129305 0.001775401 0 0.002245534 0.001960215 0.007500682 0.007933823 0.01134554 0.02573324 0.05702864 0.06713762 0.07562533 0.07463454 0.05333425 0.07798579 0.1148817 0.06038265 0.07476596 0.07872023 0.07822677 0.07674026 0.08472025 0.09286474 0.1075608 0.09917454 0.1058549 0.1045485 0.08788647 0.09766461 0.09290205 0.08380008 0.05806325 0.05775217 0.03722433 0.03960727 0.04175381 0.03968001 0.0407698 0.02833831 0.02559435 0.0165553 0.01162705 0.00621925 0.009017169 0.005184885
0.001952588 0.0009927843 0.001592532 0.002792302 0.0006741174 0.001263567 0 0.003486166 0 0.001234974 0.004564578 0.005418281 0.002091001 0 0.0002920503 0.003245673 0.006839555 0.01834406 0.0327612 0.05190155 0.08343904 0.08762773 0.06049443 0.09222047 0.08225851 0.09020779 0.1156166 0.07960693 0.1072222 0.117454 0.0925256 0.08633088 0.1061976 0.1294431 0.1199772 0.1240634 0.1045158 0.09649394 0.09749852 0.09526426 0.1042148 0.08299354 0.09968235 0.06390865 0.05258331 0.04210896 0.05155834 0.04944992 0.04480885 0.03190434 0.0342943 0.01594071 0.006834771 0.008362722 0.005610976 0.004641054
0.004192521 0.002043148 0 0 0.001979975 0.001055687 0 0.001257768 0.007430148 0.01839704 0.008477248 0.004953126 0.0001142032 0.001132252 0.009837655 0.007165654 0.02072848 0.02507515 0.02261235 0.02638574 0.05716754 0.06812318 0.06256542 0.07653967 0.08456638 0.1153981 0.1290573 0.1203039 0.128072 0.1314331 0.1128091 0.1107949 0.1997925 0.1637203 0.1747776 0.1828252 0.1090169 0.1193259 0.1153124 0.09269588 0.08724637 0.1063427 0.1218657 0.09067635 0.06730844 0.05500882 0.04698746 0.05011569 0.03961577 0.0380408 0.02909375 0.01355531 0.01268839 0.01022059 0.009064485 0.007661712
0.003068734 0.0002572313 0 0 0 0.001966282 0.006580392 0.001542483 0.005262427 0.02517407 0.009590662 0.00526504 0.008510686 0.01276317 0.01698233 0.0181173 0.01770891 0.02261337 0.02885372 0.03897344 0.06235374 0.07334519 0.0697023 0.09314677 0.07501196 0.08084904 0.1135465 0.1088739 0.08111313 0.0950541 0.156066 0.152869 0.1781581 0.1797105 0.1570753 0.1695791 0.1288828 0.1085768 0.07730682 0.07117914 0.1007562 0.09768716 0.08504774 0.074466 0.06219978 0.05699615 0.07525982 0.04914311 0.0481232 0.03298338 0.02422785 0.01164746 0.01123186 0.01041048 0.01160076 0.008982339
0.009543844 0.001751924 0.001370831 0.005905892 0.0002171873 0.004267498 0.01016528 0.001697381 0.0047042 0.003777016 0.00157705 0.00539026 0.009558592 0.005585359 0.004591734 0.01976004 0.01555072 0.02482047 0.02343503 0.02915564 0.05446105 0.06037864 0.05829705 0.0952424 0.09392067 0.1248345 0.1236882 0.09667929 0.08985855 0.08976402 0.1454666 0.145086 0.1517603 0.227257 0.1416129 0.1430245 0.1233308 0.07347719 0.06553832 0.0628903 0.07957696 0.06785148 0.07339622 0.06433908 0.05966324 0.05756494 0.05458522 0.04059522 0.03460285 0.02724498 0.0259141 0.0172728 0.01061314 0.009741547 0.01146477 0.01250428
0.02456286 0.01301467 0.01070706 0.003572028 0.0006034573 0.00135115 0.004700892 0.006202457 0.008341003 0.008099491 0.02087442 0.006497933 0.00142456 0.009319986 0.006616118 0.01965499 0.01443846 0.01263306 0.01413715 0.02120017 0.0501508 0.06069953 0.04603969 0.06555474 0.1389765 0.1877573 0.1493975 0.1372918 0.09349394 0.1266445 0.1550301 0.1373638 0.1250466 0.1466083 0.09649371 0.09750206 0.1075712 0.08254893 0.08246598 0.09018281 0.07136934 0.05680467 0.05339831 0.04854438 0.04744357 0.04484631 0.03597504 0.02788544 0.02288074 0.02253241 0.02308698 0.01132267 0.01592488 0.009327946 0.01893286 0.006167594
0.002746025 0.0009323964 0.002449166 0.002604228 0.002944363 0.003026884 0.002255839 0.002738687 0.006919787 0.004879585 0.008421132 0.03534556 0.005344844 0.005131613 0.01174841 0.01448176 0.02256117 0.01485264 0.01348569 0.04149634 0.06665636 0.0655616 0.05575591 0.1031654 0.1316779 0.1282344 0.1057685 0.06951876 0.0897037 0.1187443 0.1485522 0.1660965 0.1631279 0.1656053 0.1179633 0.09602325 0.09246119 0.09688528 0.1223807 0.08906803 0.04849652 0.05196371 0.02850381 0.02961019 0.0299672 0.02813233 0.0207892 0.01407085 0.008339102 0.007696101 0.01171107 0.02517694 0.04340167 0.005184171 0.003022925 0.002473293
0.003678139 0.001700535 0.001598851 0.00418836 0.009168308 0.005817003 0.008674723 0.003626023 0.005841456 0.005873666 0.0154162 0.01080392 0.002601818 0.002019205 0.002131289 0.02202776 0.01852485 0.03115398 0.03820425 0.07172634 0.07871696 0.061251 0.07604141 0.08571251 0.1002124 0.09312483 0.09100811 0.08206208 0.1004367 0.104742 0.1425391 0.1613403 0.2036968 0.164901 0.1379734 0.1304474 0.1175851 0.121601 0.1032009 0.0695864 0.0571909 0.04326573 0.03611002 0.03976319 0.03919905 0.02623777 0.02726552 0.01769722 0.009896617 0.01288782 0.01124568 0.02361809 0.009529734 0.003612157 0.003288041 0.009878891
0.001250641 0.001017844 0.0002256874 0.001010152 0.002866722 0.0007348849 0.007147356 0.00390503 0.01207257 0.01301038 0.01353001 0.01202976 0.01389181 0.01023091 0.005255858 0.01558967 0.01294962 0.01520068 0.05015324 0.07087833 0.06285345 0.06922813 0.08319897 0.1157942 0.1256277 0.104968 0.10918 0.09824652 0.09093657 0.09186039 0.1633951 0.1801917 0.1806498 0.1800206 0.1532566 0.1884896 0.1681007 0.1599955 0.09586004 0.08562829 0.0553746 0.04659771 0.08498441 0.0751245 0.05399344 0.02633292 0.01434862 0.01070688 0.01276002 0.01287297 0.007492014 0.004839406 0.002478799 0.00201701 0.006609973 0.001380126
0.001864484 0.0009942797 0.0009737351 0.003663387 0.006586898 0.002214519 0.004361846 0.009323721 0.02763363 0.02811759 0.0261885 0.02377292 0.06090682 0.013616 0.002414155 0.01124337 0.02359517 0.02272787 0.04091641 0.06852937 0.07082216 0.09025584 0.09765802 0.1300252 0.1439922 0.1511097 0.1837215 0.105166 0.1042486 0.07500196 0.1082718 0.1479128 0.1960142 0.1758753 0.1398174 0.1521309 0.1468444 0.1763073 0.1411185 0.08213186 0.09665219 0.08232103 0.09412508 0.0512686 0.04622632 0.02467531 0.02676942 0.02222731 0.0106929 0.009126819 0.007189223 0.002977044 0.002038946 0.001606924 0.002126971 0.002330175
0.009925139 0.002099907 0.003124645 0.007733452 0.006471314 0.00784398 0.005032835 0.0133095 0.01897974 0.03340648 0.03261704 0.04719938 0.04211685 0.03288144 0.0158762 0.0194446 0.01917355 0.04459979 0.08683251 0.08157707 0.08404583 0.1101416 0.0960734 0.09276582 0.1411804 0.1877278 0.1504292 0.1394005 0.120892 0.1036006 0.114519 0.1720401 0.2271103 0.2360108 0.1712795 0.1888842 0.1989633 0.1830004 0.1838145 0.092671 0.09885357 0.06532975 0.05499069 0.04166789 0.03292182 0.03066819 0.02625323 0.01533973 0.0234984 0.01257896 0.004058903 0.002960182 0.007051548 0.002694287 0.003073533 0.003258531
0.01953898 0.02514698 0.02079399 0.01575659 0.01436092 0.01852474 0.01277792 0.01142273 0.02925833 0.04582546 0.02890245 0.05349977 0.03603476 0.02964198 0.02886289 0.02632864 0.04385048 0.06335873 0.1189857 0.07008176 0.06548747 0.1269468 0.1331652 0.1110055 0.1455573 0.1543172 0.1282806 0.1011186 0.08978402 0.08185647 0.1035682 0.1698285 0.211007 0.2158058 0.2267487 0.2406633 0.2564088 0.2369211 0.2010154 0.1016404 0.07147701 0.06151802 0.04002221 0.02848648 0.02745876 0.03028795 0.02207798 0.009958645 0.009809492 0.02164932 0.03159175 0.008919495 0.005953431 0.003059389 0.003343404 0.003679597
0.04013513 0.04995868 0.03930224 0.02573707 0.05635848 0.06128412 0.02786737 0.01186274 0.03035525 0.0657234 0.05317224 0.0621401 0.0208367 0.0258046 0.03469993 0.0455291 0.0769219 0.06765931 0.08748986 0.07588469 0.1191812 0.1138805 0.131039 0.1536477 0.1416328 0.1168889 0.1173101 0.07733506 0.08435 0.09072321 0.101119 0.1245246 0.1671614 0.1501353 0.1765023 0.1814899 0.2144397 0.2324464 0.1724888 0.09642909 0.0704592 0.04532674 0.03159153 0.02237823 0.02916885 0.05711965 0.02729007 0.02594067 0.01995024 0.03385192 0.03762681 0.01339559 0.008072042 0.00705403 0.003855996 0.004140913
0.05444058 0.05375649 0.04756235 0.03536067 0.05544028 0.07565238 0.06873754 0.06558037 0.04377308 0.04860032 0.0522861 0.05075957 0.06454057 0.09824886 0.09263007 0.1060299 0.08605649 0.1051112 0.08430196 0.1089932 0.1362304 0.1126502 0.1430092 0.1610795 0.1468326 0.08227304 0.08815177 0.1014354 0.1059134 0.1097782 0.103257 0.1071809 0.1097856 0.1552965 0.1855119 0.1890475 0.1822307 0.1723559 0.1760847 0.1116516 0.07831322 0.0663315 0.04970543 0.03682319 0.03400449 0.03899474 0.0490027 0.05487682 0.02085831 0.01424439 0.003954124 0.004113746 0.004389319 0.009232691 0.02097806 0.005086498
0.07963064 0.1105489 0.07735229 0.08680786 0.09320769 0.1019178 0.1590367 0.1213719 0.07991853 0.09622487 0.08697589 0.08970759 0.1142179 0.09958059 0.1659105 0.1738174 0.09700283 0.2025473 0.1156991 0.167196 0.1553775 0.1369096 0.1439169 0.1483081 0.1427033 0.1262077 0.101975 0.1050477 0.1062657 0.1292012 0.1164585 0.1081246 0.174633 0.149298 0.1380244 0.1430309 0.1617989 0.1820762 0.1522816 0.1569224 0.1607122 0.1536291 0.1281825 0.05044823 0.05373631 0.09778215 0.07498138 0.05928329 0.04921246 0.02055207 0.01596352 0.02035558 0.02124812 0.02132116 0.02335388 0.01057536
0.07657983 0.1143468 0.06791382 0.08744641 0.07467286 0.107255 0.1411556 0.1062473 0.1520965 0.08397634 0.07176454 0.1502866 0.1542914 0.1644117 0.1924974 0.1727881 0.1068194 0.1616953 0.1481113 0.1657867 0.1957708 0.2181729 0.1083758 0.09636395 0.1319983 0.1166968 0.1051209 0.1104612 0.08271062 0.098894 0.1140663 0.1103385 0.1245035 0.1101929 0.121145 0.1088029 0.1070177 0.131279 0.1053885 0.07144377 0.09487752 0.1140281 0.1567635 0.07461819 0.04735502 0.06929888 0.04839665 0.04298368 0.02871001 0.02564273 0.02518689 0.02324629 0.02311367 0.01922886 0.02028052 0.008571107
0.054638 0.0692874 0.1021635 0.06658141 0.07442673 0.09421838 0.09641068 0.09116977 0.1048338 0.09980262 0.1005929 0.1055516 0.1373129 0.2133489 0.3388625 0.2888678 0.1928022 0.236749 0.1843862 0.1776278 0.2353088 0.2183847 0.158732 0.1245303 0.1453592 0.1466607 0.1584904 0.1160917 0.0892371 0.09566171 0.09942134 0.1241504 0.1182294 0.08784287 0.0933867 0.1054576 0.096278 0.1180405 0.09435353 0.07258129 0.0673352 0.04606068 0.07863612 0.1057034 0.04049564 0.03716329 0.1120144 0.07840694 0.05476933 0.04922993 0.02384143 0.02780587 0.02714682 0.01405222 0.01078468 0.01364085
0.05420055 0.07902475 0.0557666 0.05165483 0.0877627 0.1046252 0.06580438 0.04471296 0.06763712 0.09554282 0.1361179 0.1710183 0.1831584 0.3242965 0.4041932 0.3531627 0.3017506 0.2806051 0.2182804 0.2287444 0.2446023 0.199802 0.1444073 0.1371428 0.1709315 0.1655837 0.1299488 0.1153735 0.1123004 0.09716938 0.105282 0.1156107 0.09761813 0.09307735 0.07363522 0.09025065 0.07496634 0.05290233 0.08470675 0.04687066 0.06383245 0.07265276 0.04110934 0.06550533 0.04778686 0.06170477 0.06886958 0.05724153 0.04870057 0.02299505 0.03190608 0.05164346 0.06502038 0.02513196 0.01356546 0.01420408
0.1066553 0.1053139 0.09036978 0.1274195 0.1512417 0.1121979 0.06058964 0.06156041 0.08265385 0.1270195 0.1426851 0.1690446 0.1712923 0.2531915 0.431076 0.3784141 0.3726505 0.3523296 0.3867022 0.292595 0.3878997 0.172188 0.1364804 0.1425626 0.1381932 0.1697593 0.162484 0.1373121 0.1301381 0.1119367 0.1029687 0.1133629 0.1027946 0.08430801 0.117457 0.1100872 0.06719594 0.05224748 0.05817478 0.05315292 0.0204728 0.03824966 0.05165859 0.06215343 0.07592159 0.04327277 0.02807632 0.03724435 0.03205375 0.02843008 0.02961278 0.05126695 0.07206735 0.04547401 0.03080975 0.04452993
0.1258619 0.1272347 0.1647613 0.1620212 0.1576824 0.1219572 0.08289862 0.06896284 0.1024948 0.08187419 0.09783725 0.1344847 0.1724212 0.2130519 0.3060946 0.4361528 0.4175867 0.3637651 0.2446975 0.2537209 0.2979926 0.1968381 0.1664143 0.1680883 0.1583689 0.2082961 0.2221836 0.1955436 0.1473054 0.1306075 0.1363868 0.1370837 0.1121496 0.102468 0.1449351 0.1491688 0.07770464 0.04798937 0.04996849 0.0290946 0.02274244 0.02172337 0.04459327 0.04742922 0.02812457 0.03785932 0.03545798 0.04662318 0.03737375 0.03219552 0.03999297 0.05384256 0.06494123 0.06319012 0.05305966 0.08658358
0.1469464 0.1515149 0.1332617 0.2075692 0.2128179 0.1500196 0.1359018 0.07451791 0.09284034 0.06816474 0.06720353 0.120375 0.1773768 0.2916304 0.2720864 0.3007275 0.2984667 0.2917526 0.3168851 0.2711276 0.2285768 0.2526759 0.3250959 0.2871243 0.1857979 0.1999108 0.2893888 0.2452637 0.2118818 0.1572649 0.1413684 0.1400476 0.1310291 0.09150079 0.11619 0.1231707 0.1135492 0.1059872 0.09384506 0.08731275 0.04283727 0.02370185 0.03600476 0.04205341 0.03635791 0.03148809 0.03718998 0.04946855 0.05055224 0.05438188 0.05004745 0.0427989 0.03399078 0.04793156 0.04360437 0.04198856
0.1011468 0.1117948 0.09536396 0.1560661 0.2002668 0.2549055 0.1460582 0.1327772 0.08886057 0.1111005 0.09401009 0.1803925 0.214841 0.388909 0.2758859 0.2275308 0.2555277 0.264078 0.2613458 0.3154432 0.336072 0.2723974 0.2854649 0.2483027 0.2105168 0.2012396 0.2315073 0.2613537 0.2485974 0.2354793 0.1707448 0.1643535 0.1334896 0.105778 0.1204955 0.1107122 0.1091763 0.08350347 0.06184312 0.08004768 0.0663709 0.02992592 0.02786032 0.04534894 0.05266511 0.05405303 0.04555774 0.07201649 0.07752106 0.05694186 0.05142746 0.05458378 0.06464607 0.07094624 0.05817181 0.05834107
0.08415932 0.08874382 0.07172719 0.10306 0.1923627 0.2629818 0.2305983 0.1609794 0.1171461 0.1072662 0.1456103 0.2001695 0.2075439 0.2634922 0.2154375 0.1567742 0.168979 0.1979878 0.2100419 0.2694227 0.2266122 0.1957157 0.2362198 0.2664674 0.2453607 0.2567136 0.2339675 0.2780773 0.3176211 0.2784356 0.1999922 0.1712052 0.1572198 0.1406418 0.1284169 0.1494763 0.1292401 0.1220226 0.067282 0.03994408 0.03791746 0.03983695 0.04196762 0.05312437 0.05183389 0.05329831 0.06937246 0.07207848 0.07370378 0.05494916 0.05151067 0.05678429 0.06865077 0.0819688 0.07707858 0.0609752
0.103175 0.1056299 0.09072259 0.1243458 0.1682368 0.2211518 0.158748 0.09631926 0.08599907 0.08537629 0.1175807 0.1580883 0.1516511 0.1503652 0.1666589 0.1396624 0.1634719 0.2478985 0.2011244 0.2098118 0.2832976 0.3000396 0.2600709 0.2669582 0.2487515 0.2523202 0.2564859 0.2862607 0.3269522 0.2813962 0.2366531 0.184221 0.1750762 0.1579416 0.1101276 0.1606918 0.1774294 0.116316 0.08717199 0.07681211 0.05082577 0.04992265 0.03848455 0.04724181 0.05078498 0.05764594 0.1021124 0.07142749 0.06339121 0.05861497 0.05919106 0.0546462 0.04725567 0.07218195 0.07628606 0.09616887
0.1576148 0.1249025 0.1002225 0.09032584 0.1191304 0.1169857 0.09645019 0.05763778 0.06021952 0.0665582 0.09869141 0.1587663 0.1217871 0.1001989 0.1021031 0.09106607 0.1150313 0.2083143 0.206351 0.2249523 0.2667221 0.3003656 0.30523 0.2903175 0.265708 0.2655872 0.2759168 0.3299719 0.3339559 0.2878335 0.257388 0.2241901 0.2281631 0.2000963 0.1563445 0.2034048 0.2041614 0.1909986 0.1163659 0.08748371 0.08642244 0.07580583 0.07228079 0.06659655 0.06250345 0.05939341 0.07900769 0.07991422 0.07758842 0.07637797 0.07558899 0.07171328 0.07129288 0.08725855 0.08892877 0.07217548
0.1303751 0.1198216 0.1157415 0.08530519 0.1298988 0.1036929 0.09919471 0.1093961 0.06139887 0.06776974 0.07778945 0.1306476 0.1067084 0.1040498 0.08529036 0.07369158 0.1199735 0.1835421 0.250711 0.2027545 0.2072096 0.2752082 0.357012 0.3068773 0.2968485 0.2648041 0.2793189 0.3202098 0.3447895 0.3342002 0.2715904 0.2412129 0.2136556 0.1844229 0.1549629 0.1925376 0.2429245 0.2302782 0.1294329 0.09026679 0.1090996 0.09690556 0.07966062 0.0824718 0.08333486 0.1094418 0.09549244 0.09237981 0.08360929 0.08096268 0.08078988 0.0849262 0.1054408 0.1149582 0.1041753 0.08216187
0.17472 0.1264594 0.09383411 0.09619304 0.1744914 0.1120826 0.1200333 0.08761624 0.07963848 0.09712835 0.1262142 0.1240569 0.1489688 0.119472 0.1193625 0.1183377 0.1186214 0.131097 0.1556027 0.1765276 0.1682938 0.1827588 0.2428525 0.2543053 0.27918 0.2687513 0.2687944 0.3050624 0.3228613 0.3180563 0.2827214 0.2562624 0.2340813 0.2144745 0.186552 0.1926494 0.2175211 0.1996184 0.155232 0.1336047 0.1299145 0.2152426 0.199977 0.1039538 0.1208091 0.1284474 0.1060293 0.09253875 0.1076181 0.09403926 0.08489475 0.07809687 0.102833 0.1066251 0.1110403 0.09342623
