contrib/geomasonDemos/riftland/riftlandData/RainData/15.txt
ncols         56
nrows         54
xllcorner     28.264
yllcorner     -5.7719999999999
cellsize      0.25
NODATA_value  -9999
[rows 0 to 27 of 54, columns 0 to 55 of 56]
0.001000261 0.000837552 0.0007852281 0.0003002022 0.000234215 0.0002030141 0.0001887858 0.0001818723 0.0001448115 0.0001334972 0.0001301903 0.005947613 0.00589527 0.001452488 0 4.158307e-005 0.0001213364 0.0001590045 0.0005447251 0.003597026 0.00112291 0.000414775 0.0003927972 0.002480581 0.00316251 0.004395464 0.01110885 0.02290035 0.03701061 0.04081728 0.0626696 0.0745035 0.09117246 0.09542042 0.1212386 0.1078557 0.114504 0.1223871 0.1508772 0.1154142 0.1086414 0.1264609 0.1412268 0.1251164 0.1458552 0.1735058 0.1538824 0.1714828 0.1484621 0.1713536 0.1710256 0.1658515 0.1882463 0.2293163 0.1940438 0.1183429
0.007489393 0.02656051 0.004146725 0.0004271423 0.0003074593 0.0002530983 0.001597855 0.0001691035 0.0001528335 0.0005142801 0.0001133431 0.005101966 0.009004269 0.00912543 0.0007731499 0.0001054548 0.0001257171 0.003063941 0.003109748 0.003092673 0.001464295 0.000566625 0.0007977319 0.002925343 0.003701005 0.009061786 0.01980981 0.02782513 0.03930194 0.05136281 0.06475925 0.104685 0.1177018 0.1528143 0.1520759 0.1495919 0.1531951 0.1535623 0.18995 0.1256658 0.1209853 0.1502753 0.1421691 0.1318219 0.1367444 0.1537793 0.1483096 0.161504 0.1586299 0.168899 0.1989463 0.1890185 0.1988516 0.1860365 0.164973 0.1152003
0.006370136 0.02146213 0.003492319 0.0004562021 0.0005914824 0.0004690564 0.001258916 0.0001831885 0.0001655539 0.0002955283 0.0004903037 0.000287051 0.0002883326 0.0002924908 0.0007794402 0.000338049 0.0001531039 0.0003135379 0.001351464 0.003915085 0.002285328 0.002815029 0.005311367 0.007017924 0.004453154 0.009849248 0.02222263 0.03018963 0.03383066 0.05302945 0.07054145 0.1345899 0.1589003 0.1847537 0.1892548 0.1663278 0.1671956 0.1805011 0.2091379 0.1429613 0.1579993 0.153807 0.152538 0.1487301 0.1628145 0.1774031 0.1604886 0.1597972 0.1646909 0.1843647 0.2247371 0.1869928 0.1667329 0.1477672 0.1553249 0.072791
0.005738458 0.006081289 0.01537659 0.00507367 0.001494575 0.001637466 0.0005737344 0.0005397892 0.004939504 0.000477682 0.0004040388 0.001145412 4.485314e-005 0.0009940225 3.318057e-006 0.0001819155 1.94898e-005 2.739316e-005 3.91821e-005 0.001929529 0.005315106 0.004169437 0.006543061 0.01932508 0.01335595 0.003711993 0.01364806 0.0473711 0.04689239 0.06913381 0.1099588 0.2424539 0.2762647 0.292457 0.3030024 0.214464 0.1907528 0.193014 0.1923293 0.152541 0.1403656 0.1538553 0.1469791 0.1829586 0.1961178 0.1969998 0.2097448 0.2027846 0.215778 0.2194478 0.2629191 0.2106059 0.1812488 0.1493398 0.1101708 0.09290757
0.006471627 0.006546285 0.006090762 0.005280256 0.007185155 0.003098062 0.0007819791 0.001203548 0.003013669 0.0005074301 0.0004743836 8.827525e-006 4.601715e-006 3.150505e-006 4.501285e-006 2.138307e-005 2.625215e-005 3.480887e-005 4.654681e-005 0.0007857065 0.00655905 0.005575492 0.005942556 0.008948095 0.007516935 0.02483715 0.01508636 0.05618748 0.06677809 0.08249676 0.1361804 0.2684272 0.2712933 0.2683056 0.3501647 0.2320912 0.2036604 0.1747992 0.1805967 0.150666 0.1465999 0.1515815 0.15366 0.1889794 0.2114823 0.1886914 0.2004766 0.2227665 0.2559129 0.2454612 0.248787 0.2101474 0.1713371 0.1473889 0.1388478 0.09145967
0.009457966 0.00839628 0.01035191 0.01664254 0.01118824 0.01510467 0.005760763 0.006340112 0.0007216667 0.0005257754 0.0005346897 0.005639652 0.01824449 0.0003262472 5.815331e-005 0.00115747 0.0006909716 0.001121248 0.0001117294 0.001005372 0.00465157 0.0072859 0.002633587 0.007258403 0.009652968 0.02516472 0.04768167 0.06185738 0.07914283 0.11781 0.1551924 0.2690211 0.2728664 0.2542631 0.2937317 0.2101045 0.2044237 0.181884 0.1857303 0.1757704 0.1678117 0.1702608 0.1890833 0.2035279 0.2033787 0.191088 0.1975344 0.1968359 0.1847959 0.2108634 0.2325758 0.2343265 0.220411 0.1790254 0.1451088 0.08467422
0.01162204 0.01088647 0.01125058 0.007623561 0.02980223 0.01160966 0.002360202 0.0007883642 0.001062433 0.0005397437 0.000534502 0.001921274 0.001605699 0.000809237 0.0003368436 0.00151361 0.0009275528 0.001471412 0.006404947 0.00343375 0.008323842 0.009530834 0.005987036 0.01252162 0.0192101 0.02914528 0.0588017 0.09218657 0.1121865 0.1458849 0.1801051 0.2841646 0.2871041 0.2838476 0.3004497 0.2169114 0.1974568 0.1984144 0.2085785 0.1946773 0.2019693 0.190228 0.2169612 0.1888902 0.1968308 0.206681 0.2071031 0.2015412 0.1935996 0.193433 0.2256952 0.2469456 0.2264091 0.2113755 0.1732287 0.09060425
0.01638322 0.02841082 0.03838952 0.02567033 0.01653075 0.01388634 0.01070936 0.006148307 0.01052253 0.01258406 0.003085579 0.00154682 0.002431681 0.003995522 0.0040056 0.006076316 0.005782674 0.005725964 0.01251559 0.01351795 0.01170048 0.02305125 0.041614 0.02318973 0.02064378 0.03035267 0.05959023 0.08697536 0.09333927 0.09621294 0.1244804 0.1578137 0.1705814 0.1570552 0.2120831 0.1703869 0.1245189 0.1179735 0.2400444 0.1374308 0.1551378 0.1568252 0.135928 0.1850196 0.1895186 0.2010228 0.1885454 0.1847389 0.1735785 0.186481 0.2166329 0.2518909 0.2495682 0.2223807 0.2516574 0.1196829
0.01588839 0.03436991 0.04432623 0.03031657 0.02685374 0.0207198 0.01600527 0.006976462 0.01347295 0.01249773 0.005094517 0.002420204 0.004400677 0.004452931 0.01149419 0.005763117 0.004976714 0.003865019 0.01162913 0.02484729 0.02218639 0.03252098 0.07104108 0.03218595 0.03336285 0.0468762 0.05283572 0.07256874 0.07061853 0.08564672 0.1061786 0.140884 0.1659506 0.204329 0.2441411 0.1857568 0.1922602 0.1749913 0.1263588 0.1347469 0.1537672 0.1513635 0.1364446 0.2129799 0.2000342 0.1919734 0.2118998 0.2184722 0.1856163 0.1935868 0.2424386 0.2112323 0.21777 0.220259 0.2113739 0.1148466
0.01799621 0.04267676 0.0528925 0.03270776 0.02711814 0.02896655 0.02817946 0.04516175 0.02537012 0.02369479 0.01383585 0.01246618 0.01392716 0.005198818 0.01785855 0.006815621 0.004164133 0.007593655 0.01537644 0.0317872 0.02752624 0.03100833 0.03714231 0.03639468 0.02898008 0.04782148 0.05860841 0.06099505 0.06069766 0.08876556 0.1114462 0.1501983 0.1786127 0.1968496 0.1947888 0.214505 0.1989901 0.1680224 0.1712754 0.1407748 0.1380468 0.147012 0.1486191 0.2310779 0.2204425 0.2041276 0.2098299 0.2200444 0.1986084 0.2367299 0.1956475 0.1934576 0.2021341 0.2185451 0.1836797 0.1024033
0.02019924 0.05232826 0.05847846 0.03702465 0.03222589 0.04906699 0.08582412 0.02054989 0.02538561 0.02259441 0.01614499 0.02043447 0.0368908 0.02739135 0.02791779 0.01161339 0.0169654 0.01613715 0.02218696 0.02914247 0.02102071 0.03341848 0.03671547 0.04733093 0.03403515 0.05076022 0.08003685 0.07950611 0.060762 0.05646599 0.07680818 0.1514202 0.1722656 0.2115744 0.2300577 0.2168832 0.2128245 0.2149946 0.2131397 0.1446342 0.1499396 0.1502379 0.1507451 0.2248341 0.2186815 0.2271913 0.2213605 0.2018182 0.1952648 0.2043046 0.1989337 0.2143109 0.2197701 0.2227234 0.2012738 0.09911202
0.02446616 0.04500428 0.06813908 0.06394821 0.02942753 0.03529996 0.07210145 0.02543796 0.0176628 0.02282053 0.0202286 0.04471201 0.03531019 0.03099364 0.03483469 0.02622042 0.02767375 0.02908758 0.03147545 0.03158829 0.01727386 0.02891912 0.04719177 0.05985244 0.04500961 0.05712949 0.08044247 0.06460997 0.05234079 0.05654639 0.06933714 0.07093265 0.09234544 0.1108169 0.1383908 0.1920564 0.1766799 0.1844223 0.2269459 0.1788179 0.1766775 0.1746384 0.1643855 0.2009397 0.2311684 0.2213109 0.2131017 0.2040656 0.2037256 0.2025809 0.181168 0.1835964 0.1588568 0.1306035 0.1072622 0.1178369
0.02879352 0.03302522 0.06096403 0.03175478 0.02984384 0.02520599 0.02984213 0.02196343 0.02320494 0.02132955 0.04131678 0.088208 0.03975749 0.02155718 0.02977328 0.02981829 0.02988156 0.02913474 0.02568431 0.01977536 0.01815942 0.02686198 0.05090457 0.06825703 0.06998803 0.07319722 0.0627465 0.04746033 0.04257908 0.05557165 0.06232854 0.07093702 0.07840957 0.08978076 0.1193944 0.1888684 0.1508037 0.1560332 0.1958283 0.1804493 0.1764302 0.1684746 0.1525005 0.2044989 0.2101778 0.2149711 0.1928693 0.1961375 0.2059511 0.2011176 0.1932515 0.1974071 0.1659552 0.1382853 0.1165653 0.1226153
0.03835418 0.04164527 0.07712303 0.03653826 0.03000893 0.03003198 0.03426116 0.03655202 0.02692113 0.02704274 0.06235899 0.08065076 0.04504477 0.03050808 0.03561105 0.04364425 0.04942879 0.03093599 0.0149491 0.02250262 0.02532241 0.04358788 0.05373173 0.1105292 0.09370364 0.08274036 0.06357709 0.05501899 0.04122566 0.05431031 0.0584151 0.06355233 0.08345331 0.09081627 0.1289608 0.1419664 0.1315423 0.1359036 0.1496176 0.1743004 0.1777954 0.1619569 0.163306 0.1773206 0.1820038 0.1892228 0.1781405 0.2041692 0.2071486 0.2204994 0.2117364 0.2187655 0.1561961 0.1226551 0.1067572 0.08962148
0.04614525 0.04995375 0.1159813 0.05846865 0.05238758 0.05302423 0.04919461 0.06261054 0.04463782 0.04605851 0.06808285 0.07850284 0.06848238 0.05682661 0.05683786 0.06263811 0.1191382 0.07957391 0.04389787 0.02694789 0.02911483 0.03776347 0.06796774 0.1089077 0.1009979 0.06555384 0.06534043 0.04967148 0.04665625 0.04970359 0.05576548 0.06766079 0.08304184 0.09502462 0.1006218 0.1373173 0.121591 0.1216682 0.1303459 0.1531093 0.1606999 0.1484798 0.1584558 0.1655331 0.1773666 0.1810985 0.1674421 0.1870996 0.199371 0.225723 0.2314188 0.2108451 0.1661026 0.1426376 0.1321605 0.1031417
0.08953879 0.05190124 0.09326573 0.06999008 0.07758573 0.09081311 0.09359115 0.1058143 0.06300262 0.05721144 0.06513204 0.1065863 0.07736534 0.07864742 0.08726051 0.06467862 0.08688692 0.1017665 0.08330959 0.06137484 0.02573902 0.03156979 0.04047149 0.09189881 0.0830958 0.0584313 0.07180267 0.06492423 0.05374902 0.06237317 0.07368003 0.07035358 0.06803367 0.06651083 0.07225626 0.08414755 0.07923964 0.08261845 0.08939797 0.1207281 0.1271445 0.1108254 0.112446 0.1013529 0.0964963 0.09248426 0.08913757 0.1254947 0.1415191 0.1741365 0.164962 0.2195822 0.165472 0.1818524 0.1960052 0.1292305
0.08030763 0.06332506 0.06235995 0.07638932 0.07555608 0.1172864 0.08177287 0.09379831 0.07325627 0.07261083 0.08609912 0.1190376 0.1129414 0.08803196 0.09538996 0.04793983 0.0616296 0.07159775 0.06871501 0.0816597 0.05511624 0.05162479 0.06453859 0.07812063 0.07163554 0.05911659 0.06628036 0.06723922 0.05478618 0.06161031 0.07609706 0.07291393 0.07204682 0.06731713 0.06703148 0.07774188 0.07120053 0.07579161 0.1042043 0.1191218 0.1020194 0.09054048 0.09481747 0.06892938 0.07732151 0.05794015 0.07531273 0.1086914 0.1155439 0.1861817 0.1722992 0.2358504 0.1911336 0.1759513 0.2245243 0.1109442
0.1232335 0.08632909 0.07351957 0.12549 0.08511158 0.07266667 0.06741228 0.08327959 0.07120641 0.09031662 0.1151121 0.1518967 0.1222884 0.1057813 0.09606506 0.08168048 0.04845408 0.06608401 0.0641297 0.06928704 0.04891744 0.04785527 0.05510239 0.08113921 0.08502772 0.09501116 0.1022995 0.07172623 0.07804553 0.06631497 0.08102221 0.0804728 0.07790618 0.07415686 0.07439815 0.07489809 0.06716353 0.09436096 0.08319575 0.09029543 0.08465956 0.07450464 0.07438578 0.05872639 0.06299145 0.05326952 0.06486092 0.09855028 0.1121054 0.1378289 0.1283123 0.2392151 0.2354441 0.2364693 0.2365116 0.2003962
0.1631216 0.1282123 0.1531228 0.1528428 0.08790489 0.07216399 0.05698219 0.07820338 0.08450309 0.09250443 0.0981959 0.1406785 0.1296774 0.1170241 0.1166752 0.08763079 0.08836333 0.08924256 0.0787394 0.100978 0.04088372 0.0243382 0.03916429 0.07583684 0.09520031 0.1271026 0.1001131 0.07783463 0.07280494 0.06947632 0.08861279 0.1031976 0.1040868 0.08017284 0.07916907 0.08387478 0.06772872 0.07279546 0.06747685 0.07365599 0.07454718 0.06853485 0.06542042 0.04287225 0.06216946 0.06227746 0.05604215 0.08607654 0.1085383 0.11259 0.1173377 0.253041 0.237757 0.2541751 0.3150775 0.1825364
0.2320952 0.1887282 0.1218768 0.1069139 0.09237485 0.08359864 0.08074596 0.09078225 0.09184756 0.1018374 0.1105521 0.1613628 0.1478344 0.1442349 0.1294677 0.1272936 0.09661446 0.1302771 0.1484636 0.1384745 0.0947571 0.0682705 0.05568342 0.0978893 0.100211 0.1122684 0.1156005 0.08861532 0.0837491 0.07820951 0.1021523 0.108684 0.1109324 0.08681414 0.08714437 0.08620366 0.07382632 0.06902982 0.07034462 0.09091396 0.08693302 0.07642698 0.06502958 0.04022352 0.04894929 0.05043855 0.04141986 0.07463697 0.09862441 0.08157051 0.0945239 0.2200751 0.2369801 0.298218 0.3352244 0.182585
0.1594087 0.1246986 0.08524752 0.09289292 0.1083681 0.09625904 0.1277044 0.1022195 0.07910933 0.09365958 0.1069598 0.1637305 0.1481334 0.1903332 0.1638383 0.132641 0.1130063 0.1562746 0.1934269 0.1505834 0.1124302 0.07477008 0.07449487 0.1032463 0.09751707 0.1033121 0.1032936 0.08026924 0.07799295 0.08727301 0.08731926 0.0907511 0.08370734 0.0728085 0.07440283 0.0746025 0.06164002 0.05919692 0.06012635 0.09056588 0.1062749 0.08215682 0.06536915 0.03982354 0.03633172 0.03982999 0.04335081 0.06718685 0.07029218 0.07057828 0.08878195 0.1753006 0.1979886 0.2379505 0.2302886 0.140687
0.162974 0.1219691 0.08638986 0.1325328 0.1076968 0.1099743 0.214026 0.1384212 0.0798284 0.07624476 0.1023293 0.1588915 0.1622141 0.1736147 0.1573807 0.1373403 0.1334547 0.1444065 0.1778927 0.1773899 0.2001919 0.1133234 0.09882691 0.1164801 0.1115398 0.1089857 0.1099641 0.08829895 0.08450767 0.08875959 0.08709201 0.08019605 0.07446307 0.06953738 0.07947935 0.05862265 0.05593388 0.04854384 0.0431616 0.09006019 0.09480797 0.1057424 0.0686069 0.03801673 0.03236116 0.03277227 0.04023947 0.05913322 0.08018451 0.07127369 0.0680053 0.1470246 0.1698061 0.2086495 0.2372964 0.1460592
0.1667805 0.1211138 0.114379 0.2922733 0.18018 0.1156284 0.1645317 0.1585377 0.09187431 0.08689426 0.103257 0.1924152 0.164621 0.1845407 0.1897947 0.2571048 0.1390277 0.1241459 0.1942742 0.2073851 0.227933 0.1583134 0.1911954 0.1498207 0.1447039 0.1237386 0.1147221 0.1022339 0.09969018 0.1023566 0.1002201 0.08414073 0.08080151 0.07801273 0.07786857 0.05276408 0.0405839 0.03219016 0.03818595 0.09602715 0.09099383 0.1054467 0.08025222 0.04997527 0.03335505 0.0317038 0.0320025 0.02910479 0.06568476 0.06852303 0.05585909 0.09159599 0.142622 0.1426348 0.1896089 0.1595349
0.1331766 0.1266324 0.1466237 0.1591083 0.1532784 0.09184396 0.101443 0.1267591 0.07666955 0.06835559 0.08414882 0.1160692 0.1136871 0.1453656 0.1629012 0.1649489 0.1324901 0.1177479 0.1256104 0.1309036 0.1436045 0.1337348 0.1524477 0.1448186 0.1144679 0.1125919 0.1176878 0.1420524 0.1541746 0.1393325 0.1234956 0.1309977 0.117453 0.1057871 0.1045732 0.09219345 0.07655943 0.06820672 0.0654512 0.08558884 0.08648991 0.09238813 0.1018509 0.0242201 0.01588557 0.01319945 0.01227299 0.009448225 0.01895159 0.05196312 0.04868512 0.0257669 0.06984606 0.07437573 0.1145912 0.1620748
0.1395214 0.1275529 0.1434643 0.1505161 0.1371456 0.07892358 0.05789534 0.06565656 0.05226538 0.05192032 0.05961292 0.1040258 0.1170954 0.1251482 0.1280923 0.1272283 0.09561857 0.1232456 0.1255768 0.1316538 0.170284 0.20274 0.2271497 0.1850391 0.1375507 0.1238854 0.1249503 0.1525061 0.1573548 0.1788286 0.1426354 0.1482108 0.1373338 0.1218786 0.1130242 0.09219936 0.09472689 0.08818723 0.07599241 0.07736676 0.07592309 0.07905007 0.08471886 0.01744776 0.0199494 0.01935175 0.0164056 0.01133577 0.01142847 0.01915357 0.03561968 0.0448171 0.06739959 0.08698992 0.1210723 0.1466614
0.1169936 0.1052897 0.1505606 0.1199795 0.09691402 0.1019366 0.06169989 0.06494607 0.05021075 0.05041175 0.06437067 0.1400305 0.1192452 0.1263761 0.1173049 0.1199635 0.09757903 0.1068642 0.1238217 0.1710244 0.16899 0.1930507 0.2309391 0.1814157 0.1615052 0.1455135 0.133596 0.1757426 0.1783831 0.165256 0.158067 0.1650028 0.1508993 0.1365311 0.1333767 0.1122186 0.1183507 0.09628771 0.08309695 0.07499178 0.0732191 0.07409608 0.07696879 0.02021224 0.0188221 0.01748461 0.02945908 0.01993688 0.01628486 0.01695368 0.02751389 0.06820334 0.1303184 0.1247032 0.13288 0.158815
0.133204 0.1435202 0.1407509 0.1086716 0.07844358 0.1039118 0.08904292 0.0664475 0.0563155 0.06820374 0.08079193 0.1405411 0.1384179 0.1252281 0.107848 0.1164416 0.1115024 0.1291636 0.2172412 0.2690898 0.2194929 0.2673435 0.2283958 0.1848888 0.1752857 0.1604712 0.150826 0.1822222 0.1744932 0.1779314 0.176677 0.1896221 0.1659882 0.1590301 0.1515484 0.1234279 0.1233914 0.1217803 0.1063908 0.08444654 0.07562196 0.06953728 0.07154968 0.02175694 0.02157088 0.01911528 0.02196217 0.02122726 0.0401156 0.03079348 0.03352441 0.09956581 0.1157282 0.1352739 0.1781317 0.2087153
0.2466372 0.1946043 0.1625824 0.1551567 0.117924 0.1191413 0.1103881 0.08267184 0.07508466 0.09413927 0.1572369 0.1883605 0.2021253 0.1681425 0.1473856 0.135956 0.1447989 0.1801691 0.2374827 0.2893314 0.2599093 0.2739184 0.260502 0.2379843 0.2389575 0.2157803 0.1958789 0.1789249 0.1568601 0.1518322 0.1526025 0.1805791 0.1634891 0.1594855 0.1534202 0.1494317 0.1366286 0.1338962 0.1191958 0.099486 0.09527133 0.08960595 0.07862954 0.03710917 0.03663934 0.03721511 0.03025649 0.02030762 0.02214001 0.02654618 0.03896657 0.1063401 0.1222752 0.1162497 0.1190562 0.192351
