contrib/geomasonDemos/riftland/riftlandData/RainData/46.txt
ncols         56
nrows         54
xllcorner     28.264
yllcorner     -5.7719999999999
cellsize      0.25
NODATA_value  -9999
[rows 0 to 25 of 54, columns 0 to 55 of 56]
0.1462103 0.1426978 0.1462035 0.1553562 0.1409405 0.1602197 0.2063472 0.200675 0.214619 0.1625988 0.2095606 0.231131 0.1675575 0.1274624 0.1351499 0.2468769 0.1964587 0.2034972 0.1855179 0.1424657 0.1674488 0.1478566 0.1630418 0.2203439 0.2166138 0.192537 0.1638413 0.1947667 0.1963797 0.1937104 0.1668555 0.2106672 0.2076587 0.1939225 0.1950539 0.1771709 0.1822809 0.1736505 0.1196284 0.09689081 0.07695082 0.06031445 0.06281235 0.07388129 0.0828246 0.07268865 0.06111097 0.06564589 0.0711211 0.1040796 0.1133406 0.1288591 0.1442989 0.1428578 0.1163081 0.1669662
0.1393982 0.1298607 0.1202581 0.1367543 0.1531758 0.1697471 0.2120072 0.197963 0.2112849 0.1970618 0.1678681 0.208867 0.2195698 0.1171514 0.1895806 0.1712866 0.1722884 0.1442742 0.1932768 0.160579 0.1369116 0.1317659 0.185779 0.2694034 0.2310379 0.1696022 0.1573161 0.1838984 0.1718612 0.1748443 0.1589631 0.1912306 0.1895688 0.1912469 0.2071613 0.1782394 0.172341 0.1757199 0.141837 0.1005963 0.0937347 0.07778563 0.07956278 0.07916179 0.07151891 0.07223653 0.06648445 0.06755249 0.08211753 0.1028794 0.1238655 0.1230211 0.1198083 0.1256841 0.08466464 0.1607469
0.1622844 0.1135623 0.1135042 0.1227694 0.1587977 0.1449936 0.1777921 0.1452308 0.1516991 0.1910746 0.137255 0.1654289 0.2067566 0.1995783 0.1828012 0.1826401 0.161153 0.1897002 0.2103582 0.1589979 0.154812 0.1474226 0.1696893 0.1876845 0.247973 0.154577 0.1375255 0.1768493 0.1571592 0.1580262 0.1490519 0.1966293 0.2196295 0.2174303 0.1831493 0.1716836 0.1781596 0.1582363 0.1190633 0.1101204 0.1091432 0.1006993 0.08486788 0.07307073 0.07101293 0.07098278 0.06915655 0.07417604 0.1022678 0.1044152 0.1103469 0.111096 0.124946 0.1281194 0.1006158 0.1632764
0.1562581 0.1125329 0.1013985 0.1136114 0.118794 0.1358169 0.1284725 0.1119471 0.174937 0.1603459 0.1386347 0.1566725 0.1847877 0.2108833 0.2034618 0.3207257 0.2060036 0.1779062 0.2299355 0.201549 0.176166 0.2021433 0.2238839 0.1897412 0.2304429 0.1910247 0.1983814 0.2347289 0.1971711 0.2281884 0.2114613 0.2251529 0.2597044 0.2479947 0.2170864 0.1765956 0.1762338 0.1563957 0.1174665 0.11373 0.1310998 0.1300049 0.1045771 0.09214196 0.08859885 0.07517747 0.09043012 0.09456009 0.1111999 0.1070751 0.09346538 0.09243471 0.1111469 0.1245027 0.131574 0.1201181
0.1669418 0.1393766 0.13395 0.1486222 0.1420616 0.1273937 0.1248347 0.1399061 0.1928516 0.1647926 0.1716319 0.1550101 0.1646834 0.1975843 0.1626083 0.1806058 0.1908695 0.2248653 0.1993708 0.1600209 0.1625336 0.1769071 0.2013553 0.2081976 0.1822479 0.1451343 0.1433211 0.1774661 0.1797268 0.1830945 0.230563 0.2311414 0.2371799 0.2819231 0.2277201 0.1949378 0.1853881 0.1398623 0.1094455 0.1092383 0.1280146 0.1104102 0.1187355 0.1209971 0.1165413 0.1092694 0.09420512 0.1018578 0.1050381 0.1051489 0.08686272 0.1086723 0.1117695 0.1011645 0.1295051 0.1134501
0.1712207 0.3029772 0.1738784 0.1779138 0.1628059 0.1581025 0.1670076 0.1961563 0.1241847 0.152035 0.1725927 0.1812977 0.136643 0.142441 0.1730227 0.167937 0.1639709 0.2033866 0.181085 0.1633586 0.1857777 0.1463735 0.1517576 0.1700844 0.137707 0.1179575 0.1046691 0.1603995 0.1726967 0.1906214 0.1779177 0.2046467 0.2181189 0.2411761 0.2012009 0.1790116 0.1680959 0.1546384 0.1175328 0.1267737 0.1463968 0.1284835 0.1085803 0.1291764 0.1425646 0.1493635 0.1532762 0.1376814 0.1206634 0.1374294 0.1121428 0.1178976 0.1137879 0.1113783 0.1064722 0.1102831
0.1556384 0.1920529 0.1826906 0.1548038 0.167147 0.1890368 0.1979035 0.1738615 0.1382383 0.12818 0.1130708 0.1205276 0.1500476 0.1599478 0.1576873 0.1654259 0.164875 0.1692569 0.1622684 0.1578534 0.1859649 0.1767559 0.135988 0.1605818 0.1481021 0.1173191 0.1066303 0.1572754 0.1392792 0.1420895 0.1301434 0.1925627 0.2175937 0.219251 0.1762252 0.1732116 0.1695113 0.1416665 0.1247296 0.1311927 0.139841 0.1206776 0.1000018 0.1201573 0.1425854 0.1290962 0.1286611 0.1347067 0.1065257 0.1075337 0.1018897 0.1106729 0.1195911 0.1190517 0.1003945 0.09342651
0.2303957 0.1777445 0.1901636 0.1937587 0.2445572 0.1485656 0.1252246 0.1501183 0.160895 0.1660081 0.1165084 0.1209032 0.1468048 0.1421063 0.1487672 0.1458724 0.159203 0.1960019 0.1772013 0.1735186 0.1860528 0.1641042 0.1211482 0.1792378 0.1352023 0.126878 0.1007173 0.1435355 0.1229334 0.1362835 0.1077059 0.211318 0.2296813 0.2176346 0.1636745 0.1861595 0.207429 0.1443726 0.1389067 0.1357672 0.1046883 0.1143733 0.1077839 0.1027488 0.1267799 0.1259404 0.1300834 0.1271656 0.1044368 0.09460045 0.0738078 0.07039896 0.09276763 0.0992635 0.09948425 0.07251951
0.2997199 0.2899736 0.2891532 0.2636934 0.30663 0.1975786 0.1299287 0.1599187 0.1796415 0.1721487 0.1379946 0.1277712 0.1313867 0.1389468 0.1584628 0.1765904 0.1439569 0.1925992 0.1600191 0.1955766 0.2118776 0.1541421 0.124193 0.1306598 0.1340774 0.1705366 0.118431 0.1296935 0.136141 0.1165499 0.1457546 0.1694836 0.1770429 0.1656029 0.1605362 0.1585256 0.1447115 0.1350005 0.1516328 0.1235 0.09452738 0.1109978 0.1101167 0.08841974 0.1117294 0.122081 0.1055615 0.141881 0.1130523 0.08622578 0.07460389 0.07323022 0.09389694 0.08473576 0.06898099 0.08140063
0.2798521 0.3329611 0.4369355 0.2746017 0.207634 0.2471338 0.2010844 0.2018637 0.1926104 0.1284529 0.1516023 0.1356021 0.138066 0.1468671 0.1533979 0.1453999 0.1643234 0.2260728 0.2293242 0.2851632 0.2868434 0.1813305 0.1171307 0.10459 0.1307453 0.1569985 0.1464816 0.1806694 0.1291015 0.1099486 0.1161695 0.1443769 0.1748929 0.192873 0.2059036 0.1651729 0.1312637 0.1179746 0.1336953 0.1145869 0.08778829 0.08451303 0.0874242 0.08773167 0.08566056 0.1147733 0.1022441 0.1238788 0.104039 0.09087418 0.06690689 0.0411851 0.07520976 0.0450774 0.02363056 0.03985764
0.3470579 0.2918359 0.3903329 0.3151052 0.3170201 0.2672933 0.3219506 0.2372625 0.2113029 0.1604774 0.2128817 0.1825616 0.1642975 0.1548205 0.1526527 0.1468582 0.2538384 0.2465898 0.2976639 0.3413079 0.2666099 0.2180824 0.1514258 0.1069405 0.1290158 0.1565223 0.1567979 0.167568 0.1208872 0.1139829 0.1409527 0.1275285 0.1562316 0.1630615 0.214623 0.1023618 0.1016912 0.1111267 0.09582901 0.08895978 0.07829496 0.07131799 0.07264011 0.08097972 0.08259756 0.09376694 0.08967004 0.1112495 0.1024013 0.08255829 0.08216475 0.06541272 0.05346793 0.03261539 0.01407139 0.04213973
0.2904912 0.2421237 0.414828 0.3177036 0.3024463 0.3225192 0.3018482 0.3068649 0.209026 0.168323 0.1650814 0.1918701 0.1704057 0.1780785 0.1813134 0.2343643 0.3479792 0.3700647 0.280663 0.3090361 0.2918226 0.2401097 0.132869 0.1128342 0.1163877 0.09425788 0.1363396 0.134401 0.136211 0.1393818 0.1196572 0.115981 0.09613714 0.08628648 0.08025262 0.09810006 0.1075231 0.09050733 0.06549982 0.06617643 0.08377998 0.06873357 0.06641072 0.07116801 0.0730156 0.08221871 0.07393081 0.07466633 0.0907232 0.08157028 0.06734606 0.04292401 0.03120937 0.02730504 0.02253387 0.03039369
0.2620003 0.2608743 0.2853734 0.2942461 0.3270828 0.3556918 0.3540243 0.2796584 0.246391 0.2211844 0.2093292 0.2346672 0.2183694 0.2198365 0.2273087 0.3072774 0.2808565 0.2770437 0.2687333 0.2903002 0.2449931 0.1653276 0.1130665 0.1320365 0.08675596 0.07468002 0.1153374 0.112765 0.1047804 0.08849864 0.0741346 0.08200134 0.0634912 0.04095397 0.05603898 0.07974314 0.07682906 0.1009917 0.06558982 0.069176 0.0660914 0.0518529 0.06394047 0.06400378 0.06583104 0.05901973 0.06196159 0.07770611 0.07682495 0.07143193 0.07800077 0.06268269 0.0431277 0.02719864 0.01840801 0.02115202
0.3337476 0.2888701 0.2733664 0.3108234 0.3713502 0.3757105 0.3583531 0.2686724 0.2534211 0.2376699 0.236557 0.2679956 0.2183111 0.2635528 0.220183 0.261082 0.2968406 0.257495 0.2234207 0.2287058 0.1683967 0.1332334 0.08052673 0.09730361 0.08763212 0.06152578 0.06939915 0.06527189 0.04846769 0.03748565 0.05171661 0.0463814 0.06701402 0.05121205 0.06477153 0.09021907 0.05790659 0.09210037 0.08638121 0.06489219 0.05543768 0.05122723 0.0567571 0.06230176 0.06931868 0.05598203 0.05723597 0.0679515 0.06400655 0.05734706 0.06192264 0.05712481 0.03848511 0.02801496 0.02116719 0.02141597
0.3294121 0.2967398 0.300669 0.3400969 0.3444808 0.3636113 0.3339633 0.292505 0.310503 0.2658326 0.2863592 0.2975908 0.2365253 0.2420112 0.2409481 0.2638213 0.2949363 0.2931833 0.2983479 0.2150781 0.1479399 0.1265747 0.1056674 0.09753959 0.08834834 0.06731158 0.0546847 0.03913167 0.0244565 0.01564619 0.02586773 0.03727683 0.05179986 0.05567733 0.06718283 0.06268493 0.04639808 0.05142228 0.08579476 0.07247493 0.05466335 0.0516715 0.0493074 0.05564455 0.06123713 0.05338593 0.05059533 0.04931644 0.04434097 0.04502931 0.0358767 0.02480348 0.01963215 0.01458653 0.01762551 0.02292773
0.2997469 0.3423694 0.2889982 0.2818505 0.3028227 0.267832 0.2358783 0.3102987 0.3608644 0.2948082 0.2762486 0.2828413 0.2896902 0.2951102 0.3212872 0.3030091 0.3215263 0.3013031 0.2304227 0.2221626 0.1800193 0.1205445 0.1196959 0.103758 0.07760241 0.05882197 0.04251509 0.01846438 0.01376502 0.02167522 0.01409591 0.01442832 0.03235118 0.03744958 0.04592876 0.03695425 0.02997954 0.03042605 0.02823441 0.04147663 0.05493817 0.0492724 0.04971362 0.05185412 0.04331442 0.03258526 0.0514236 0.04091537 0.0369431 0.03043546 0.02404607 0.01786431 0.0181732 0.01613263 0.0137438 0.01460895
0.3564487 0.3258091 0.29623 0.2778488 0.3108191 0.2798583 0.2057979 0.3470148 0.3515734 0.2851181 0.2635005 0.2861267 0.3070156 0.2900937 0.2981133 0.3567887 0.3498905 0.2484918 0.2388498 0.2387639 0.1740689 0.1918616 0.1146264 0.1009295 0.07135815 0.04601859 0.04850744 0.03465763 0.02528743 0.01355427 0.01419851 0.0141849 0.0379233 0.02250264 0.01770134 0.02529182 0.01904797 0.01614283 0.01866259 0.02341494 0.0279351 0.03207572 0.03133316 0.03837545 0.03918944 0.03097649 0.03667398 0.03183261 0.03371122 0.04081115 0.03073356 0.03190219 0.02135201 0.01292491 0.01167968 0.01349786
0.50884 0.3707191 0.3526872 0.3033588 0.3198554 0.3180171 0.2319752 0.3127117 0.3077965 0.2763308 0.2890303 0.2571427 0.2400241 0.2643327 0.3130592 0.3776594 0.3563917 0.2828245 0.2752163 0.2850697 0.2113019 0.2126897 0.1440442 0.1070765 0.1005574 0.06260861 0.05227872 0.04352859 0.02562598 0.01037144 0.01032002 0.0125565 0.02133629 0.02483175 0.01525756 0.0172209 0.01817572 0.01591884 0.01729145 0.02016059 0.02096352 0.0279413 0.02684398 0.02634093 0.0363387 0.02948833 0.02758819 0.0320491 0.02831659 0.03508732 0.0390481 0.05195637 0.03589096 0.01359635 0.01561208 0.01708453
0.4349062 0.4445513 0.4718188 0.3175427 0.3294051 0.3277797 0.2975262 0.2802365 0.2677598 0.2636701 0.2499795 0.2281207 0.2298029 0.2345517 0.2930021 0.32902 0.3314525 0.2821057 0.2769874 0.2817178 0.2843775 0.2371788 0.1761455 0.1426669 0.09583914 0.1357683 0.1221744 0.03470412 0.02229509 0.0136596 0.02360469 0.01652535 0.01812322 0.02241641 0.01299133 0.01299414 0.01316414 0.01304392 0.01352377 0.01802139 0.01889239 0.02343821 0.02731821 0.02078443 0.009564607 0.01306655 0.01268979 0.01814619 0.01687995 0.01175328 0.01467749 0.01717381 0.02009781 0.01984137 0.02018509 0.02131565
0.3133077 0.2945364 0.304263 0.2556822 0.260344 0.2423466 0.2711886 0.2558927 0.2471057 0.2683488 0.227533 0.2073288 0.2517928 0.281466 0.2716034 0.3165126 0.3214201 0.3059098 0.2728176 0.3354838 0.3270586 0.2877741 0.2179732 0.1895695 0.146991 0.1234013 0.1023713 0.06127883 0.03590764 0.03795284 0.04373643 0.03978438 0.0242574 0.02716772 0.02675444 0.01833081 0.01075725 0.01065439 0.01061946 0.01579859 0.01567327 0.01917048 0.0146297 0.01775312 0.01600851 0.0154021 0.0108585 0.01151456 0.01102299 0.01142863 0.01016681 0.008945087 0.01137555 0.02048854 0.01825037 0.0234989
0.2877061 0.2482491 0.2272593 0.2418963 0.2444973 0.2360341 0.2616459 0.2734839 0.2806664 0.2700815 0.252057 0.2107582 0.2087624 0.2837864 0.2823455 0.3208882 0.3131976 0.2955995 0.3042171 0.3359112 0.3968802 0.3600737 0.2322796 0.2027108 0.1655236 0.142579 0.1109075 0.06835405 0.04012043 0.03780804 0.03912165 0.04020522 0.0230714 0.02097584 0.01965677 0.01156924 0.0111001 0.01078716 0.01056688 0.01549266 0.01522864 0.01462993 0.01358949 0.01140642 0.01042187 0.009658513 0.009023942 0.009349193 0.008761927 0.008337611 0.01151248 0.0104668 0.007669406 0.01185805 0.009292235 0.01460586
0.2170538 0.273507 0.2574653 0.2812242 0.2898035 0.2941038 0.3080127 0.3306874 0.2968495 0.303842 0.2550846 0.2218167 0.2116323 0.2319809 0.2698359 0.3558788 0.337695 0.3168954 0.2909372 0.298124 0.3085855 0.3418495 0.2695789 0.2695794 0.2212657 0.1698413 0.12226 0.1035332 0.04990366 0.04395181 0.04343015 0.03824246 0.03181169 0.02502047 0.02156873 0.01322285 0.01201919 0.01123799 0.01085823 0.01701101 0.01516129 0.0143559 0.01297442 0.0108605 0.009355932 0.008415015 0.007759032 0.007872358 0.007148986 0.00688132 0.007062024 0.006767133 0.006871394 0.009058024 0.01013902 0.01710737
0.2463599 0.3255393 0.2653114 0.2524657 0.286658 0.3696085 0.328554 0.3866773 0.2721069 0.238273 0.1972624 0.2273564 0.2293126 0.2236582 0.2262967 0.2599001 0.3094531 0.3071365 0.3139767 0.3566874 0.3821379 0.3821101 0.3078255 0.2963822 0.2543445 0.2156399 0.1782197 0.1378237 0.07427742 0.05575179 0.04558386 0.04298401 0.03588713 0.03623214 0.02762138 0.01576677 0.01351476 0.01211714 0.01155598 0.01647459 0.01625682 0.01489181 0.01284337 0.01044914 0.0153201 0.01320922 0.01087333 0.009867135 0.006381031 0.006117195 0.00633128 0.006022765 0.01199852 0.008740652 0.0212263 0.02240897
0.2550302 0.2717504 0.2298205 0.2871673 0.3774782 0.3267667 0.3915267 0.3819034 0.2299855 0.208914 0.1746886 0.1544278 0.1609485 0.1696068 0.1695696 0.1991542 0.1925835 0.2399265 0.2503605 0.3604908 0.3788194 0.3881678 0.3059393 0.2713696 0.2673968 0.2323457 0.2053886 0.1551809 0.135734 0.09454579 0.07290168 0.07486694 0.06373028 0.06323648 0.05059497 0.02961412 0.02289858 0.01929303 0.0164355 0.01725487 0.01622145 0.01434939 0.01262964 0.01030277 0.01364201 0.01647213 0.01150622 0.01101149 0.003883768 0.003362182 0.006825412 0.01871788 0.02420373 0.0219567 0.01286563 0.01648953
0.1532676 0.1549862 0.1864333 0.2921526 0.308049 0.303058 0.3155258 0.2428402 0.1773462 0.1894784 0.1535174 0.138526 0.1295254 0.1482862 0.1412713 0.1729725 0.1599333 0.2059131 0.2263835 0.2948752 0.3335714 0.356082 0.3147704 0.2847046 0.2764758 0.2452279 0.1963698 0.1781481 0.1810108 0.1579631 0.1109299 0.09782994 0.09163125 0.08173699 0.05927769 0.03270741 0.02605707 0.02138121 0.01832482 0.01765076 0.01613153 0.01438081 0.0126869 0.01168014 0.01093555 0.009697963 0.006112461 0.003157901 0.005644329 0.002850502 0.02077913 0.1132035 0.07979415 0.0568083 0.02897391 0.02399729
0.1696379 0.1429984 0.1666797 0.1939874 0.2355947 0.2514223 0.2042017 0.1607547 0.1984336 0.1336514 0.1063497 0.1367853 0.1629087 0.1824613 0.1617113 0.1727961 0.179383 0.1822757 0.205121 0.2596097 0.3189354 0.3068884 0.3175551 0.2905021 0.2681789 0.2423579 0.2075163 0.2075199 0.2107129 0.1925862 0.1522334 0.1380257 0.1044392 0.09149538 0.07081626 0.04175044 0.02414129 0.02171003 0.02044197 0.01855629 0.01677892 0.01477538 0.01269114 0.01027547 0.009075091 0.004919994 0.007523709 0.009565766 0.00576142 0.002588242 0.03772174 0.1478347 0.1567688 0.08256183 0.04565295 0.04177444
