contrib/geomasonDemos/riftland/riftlandData/RainData/46.txt
ncols         56
nrows         54
xllcorner     28.264
yllcorner     -5.7719999999999
cellsize      0.25
NODATA_value  -9999
[rows 26 to 51 of 54, columns 0 to 55 of 56]
0.1630123 0.2013266 0.2239841 0.251242 0.1981323 0.1971792 0.1699167 0.1505267 0.1623712 0.1213881 0.1421638 0.2027087 0.1840124 0.1889914 0.1654862 0.1829589 0.2001635 0.1648851 0.2034756 0.2414528 0.2648885 0.2566527 0.2926916 0.314781 0.3304177 0.25446 0.2352906 0.2701894 0.2534041 0.207341 0.1736549 0.1523449 0.1345883 0.1104255 0.07956126 0.05766368 0.02748423 0.02133947 0.01953485 0.01963557 0.01770209 0.01548928 0.01320577 0.01119124 0.01695802 0.01612424 0.01462588 0.01191919 0.006018697 0.007567985 0.01801792 0.05626709 0.06624097 0.0383504 0.04072477 0.05683747
0.2497334 0.3752685 0.3284674 0.3349777 0.2554329 0.1851589 0.1989438 0.1637024 0.1782071 0.184581 0.2337021 0.222313 0.2544477 0.1860375 0.1862354 0.1822343 0.197652 0.1947815 0.1842467 0.2006733 0.2588756 0.2299938 0.2419941 0.2703747 0.2726911 0.2395675 0.2433264 0.2483836 0.2012663 0.1771804 0.1606988 0.1469148 0.1396439 0.1017012 0.08802559 0.07559266 0.04043121 0.03355517 0.02872734 0.02635951 0.02288004 0.02029128 0.01681674 0.01191869 0.01280161 0.01912914 0.01394747 0.01240225 0.009547429 0.005768199 0.005442903 0.009954171 0.02246975 0.05021621 0.04542692 0.0333139
0.3008614 0.3257601 0.3227371 0.2767914 0.2266335 0.1843721 0.182112 0.2245668 0.2057793 0.1975817 0.2066298 0.2009071 0.1786941 0.1601467 0.1548321 0.18705 0.194803 0.2491559 0.2711237 0.2558706 0.2165995 0.1679697 0.2156593 0.2930229 0.235518 0.2341594 0.2931017 0.2427903 0.1840647 0.1745679 0.1629727 0.1486607 0.1214893 0.09824697 0.08512989 0.05535226 0.04038352 0.034777 0.03866572 0.02970485 0.02430839 0.02083365 0.01753274 0.01405345 0.01204755 0.01357082 0.012414 0.01066641 0.009763767 0.007927625 0.007132498 0.01087512 0.01900856 0.02515152 0.01525184 0.0136071
0.3113769 0.3054314 0.295599 0.2967969 0.2586174 0.1338947 0.1901371 0.2309003 0.2670009 0.2301481 0.2001299 0.1986246 0.1833139 0.1473006 0.1286279 0.1783836 0.1972247 0.2494748 0.1959948 0.1928557 0.1677658 0.1588199 0.1996834 0.2660901 0.2634021 0.2505505 0.28829 0.2898706 0.1869086 0.1781702 0.166568 0.1690975 0.138044 0.1068196 0.08804862 0.06300513 0.04801691 0.0519658 0.04240248 0.03335695 0.02648859 0.02232805 0.01822582 0.01114217 0.007640999 0.006757047 0.006902694 0.007059935 0.009566667 0.01082897 0.008908097 0.01201697 0.01360389 0.01416234 0.01896934 0.007062881
0.3530929 0.2920462 0.3089604 0.3140922 0.1963408 0.1445676 0.1198706 0.1325574 0.1999175 0.2122764 0.174928 0.1952204 0.1571394 0.1646219 0.1639497 0.1609664 0.1615589 0.1383466 0.1409458 0.1769414 0.1564869 0.1624625 0.1935517 0.2327904 0.2455142 0.2514042 0.2479172 0.2570733 0.1976213 0.1625355 0.1533147 0.1856088 0.1604094 0.1145098 0.09815745 0.09612048 0.06905198 0.04702365 0.04226461 0.03660589 0.02925171 0.02195366 0.01790944 0.0102574 0.007398661 0.00562481 0.004988948 0.004189577 0.006205447 0.009977787 0.007276262 0.008071247 0.01376011 0.01392691 0.02600887 0.03318077
0.3635823 0.3608295 0.3497124 0.3053257 0.2468845 0.1804796 0.1722132 0.2216873 0.2669247 0.2707725 0.2532427 0.2296939 0.1934707 0.1689897 0.1603277 0.1571024 0.1827206 0.1704448 0.2165052 0.2207711 0.2063786 0.1748802 0.1873981 0.1478616 0.235952 0.2739763 0.2141905 0.2021896 0.1967952 0.1616912 0.1562527 0.1654451 0.1497091 0.1184844 0.1068224 0.1349657 0.1455361 0.07331662 0.05577536 0.04096556 0.02761265 0.02276443 0.01860169 0.01074016 0.004697513 0.003520019 0.003172565 0.003079395 0.002685054 0.006671284 0.015632 0.02476922 0.03180689 0.03664608 0.05539735 0.0481765
0.3169382 0.3155195 0.289755 0.2801036 0.2135145 0.185695 0.2038635 0.3284241 0.3095258 0.2886162 0.2841837 0.2278933 0.1679406 0.1615129 0.1526265 0.1720415 0.2572683 0.2678043 0.3180042 0.3196255 0.2130242 0.1684649 0.1471386 0.1348105 0.1411684 0.1408202 0.1641258 0.2162647 0.2218081 0.1772805 0.1446761 0.1513796 0.1451673 0.1216385 0.1061023 0.1029566 0.09269056 0.06091703 0.05350614 0.04123404 0.03205063 0.02382721 0.02272834 0.006849557 0.004798265 0.003343838 0.003057154 0.006622712 0.006605257 0.009499225 0.0165531 0.0260888 0.04901326 0.05956383 0.05315039 0.04444387
0.3090125 0.2749507 0.2696948 0.2560275 0.202098 0.22177 0.2591689 0.2905724 0.2778244 0.2664745 0.2587213 0.2086138 0.1560855 0.1595448 0.1529647 0.2288574 0.3119911 0.3224287 0.3756555 0.2883743 0.227262 0.1796182 0.1535442 0.1353391 0.1457534 0.1713357 0.2615859 0.1972154 0.2262591 0.1820426 0.1351845 0.1433431 0.1427142 0.1207526 0.1019446 0.08321201 0.07036344 0.05765453 0.04618853 0.03176924 0.02778764 0.02946914 0.02198586 0.006656533 0.004474345 0.003247827 0.002997432 0.007568951 0.006942899 0.01152811 0.01823407 0.0395219 0.04328045 0.03473703 0.04764635 0.006751261
0.3695416 0.337418 0.2686331 0.2647363 0.2459939 0.2329243 0.2272488 0.2513039 0.2341089 0.2230638 0.1896162 0.1479806 0.134531 0.1156938 0.1358187 0.1964298 0.2493523 0.2178812 0.2390747 0.24158 0.227561 0.2004175 0.1516175 0.1399017 0.2469475 0.2345806 0.2094069 0.1837363 0.1801376 0.1301128 0.1153904 0.1173782 0.1260412 0.09626137 0.08263506 0.08928642 0.06658132 0.05162426 0.04219808 0.02815579 0.02363703 0.02054105 0.01594495 0.005691472 0.004188938 0.003108722 0.002988896 0.003116732 0.003105819 0.008295599 0.01836826 0.01924794 0.02422518 0.009406449 0.003723167 0.00147368
0.4271027 0.4288495 0.3616112 0.2984689 0.2298946 0.2341782 0.1946454 0.2228699 0.2203804 0.2138647 0.2031571 0.166995 0.1434463 0.1370057 0.1442606 0.2155756 0.3341161 0.2293899 0.1861876 0.19418 0.1876676 0.1852507 0.144585 0.1460995 0.2578033 0.239758 0.2023817 0.1732585 0.1500656 0.1008258 0.0917259 0.09041062 0.07295206 0.07306521 0.07171046 0.08037033 0.06738462 0.05049257 0.03766806 0.0239876 0.02106936 0.01667122 0.01270328 0.00725473 0.00530471 0.004208262 0.004144703 0.005000749 0.004910933 0.008239267 0.02110033 0.01316928 0.005819535 0.01203018 0.005471465 0
0.3825977 0.3750124 0.2899736 0.3117443 0.2295177 0.2375075 0.2142755 0.2144664 0.1898406 0.223123 0.2045941 0.1916078 0.1618563 0.1382992 0.1804313 0.2715684 0.3203853 0.225196 0.187139 0.1927962 0.1713013 0.1439523 0.145622 0.2315692 0.2745561 0.2290289 0.1613938 0.1347816 0.1378054 0.1058772 0.08500773 0.07634643 0.06218909 0.05513574 0.05432923 0.06444202 0.04655846 0.03258218 0.02840622 0.02472444 0.01574855 0.01309943 0.01097939 0.006456945 0.004857681 0.004068428 0.004125757 0.005123878 0.005191954 0.005377813 0.00557175 0.01270311 0.01132054 0.004873308 0.004105372 3.143651e-005
0.2866594 0.2849176 0.2065064 0.2093735 0.193654 0.2174851 0.2305699 0.2008272 0.1811414 0.1996318 0.2089256 0.1772195 0.1392189 0.1506821 0.1916394 0.2644359 0.2829208 0.2047406 0.1919601 0.2074061 0.1466388 0.1310529 0.2641302 0.3643725 0.2325475 0.2327457 0.2534078 0.1687324 0.1361062 0.09641792 0.08974341 0.06885482 0.0557227 0.04989884 0.04348176 0.04606857 0.03772463 0.03323014 0.02339379 0.02640853 0.01308606 0.01112325 0.009421683 0.005710267 0.004586237 0.004100603 0.004208017 0.005313609 0.005458619 0.005830867 0.006173154 0.008422368 0.01120386 0.004336165 0.004385907 0
0.2501094 0.2491859 0.1820608 0.1669043 0.1734495 0.1956856 0.2016397 0.1904216 0.1845631 0.1989412 0.201538 0.1550033 0.1161937 0.1298633 0.1416578 0.2733253 0.2067467 0.179997 0.1930775 0.1310574 0.09599943 0.1193362 0.1842834 0.1745944 0.1764622 0.2776205 0.3124421 0.2051359 0.1320699 0.1028876 0.06967144 0.04754796 0.03973859 0.03423091 0.03207475 0.03704675 0.03364457 0.02642865 0.01936112 0.01245863 0.01044567 0.009017929 0.0177863 0.005193778 0.01006932 0.01175751 0.00447137 0.005504511 0.005702612 0.005810988 0.006021905 0.007469737 0.007206063 0.004424205 0.004570021 0.002782258
0.3072291 0.2633326 0.1509331 0.1489342 0.1485753 0.1734011 0.185198 0.1775851 0.1560849 0.1947158 0.1617238 0.1379515 0.1172171 0.1195756 0.1811146 0.2625932 0.2243934 0.1735243 0.1416531 0.1133275 0.1059872 0.09556379 0.1599008 0.1158149 0.1957121 0.2523539 0.2752107 0.210065 0.1267243 0.08172145 0.03794349 0.03212336 0.02712684 0.02831301 0.01673312 0.01832413 0.01394194 0.009166836 0.008120968 0.007104724 0.006407234 0.008708005 0.008202266 0.007414417 0.01211773 0.01125941 0.01281706 0.005748578 0.006497599 0.009573017 0.006918531 0.006671844 0.006661829 0.006534329 0.006526633 0.0004838709
0.3719317 0.2393907 0.1473809 0.1457421 0.1442327 0.1678197 0.1748376 0.1846181 0.1530062 0.198056 0.1665474 0.1452295 0.1535199 0.1358081 0.1649691 0.2585316 0.1933157 0.1821214 0.1309302 0.1222204 0.1001748 0.08282642 0.08327188 0.1096513 0.1667776 0.1802384 0.1574033 0.1103744 0.1171819 0.05556166 0.02066931 0.02406174 0.0257618 0.03013113 0.01213583 0.01120679 0.00686345 0.005652788 0.00503971 0.007527473 0.007902454 0.005503072 0.007667192 0.007632834 0.00824135 0.007623397 0.01218639 0.006095471 0.009279481 0.006138921 0.006463386 0.009254799 0.008920287 0.009889609 0.009451976 0.006814516
0.3175718 0.1972128 0.1397631 0.1933777 0.1972423 0.1826801 0.1435066 0.1869816 0.1629975 0.1926317 0.1770841 0.1432392 0.1330778 0.1264774 0.1578622 0.2260987 0.2032651 0.1682925 0.1862721 0.2226921 0.1594856 0.1128716 0.09883552 0.1122048 0.1626925 0.1128623 0.1115056 0.0861378 0.0639654 0.04169971 0.01749907 0.02023762 0.01476868 0.01101823 0.008183108 0.005816713 0.00735647 0.01076809 0.003434431 0.006022834 0.003838623 0.00271229 0.003274641 0.005888292 0.006761757 0.007154392 0.007104123 0.008308477 0.006422141 0.006301232 0.006387835 0.007012202 0.007179938 0.00664162 0.006678197 0.0005241935
0.2437277 0.1793814 0.1405496 0.1461558 0.2151726 0.1763492 0.1744431 0.1856714 0.1594982 0.1662332 0.1593996 0.1633923 0.1198807 0.1306919 0.1394215 0.1694633 0.2191405 0.186815 0.2034842 0.1980156 0.2738663 0.1515849 0.08996318 0.09446585 0.10709 0.06947483 0.06967236 0.05200386 0.04416787 0.04457032 0.02413432 0.01659322 0.009453259 0.007397868 0.006357922 0.02297693 0.08421151 0.007831091 0.003356591 0.004292577 0.002982762 0.003408109 0.004125919 0.007422311 0.008553888 0.00879937 0.009576472 0.008210729 0.00689641 0.006465837 0.006510182 0.006669819 0.007266229 0.006805919 0.007319406 0.001532258
0.2581467 0.1653969 0.09385702 0.06378826 0.08938419 0.1552791 0.08271145 0.1305021 0.1651691 0.144256 0.1331466 0.1764418 0.1481336 0.1237258 0.168324 0.1618432 0.1513806 0.1642461 0.1245966 0.1221699 0.1352979 0.1238081 0.1023309 0.1028227 0.0845584 0.0730826 0.04718795 0.03906665 0.0616954 0.02967601 0.02056112 0.009210596 0.004014906 0.004124794 0.002338747 0.03301662 0.2310839 0.01173895 0.004432918 0.008033582 0.006974151 0.007070972 0.008596626 0.01222057 0.01726128 0.01780747 0.01363043 0.008397165 0.007831824 0.007056714 0.00757177 0.0004838709 0.0004435484 0.0006854839 0.00391129 0.004516129
0.3046159 0.2228194 0.07717014 0.06057778 0.07808596 0.1189332 0.09366784 0.1170467 0.1523545 0.1932581 0.1847937 0.1816105 0.1691956 0.1506718 0.1468655 0.09916155 0.0866992 0.1259226 0.09457537 0.08920649 0.07272502 0.07918496 0.1141715 0.1154448 0.1008184 0.06626606 0.02627626 0.01179085 0.003152344 0.006247945 0.002958444 0.005056632 0.004122943 0.002047217 0.002031151 0.004309598 0.002373297 0.002387084 0.003094147 0.005704716 0.007519245 0.008250449 0.01003642 0.01430302 0.01647536 0.01726167 0.014955 0.009174802 0.00786383 0.007188189 0.007180919 0.0004838709 0.00125 0.001370968 0.003387097 0.004314516
0.3610086 0.2034087 0.07043533 0.05322005 0.06095374 0.08682945 0.08023899 0.07640933 0.08407831 0.1260735 0.1818718 0.1686718 0.1794008 0.160302 0.1066484 0.1027618 0.07390359 0.09857839 0.08329163 0.08283815 0.08153909 0.07776099 0.0917009 0.08813011 0.08564621 0.04327634 0.02504492 0.007634074 0.006166989 0.001219366 0.0009490068 0.001822784 0.0008105215 0.0004965058 0.0006019813 0.001512347 0.001731966 0.002360601 0.0035371 0.006429521 0.007819218 0.01173393 0.01146157 0.01613553 0.01889131 0.02156371 0.01658936 0.01046448 0.00877315 0.007293586 0.007293586 0 0.002782258 0.002782258 0.006814516 0.003346774
0.2839656 0.1722383 0.1018547 0.0677719 0.02693631 0.06954651 0.06857882 0.06734722 0.04805204 0.09223994 0.1001998 0.1025329 0.127389 0.1270939 0.08088937 0.09270119 0.08670097 0.07388628 0.1342712 0.08408268 0.07228132 0.08891395 0.1393283 0.057032 0.04989105 0.06132114 0.04706313 0.01754806 0.007523158 0.004343528 0.0007756786 0.002684819 0.002179226 0.0004813597 0.0006398287 0.001741764 0.002113035 0.002806139 0.003810231 0.007514185 0.009038969 0.01144901 0.01286212 0.01790268 0.02026757 0.02065009 0.01849776 0.01158446 0.01029683 0.00728579 0.007480536 0.0001612903 0.0006854838 0.005564516 0.005927419 0.0006854838
0.2245357 0.1422043 0.1168207 0.05310774 0.03234104 0.07821118 0.07090423 0.08756296 0.06771568 0.07888589 0.06230377 0.06461227 0.06526728 0.102633 0.0933913 0.1040892 0.096195 0.0995832 0.09310561 0.1204245 0.08468329 0.09422326 0.06103588 0.0530651 0.05389272 0.05907856 0.06831153 0.02927756 0.01141718 0.005007508 0.003438924 0.003415533 0.002043562 0.001488055 0.0008310946 0.004074943 0.003219779 0.004323731 0.005692604 0.009694665 0.01158415 0.01369435 0.01611308 0.02168704 0.02575054 0.02479377 0.02094098 0.001532258 0.004354839 0.0001612903 8.064516e-005 0 0.004959677 0.006008064 0.008629031 0.005725807
0.1851751 0.1128157 0.1062393 0.05551814 0.05102596 0.02235585 0.05212102 0.08714948 0.06144794 0.05685319 0.06373444 0.06589298 0.05537732 0.07584243 0.1024396 0.1076457 0.09521364 0.1021572 0.08686702 0.1057506 0.09238584 0.08644642 0.04563662 0.04473121 0.04184982 0.04979726 0.04362974 0.02292167 0.007466573 0.001326168 0.0002343062 0.001445573 0.001214623 0.00145029 0.001325196 0.003787563 0.003698141 0.004967932 0.006444974 0.01091683 0.01297556 0.01520445 0.01763694 0.02176022 0.02827473 0.02717652 0.02338686 0.001774193 0.0006854839 0.003225806 0.001733871 0.002096774 0.004354838 0.00625 0.006653226 0.01741935
0.1510973 0.1060683 0.09725387 0.09518533 0.05398064 0.02613074 0.0332601 0.05859406 0.0586289 0.04939387 0.06481582 0.07142247 0.06550121 0.05913648 0.07653501 0.1150756 0.103642 0.06787354 0.05193362 0.05346752 0.04666163 0.04641642 0.05056558 0.03809394 0.03658649 0.03240788 0.0203015 0.002342903 0.0004392495 0.0005505504 0.0001682624 0.00041364 0.0009392503 0.001239985 0.001555641 0.004451824 0.003899787 0.005148876 0.006623876 0.01128216 0.02590407 0.0155197 0.01814727 0.02547357 0.02972728 0.02560007 0.02483481 0.0006451613 0.0006451613 0.004274193 0.008185484 0.01237903 0.007096774 0.02504032 0.01346774 0.01862903
0.1464827 0.114348 0.09489334 0.1088802 0.05377887 0.0405068 0.05106616 0.07405987 0.06617235 0.06202314 0.09430277 0.07942571 0.08390912 0.05510246 0.06765336 0.09035666 0.07487987 0.05259173 0.0504399 0.06266469 0.05604728 0.0578908 0.04901567 0.08515391 0.05402201 0.02637979 0.02057921 0.00247446 0.002796744 0.0002132328 0.0001463451 0.0003292749 0.0002168852 0.0005508432 0.0005669551 0.002906055 0.003812601 0.005849694 0.006383808 0.01083271 0.01273371 0.01669384 0.01849258 0.02163648 0.02500482 0.02700124 0.02293373 0.001935484 0.001290323 0.0004838709 0.004435483 0.01012097 0.02794355 0.02939516 0.02310484 0.01762097
0.1625154 0.1122447 0.08341132 0.09213074 0.07156686 0.0843185 0.0890262 0.1180388 0.08734001 0.09628405 0.1023833 0.07532887 0.080416 0.04736856 0.0613947 0.069827 0.04427097 0.05524709 0.06219558 0.06843242 0.05840157 0.07377146 0.06856351 0.06479412 0.03311276 0.01625309 0.009519417 0.004283835 0.003556511 0.0005478327 0.0004475647 0.00177214 0.0003869291 0.0005574533 0.001058026 0.002092963 0.002729832 0.003527363 0.004467543 0.01021125 0.01265006 0.01473724 0.01609005 0.01679985 0.01717823 0.0177523 0.01719302 0.0002822581 0.007016129 0.006290322 0.007741935 0.01455645 0.02512097 0.01971774 0.02258064 0.01774194
