contrib/geomasonDemos/riftland/riftlandData/RainData/49.txt
ncols         56
nrows         54
xllcorner     28.264
yllcorner     -5.7719999999999
cellsize      0.25
NODATA_value  -9999
[rows 27 to 53 of 54, columns 0 to 55 of 56]
0.08652902 0.1177305 0.1347314 0.1179622 0.1058277 0.1862559 0.08580041 0.05241982 0.0802746 0.07124612 0.06967925 0.1795105 0.2211967 0.1371412 0.1245155 0.1445309 0.1683548 0.1926555 0.1731142 0.1322065 0.1351706 0.1368278 0.1055466 0.1047166 0.09751884 0.0742586 0.07185386 0.06526712 0.05157981 0.04670022 0.05174864 0.04445465 0.03906111 0.03877546 0.04016808 0.04115086 0.03537631 0.02696593 0.02260452 0.01836415 0.01775264 0.01648264 0.01647158 0.008880176 0.008784412 0.007619866 0.003755906 0.001075335 0.0006205434 0.0003847884 0.0003709686 0.0003972687 0.001924476 0.0003926298 0.004620364 0.001652139
0.1629622 0.1491458 0.1357358 0.1256379 0.1342607 0.1171108 0.09640505 0.1210482 0.142006 0.0923348 0.1308228 0.1523485 0.1485145 0.1241492 0.1431673 0.1789827 0.2416378 0.2107967 0.2009171 0.1615795 0.1406312 0.1214588 0.1136432 0.1305334 0.1280951 0.1035924 0.1018883 0.07807489 0.06445906 0.05929895 0.05654977 0.05063372 0.04676777 0.04212643 0.04123713 0.04147723 0.03356898 0.03203151 0.02378597 0.01935139 0.01719398 0.01605112 0.01194735 0.006865638 0.0353924 0.009545844 0.009056695 0.001128528 0.0005866357 0.0003496415 0.0003400383 0.000894216 0.001280633 0.00256907 0.01377007 0.001298775
0.1042257 0.1536465 0.1844187 0.1608638 0.1062824 0.07547466 0.1167985 0.0757197 0.1134128 0.09621036 0.1887784 0.2313005 0.2247534 0.157765 0.1830743 0.1978102 0.2048773 0.2282021 0.2216548 0.1658927 0.1138746 0.1192856 0.1325812 0.1429209 0.1605937 0.1495944 0.1422656 0.1151535 0.07599507 0.07448211 0.06171246 0.05622332 0.05487679 0.04443481 0.04178216 0.03742457 0.037991 0.03460775 0.03524293 0.02743898 0.01770985 0.01689923 0.01325904 0.006996556 0.02519994 0.02653807 0.01871719 0.001368899 0.0005385492 0.0003137865 0.000311249 0.003123407 0.005727483 0.01554677 0.009233895 0.0001849108
0.1127778 0.1490552 0.1464743 0.1687744 0.07803315 0.03270812 0.0410901 0.05513364 0.1024453 0.06533021 0.07273543 0.1667463 0.218158 0.2163978 0.2307074 0.3582416 0.3724947 0.3140433 0.3265575 0.215198 0.1538584 0.1219514 0.1554798 0.1267091 0.194544 0.1663474 0.2099811 0.1566585 0.09127405 0.09715107 0.07841765 0.0649765 0.06173778 0.05034629 0.04853419 0.04277882 0.04720683 0.03087644 0.02898892 0.02752939 0.01792893 0.01643526 0.01510675 0.00912323 0.01013811 0.008888017 0.002808323 0.01586095 0.0004789889 0.0003957417 0.0002846071 0.0004647849 0.005467858 0.006812393 0.00499107 6.925439e-005
0.2084299 0.1805882 0.1418247 0.1525963 0.0956334 0.07855532 0.07242189 0.09088127 0.1270655 0.1415279 0.1265117 0.1666292 0.1598825 0.2056148 0.3404347 0.3782743 0.3439488 0.3491451 0.3549537 0.2730994 0.2176621 0.1787012 0.1369236 0.1931152 0.1889944 0.1848849 0.1952877 0.1953831 0.1373023 0.08595975 0.0746052 0.06313586 0.05731179 0.05305781 0.0480064 0.0510353 0.06561173 0.0404171 0.02958153 0.0199918 0.01914459 0.01558765 0.01457876 0.009697741 0.01441394 0.01990783 0.02377798 0.01068796 0.004721371 0.0001743982 0.003049743 0.004234005 0.0130436 0.008676919 0.002092573 5.512376e-005
0.2202471 0.2416176 0.1983287 0.1832121 0.09384701 0.09943359 0.1380158 0.109965 0.1475548 0.1378732 0.146505 0.1715359 0.1704981 0.2122583 0.2898779 0.3557732 0.3748455 0.3436764 0.3506455 0.3379509 0.2417369 0.1790132 0.1332697 0.14079 0.1889937 0.1904206 0.1439835 0.1771715 0.1509184 0.1024805 0.08987724 0.08294416 0.06255168 0.06139082 0.05374627 0.05167164 0.05272659 0.0442155 0.03372474 0.02592879 0.01848807 0.01487372 0.01234643 0.003211209 0.01178483 0.03533057 0.03714992 0.02646765 0.00942925 8.836747e-005 0.006063133 0.02377313 0.006512414 0.00363076 0.001093265 5.574266e-005
0.3007368 0.2723606 0.2578782 0.1477163 0.1044462 0.1062474 0.199831 0.1717169 0.159874 0.1895746 0.2710629 0.2270384 0.2362037 0.1741517 0.2456393 0.3400498 0.4051972 0.4122913 0.4529113 0.3534313 0.2190633 0.1729403 0.1457478 0.1377456 0.1384039 0.1863091 0.216759 0.206068 0.1959086 0.1259416 0.1088396 0.09782656 0.06931885 0.06675243 0.05564487 0.05064147 0.04838996 0.0501959 0.03318791 0.02686564 0.02155833 0.01765717 0.01782856 0.004741933 0.01367353 0.0295495 0.02308949 0.02142563 0.01008696 0.01961525 0.0005187531 0.000416719 0.0009532028 0.002439436 0.004762093 5.683229e-005
0.3515275 0.2860456 0.2256515 0.1871435 0.1727001 0.1908304 0.2009516 0.1910191 0.1965457 0.2554152 0.2946766 0.2944259 0.2417834 0.2088212 0.1960667 0.2946452 0.3536794 0.4241061 0.3833134 0.3161969 0.2092793 0.1712661 0.1489104 0.1686673 0.1715394 0.1661365 0.2127938 0.1825701 0.1992855 0.1453295 0.1247107 0.1071273 0.08828451 0.06815398 0.05717607 0.0566531 0.05726187 0.04832484 0.03557524 0.03307557 0.02708639 0.02420697 0.02658174 0.01054612 0.04069114 0.06135901 0.003815112 0.03777505 0.03766906 0.02962937 0.01284537 0.002431238 0.001278623 0.003211319 0.0005470123 0.001411501
0.2930922 0.3121828 0.2226429 0.2159804 0.2310564 0.2610795 0.1942644 0.1856641 0.1935183 0.2349847 0.2498455 0.1871747 0.2057303 0.2009427 0.206486 0.2151536 0.3511267 0.4475678 0.2856143 0.2388075 0.1892422 0.1845514 0.1059939 0.1514436 0.1830215 0.2135656 0.2208725 0.1673566 0.1921934 0.1452274 0.12594 0.1405487 0.1010296 0.06438277 0.05873431 0.06893788 0.07037672 0.05398573 0.04478225 0.05451084 0.03373407 0.02772743 0.02580217 0.01880483 0.02476216 0.02661363 0.01567751 0.02836106 0.02939305 0.01007808 0.001544823 0.009967624 0.0005537561 0.003641811 0.002735131 0
0.4353919 0.4081468 0.324349 0.2253359 0.1787854 0.2097007 0.2303321 0.2506613 0.2218228 0.2022549 0.1897528 0.1587532 0.1611704 0.178431 0.2028002 0.2122366 0.3374387 0.291745 0.2252836 0.2029829 0.1918406 0.177268 0.1011421 0.1933537 0.2282683 0.2478996 0.2251614 0.1540657 0.1591618 0.1524954 0.1223146 0.1243718 0.09506454 0.07356422 0.06013398 0.06868055 0.06768315 0.05855925 0.06348038 0.06152269 0.02499248 0.02088271 0.0368816 0.02494158 0.01853545 0.009790921 0.02706325 0.00777561 0.01553586 0.001274411 0.007963154 0.01001118 0.004807708 0.0006085173 0.0006486636 4.304553e-005
0.4721707 0.3725098 0.2164797 0.1685207 0.147369 0.1932358 0.2720928 0.250042 0.2687732 0.1467875 0.1275248 0.1546249 0.1602294 0.1492515 0.1842673 0.1971448 0.2741317 0.2513494 0.1731927 0.1292616 0.1139793 0.1011114 0.08505412 0.1419955 0.2286289 0.2716453 0.2262231 0.139855 0.1646457 0.1550771 0.1111832 0.1089299 0.09828755 0.08456866 0.0646108 0.06923922 0.07838379 0.067488 0.0654034 0.0763928 0.04562758 0.0209726 0.01862649 0.02909238 0.03959626 0.03251466 0.03595811 0.01200382 0.01588622 0.02232074 0.001734496 0.02227917 0.01149955 0.001224304 0.0006370674 0
0.3922555 0.2552458 0.1918407 0.1485233 0.1586572 0.1508214 0.2063494 0.1894955 0.1534839 0.118843 0.1430587 0.1597778 0.1854456 0.1809227 0.1589637 0.1820978 0.1765794 0.2119134 0.1823213 0.1149599 0.08833973 0.0878711 0.1067719 0.1433209 0.2100419 0.2680736 0.1874008 0.1757316 0.1789307 0.1549766 0.1273828 0.1208928 0.1174276 0.09339403 0.07662078 0.07141165 0.0798186 0.08563185 0.06628638 0.06545412 0.05311125 0.03946193 0.03859299 0.01643973 0.03291082 0.02173013 0.02151575 0.01154533 0.008627007 0.01257887 0.004342886 0.005813847 0.01518162 0.004658493 0.0004412201 0
0.257331 0.2229051 0.1644591 0.1551562 0.1336215 0.1654645 0.1822346 0.144444 0.1533987 0.1381275 0.1155327 0.1578388 0.1673631 0.1468878 0.1683673 0.1484129 0.1835157 0.2135548 0.2316494 0.1371453 0.1096955 0.1151935 0.1299365 0.164899 0.2507363 0.2503015 0.1978952 0.2087892 0.1877542 0.1654272 0.128318 0.1445673 0.1424481 0.1097149 0.088676 0.07072775 0.07560201 0.07781412 0.05609015 0.0574313 0.05086122 0.05951844 0.04439146 0.02982076 0.02590508 0.01623206 0.0153238 0.02799983 0.04696866 0.0232366 0.004339282 0.003326909 0.003341316 0.0006332549 0.0003526661 4.032258e-005
0.2653278 0.2555232 0.1706053 0.1612888 0.1967565 0.2010811 0.2104099 0.1689419 0.1377383 0.1507481 0.132034 0.1713891 0.1572573 0.1736439 0.1520939 0.1460658 0.1692588 0.1507506 0.1471897 0.1160984 0.1068066 0.1306501 0.1582434 0.1397615 0.1545676 0.1627539 0.1575373 0.1790362 0.1629831 0.1584067 0.1537432 0.13534 0.1130493 0.1181004 0.1052882 0.07725747 0.07038071 0.07668362 0.08087059 0.07337949 0.06127077 0.05914921 0.05002875 0.04098098 0.02666138 0.02790211 0.01596426 0.01365781 0.01906697 0.008211607 0.008173615 0.003995134 0.000585788 0.0008636246 0.0003555438 0
0.3066312 0.3015769 0.237174 0.2220625 0.2045506 0.2058865 0.2224462 0.2007255 0.1420374 0.1639606 0.1650145 0.1607958 0.1722856 0.1815236 0.1766199 0.1748738 0.1828265 0.1626495 0.145488 0.1584204 0.1625419 0.1469996 0.1530553 0.2059522 0.1715508 0.1859108 0.1619903 0.1629585 0.1675668 0.1547785 0.1332819 0.1250047 0.08806001 0.1004235 0.09630357 0.07334415 0.06311435 0.07275406 0.09101922 0.09640374 0.1132618 0.08270186 0.06250723 0.06044374 0.03546621 0.03522799 0.0320143 0.01672472 0.005764883 0.007305761 0.002855645 0.007142435 0.001104999 0.0003596976 0.0004340962 0
0.2989781 0.2847115 0.2407202 0.2046074 0.235578 0.2577958 0.2508561 0.1706823 0.1662369 0.1791909 0.1706374 0.1814086 0.1749181 0.1950031 0.2148316 0.234186 0.1905708 0.1708805 0.1704436 0.1964078 0.156414 0.1564897 0.2152661 0.2720988 0.2343783 0.1763554 0.1275675 0.1329274 0.1124074 0.1418489 0.1404971 0.09163284 0.09996362 0.08593386 0.09311751 0.08589533 0.1010179 0.0724232 0.08609771 0.08067443 0.1113379 0.1145412 0.0651396 0.05317971 0.04801196 0.03478204 0.04534753 0.01880407 0.009777172 0.004795485 0.003875261 0.01263762 0.006205868 0.0003596976 0.0003601407 0
0.2251581 0.2271261 0.2332117 0.2085161 0.1917576 0.219418 0.2488567 0.2010225 0.1815698 0.1778044 0.1847414 0.1718979 0.1789698 0.1974059 0.1892919 0.205597 0.1593629 0.1278989 0.1629978 0.278224 0.1963993 0.17109 0.2320146 0.4715667 0.3520158 0.1857913 0.1324801 0.1168736 0.1043501 0.1574209 0.1505726 0.111365 0.1048005 0.09275664 0.09741461 0.1023397 0.1634228 0.08393754 0.06765652 0.08160332 0.08064506 0.08505588 0.06605978 0.05851216 0.04922398 0.04261322 0.03733617 0.0204116 0.01429635 0.008340016 0.006942644 0.01263158 0 0 0 0
0.2010509 0.2365303 0.2472713 0.2024207 0.2462748 0.2220456 0.2341331 0.246183 0.198379 0.1972791 0.2369178 0.194019 0.187622 0.1289379 0.1500891 0.159318 0.1575418 0.1644183 0.1719587 0.1954179 0.1720556 0.2049653 0.2378984 0.3938201 0.3865482 0.2108426 0.1202047 0.1313902 0.1322594 0.1339416 0.1328418 0.1472671 0.153619 0.1386642 0.1232382 0.09108706 0.0909821 0.1034159 0.07573787 0.08670824 0.08581431 0.08737401 0.07414062 0.06819017 0.06116115 0.04888527 0.04550476 0.02085438 0.0156852 0.01120267 0.007967697 0.001619433 0.0001214575 0.0004838709 0 0
0.228486 0.2454774 0.2556304 0.2309875 0.1965948 0.1726615 0.1947189 0.2203335 0.2067112 0.1985687 0.2285522 0.2045961 0.169333 0.117972 0.1208087 0.1385249 0.1509756 0.1895265 0.1764798 0.1652579 0.1229438 0.1784022 0.3475741 0.2955838 0.2399763 0.1134192 0.1001154 0.1371372 0.1738137 0.1747116 0.1253946 0.1431059 0.1996497 0.1487856 0.1110578 0.09808794 0.09404504 0.08886585 0.08266065 0.09735554 0.09642117 0.1054934 0.09074213 0.07629608 0.06327283 0.05289602 0.03967291 0.01950985 0.01469863 0.01130683 0.01207878 0.004777328 0 0.0005668016 0 0.0005241935
0.211879 0.2192782 0.2737002 0.2134889 0.1679644 0.1438482 0.1806744 0.1641386 0.1628957 0.1804572 0.2047865 0.2036455 0.189258 0.146331 0.1332711 0.1152437 0.1165993 0.1415108 0.1598315 0.1649429 0.1403324 0.1606476 0.193246 0.1950554 0.1571832 0.1168889 0.1400764 0.1901403 0.132157 0.0955198 0.1028407 0.1606818 0.2002961 0.1406518 0.1255493 0.1251004 0.1120893 0.08557704 0.0846759 0.09759962 0.1006292 0.09274288 0.08981334 0.07947377 0.07047045 0.05881636 0.0430512 0.02298439 0.01947526 0.008614702 0.0110958 0.01453441 0.008866397 0.0008097166 0.0001209677 0
0.1788466 0.2038257 0.2597558 0.2469444 0.1941608 0.1995998 0.2381603 0.1828726 0.1605604 0.1766714 0.1926347 0.2112133 0.1853264 0.1679166 0.1702893 0.1216059 0.1375353 0.1524048 0.1721586 0.1637386 0.1429203 0.1418016 0.1197502 0.1490362 0.1961075 0.1779759 0.2038492 0.1865834 0.113616 0.1276221 0.1301933 0.1566195 0.1533453 0.1167634 0.1252439 0.112119 0.1090583 0.08261488 0.06719764 0.07967672 0.08054411 0.08078615 0.08292799 0.08462167 0.08022885 0.06719475 0.04910896 0.006275304 0.002955465 0.001659919 0.0002834008 0.005465587 0.0009716599 0.004412955 0.0009677419 4.032258e-005
0.2115569 0.1804254 0.1808442 0.2179813 0.1892762 0.1905417 0.2269813 0.2193294 0.2044168 0.1881249 0.1578168 0.1752576 0.1971072 0.1747809 0.1629443 0.1510402 0.1784842 0.1692912 0.1955646 0.1630978 0.1494485 0.118327 0.1279547 0.2000047 0.213828 0.1895579 0.1991431 0.2117964 0.2492785 0.2125789 0.1437744 0.1655732 0.1646616 0.1517226 0.1577304 0.1294237 0.1107095 0.09500677 0.0792862 0.07104789 0.0731822 0.0783385 0.08715953 0.09531864 0.08573037 0.0736329 0.05540838 0.02149797 0.01299595 0.001012146 0.00194332 0.00048583 0.0003238866 0 0.005443548 0.003346774
0.158006 0.1697308 0.2167237 0.2373448 0.2238284 0.1975376 0.1862253 0.2249166 0.2268353 0.1923208 0.1776986 0.1721197 0.1792497 0.1832484 0.1788191 0.1587534 0.1720797 0.2103667 0.182868 0.1549189 0.1866361 0.1858963 0.1419079 0.1743388 0.2181394 0.1880802 0.2005407 0.2822466 0.3248793 0.3171563 0.2350148 0.1918543 0.2082571 0.216788 0.1928113 0.155526 0.1189714 0.1214139 0.1146619 0.08258358 0.07560771 0.08558061 0.08197217 0.08258273 0.08085743 0.07081288 0.07120051 0.09230769 0.03882591 0.02267207 0.01032389 0.008380567 0.005870445 0.003967611 0 0
0.1490827 0.1801781 0.313341 0.2695889 0.2340248 0.2251768 0.2107107 0.2283605 0.2110727 0.2263683 0.2142531 0.1709952 0.1979326 0.2038807 0.2225283 0.2157303 0.1977531 0.1721583 0.176151 0.1845938 0.1736121 0.1926164 0.1904718 0.2311571 0.2360896 0.2780369 0.3776539 0.3270534 0.3671494 0.3169057 0.2745304 0.2829167 0.183079 0.1797132 0.1894621 0.1541674 0.1405078 0.1411684 0.1200906 0.08568383 0.07367147 0.074336 0.08014118 0.06103052 0.0625077 0.06872235 0.07495223 0.1006882 0.04 0.03761134 0.0308502 0.02238866 0.01902834 0.008016194 4.048583e-005 0.0002419355
0.1613746 0.1735167 0.2284119 0.2608767 0.2913815 0.2521757 0.218697 0.194619 0.1855817 0.1936271 0.193552 0.1875141 0.2339216 0.2281696 0.2586401 0.2478226 0.2184871 0.1848998 0.2017495 0.2224853 0.2469041 0.2138106 0.2019921 0.2334559 0.2258171 0.2207395 0.3423012 0.4002976 0.2941018 0.3605815 0.3892924 0.3290092 0.2167396 0.2191437 0.2064721 0.2022627 0.1659409 0.1394196 0.1288654 0.09813256 0.07042722 0.05723965 0.05658431 0.05064566 0.03952756 0.05209124 0.07595348 0.04987854 0.03408907 0.0388664 0.04153846 0.028583 0.02048583 0.007813765 0.007206478 0.0002822581
0.1796514 0.2050436 0.1931002 0.1776331 0.2265675 0.2097502 0.1937714 0.2142142 0.2208732 0.1993327 0.2267962 0.2250124 0.2532519 0.2617357 0.3229919 0.2822672 0.2769901 0.2007094 0.1889945 0.2397401 0.284745 0.2610452 0.2443239 0.2704974 0.2583874 0.2778726 0.3058453 0.3381431 0.3197842 0.3058518 0.2466245 0.2433037 0.2568171 0.2700358 0.222389 0.1800748 0.186441 0.1714465 0.1448444 0.1174554 0.08699834 0.06100206 0.05823527 0.04871938 0.05078465 0.0511723 0.05744299 0.05781377 0.06473684 0.04408907 0.05133603 0.05218624 0.03829959 0.02878542 0.01097166 0.00625
0.2267316 0.2750986 0.1916527 0.1426574 0.2037536 0.2151412 0.1977234 0.2122605 0.2255612 0.2541486 0.318359 0.3217759 0.2663858 0.2630874 0.3234643 0.3356955 0.2960322 0.2350188 0.1936923 0.2344954 0.2575164 0.2568932 0.2188634 0.2716481 0.3542554 0.3280759 0.3174595 0.3282024 0.3326104 0.3085041 0.2366344 0.2524151 0.2144908 0.2467195 0.2553512 0.1819748 0.181894 0.1687735 0.1642145 0.1307391 0.1118662 0.0768775 0.06969051 0.05609145 0.04701673 0.05681268 0.06593768 0.06534413 0.05777328 0.05753037 0.03797571 0.04259109 0.04093118 0.0451417 0.02461538 0.01080645
