contrib/geomasonDemos/riftland/riftlandData/RainData/49.txt
ncols         56
nrows         54
xllcorner     28.264
yllcorner     -5.7719999999999
cellsize      0.25
NODATA_value  -9999
[rows 0 to 26 of 54, columns 0 to 55 of 56]
0 0 0.001935916 0 0 0 0 0 0 0 0 0 0 0 0 9.415386e-007 1.314537e-006 1.450546e-005 0.0009376607 0.001400962 0.01263271 0.003223923 0.00976793 0.01792903 0.0288947 0.0489461 0.05251948 0.09709743 0.1169152 0.153297 0.1156032 0.1330786 0.1172261 0.1244382 0.09562779 0.09500957 0.09553466 0.1025272 0.121905 0.1090756 0.08072923 0.0618447 0.04655268 0.04901515 0.05082577 0.04028454 0.04751454 0.08193794 0.07080449 0.1028266 0.0725292 0.0484278 0.0366892 0.03004035 0.02643763 0.01360231
0.00026646 0.0009023345 0.000260769 5.095962e-005 0.0001990662 0 0 0 0 0 0 0 0 0 0.007045277 1.073483e-006 0.002366364 1.495875e-005 0.0006904496 0.002899616 0.01684599 0.02800306 0.02188553 0.02025249 0.0234561 0.04172523 0.03980366 0.07025339 0.08968331 0.08881062 0.0775977 0.08953879 0.1111483 0.09099253 0.0944509 0.1154821 0.1321422 0.1402812 0.1094499 0.08248066 0.07020882 0.06850224 0.05716682 0.05520962 0.05425364 0.04663388 0.03792523 0.04427985 0.04172227 0.05297273 0.0418824 0.03747224 0.0274744 0.02539846 0.02151762 0.006088737
0 2.036623e-005 0 0 0.0001323699 0.0001523341 0.0001796882 0.0008358608 0.0004303613 0 0 0.002825715 0 0 0.003112891 0.003708726 0.005211779 0.005064001 0.01220303 0.02107229 0.01681672 0.01209358 0.01033814 0.02336675 0.03284487 0.04293803 0.06512827 0.07622504 0.05360375 0.06524372 0.08777399 0.1154289 0.1449598 0.1814369 0.1335462 0.1327463 0.1389816 0.1308299 0.1162244 0.07386488 0.07220086 0.08769593 0.06746826 0.05470389 0.05773829 0.07066438 0.04511693 0.03717516 0.04377439 0.04411099 0.04302408 0.03023536 0.02611151 0.02180669 0.01002231 0.001191013
0 0 0 0.0001798445 0 0.0003512451 0.00116468 0.002567546 0.004180296 0 0.003821365 0.01489341 0.003040395 0.01646311 0.006225806 0.004723115 0.004389014 0.0003517454 0.006014137 0.003582053 0.003054693 0.003996651 0.01540525 0.03789442 0.03037144 0.02877876 0.1031149 0.1050785 0.04888093 0.07528746 0.09080052 0.1089486 0.1758683 0.176329 0.1150205 0.1185094 0.1289362 0.09615996 0.0779171 0.07674194 0.09368147 0.09018828 0.07193011 0.04421609 0.04265188 0.05708531 0.06564081 0.03860062 0.04126846 0.05277797 0.02908379 0.01268071 0.01328605 0.01067325 0.009990347 0.004658439
0.0002258588 0.0001054981 0.000132648 0.0006095554 0 0.0001623014 0.0002435758 0.002802593 0.006301442 0 0.003950046 0.001238162 0.00864049 0.0001802772 0 0.004388307 0.005325985 0.001319106 0.0009248537 0.00413692 0.01463546 0.02488654 0.0194081 0.03711241 0.02748527 0.03195654 0.05253664 0.1013754 0.06489852 0.06564055 0.08059357 0.1209796 0.1499438 0.1900434 0.1391927 0.1332808 0.1385934 0.0901361 0.06974652 0.07264365 0.08684076 0.05598974 0.05131784 0.04742007 0.0375528 0.03850977 0.04512554 0.03469907 0.03064698 0.04340453 0.03516536 0.0119186 0.01108619 0.009778691 0.008049897 0.003898987
0.002965091 0.001893446 0.002056262 0.003126748 0.0002778965 0 0 0.004865736 0.002716123 0 0 0.001416904 0.003423426 0.0019596 0 0.008546058 0.009787223 0.00476951 0.00546963 0.02909384 0.02671284 0.02971348 0.02028521 0.04276494 0.06750806 0.02032482 0.02119571 0.0589799 0.04376273 0.04888198 0.06392799 0.09356296 0.09743378 0.1252092 0.1002971 0.1068913 0.1173349 0.06725667 0.0508369 0.07830583 0.06984085 0.05624077 0.04325217 0.03640211 0.03886049 0.03245882 0.02870358 0.03210659 0.02618262 0.02405419 0.0290987 0.01843175 0.009991803 0.01103964 0.006958013 0.003228673
0.003501091 0.001495312 0.0006045245 0 0.002061182 0.002517721 0 0 0.003471414 0.0004569246 0 0 0.0164586 0.009044259 0.0009281295 0.01188775 0.003521567 0.0168688 0.01844104 0.03151528 0.01980324 0.0266089 0.01958608 0.04140701 0.05904518 0.02835846 0.01764913 0.05136026 0.05483041 0.05514508 0.07873417 0.0852664 0.09867694 0.1415037 0.07185221 0.08500697 0.08086581 0.06309319 0.05548836 0.06559379 0.05394327 0.04134465 0.04028163 0.03254131 0.02627421 0.02518517 0.0230132 0.02522503 0.01756066 0.01541137 0.01664942 0.009533917 0.01509189 0.007459657 0.005804506 0.002682686
0.0001564309 0 0.000530102 0.002439444 0.01069363 0.006034668 0 0.001414285 0.003532088 0 0 2.721556e-007 0.003734538 0.001688965 5.294055e-006 0.002187307 0.03053081 0.03445361 0.01989248 0.01626265 0.01599412 0.02839749 0.03906355 0.02503868 0.03205865 0.009675793 0.01711538 0.01608038 0.0178909 0.04030027 0.08597793 0.1031914 0.1473109 0.1295419 0.07516041 0.07591102 0.06401829 0.05721764 0.06646313 0.05133796 0.03800163 0.03389864 0.02466309 0.02060852 0.01371107 0.0102407 0.01525029 0.02293371 0.01268489 0.008239215 0.007533482 0.005637607 0.01813639 0.001742457 0.0009070081 0.001381301
0 0 0 0 0 0.0008906034 0 0.001537651 0.007775968 0.01433231 0.006016457 3.803783e-007 0.001296085 0.006672583 0.0108213 0.02751976 0.02939646 0.02347836 0.02224736 0.02931908 0.0126669 0.01189759 0.0163952 0.04809386 0.03830642 0.04126104 0.03730266 0.02672507 0.02404826 0.04109958 0.1103172 0.1665828 0.1341096 0.09512888 0.0788976 0.04791303 0.05024091 0.06479908 0.06475254 0.04178944 0.03146111 0.03555639 0.02140789 0.01541781 0.01152731 0.009365747 0.009970679 0.01565372 0.007127039 0.00897153 0.008385946 0.003022785 0.00525354 0.0009629776 0.0006686106 0.000966793
0 0 0.00703397 0.0187701 0.004505182 0 0.001711181 0 0 0 0.002054531 0.003120146 0.003106284 0.003429174 0.001596606 0.004058368 0.02050131 0.0475524 0.02578389 0.02005569 0.001292625 0.001722209 0.01258443 0.02278123 0.01616018 0.02711238 0.05222995 0.04670545 0.0425579 0.06987807 0.0878259 0.1280632 0.1281404 0.09252167 0.07586706 0.07691527 0.09268536 0.07826366 0.08559078 0.05330567 0.0288069 0.02599164 0.01781188 0.008257907 0.01031625 0.007042464 0.006651798 0.006620985 0.0112619 0.0102849 0.01164485 0.0009222706 0.0007772298 0.0006383376 0.0004899701 0.0006787112
0.0004009269 0.0001442098 0 0.0003554178 0.001481411 0.003153157 0.008376883 0.002195769 0.00892933 0.002422651 0.002946161 0.003461971 0.006559621 0.003392898 0.007600394 0.0056122 0.02349144 0.01698747 0.01835074 0.007397089 0.002792199 0.01561781 0.02433028 0.03152125 0.04014215 0.03561903 0.0481675 0.04186788 0.0397571 0.07970414 0.1040277 0.1003164 0.08976225 0.07983127 0.1005616 0.1048869 0.08485933 0.0598819 0.04460025 0.03268253 0.03417045 0.02262602 0.01545073 0.01198617 0.01313458 0.007310946 0.004765874 0.005275421 0.005095201 0.004689591 0.008425094 0.001131598 0.0006254285 0.0005020634 0.0003857367 0.0005235898
0.001229935 0.001909083 0.006070314 0.00878693 0.01145637 0.007790669 0.01263512 0.01216713 0.005657991 0.01274027 0.005317508 0.005476506 0.01813595 0.007414783 0.02058067 0.0148759 0.006105936 0.007373377 0.013015 0.006229831 0.00319082 0.01431864 0.01667712 0.02010885 0.0405522 0.01933756 0.03412229 0.02316722 0.03616364 0.03031362 0.04767956 0.05065491 0.04720669 0.04533439 0.07597416 0.05725521 0.05381445 0.0278731 0.04445647 0.03259588 0.02069392 0.01830594 0.01379394 0.01253492 0.01193655 0.006684782 0.005635714 0.006568216 0.006118186 0.005928722 0.005498999 0.001636499 0.001295437 0.001000151 0.000752484 0.0001721007
0.004112718 0.02745229 0.04932896 0.09005426 0.07597469 0.01515886 0.01581206 0.008293525 0.008467214 0.01521142 0.007830678 0.0145022 0.03046219 0.02688855 0.03136448 0.01426517 0.00894091 0.009852365 0.007401236 0.017764 0.02520733 0.01370042 0.0142361 0.01669634 0.01336897 0.008935326 0.02761221 0.0220591 0.02223392 0.01750983 0.0299177 0.03282408 0.02991886 0.05573783 0.07840993 0.04227881 0.04089309 0.05285985 0.06417529 0.02295515 0.01587426 0.01430724 0.01406256 0.01120098 0.0091851 0.0106622 0.005514216 0.005162224 0.004674524 0.004077456 0.003370091 0.001124042 0.0008241266 0.0005941917 0.000440554 9.748316e-005
0.01072465 0.09452531 0.03171834 0.1962038 0.1074988 0.02222474 0.01443804 0.01034631 0.01044971 0.01807509 0.03652613 0.02708286 0.04454255 0.03974587 0.03049827 0.03046746 0.0244825 0.02617354 0.01384894 0.02107905 0.02833024 0.03408303 0.03072727 0.02511554 0.01684771 0.01248715 0.02951772 0.01517446 0.009881581 0.02176115 0.02863514 0.02336583 0.03007282 0.04474848 0.06259653 0.06910948 0.04957227 0.04039222 0.02818009 0.01717517 0.01049148 0.008917939 0.008383327 0.009850587 0.006371003 0.01186482 0.02460032 0.01014945 0.004761436 0.003205812 0.002695474 0.0008177978 0.0005445388 0.0003580097 0.0002612334 5.55638e-005
0.03321466 0.03794382 0.04065437 0.04297972 0.06089247 0.05082484 0.03624395 0.01847886 0.0121893 0.01864869 0.02691481 0.01723339 0.0338127 0.03732086 0.03741949 0.04000202 0.03657999 0.07084218 0.06339376 0.02752935 0.09637872 0.1094801 0.01652608 0.01944601 0.03077118 0.01213328 0.01874129 0.01888059 0.02018077 0.022221 0.05345383 0.02012186 0.03009214 0.04823241 0.06474823 0.09206636 0.06533105 0.02530415 0.009305104 0.01771294 0.01163642 0.009930256 0.007475606 0.005659396 0.005327456 0.007049191 0.02185209 0.009254048 0.004245426 0.002890486 0.002362059 0.0007580035 0.0004681902 0.0002990499 0.0002181209 4.634524e-005
0.1175163 0.03262024 0.02213234 0.0310824 0.03924655 0.07314169 0.02519641 0.01544433 0.01596629 0.01585698 0.01354971 0.01518139 0.02711249 0.02833073 0.03714297 0.04170928 0.02781136 0.03565489 0.08658386 0.01794386 0.02429222 0.0281016 0.004517579 0.006630204 0.01043791 0.01191845 0.02592226 0.03228018 0.03795974 0.05725583 0.04067151 0.03742351 0.0304902 0.04658732 0.04620719 0.0807143 0.08570717 0.04641459 0.01659592 0.009349982 0.008982729 0.01391555 0.02907556 0.01310957 0.00338519 0.003039698 0.005442388 0.01130528 0.002877542 0.002366681 0.001869469 0.0005884156 0.0003690212 0.0002257162 0.0001642935 3.199224e-005
0.2806022 0.06274414 0.02432492 0.06412148 0.05637292 0.03700524 0.02573577 0.02413438 0.01648567 0.02264128 0.01670004 0.02480702 0.05031151 0.0532793 0.0296439 0.04683591 0.04627388 0.02923264 0.01503361 0.02918361 0.01951611 0.01937795 0.00637556 0.004415277 0.007803163 0.01478912 0.02517988 0.0247706 0.01203502 0.02282951 0.02553226 0.03417898 0.03675028 0.01944569 0.01639913 0.03041578 0.03748944 0.03388366 0.01163021 0.01028849 0.01197399 0.006756514 0.01250872 0.01503592 0.006852267 0.002728606 0.002414855 0.005072754 0.002544981 0.002078959 0.001616768 0.0004990871 0.0002958527 0.0002133739 0.0001239706 2.408483e-005
0.1501046 0.06922276 0.05213118 0.05492901 0.03074805 0.01922977 0.02559986 0.0354565 0.02219347 0.02422239 0.02033441 0.01655851 0.01647196 0.01931003 0.04973613 0.07500867 0.04666631 0.02022287 0.03394945 0.04265516 0.02723829 0.0324821 0.001612765 0.005733826 0.005580015 0.006674001 0.01490359 0.00848032 0.008742678 0.007069839 0.005463766 0.01737381 0.01849093 0.02077811 0.02895205 0.02084218 0.02608072 0.0153744 0.0190619 0.01667133 0.00969433 0.009250053 0.008559723 0.003620463 0.00363857 0.005814719 0.00228577 0.00281805 0.002307846 0.00499574 0.001435926 0.0004408917 0.0002581458 0.0001467442 0.0001092298 2.211817e-005
0.04855662 0.07139122 0.0967581 0.0207146 0.01996505 0.02204717 0.06740779 0.03394685 0.1285 0.02885631 0.02465829 0.02203505 0.02520261 0.03124711 0.04144611 0.07127781 0.05217895 0.03068746 0.04802687 0.05035516 0.0658382 0.01226965 0.006483572 0.008337445 0.008343218 0.01123408 0.0239103 0.03491471 0.005319525 0.005259397 0.005521716 0.0163797 0.01093306 0.01334573 0.01242536 0.0137579 0.01805617 0.01340807 0.01403486 0.02508268 0.02559852 0.01815346 0.01018276 0.008385099 0.006101154 0.002590257 0.002226146 0.002694968 0.003552082 0.001681286 0.001319623 0.0004129751 0.000254269 0.0001559599 0.0001201526 2.616753e-005
0.08797109 0.06718136 0.06004753 0.02917685 0.01821295 0.01197883 0.02690505 0.05773306 0.06826528 0.05753523 0.01867743 0.02372677 0.04233502 0.05338001 0.06396849 0.04928443 0.05952472 0.03691309 0.08836091 0.03942807 0.03545107 0.03747429 0.00792511 0.01347622 0.01218929 0.01117123 0.01769198 0.02464308 0.02345518 0.01220961 0.008708267 0.01367235 0.01232033 0.0129677 0.01411118 0.009261796 0.02358595 0.0280319 0.03741458 0.02179312 0.02560157 0.03375923 0.02306943 0.0142184 0.007945379 0.00367233 0.003096704 0.002697282 0.002059273 0.00158247 0.001274335 0.0007697715 0.0004997643 0.0003300284 0.0003199566 0.0001348519
0.0792683 0.0657445 0.05530059 0.05351698 0.04732437 0.01604164 0.008000476 0.06925868 0.06065559 0.0144831 0.0213372 0.05673861 0.08555488 0.1566277 0.09760483 0.08783302 0.06137886 0.06360058 0.08207501 0.03446154 0.03486987 0.03213126 0.01797698 0.01799154 0.01446004 0.01734155 0.01698326 0.02469367 0.03405997 0.01316108 0.009172914 0.0122589 0.01834261 0.02242775 0.01399975 0.01178129 0.0231072 0.02568975 0.03443621 0.02228117 0.0239711 0.02676848 0.01811066 0.01141157 0.006861522 0.003654662 0.00301558 0.002565081 0.00187483 0.001395933 0.00113139 0.0007401265 0.000519893 0.00501609 0.0060683 0.002391624
0.02189183 0.04880506 0.05239443 0.06716848 0.05304202 0.05492014 0.05605798 0.09189456 0.02540006 0.004877404 0.01669064 0.0733281 0.1311183 0.1772062 0.1451551 0.0576548 0.04586729 0.06924812 0.05360655 0.04030019 0.03672366 0.038852 0.02360764 0.02933242 0.01968839 0.02187241 0.01494882 0.02505052 0.02205702 0.011255 0.01014064 0.01291717 0.02170158 0.01821429 0.01773613 0.01921776 0.01780892 0.01555712 0.0258051 0.03268313 0.03260725 0.02151082 0.008361005 0.005975193 0.004570895 0.003562744 0.002944223 0.002466606 0.001705001 0.001239988 0.001029042 0.0006748195 0.0004978832 0.0006807976 0.006379292 0.004350701
0.0383563 0.02525126 0.05249897 0.04722698 0.08485176 0.05037828 0.04769881 0.09543945 0.01016476 0.003892138 0.01114623 0.02270503 0.01611713 0.06698067 0.07529891 0.0374903 0.06356079 0.06883824 0.08996049 0.06761685 0.04531768 0.02685493 0.04311975 0.06089668 0.04381873 0.02568866 0.01949075 0.01880351 0.01478863 0.01115612 0.01161499 0.01485169 0.01679918 0.0181502 0.01814483 0.02495477 0.01789537 0.02455324 0.03819599 0.03227605 0.03090906 0.01925946 0.008731229 0.006121009 0.004495861 0.003395476 0.002946789 0.00226023 0.001547849 0.001107025 0.0009441926 0.0006457453 0.0005098386 0.002629124 0.00516343 0.0002302837
0.1471511 0.1208215 0.07158653 0.1125409 0.10072 0.09344751 0.1047069 0.05061099 0.03347755 0.02887919 0.01663805 0.05919784 0.05722275 0.06848582 0.07313976 0.09594303 0.09656782 0.08329602 0.09214336 0.08059637 0.0574394 0.04598319 0.04283487 0.0645666 0.0417711 0.02908234 0.02607739 0.01607857 0.01890898 0.01271842 0.0143992 0.02326985 0.02645325 0.02553594 0.02119734 0.02253786 0.02147772 0.0214078 0.03410695 0.02805601 0.02459021 0.0287195 0.01472704 0.00391866 0.002859534 0.002097023 0.001689086 0.001333384 0.0007009183 0.0005180559 0.000418697 0.0005406945 0.004501324 0.0003935012 0.0005681749 4.181487e-005
0.197657 0.1499024 0.1744681 0.1219858 0.07526142 0.05877369 0.09153876 0.08264334 0.03202916 0.03116532 0.01751952 0.06772645 0.09133936 0.07659201 0.06814734 0.1007518 0.08806609 0.08314214 0.07619187 0.07360452 0.0606248 0.04872213 0.04408517 0.05928502 0.04139863 0.02859175 0.0226158 0.01843942 0.02127455 0.01948015 0.01742716 0.02801462 0.02964665 0.03076977 0.02668023 0.02562587 0.04530849 0.03140495 0.02083526 0.01715211 0.01597748 0.02891226 0.02967593 0.003975 0.002810563 0.002005146 0.001596117 0.0009406981 0.0007612004 0.0005401479 0.0004431594 0.0005152273 0.0004686092 0.0004264805 0.000385006 4.724194e-005
0.2027435 0.1650032 0.167566 0.09263935 0.03676567 0.03101285 0.03256414 0.04710942 0.02836763 0.03738099 0.03688885 0.08913009 0.124699 0.09306343 0.08317275 0.1235227 0.1042454 0.1146547 0.1010149 0.08056003 0.08448783 0.08137592 0.05613437 0.06067462 0.05478225 0.03972633 0.03116016 0.02416449 0.03854674 0.03387994 0.02524327 0.03184776 0.03283299 0.03034201 0.02934334 0.0276182 0.02702626 0.02793338 0.01510411 0.01415978 0.01603574 0.0222444 0.03052682 0.004975933 0.002796735 0.001953525 0.004362561 0.002151092 0.000548207 0.0005121458 0.0004077353 0.0005327656 0.001810451 0.0004543882 0.002774719 0.0001272875
0.1037124 0.1270993 0.1366845 0.08868922 0.08569892 0.1850092 0.05852206 0.03615466 0.04857537 0.05085297 0.07373878 0.1306296 0.1366889 0.111311 0.1183256 0.1374676 0.1454381 0.1386853 0.1295708 0.1007862 0.1070685 0.08737399 0.07225248 0.07060676 0.06005294 0.0433249 0.03781938 0.04229332 0.04309945 0.03779089 0.03006527 0.03588484 0.03364755 0.03315496 0.03252158 0.02397375 0.0210681 0.01889891 0.01582371 0.01475389 0.01363677 0.01823756 0.0192985 0.008653922 0.003356564 0.001942448 0.004175891 0.0011817 0.0005196991 0.0003963702 0.0003825023 0.000587614 0.003062481 0.0005397675 0.001216053 0.0005690267
