contrib/geomasonDemos/riftland/riftlandData/RainData/54.txt
ncols         56
nrows         54
xllcorner     28.264
yllcorner     -5.7719999999999
cellsize      0.25
NODATA_value  -9999
[rows 0 to 24 of 54, columns 0 to 55 of 56]
0.1303604 0.1293861 0.1152716 0.1118172 0.1071339 0.08426293 0.08374325 0.06803414 0.06340274 0.0695797 0.06284469 0.06534471 0.08289816 0.08577844 0.1021443 0.1197779 0.1490978 0.1295042 0.1007151 0.1333033 0.1162743 0.1244917 0.0881997 0.09595509 0.1182667 0.1439238 0.1530386 0.1738077 0.2107384 0.2747298 0.2599001 0.2230932 0.2079774 0.2434462 0.2700543 0.2174232 0.2367116 0.1568229 0.1123357 0.08096441 0.07717422 0.05138583 0.06044314 0.09451314 0.09848899 0.1015497 0.08030412 0.08230294 0.09104027 0.08057415 0.07213636 0.05769348 0.07321504 0.04724152 0.03382706 0.007662851
0.1752716 0.1622628 0.1472098 0.1547655 0.1268252 0.09117521 0.07815121 0.09165291 0.07275552 0.07093643 0.0535177 0.0560376 0.06712148 0.0780239 0.09492984 0.125549 0.1103553 0.1549042 0.1394272 0.1196862 0.09351027 0.1197023 0.1158229 0.1109151 0.1276097 0.1455502 0.1369503 0.1519465 0.1889067 0.2013634 0.1720258 0.1576711 0.1695666 0.1597949 0.1976947 0.2275728 0.1759579 0.1445281 0.108968 0.0839986 0.08827978 0.08085944 0.0780921 0.07465646 0.06822581 0.09727915 0.09598359 0.07069264 0.0660381 0.04797818 0.05189554 0.04618108 0.05041132 0.0298561 0.02367277 0.01413723
0.2002544 0.1749263 0.1638849 0.1540024 0.182123 0.104858 0.0664819 0.08505972 0.1043767 0.06148182 0.05575727 0.04568085 0.04816508 0.06050304 0.06194301 0.06779429 0.05952917 0.06777489 0.09012311 0.1392272 0.1286523 0.1106706 0.1339939 0.1506942 0.1724904 0.1372637 0.08397166 0.09183741 0.1682428 0.1151914 0.1190535 0.1284502 0.162712 0.1505363 0.1274601 0.1448371 0.1223507 0.1299371 0.1073094 0.07876174 0.0968903 0.0849669 0.08101241 0.06304149 0.06016754 0.07241157 0.06518662 0.04139642 0.03456818 0.04523753 0.0464626 0.04872792 0.03622818 0.02073534 0.02972522 0.02819113
0.1692753 0.1597746 0.1665882 0.2541106 0.1853191 0.1181415 0.08890492 0.08896513 0.1113302 0.1010246 0.07715043 0.04176631 0.05613109 0.04740901 0.04008748 0.03744332 0.04522413 0.05623339 0.1122854 0.1485548 0.1022519 0.1441403 0.1088718 0.151777 0.2076646 0.1367035 0.079629 0.08764985 0.08432831 0.1239003 0.1186762 0.09185719 0.108991 0.1429233 0.15245 0.1213862 0.09106003 0.07086772 0.06532204 0.0703218 0.07668753 0.0862474 0.1125019 0.08376782 0.05984308 0.03949361 0.03740298 0.02965652 0.01866579 0.0233562 0.0243217 0.01729156 0.02005339 0.02419266 0.02178951 0.01454763
0.1810026 0.1212744 0.1144255 0.1437467 0.1356515 0.1160417 0.09334656 0.08520137 0.1013367 0.08280519 0.07438583 0.05483961 0.05524472 0.06505711 0.03606196 0.02855242 0.05111837 0.05154417 0.081773 0.08093497 0.08344142 0.09690759 0.09589005 0.1216465 0.1652352 0.128026 0.08133665 0.06000704 0.06161317 0.0626399 0.08077217 0.08327713 0.08317325 0.1074349 0.1196526 0.08539685 0.07815274 0.05551645 0.0526189 0.07186221 0.08236557 0.08192527 0.1008443 0.0731734 0.03430767 0.02023698 0.01807155 0.01931184 0.02060772 0.01662898 0.01647352 0.01859182 0.03034792 0.02811639 0.02753046 0.007450779
0.1738742 0.1218585 0.08031631 0.112949 0.1154793 0.125605 0.1150711 0.1156916 0.1399026 0.09577364 0.07812946 0.05780633 0.04498746 0.0638903 0.05347121 0.0485347 0.05391683 0.05917667 0.07020004 0.1161274 0.0732531 0.08646264 0.07994278 0.09565958 0.1083509 0.1117579 0.06226017 0.04234472 0.0513751 0.04910636 0.04583547 0.05212208 0.05494558 0.06628431 0.06130017 0.06398927 0.07468385 0.06017477 0.05627051 0.0754579 0.08604006 0.09214576 0.06118476 0.04037016 0.02696265 0.02549415 0.01837076 0.01960337 0.01987506 0.01947742 0.01388446 0.01247739 0.02322779 0.02221099 0.02817925 0.01464987
0.1446811 0.1089373 0.0755619 0.09841213 0.09960353 0.1322814 0.104474 0.1392669 0.1494761 0.1096645 0.1289994 0.08540197 0.08960429 0.09083578 0.07666547 0.0759043 0.09442638 0.07058021 0.05562722 0.07574983 0.05055038 0.05206597 0.06687097 0.07788002 0.06545978 0.07404451 0.04890691 0.03976738 0.04592622 0.0411936 0.03083498 0.04195205 0.03720658 0.05988049 0.05081828 0.06489877 0.07319312 0.07024544 0.08328035 0.08627725 0.0968155 0.0892861 0.05524524 0.027248 0.01936998 0.0184027 0.01531399 0.02083319 0.0179414 0.01784479 0.01508868 0.009300217 0.01337178 0.01741006 0.02344397 0.01473255
0.107918 0.1022475 0.07643087 0.07381336 0.08397533 0.1127745 0.1260732 0.1362661 0.1476557 0.1502495 0.1267223 0.1159959 0.09938258 0.1021967 0.07875232 0.07793859 0.07966172 0.08919173 0.07504869 0.07777835 0.03677688 0.03989851 0.04880615 0.06434484 0.04180897 0.03934792 0.03909298 0.03050909 0.03459205 0.03735744 0.03291387 0.03658263 0.03736864 0.06440265 0.07336178 0.0781545 0.0734008 0.07877468 0.1145645 0.1200908 0.08992263 0.06532458 0.03890736 0.01251674 0.003188214 0.003877879 0.005272031 0.003273838 0.003165225 0.002351308 0.003583248 0.0007265535 0.0006594281 0.0006033205 0.006467545 0.0005461544
0.0823787 0.07161604 0.0795314 0.06494125 0.07346725 0.09699082 0.1098921 0.1329014 0.1608579 0.1746515 0.1608861 0.1219318 0.08679808 0.09059921 0.0648988 0.05838332 0.06320413 0.06799495 0.08060935 0.08317885 0.03884863 0.03549875 0.0366215 0.03799731 0.0269071 0.03659251 0.04736594 0.04636207 0.0358116 0.02507908 0.03764893 0.03931811 0.03363535 0.04957079 0.05046147 0.05107612 0.05626192 0.06113971 0.07521918 0.08804733 0.08340604 0.05890113 0.03771336 0.005478388 0.003159384 0.00458432 0.004801239 0.002520416 0.001512365 0.001350937 0.001222298 0.0006340137 0.0005552855 0.0004894726 0.007266107 0.0003877053
0.05357691 0.07978473 0.07269637 0.0670676 0.06938399 0.08599458 0.09383616 0.1299711 0.1276794 0.1667582 0.1741014 0.1527271 0.1083643 0.07469641 0.05987252 0.05779907 0.05857648 0.03811504 0.04764231 0.05999826 0.03669273 0.03108603 0.03166727 0.05080874 0.03629718 0.03054817 0.03700827 0.02868327 0.01653843 0.02187857 0.02773288 0.03714892 0.04626532 0.04580258 0.04722273 0.04463327 0.03972155 0.04129555 0.04845113 0.0469001 0.04499388 0.03642028 0.02895651 0.01346069 0.009713539 0.003738588 0.004581608 0.00326276 0.001373884 0.002922537 0.005852172 0.003282806 0.0004567362 0.0003950334 0.0003557549 0.006398571
0.08336769 0.0830779 0.08234528 0.08102521 0.09147744 0.1030145 0.08732806 0.08775086 0.1044971 0.150666 0.1457078 0.1327605 0.1263802 0.1234703 0.134738 0.1202331 0.08548775 0.03892311 0.03854952 0.05341157 0.05448098 0.04177517 0.03662266 0.0368097 0.0440911 0.04056318 0.03331935 0.07466625 0.04323654 0.02745076 0.02984747 0.03764346 0.03844005 0.04004758 0.03142134 0.03015884 0.03370767 0.03961407 0.03980925 0.03188905 0.02521318 0.028992 0.025239 0.007606928 0.01473476 0.01008625 0.006099026 0.00826849 0.005950306 0.01086806 0.008341425 0.004067907 0.01173231 0.01374153 0.004485347 0.0003068783
0.1094483 0.118751 0.09852174 0.09764696 0.107891 0.1257986 0.1245099 0.1130193 0.1049813 0.1155679 0.1141099 0.131658 0.09763105 0.1345131 0.2101104 0.1514328 0.1096825 0.07075231 0.03412714 0.05642579 0.04363925 0.04690867 0.04540613 0.03013686 0.03468579 0.03325743 0.02389005 0.04239305 0.04908118 0.0237903 0.02602097 0.03123022 0.02723945 0.02726166 0.0240596 0.01348368 0.02299162 0.01311793 0.007347721 0.02180515 0.0191941 0.01936559 0.01555949 0.01411983 0.01688184 0.01399564 0.01155748 0.01241932 0.00838009 0.006986206 0.005984483 0.003927093 0.002729962 0.00398602 0.008381371 0.002419491
0.1208553 0.1205043 0.1068114 0.0894344 0.08842985 0.07648085 0.1130413 0.105847 0.1069462 0.09837738 0.0849386 0.094331 0.08429292 0.07900362 0.1037004 0.1201151 0.07944026 0.06635194 0.04164156 0.03392427 0.04520507 0.0502404 0.05045341 0.02895588 0.023065 0.03356367 0.01863691 0.03597916 0.02735869 0.02017673 0.01791533 0.01487528 0.01647077 0.01650104 0.01840058 0.01275936 0.01464723 0.008577361 0.009270906 0.01840057 0.01614184 0.01507642 0.01459931 0.01334129 0.01612165 0.01562788 0.01198676 0.01371407 0.006879765 0.005553126 0.004622273 0.001905026 0.001394646 0.001053812 0.0008945889 0.0006240545
0.1201689 0.1146751 0.09003513 0.09361457 0.06665163 0.07805032 0.08666649 0.1086386 0.1096065 0.1037651 0.1190604 0.1024942 0.07457756 0.07140914 0.07277632 0.09059493 0.06899227 0.05994193 0.04015844 0.03496905 0.04520639 0.04909445 0.04232791 0.02630405 0.02051815 0.02225512 0.01709168 0.03690003 0.03802171 0.02727196 0.01158565 0.008925317 0.01077402 0.01916983 0.02528792 0.01279307 0.01394123 0.01693015 0.02549886 0.02091532 0.01405047 0.01324086 0.01217426 0.01032888 0.009299434 0.01159121 0.01785934 0.01448658 0.01280214 0.01107649 0.003787942 0.001500528 0.001007326 0.0006944948 0.0005673463 0.001813288
0.1107178 0.1045062 0.1021036 0.078587 0.06917395 0.09686685 0.1027058 0.08994706 0.1115703 0.1165848 0.1401468 0.1180167 0.06517344 0.05715862 0.07310644 0.08353022 0.09304984 0.09084839 0.05679871 0.03687034 0.04275184 0.0444692 0.0584958 0.02754525 0.02709635 0.01770146 0.01342819 0.01816578 0.03189825 0.02790144 0.009729168 0.008768963 0.008927581 0.01832445 0.02850746 0.01787097 0.004800896 0.006973947 0.01028592 0.01860425 0.01998775 0.01802271 0.01080986 0.0102409 0.008532969 0.008968634 0.01398992 0.007008842 0.005565914 0.004410202 0.003532917 0.001379993 0.0008970914 0.0005956834 0.0004760418 0.000534274
0.08295985 0.1092938 0.1024506 0.09037201 0.08784077 0.1003486 0.1063842 0.1176832 0.133774 0.107372 0.09976266 0.1060185 0.09428837 0.09295882 0.08959569 0.09941421 0.07971126 0.06484322 0.05549738 0.06205758 0.04492518 0.04106111 0.06260651 0.04024227 0.0314914 0.02220877 0.01700169 0.01695297 0.02777842 0.01517719 0.007775629 0.01023277 0.008200043 0.01095535 0.01149903 0.009889584 0.008602485 0.008723365 0.008763837 0.01432043 0.01853717 0.02313681 0.02885689 0.02630819 0.01420998 0.007608769 0.00659737 0.007506428 0.006019641 0.01348628 0.003784572 0.001256493 0.00173225 0.003279222 0.0005744552 0.0008463657
0.06608357 0.09420246 0.109116 0.09850096 0.09456445 0.114834 0.1101127 0.09561957 0.1160256 0.1493405 0.1304595 0.1049373 0.1097247 0.09191961 0.07464932 0.06567071 0.07388204 0.0765151 0.07346909 0.1284399 0.1023864 0.04685918 0.04466662 0.03158172 0.02098323 0.02359784 0.02650132 0.01860561 0.01528987 0.01380153 0.006591343 0.007173319 0.00383113 0.004946444 0.004552969 0.005487469 0.005900546 0.006324425 0.006610775 0.0126425 0.0115153 0.01484487 0.01858511 0.01047955 0.00754984 0.006944939 0.006054963 0.006911118 0.005590111 0.008196918 0.005826885 0.001131653 0.0006782225 0.002230063 0.005603768 0.001418595
0.08083349 0.119506 0.1318729 0.1489678 0.1261882 0.1464147 0.121115 0.096692 0.1065702 0.1201624 0.1289705 0.1153228 0.1176724 0.1238821 0.08945263 0.06972619 0.07855996 0.1050696 0.1187136 0.1350098 0.1224432 0.06403589 0.03559345 0.04621907 0.02187644 0.02769139 0.02537086 0.02181204 0.01644211 0.003096521 0.00384107 0.002807327 0.004888074 0.003501428 0.003447855 0.003969225 0.004721111 0.004860835 0.005443063 0.008927042 0.009512784 0.009677778 0.009529243 0.006863886 0.006772552 0.006277668 0.005463721 0.006247464 0.005075195 0.005152856 0.003195417 0.003790962 0.006632022 0.007654067 0.001566168 0.001765496
0.1183137 0.1423566 0.1553827 0.1431202 0.1406326 0.1611643 0.1039468 0.08592632 0.09071249 0.08365001 0.07524721 0.09539939 0.08150228 0.1316364 0.1805065 0.1035238 0.1053937 0.1170132 0.1212913 0.1421411 0.1906406 0.1301709 0.05496515 0.0263611 0.02178263 0.02188147 0.02564652 0.02661755 0.01072739 0.002374887 0.002908179 0.004306458 0.003619813 0.00348924 0.003728115 0.003899851 0.00482122 0.004381093 0.004716245 0.008029059 0.0085121 0.008660358 0.008510559 0.006132609 0.006210605 0.01464579 0.004841427 0.005505264 0.007377466 0.005036868 0.01026335 0.007539772 0.005396036 0.001741594 0.002070451 0.002207552
0.157246 0.1733142 0.179802 0.1452666 0.1511616 0.1714789 0.1619973 0.1048007 0.1063513 0.08102439 0.0873289 0.06857737 0.07299755 0.07899725 0.08676889 0.09680451 0.1352027 0.146639 0.1250772 0.1415152 0.1319461 0.1404227 0.1144149 0.09140761 0.06209582 0.0494405 0.03878448 0.03773068 0.02322475 0.02406667 0.01814424 0.01140384 0.008837325 0.007372341 0.00755572 0.006385428 0.003851703 0.003955359 0.004241559 0.007543615 0.007986419 0.008123341 0.007947639 0.007646559 0.008762182 0.01822616 0.01299052 0.006105872 0.004835379 0.004186308 0.003669609 0.002741575 0.002248377 0.002179457 0.002459605 0.005973417
0.1269777 0.1506493 0.1597953 0.1406893 0.1357762 0.1160528 0.1113116 0.1210747 0.09590287 0.07249071 0.08165464 0.05875798 0.04723281 0.04142091 0.05299371 0.0795209 0.09211159 0.1308524 0.1726527 0.1640014 0.1039077 0.1114975 0.1112218 0.1035494 0.07912627 0.06348694 0.0403515 0.03149695 0.02174435 0.02534791 0.02221058 0.01647553 0.01146288 0.01472932 0.01024115 0.003868215 0.003498036 0.003444812 0.003677688 0.006535933 0.006930781 0.007035709 0.006807653 0.006511131 0.006303072 0.006497526 0.005087117 0.005009911 0.004616956 0.004192633 0.003721254 0.003156424 0.002715051 0.00818787 0.00283087 0.004552094
0.1382273 0.1290662 0.1238916 0.119102 0.09527053 0.06547669 0.06400273 0.06644111 0.0616138 0.05283401 0.04227697 0.03264334 0.02323776 0.04315878 0.06989052 0.08730733 0.09784593 0.09802862 0.1084275 0.109124 0.08343809 0.09637856 0.09768464 0.09525051 0.0661218 0.07272815 0.06117931 0.05159568 0.03296008 0.0288298 0.01849627 0.02651219 0.02571931 0.02298852 0.008106463 0.004490003 0.003595401 0.003273559 0.003390011 0.005899786 0.006152036 0.006200215 0.005925828 0.00559511 0.005332479 0.004892234 0.005480512 0.005065937 0.004826117 0.004544638 0.004161213 0.003923971 0.003511306 0.003471036 0.004062098 0.0052061
0.1086175 0.09866866 0.0938168 0.07907686 0.06954888 0.04624807 0.05833616 0.02865789 0.0282905 0.02572899 0.02564142 0.01047491 0.01859014 0.06731798 0.07278381 0.07409241 0.07198909 0.06542705 0.07071175 0.09071901 0.07779105 0.0708782 0.09440326 0.1280941 0.1062697 0.06987845 0.06624469 0.07044959 0.05313014 0.04378175 0.04223315 0.04691237 0.02471275 0.02943077 0.01754145 0.005735865 0.004140116 0.003333615 0.003368565 0.005654698 0.005721717 0.005611021 0.005285273 0.004897103 0.004573774 0.005057191 0.005527626 0.00538855 0.005245121 0.005036497 0.004710066 0.004758801 0.004355747 0.005211544 0.004579153 0.006046907
0.07074776 0.08572311 0.08735857 0.07336333 0.0805131 0.07556562 0.05673277 0.03179789 0.03205549 0.03087339 0.03072132 0.01680566 0.02077587 0.04110339 0.05374403 0.05252305 0.03907845 0.03593139 0.03874741 0.09535556 0.08699564 0.08563127 0.1000984 0.1623882 0.1397209 0.1094693 0.09581338 0.09200498 0.09752843 0.08716626 0.07876679 0.07336707 0.0606885 0.04254331 0.02369226 0.008507122 0.005659722 0.004125484 0.004030757 0.005200291 0.005075525 0.004835668 0.004455221 0.002468524 0.00393955 0.003987729 0.005065479 0.005839744 0.006232274 0.006823249 0.007033601 0.007269517 0.006280489 0.007023026 0.01254016 0.0320013
0.09072383 0.1178531 0.07030407 0.05501761 0.05211174 0.06511617 0.06572173 0.03115124 0.02760987 0.01631066 0.008163507 0.01002559 0.02200244 0.0243392 0.02440302 0.03072713 0.02521435 0.02464978 0.02107728 0.06039551 0.07324152 0.07648755 0.08958887 0.1602444 0.1520346 0.122549 0.1079367 0.1163178 0.1181001 0.1227925 0.1052136 0.0830139 0.06071808 0.05436429 0.04233412 0.02561436 0.006786618 0.004247817 0.004020613 0.004975568 0.004646151 0.004271082 0.00383166 0.002046286 0.002719049 0.004249088 0.005455636 0.006319648 0.006984652 0.007382012 0.007475659 0.007544839 0.007192138 0.006876065 0.01180755 0.009100502
