contrib/geomasonDemos/riftland/riftlandData/RainData/54.txt
ncols         56
nrows         54
xllcorner     28.264
yllcorner     -5.7719999999999
cellsize      0.25
NODATA_value  -9999
[rows 25 to 49 of 54, columns 0 to 55 of 56]
0.08252448 0.1033841 0.07677221 0.05081026 0.0405442 0.05515323 0.05559103 0.03595357 0.02126728 0.007533603 0.01054872 0.0198861 0.02675648 0.02096879 0.02032994 0.03307584 0.02404361 0.0234877 0.01696423 0.04715046 0.04830447 0.06006632 0.1095092 0.1618071 0.1539835 0.1485172 0.1311223 0.1400359 0.1576407 0.1621387 0.1095707 0.08890606 0.0596934 0.06953056 0.05085685 0.02816432 0.0162684 0.004447583 0.004089449 0.004960646 0.004517455 0.004030517 0.003574647 0.001865578 0.003198722 0.004770397 0.009464004 0.009575938 0.01055783 0.01298824 0.0099058 0.01706752 0.008416786 0.01332488 0.01809931 0.0117703
0.1128595 0.125839 0.0925559 0.06647267 0.05417761 0.05934439 0.05092511 0.02180391 0.02045602 0.0200133 0.01826061 0.03536765 0.0368756 0.02508686 0.03326145 0.03139589 0.02005153 0.0239016 0.01806704 0.06016865 0.06774662 0.06706246 0.063623 0.1211564 0.1309178 0.128175 0.1362187 0.1525676 0.1513985 0.1425377 0.1129605 0.1029178 0.08937491 0.0979519 0.06362604 0.02843895 0.02266547 0.006105375 0.004294173 0.005168486 0.004631781 0.004128681 0.003679744 0.002286656 0.004441097 0.01052428 0.02083806 0.009310497 0.01010029 0.01644844 0.01443283 0.02208873 0.02019399 0.01298974 0.02041033 0.01317619
0.119941 0.1074096 0.1191252 0.1087185 0.07395756 0.06126318 0.06895921 0.03883419 0.01318163 0.01500572 0.02627739 0.04229288 0.02292491 0.0174509 0.02512451 0.03197241 0.04186232 0.04605053 0.02724905 0.09187904 0.1119156 0.1259076 0.09476793 0.1279031 0.135601 0.1255349 0.1307256 0.1197993 0.1231245 0.1237838 0.1177341 0.09563093 0.09202142 0.07011793 0.05360138 0.02177044 0.02374648 0.008254476 0.005763574 0.006084104 0.005433072 0.005231586 0.004460154 0.005576002 0.004514193 0.006904202 0.006775736 0.009517604 0.01557794 0.01687152 0.0146163 0.02177069 0.03923253 0.03885755 0.03788647 0.04484886
0.1019308 0.09295959 0.08838827 0.09208743 0.08038872 0.04453677 0.04698775 0.0232586 0.01044163 0.01702561 0.01549524 0.01543177 0.005108824 0.005640045 0.01183188 0.031783 0.05584288 0.0543984 0.06515291 0.1013151 0.1307489 0.1374903 0.1087542 0.1526004 0.1498653 0.1488348 0.140154 0.1287576 0.1213269 0.1292111 0.1257394 0.1095576 0.08520076 0.06086625 0.05878253 0.02736768 0.01740983 0.01379171 0.01122428 0.009541768 0.007605962 0.007138657 0.00688633 0.003581384 0.006580626 0.007462749 0.008910895 0.01604923 0.01750382 0.01660402 0.01532901 0.02902072 0.04847359 0.04103391 0.04257135 0.03837588
0.07173367 0.07864866 0.09366304 0.08860516 0.05648312 0.03081438 0.04135605 0.0104324 0.01665897 0.01131484 0.005733712 0.005889775 0.006068177 0.006926658 0.01698403 0.04206339 0.1089505 0.08552124 0.0675731 0.1033917 0.1192092 0.1087359 0.07838956 0.135894 0.1551794 0.1756526 0.1460655 0.1506175 0.1360487 0.1352249 0.1264617 0.1040033 0.08280335 0.06157046 0.058156 0.03445039 0.02467303 0.01497619 0.00791999 0.006810463 0.005932936 0.005443256 0.0158262 0.00508732 0.005068558 0.007041426 0.009629009 0.01457212 0.0216521 0.02505328 0.02795948 0.03603547 0.04784452 0.04218842 0.07524634 0.08627103
0.06920782 0.07759862 0.08511129 0.04933389 0.03309337 0.01767407 0.01273653 0.0126067 0.009854494 0.007838971 0.00351788 0.003229817 0.006225396 0.008861309 0.00855359 0.03560388 0.05307427 0.05301433 0.02940436 0.0918254 0.1007282 0.07868471 0.08157704 0.1055719 0.1217962 0.1381632 0.1279867 0.1344019 0.121529 0.1136622 0.1116541 0.1023922 0.08401204 0.06330288 0.05946634 0.02970091 0.01754191 0.01302839 0.007525748 0.008543469 0.006622357 0.005816622 0.005579465 0.004141834 0.005864066 0.008209951 0.01143056 0.02279892 0.02830099 0.02970202 0.03448897 0.03872038 0.04866112 0.0831267 0.0985337 0.1136812
0.08170824 0.06387994 0.09501582 0.04773074 0.02922732 0.01563794 0.009086441 0.01708907 0.02791223 0.01562133 0.01424397 0.01304844 0.01364562 0.01816961 0.02461491 0.0758898 0.120233 0.151769 0.1458551 0.1117636 0.1184432 0.1262469 0.09125865 0.09137897 0.129293 0.1500942 0.122798 0.1220182 0.1229399 0.1115083 0.1074974 0.08668752 0.07908656 0.06305944 0.04566673 0.03370538 0.04831478 0.01635901 0.01340649 0.009092338 0.007221524 0.006659236 0.006510477 0.003152502 0.005603614 0.009274391 0.01431164 0.03562758 0.0338915 0.04556799 0.04572014 0.0564355 0.08730005 0.1276874 0.1620934 0.1419669
0.08237883 0.0678974 0.05194433 0.03021951 0.0186451 0.01429465 0.00835428 0.01759521 0.02153825 0.01282532 0.0124881 0.01440867 0.01684235 0.02295931 0.02849435 0.1320288 0.169438 0.1303778 0.1796702 0.1190315 0.1234687 0.11678 0.09262604 0.08456118 0.1133836 0.142685 0.1064086 0.1130656 0.1290128 0.1227306 0.09729707 0.07892618 0.06597616 0.05113022 0.04202973 0.03000049 0.02220048 0.01809283 0.01619525 0.009263373 0.007836107 0.007843312 0.007594516 0.004415093 0.008906148 0.01277579 0.0225979 0.03541044 0.04184245 0.06154224 0.05128206 0.1021653 0.1337946 0.1829602 0.1742922 0.1366846
0.08204298 0.05145571 0.02472893 0.0158034 0.006428399 0.005914674 0.007361361 0.01506442 0.01583328 0.01229349 0.01305265 0.01310957 0.01597231 0.02113329 0.03671549 0.06308311 0.100858 0.1918408 0.1279397 0.1015433 0.0873484 0.09963453 0.09112166 0.08193526 0.09050097 0.1334644 0.107672 0.1102253 0.11566 0.1088727 0.08530881 0.06536729 0.0562764 0.0447985 0.0351567 0.02584087 0.01950286 0.0171599 0.01411032 0.008961289 0.007632925 0.007498349 0.00857976 0.00428647 0.007989915 0.01275214 0.02076852 0.03594641 0.06069568 0.05857776 0.07270562 0.1217436 0.1571811 0.1873554 0.2078452 0.1786487
0.1392679 0.05416224 0.02614919 0.01243786 0.01609392 0.01753641 0.01072669 0.01156839 0.01200464 0.01381181 0.01283557 0.0141632 0.03065595 0.025569 0.03014128 0.04498423 0.04725255 0.1083444 0.08910404 0.0822563 0.06227729 0.05893311 0.07116691 0.06535371 0.07977217 0.09583063 0.1056937 0.08502104 0.08037361 0.07537805 0.06311024 0.0457796 0.06304043 0.03095381 0.02717042 0.02015297 0.01551554 0.01473434 0.01198083 0.007614941 0.006683034 0.007632301 0.01049647 0.005886139 0.01017257 0.01975472 0.02941264 0.04615745 0.06644159 0.0712527 0.06777841 0.09865735 0.1116021 0.1764496 0.2244745 0.2157099
0.1119749 0.07944902 0.02426166 0.0129153 0.01208212 0.01162174 0.00693166 0.01265094 0.01350298 0.01188188 0.01191772 0.01921694 0.04443906 0.04927906 0.06151242 0.03132418 0.03187865 0.05051042 0.04915778 0.05082855 0.04611008 0.030435 0.03092658 0.05068881 0.07082337 0.09699894 0.09582964 0.05329951 0.04772254 0.03910558 0.03199642 0.01282476 0.00996231 0.008327181 0.007040522 0.01067594 0.01049414 0.007832996 0.007204537 0.003414574 0.003178637 0.004597333 0.00699435 0.01556898 0.02183262 0.03327118 0.04908734 0.07411808 0.0887638 0.1000872 0.1093336 0.1256509 0.1638827 0.1925673 0.2027016 0.155396
0.09383672 0.06511939 0.01209349 0.01220722 0.01031789 0.00286804 0.00305618 0.01082064 0.0112899 0.01151112 0.01240548 0.01974453 0.03229621 0.04269151 0.0611923 0.02752768 0.0174812 0.03519274 0.03276499 0.03003099 0.02499185 0.02008147 0.02389619 0.04525766 0.05363873 0.06782933 0.06659525 0.04702248 0.03326324 0.02856651 0.02186732 0.008795843 0.005960405 0.004106833 0.003951696 0.007973093 0.007482587 0.00704133 0.009229316 0.004559997 0.003648619 0.005677017 0.007947082 0.01939695 0.02812159 0.04405958 0.05662798 0.08894578 0.1112621 0.1176753 0.1424838 0.1505811 0.2027015 0.2401614 0.2005495 0.1845348
0.04167474 0.01804752 0.006737943 0.003057311 0.003031077 0.000878028 0.0009317443 0.01020776 0.0107141 0.0109236 0.01231127 0.02175608 0.01761717 0.02353604 0.01730625 0.01136508 0.009516667 0.01114292 0.00982472 0.01192913 0.01483155 0.01525032 0.01823406 0.03228212 0.04794923 0.05161829 0.04269262 0.03403712 0.02490132 0.01920266 0.01564746 0.005283243 0.002952319 0.001943383 0.004779099 0.003915571 0.003725214 0.003864019 0.00406019 0.002213631 0.002333723 0.004576804 0.008796114 0.02096923 0.03924928 0.05416864 0.06758598 0.09336958 0.1423063 0.1679857 0.184692 0.1771699 0.2145308 0.2045746 0.2070302 0.1014583
0.03832677 0.0120435 0.003423903 0.004943687 0.003222323 0.0007924468 0.0008470913 0.009323312 0.0101874 0.01011491 0.01003495 0.01621227 0.01563523 0.01466061 0.01294258 0.009940959 0.008102931 0.007559028 0.00987889 0.009800781 0.01065799 0.01339593 0.01568252 0.02935289 0.04288 0.04120694 0.03398513 0.02372661 0.01886741 0.01435466 0.01226293 0.004088425 0.00241138 0.001932575 0.001596217 0.002910118 0.002959961 0.003189298 0.00364755 0.002464682 0.003634052 0.004882328 0.00946505 0.02176637 0.03392208 0.04673204 0.05767417 0.09452126 0.1300068 0.1496243 0.1806552 0.1870864 0.1858751 0.2213088 0.1328662 0.098625
0.03865532 0.009765296 0.002096457 0.0008514901 0.001555783 0.0008644105 0.0009370116 0.008972884 0.01459556 0.009905085 0.009695068 0.01424193 0.01405124 0.01301901 0.01114932 0.007430596 0.005863422 0.005330565 0.005855383 0.006510963 0.006826167 0.01169269 0.02182129 0.02595559 0.04039721 0.03097358 0.0185017 0.01416893 0.01263987 0.01204124 0.009634997 0.004286472 0.002995732 0.001431069 0.001403794 0.001185748 0.001178387 0.001388719 0.001776863 0.002209611 0.002547559 0.00533144 0.01039952 0.03316616 0.04582067 0.06267235 0.09685676 0.1104838 0.1424297 0.1777899 0.1699266 0.1752781 0.2106093 0.1701073 0.1761387 0.07591667
0.02563484 0.003383441 0.0003851749 0.0006163027 0.001283288 0.0007506371 0.0008298793 0.009150412 0.01211811 0.00896572 0.008788251 0.01270828 0.01239555 0.0113733 0.009529345 0.006114154 0.004570829 0.003981631 0.004384111 0.004789237 0.005190519 0.006123391 0.01289385 0.01900649 0.02422246 0.02252253 0.01524865 0.015827 0.01272304 0.007749564 0.00622815 0.003275831 0.001766159 0.001523572 0.0009444642 0.0007705571 0.0007369958 0.0010363 0.001543907 0.002178874 0.002852182 0.005782693 0.01181472 0.05540251 0.05871646 0.07120274 0.09494445 0.1124666 0.156073 0.1680775 0.1716375 0.1864604 0.1523495 0.1728276 0.1731509 0.07350001
0.03989374 0.008354814 0.0007251282 0.001915826 0.001708077 0.0006360017 0.0007132817 0.006905821 0.007569886 0.00783929 0.007623782 0.01094779 0.01064028 0.009657061 0.008294764 0.004989809 0.004013626 0.003023752 0.003338974 0.003668753 0.003975044 0.004764651 0.007789244 0.01322502 0.01639406 0.0110399 0.01224011 0.01001732 0.008501362 0.005639573 0.004641276 0.002176208 0.001245621 0.0009637118 0.0007840144 0.0006509576 0.0006100177 0.0009201553 0.001698246 0.002224927 0.003266463 0.01444215 0.0261327 0.05201127 0.06103773 0.08026072 0.09377607 0.1096322 0.1391098 0.1651908 0.1775865 0.1349819 0.1482826 0.1674198 0.1687624 0.06979167
0.04106059 0.008532651 0.001396356 0.0004204587 0.0004672982 0.0005247717 0.0005853238 0.005645776 0.00620763 0.00639881 0.00624801 0.008956042 0.008726834 0.007920595 0.006573674 0.004073235 0.002935254 0.002472295 0.004991225 0.002993744 0.003230069 0.003868686 0.004872162 0.007829618 0.01066798 0.01042035 0.009438396 0.007692596 0.006790864 0.006106213 0.01284686 0.00182951 0.001225341 0.0009179992 0.0009243362 0.00167046 0.006062463 0.001280315 0.001854506 0.01379111 0.01727987 0.01206517 0.0128753 0.03588716 0.04912041 0.05888414 0.07689454 0.08818276 0.109496 0.1470183 0.1953488 0.1434475 0.149613 0.165204 0.1650112 0.07029167
0.02022564 0.007472063 0.00443418 0.002118479 0.00230127 0.00265144 0.002941608 0.003452949 0.003797665 0.003940208 0.003849426 0.00411679 0.004036982 0.00366847 0.003049162 0.001905525 0.001387918 0.001178323 0.001290039 0.00158254 0.001692511 0.002034819 0.002571072 0.001877134 0.002142002 0.005480554 0.001880771 0.001680235 0.001165581 0.007139247 0.02913747 0.002073698 0.001552139 0.001647938 0.001711063 0.00230703 0.02887086 0.01770469 0.01534269 0.01063676 0.005978734 0.01051376 0.0177654 0.03658777 0.04411826 0.05996298 0.07862537 0.09656247 0.110864 0.1723358 0.1558844 0.101 0.08924998 0.08845832 0.1040417 0.089625
0.02102039 0.01497605 0.004504949 0.001975293 0.001588017 0.001784148 0.001998101 0.002354538 0.002591838 0.002688803 0.002655304 0.002859819 0.002823238 0.002577217 0.002140394 0.001344265 0.0009850818 0.0008385731 0.0009054592 0.001104754 0.001176005 0.001418876 0.001812352 0.00132723 0.001538947 0.001582159 0.001374751 0.001048108 0.0008841748 0.0007536982 0.0006710899 0.001825663 0.001537117 0.001863271 0.001809871 0.001787782 0.003907697 0.005430361 0.004952929 0.004959246 0.007327646 0.01152881 0.01826123 0.04318191 0.05166829 0.05256775 0.06815078 0.08641734 0.1198306 0.1264919 0.1450227 0.1054583 0.07858333 0.07779167 0.10675 0.08204166
0.01508692 0.007809957 0.0020346 0.0009753863 0.001095494 0.001219266 0.001360888 0.001593715 0.001747374 0.001812921 0.001805936 0.001963632 0.001946075 0.00178348 0.001487728 0.0009322126 0.0006885807 0.0005872353 0.0006542517 0.0007632964 0.0008093862 0.0009784667 0.001268557 0.003162877 0.002473453 0.001115168 0.001003187 0.0007757585 0.0006734804 0.0005982625 0.001949334 0.001611231 0.001789797 0.002700201 0.002034704 0.001833354 0.002527792 0.006199463 0.006401373 0.00663525 0.009346391 0.01297039 0.01824688 0.02934141 0.03528517 0.04852964 0.0632946 0.08341911 0.1219214 0.116475 0.1199614 0.09716666 0.06591666 0.08220832 0.114375 0.08566667
0.006113718 0.003159338 0.0007349763 0.0007971871 0.0008427844 0.001482126 0.001031243 0.001201783 0.001309508 0.001359129 0.001348802 0.001459289 0.001443096 0.001323326 0.00109847 0.0006856144 0.0005051668 0.0004321787 0.0004639194 0.0005626356 0.0006008781 0.0007282004 0.0009432753 0.0007080785 0.0008295989 0.0008496332 0.0007737628 0.0006112795 0.0006090886 0.0004953156 0.0005544802 0.001432455 0.001771748 0.002816166 0.001938289 0.002035166 0.002640484 0.004104289 0.006023487 0.008021642 0.01055921 0.0142256 0.01843848 0.0337614 0.03914518 0.04583212 0.05356803 0.07734312 0.07617461 0.1101495 0.1155454 0.08433335 0.04699999 0.07366667 0.101375 0.07745834
0.007753658 0.001250516 0.0008794006 0.0003682011 0.0004206869 0.0006310863 0.0005099168 0.0004398282 0.0004749083 0.000488906 0.0004820243 0.0003173806 0.0003106123 0.0002834183 0.0002338593 0.0001577881 0.0001160127 9.959151e-005 0.0001078206 0.0001724899 0.0001852004 0.0002245621 0.0002932459 0.0001699971 0.003957392 0.0002089437 0.0001959652 0.0003176916 0.0002959855 0.0003291007 0.0002859356 0.0008449268 0.0008496596 0.000994335 0.00179376 0.002935492 0.003600692 0.005995137 0.01100039 0.01199903 0.01660669 0.02095202 0.02355047 0.05869547 0.05341967 0.04428119 0.04607701 0.08675 0.1272083 0.166 0.1574583 0.07624999 0.078125 0.09291667 0.09395833 0.08000001
0.0006607477 0.002475172 0.001987063 0.0004587811 0.0002175936 0.0002408501 0.000279968 0.0002126634 0.0002240325 0.000225087 0.0002158394 0.0001375667 0.0001882637 0.0001171117 9.697011e-005 9.33388e-005 4.86973e-005 0.0004449058 4.703148e-005 0.0007977847 0.0005380213 0.0001026906 0.0001343511 0.0001788259 0.0001421434 0.0001021202 0.0001053329 0.0001895736 0.000196386 0.0003652469 0.0002290534 0.0007236293 0.0008723337 0.002295182 0.002795788 0.004060929 0.004745406 0.00821815 0.01004743 0.01369581 0.01711496 0.02017595 0.02375288 0.04162645 0.05279303 0.04053021 0.06735948 0.1033333 0.1117083 0.1309167 0.1211667 0.07741667 0.07954166 0.07749999 0.08504167 0.07866667
0.002841795 0.0002476118 0.0006260484 0.001378458 0.0001026187 0.0001363309 0.0001090773 8.564319e-005 8.504104e-005 8.041971e-005 7.093378e-005 4.099536e-005 3.442725e-005 2.908841e-005 2.440318e-005 1.676171e-005 1.281667e-005 1.201998e-005 0.0005341424 0.007535925 2.845652e-005 3.605543e-005 4.776533e-005 2.82371e-005 3.368228e-005 4.186591e-005 5.259141e-005 0.005217812 0.002761859 0.0001549631 0.0001841679 0.001513326 0.002666799 0.001989637 0.003500948 0.005904663 0.007292425 0.006888291 0.009068605 0.01975191 0.09351039 0.02045491 0.02403165 0.0420028 0.04516801 0.05158443 0.07516704 0.05120833 0.09054165 0.122625 0.1263333 0.108 0.07820833 0.06575 0.08491666 0.08779167
