contrib/geomasonDemos/riftland/riftlandData/RainData/58.txt
ncols         56
nrows         54
xllcorner     28.264
yllcorner     -5.7719999999999
cellsize      0.25
NODATA_value  -9999
[rows 27 to 53 of 54, columns 0 to 55 of 56]
0.2257004 0.1351909 0.1509796 0.1645354 0.2101494 0.164882 0.1662705 0.1824374 0.1676061 0.180665 0.1697445 0.1890623 0.1877255 0.1788205 0.2012468 0.1900013 0.1906383 0.1757261 0.2242108 0.2284567 0.2362665 0.2412578 0.2299986 0.2229054 0.2050665 0.2502019 0.2122329 0.1855804 0.1574402 0.1838918 0.1590115 0.1846569 0.1713782 0.1935528 0.2274517 0.276119 0.2978934 0.2812133 0.2915109 0.2527465 0.2653757 0.2418852 0.2192907 0.1115942 0.1126213 0.07773927 0.05852196 0.05083886 0.06725 0.08830296 0.1180411 0.1578252 0.1356516 0.08247522 0.07398678 0.1027697
0.2217525 0.2009864 0.1909184 0.1789468 0.1979239 0.1546265 0.1309248 0.1640657 0.1526674 0.1463614 0.1390278 0.1529684 0.1332329 0.1544894 0.1386392 0.1493241 0.1622964 0.1846933 0.1836803 0.1733928 0.200216 0.2748224 0.2440424 0.2606005 0.2433197 0.2574524 0.2217649 0.1706347 0.1612738 0.1704022 0.1676038 0.1906549 0.187151 0.2056708 0.2431151 0.3058266 0.3614602 0.3484558 0.3415129 0.2961217 0.3294158 0.3493012 0.3697396 0.2191711 0.1551278 0.08839961 0.08345614 0.08486849 0.06402791 0.11131 0.08263404 0.1307064 0.1079629 0.09527381 0.06490086 0.06950407
0.2107928 0.2434325 0.1997527 0.1883337 0.1687103 0.1409609 0.1306731 0.1375996 0.1467528 0.1586294 0.1369403 0.1417812 0.13025 0.1405963 0.1433882 0.1358935 0.1302862 0.1466925 0.1317202 0.1320178 0.1440071 0.1541249 0.2582634 0.2967257 0.2701219 0.3159582 0.2794065 0.2030662 0.1760022 0.16987 0.1595955 0.2000117 0.2074018 0.2182576 0.2634935 0.3443797 0.4273006 0.4004447 0.3768629 0.3087094 0.2911943 0.3672282 0.3590401 0.1726515 0.1238079 0.09115048 0.08955926 0.07884844 0.07090054 0.07560078 0.06560483 0.08039603 0.1074422 0.09810084 0.06907195 0.0746937
0.2667312 0.2394294 0.2111761 0.1676765 0.1385051 0.1265503 0.1163954 0.141258 0.1540428 0.1735593 0.1410881 0.1418957 0.1395303 0.1299236 0.1241926 0.1026865 0.09029617 0.1214252 0.1295636 0.118458 0.1304147 0.1544957 0.1412479 0.1990976 0.2830124 0.3046006 0.242263 0.2148492 0.1959924 0.1445872 0.1478927 0.200394 0.2015918 0.2383552 0.2671959 0.3328533 0.409168 0.3978734 0.3217668 0.2581131 0.2670817 0.3123709 0.2668899 0.1711408 0.1609165 0.1079527 0.07676008 0.05846043 0.06771824 0.07835288 0.07310247 0.1039016 0.1144771 0.08351634 0.05636827 0.0784756
0.2752756 0.2676374 0.2405134 0.1664535 0.1139843 0.1073029 0.1177235 0.1853349 0.1801127 0.1785299 0.1557074 0.1753236 0.1778511 0.1556438 0.1636022 0.1240573 0.1457229 0.2090279 0.1829422 0.1565627 0.1266958 0.1355239 0.1343552 0.1490035 0.1998721 0.2812043 0.2122956 0.2010984 0.1941333 0.1569347 0.1479034 0.1903467 0.1937977 0.2160766 0.2381969 0.3366801 0.4340176 0.3620512 0.3054186 0.2599014 0.2212582 0.2390718 0.2032926 0.131317 0.08965126 0.06297663 0.06479226 0.09806731 0.1171461 0.1011427 0.1002944 0.08619717 0.1124729 0.0965086 0.05440355 0.05919424
0.3068551 0.2609023 0.1384621 0.1216855 0.09491778 0.08942804 0.1199635 0.196952 0.1934175 0.1628847 0.1730375 0.194065 0.2021178 0.1736631 0.1346577 0.123098 0.1684585 0.1983822 0.1908422 0.1640607 0.1224617 0.1224616 0.1122144 0.1399746 0.1641738 0.1969475 0.2064872 0.2089505 0.203266 0.1566305 0.1529142 0.1895811 0.2023112 0.2210737 0.2330781 0.2677863 0.2841098 0.2591282 0.2501322 0.2145024 0.2016321 0.1792427 0.1676091 0.1057265 0.1133128 0.07705241 0.07549787 0.1237933 0.161423 0.1798131 0.1306435 0.1432551 0.05518048 0.04165167 0.04169063 0.02507242
0.3118006 0.1845426 0.09071735 0.1109884 0.09923343 0.1107988 0.1473959 0.2049486 0.1776815 0.1614614 0.1576763 0.1860175 0.1853696 0.212803 0.1473627 0.1705584 0.1988686 0.2232531 0.1660724 0.1440811 0.1283943 0.1252156 0.1310254 0.1566664 0.1645581 0.2266228 0.2449079 0.1921047 0.1630879 0.1538763 0.1463511 0.1624655 0.1746181 0.2085511 0.2251629 0.2230227 0.2490736 0.2327283 0.2189095 0.1834801 0.2059884 0.1680625 0.1548969 0.09414279 0.1002503 0.07475723 0.09789275 0.1206424 0.1371341 0.1533848 0.1165624 0.08121996 0.03927671 0.06181788 0.03922636 0.01679518
0.2645451 0.2055274 0.1565297 0.1314854 0.1281565 0.1310895 0.1382471 0.1686757 0.1628747 0.1414048 0.1326781 0.1765989 0.1734594 0.1535697 0.1465462 0.2225958 0.2221305 0.2248798 0.1854929 0.1450936 0.1324359 0.1376063 0.1495309 0.1695256 0.2069616 0.2480007 0.2088352 0.1758547 0.1478399 0.1392679 0.1568524 0.1427398 0.1528971 0.153421 0.1644675 0.1825696 0.187811 0.178655 0.1816097 0.152888 0.1717304 0.1534458 0.1251007 0.08455377 0.07580465 0.08934844 0.08487321 0.08330059 0.08874311 0.1226331 0.124392 0.08926424 0.07100924 0.03805194 0.02254362 0.003744465
0.2675157 0.2055958 0.1656393 0.1796308 0.1723834 0.1523916 0.1226111 0.1733881 0.1501465 0.1450303 0.1366119 0.1624947 0.1628207 0.1613222 0.1551082 0.223758 0.3062167 0.2929763 0.1991128 0.1260187 0.1310581 0.1252489 0.1170456 0.1924317 0.2754401 0.2427139 0.233328 0.1560472 0.1141835 0.1079701 0.1151864 0.1119081 0.08876561 0.09272382 0.1075736 0.1233253 0.1237744 0.1280375 0.1154703 0.1196889 0.1179621 0.1107225 0.1071185 0.09843644 0.09089022 0.1081316 0.1152011 0.0929722 0.08034002 0.1237831 0.1163674 0.1028514 0.09970489 0.05040241 0.03290365 0.0009120209
0.2740582 0.2258271 0.1452972 0.1408055 0.1406208 0.1030898 0.09361626 0.1383314 0.1273358 0.1312696 0.1515534 0.1636658 0.1607779 0.1462607 0.1435644 0.2272936 0.3006705 0.2186461 0.1758805 0.1337463 0.1232447 0.1532762 0.1268932 0.2130084 0.2306063 0.2324636 0.1723762 0.1427154 0.1037702 0.08185388 0.07975947 0.07402852 0.08063352 0.07886423 0.07798147 0.08445293 0.09555051 0.08975659 0.08961521 0.09794166 0.1135763 0.1070069 0.1165368 0.08658096 0.08408896 0.09212506 0.09503849 0.1210057 0.1107362 0.1313598 0.1374726 0.1136278 0.0726452 0.03953825 0.0341831 0.001774596
0.3611633 0.1996952 0.1001692 0.09382822 0.06908852 0.0769877 0.07902547 0.1117587 0.128095 0.117065 0.1375199 0.1670521 0.1697105 0.1437123 0.1437068 0.2211686 0.2487473 0.2031141 0.1830627 0.1442998 0.1421024 0.1458899 0.1584724 0.1947203 0.2112455 0.2107215 0.168759 0.1250877 0.1083451 0.08397036 0.08609436 0.06684598 0.07842483 0.07735958 0.07105821 0.07122272 0.07213202 0.08084461 0.08364602 0.09031037 0.07998007 0.08554865 0.08909234 0.08021203 0.09903809 0.09643075 0.1108768 0.1332869 0.1672917 0.1464041 0.1284231 0.1033809 0.05821565 0.04276396 0.03724007 0.006290323
0.3034035 0.2054264 0.09969205 0.07100376 0.06377358 0.07125638 0.06308924 0.1096875 0.1140528 0.1258391 0.1375147 0.1561198 0.1686388 0.1401318 0.1928348 0.2527397 0.195361 0.1518705 0.1770061 0.1454379 0.1435056 0.1419113 0.1460327 0.1523908 0.1574245 0.1597049 0.1487124 0.1111504 0.09667758 0.0970539 0.08887927 0.08006108 0.0845743 0.08197086 0.07880655 0.08098578 0.07796197 0.0759189 0.08002167 0.08698337 0.08492041 0.09280193 0.1273108 0.1269169 0.1278443 0.1258847 0.1252903 0.1597995 0.1594075 0.1404445 0.09726522 0.07163659 0.05210067 0.04655375 0.03713064 0.00282258
0.2827153 0.174711 0.09065427 0.07457735 0.08619101 0.04925748 0.04157919 0.08906394 0.102364 0.1123459 0.1234765 0.1367809 0.1325261 0.1349873 0.2197836 0.2240752 0.179191 0.1479622 0.1420467 0.1271803 0.1080174 0.1116766 0.1444443 0.1450491 0.1085115 0.1066881 0.1093712 0.108449 0.08077337 0.09788324 0.08439324 0.1098813 0.1048947 0.1034571 0.1004907 0.09602375 0.09491576 0.08685945 0.08918207 0.09984052 0.09322458 0.1027687 0.1109938 0.1325784 0.1332882 0.125855 0.1749252 0.1948916 0.1576066 0.1324824 0.1001546 0.07085786 0.06520705 0.053474 0.05285864 0.007701612
0.2660381 0.1595252 0.07471322 0.08551688 0.06569961 0.04062122 0.02522806 0.07074622 0.09010871 0.1147002 0.106851 0.1295661 0.1257081 0.1248935 0.1624544 0.125404 0.1214051 0.129821 0.0909101 0.07995395 0.08647614 0.1167458 0.1331409 0.1054858 0.108423 0.09337591 0.1260861 0.1075044 0.08481459 0.0838092 0.08991793 0.1130712 0.122907 0.1225172 0.1142623 0.102199 0.1087192 0.08903126 0.08537762 0.08854561 0.09601653 0.1103705 0.1330776 0.1483634 0.167376 0.1744303 0.2633801 0.2721719 0.2068949 0.1342527 0.1039856 0.09309515 0.05849465 0.05620512 0.06049545 0.02241935
0.2503835 0.1369443 0.08124508 0.06623785 0.06331601 0.0578763 0.05521766 0.06901832 0.08600094 0.1096514 0.1041282 0.131371 0.1660342 0.1124171 0.1360583 0.1242629 0.1878289 0.1088733 0.09074434 0.0880901 0.1046194 0.1132646 0.08474388 0.09736033 0.09430538 0.0861171 0.107866 0.1090494 0.0971303 0.09187768 0.1027615 0.1392907 0.1373698 0.140593 0.1381759 0.1146753 0.1004373 0.08903378 0.08723781 0.1139925 0.1193352 0.1617782 0.232332 0.2144548 0.2589537 0.2743956 0.2647943 0.2474584 0.2112316 0.1433364 0.1522874 0.07554182 0.07898549 0.06899124 0.06957076 0.03778226
0.1769541 0.1128032 0.06412139 0.07431346 0.07600749 0.0551153 0.04893502 0.06862839 0.08163685 0.08307374 0.1007616 0.1435159 0.1421374 0.1423008 0.1452069 0.1188812 0.1150678 0.1084187 0.07823738 0.1010449 0.1125579 0.0896817 0.08128917 0.1251525 0.1153373 0.1056347 0.07968085 0.1054728 0.1195643 0.1500159 0.1408102 0.1502484 0.1593091 0.1601792 0.1654912 0.1584231 0.1751067 0.1116921 0.1102426 0.1029453 0.1276302 0.1718065 0.2676081 0.2569778 0.3038589 0.315609 0.3469793 0.3667196 0.1981074 0.1398433 0.1830592 0.09158434 0.1053569 0.09990995 0.08280206 0.04439516
0.1598716 0.1076733 0.0752787 0.05641715 0.05751023 0.07834708 0.04400722 0.06359444 0.06106674 0.07341312 0.08064264 0.08211154 0.09974544 0.1028 0.1224005 0.1299804 0.1134576 0.08896787 0.09905808 0.1026106 0.1158092 0.1313124 0.09966414 0.1870912 0.1778779 0.111394 0.03832047 0.05770116 0.08812504 0.1789476 0.1289928 0.1281503 0.1387933 0.146606 0.1520537 0.1893684 0.3756956 0.1579222 0.1479876 0.129422 0.141736 0.1778231 0.2500333 0.2578634 0.2866123 0.3248651 0.3057889 0.1993834 0.1619884 0.1980657 0.1354125 0.04254032 0.04487903 0.05995968 0.03798387 0.02975806
0.1306303 0.1234473 0.08234243 0.04525786 0.05631515 0.06125086 0.04422932 0.05713217 0.04961628 0.05277682 0.05839454 0.06674779 0.07623144 0.07621227 0.09434184 0.1161555 0.09096362 0.0769922 0.09032358 0.1037803 0.1149291 0.112923 0.07109167 0.1904773 0.1060788 0.08950531 0.03861167 0.0415968 0.08147807 0.1644573 0.1499768 0.1643932 0.1781518 0.1735923 0.167979 0.1641856 0.177419 0.1685462 0.1800847 0.1602949 0.1615589 0.1822735 0.2193231 0.2644387 0.2891097 0.3375039 0.3053224 0.1640148 0.1646983 0.1484021 0.1505759 0.04725806 0.03306451 0.04516128 0.03209677 0.03044355
0.1364218 0.0836864 0.0556719 0.04419507 0.03695115 0.05238929 0.05493772 0.04339432 0.04675888 0.04836638 0.05126736 0.05418884 0.09286655 0.08423781 0.09580705 0.08754034 0.09052997 0.1123159 0.09764522 0.09937429 0.1681899 0.1830427 0.1012469 0.1897273 0.09214419 0.03905011 0.03003839 0.05642499 0.0953363 0.09593257 0.1220754 0.1735162 0.1862549 0.1639151 0.1606292 0.2064325 0.2000816 0.2134744 0.18474 0.1874542 0.1844741 0.2099418 0.2313228 0.2408611 0.2400604 0.2896294 0.2758879 0.1834976 0.224164 0.1653314 0.151017 0.04012097 0.02991935 0.04447581 0.04423387 0.0283871
0.09165546 0.05876518 0.04185123 0.02799602 0.03042238 0.05409816 0.05192492 0.04738057 0.05919887 0.0609175 0.04106639 0.05595861 0.08122035 0.1060677 0.08787411 0.08034357 0.08774882 0.1057769 0.1107251 0.08070623 0.1162062 0.1202647 0.1003297 0.1290782 0.08510674 0.04123443 0.05064911 0.06928769 0.08311286 0.08392315 0.1743096 0.1995552 0.2074323 0.1712503 0.1701454 0.2478659 0.2210105 0.2231185 0.218452 0.2283902 0.2240115 0.2887465 0.2543492 0.2115584 0.1971696 0.2048419 0.1786319 0.1599509 0.1414733 0.1569284 0.1402211 0.04495968 0.03576613 0.01802419 0.02879032 0.02229838
0.06543379 0.04960755 0.05326095 0.0281346 0.0250936 0.04287926 0.07583093 0.04432119 0.03620757 0.02612765 0.03118927 0.02751878 0.03290202 0.03852296 0.03260964 0.070876 0.09413125 0.09149066 0.07624504 0.09178629 0.1079424 0.104522 0.1202105 0.1491214 0.1080215 0.07155749 0.1023839 0.09650034 0.08530294 0.07624157 0.1185741 0.1319119 0.1229225 0.1404804 0.1665838 0.1937669 0.1711184 0.1658649 0.1889476 0.2348697 0.2860419 0.3501782 0.3339668 0.2233565 0.1856317 0.1485626 0.1447805 0.01669355 0.03233871 0.02846774 0.02004032 0.03149194 0.03278226 0.01435484 0.01955645 0.01197581
0.05604443 0.04545613 0.06601908 0.03996439 0.02262131 0.03343526 0.061667 0.05456106 0.04158061 0.02815527 0.03129826 0.03105245 0.03560479 0.03263964 0.02486259 0.05429599 0.09055321 0.06769594 0.0580229 0.05191544 0.05038727 0.0495971 0.05913306 0.09768679 0.1073369 0.09800428 0.07105383 0.07938872 0.1061624 0.09619009 0.07823358 0.1273858 0.1236326 0.1428668 0.1641902 0.1874819 0.1968401 0.1567835 0.1558064 0.2071637 0.2949881 0.3449724 0.3525744 0.2601849 0.2047366 0.1899591 0.1732595 0.04177419 0.04423387 0.03084677 0.0328629 0.02758064 0.04802419 0.01544355 0.01463709 0.03173387
0.0669966 0.04772059 0.04858727 0.03073218 0.02684258 0.0294032 0.03975531 0.04490612 0.02516541 0.02282692 0.02144052 0.02731923 0.03263789 0.04279357 0.02930606 0.03986816 0.05027051 0.06333444 0.05443995 0.04445315 0.04266844 0.04928009 0.04741206 0.07419801 0.04906955 0.0304369 0.03194286 0.06438151 0.07655664 0.06350245 0.05118559 0.1032462 0.09598719 0.1047786 0.14518 0.2144484 0.1975618 0.2074582 0.181747 0.20226 0.3022484 0.3327135 0.2846495 0.2867986 0.2550554 0.2147343 0.1982996 0.05633064 0.05947581 0.05842742 0.06479838 0.03677419 0.03129032 0.01330645 0.02419355 0.0457258
0.08460225 0.04696054 0.02994189 0.03254985 0.02970599 0.02495632 0.03359585 0.05200441 0.02399062 0.02250405 0.02588693 0.02505127 0.0247129 0.02073486 0.02914472 0.04683263 0.07222663 0.09322648 0.1166649 0.06261937 0.04240559 0.06625864 0.05576455 0.07354282 0.04338847 0.0334331 0.04671906 0.05935441 0.04939383 0.06146585 0.04430304 0.07414455 0.0655434 0.07109163 0.1021134 0.1408704 0.1866639 0.1778171 0.2180431 0.2348954 0.2909573 0.3173073 0.324366 0.2853723 0.2835514 0.1917621 0.1444278 0.05266129 0.06600806 0.09354838 0.1280645 0.07616935 0.05568548 0.04524194 0.04528226 0.06637097
0.07629896 0.06529542 0.04176152 0.04595565 0.02607645 0.02002639 0.02545929 0.08524492 0.02524585 0.02373713 0.02351957 0.01757062 0.01776937 0.0208167 0.02778012 0.03932032 0.0412521 0.07337546 0.06015158 0.05177203 0.04237015 0.04052563 0.05842876 0.03954699 0.03993103 0.03566344 0.0425269 0.03594471 0.02946831 0.02280024 0.02921116 0.05753171 0.05187398 0.07853018 0.10076 0.163824 0.1634702 0.2743035 0.323536 0.2722927 0.3131297 0.3151335 0.3058737 0.2081933 0.216669 0.2418806 0.1657651 0.05 0.07629032 0.1070968 0.1175403 0.06427419 0.08245968 0.0858871 0.06987903 0.06120967
0.05946473 0.0441897 0.06420517 0.04678689 0.03537523 0.02505926 0.05037846 0.0333964 0.01952989 0.01991662 0.02081796 0.02628697 0.01815763 0.02479612 0.03119829 0.02162196 0.02664997 0.02840663 0.04229482 0.04484576 0.03988658 0.03771895 0.03642019 0.03817456 0.02710574 0.02849858 0.02720201 0.02872674 0.01672373 0.01828217 0.0239912 0.06533908 0.06859314 0.09201921 0.08269696 0.1517622 0.1952721 0.2093323 0.2840893 0.2492622 0.2790045 0.2320298 0.2076763 0.1531581 0.2230396 0.2354926 0.1535311 0.04633064 0.08318547 0.11125 0.1255242 0.06991936 0.08592742 0.1077419 0.09282258 0.08100806
0.05895606 0.04782864 0.03297289 0.03832036 0.02966863 0.03145462 0.03359078 0.04877716 0.02673816 0.02009589 0.01969015 0.02257719 0.01630385 0.02773358 0.03009088 0.03635805 0.02692019 0.02962861 0.07555453 0.05343487 0.04083866 0.0700035 0.04830258 0.03304669 0.03173488 0.02534744 0.01799586 0.01430374 0.01315988 0.01770036 0.02493497 0.06817862 0.07056397 0.0642451 0.09931608 0.1362206 0.1535682 0.197038 0.2540253 0.2475327 0.2325608 0.1837004 0.159948 0.1432472 0.1578893 0.1979035 0.1364657 0.05379032 0.1025806 0.1687097 0.1557661 0.09403226 0.1166129 0.1102419 0.07745968 0.08012097
