contrib/geomasonDemos/riftland/riftlandData/RainData/63.txt
ncols         56
nrows         54
xllcorner     28.264
yllcorner     -5.7719999999999
cellsize      0.25
NODATA_value  -9999
[rows 0 to 26 of 54, columns 0 to 55 of 56]
0.0006722187 0.001405099 0.006745325 0.01590891 0.006477802 0.007317285 0.00197078 0.002308545 0.001621015 0.0006000708 0.000602545 0.001800683 0.004810075 0.00558384 0.003522241 0.001967003 0.001074175 0.009401098 0.01299181 0.01546861 0.03936689 0.03779167 0.03508141 0.03628108 0.04501614 0.0765876 0.05054354 0.08239143 0.1153574 0.1248728 0.09681896 0.07912746 0.1108689 0.1065752 0.1009632 0.09170584 0.09750777 0.1080201 0.1196565 0.114313 0.057433 0.05342958 0.02626429 0.03549349 0.04417868 0.01124309 0.002495947 0.004334583 0.000545862 0.0004473335 0.0004262257 0.000674169 0.0006458335 0.000632506 0.0006414912 0.0006906405
0.03494533 0.03407725 0.02553058 0.02109427 0.007720751 0.004998869 0.003234757 0.001464897 0.001790675 0.001262321 0.0007643485 0.0007570519 0.003336804 0.002071775 0.003483441 0.006446844 0.008333055 0.01875921 0.02180194 0.02955186 0.04495412 0.03637813 0.02635248 0.03097047 0.04515228 0.07469098 0.09278798 0.09868035 0.1203679 0.1091086 0.08259334 0.05834509 0.08307064 0.08381049 0.1132225 0.09110878 0.07214368 0.06425891 0.06675157 0.06683467 0.04655486 0.04665001 0.03638965 0.0555762 0.03793969 0.006439976 0.004721791 0.006265549 0.007737924 0.00318423 0.0004090778 0.0006393154 0.00059905 0.0005814278 0.0005914539 0.0006336664
0.139698 0.04290507 0.006073207 0.008606272 0.003142286 0.00767075 0.001502966 0.001805842 0.001613861 0.003655173 0.005221443 0.01304797 0.003866633 0.005049555 0.006123003 0.009633977 0.02739131 0.02223305 0.02206194 0.0403511 0.04504982 0.04869786 0.03217451 0.03143939 0.0456477 0.07638348 0.1347029 0.1441988 0.09211247 0.09359442 0.06638458 0.05753562 0.08688463 0.0939746 0.1032977 0.07678317 0.05866226 0.06233554 0.0554264 0.03522607 0.02439478 0.02653341 0.04003221 0.03429184 0.04665337 0.01410036 0.01973759 0.009088431 0.004919521 0.0003870798 0.0003596187 0.0005564326 0.0005177861 0.0004980813 0.0005062782 0.000543372
0.02520205 0.01930018 0.007771348 0.003377948 0.006270999 0.004988478 0.00216763 0.003644359 0.01123266 0.009669315 0.009492443 0.01692058 0.01088385 0.01163831 0.01834361 0.02021895 0.03490415 0.03473813 0.0239302 0.02987917 0.04796464 0.08114804 0.04459215 0.0334661 0.05717092 0.09262341 0.1349129 0.1312759 0.09872946 0.09802664 0.06444375 0.07862637 0.1048582 0.1173307 0.1037832 0.08337824 0.0655904 0.07045492 0.03966916 0.01876933 0.0390978 0.04101425 0.03074944 0.02118804 0.03164426 0.03926002 0.1349391 0.006521064 0.001097465 0.0005791887 0.0005338758 0.0006468353 0.0005886096 0.0005591747 0.0005714654 0.0006489197
0.004415006 0.006722563 0.002290682 0.001754441 0.0009917647 0.001216061 0.002084936 0.005648684 0.01010878 0.006886295 0.001400835 0.004405476 0.01620132 0.01069311 0.01376793 0.02358269 0.04431803 0.03397467 0.01716085 0.04520833 0.09416299 0.115158 0.1028581 0.1096763 0.134061 0.1141676 0.0878333 0.1058191 0.07572754 0.1034209 0.106451 0.1028384 0.1252764 0.108944 0.09734821 0.07432799 0.08113202 0.06845513 0.0344946 0.01873741 0.04139047 0.05836302 0.035813 0.02039814 0.02976999 0.02402932 0.009049453 0.003291539 0.0008403937 0.0006243613 0.0004462779 0.0005274867 0.000467552 0.0004408139 0.0004499853 0.000514025
0.0180282 0.006994751 0.003246075 0.002797645 0.003028343 0.00238849 0.004248261 0.007696245 0.006550176 0.008924101 0.006670634 0.007967908 0.01554028 0.02384379 0.02440308 0.03466206 0.03492219 0.04516835 0.06722863 0.09357338 0.1758187 0.1414059 0.1578359 0.1796044 0.120807 0.0966847 0.1209696 0.09669518 0.1022895 0.1341034 0.1968821 0.1129986 0.1159849 0.112358 0.08193236 0.05250165 0.06055208 0.05224678 0.04929574 0.03031308 0.07092093 0.03368282 0.01396386 0.02098851 0.02013954 0.01438626 0.008642415 0.0008030602 0.001802036 0.0004131454 0.0003702229 0.0004308595 0.0003718497 0.0008381424 0.001480264 0.002181679
0.01131654 0.006428989 0.00687849 0.006891702 0.007713923 0.010326 0.007415787 0.007859169 0.01495704 0.01796904 0.01863397 0.01893256 0.03113458 0.03657358 0.03578066 0.03799538 0.04274941 0.04483499 0.07682466 0.09258588 0.1507124 0.1678602 0.2013432 0.1889401 0.1428227 0.1281374 0.136761 0.08227044 0.1476366 0.1538059 0.1317481 0.09807299 0.07194661 0.1151962 0.1014297 0.06931344 0.05161166 0.03512285 0.02900398 0.0314371 0.06176873 0.02620573 0.008630629 0.01053268 0.01263136 0.006478155 0.001111402 0.0007810452 0.0004580339 0.00264412 0.001891719 0.0003548372 0.001250018 0.002105449 0.002843667 0.003443774
0.01225532 0.01458396 0.02242716 0.01491505 0.00990412 0.01458544 0.01373309 0.02886922 0.04435529 0.04484788 0.0392107 0.03551509 0.03166005 0.0260248 0.02918161 0.02846691 0.03110015 0.04189641 0.04966657 0.06281762 0.09055537 0.1293384 0.1172458 0.1027603 0.1391269 0.1002633 0.04557529 0.03462576 0.0910015 0.1421875 0.1391444 0.04659911 0.05572424 0.1345601 0.1332116 0.06371202 0.04595228 0.01519231 0.03266742 0.01950183 0.02145222 0.009841713 0.007080039 0.002462318 0.0008717873 0.000731356 0.0006050042 0.0003156101 0.0002197689 0.0001627272 0.0001469872 0.0008467248 0.001865793 0.002781421 0.004296607 0.004013678
0.03004077 0.01557345 0.01068895 0.02025089 0.02756559 0.0296348 0.031495 0.04428844 0.04246319 0.04190715 0.04137143 0.03812112 0.02725851 0.03000356 0.03426314 0.03325485 0.04603305 0.03289945 0.03719206 0.05690933 0.07042293 0.05994394 0.09103207 0.07396833 0.1071303 0.07705268 0.04520984 0.04084319 0.03001445 0.04593538 0.05638954 0.04683664 0.06047734 0.07536864 0.07619955 0.05787076 0.049958 0.02230032 0.02893901 0.0121574 0.01624078 0.009005355 0.006227661 0.002156995 0.0006178407 0.0004981685 0.000413263 0.0002147695 0.000151274 0.0001129602 0.0001021127 0.0009737248 0.001941415 0.00277117 0.009242579 0.003770938
0.02592702 0.02116712 0.02949359 0.04775866 0.06835567 0.04261886 0.03706107 0.05389466 0.04626294 0.04123902 0.04047056 0.04077692 0.02530318 0.02109516 0.02823264 0.03935184 0.05371669 0.04042111 0.02945117 0.01642221 0.0399404 0.04867683 0.07921439 0.07541795 0.04832392 0.03360091 0.01054104 0.01065023 0.0208222 0.05083229 0.07086674 0.03177728 0.02385034 0.02548656 0.01653903 0.01385178 0.01923921 0.02279912 0.01353713 0.007667531 0.01019275 0.003314432 0.008297208 0.002147999 0.001312616 0.003481996 0.0002941153 0.0001539092 0.0001123136 8.680286e-005 0.0001648483 0.001233112 0.002100019 0.00395972 0.004900204 0.003467946
0.03025547 0.01730068 0.02871545 0.0395251 0.04202196 0.02833773 0.03550023 0.03872878 0.03727201 0.05191841 0.04056906 0.03615031 0.03244922 0.02847677 0.03100825 0.03672995 0.03074607 0.03017075 0.02771208 0.009923754 0.01924421 0.009834688 0.01745579 0.02514066 0.02163867 0.01757869 0.01879661 0.01302768 0.02598087 0.06748512 0.07668092 0.02500803 0.01695953 0.008501627 0.01014392 0.00956545 0.01381908 0.01576916 0.009275017 0.009708971 0.008502082 0.002496114 0.002940966 0.0004764702 0.003239178 0.006784393 0.0002620369 0.0001407012 0.0001072889 0.005871102 0.0003583865 0.001226115 0.001786787 0.002325871 0.007944667 0.003123621
0.0501469 0.041838 0.03358002 0.02691519 0.03197229 0.03509815 0.03885395 0.04463394 0.04167669 0.03544248 0.05036844 0.03726848 0.0407631 0.0397686 0.03151387 0.03992745 0.02387142 0.02373356 0.01992227 0.004325591 0.01320996 0.01081965 0.01199116 0.02559031 0.02632185 0.02162903 0.01893909 0.01956089 0.01533958 0.01485596 0.01336638 0.01908972 0.01602483 0.01173258 0.01249223 0.01412163 0.01892366 0.01434725 0.009011129 0.009643298 0.005027212 0.004196901 0.004486623 0.004980028 0.004666521 0.004010017 0.002038868 0.002599211 0.002071669 0.001718798 0.001677795 0.001667658 0.001923248 0.002199444 0.002430499 0.002653985
0.04352029 0.04048565 0.03536997 0.02410666 0.03654143 0.051558 0.04865967 0.04464711 0.04384407 0.0291261 0.03121886 0.03672573 0.03594311 0.04547364 0.05613051 0.07022361 0.02871189 0.02299351 0.01862257 0.003337748 0.008390196 0.01442517 0.02019 0.014872 0.0136627 0.01640078 0.01167601 0.006774396 0.009797222 0.010393 0.009559246 0.01158185 0.01235254 0.01110768 0.01238011 0.01610305 0.02681707 0.01779704 0.003837088 0.004837755 0.003440426 0.003341654 0.002298834 0.003162353 0.003772415 0.00801594 0.008920487 0.002306475 0.001955901 0.00169708 0.001630444 0.001638222 0.001904349 0.00216829 0.002361641 0.002542391
0.04733004 0.03284764 0.04643177 0.06268578 0.07785439 0.05447173 0.04634783 0.04612208 0.03834123 0.02924726 0.03021045 0.02552373 0.0383017 0.05057569 0.05783261 0.05545116 0.03052603 0.03420514 0.02776941 0.01282216 0.01241919 0.011189 0.01621029 0.01312533 0.01289702 0.03255186 0.01511334 0.003536689 0.002664937 0.003430765 0.003581414 0.003858323 0.007440302 0.007608588 0.008635786 0.01560362 0.01550916 0.02088871 0.02217207 0.00660446 0.01043032 0.004049223 0.001691992 0.001931884 0.00186393 0.005163726 0.001566465 0.0021363 0.001877412 0.001664489 0.003774256 0.001489893 0.001783701 0.001995648 0.002088027 0.002232628
0.1779337 0.05306792 0.05005916 0.04182611 0.04306236 0.04163191 0.03259979 0.05482196 0.04578923 0.0356127 0.02918041 0.03057141 0.03627715 0.05516661 0.05931912 0.03980063 0.03036823 0.03654822 0.02513402 0.01038503 0.009856095 0.00887438 0.008382056 0.01366111 0.01347436 0.03055333 0.005233023 0.002197812 0.005465823 0.002719368 0.001628363 0.001892409 0.004372659 0.0034382 0.006139342 0.01279534 0.008441185 0.01416935 0.01251125 0.0185223 0.01310329 0.004316344 0.001596898 0.002492262 0.001811829 0.001707779 0.02262628 0.002086748 0.001825793 0.001611984 0.001441186 0.002077902 0.00156264 0.001732152 0.001749369 0.001789077
0.2600745 0.1081425 0.05383229 0.02321574 0.0210079 0.02103517 0.1015883 0.1502901 0.1126598 0.05454399 0.02687215 0.02702596 0.03083299 0.03213553 0.03682206 0.03395303 0.03589141 0.02943583 0.03385393 0.01501462 0.01512485 0.01608945 0.01199371 0.007493392 0.009186026 0.006412953 0.0009512428 1.462931e-005 0.004699155 0.004838025 0.0006776294 0.0004034158 0.0004623081 0.0005138303 0.0005573299 0.004244659 0.002790561 0.006355701 0.00146312 0.003776325 0.00340425 0.003926947 0.01009221 0.02305971 0.00221793 0.002114023 0.001938462 0.00256048 0.001877278 0.001650436 0.001475324 0.004066681 0.001429117 0.002115065 0.001566966 0.001446375
0.07184939 0.1225715 0.1091718 0.07210791 0.1678392 0.0681949 0.06168641 0.06468523 0.06522747 0.05410289 0.02402675 0.02724695 0.03368766 0.03647809 0.03205841 0.02908211 0.02971883 0.02662004 0.02324243 0.01852426 0.02230532 0.01937716 0.01091285 0.01427552 0.008220457 0.003221472 0.001199338 7.944008e-006 4.204955e-006 2.720401e-006 3.518935e-006 0.0001633048 0.0001932121 0.0002369471 0.0002949213 0.0007156161 0.0008343927 0.0009716027 0.001130305 0.002465812 0.002768434 0.004615412 0.006313479 0.01130575 0.002181748 0.002137915 0.001851807 0.002096691 0.001817149 0.001592348 0.003061057 0.001023339 0.001285055 0.003450444 0.001813682 0.001119535
0.219974 0.1701085 0.1087645 0.1455115 0.200598 0.07300307 0.07305027 0.06120182 0.04663238 0.06220579 0.05695815 0.03786196 0.040225 0.04348014 0.03210259 0.03474056 0.03090757 0.02739247 0.03406643 0.03036966 0.02406166 0.02143413 0.01480637 0.008725376 0.009375983 0.007641295 0.005879156 0.0001513868 3.694467e-006 2.128175e-006 2.151388e-006 9.685617e-005 8.370216e-005 0.0001104847 0.0001630473 0.0004418232 0.0005472567 0.0007131884 0.0008811784 0.002043201 0.002414555 0.002759178 0.002812045 0.02206039 0.002204588 0.00191029 0.00171024 0.001931267 0.001665642 0.002820349 0.001309843 0.0007655394 0.0007667014 0.0008347171 0.000707722 0.0007806607
0.1575013 0.1437663 0.09736565 0.1646768 0.16748 0.1037489 0.191613 0.07887644 0.09032409 0.07349812 0.07940805 0.04410218 0.05176029 0.04912604 0.04196824 0.03194846 0.03216603 0.03087497 0.02918062 0.03475735 0.02216885 0.01900434 0.01087382 0.007966171 0.008364654 0.005281062 0.003353952 1.138409e-005 7.939985e-006 5.831414e-006 5.044309e-006 0.000162484 0.0001340644 0.0001344532 0.0001634501 0.000393985 0.0004519261 0.000564337 0.000727997 0.001703828 0.002016481 0.002199043 0.00226055 0.001663361 0.03258207 0.009608632 0.001534939 0.001652063 0.001423356 0.001249687 0.001195018 0.001677805 0.0005917006 0.000548741 0.000543382 0.0005645094
0.2043819 0.1886569 0.1087578 0.1046043 0.1394058 0.2751229 0.2475821 0.1079878 0.09592608 0.11351 0.1305804 0.06486259 0.07737782 0.05840048 0.08896708 0.07970439 0.02067971 0.02404027 0.05078477 0.0265245 0.0127485 0.01233307 0.01332537 0.02434249 0.01837806 0.006132711 0.003644404 0.003969066 0.001414838 0.001109851 0.0009322602 0.0006404801 0.0004892963 0.0004198399 0.0004330598 0.0002249048 0.002926163 0.003432636 0.003825018 0.00119577 0.001429683 0.001572031 0.001629332 0.003023669 0.00551353 0.001801133 0.001605273 0.001430598 0.001222797 0.001073281 0.0009888844 0.0008067825 0.0007280803 0.0006926669 0.0007034725 0.0005533552
0.2486288 0.1855991 0.193215 0.1021211 0.1368863 0.2544588 0.2048507 0.1413627 0.0986494 0.102656 0.1129181 0.04244706 0.04734765 0.05261876 0.06562436 0.08303515 0.04807897 0.03340152 0.03670011 0.02554145 0.01417199 0.003588315 0.02527554 0.02752572 0.02501317 0.01218268 0.003748518 0.003071025 0.003088474 0.002819875 0.001264535 0.0008494483 0.0006221307 0.0004829633 0.0004341223 0.0001946563 0.002817015 0.005856771 0.006073663 0.0008959909 0.001090415 0.001211328 0.001270964 0.007723487 0.001490434 0.007642257 0.001278632 0.008484487 0.009241757 0.0008541199 0.0008027308 0.001600048 0.0006218799 0.0006122638 0.003439893 0.0005160027
0.32327 0.1996739 0.1618343 0.08907973 0.1862564 0.1881254 0.1558512 0.08151946 0.1074274 0.08785618 0.07654552 0.04338996 0.03636299 0.03080863 0.05395401 0.09355044 0.08700325 0.08677858 0.06064108 0.07451708 0.02176197 0.02309633 0.01754496 0.03337909 0.0256876 0.01322412 0.005967879 0.003534507 0.00741446 0.004724425 0.003384799 0.001313123 0.001023608 0.0008395308 0.0006683126 0.0002664738 0.000195121 0.003563566 0.00383497 0.001113003 0.0009013525 0.000988297 0.00102624 0.007181992 0.009381317 0.01473605 0.003283117 0.02295239 0.00780673 0.007509965 0.007957928 0.0005446949 0.0005190022 0.0005251382 0.0005622321 0.0004652176
0.29082 0.2381112 0.09717502 0.08117041 0.09819769 0.1640823 0.1650025 0.1754175 0.05481415 0.04963546 0.05565388 0.03987659 0.03597215 0.03904973 0.04493256 0.04987546 0.08018343 0.09930904 0.06251775 0.06432635 0.05816942 0.03918611 0.0295081 0.04183805 0.06574474 0.0242808 0.004848182 0.005402332 0.01858959 0.005785491 0.002862511 0.002037799 0.001691346 0.001392995 0.00113466 0.0004407217 0.0003089784 0.0002557782 0.0002832283 0.0008004049 0.0008981992 0.0009038544 0.0009145769 0.01039802 0.01540166 0.0009183887 0.003460172 0.005986152 0.007968239 0.01424941 0.01503784 0.007992902 0.005405371 0.0004304468 0.0004757527 0.0004023932
0.1734199 0.1192153 0.08226302 0.1233478 0.07055202 0.1167261 0.1275114 0.1155938 0.05594417 0.04008576 0.03922582 0.02239957 0.03124146 0.02320153 0.02524092 0.05728872 0.06702542 0.1041492 0.07726105 0.06972676 0.08548363 0.05780961 0.03267258 0.04881875 0.0685086 0.04695869 0.01521782 0.01108192 0.01593743 0.00707862 0.00582541 0.005551305 0.004888041 0.003997759 0.003509125 0.003107252 0.0009158619 0.0006947214 0.0006966045 0.0007753624 0.000774693 0.0007533053 0.0007101546 0.01438235 0.0146303 0.002531483 0.006312488 0.01126439 0.01531708 0.01008111 0.01175196 0.009887104 0.000179194 0.0001958418 0.0002261756 4.774886e-005
0.2004781 0.1703008 0.07794289 0.08614716 0.0355609 0.0236851 0.04400507 0.04123234 0.04696528 0.05697008 0.005536397 0.007367248 0.02093579 0.0316095 0.04032464 0.03717791 0.04268561 0.04578198 0.03228119 0.06482354 0.08171162 0.07454152 0.05925957 0.04257443 0.06311949 0.04579792 0.03083702 0.01146598 0.01340859 0.01406712 0.00914242 0.00800526 0.007135261 0.00549258 0.004860161 0.003352591 0.001165642 0.000840675 0.0007842586 0.0008077855 0.0007423862 0.0006722557 0.0005886587 0.01073325 0.007624421 0.00110767 0.0001616764 0.01150627 0.009054245 2.868817e-005 3.342467e-005 0.0001052436 0.000117103 0.000141006 0.0001756326 3.904563e-005
0.2050615 0.1945781 0.09858173 0.1057364 0.08279239 0.02280288 0.01340121 0.0156275 0.01512808 0.008410282 0.005879518 0.02645198 0.03039108 0.05337888 0.05733179 0.04203689 0.03849748 0.03532732 0.02960612 0.03998835 0.08842655 0.1296109 0.09603618 0.05151756 0.0539953 0.08528996 0.03017539 0.01201499 0.03851841 0.02980138 0.0104923 0.008404337 0.007037337 0.006372448 0.005566975 0.005259983 0.00391082 0.001170278 0.0009786241 0.0009682025 0.0008632176 0.0007303315 0.0006033081 0.01643502 0.0033126 0.0001436495 0.0007253855 0.0003159982 1.5687e-005 1.156128e-005 0.001123994 6.168235e-005 7.65269e-005 0.0001007427 0.0001346914 3.13268e-005
0.2477497 0.09962872 0.05509875 0.1150991 0.09386218 0.06969721 0.02227905 0.01907306 0.0148111 0.01415427 0.02109315 0.04440453 0.02967384 0.0250013 0.04963636 0.06588248 0.05381716 0.01490237 0.01883722 0.04903952 0.09748019 0.1670857 0.121197 0.05503112 0.04943979 0.0795659 0.03151844 0.01774245 0.04393136 0.03417378 0.01320967 0.0096627 0.008303694 0.007289672 0.007397851 0.005333073 0.007550979 0.002845582 0.001402455 0.001263696 0.001099653 0.0009314051 0.0007801983 0.00560504 0.0002236772 0.0001528869 0.0006958949 8.734593e-005 1.501438e-005 9.285649e-006 1.297639e-005 4.624129e-005 0.003977455 0.006422576 0.001737069 2.42309e-005
