contrib/geomasonDemos/riftland/riftlandData/RainData/63.txt
ncols         56
nrows         54
xllcorner     28.264
yllcorner     -5.7719999999999
cellsize      0.25
NODATA_value  -9999
[rows 27 to 53 of 54, columns 0 to 55 of 56]
0.1007491 0.05487718 0.0520563 0.08799271 0.09867286 0.1468942 0.08024409 0.02466739 0.03496601 0.04056329 0.05564178 0.1276573 0.09231007 0.04910154 0.02369002 0.05395288 0.06964563 0.0167741 0.0329535 0.0616554 0.07313952 0.1303964 0.1057358 0.05413505 0.04339581 0.03690793 0.03389525 0.02426881 0.022286 0.01877502 0.01559989 0.009134261 0.00742698 0.006870786 0.005998951 0.004560957 0.006021315 0.008856826 0.007504624 0.001839149 0.001515568 0.001535443 0.001010106 0.0005500947 0.0005302802 0.0004706302 0.0001729086 4.177889e-005 1.929862e-005 9.469689e-006 1.217578e-005 9.567489e-006 0.0004991117 0.0002462471 2.21426e-005 1.392541e-005
0.08844144 0.05200666 0.05221885 0.06879007 0.1232684 0.1410549 0.09735496 0.03322446 0.04347808 0.05138472 0.03440433 0.08903173 0.0585982 0.009567805 0.01684525 0.07745591 0.07034739 0.03848348 0.05720033 0.06276702 0.0576359 0.08489402 0.09474225 0.07023495 0.05748028 0.04258152 0.04398298 0.03310039 0.02451993 0.02011054 0.01655276 0.01028234 0.008151677 0.00748678 0.007055913 0.006182703 0.004364942 0.003783088 0.009285236 0.003075405 0.002701644 0.001485213 0.00140929 0.0006282651 0.001523109 0.0003162946 0.0004085141 4.257533e-005 1.831035e-005 6.40232e-006 6.837679e-006 4.698981e-006 5.008751e-006 7.472094e-006 1.214636e-005 8.154902e-006
0.07972604 0.0750489 0.0742996 0.1376185 0.09476688 0.04725754 0.07377488 0.03787084 0.02792951 0.03019384 0.02265479 0.05164679 0.02592404 0.01135774 0.05123968 0.03638371 0.04795303 0.02508703 0.02166688 0.05415485 0.04706486 0.05234125 0.07704441 0.06988925 0.06131761 0.05949196 0.06314762 0.04249347 0.02587493 0.025369 0.01597084 0.01302463 0.009832476 0.00858554 0.008415702 0.007119208 0.006320347 0.004274497 0.009690396 0.004713647 0.002933729 0.002254224 0.001494708 0.0007677752 0.0004667352 0.0002767406 0.0004115782 4.681748e-005 1.909203e-005 3.136368e-005 0.0001231447 2.126012e-006 1.669425e-006 3.055815e-006 6.27493e-006 3.801169e-005
0.08942275 0.07514082 0.06885324 0.08679592 0.06897287 0.03477459 0.0378399 0.01952903 0.0175088 0.01286351 0.03515801 0.0453854 0.02871072 0.02387658 0.08507656 0.02608816 0.0186389 0.0287623 0.03344188 0.03884189 0.03948276 0.04145405 0.04219951 0.05512965 0.05253685 0.04889148 0.05384551 0.04429582 0.03372142 0.02368578 0.02064061 0.01616197 0.01162837 0.01327288 0.01173274 0.006288553 0.01436419 0.007045017 0.006361397 0.00327558 0.00283193 0.002760673 0.001902627 0.0009674908 0.0005700737 0.000324609 0.0003481792 5.452552e-005 2.162259e-005 6.767872e-005 3.730169e-006 1.842695e-006 1.304764e-006 2.182789e-006 4.489952e-006 3.328159e-006
0.1145421 0.08614243 0.05625439 0.06806941 0.05667705 0.04509353 0.04627283 0.03506745 0.03449808 0.03423209 0.0461113 0.03021422 0.03232839 0.02093242 0.1112215 0.03042796 0.04038637 0.04088691 0.03758984 0.04151259 0.04815084 0.04090064 0.04063271 0.05739819 0.05519383 0.05136349 0.0582203 0.05127609 0.04303714 0.03224104 0.02769752 0.02159276 0.01696382 0.01361995 0.01241541 0.01346458 0.03581067 0.01465374 0.008799452 0.005149949 0.004459696 0.002841321 0.002424061 0.002366963 0.001191707 0.0002177069 0.0009549066 1.847593e-005 7.1652e-006 1.323624e-006 1.019225e-006 0.002589959 0 0 0 0
0.111901 0.0685012 0.0298052 0.02995041 0.03411024 0.04163401 0.05825618 0.06212148 0.03031455 0.04773084 0.04824883 0.02567721 0.01386668 0.01224084 0.02572129 0.03487477 0.05563551 0.06937348 0.05980157 0.06125046 0.05208874 0.04482737 0.04276118 0.05857126 0.06201474 0.05862928 0.06017971 0.05527206 0.04766685 0.03802861 0.03279671 0.02429723 0.01754058 0.01652293 0.01621109 0.01147113 0.01266585 0.01074421 0.008447811 0.006067191 0.003615745 0.003045843 0.003002376 0.0006824822 0.01024139 0.01296726 0.009481661 0.0113646 0.005393874 1.276089e-006 0.0006191485 0 0 0 3.051523e-005 0
0.1641042 0.08017256 0.038293 0.04122276 0.05110029 0.03628755 0.07785086 0.05724991 0.02572107 0.04573396 0.03552006 0.02982932 0.03261553 0.0319695 0.02339571 0.05223973 0.07561831 0.09563472 0.1017404 0.06940588 0.06301711 0.05525792 0.04576159 0.06364978 0.06756762 0.07036514 0.07353433 0.0634371 0.05751555 0.04831181 0.03977734 0.0285603 0.02532375 0.02038885 0.01857628 0.01357997 0.01079644 0.01085519 0.009897104 0.005503308 0.005064131 0.004392161 0.00345329 0.001032271 0.0006247304 0.0006109285 0.0002667323 3.674474e-005 0.007309705 0.003718145 0.0008304199 0 0 3.061137e-005 0 0
0.08469636 0.06098345 0.05109055 0.07289833 0.06945959 0.06049094 0.06045659 0.04467196 0.03340753 0.02601973 0.03965606 0.03803074 0.08068004 0.04046877 0.02847047 0.08373236 0.1514845 0.1601318 0.1277888 0.06724969 0.06002668 0.05330994 0.0502681 0.06709376 0.07404714 0.07641921 0.08151399 0.07725193 0.0695086 0.05791985 0.05059272 0.03801553 0.03564214 0.02313027 0.0201089 0.01616126 0.01257662 0.01191394 0.01206725 0.009002193 0.00736697 0.006594371 0.005259166 0.001623464 0.001037413 0.003280212 0.0005536143 6.627856e-005 2.694494e-005 6.412188e-006 0.001135718 0.002981745 0 0 0 0
0.1199889 0.1427158 0.1038007 0.09344935 0.0727519 0.06567727 0.06185108 0.06653611 0.04141498 0.03313445 0.03196489 0.03786122 0.05102339 0.04219887 0.04805003 0.08816054 0.09570809 0.1115404 0.112941 0.07047581 0.06119633 0.05361933 0.04926243 0.06978071 0.09410746 0.08200731 0.08932813 0.102627 0.1012594 0.07827774 0.06875779 0.05411283 0.03680473 0.03067235 0.02950555 0.03247787 0.02600988 0.01719341 0.01862986 0.0160513 0.01546349 0.01435522 0.01249856 0.005479925 0.003606863 0.002336454 0.001719796 0.0004057978 0.0001672339 4.190785e-005 2.990362e-005 0 0 0 0 0
0.1474367 0.167812 0.1024785 0.09660249 0.1173021 0.07393096 0.06834729 0.04964108 0.03217218 0.03230435 0.02841978 0.02157817 0.03237573 0.04236083 0.05252602 0.06448802 0.08581903 0.09330719 0.08253746 0.05626073 0.05360145 0.04895622 0.0542515 0.06720006 0.08321247 0.07392754 0.08038574 0.1079639 0.1066019 0.08513302 0.07658003 0.05238416 0.0418791 0.03950913 0.03861455 0.04587321 0.0343734 0.02052406 0.02092228 0.02005962 0.01890915 0.0243613 0.01689882 0.008269798 0.004588604 0.00302263 0.002230882 0.0005299145 0.0002196601 5.65284e-005 4.024061e-005 0 0.0002508642 1.772392e-005 0 0
0.1862748 0.1509386 0.07760944 0.08376522 0.0768519 0.08029364 0.08848149 0.05021267 0.03860223 0.0441291 0.02061494 0.02185473 0.02298091 0.03980972 0.03921583 0.05530881 0.06169323 0.07736599 0.07067351 0.05878612 0.04513685 0.04692294 0.05109288 0.06343579 0.07288913 0.07510622 0.07861328 0.09649745 0.1070468 0.09193876 0.07905822 0.0560602 0.0429352 0.03795905 0.04773144 0.06777273 0.04349168 0.02336185 0.02314441 0.02191973 0.02216508 0.02514796 0.0217453 0.007654076 0.006462135 0.003424875 0.002542589 0.000609485 0.0002572148 7.095288e-005 5.069808e-005 0.0002955835 0.0001186362 0 0 0
0.2204373 0.09864514 0.0775492 0.06786984 0.09762009 0.07726505 0.06052948 0.07677323 0.09284921 0.0487443 0.04364212 0.03634347 0.01514732 0.03150237 0.04539522 0.0464916 0.04863023 0.03589787 0.05241583 0.04504297 0.04729852 0.04171283 0.04805346 0.05996377 0.07170551 0.07896554 0.08910221 0.0933733 0.09593075 0.09571595 0.07843495 0.06326502 0.04645177 0.04233327 0.03885077 0.05060645 0.04391949 0.02628373 0.02453034 0.0213264 0.02513967 0.02533766 0.02513272 0.007872756 0.005332039 0.003568051 0.002662926 0.0006425667 0.0002787182 9.424208e-005 6.120306e-005 0 0 0 0 0
0.1838535 0.07465112 0.06020984 0.06967865 0.08040801 0.09034131 0.07281251 0.0681095 0.09318775 0.08871611 0.08157687 0.04525797 0.01972656 0.02900177 0.02447439 0.03165913 0.04007895 0.03460537 0.0388092 0.03763464 0.02983643 0.0444924 0.04806086 0.04948398 0.05129787 0.05136385 0.06593319 0.07346562 0.08438499 0.0841215 0.0730771 0.05756762 0.03823128 0.03320256 0.03403741 0.04092226 0.04097236 0.03241104 0.02964619 0.02568916 0.02852155 0.02949146 0.02642572 0.0115217 0.006578797 0.004410234 0.003294695 0.0009966793 0.000445585 0.0002505969 0.0001061598 0 0 0 0 4.464286e-005
0.203608 0.05527627 0.05452047 0.09633269 0.06729519 0.09252071 0.09663741 0.1041504 0.117065 0.1280009 0.06490062 0.03293133 0.02880421 0.05432025 0.02195683 0.02585387 0.02115681 0.02056884 0.03015975 0.03876122 0.03377179 0.05861453 0.04506772 0.04598567 0.04979221 0.05118387 0.05634618 0.06825974 0.08100135 0.08279985 0.05769588 0.04950124 0.03299236 0.02965368 0.03246238 0.03935605 0.04552261 0.03774563 0.03165421 0.02522421 0.02463854 0.02597019 0.02556416 0.01418233 0.006776829 0.004575917 0.003430102 0.001042378 0.0004877475 0.0001700165 0.0001216908 0 0 0 0 0
0.1999805 0.1343908 0.05389138 0.1438215 0.1614666 0.0984088 0.109352 0.1092287 0.1215703 0.08472787 0.08799239 0.05361141 0.04098243 0.03549071 0.03336348 0.02399324 0.03808856 0.03867034 0.03905317 0.06490985 0.07119831 0.06460384 0.05088452 0.04944778 0.04857239 0.05916421 0.0658818 0.06425676 0.07183584 0.0746458 0.05311896 0.04123285 0.03013597 0.02781494 0.03047845 0.03809904 0.04409881 0.03881999 0.03267908 0.02440106 0.02230004 0.02197464 0.01966459 0.01414251 0.009876329 0.004682229 0.003241524 0.0036801 0.0004593538 0.0001702507 0.0001254518 0 2.025504e-005 0 0 0
0.2113242 0.1204425 0.06436431 0.1441004 0.1523114 0.1599329 0.1841654 0.111833 0.1178845 0.110021 0.1072788 0.07413235 0.05593639 0.04042945 0.07344598 0.04819489 0.1035659 0.1111813 0.06603236 0.06293231 0.06926132 0.0598864 0.05542399 0.05325512 0.04853629 0.06306875 0.06155559 0.07060453 0.06209597 0.06449946 0.06481025 0.04126689 0.03004821 0.02512747 0.02374839 0.04652122 0.0612097 0.03500317 0.03025981 0.02139468 0.01870194 0.01848087 0.0187127 0.008740443 0.005389315 0.004402003 0.003307377 0.0008308858 0.0003887749 0.0001488536 0.0001173029 0 0 0 0 0
0.1704481 0.1246809 0.1225026 0.1508126 0.119262 0.124268 0.1267207 0.1447785 0.1520304 0.1334462 0.1162504 0.1165617 0.107986 0.08342001 0.126395 0.06818765 0.1206573 0.1373837 0.1104458 0.1054139 0.1047497 0.08784163 0.06315812 0.04074221 0.03226437 0.04971438 0.06539262 0.05586994 0.05317157 0.06357656 0.05662249 0.03447208 0.02822195 0.03136009 0.02492781 0.05705756 0.1610454 0.035647 0.02312426 0.01724968 0.01395442 0.01183171 0.01136473 0.006377129 0.004421268 0.003350124 0.001898028 0.0005741728 0.0002657752 0.0001067153 9.152084e-005 0 0 0 0 0
0.1747026 0.1208476 0.1221169 0.1419057 0.1241248 0.1219563 0.1418752 0.1432248 0.2047531 0.2255806 0.2043982 0.1718091 0.1302692 0.1184413 0.1118244 0.1198978 0.1088021 0.1427387 0.1017742 0.1164916 0.1011453 0.06680118 0.06247371 0.05961358 0.04927265 0.04518396 0.04829253 0.06644759 0.04766661 0.05103654 0.05934532 0.05099932 0.03267612 0.03741315 0.0257904 0.03003993 0.03550407 0.0285465 0.02834453 0.02422432 0.02412921 0.0120978 0.008830649 0.006252263 0.003947964 0.002020824 0.001456751 0.0004365084 0.0002064101 8.913511e-005 8.465368e-005 0 4.464286e-005 0 0 0
0.1749806 0.1400195 0.1418959 0.1661246 0.1375209 0.1547147 0.14822 0.1961111 0.2607903 0.2600187 0.1598609 0.1590688 0.1855528 0.1780701 0.1475435 0.1866532 0.1231533 0.1234684 0.108789 0.1013499 0.106212 0.07572885 0.0734312 0.1105333 0.1120532 0.06259062 0.0549094 0.04210771 0.04212598 0.04470702 0.05820844 0.05176524 0.03591675 0.02440698 0.0277545 0.02480123 0.03187037 0.03928151 0.04177158 0.02836024 0.02966221 0.01624242 0.01045716 0.005725947 0.004177885 0.002608345 0.00128232 0.0004081572 0.000231885 7.966427e-005 7.958704e-005 0 0 0 0 0
0.1986839 0.151043 0.1436945 0.1172155 0.09247417 0.1909624 0.1644327 0.1562589 0.2016603 0.1423787 0.17069 0.2005955 0.25837 0.1981743 0.1411391 0.1996797 0.1801981 0.1319012 0.163762 0.1385743 0.09901743 0.09043767 0.08345445 0.08873827 0.1018441 0.08659214 0.05013725 0.05287275 0.04835628 0.04783338 0.04304664 0.05597075 0.06975225 0.03812066 0.03907799 0.03200727 0.03203864 0.03822684 0.03633147 0.02396952 0.01946057 0.01581944 0.008882141 0.005948626 0.003015427 0.004040048 0.001373025 0.001855091 0.0003413769 7.974167e-005 7.950998e-005 0 4.464286e-005 0 0 0
0.224671 0.1663872 0.1462028 0.1361981 0.127822 0.1102657 0.1156119 0.1243637 0.1494357 0.1490313 0.1331105 0.1953029 0.2303892 0.2117324 0.1822212 0.1879335 0.2076872 0.1910846 0.215753 0.2048522 0.1349806 0.1412782 0.1231837 0.1202282 0.103287 0.06955831 0.05154184 0.05020692 0.06239258 0.045847 0.05666764 0.07243842 0.07780537 0.0608527 0.06288344 0.04442494 0.0349881 0.04790797 0.03525768 0.02499716 0.01548286 0.01277632 0.0147255 0.009093167 0.002130507 0.002338929 0.001834361 0 0 0 4.464286e-005 0 0 0 0 0
0.2019901 0.1589582 0.1807079 0.1236198 0.1048506 0.1189498 0.1205348 0.1283599 0.12539 0.1930008 0.1508543 0.1395481 0.1436717 0.1736842 0.1799954 0.17689 0.1744968 0.2278832 0.2189724 0.2018376 0.1996911 0.1507268 0.1461226 0.1407069 0.1256664 0.09406833 0.0756271 0.07086465 0.08002742 0.09685639 0.08143283 0.07124209 0.06341113 0.06699397 0.06339461 0.06052209 0.05061781 0.03136147 0.03205537 0.02573751 0.01813745 0.009999816 0.01794291 0.008421929 0.002444675 0.001583511 0.002183293 0.005803571 0 0 0 0 0 0 0 0
0.1758595 0.1629917 0.1466786 0.1076275 0.1135395 0.1372603 0.1395495 0.1362717 0.1348989 0.1640326 0.1295159 0.1098626 0.1138774 0.1420766 0.1301666 0.2026302 0.1717798 0.2111296 0.2107828 0.1941014 0.2091565 0.1814651 0.1645584 0.1721364 0.181239 0.121707 0.0919884 0.08325262 0.07720473 0.08132594 0.07963535 0.06226952 0.06704892 0.06712304 0.0822562 0.07148378 0.05860425 0.05276625 0.03587987 0.03011923 0.01647188 0.01041679 0.006519211 0.005361895 0.004014672 0.001973509 0.002461976 0 0 0 0 0.0046875 0.0046875 0 0 0
0.1744792 0.185081 0.1663657 0.1699048 0.1675495 0.1138689 0.1129761 0.1156379 0.1244301 0.1399821 0.115948 0.1159998 0.1351197 0.1535595 0.1273886 0.1696387 0.1644688 0.2011906 0.1877347 0.173622 0.163361 0.1968194 0.1900541 0.1847796 0.180152 0.159442 0.134444 0.1266666 0.1009306 0.09518653 0.09439106 0.08829368 0.1063055 0.1010782 0.07902741 0.06768459 0.0700302 0.06343301 0.04656363 0.03150242 0.02039023 0.01020353 0.0062791 0.005710026 0.003458872 0.002736496 0.005422526 0 0 0 0 0 0 0.007232143 0 0
0.2400701 0.2563244 0.2739127 0.1786227 0.1485371 0.1108344 0.1258715 0.1050266 0.1132775 0.1210428 0.1083389 0.1240863 0.1299149 0.1497633 0.151653 0.1583309 0.1338083 0.1893512 0.1924677 0.190964 0.1859647 0.2054799 0.2131341 0.1908118 0.1752273 0.1533348 0.1548644 0.1930671 0.1416964 0.1193277 0.1140458 0.1138766 0.1026071 0.1238087 0.1170789 0.1389159 0.1136728 0.07243492 0.05041242 0.02515763 0.01491075 0.01069053 0.007004732 0.004040022 0.005833152 0.003519119 0.004223145 0 0 0 0 0 0 0 0 0.01348214
0.2338873 0.2171818 0.2031573 0.2071268 0.163383 0.1417132 0.1282783 0.1146421 0.1128044 0.1375277 0.1267964 0.1051184 0.1200325 0.1422896 0.161381 0.1503352 0.1507923 0.1535219 0.1865126 0.1737819 0.1605864 0.1958459 0.1625263 0.1889821 0.1591797 0.1653707 0.1616444 0.2222086 0.1853824 0.1065796 0.1307984 0.1298558 0.1544622 0.1350339 0.1243108 0.1420684 0.1033105 0.06380104 0.05406443 0.02697626 0.01882127 0.01224393 0.007854098 0.004573347 0.003566717 0.003736164 0.005498442 0.008705357 0 0 0 0 0 0 0 0.01883928
0.2244518 0.2176677 0.1578194 0.1263345 0.1433541 0.1051731 0.09895875 0.08997708 0.09752706 0.1308099 0.1366568 0.1476493 0.1918485 0.1595975 0.1701791 0.1804112 0.1432749 0.1545351 0.1750336 0.1818953 0.1789773 0.163743 0.1439015 0.1578184 0.1577687 0.14483 0.1251183 0.1278123 0.1103563 0.09963601 0.1397482 0.1283438 0.1850319 0.1656257 0.1383637 0.130172 0.1294509 0.07867595 0.09915318 0.0337476 0.01806807 0.01651285 0.01082972 0.007976463 0.006012333 0.009196517 0.008102592 0 0 4.464286e-005 0 0 0 0 0 0
