contrib/geomasonDemos/riftland/riftlandData/RainData/65.txt
ncols         56
nrows         54
xllcorner     28.264
yllcorner     -5.7719999999999
cellsize      0.25
NODATA_value  -9999
[rows 0 to 26 of 54, columns 0 to 55 of 56]
0.02847766 0.03087652 0.02431005 0.02548212 0.02549009 0.04390442 0.05200653 0.05254437 0.03182919 0.01951146 0.02872242 0.06304701 0.06295258 0.06447203 0.03791751 0.03718996 0.04514953 0.0388783 0.04757357 0.03401651 0.05359311 0.0583279 0.07185491 0.07328206 0.08935999 0.0715947 0.06646243 0.09609326 0.06139668 0.03753686 0.04014113 0.05306881 0.05239553 0.05400317 0.05063035 0.03925079 0.03602332 0.0401595 0.03736982 0.0504122 0.03691914 0.01263971 0.02539403 0.025863 0.02898891 0.02620246 0.03318219 0.03290556 0.02975934 0.0412028 0.03427121 0.04484789 0.07802781 0.07154076 0.05064123 0.06611825
0.02299697 0.02576281 0.02805387 0.02594086 0.04154852 0.05353658 0.0735892 0.0540866 0.02880397 0.01566148 0.02510002 0.05280052 0.05558899 0.05157999 0.03961223 0.04448038 0.04271953 0.0381879 0.04275607 0.04553774 0.03861615 0.04656754 0.04337715 0.04598869 0.08531056 0.06969824 0.06344616 0.07076059 0.05307364 0.03688036 0.04689585 0.05316979 0.07071684 0.08236589 0.06579281 0.07397561 0.05452438 0.05287702 0.04244833 0.04617983 0.02460771 0.02203397 0.01827509 0.01917239 0.03344962 0.02788937 0.04673809 0.04245929 0.04283107 0.05811554 0.06657853 0.05969952 0.06094958 0.04494856 0.04228757 0.06468815
0.02608506 0.01890572 0.03223201 0.0470598 0.05231542 0.03727901 0.03942782 0.02710888 0.02611573 0.02614916 0.01295837 0.03194468 0.03940222 0.04083982 0.0403163 0.03970605 0.04925072 0.05840189 0.03593463 0.03398623 0.03341047 0.02362031 0.04100999 0.05737223 0.06989618 0.06588888 0.06010967 0.04847585 0.04011075 0.04329022 0.05924781 0.0683216 0.06940847 0.08429033 0.09999334 0.09199633 0.06622806 0.04603612 0.05193591 0.0510106 0.05040148 0.02822224 0.01643137 0.01209122 0.01464444 0.01894121 0.0387035 0.04905176 0.06450339 0.07054643 0.07361002 0.06145304 0.04306127 0.03427545 0.03886092 0.03704539
0.02858521 0.02172009 0.04773686 0.05382759 0.07330826 0.03521942 0.04583648 0.03357535 0.03298267 0.0226209 0.01249806 0.01910549 0.03957414 0.02789967 0.0337293 0.04331188 0.02784597 0.02434353 0.03156431 0.0410255 0.03444265 0.02814958 0.04097542 0.07799272 0.06636973 0.06616167 0.04180947 0.05271333 0.04170489 0.04089089 0.04567518 0.05946254 0.08667697 0.1021014 0.1098677 0.1109148 0.08108634 0.05179822 0.03940916 0.04804962 0.04308584 0.03428032 0.03643315 0.03979707 0.03702217 0.03805972 0.05874182 0.0481654 0.06637618 0.06602709 0.06371558 0.05138032 0.02809105 0.03074846 0.03994142 0.03354933
0.02185905 0.02713555 0.05900941 0.07031757 0.0711077 0.05093463 0.04693733 0.04182365 0.03096738 0.0230201 0.01516813 0.01871875 0.02707799 0.02726961 0.02991698 0.03659319 0.04031744 0.02683848 0.02468091 0.03083329 0.03186655 0.03096862 0.03038178 0.05142277 0.05206054 0.08132381 0.0430269 0.04639302 0.03965401 0.05305411 0.06046724 0.06894806 0.08365427 0.08133936 0.09070601 0.1166155 0.1010959 0.07285227 0.05012041 0.04416457 0.06940756 0.0908407 0.09139639 0.09031741 0.07854443 0.07905 0.1128599 0.09481522 0.0778254 0.07727944 0.0556071 0.03617182 0.03551677 0.02627106 0.02383276 0.02738734
0.02369621 0.0319366 0.04710957 0.07199555 0.05406993 0.05983647 0.05618544 0.03554322 0.03805862 0.03333593 0.0240282 0.03032144 0.03189687 0.02848785 0.02182956 0.04183038 0.05891427 0.0375546 0.02124551 0.02174138 0.02703265 0.03168287 0.02715859 0.04317206 0.05601951 0.05676435 0.04150932 0.05385245 0.05634747 0.05835871 0.06788799 0.06583972 0.05456141 0.05560016 0.07257767 0.09991204 0.09127422 0.07928994 0.06925344 0.08906088 0.1015021 0.1302637 0.1301475 0.127546 0.1192692 0.1399673 0.1404657 0.1247384 0.1031379 0.0823441 0.04776814 0.03831677 0.01943449 0.01660062 0.02074542 0.01951034
0.02988396 0.02519939 0.02377606 0.03012226 0.04161687 0.05874066 0.05407347 0.04330989 0.04279959 0.03624877 0.03406217 0.04449845 0.04188039 0.0407723 0.03735419 0.05143842 0.0916262 0.05997184 0.02126701 0.01679127 0.02864173 0.02931374 0.03060296 0.04928143 0.05979109 0.07147504 0.06330449 0.06096486 0.06617611 0.06330526 0.06910184 0.06542923 0.0581079 0.05796555 0.07556732 0.08588483 0.09971267 0.08354685 0.08030652 0.1218306 0.1601062 0.1620504 0.162893 0.1210927 0.1377083 0.1365009 0.1509489 0.1215403 0.09293034 0.07542822 0.05093871 0.02687499 0.01902515 0.0137023 0.02887497 0.02233767
0.03661762 0.03267216 0.02766287 0.02917682 0.02937965 0.04329861 0.04898365 0.04055541 0.0410489 0.04479649 0.04818361 0.04324895 0.03859279 0.03086519 0.0233461 0.03192676 0.05104501 0.03342746 0.01872166 0.01669816 0.02138817 0.02631372 0.03279085 0.07196403 0.0591145 0.06489636 0.07264415 0.08113354 0.07754127 0.07001152 0.07877324 0.1127843 0.1130915 0.1001045 0.1148264 0.1296283 0.1336805 0.1262624 0.09718898 0.1220353 0.1398551 0.1994876 0.2038599 0.1667669 0.1809393 0.1283989 0.1196109 0.1118158 0.08614892 0.05992415 0.03567295 0.04054576 0.03834474 0.03299239 0.03712746 0.03767848
0.04120598 0.03201589 0.03897082 0.04674831 0.04833726 0.04093171 0.04508961 0.04460141 0.03813376 0.05171204 0.05072284 0.04786651 0.03851401 0.03183106 0.03165279 0.04204078 0.04955133 0.05575814 0.02280506 0.02419565 0.0280385 0.03972046 0.03829371 0.05666457 0.0522114 0.06606345 0.07459807 0.05296638 0.05027159 0.08107708 0.0688616 0.09738367 0.1078859 0.1060466 0.1049976 0.1545664 0.1476828 0.1353151 0.1430656 0.1129391 0.1240674 0.1698814 0.1754096 0.1573562 0.1464269 0.1170074 0.1018255 0.09858902 0.07438175 0.054 0.02264535 0.03084624 0.03287948 0.02385034 0.02850098 0.02062352
0.03891939 0.03899579 0.04264531 0.05999687 0.06828242 0.05467654 0.0439266 0.04169179 0.04232658 0.05023762 0.05320355 0.05694338 0.04470827 0.04943176 0.05307465 0.0428892 0.06472932 0.08961299 0.0255167 0.02102871 0.02532765 0.02589431 0.03464302 0.05590147 0.04906659 0.03295386 0.04399282 0.03575346 0.02397459 0.0511579 0.07817226 0.09359504 0.1316889 0.1477394 0.1596798 0.1787038 0.1865133 0.1396743 0.1332242 0.1521095 0.1580662 0.1602378 0.1535746 0.1580011 0.1111029 0.07409099 0.06270738 0.08702314 0.06177814 0.03982073 0.03074351 0.02136834 0.0178714 0.0269274 0.03201038 0.01820466
0.05182334 0.06109882 0.04604687 0.04942603 0.05344089 0.04807116 0.05792522 0.0457153 0.04411685 0.04981108 0.05775455 0.06620914 0.05702035 0.07441072 0.08068874 0.06666014 0.05720248 0.07675208 0.03457785 0.03460706 0.01884553 0.01815971 0.03058004 0.05019042 0.02937503 0.0174481 0.02499244 0.01804319 0.009193899 0.02873635 0.0746292 0.1582511 0.2056805 0.173693 0.1591046 0.1824734 0.1598362 0.131636 0.1508986 0.1470903 0.1462358 0.1550514 0.1436794 0.1521671 0.1151772 0.07702424 0.05953459 0.07431418 0.05281396 0.03729469 0.04179412 0.04018389 0.04070473 0.04337772 0.05153734 0.03254949
0.06284266 0.05301556 0.03292975 0.03407195 0.03333711 0.04188218 0.03759409 0.03915189 0.04145949 0.04784022 0.05848973 0.07421115 0.07833486 0.09216259 0.07813475 0.07475547 0.05459074 0.0497373 0.03867242 0.02774216 0.02172355 0.01714241 0.01388906 0.02923402 0.0440121 0.02502316 0.01925128 0.02036919 0.02868097 0.05414291 0.1030135 0.1441633 0.1553975 0.1348796 0.1094727 0.1159886 0.1314816 0.1464052 0.135523 0.1112702 0.1048911 0.1192586 0.1229496 0.1501226 0.1311679 0.09455941 0.0755209 0.07897252 0.06530938 0.05091015 0.0488507 0.04204306 0.05655546 0.0678733 0.04775849 0.03277182
0.04252328 0.0385021 0.06029652 0.03676137 0.02558299 0.04781657 0.04294547 0.03968092 0.05657601 0.06872527 0.07227436 0.09174681 0.1081522 0.07611371 0.06788585 0.07947598 0.06121352 0.04235122 0.03417069 0.03369858 0.0273829 0.02022275 0.01601254 0.02321308 0.03075681 0.03421956 0.02379582 0.02595139 0.05652759 0.06993107 0.09799227 0.1165727 0.09505432 0.1044422 0.1107001 0.1214484 0.07927922 0.09222255 0.1031046 0.1143488 0.1271544 0.1348334 0.1148111 0.1255281 0.1100557 0.08601971 0.06845349 0.07174598 0.05345005 0.04128163 0.03961164 0.03200351 0.04785547 0.04940322 0.05029838 0.07289471
0.03411753 0.03415132 0.06048661 0.04976065 0.03994138 0.05569641 0.05948067 0.04333682 0.0678272 0.07578932 0.08345342 0.0829867 0.09790885 0.07608098 0.0720817 0.09187142 0.07570889 0.03781423 0.04470501 0.04098565 0.03491128 0.02385766 0.009577855 0.01764795 0.01746214 0.01878917 0.02061108 0.04342118 0.07940598 0.1155927 0.1132689 0.1152116 0.1055714 0.1047782 0.1030731 0.09527249 0.06414827 0.06077256 0.0663965 0.09111406 0.091598 0.106175 0.1253317 0.1307652 0.09493341 0.06004581 0.05329093 0.05769297 0.0450589 0.04272464 0.03796606 0.03457571 0.06601292 0.07535716 0.07865759 0.08489383
0.04961903 0.06524345 0.09012686 0.0620895 0.0747546 0.09918467 0.07496805 0.06300636 0.0674377 0.07726454 0.06567661 0.06750928 0.06189001 0.06834839 0.06432711 0.08648125 0.09481765 0.07698137 0.05785115 0.04514537 0.02758357 0.02411283 0.02011446 0.02286828 0.0236809 0.02278279 0.02646035 0.09278848 0.1455615 0.1439779 0.1281902 0.07133427 0.07268281 0.08808846 0.06478341 0.03216558 0.02241693 0.02939108 0.04296973 0.08491432 0.07324796 0.07746667 0.1180651 0.1307917 0.09590296 0.05653102 0.04239816 0.04513446 0.04383567 0.05289462 0.05109339 0.06874651 0.09421503 0.09912966 0.1240031 0.08843821
0.07591485 0.1188571 0.09118173 0.0932119 0.1134606 0.1053881 0.07092854 0.0926892 0.06056955 0.03932522 0.04288035 0.0561671 0.0653414 0.09739567 0.1058718 0.1130184 0.1080237 0.08228206 0.06972203 0.05780257 0.03662116 0.03199431 0.02463669 0.04097109 0.04729721 0.05783485 0.05093917 0.06801327 0.1309322 0.129843 0.1165175 0.07827798 0.06264314 0.04570185 0.04373523 0.04253168 0.03859438 0.03613676 0.04140026 0.1123317 0.1158413 0.1379068 0.1814484 0.1136213 0.08577722 0.06203639 0.04695398 0.0481681 0.0525364 0.05454528 0.05288469 0.05977055 0.08152407 0.08704901 0.09866109 0.04832909
0.07782115 0.1243685 0.1211844 0.08750604 0.06700806 0.09132126 0.07420433 0.07572167 0.06140652 0.03645477 0.05995406 0.07392565 0.07328145 0.09641203 0.09569471 0.09054901 0.1150557 0.09774254 0.06876212 0.07743193 0.05078643 0.05223343 0.04950485 0.05868253 0.06681123 0.08849519 0.05475726 0.05289465 0.0564056 0.08392862 0.1290615 0.0960734 0.09093018 0.03625821 0.03539005 0.04743239 0.0508195 0.05049709 0.04736653 0.1251411 0.1383992 0.1612006 0.1273498 0.07672486 0.06890254 0.05651505 0.05048009 0.05123356 0.06082064 0.05363217 0.03959908 0.03567154 0.0364817 0.04399814 0.06389707 0.03493011
0.09722096 0.1277641 0.1105757 0.1128426 0.06778685 0.0782878 0.05354 0.05081468 0.05149585 0.04909755 0.06436998 0.07950373 0.08814727 0.118396 0.08672757 0.1025968 0.09435951 0.08210983 0.08281703 0.1070688 0.07279348 0.05066912 0.04858667 0.06582645 0.06165767 0.05723801 0.05786202 0.06840652 0.06514519 0.07551672 0.09334616 0.08836453 0.08398554 0.05964522 0.0486295 0.04044557 0.0428093 0.06459323 0.07292871 0.129651 0.1747715 0.1691929 0.1257436 0.06570017 0.06166845 0.0497224 0.04055494 0.05037594 0.0485373 0.04765749 0.03700668 0.02148821 0.0226299 0.03502246 0.07199126 0.05338134
0.1430129 0.1377135 0.1020815 0.1388442 0.1070657 0.085782 0.05409338 0.04100256 0.04897802 0.05560569 0.05537686 0.07980725 0.09629603 0.165642 0.1201782 0.1018498 0.1043871 0.08436368 0.1012324 0.1076074 0.0999328 0.08321039 0.07941514 0.09598862 0.06993788 0.06231014 0.06120858 0.08482453 0.06413462 0.05430131 0.04410343 0.06234088 0.09149578 0.09037141 0.05592152 0.03913502 0.03706896 0.07425682 0.08678392 0.09439519 0.1323588 0.1447006 0.1315355 0.1022971 0.06601126 0.04954154 0.03512363 0.05478146 0.05459861 0.04007561 0.03738936 0.01954325 0.02401863 0.02980966 0.07048445 0.04188387
0.1799308 0.1700161 0.09813988 0.1246863 0.1145324 0.0938721 0.05716003 0.0702735 0.05413282 0.0575453 0.05103543 0.09552943 0.1072111 0.1447149 0.1692184 0.1693756 0.1429887 0.1282048 0.1430258 0.1505396 0.1558333 0.1372326 0.1142929 0.1176997 0.1142434 0.1051126 0.08297089 0.07260963 0.07093035 0.05294542 0.0619859 0.06673328 0.06472816 0.07694316 0.07878145 0.0564964 0.0408485 0.04297772 0.06498504 0.07011621 0.08111702 0.08022882 0.07901111 0.09181908 0.06967917 0.05469295 0.05042172 0.06144606 0.06064329 0.05696857 0.05284415 0.0361688 0.04028267 0.04825747 0.05828587 0.04257685
0.1138744 0.1100519 0.1040997 0.09980123 0.1119931 0.07986835 0.07084077 0.07163033 0.06435163 0.06243128 0.04316987 0.07996642 0.08880777 0.09861588 0.141586 0.1929455 0.1584692 0.1206764 0.1063895 0.1267245 0.1789242 0.1470856 0.08365366 0.1098751 0.1125416 0.1117209 0.1032324 0.09241685 0.08714084 0.07253688 0.0858178 0.0943928 0.06953473 0.07999358 0.07121608 0.05282859 0.05227114 0.04444129 0.04943603 0.05614261 0.06946992 0.07315975 0.07531673 0.07469741 0.07206517 0.06135233 0.06346321 0.0704049 0.07828388 0.0762841 0.06728853 0.0502355 0.06139103 0.06288404 0.06121673 0.04861594
0.1487559 0.1297678 0.1229198 0.09816721 0.1026658 0.09637716 0.1078651 0.09513915 0.06546252 0.0530932 0.03563724 0.05824203 0.08228803 0.134525 0.1677724 0.1862922 0.1461179 0.1250609 0.1301417 0.1888328 0.1611046 0.1179809 0.1153446 0.144218 0.1339966 0.1426337 0.1477846 0.1395346 0.09521292 0.08965142 0.1058372 0.1519232 0.1130204 0.09904137 0.1051117 0.06339153 0.0824911 0.0426306 0.03821596 0.06455415 0.08444441 0.1001018 0.08554773 0.09295491 0.07972483 0.07875343 0.08043776 0.08521453 0.102457 0.1049446 0.08761251 0.06183747 0.0673738 0.07083049 0.07186182 0.05430058
0.1186238 0.09459147 0.0808818 0.09345663 0.1106743 0.1050698 0.116613 0.1119207 0.07311646 0.07154855 0.05380065 0.06656755 0.07131186 0.1144171 0.1932084 0.1735658 0.1812545 0.1431953 0.16315 0.2103305 0.2489736 0.1933539 0.1511046 0.190316 0.1724022 0.167357 0.1478375 0.1712366 0.1145378 0.1222739 0.1097259 0.101116 0.1041945 0.1203269 0.1233298 0.08066887 0.04619596 0.0428514 0.03636679 0.05916752 0.09578958 0.1192804 0.09650058 0.09593407 0.08616187 0.08894504 0.1033565 0.104505 0.1253496 0.1638723 0.09260683 0.07500701 0.08213388 0.07801148 0.09661629 0.0644818
0.05632952 0.06211482 0.04681463 0.07520621 0.08702365 0.08040976 0.08530259 0.1020336 0.09702934 0.1039761 0.1160811 0.1150391 0.0841218 0.1138518 0.1625871 0.163589 0.1321604 0.1143202 0.1492216 0.2048102 0.256588 0.2186677 0.2045095 0.20431 0.2200034 0.219271 0.2097671 0.2098616 0.2056645 0.1836412 0.1539759 0.1492 0.1635952 0.1575685 0.1694798 0.1241492 0.0511703 0.04669193 0.04945716 0.05376109 0.07165193 0.08703382 0.08922783 0.08164025 0.08180136 0.1449267 0.1834144 0.1415654 0.08823197 0.1040305 0.06488501 0.06473727 0.07632982 0.1037953 0.2179465 0.1121706
0.04653046 0.05370621 0.06473843 0.07378351 0.07178751 0.06014101 0.04055911 0.06270179 0.08386938 0.08243416 0.09924482 0.1093258 0.1224139 0.1437879 0.1327013 0.1250322 0.1358988 0.1399339 0.1698432 0.2068653 0.1857024 0.2081292 0.2275344 0.2511022 0.2349931 0.2526434 0.2334232 0.2424753 0.2504145 0.2353674 0.2041325 0.2006143 0.1993775 0.162781 0.1631223 0.1391159 0.07512335 0.05767041 0.07140292 0.05374409 0.06562398 0.08756167 0.1152599 0.1122646 0.1727338 0.2250378 0.2477363 0.1293437 0.09540121 0.07143449 0.06449918 0.07820597 0.1183275 0.1859264 0.1941827 0.1036356
0.04906389 0.04963791 0.05966476 0.06583602 0.06051988 0.06317546 0.04955938 0.05960323 0.0629891 0.0714061 0.05856916 0.08804531 0.1225406 0.1228684 0.1116953 0.1154551 0.1229042 0.1490262 0.1529766 0.1594151 0.1833768 0.1861018 0.2242025 0.256352 0.2692572 0.2626717 0.2651733 0.2833386 0.2906792 0.2737298 0.2553878 0.2259371 0.1879547 0.1709017 0.1547268 0.1413487 0.1224295 0.09106582 0.1227289 0.07213558 0.07828412 0.1025535 0.1267939 0.1731454 0.1947004 0.2830065 0.3341627 0.1134243 0.09279899 0.09712791 0.06719716 0.08006921 0.1244443 0.1806521 0.2108463 0.1105019
0.03842522 0.03711948 0.03653331 0.05767424 0.05655123 0.0600152 0.06808362 0.08651648 0.0952541 0.08273911 0.07385548 0.1051334 0.1323037 0.1253101 0.1024998 0.1083583 0.1502388 0.1593983 0.1505488 0.1814845 0.1853611 0.2254152 0.2196658 0.2574212 0.2792728 0.2759881 0.2815452 0.3170702 0.2769487 0.2647551 0.2689205 0.2550872 0.2282475 0.2152505 0.2066321 0.1622517 0.1214162 0.1048642 0.08752079 0.06752861 0.06716838 0.07587023 0.07808813 0.07381553 0.08527268 0.09002488 0.1761751 0.129443 0.1215899 0.1225525 0.08741472 0.1309309 0.1276771 0.1282829 0.192485 0.1098187
