contrib/geomasonDemos/riftland/riftlandData/RainData/65.txt
ncols         56
nrows         54
xllcorner     28.264
yllcorner     -5.7719999999999
cellsize      0.25
NODATA_value  -9999
[rows 27 to 53 of 54, columns 0 to 55 of 56]
0.04937492 0.04532112 0.05284176 0.1007062 0.09952088 0.08698827 0.1017072 0.1382316 0.1572332 0.1544593 0.1442172 0.1506299 0.1576462 0.1472955 0.1681727 0.1392285 0.1269722 0.1367929 0.1605916 0.1566963 0.1733736 0.2103298 0.2221168 0.2940933 0.3084452 0.309383 0.3074087 0.2919141 0.2841933 0.2879301 0.2839851 0.2885849 0.2763926 0.2574461 0.2295793 0.1454525 0.1404149 0.1174963 0.09433609 0.08950943 0.07463692 0.06814071 0.06642266 0.04716324 0.06125645 0.06099756 0.1103203 0.09988239 0.1182489 0.1181768 0.1201122 0.1107652 0.1200621 0.1178517 0.1425994 0.1904063
0.04823489 0.06114082 0.08445741 0.09709127 0.09223615 0.09664601 0.08840395 0.1351455 0.1651264 0.157423 0.1605888 0.1637174 0.1460785 0.1522692 0.1643773 0.1335365 0.1344314 0.1134207 0.1274582 0.134095 0.1394787 0.1713939 0.2484713 0.3410155 0.3657897 0.3602019 0.314882 0.2942473 0.2937067 0.3111303 0.2966223 0.2934341 0.2941646 0.2541418 0.2113394 0.162145 0.1405586 0.1378845 0.1165494 0.1105026 0.1087551 0.08510148 0.06691435 0.04522755 0.05464229 0.05575754 0.114812 0.08154408 0.1052405 0.1404229 0.1436211 0.1766487 0.1438661 0.1613055 0.1869799 0.1869613
0.05125935 0.06677594 0.06520022 0.09593177 0.09095319 0.06911141 0.06962442 0.1060569 0.1348563 0.13705 0.1460791 0.1406271 0.1033375 0.09284231 0.1143575 0.1099105 0.1299265 0.1183327 0.1127414 0.1308459 0.1510486 0.1914143 0.2161613 0.3126227 0.3567162 0.3746689 0.3339196 0.3090333 0.3161888 0.3521051 0.3478626 0.3287791 0.3161951 0.2830911 0.2391377 0.2019483 0.1525369 0.1440076 0.1624533 0.1658179 0.1212706 0.1074352 0.0673116 0.05223975 0.04396679 0.0571821 0.1014533 0.1506417 0.2023176 0.1232672 0.1034738 0.1821213 0.1672447 0.1594513 0.1932784 0.2312441
0.0753648 0.08374039 0.08145271 0.1152425 0.08321427 0.03533397 0.05629916 0.110209 0.1326809 0.108513 0.1144622 0.1160671 0.08982816 0.06218258 0.08143385 0.08680303 0.1078445 0.130498 0.1646881 0.1258441 0.1488965 0.1621531 0.2035317 0.2789668 0.3833176 0.3521846 0.3601587 0.350203 0.3321719 0.3562456 0.3341525 0.3577945 0.3386474 0.291077 0.2601867 0.2254251 0.2021901 0.2012611 0.1882293 0.2015205 0.1519044 0.1184906 0.07275453 0.06332152 0.04769838 0.04403932 0.07203822 0.1000315 0.1538773 0.1221627 0.1399905 0.1341068 0.1646419 0.1467263 0.156085 0.2295079
0.08035623 0.1192817 0.08677117 0.1323256 0.098482 0.0484677 0.04540696 0.1240932 0.2628486 0.1262571 0.1076792 0.1303772 0.09917548 0.07632859 0.1096946 0.08322801 0.1653708 0.1627224 0.1633222 0.156129 0.1564371 0.2167453 0.2495372 0.2567373 0.3035994 0.3318536 0.3079964 0.34783 0.3586746 0.3621619 0.3612991 0.3650652 0.3258735 0.2995532 0.282235 0.2841788 0.3122156 0.286009 0.2122851 0.2147018 0.1820602 0.1185467 0.08099988 0.04225469 0.03615716 0.03225979 0.04655317 0.06181794 0.1038156 0.118415 0.1827273 0.1999345 0.2554135 0.2253098 0.1572152 0.2263444
0.1045855 0.0952131 0.08169767 0.1005658 0.09255867 0.05966276 0.05990944 0.1251583 0.180387 0.09974778 0.1161354 0.08797072 0.08397998 0.1274836 0.1270934 0.1170494 0.1426045 0.175675 0.1629469 0.1643881 0.1819143 0.1846644 0.202433 0.2580086 0.3140264 0.3341077 0.3187275 0.3615477 0.3782279 0.3795422 0.3804187 0.3566701 0.3415307 0.3238363 0.318262 0.3391696 0.3260633 0.289526 0.2499245 0.2163752 0.1757206 0.1006224 0.09423421 0.04597682 0.02747545 0.04192201 0.05174438 0.05925447 0.1239306 0.1530913 0.1674455 0.1297454 0.2208176 0.1807842 0.1617352 0.2162571
0.1401763 0.08684732 0.05342706 0.06167467 0.06890267 0.05056707 0.05994954 0.1272301 0.09444589 0.06246036 0.06044899 0.06468572 0.07542735 0.1686345 0.1571037 0.132321 0.1893825 0.2183836 0.2549683 0.1911734 0.1852959 0.1885059 0.2016107 0.251071 0.2957593 0.340683 0.3572861 0.3635082 0.3827338 0.3840466 0.3643045 0.3585621 0.3575447 0.3830054 0.411853 0.4044586 0.3386707 0.3006356 0.2618957 0.204826 0.1623057 0.1125388 0.08785126 0.06280381 0.04932332 0.05593363 0.0771878 0.07844331 0.1277823 0.1781896 0.1670114 0.1301377 0.1248274 0.1532992 0.1624394 0.1937433
0.1487162 0.07597376 0.05127408 0.05442721 0.04056737 0.0575575 0.08226295 0.07652303 0.06970106 0.07481608 0.08316485 0.0705206 0.0862523 0.1873937 0.1373491 0.1382563 0.1814776 0.2592927 0.2275873 0.1998743 0.1757507 0.1881351 0.1965976 0.2447559 0.2975035 0.3066181 0.2951263 0.3456454 0.370056 0.3758029 0.3699301 0.3597691 0.3432476 0.3749781 0.3982519 0.3993087 0.3461866 0.3001371 0.2435 0.1945646 0.1906734 0.1242339 0.09364282 0.08339499 0.06843826 0.05384367 0.0604756 0.08023353 0.1160278 0.133255 0.1300164 0.1244022 0.1396184 0.09014429 0.1037937 0.1528163
0.1515661 0.1087293 0.05237338 0.0677857 0.06005203 0.0613481 0.06549009 0.05150866 0.04783279 0.08088155 0.1256171 0.07787202 0.06716318 0.1173796 0.1463754 0.1275935 0.1604024 0.2493414 0.2497274 0.2084337 0.1713871 0.1719024 0.2023614 0.2833314 0.3497174 0.3265288 0.3121834 0.3242862 0.3280526 0.3261304 0.3157679 0.3172323 0.3187821 0.3385582 0.3557423 0.3659426 0.3610788 0.276287 0.2363518 0.211031 0.1772693 0.1330899 0.1048023 0.0734304 0.06663147 0.06992426 0.1037127 0.127736 0.1542811 0.1801545 0.1754624 0.1968143 0.1695157 0.1646492 0.2574002 0.1769274
0.1355592 0.1009732 0.04711277 0.04488267 0.05827398 0.058932 0.05009409 0.04850503 0.05436611 0.05297556 0.07268526 0.07629701 0.06070025 0.08257274 0.1609465 0.1310129 0.1546009 0.1802171 0.174039 0.1868597 0.1393567 0.1657118 0.2011361 0.2689145 0.3114733 0.3101161 0.3090096 0.283008 0.2827691 0.2851251 0.2792983 0.284228 0.2912347 0.2969449 0.295465 0.350481 0.3152661 0.2464208 0.2134448 0.1844467 0.147083 0.1376557 0.1008848 0.06670489 0.06465162 0.08611788 0.1111498 0.1486003 0.2014152 0.194067 0.1844766 0.1567643 0.1641753 0.159862 0.1974233 0.1356942
0.09486007 0.07580291 0.03290447 0.04790369 0.03606129 0.05505706 0.07382753 0.05752895 0.03874023 0.03714485 0.05362511 0.08401629 0.06018842 0.0929421 0.113165 0.1636753 0.1313027 0.1520512 0.1531333 0.1482507 0.1953797 0.1719731 0.1945458 0.2398033 0.2729658 0.2899439 0.275371 0.266452 0.2656128 0.2809847 0.2889411 0.2688781 0.2454508 0.2675222 0.2805077 0.298745 0.2708522 0.2107529 0.2012792 0.1675292 0.1490829 0.1020131 0.08409742 0.06014829 0.0842454 0.09524864 0.1760612 0.2348713 0.2401594 0.2340411 0.2337682 0.1647357 0.1872881 0.1493348 0.1556943 0.04383064
0.1101551 0.06918231 0.06315867 0.04874183 0.02995627 0.0771364 0.06141055 0.04105103 0.04199166 0.04213753 0.04792883 0.07607044 0.06369165 0.0979977 0.1295094 0.1210667 0.1601862 0.1884069 0.1736964 0.1408219 0.1389465 0.1755477 0.1980524 0.2257446 0.2157242 0.2359733 0.2336346 0.2584513 0.2800723 0.2879879 0.285566 0.2590947 0.2530974 0.2549911 0.2816536 0.2806929 0.276494 0.2097104 0.1954086 0.1960587 0.1546411 0.1121753 0.09700087 0.08067823 0.1059946 0.1513612 0.2261514 0.280943 0.3849843 0.2551078 0.3728904 0.2074105 0.2498171 0.1868026 0.1496302 0.1009677
0.08589023 0.06128436 0.04400406 0.04767716 0.0369924 0.07254138 0.03960179 0.02523069 0.03404478 0.05331058 0.06043186 0.07485583 0.07504968 0.09983516 0.1166025 0.1274107 0.1328515 0.1742914 0.165541 0.1700834 0.1359126 0.1793233 0.2430942 0.2054914 0.1922799 0.171778 0.2172552 0.2938401 0.2950345 0.2694671 0.2598119 0.302401 0.3013363 0.2906151 0.3026432 0.2458019 0.2349092 0.1923884 0.180747 0.1579826 0.1048779 0.07781214 0.08575332 0.124954 0.1590125 0.1945296 0.2330995 0.2786266 0.3610584 0.3086847 0.3096166 0.1994821 0.1851256 0.1606555 0.1804613 0.1516129
0.08446737 0.06775357 0.03843727 0.04848224 0.05115127 0.04226308 0.03178651 0.02807344 0.04090225 0.05218088 0.06375989 0.1112248 0.1032566 0.1329138 0.1092175 0.1065725 0.118943 0.08903239 0.13435 0.1484335 0.1262993 0.2030836 0.2765101 0.1823861 0.156456 0.1347839 0.1712596 0.2290923 0.2371048 0.2419086 0.2458688 0.263895 0.2901286 0.3055705 0.3040077 0.2227932 0.1779432 0.166912 0.1605498 0.1166189 0.06563785 0.06643941 0.09181179 0.1386656 0.1648715 0.219935 0.2460723 0.306603 0.4634764 0.3309868 0.2444778 0.221108 0.1595773 0.1678704 0.188865 0.1260887
0.0921409 0.05785844 0.03670026 0.03799218 0.05242784 0.05190522 0.04874483 0.0754104 0.1054663 0.112518 0.1253476 0.1606194 0.186464 0.1812175 0.1309393 0.1125215 0.1313829 0.175128 0.1447638 0.1457519 0.1713123 0.2273032 0.2488334 0.1939304 0.1748694 0.1598982 0.1706878 0.2309031 0.2480423 0.2329097 0.2603272 0.2852114 0.2640299 0.2552632 0.2410828 0.1915107 0.1404972 0.1384029 0.1207205 0.103481 0.064471 0.06849401 0.08453594 0.1607357 0.2049538 0.2636597 0.2887121 0.3389417 0.4407333 0.2738875 0.2701549 0.2054496 0.225943 0.2085109 0.2141082 0.116129
0.1030046 0.070117 0.04284416 0.02764306 0.0274903 0.06659863 0.0615945 0.07819261 0.1214941 0.188807 0.1343947 0.09609102 0.09352791 0.1086201 0.1162052 0.1793987 0.1603285 0.1657045 0.1719266 0.1695004 0.1539326 0.2060555 0.1770799 0.1852696 0.2107819 0.1756357 0.168346 0.2075729 0.2210882 0.2021983 0.2272028 0.2461139 0.243344 0.2105217 0.2179558 0.1779346 0.2104642 0.1455808 0.1186831 0.1080557 0.07840192 0.065982 0.08930236 0.1744113 0.2567695 0.313424 0.413456 0.4349676 0.3555295 0.3910947 0.4243895 0.2970625 0.3030933 0.2619568 0.2299073 0.09084677
0.09921644 0.05305824 0.02317829 0.0238535 0.03223315 0.08686721 0.058453 0.08491547 0.07284325 0.06740317 0.08153056 0.05712149 0.06030254 0.07200307 0.1002925 0.1194772 0.1318502 0.1508201 0.1609213 0.1753197 0.1495137 0.1222278 0.1608138 0.1993633 0.1882012 0.1634967 0.1212181 0.1080265 0.1130087 0.095023 0.1133497 0.2006067 0.1837953 0.1674147 0.1648003 0.1952027 0.3996779 0.1700841 0.1453232 0.143042 0.08730204 0.08168837 0.1058214 0.1712882 0.2611139 0.3659734 0.4589991 0.4580807 0.4131354 0.4771061 0.438251 0.3829032 0.3187097 0.2427016 0.1802822 0.08225808
0.07880434 0.05165584 0.02784895 0.03230386 0.03575953 0.06822484 0.05208991 0.05980394 0.06938058 0.06185406 0.07098969 0.05745039 0.0624778 0.07075647 0.076097 0.1008053 0.1252147 0.1510869 0.1250712 0.1977118 0.1482087 0.08532587 0.1401229 0.1186189 0.106441 0.140068 0.0972083 0.07923605 0.06448877 0.05983826 0.09721439 0.2243247 0.2015731 0.1772566 0.1799471 0.1980185 0.2036033 0.191072 0.1630498 0.1307322 0.1042187 0.08267052 0.1061742 0.1792945 0.25366 0.3926958 0.4170646 0.4023418 0.4801777 0.5049551 0.4782088 0.3745161 0.2818952 0.1714113 0.1534275 0.09197582
0.09463921 0.05548748 0.03431343 0.04172965 0.01087856 0.02091276 0.04271284 0.03103381 0.03012231 0.05254271 0.05923582 0.08423901 0.08954182 0.07596027 0.0664677 0.08560717 0.09198802 0.1073822 0.1160308 0.1675134 0.1275916 0.1121771 0.06787946 0.06351089 0.06248662 0.09871098 0.07575101 0.07649097 0.07093331 0.0792355 0.0999765 0.2197111 0.2125776 0.1659375 0.1537435 0.1844351 0.1855609 0.2059623 0.1835673 0.1203766 0.08392782 0.08239388 0.114939 0.2035903 0.269886 0.3429127 0.3622737 0.4600003 0.4957855 0.4716187 0.4643655 0.361129 0.2632258 0.2131048 0.2094758 0.1470968
0.06443496 0.03421102 0.0431701 0.03247641 0.0147787 0.01808652 0.02586672 0.02829731 0.01516998 0.02768119 0.04129783 0.0492366 0.07511338 0.07467585 0.06891837 0.07236286 0.07577801 0.08994533 0.09582822 0.1088411 0.07736181 0.07252453 0.06406813 0.06170321 0.06382623 0.07246439 0.1395649 0.1350981 0.1405329 0.1116047 0.06945997 0.1552411 0.176175 0.1926761 0.1672344 0.1619143 0.1842574 0.1568614 0.1334137 0.0969603 0.09944689 0.09482077 0.1092812 0.2247974 0.2594363 0.4018104 0.3948095 0.4286353 0.4128868 0.4353534 0.500388 0.4200403 0.3931048 0.3378629 0.3174597 0.1727419
0.04220996 0.02564777 0.02391285 0.01116482 0.01199753 0.01568324 0.02370044 0.02490952 0.01913905 0.0323732 0.04000738 0.04625008 0.08081627 0.08755852 0.08414819 0.08457978 0.0833317 0.1035434 0.1151691 0.09729074 0.0731584 0.08326042 0.07019715 0.07953639 0.05649392 0.1679604 0.2123682 0.1500086 0.1508859 0.1086227 0.06417711 0.1287178 0.1811974 0.1704323 0.1427895 0.1390437 0.126561 0.1216251 0.1162788 0.1353221 0.1240155 0.1279985 0.1908994 0.3253756 0.4041072 0.4507782 0.4331027 0.3264113 0.6317338 0.6289517 0.6770566 0.4287903 0.3545564 0.4462903 0.4291935 0.222379
0.01569196 0.01235818 0.01674295 0.0144805 0.01244235 0.01013802 0.01879735 0.02164575 0.01659073 0.0205148 0.02225537 0.0376543 0.06384014 0.07978147 0.08499303 0.06962179 0.07470667 0.1041737 0.08459003 0.07296407 0.08032043 0.100674 0.1496988 0.1826169 0.0922339 0.1307119 0.1557447 0.1102184 0.1028205 0.04489237 0.1053215 0.2220396 0.1921497 0.1271279 0.1036354 0.1208497 0.1090309 0.1079995 0.1238202 0.1406159 0.1265447 0.1578371 0.2882736 0.4579455 0.477152 0.4005919 0.4284527 0.451492 0.6189113 0.7625806 0.6818144 0.4797984 0.3787097 0.4092339 0.4206049 0.2865726
0.0158068 0.01621881 0.01814403 0.02074254 0.02785913 0.01300172 0.01818273 0.02057892 0.01248638 0.02017538 0.01846542 0.03183854 0.05324151 0.0652736 0.05543585 0.0574743 0.05547651 0.04848063 0.05008525 0.04622614 0.06335194 0.09000226 0.1650863 0.1697042 0.1440389 0.1064157 0.1301339 0.08664776 0.04938013 0.05477901 0.1272049 0.1945749 0.1842303 0.1587325 0.1187007 0.1281796 0.1037696 0.1098228 0.09809309 0.1064843 0.115048 0.1221603 0.2238096 0.4019598 0.3564553 0.3999282 0.4067626 0.424879 0.4598387 0.5615321 0.5011693 0.4164112 0.3680241 0.3360484 0.3193952 0.1792339
0.02256926 0.01636348 0.01503736 0.03764791 0.05063839 0.02214301 0.02110054 0.02223007 0.01702103 0.01334265 0.01239432 0.02564584 0.0350786 0.03748915 0.03879273 0.04194788 0.03827979 0.03691612 0.04218123 0.04986907 0.063283 0.0815624 0.1327461 0.1732913 0.1352204 0.08058263 0.1045659 0.04611209 0.04275871 0.08653864 0.1648107 0.2102205 0.1742121 0.1441694 0.1144234 0.1272849 0.1137936 0.1114232 0.09262131 0.1083681 0.1128259 0.1183342 0.2166889 0.3972143 0.3500368 0.3270292 0.3056129 0.448508 0.5409275 0.5984677 0.3940726 0.255 0.2882661 0.245 0.1582661 0.1283065
0.01959651 0.01831106 0.01879185 0.105188 0.04872952 0.02529308 0.03402551 0.04582299 0.02679883 0.01310047 0.01279823 0.01188363 0.02248494 0.02361028 0.02012181 0.02526416 0.03430064 0.03484375 0.04261937 0.04337835 0.05500365 0.06294432 0.092543 0.1013904 0.05131661 0.04991536 0.06186337 0.06202615 0.05018587 0.09159599 0.1744957 0.1522625 0.1089009 0.0952245 0.0937718 0.1028212 0.1313709 0.09537053 0.06748901 0.09976679 0.1197656 0.1244037 0.1746061 0.2699789 0.3421226 0.4426171 0.3676627 0.4455242 0.5340322 0.4970968 0.3522984 0.1845968 0.2000806 0.2056855 0.1738307 0.12375
0.01165629 0.01015011 0.01275088 0.05737183 0.03036055 0.01615395 0.0244768 0.03575032 0.02793112 0.01848463 0.01643142 0.01456826 0.01856229 0.01918876 0.02460194 0.02746148 0.02698847 0.02457319 0.02738523 0.04202663 0.04815328 0.04768804 0.05534057 0.05278644 0.04014627 0.05083281 0.06859291 0.03319927 0.03633252 0.06169061 0.09762795 0.1018505 0.0794263 0.06071806 0.06385674 0.05370134 0.06671268 0.07960251 0.05624816 0.08588584 0.1139866 0.1418264 0.1917424 0.1802993 0.2354553 0.3799201 0.3230348 0.4032661 0.478871 0.3711291 0.2749194 0.1742742 0.1658871 0.2256048 0.2215726 0.1368548
0.02080673 0.01092548 0.02102079 0.02536495 0.02650633 0.01029062 0.01106904 0.01951483 0.01406419 0.01603156 0.01670229 0.01758899 0.01298271 0.01433527 0.01821047 0.02687838 0.0250958 0.02513076 0.02401451 0.03480714 0.03946003 0.03234904 0.0272572 0.02733232 0.02451504 0.03399857 0.01923836 0.02137367 0.02533231 0.04373418 0.0458084 0.04442032 0.03191476 0.02748069 0.03574082 0.03384789 0.04782866 0.06949195 0.07462247 0.0821034 0.09068397 0.1226658 0.1448708 0.1535202 0.1940675 0.354752 0.2896591 0.4552016 0.4711291 0.2928226 0.2683468 0.2280242 0.1775403 0.1967742 0.2258871 0.1446774
