contrib/geomasonDemos/riftland/riftlandData/RainData/69.txt
ncols         56
nrows         54
xllcorner     28.264
yllcorner     -5.7719999999999
cellsize      0.25
NODATA_value  -9999
[rows 26 to 51 of 54, columns 0 to 55 of 56]
0.1071773 0.1183021 0.08736093 0.09009679 0.07501946 0.09249076 0.07021501 0.04849935 0.02780561 0.03750321 0.06908537 0.08503687 0.07034954 0.07468432 0.08398981 0.06371371 0.06603408 0.05899711 0.07108168 0.1043178 0.1375779 0.1141459 0.1279731 0.1217836 0.106032 0.07640148 0.07455359 0.08961748 0.080441 0.05897382 0.05257438 0.05536405 0.04309895 0.03723137 0.03484993 0.01270552 0.008925098 0.007143038 0.008258005 0.0106725 0.01298758 0.01417867 0.0145481 0.01507443 0.01454616 0.01390683 0.01461785 0.01463122 0.01427435 0.0140789 0.01411417 0.0140487 0.01543385 0.01652829 0.01351863 0.01080316
0.08650022 0.1019283 0.08349466 0.06700152 0.06357566 0.07093164 0.07258177 0.07801457 0.07174597 0.0614548 0.0907883 0.1603396 0.1179436 0.1036783 0.09927855 0.1025896 0.07535082 0.1110368 0.1137141 0.1093465 0.1284423 0.1327845 0.1131515 0.1276934 0.1104911 0.09394524 0.09548459 0.08976496 0.07014143 0.06329246 0.0582561 0.05580467 0.04652153 0.03963486 0.03227188 0.01667742 0.01237963 0.01115659 0.01033689 0.01143101 0.01359617 0.01461375 0.01478366 0.01425921 0.01393451 0.01481994 0.01336611 0.0140083 0.01399848 0.01394005 0.01408204 0.01479593 0.01448132 0.01328939 0.01350587 0.01162056
0.1201873 0.1401355 0.094236 0.09206512 0.09863518 0.0781263 0.05709445 0.07917275 0.0919761 0.08295783 0.1001806 0.1279787 0.1325483 0.1242061 0.07683374 0.07875782 0.0863317 0.20426 0.1015429 0.1006183 0.110586 0.1056075 0.1195333 0.1557952 0.1144933 0.1137336 0.1069573 0.08838166 0.07236343 0.06603373 0.06054219 0.06004783 0.05487869 0.04267664 0.03820934 0.0203101 0.0143538 0.01070894 0.01102686 0.01191792 0.01394399 0.01477275 0.01471884 0.01539567 0.01501755 0.0144873 0.01313677 0.013337 0.01328853 0.01327598 0.01360056 0.01593731 0.01557952 0.01475719 0.01397977 0.01240285
0.1639815 0.1505181 0.1060315 0.1060102 0.07273339 0.05257575 0.05499122 0.08757736 0.1042567 0.07315136 0.06198902 0.07869504 0.0867249 0.09029744 0.05663546 0.06214163 0.08631729 0.06279614 0.16574 0.1210684 0.08562802 0.1006354 0.104753 0.1229804 0.155001 0.13509 0.1263009 0.1110184 0.08041058 0.07247069 0.07107309 0.07722396 0.06094057 0.0445982 0.0396469 0.02594297 0.01531769 0.01140941 0.01515959 0.01205151 0.01389595 0.01457922 0.01427256 0.01337755 0.01246266 0.01203631 0.01288066 0.01251305 0.01248525 0.01253764 0.01306806 0.0140235 0.01630387 0.01530181 0.01550643 0.01381679
0.141431 0.1489449 0.1260994 0.08237775 0.04761586 0.04157567 0.0369115 0.07024632 0.0899425 0.05155216 0.03424361 0.06226941 0.1153083 0.06357063 0.04480349 0.03144358 0.0317498 0.03177373 0.04546953 0.09569421 0.07840715 0.1082953 0.08563818 0.1092612 0.1922452 0.1535766 0.128429 0.1178524 0.09483133 0.08398543 0.0790645 0.08297171 0.06265986 0.0545778 0.04757628 0.04471495 0.0352622 0.01253023 0.01800579 0.01246762 0.01415172 0.01469141 0.0142199 0.01319158 0.01211313 0.01132773 0.01156663 0.01221972 0.01225608 0.01240942 0.01309376 0.01435521 0.01452484 0.01477049 0.01492921 0.01400121
0.1173855 0.1459301 0.09746412 0.06118837 0.03321108 0.0229836 0.04042042 0.07677241 0.08623438 0.07008979 0.06356788 0.09137748 0.08557608 0.05671329 0.02047116 0.03309265 0.04039814 0.047684 0.06900506 0.09493052 0.09686654 0.0929958 0.091543 0.1122333 0.1381578 0.1629791 0.1271689 0.1242272 0.1331211 0.1161342 0.1027874 0.07678851 0.07668615 0.04574552 0.0353999 0.04458648 0.1105312 0.01894209 0.0139797 0.01287066 0.01444758 0.01480104 0.01422026 0.01281074 0.01184553 0.01121715 0.01128717 0.01243048 0.01188509 0.0118647 0.0125113 0.01464003 0.01453158 0.01462793 0.01470664 0.01482883
0.1201148 0.128207 0.08220714 0.05127896 0.02729475 0.01896217 0.04470709 0.07668097 0.07749271 0.05226049 0.05072952 0.07258682 0.0664533 0.0364145 0.01186239 0.04228074 0.04904934 0.06952072 0.09801319 0.1022917 0.101473 0.08900782 0.08976725 0.1162429 0.1312564 0.1928007 0.1435554 0.1421726 0.1842184 0.1445913 0.105271 0.07868228 0.06385332 0.05573181 0.03956182 0.02671935 0.0219717 0.01758458 0.01458664 0.01321953 0.0147062 0.01493909 0.01421676 0.0129245 0.01189151 0.01149488 0.01106072 0.01207073 0.01196562 0.01218284 0.01280933 0.01525514 0.01519473 0.01532834 0.0154466 0.01762729
0.1425524 0.12411 0.06435724 0.06764472 0.03175784 0.04974825 0.05810865 0.06000523 0.06567317 0.04497145 0.03426309 0.04614806 0.04214386 0.02064241 0.02224245 0.02309365 0.05192267 0.07880558 0.09811853 0.07927894 0.07515531 0.07999134 0.08410056 0.1068447 0.13901 0.2583003 0.1926842 0.1455846 0.1641805 0.1676597 0.1106527 0.07868849 0.07404233 0.0525402 0.03867094 0.02708431 0.02081644 0.01597965 0.01501551 0.01351893 0.0148656 0.01538859 0.01451799 0.01332586 0.01236226 0.01145673 0.01161811 0.01272606 0.01271601 0.0130064 0.01404398 0.01601493 0.01623184 0.0161561 0.01685043 0.01648443
0.1450226 0.1080995 0.068028 0.06585106 0.04570203 0.06838067 0.05885364 0.058512 0.06026655 0.05327279 0.0422359 0.0370537 0.03219957 0.0202578 0.02954352 0.04915359 0.05468461 0.05964863 0.07455875 0.06145885 0.06537364 0.06879526 0.07788831 0.09303999 0.1128206 0.1763817 0.1496412 0.1319696 0.1250413 0.1231624 0.1083109 0.08922264 0.09922491 0.0463128 0.03903713 0.02706254 0.02143781 0.01652405 0.01534658 0.01364086 0.01487912 0.0152577 0.01504587 0.01402745 0.01319343 0.01241386 0.01261408 0.0142021 0.01406108 0.01421044 0.01461804 0.01687516 0.0168803 0.01705546 0.01719606 0.01907455
0.11584 0.1088333 0.07413059 0.06761505 0.04971994 0.06563288 0.05476443 0.03516462 0.02943508 0.04211443 0.03590634 0.01817888 0.01106824 0.02292856 0.03267559 0.08535247 0.08267143 0.04303835 0.03856122 0.04092832 0.05306241 0.0443037 0.04462794 0.08612618 0.1171565 0.1621642 0.137536 0.1250989 0.1152389 0.09973011 0.08935709 0.07576269 0.07142365 0.04444635 0.04033916 0.0407301 0.025951 0.01949314 0.01778494 0.0147989 0.01454633 0.01441544 0.01462192 0.01503696 0.01449474 0.01421651 0.01479927 0.01595887 0.01646539 0.01719942 0.01754463 0.02067292 0.01998561 0.01910732 0.01905784 0.01885002
0.1003447 0.09862153 0.05198148 0.0552586 0.04831907 0.04597078 0.0531959 0.04823989 0.02555767 0.0201389 0.02192133 0.01513468 0.01484329 0.02874915 0.04681667 0.08105633 0.07919445 0.04113175 0.04999598 0.03865921 0.03194604 0.02678088 0.04870199 0.09075993 0.1538468 0.1798247 0.1511504 0.108617 0.1109471 0.100726 0.08580812 0.06977403 0.0543185 0.04641419 0.0429608 0.05396782 0.03837814 0.02005362 0.01817813 0.01292877 0.01375673 0.01444336 0.01499177 0.01580197 0.01566318 0.0155136 0.01601745 0.01855241 0.01925385 0.01893985 0.01915682 0.02011286 0.02730587 0.02016005 0.019946 0.01963369
0.09008308 0.06065445 0.03654431 0.03186042 0.02370768 0.02664896 0.03320643 0.03312909 0.02642813 0.01911615 0.0126972 0.01448903 0.01522368 0.01141658 0.02356638 0.05246204 0.07976212 0.06692951 0.04033922 0.02472145 0.01403257 0.02127204 0.04918854 0.1112028 0.1284184 0.1566453 0.1323517 0.1133019 0.1042486 0.09960781 0.08299603 0.06589358 0.05207763 0.04501909 0.04084089 0.04561138 0.03522669 0.01885296 0.01716456 0.01446487 0.01353824 0.01457615 0.01559647 0.01694391 0.01724963 0.01727867 0.0185617 0.01990905 0.01989045 0.02030943 0.02071436 0.02731012 0.0220258 0.02175094 0.02438916 0.003791667
0.09439398 0.06128703 0.02926966 0.02280658 0.02331571 0.02516643 0.026824 0.03157305 0.02939573 0.01851182 0.006749646 0.0266751 0.02534687 0.01008155 0.04188896 0.04575962 0.05025402 0.03748537 0.0460069 0.0291758 0.01319 0.02362541 0.04558167 0.08274128 0.09393655 0.1289424 0.1100733 0.1030513 0.09067955 0.0803388 0.0703162 0.05937624 0.0417912 0.03951434 0.0335284 0.06350434 0.02641355 0.01595705 0.01485087 0.01101099 0.01303149 0.01474586 0.01636897 0.01839636 0.01935814 0.01962403 0.0203538 0.02239341 0.02229614 0.02254605 0.02432165 0.02505748 0.0221092 0.02212873 0.0129332 0.007125
0.100299 0.05630541 0.03012245 0.02921449 0.0182069 0.02259219 0.03976481 0.02926105 0.02638387 0.02464299 0.007906921 0.008854841 0.009424585 0.03386205 0.03372999 0.04844781 0.04148256 0.03469737 0.03162691 0.02860095 0.01393598 0.02487497 0.05584286 0.05546869 0.08150666 0.1408028 0.09760709 0.05477019 0.0332619 0.02764617 0.02354492 0.04043541 0.03035459 0.0259289 0.02014043 0.03700122 0.0191325 0.008823673 0.008822042 0.009945193 0.01192648 0.01402571 0.01635268 0.02227801 0.02464266 0.02562703 0.02666374 0.02449409 0.02730933 0.0342935 0.02429343 0.03265835 0.02669775 0.01255928 0.01513236 0.008666666
0.0893237 0.06004259 0.0298884 0.01465866 0.01512391 0.01739264 0.03160038 0.02280329 0.01195255 0.02169351 0.01983534 0.01845313 0.01010827 0.008962143 0.01581323 0.03573269 0.02085368 0.01863673 0.02354451 0.0209008 0.009335564 0.01450455 0.02755108 0.01883645 0.05375778 0.06963369 0.05646017 0.03617857 0.03880729 0.02438002 0.01890316 0.02226102 0.02346242 0.01660689 0.01440809 0.01216998 0.008739352 0.006467357 0.007129479 0.008792697 0.01143479 0.01419233 0.01717091 0.0242186 0.02733296 0.02875703 0.02943355 0.02642376 0.02644341 0.02544605 0.03852406 0.02581443 0.01259773 0.01140944 0.01291 0.001458333
0.1352672 0.05978782 0.01291247 0.02042235 0.01381687 0.01065793 0.013312 0.02389143 0.01591044 0.01292256 0.014051 0.02604923 0.012944 0.006150307 0.007272734 0.01858507 0.03813216 0.006214748 0.005772533 0.007428095 0.01942453 0.02564934 0.0237612 0.02780638 0.04569726 0.0525507 0.0538849 0.04726956 0.02073858 0.01740451 0.01531643 0.01830065 0.0156988 0.01166687 0.00991862 0.007430086 0.005797061 0.005259372 0.006255132 0.008259711 0.0113474 0.01460538 0.01804722 0.02609843 0.03027402 0.03225496 0.03297434 0.03265837 0.02869047 0.03376928 0.02735461 0.01451566 0.01229993 0.01079557 0.01078639 0.003625
0.08573042 0.03869904 0.01126723 0.01584702 0.01397911 0.0134974 0.01153154 0.01510687 0.01225437 0.01177954 0.01309046 0.01073368 0.006967563 0.007224979 0.01070196 0.01444931 0.02277934 0.01987659 0.008267958 0.01171542 0.02089814 0.01773077 0.01609214 0.0261867 0.03433349 0.04805255 0.03567166 0.0320963 0.03135383 0.02743865 0.02120622 0.01402383 0.01150094 0.009554816 0.009880009 0.035264 0.1157591 0.007095304 0.006102884 0.008223016 0.01152707 0.01507246 0.01886321 0.02788048 0.03236635 0.03514773 0.04371158 0.03076061 0.0349394 0.03055413 0.03443559 0.01979872 0.01747305 0.01516221 0.01271914 0.0009999999
0.06784374 0.03731762 0.02346676 0.01422004 0.01512956 0.01426308 0.01330786 0.0161897 0.01659832 0.01753948 0.01374622 0.008926729 0.01215982 0.01004687 0.009394177 0.01252112 0.01521639 0.01102049 0.01061464 0.00820017 0.004931512 0.005638059 0.007754593 0.01109129 0.01522029 0.01363008 0.003000773 0.002666305 0.006678401 0.0506914 0.02078256 0.007958477 0.01003993 0.009676456 0.005038269 0.04003968 0.2711114 0.008111608 0.006181487 0.009178202 0.01191418 0.01581433 0.02046035 0.03302759 0.03768484 0.04901937 0.04159551 0.03788514 0.03790144 0.0491116 0.03261071 0.01466667 0.007916667 0.005458334 0.006541667 0.005791666
0.08193897 0.04905192 0.02156914 0.02036944 0.01508853 0.0133296 0.01152476 0.01634559 0.01609435 0.01795392 0.01528547 0.01213189 0.009980896 0.01187843 0.009625705 0.015321 0.0149302 0.01296179 0.008289671 0.0055823 0.004949923 0.005138962 0.005509727 0.006009056 0.006976726 0.006604092 0.002187273 0.001822138 0.001746573 0.001637526 0.001471006 0.005064556 0.00445058 0.005624881 0.003866175 0.006378317 0.007011104 0.007644524 0.006425942 0.009078273 0.01243274 0.01655956 0.02169718 0.03441221 0.04070959 0.06670158 0.0451738 0.04424654 0.05325031 0.04387554 0.05289431 0.02120833 0.01133333 0.01004167 0.01020833 0.007791666
0.08006946 0.03818287 0.01624741 0.01715776 0.01620718 0.01836258 0.01249957 0.01237628 0.01424942 0.0173663 0.01728227 0.01615421 0.01508666 0.01225332 0.01127456 0.0107574 0.01255791 0.0146643 0.008398629 0.00674711 0.007596605 0.006719868 0.006101528 0.001829821 0.001948153 0.001821476 0.001678125 0.001986633 0.001162574 0.00105888 0.0009793227 0.003425863 0.003107542 0.003002596 0.0031274 0.004355015 0.004568866 0.008034809 0.009166225 0.01228796 0.01673255 0.01778517 0.02279361 0.03627902 0.04350455 0.0490693 0.04920889 0.0472404 0.05463234 0.0485961 0.04888926 0.01875 0.02408333 0.01908333 0.01141667 0.008708333
0.04696818 0.02720802 0.01509885 0.0124202 0.01100423 0.01216315 0.01062524 0.01199671 0.01419808 0.0167934 0.02071112 0.02643784 0.01502545 0.0125687 0.01967136 0.01618062 0.01564845 0.01640316 0.0139381 0.004951529 0.005002421 0.004998039 0.005003473 0.001764445 0.00176073 0.001678692 0.01165057 0.0116979 0.001788816 0.0008809922 0.000829034 0.0029298 0.002701189 0.002736415 0.003019422 0.004312366 0.004751834 0.006304884 0.008511396 0.01230414 0.01807004 0.01955931 0.02440444 0.03815477 0.04444654 0.04825047 0.04812918 0.06296367 0.05887178 0.04735679 0.04814479 0.01304167 0.02175 0.006166667 0.00825 0.005
0.02432287 0.01645093 0.01404985 0.01096385 0.01047557 0.01000957 0.0102575 0.01154673 0.01339858 0.01811877 0.02415743 0.02202182 0.02157642 0.01785696 0.01945651 0.01561664 0.01444595 0.01565058 0.01340073 0.01014628 0.01236265 0.008318213 0.008750587 0.002515163 0.006610111 0.0100127 0.02870574 0.002667589 0.001566316 0.001040539 0.0007402455 0.002845898 0.002075051 0.00195405 0.002295745 0.004295273 0.00497308 0.007711784 0.01094146 0.01616932 0.02019924 0.02525366 0.03043747 0.03812971 0.0535947 0.05546854 0.0449406 0.009291667 0.02141667 0.005625 0.008375 0.01133333 0.01095833 0.003333333 0.006083333 0.001375
0.01819228 0.01429546 0.01260977 0.01195751 0.009998405 0.009148779 0.01039797 0.01112557 0.01085938 0.01655646 0.03178038 0.02280875 0.0165889 0.01142702 0.01428176 0.0130208 0.01678939 0.01536446 0.01327589 0.0221565 0.01776275 0.006795369 0.007916331 0.009436605 0.002507881 0.002373917 0.001417268 0.0009728521 0.0008145373 0.0008592197 0.0006265413 0.002468862 0.00150044 0.0017384 0.002639237 0.005921903 0.005767243 0.007793134 0.01079358 0.01791371 0.02271638 0.02737262 0.03220846 0.03854586 0.05461073 0.05293876 0.04650801 0.006791666 0.01083333 0.007458333 0.021125 0.01045833 0.003875 0.001208333 0.006624999 0.003041667
0.0319369 0.01600053 0.01324134 0.01285589 0.009678383 0.009246549 0.01135775 0.01079566 0.01004463 0.01066139 0.01595439 0.01543491 0.01348423 0.01607001 0.01542913 0.01516877 0.01304576 0.01083028 0.01736655 0.02440348 0.01324681 0.005647241 0.005179561 0.002403301 0.002352139 0.0009610506 0.0007914715 0.0005000894 0.0003578159 0.0004945098 0.0002918844 0.001198953 0.001223274 0.00150541 0.002281533 0.004540278 0.005640447 0.007772128 0.0110473 0.01798759 0.02289824 0.02736219 0.03181193 0.03783762 0.0420072 0.05268465 0.04500522 0.007416666 0.01954167 0.013625 0.03079167 0.00575 0.003291667 0.006 0.007916667 0.003291667
0.0396262 0.02199074 0.02252209 0.01184398 0.01056176 0.009662835 0.009745183 0.01010367 0.009402249 0.009965502 0.009025519 0.01054031 0.01166569 0.01106757 0.01491541 0.02326885 0.01197207 0.01396437 0.02093578 0.02375448 0.01375295 0.007149293 0.01439589 0.003200358 0.001438309 0.0008984573 0.0007273915 0.0004464616 0.0003049812 0.000232023 0.0002366207 0.0009681564 0.0009872215 0.001261912 0.002144593 0.004142857 0.005144583 0.007220868 0.01017264 0.01671877 0.02090209 0.02526046 0.02923346 0.0347191 0.03897457 0.05169686 0.04305218 0.005458333 0.01008333 0.01066667 0.015625 0.003625 0.001875 0.006333333 0.002875 0.003916666
0.04311308 0.02324993 0.02215118 0.01364555 0.01033514 0.00916738 0.009118488 0.01395409 0.0136302 0.01299006 0.01047799 0.009716272 0.01041547 0.01234376 0.01899241 0.03471204 0.02580123 0.02236274 0.03084167 0.03634849 0.02300343 0.01487387 0.01556189 0.007226631 0.003731444 0.003130225 0.002622213 0.001266847 0.0005998853 0.0004227725 0.0004633913 0.0006639633 0.0006782932 0.0009398506 0.002045266 0.003404687 0.004232916 0.005827828 0.007970564 0.01569261 0.01979586 0.02347113 0.02967979 0.03065628 0.03370931 0.03548455 0.03119844 0.0002916667 0.006 0.004708333 0.003416666 0.001541667 0 0.0004166666 0.0007916667 0.003625
