contrib/geomasonDemos/riftland/riftlandData/RainData/69.txt
ncols         56
nrows         54
xllcorner     28.264
yllcorner     -5.7719999999999
cellsize      0.25
NODATA_value  -9999
[rows 0 to 25 of 54, columns 0 to 55 of 56]
0.1725422 0.1302128 0.2283698 0.1644419 0.1463907 0.2290709 0.215746 0.2919796 0.160432 0.1059266 0.09980267 0.2150359 0.2641147 0.2739463 0.4276464 0.4550813 0.4334596 0.5571989 0.4743938 0.3994214 0.2097851 0.1698258 0.1625914 0.2539299 0.2518496 0.2539815 0.2487255 0.3264827 0.336881 0.3179149 0.3301002 0.3644392 0.4409805 0.4962397 0.43397 0.4081825 0.3537309 0.3375408 0.3882594 0.3397434 0.1152058 0.2200971 0.09538513 0.1102625 0.1153324 0.1419956 0.1683857 0.20775 0.1352293 0.149555 0.1504982 0.127982 0.08501409 0.05067307 0.03724902 0.05117454
0.2028523 0.2255518 0.2686715 0.2290465 0.1492787 0.2313089 0.2131032 0.147375 0.1459803 0.1354864 0.1316145 0.2041803 0.3733273 0.2615418 0.337333 0.3290573 0.2857566 0.3287972 0.3780883 0.317531 0.1430818 0.1697749 0.2200234 0.246886 0.2369011 0.2643945 0.2389446 0.3051091 0.3002923 0.2594248 0.2530235 0.3646689 0.3999076 0.5143527 0.4803299 0.4361882 0.4755885 0.3709898 0.2950032 0.3237795 0.1505591 0.165148 0.1715204 0.1529659 0.2357221 0.1117876 0.1150659 0.1869882 0.1580302 0.2023468 0.178773 0.09338497 0.04308489 0.03009297 0.02633926 0.0416925
0.1855745 0.2527887 0.3333308 0.2177699 0.2178918 0.1947559 0.1413992 0.1420633 0.1514587 0.2028105 0.1714595 0.2313578 0.231873 0.2330421 0.2096149 0.2771266 0.2728763 0.2844331 0.4248752 0.2973162 0.1804253 0.1449992 0.1552418 0.2428076 0.2638136 0.3839521 0.3020395 0.3092254 0.316879 0.2501116 0.2074385 0.2548184 0.3477683 0.5048084 0.5375023 0.5004286 0.424307 0.2707386 0.2540445 0.2970734 0.276561 0.2652479 0.240366 0.2240602 0.2511283 0.1144377 0.09348068 0.1411106 0.1436168 0.08994521 0.1425985 0.03261772 0.0386347 0.02004808 0.01816877 0.01785279
0.1861218 0.1867456 0.1783987 0.208254 0.22987 0.1299849 0.1796692 0.1572365 0.1778592 0.2534992 0.1801652 0.2611108 0.2010038 0.2432331 0.2695253 0.2954645 0.2709593 0.3890729 0.3484017 0.2396343 0.2043577 0.179044 0.194089 0.2427034 0.2922691 0.2969941 0.2812096 0.2876697 0.2867324 0.2630031 0.2084672 0.2695517 0.3706578 0.5334023 0.5537181 0.5564132 0.3384453 0.2504683 0.2396351 0.2547287 0.2165053 0.2631624 0.2107346 0.2133235 0.1562421 0.0591751 0.1143724 0.1464384 0.1395002 0.1091717 0.07704039 0.06590711 0.03713281 0.01777615 0.01257311 0.01779777
0.1548666 0.1740351 0.1577275 0.1549125 0.1705467 0.1727279 0.1999501 0.1407101 0.2370625 0.2748814 0.2112479 0.1820526 0.1605178 0.1833413 0.2930834 0.4399644 0.3354008 0.3457602 0.2160505 0.215834 0.2000114 0.1925826 0.1958516 0.257873 0.2389682 0.1716284 0.1674212 0.2585196 0.2559839 0.2469146 0.2378504 0.2744293 0.3250774 0.4840512 0.4526632 0.4805526 0.3126826 0.170261 0.1242305 0.1492135 0.1882759 0.1705107 0.2114164 0.2916726 0.1909876 0.1949709 0.1472972 0.08744679 0.0995407 0.07848774 0.03123832 0.02228858 0.02098729 0.01671978 0.01328957 0.01197177
0.1062488 0.1303781 0.3077823 0.1766427 0.1787067 0.2322887 0.2293985 0.1441846 0.1503237 0.3591466 0.3436188 0.1730748 0.09020833 0.1188176 0.2886427 0.368275 0.3037224 0.2577241 0.1558471 0.2007498 0.1463212 0.1802112 0.20849 0.2185515 0.1894542 0.1627037 0.1823945 0.1885916 0.2003018 0.2157634 0.223588 0.245701 0.2396204 0.2963471 0.2350544 0.2260882 0.2107571 0.112013 0.09676826 0.125636 0.1750981 0.1836343 0.1659698 0.2772813 0.2522193 0.2419728 0.153152 0.07106876 0.07098808 0.04038413 0.01639251 0.01407831 0.0139444 0.01285775 0.01334007 0.01212691
0.1129142 0.1196941 0.1499706 0.2141143 0.1594671 0.2170288 0.200966 0.1552425 0.2250575 0.3686774 0.2451609 0.09648217 0.05090023 0.08862159 0.3208401 0.4536321 0.2383011 0.2196209 0.1520992 0.1910283 0.1897736 0.1664397 0.2275756 0.2931511 0.2433128 0.1629339 0.1385887 0.1704176 0.1780713 0.1547406 0.1458351 0.1549106 0.2087808 0.2254516 0.1400345 0.1321992 0.1324003 0.09000353 0.08412248 0.1055685 0.09467164 0.1613474 0.09959833 0.1491046 0.2130905 0.2205651 0.1588815 0.06153033 0.02873405 0.01626989 0.0164087 0.01599785 0.01554152 0.01434528 0.01453349 0.01324648
0.1626475 0.2354096 0.1767141 0.2289339 0.1790902 0.1928215 0.1794811 0.1923071 0.2651874 0.2045046 0.1323774 0.07460265 0.04874757 0.07491232 0.1116128 0.1640169 0.2651877 0.1027032 0.07436071 0.1431801 0.1627663 0.1481949 0.1675047 0.2254291 0.1361026 0.1441245 0.1291288 0.08236838 0.110135 0.08691495 0.09613781 0.1068984 0.1890813 0.1496314 0.1183523 0.1089673 0.06617343 0.03705636 0.09349844 0.1008669 0.06651077 0.06137192 0.08254717 0.01835033 0.06960385 0.09284631 0.08113828 0.03014143 0.01706351 0.01479136 0.02000103 0.01836547 0.01737902 0.0161288 0.01596608 0.01462682
0.1734689 0.1656869 0.159056 0.2523448 0.1635263 0.1401485 0.1884533 0.2585648 0.3046937 0.201643 0.1383158 0.07532999 0.08956914 0.06103558 0.07916897 0.1311218 0.2473965 0.1444688 0.05037878 0.08400308 0.1720116 0.2252692 0.1212166 0.1006703 0.08253306 0.07571426 0.1063264 0.06846467 0.03170771 0.1025903 0.1333812 0.1350026 0.1253483 0.08953685 0.1182765 0.1036262 0.0578755 0.03676798 0.04103468 0.04142577 0.0306124 0.02655226 0.02610169 0.0199771 0.02316033 0.03075235 0.02789002 0.02385504 0.02003142 0.02148057 0.02042886 0.02113559 0.02027976 0.01897746 0.01850974 0.01708408
0.1494895 0.1609558 0.137304 0.2655541 0.2000051 0.1363034 0.1890098 0.2381853 0.2396323 0.1834775 0.1699436 0.1040354 0.05096884 0.04432588 0.04828219 0.1107272 0.1228419 0.1479796 0.0693479 0.09050541 0.1684634 0.2351746 0.1295269 0.1007021 0.04697528 0.04275671 0.03554539 0.06161753 0.01441363 0.02147638 0.05115889 0.07776306 0.06580144 0.02547196 0.04350735 0.06251927 0.09020545 0.08380593 0.04136586 0.04752542 0.05646214 0.06776856 0.04090438 0.03085963 0.03051989 0.02436486 0.02006574 0.01699795 0.01972683 0.02512821 0.02727146 0.02467481 0.02378522 0.0225691 0.02215562 0.02085815
0.1234198 0.1475003 0.1663729 0.1823113 0.1033718 0.1057955 0.1405278 0.1551901 0.1364335 0.1351152 0.1599377 0.1149041 0.04719658 0.0328069 0.03222699 0.06232375 0.1177037 0.1338305 0.08659915 0.146324 0.2196123 0.1886118 0.126374 0.07638977 0.06887611 0.03659389 0.01960033 0.01782515 0.01722127 0.004756879 0.01327704 0.01582015 0.01132547 0.02896924 0.04969726 0.05208263 0.1035356 0.07946653 0.0347719 0.08135397 0.07521674 0.08491755 0.04841863 0.03524625 0.01699013 0.01664678 0.01760246 0.01888618 0.02154856 0.02358654 0.02557033 0.02609904 0.02517807 0.02413921 0.02389263 0.02283103
0.07703653 0.1172523 0.1605631 0.1606996 0.09516803 0.114433 0.1499393 0.2456556 0.1689251 0.1335774 0.1208075 0.06467027 0.06283761 0.03056461 0.04039694 0.07037368 0.08121281 0.1246281 0.2048074 0.124743 0.1670419 0.1661437 0.06798096 0.02610607 0.01754193 0.01569162 0.0124873 0.01449395 0.01549396 0.008721385 0.00904776 0.01511811 0.03763933 0.06079804 0.08497216 0.07436711 0.08139502 0.06859561 0.03298472 0.04317236 0.04926285 0.02563031 0.02313998 0.02094912 0.01885391 0.01713597 0.01663871 0.01578098 0.01583096 0.016172 0.01678751 0.01966906 0.01856647 0.01781009 0.01767966 0.01659315
0.1062885 0.2079917 0.2390424 0.1723495 0.1412391 0.1654843 0.2032335 0.2034345 0.169035 0.231057 0.1583843 0.1114938 0.07595647 0.08964048 0.07197449 0.1332421 0.08320438 0.09734735 0.1189935 0.1277311 0.1089059 0.07724927 0.06432834 0.04612555 0.01447926 0.006176963 0.006216402 0.003995303 0.004062425 0.004223153 0.006095693 0.006538894 0.02809864 0.0586614 0.0653815 0.07420316 0.04838431 0.05234166 0.02619101 0.02403862 0.02243822 0.02073655 0.01958945 0.01980535 0.01827165 0.01678228 0.01615471 0.01495637 0.01538679 0.01582972 0.01629447 0.01897525 0.01787467 0.01705092 0.01687643 0.01601667
0.1993317 0.2219716 0.2810655 0.216562 0.1560976 0.1609652 0.1864248 0.1735175 0.2257051 0.1889878 0.1336446 0.08941736 0.07937266 0.1326441 0.1077414 0.08319596 0.08786024 0.09342907 0.09742066 0.07306334 0.06367461 0.05238958 0.03281158 0.02438487 0.01957082 0.0036627 0.002648459 0.001328748 0.001368093 0.001501334 0.001741755 0.0148514 0.01839923 0.03979411 0.05597368 0.07364202 0.02601338 0.0254098 0.02668777 0.02561035 0.02258282 0.02005214 0.01919826 0.01924799 0.01796783 0.01659627 0.0158796 0.01445651 0.01494815 0.01527527 0.01540065 0.01773129 0.01658464 0.01568395 0.01545864 0.01470781
0.21762 0.2729407 0.2686563 0.238763 0.1709264 0.1135295 0.1457694 0.2064196 0.1832901 0.2162513 0.1231948 0.09165767 0.09870436 0.1502118 0.134655 0.08976906 0.1225528 0.1392643 0.0897449 0.0498753 0.05134987 0.04872285 0.03972504 0.007930848 0.005842728 0.0009422197 0.000925872 0.001040042 0.001012812 0.001104909 0.001304993 0.002101291 0.004431158 0.015455 0.027287 0.0199359 0.02389258 0.02608033 0.02796545 0.02308097 0.02237021 0.02136722 0.02038906 0.02021818 0.01875398 0.01717055 0.01609545 0.01449428 0.01476441 0.01490941 0.01478309 0.01670029 0.01549066 0.0144809 0.01408934 0.01315226
0.1682163 0.2165911 0.2539464 0.2238235 0.2145698 0.1692792 0.1478826 0.2717799 0.2335055 0.1533879 0.1029031 0.1455452 0.1908263 0.1604935 0.1398539 0.1253853 0.1246446 0.1424177 0.1164676 0.0441127 0.06449278 0.08655094 0.08318421 0.01872971 0.002525178 0.001225735 0.001122587 0 0 0 0 0.001917437 0.003065593 0.007319559 0.01038011 0.01627232 0.01954366 0.02146129 0.02303606 0.02197083 0.02167727 0.02111734 0.02045048 0.0215734 0.0200955 0.01844611 0.01722229 0.01501055 0.01493305 0.01480164 0.01443858 0.01577406 0.01437834 0.01309335 0.01367449 0.01216175
0.180861 0.2307167 0.2103141 0.1709672 0.1934698 0.1601614 0.1325112 0.1485119 0.1745623 0.1348312 0.08893614 0.09887316 0.1224308 0.1532513 0.1590415 0.1531651 0.1204162 0.1025687 0.08134741 0.04311283 0.05141462 0.06838808 0.0826306 0.01804787 0.01164858 0.001423515 0.0008329143 0 0 0 0 0.0009715859 0.001273716 0.005255361 0.01305077 0.01386068 0.01753119 0.01948105 0.02126791 0.02074398 0.02099508 0.02082413 0.02044289 0.02176504 0.02043008 0.01890158 0.01763725 0.01536743 0.01506624 0.0145939 0.01404985 0.01476445 0.01320462 0.01183123 0.0114192 0.01035446
0.2756148 0.2325815 0.2502577 0.2583281 0.2198425 0.2018445 0.1582867 0.1376181 0.1409477 0.1160193 0.0746804 0.05611492 0.08170304 0.1180811 0.104454 0.1056074 0.0869503 0.06989492 0.06967241 0.07540693 0.04415481 0.02727486 0.04452356 0.01641817 0.008681797 0.0018954 0.001416854 0 0 0 0 0.0009718624 0.001110292 0.004787458 0.007734046 0.01955351 0.01672434 0.01879609 0.02067221 0.02017873 0.02063545 0.02061375 0.02032384 0.02173856 0.02057357 0.01927084 0.01815278 0.01597819 0.01621871 0.0146871 0.01391109 0.01411258 0.01251852 0.01110463 0.01027831 0.009334261
0.3128127 0.2182238 0.2827922 0.3163451 0.2666304 0.2229314 0.1629495 0.1620876 0.1210536 0.1178075 0.04266277 0.04470865 0.0729 0.1049189 0.1246502 0.1070024 0.1386274 0.1026608 0.1396823 0.1230669 0.08681104 0.03564891 0.02722728 0.01585959 0.005707112 0.003941478 0.007316487 0.0001132636 0 0 0 0.00191848 0.001716744 0.004633198 0.007498988 0.0164286 0.02204332 0.01811705 0.01992021 0.01953221 0.02025606 0.02032291 0.02015537 0.0218069 0.02085909 0.01972366 0.01874615 0.01687282 0.01659943 0.01540727 0.01402787 0.01357168 0.01193838 0.01296556 0.009631257 0.00856523
0.3525052 0.244053 0.2257275 0.2568175 0.2602486 0.1982929 0.1529083 0.1206479 0.1093163 0.08832729 0.03939288 0.05607812 0.09899637 0.1725277 0.1400606 0.2607692 0.1688364 0.09342943 0.1184583 0.1148358 0.08174609 0.08623512 0.05526616 0.03342725 0.02054685 0.01762309 0.01282217 0.009560925 0.00807523 0.006937832 0.006126212 0.005447243 0.004579588 0.005123704 0.007208445 0.01054597 0.0136062 0.01536423 0.01703831 0.01728045 0.01862593 0.01911556 0.01914455 0.0199016 0.01958289 0.01888446 0.01816707 0.01860164 0.01692668 0.01583334 0.01437488 0.01279562 0.01122603 0.01233221 0.01043331 0.008657182
0.3485777 0.28534 0.2532212 0.2525068 0.291364 0.2106904 0.1663011 0.1317826 0.1791928 0.1356149 0.06168094 0.1141553 0.1576557 0.12212 0.1660203 0.1897786 0.1205724 0.1480099 0.230299 0.1205171 0.07798859 0.07610341 0.04835352 0.03746375 0.03834016 0.02165573 0.01600704 0.01270153 0.0108998 0.009371225 0.008216358 0.007169313 0.005829983 0.00501933 0.006433147 0.008611483 0.01143513 0.01305218 0.01465445 0.0153753 0.01701433 0.01774872 0.01798684 0.01881381 0.01871062 0.01819499 0.0177028 0.01776941 0.01726066 0.01627561 0.01485008 0.01287185 0.0114458 0.01021781 0.009270002 0.009155514
0.3480553 0.2297412 0.2122611 0.2837931 0.2088609 0.1499595 0.1326145 0.1601932 0.1231751 0.1246802 0.07202036 0.05031129 0.04984186 0.07794265 0.1967845 0.1318756 0.126967 0.1813196 0.2662744 0.1826596 0.1044122 0.0903189 0.0620246 0.04414294 0.04080541 0.02693494 0.02432699 0.01879788 0.01713792 0.01323137 0.01141612 0.01014255 0.008330226 0.007056267 0.006497449 0.006997738 0.00946525 0.01084263 0.01232439 0.01362331 0.01547925 0.0163992 0.01678753 0.01768321 0.0176703 0.01729499 0.01842902 0.01757446 0.01721936 0.01641211 0.01515712 0.01293934 0.01170611 0.01061435 0.01029365 0.009382311
0.2520154 0.2477883 0.2096528 0.1734958 0.1360034 0.1016637 0.1375339 0.1948622 0.1506544 0.08017582 0.02932142 0.02990475 0.04123523 0.05627107 0.108188 0.1492419 0.09849294 0.1119147 0.1562683 0.1120811 0.09787848 0.09884718 0.0659368 0.07163009 0.0580441 0.03707169 0.03488759 0.02803201 0.02421461 0.02018396 0.01647277 0.01485925 0.01340744 0.0103673 0.008787973 0.005888706 0.007836882 0.008972265 0.0104204 0.01251534 0.01498803 0.0156724 0.0161198 0.01702567 0.01703761 0.01671837 0.0165938 0.01744684 0.01722986 0.01660519 0.01559301 0.0134236 0.01233808 0.01169015 0.01053505 0.009243151
0.1710111 0.2264112 0.1625051 0.1161429 0.1019538 0.114384 0.1146343 0.1445637 0.1192167 0.04313564 0.03747008 0.03588773 0.04320255 0.06231036 0.09359664 0.1655642 0.2134036 0.1612091 0.1497228 0.1197262 0.111296 0.1672025 0.1047506 0.09000675 0.06701875 0.06039555 0.05451856 0.04809871 0.04742187 0.042465 0.03811275 0.03089735 0.02597279 0.02190351 0.01820594 0.00970532 0.007256038 0.007572732 0.008877199 0.01147375 0.01372377 0.01493847 0.01603547 0.01722776 0.01608862 0.01549387 0.01533048 0.01649437 0.02244111 0.01878559 0.01414229 0.0133273 0.01253709 0.01179516 0.01342428 0.009364528
0.1361683 0.1577275 0.1409434 0.1009652 0.07687058 0.06949679 0.08222669 0.08420095 0.06185386 0.0407296 0.04245132 0.02009138 0.05868087 0.07498364 0.06759381 0.0600385 0.1042208 0.08902158 0.1795938 0.1147039 0.1137956 0.1842068 0.102359 0.09050092 0.07405655 0.06493058 0.05915453 0.05765945 0.05542368 0.05080404 0.04560499 0.03717939 0.03357678 0.02671186 0.02182863 0.01143643 0.007687232 0.006628185 0.007919094 0.01061033 0.01298619 0.01432491 0.0183787 0.01566953 0.01543498 0.01517839 0.0190637 0.02263241 0.02145563 0.01788311 0.01422346 0.01373037 0.01322104 0.01256056 0.01215204 0.01002631
0.1404463 0.1310149 0.1324478 0.1501622 0.09342244 0.06661759 0.05232562 0.04380127 0.02600177 0.03463899 0.02083408 0.05007424 0.06074371 0.1086017 0.1043813 0.05357921 0.0739841 0.05765441 0.1349534 0.1152098 0.136199 0.158574 0.1208155 0.1095016 0.08647991 0.07524468 0.06573018 0.06280006 0.06622309 0.06078968 0.0546177 0.0481458 0.05669771 0.03387571 0.02873791 0.01788399 0.008077357 0.006729314 0.009089566 0.01038216 0.01255637 0.02140288 0.01938438 0.01500381 0.01472295 0.01418813 0.01568615 0.01512594 0.01455648 0.01435517 0.01449106 0.01394356 0.01352248 0.01678239 0.014008 0.01042335
