contrib/geomasonDemos/riftland/riftlandData/RainData/70.txt
ncols         56
nrows         54
xllcorner     28.264
yllcorner     -5.7719999999999
cellsize      0.25
NODATA_value  -9999
[rows 26 to 51 of 54, columns 0 to 55 of 56]
0.1397959 0.1168279 0.09932053 0.1201066 0.08162245 0.06434207 0.02912723 0.02872717 0.02111514 0.02737677 0.04230427 0.0865219 0.09933135 0.08504243 0.08620071 0.06679272 0.06735532 0.047335 0.04736743 0.07906817 0.09332141 0.09359539 0.1263289 0.08656462 0.08997227 0.0640175 0.05020605 0.05775611 0.06575169 0.07963084 0.05554402 0.08554813 0.09955426 0.1189477 0.1273244 0.1295138 0.1358673 0.1503544 0.1324343 0.1180326 0.1194897 0.1085387 0.09508096 0.07207584 0.06548513 0.06549619 0.08227427 0.1331531 0.1528107 0.1458339 0.1631791 0.1199138 0.08896425 0.07467478 0.1217744 0.08614756
0.1522896 0.1130344 0.1025733 0.1333912 0.07855623 0.0357401 0.02717288 0.03173029 0.03718398 0.06365929 0.06236941 0.08999693 0.08837567 0.08620968 0.06946608 0.07297571 0.07596729 0.06642158 0.06698122 0.1085079 0.123243 0.1474488 0.1330691 0.09046453 0.09269071 0.08122414 0.07089089 0.05478922 0.0467607 0.0540911 0.07160034 0.1128439 0.1354192 0.1703771 0.1922856 0.2098535 0.2437207 0.2570869 0.2423167 0.1910675 0.1810014 0.1789729 0.1540802 0.090002 0.08063029 0.0738188 0.07410939 0.126536 0.1662203 0.1375962 0.1758197 0.1870006 0.1388037 0.1117821 0.0809961 0.07709583
0.1220003 0.1358192 0.09834793 0.08585197 0.05373839 0.03957626 0.02728728 0.03806672 0.04673926 0.06893192 0.05585985 0.07273766 0.0917263 0.06896848 0.05903381 0.04993988 0.07741038 0.09807048 0.1090134 0.1303103 0.1182413 0.1322303 0.1328069 0.1166836 0.1189704 0.1254929 0.09503721 0.06232783 0.04892366 0.0660582 0.09126499 0.1329366 0.1621873 0.1943575 0.2192159 0.2544753 0.2806996 0.289351 0.2750098 0.2206025 0.2150871 0.1910641 0.1787564 0.106392 0.08742175 0.1248693 0.1385717 0.1234775 0.1552341 0.148481 0.1376549 0.1677552 0.1246638 0.1172357 0.08774586 0.09885187
0.1790482 0.1562058 0.08687359 0.07880703 0.05414382 0.03675721 0.02824049 0.03266722 0.04953688 0.05517326 0.05957242 0.06824622 0.08921539 0.0905106 0.07216484 0.07062197 0.0770949 0.09469943 0.09926887 0.1028835 0.1021108 0.1125769 0.1257265 0.1470943 0.1289346 0.1404938 0.1659648 0.08955006 0.06297441 0.07433334 0.09815001 0.1401535 0.1597012 0.1832522 0.23067 0.2727302 0.314635 0.3654696 0.3764423 0.2495571 0.2453803 0.2414775 0.2170978 0.1100995 0.1258934 0.1183626 0.132448 0.1215097 0.2811733 0.3304336 0.2192476 0.1502459 0.1342787 0.1337915 0.1161223 0.1320906
0.2159537 0.2026904 0.1124257 0.08371691 0.04565655 0.02193568 0.02515245 0.04228602 0.06449806 0.0529132 0.05900313 0.06647094 0.07950483 0.07513207 0.068636 0.05581218 0.05241968 0.08625916 0.0561629 0.08584373 0.09740853 0.0933397 0.1305214 0.1379646 0.1416826 0.1214496 0.1346874 0.1226165 0.08053449 0.08131947 0.1032864 0.1392083 0.16248 0.17934 0.2144805 0.2653087 0.3565896 0.4023011 0.3942432 0.2752795 0.2527565 0.2409774 0.1958274 0.1349634 0.1343188 0.1378251 0.1182492 0.09693974 0.164448 0.3028657 0.2756193 0.2103128 0.1607831 0.1255365 0.1175825 0.122397
0.1945704 0.1733382 0.1105063 0.06554491 0.03662343 0.02285805 0.03055308 0.06500987 0.07648006 0.07587834 0.05544936 0.0483561 0.04908336 0.05131044 0.04494642 0.04745789 0.04504679 0.06998524 0.07978212 0.09061401 0.08663291 0.08290658 0.09289891 0.114865 0.1371687 0.1286332 0.1527215 0.1389543 0.1228245 0.1151093 0.1275475 0.1418522 0.1614958 0.1835291 0.2129239 0.263532 0.3679218 0.3473523 0.3369037 0.2521742 0.2585139 0.2417493 0.2346156 0.1542055 0.1221346 0.1183801 0.144009 0.1969072 0.1695576 0.2382178 0.3125245 0.3115709 0.1862312 0.1248543 0.1134983 0.1322058
0.1579863 0.1302421 0.08243889 0.04957307 0.05415616 0.02660259 0.03742029 0.07015786 0.05733751 0.06686985 0.04548283 0.04457787 0.03829577 0.04347022 0.04585962 0.037747 0.06096138 0.07067504 0.06772593 0.07121423 0.07667924 0.08278047 0.0943241 0.12051 0.1382469 0.1256198 0.1471339 0.1561906 0.1541556 0.133087 0.1353652 0.1428402 0.1563488 0.1961472 0.1997212 0.2452709 0.2720793 0.3063391 0.2952128 0.2482216 0.224557 0.1848282 0.1652336 0.0974562 0.08077769 0.07825737 0.1407171 0.2475259 0.2120617 0.276194 0.3206718 0.2617331 0.1730851 0.161214 0.146487 0.1167069
0.146389 0.1119001 0.06066609 0.0507362 0.0375538 0.03116031 0.05743798 0.07192136 0.06319299 0.0373733 0.02723246 0.03897667 0.04706589 0.03285179 0.04584463 0.04788512 0.0440778 0.0692201 0.07128424 0.07209461 0.07644594 0.07270506 0.07651458 0.1059336 0.1414157 0.1500773 0.162579 0.132567 0.1443784 0.1421487 0.1384503 0.1304419 0.1716909 0.1751834 0.1877607 0.2066755 0.2325828 0.2623149 0.2410568 0.2039848 0.1776057 0.1540344 0.1366278 0.07774823 0.07050666 0.07074363 0.09549513 0.09885579 0.1212143 0.154903 0.1828929 0.1907509 0.1841463 0.1563631 0.1321877 0.06501175
0.2076485 0.1066057 0.06002287 0.05002292 0.03821667 0.04846757 0.05947132 0.07144304 0.04210018 0.02082941 0.02081855 0.02566609 0.03133129 0.04557341 0.05205307 0.04869152 0.06576148 0.07638743 0.06455753 0.06048999 0.06964477 0.06428824 0.08910559 0.102698 0.1414654 0.1429 0.1501022 0.1083577 0.1022388 0.1169735 0.1295866 0.1169648 0.1428323 0.1337409 0.1435668 0.1692984 0.2070471 0.1951643 0.1835175 0.163619 0.1392891 0.1373125 0.1199492 0.07802278 0.07494666 0.08991671 0.09622195 0.1205489 0.09506396 0.1142225 0.1315095 0.2201446 0.1807305 0.1364917 0.09335045 0.06677236
0.1790737 0.1182654 0.08706442 0.08536782 0.06983543 0.05736369 0.04384502 0.06603281 0.03163476 0.01781042 0.03173899 0.05519845 0.04529998 0.04273726 0.0421738 0.05171218 0.07789228 0.07062612 0.0525142 0.04407451 0.03916593 0.04053797 0.04383712 0.07895052 0.1074229 0.1341999 0.1596277 0.087745 0.07264782 0.07615893 0.07974003 0.08931871 0.08478313 0.08727065 0.09435569 0.1078373 0.129294 0.1250542 0.1339238 0.1536962 0.1045531 0.1018377 0.1009423 0.08392622 0.08256958 0.08185406 0.09996784 0.1429814 0.1212597 0.1402375 0.2036775 0.157642 0.1177326 0.1051783 0.08541445 0.04725549
0.1685525 0.1186048 0.0813968 0.1241883 0.0954982 0.05209507 0.03034352 0.03919279 0.037144 0.03104954 0.03985899 0.06217073 0.04628 0.03125855 0.05998164 0.06483711 0.06538206 0.05020787 0.04449094 0.03942624 0.02199638 0.02742698 0.04033742 0.09693345 0.1288999 0.1402142 0.1414677 0.09483393 0.07009497 0.06427031 0.06862021 0.0747627 0.06816097 0.07825336 0.08835149 0.07884967 0.09661478 0.09442911 0.09782574 0.1175606 0.1126733 0.09726608 0.09047262 0.07666859 0.07640084 0.07994203 0.09072614 0.1252234 0.1606833 0.1655362 0.2009975 0.1762963 0.1400548 0.09438941 0.09391017 0.06857845
0.1620025 0.1326573 0.07438109 0.06181813 0.04252136 0.04148635 0.03094348 0.0366675 0.03728047 0.03109439 0.0275812 0.05058448 0.06013745 0.03172792 0.04780132 0.0552809 0.06049313 0.03287277 0.03385196 0.03740077 0.02778383 0.02422929 0.04485657 0.1013519 0.1419284 0.1571136 0.1119617 0.08158132 0.07434153 0.06419884 0.06784483 0.05562657 0.04770641 0.06303993 0.06430909 0.06058448 0.07843344 0.08294178 0.0843022 0.07424998 0.06537657 0.06887671 0.07132357 0.08355441 0.09050421 0.085323 0.09681468 0.1573512 0.157786 0.162886 0.1614775 0.1593362 0.1088063 0.097517 0.09648702 0.01653226
0.1337145 0.08608907 0.05841726 0.02867782 0.04856421 0.04772005 0.03475514 0.04337835 0.04962093 0.04273463 0.03701977 0.04008407 0.06371401 0.04328553 0.04011704 0.02873024 0.02789799 0.02015341 0.02926272 0.02990293 0.01583617 0.02138388 0.07103142 0.07180459 0.118119 0.1336975 0.09341823 0.06943984 0.06082074 0.06791935 0.06156092 0.04325875 0.0425361 0.04432542 0.04662275 0.05194101 0.05193917 0.05947525 0.06098338 0.06168305 0.06379177 0.06466362 0.06868053 0.07451058 0.08096568 0.0937158 0.1216932 0.1552637 0.1647446 0.1756787 0.1704617 0.1905692 0.1159366 0.1060819 0.05749328 0.02133065
0.1570536 0.09523053 0.05238371 0.05488981 0.06595569 0.05978587 0.03510727 0.04020978 0.04709514 0.05247816 0.03812341 0.03193837 0.04613899 0.0279879 0.03970452 0.02326389 0.02933548 0.02034703 0.03013438 0.03303755 0.02408345 0.02488994 0.05381624 0.09690349 0.1600346 0.1796805 0.10175 0.06824721 0.06252632 0.05298502 0.07837072 0.05230817 0.04831611 0.03792394 0.04002989 0.03857189 0.0407012 0.04424381 0.04861944 0.04331063 0.04902408 0.05228895 0.06419973 0.1057212 0.1161354 0.1195707 0.1531198 0.1291644 0.1929936 0.2226585 0.2323117 0.1554933 0.1533256 0.0987945 0.09120558 0.0208871
0.1550668 0.08231226 0.05221437 0.05565114 0.06062757 0.05878096 0.04102125 0.03389236 0.03519441 0.05170617 0.03881946 0.03405774 0.03416269 0.0344264 0.03915149 0.04121659 0.02941977 0.02418963 0.03849267 0.02711169 0.03611014 0.03428213 0.05453927 0.1170977 0.1082922 0.1239676 0.0970932 0.06964492 0.05507819 0.04353613 0.04971531 0.04509802 0.03586683 0.03346277 0.03491896 0.03096242 0.03209782 0.03510346 0.04068301 0.04566458 0.05388716 0.05130922 0.0570938 0.08952057 0.122415 0.1254248 0.1475393 0.1732304 0.1430987 0.1595337 0.1495656 0.1501637 0.1060271 0.1158969 0.1038135 0.02153226
0.1399822 0.09229483 0.05070701 0.05529644 0.05838227 0.04357458 0.03039317 0.03712682 0.04885773 0.03762265 0.03624645 0.03642594 0.05826087 0.04655119 0.02869366 0.03797311 0.03317041 0.03111633 0.03138809 0.03730469 0.02724963 0.08242653 0.08006378 0.1405593 0.09560384 0.1138943 0.1006258 0.1111845 0.09504785 0.03126056 0.02558337 0.02875333 0.02802688 0.02863122 0.02906871 0.02891576 0.02744554 0.02908172 0.03895074 0.03916023 0.04136874 0.04238109 0.055923 0.0896766 0.09902415 0.1238559 0.1406741 0.1705498 0.1724534 0.1517935 0.1745864 0.09886511 0.1121621 0.1209109 0.1152714 0.01423387
0.1108423 0.06909022 0.0550071 0.05002915 0.07148425 0.04074551 0.03662691 0.07666894 0.07122324 0.04448943 0.03999913 0.05190063 0.06658459 0.05542008 0.05121919 0.05054376 0.02882947 0.03908515 0.05671808 0.09381666 0.0427695 0.04475511 0.0621093 0.09663109 0.1042408 0.09326603 0.07938839 0.06167543 0.05003989 0.05210563 0.04759129 0.02638409 0.02472556 0.02635439 0.02816133 0.06828368 0.09524376 0.02800318 0.02577582 0.02634396 0.03096115 0.03920718 0.05242147 0.08392307 0.1128477 0.1273451 0.1304313 0.1416836 0.1727566 0.1474463 0.1596078 0.1240611 0.1229033 0.1134303 0.1041303 0.01568548
0.1013028 0.07832876 0.05470537 0.04636301 0.04033045 0.06803296 0.08148882 0.08388264 0.06250761 0.07832933 0.06041687 0.067134 0.06232335 0.0503734 0.06306198 0.05301583 0.03019861 0.02372474 0.03593088 0.04521273 0.03640868 0.05069606 0.05607279 0.1031832 0.1090921 0.1515287 0.1293211 0.1097847 0.09507947 0.1000836 0.06262951 0.01146892 0.0165556 0.01775715 0.01452476 0.0753728 0.2746417 0.04609379 0.0190493 0.02096089 0.03059043 0.03692469 0.04443051 0.07813448 0.105877 0.1384809 0.1416794 0.1975913 0.1534961 0.1610074 0.1377144 0.04983871 0.06181452 0.04850807 0.04685484 0.03112903
0.1066515 0.07333222 0.05431304 0.05096283 0.05508586 0.07372823 0.07013343 0.083034 0.05967188 0.06016728 0.07864784 0.06430244 0.04531001 0.04368114 0.05793968 0.04828385 0.03544744 0.02507614 0.02450023 0.0250818 0.04246496 0.04687232 0.06980114 0.09891973 0.1148793 0.1182591 0.1244287 0.08932936 0.04974804 0.007065022 0.04207994 0.01273018 0.01133274 0.01236184 0.01401332 0.01142396 0.01436995 0.01534776 0.01821378 0.0206602 0.03368447 0.03646471 0.04696873 0.07160375 0.09472715 0.114644 0.169566 0.1981213 0.1680321 0.1269369 0.1411185 0.05479839 0.0453629 0.03592742 0.0275 0.01798387
0.1201614 0.09008469 0.06851315 0.05489067 0.05341404 0.07268605 0.0916618 0.09985142 0.09211544 0.07892719 0.07403946 0.05564922 0.05369624 0.05804726 0.04987251 0.05210768 0.03150349 0.01986284 0.01630172 0.0163185 0.03191852 0.03964632 0.04190584 0.04635571 0.06511523 0.0721173 0.09603901 0.06517003 0.04633539 0.0649949 0.1031189 0.01644034 0.008322044 0.0076082 0.009228613 0.01081388 0.0157907 0.01737588 0.02149741 0.03189 0.03600891 0.03970267 0.04838522 0.08191792 0.08531648 0.1134476 0.1552061 0.1610311 0.1484396 0.1244209 0.1375724 0.04137097 0.03794355 0.04467742 0.04637097 0.03165323
0.1176895 0.08502223 0.05986202 0.0385071 0.03746637 0.06588154 0.08305485 0.09200414 0.09483476 0.07203653 0.06697429 0.0521229 0.05022109 0.05040874 0.0622784 0.05177852 0.03570401 0.01726515 0.01536823 0.01438433 0.0201884 0.02755544 0.01596067 0.01757392 0.02490889 0.03682121 0.03586108 0.03821866 0.03158133 0.07815834 0.09648594 0.01908151 0.01306762 0.01073961 0.0112836 0.01285015 0.01692436 0.01721625 0.01833424 0.02736868 0.03315734 0.04574068 0.04124867 0.06533735 0.0763191 0.1048518 0.1272107 0.1357473 0.1022532 0.1225751 0.132114 0.0432258 0.04814516 0.05379032 0.1114516 0.07532258
0.118345 0.08358292 0.05380077 0.03710881 0.03521748 0.04619908 0.07121651 0.06412041 0.04429132 0.04123884 0.04766383 0.04837436 0.046473 0.0403577 0.04890268 0.05811556 0.03671547 0.0284535 0.01837095 0.01515213 0.0168061 0.0256004 0.02471608 0.01787097 0.02653547 0.0331306 0.04725067 0.03253838 0.04346143 0.1185851 0.04669623 0.02269835 0.01202582 0.01023707 0.01252037 0.01484673 0.02168358 0.02131933 0.03602166 0.03522505 0.045398 0.04923858 0.05226257 0.08496651 0.09963231 0.141219 0.09358837 0.02092742 0.02391129 0.01596774 0.025 0.03173387 0.02895161 0.05927419 0.07294355 0.07354839
0.1213743 0.07375108 0.05919522 0.04008055 0.03286499 0.04531315 0.04623017 0.05452588 0.0401053 0.04188317 0.04200484 0.03917037 0.03689291 0.03539314 0.05323153 0.05766002 0.0502129 0.04052725 0.0254343 0.02236246 0.01864254 0.03618385 0.04195842 0.02825156 0.01984389 0.03264881 0.03069218 0.05118906 0.04814475 0.06573939 0.04340658 0.04281599 0.02295672 0.01437726 0.01481591 0.01569021 0.01906092 0.02132313 0.02762084 0.04585285 0.0869623 0.05646022 0.0581897 0.08556858 0.08924116 0.07326006 0.09369677 0.03076613 0.0216129 0.01354839 0.02173387 0.01850806 0.0241129 0.04778226 0.08266129 0.07483871
0.1047251 0.07507829 0.06124894 0.0561106 0.049672 0.0425693 0.05242852 0.04930644 0.05362769 0.05179646 0.05278871 0.03802378 0.03211679 0.02663787 0.03743587 0.04801973 0.04159191 0.03677586 0.03281958 0.02578284 0.02320945 0.0232891 0.02367513 0.01968242 0.02966979 0.04057268 0.0432376 0.05889057 0.04581257 0.08128742 0.07976069 0.04824369 0.0467657 0.03660088 0.01629149 0.01818804 0.02145698 0.02571836 0.03220377 0.06692154 0.1047289 0.06753987 0.08182981 0.06266992 0.05451387 0.06540392 0.07552582 0.02020161 0.01814516 0.02637097 0.03310483 0.02649193 0.0332258 0.04758064 0.09479837 0.08818548
0.09142145 0.06644638 0.05193696 0.04864185 0.06475627 0.06235223 0.06038788 0.06016859 0.05252913 0.04031708 0.04014315 0.02968379 0.03408268 0.03218399 0.03324288 0.04489298 0.03968011 0.03294152 0.03921799 0.03672773 0.03335586 0.03120911 0.02456 0.01632448 0.03184362 0.0164796 0.01962905 0.04220378 0.07753877 0.1204803 0.09472923 0.0425647 0.02187529 0.02283809 0.02538378 0.0299776 0.03508289 0.03128378 0.03467146 0.05631716 0.08291085 0.1082998 0.09950589 0.0757076 0.0855304 0.1016999 0.04340339 0.03548387 0.03270161 0.03254032 0.03258064 0.03935483 0.0358871 0.05427419 0.08479838 0.07399194
0.08775862 0.05194664 0.06492231 0.06922682 0.07316472 0.04894166 0.04226677 0.04659604 0.03687821 0.03137839 0.02988104 0.02859593 0.02998847 0.02484204 0.02691682 0.03223432 0.03088238 0.03123686 0.0281347 0.02668491 0.0324952 0.02931531 0.02866001 0.03352172 0.03103487 0.02853633 0.02584076 0.04712259 0.06908788 0.08822776 0.09063256 0.05563994 0.03204582 0.03499421 0.03784161 0.04891931 0.0402104 0.08548031 0.07288523 0.08002625 0.06228008 0.07983203 0.08374806 0.08648366 0.08857241 0.1118008 0.05095064 0.05354838 0.05673387 0.06036291 0.07516128 0.04633065 0.03483871 0.06435484 0.08052418 0.05310484
