contrib/geomasonDemos/riftland/riftlandData/RainData/70.txt
ncols         56
nrows         54
xllcorner     28.264
yllcorner     -5.7719999999999
cellsize      0.25
NODATA_value  -9999
[rows 0 to 25 of 54, columns 0 to 55 of 56]
0.1015737 0.1030983 0.1084153 0.06893753 0.05164508 0.07899214 0.07187336 0.03606793 0.02571735 0.02168321 0.02103802 0.02730218 0.04120755 0.04223433 0.04290907 0.03821126 0.04047173 0.03799371 0.02891453 0.02205229 0.02226825 0.02000104 0.01981038 0.05114031 0.05874186 0.03978538 0.04254872 0.0313633 0.02189198 0.01474615 0.01616499 0.01497949 0.01198658 0.01839815 0.01341199 0.01027048 0.006750064 0.008387177 0.01085502 0.0009283221 0.001031548 0.001214842 0.0009513694 0.005177974 0.01277892 0.006541145 0.003236688 0.008223737 0.01209577 0.02502949 0.02200393 0.02262302 0.01575194 0.00723644 0.004779944 0.007185484
0.1069371 0.1058853 0.07053527 0.06158845 0.05100043 0.05092349 0.05995357 0.04414339 0.02364876 0.02179235 0.02029899 0.02095448 0.01646473 0.03055661 0.02771829 0.02408766 0.03721847 0.03839971 0.02741926 0.01776163 0.01416843 0.01913679 0.02142503 0.05545429 0.07590155 0.03788534 0.02948909 0.04393021 0.03610405 0.02261928 0.01572547 0.02410446 0.01517907 0.01632534 0.0185888 0.01351211 0.008785099 0.00519366 0.005768473 0.0009276129 0.002545892 0.0009510274 0.0003929611 0.004586609 0.007522661 0.005095155 0.004782136 0.01073707 0.02230162 0.01750905 0.01789001 0.01426465 0.01033116 0.01113431 0.006052387 0.004129032
0.09893923 0.0890427 0.07641479 0.07168906 0.07085991 0.03071344 0.03377826 0.01941788 0.0250978 0.02151763 0.01824379 0.01876229 0.01191402 0.0295516 0.04524976 0.01518771 0.02370918 0.02617925 0.01704174 0.00992729 0.009601342 0.01326632 0.02327293 0.05620266 0.05669087 0.02868308 0.02679005 0.03331193 0.02700701 0.02663828 0.01899536 0.02390099 0.03223852 0.02140638 0.02576637 0.021472 0.02634493 0.01815846 0.006677781 0.007564095 0.01323503 0.01158844 0.010509 0.005263285 0.003252409 0.003066868 0.004404382 0.01202782 0.02033051 0.02174278 0.01517505 0.006137619 0.00198695 0.005692184 0.0032718 0.005983872
0.1119755 0.08534669 0.07970517 0.09133799 0.07207371 0.04120892 0.04348141 0.02686502 0.02871214 0.02521994 0.01974641 0.01833025 0.006831763 0.0125193 0.01588901 0.02064583 0.02322083 0.01986785 0.0156133 0.008349839 0.01050769 0.01418976 0.03047998 0.0592264 0.0483102 0.02543677 0.01888796 0.02724304 0.03202022 0.02693719 0.02060144 0.02813262 0.0410582 0.04535991 0.04265361 0.0276663 0.03292185 0.01410942 0.01139474 0.01235996 0.02859132 0.03698476 0.03650237 0.02202489 0.01372498 0.003901499 0.01202472 0.02554182 0.02173466 0.02742962 0.01996667 0.01167536 0.005035162 0.008763945 0.007981069 0.00312096
0.1124484 0.1026755 0.0856953 0.08827929 0.08813738 0.0449428 0.01863175 0.02602719 0.03521695 0.02867706 0.02253725 0.01672837 0.006650037 0.006991798 0.0240725 0.02279053 0.02117942 0.03927908 0.01283991 0.008340339 0.0150688 0.01736335 0.02662984 0.04234517 0.04713519 0.03841095 0.03286549 0.0232498 0.02619673 0.0277907 0.04598183 0.04771097 0.03611989 0.03372957 0.02165287 0.03400623 0.02903617 0.01161349 0.003247625 0.01226354 0.03357806 0.04878001 0.05417987 0.03703689 0.03014171 0.01691762 0.01970493 0.03038499 0.0296275 0.03123744 0.01919755 0.02083303 0.01420048 0.007098884 0.003147418 0.001308586
0.1302194 0.1204103 0.1068928 0.07462331 0.0562961 0.04358774 0.0259452 0.02620075 0.02772015 0.02421023 0.02470009 0.01238511 0.008413367 0.007513555 0.01536938 0.01436836 0.01537542 0.01457477 0.007995648 0.01042677 0.01119857 0.02890495 0.0317103 0.01689533 0.02697845 0.01866926 0.01300741 0.02123538 0.01932714 0.0416285 0.05970461 0.0511847 0.03282231 0.0240431 0.02274356 0.03443379 0.02633214 0.01340583 0.009192065 0.01651722 0.04100179 0.02302707 0.03933129 0.0278932 0.03259742 0.02153851 0.01078458 0.01742397 0.02051808 0.03066268 0.02240287 0.02268755 0.01775497 0.004695667 0.001578754 0.001230669
0.1162482 0.1331359 0.07958845 0.05517364 0.04824714 0.04575371 0.03611217 0.02167248 0.02360294 0.03143985 0.02315727 0.01565128 0.01962254 0.02225678 0.01575236 0.01651163 0.01389967 0.01090059 0.01342665 0.02706102 0.04014463 0.04116863 0.01848819 0.02390934 0.01663406 0.0108467 0.008555313 0.01766269 0.01963969 0.0284266 0.03081241 0.06337699 0.03541619 0.03680729 0.01584397 0.02077938 0.01702083 0.02629901 0.01855097 0.03068326 0.02754753 0.02329634 0.02811389 0.02050429 0.02430077 0.04022864 0.03287245 0.04556823 0.04147212 0.04221612 0.029148 0.03178727 0.02048189 0.00609432 0.0007379295 0.003580324
0.08170098 0.07385277 0.0638214 0.05111387 0.04919924 0.04035232 0.04244092 0.02747511 0.02650769 0.03046564 0.03140605 0.04303981 0.02865812 0.02443133 0.01067968 0.01170056 0.0139313 0.01248573 0.02599697 0.03648736 0.04159548 0.04507947 0.02949539 0.02549925 0.01343541 0.01397753 0.01131729 0.009487235 0.01355527 0.02077577 0.0297 0.03841206 0.03078109 0.0270795 0.01321928 0.01158882 0.0175311 0.02309442 0.02453738 0.01954067 0.01852392 0.02584182 0.01866918 0.01792482 0.02326456 0.03053055 0.04129528 0.07229399 0.07075214 0.06042103 0.06038412 0.02908218 0.01377004 0.01259133 0.00462074 0.006638616
0.0775629 0.06245267 0.07542983 0.05414314 0.0361626 0.03216222 0.04764735 0.04294933 0.03726228 0.03009848 0.01890379 0.02433424 0.03341294 0.0172627 0.006437302 0.01675576 0.02707932 0.02938251 0.02834695 0.03010988 0.03635444 0.04811205 0.05899084 0.03033241 0.01041406 0.00797757 0.01151569 0.01444333 0.01785697 0.01988 0.01947452 0.02649829 0.02318458 0.02451227 0.01848433 0.01862472 0.01803828 0.02799116 0.03441915 0.02358128 0.0159868 0.0121496 0.0152687 0.01836082 0.02131355 0.03069511 0.0219729 0.04310142 0.06641684 0.06063872 0.0426699 0.02379372 0.02097836 0.01401875 0.01121662 0.003485577
0.07808731 0.0473039 0.0581539 0.06328723 0.05382361 0.02800689 0.04584164 0.03821865 0.03690488 0.0419325 0.02624644 0.03279054 0.0556099 0.02953732 0.007429799 0.01698306 0.0247886 0.02759601 0.03034847 0.02797602 0.02661461 0.03199404 0.03602071 0.01412006 0.008151766 0.01882537 0.01331623 0.01052899 0.01278827 0.01237199 0.01401059 0.01462973 0.02128312 0.02318059 0.01972692 0.01918054 0.01598885 0.01661722 0.02295469 0.02277781 0.0294554 0.01421187 0.01358597 0.03721068 0.05446434 0.06296434 0.0464673 0.06451891 0.06353699 0.05361869 0.04441836 0.0210011 0.007492511 7.367141e-005 6.778137e-005 6.370189e-005
0.06874944 0.04892932 0.06800542 0.04958682 0.04130535 0.05131708 0.04364945 0.04901175 0.05064095 0.04753506 0.04665448 0.05148632 0.04516641 0.02724865 0.01377282 0.01844992 0.01954937 0.019521 0.01917065 0.02796543 0.02258092 0.02164007 0.0259903 0.01820567 0.006584008 0.009771731 0.01371622 0.01569322 0.01443433 0.00727454 0.01284347 0.009340804 0.02146463 0.02452422 0.02939658 0.02861496 0.01746267 0.02353637 0.0244046 0.02203941 0.01669369 0.02112864 0.03322429 0.05697757 0.05158107 0.06309051 0.05494425 0.07121433 0.07399696 0.04513124 0.02541899 0.02083881 0.00974769 7.782708e-005 7.013365e-005 6.423136e-005
0.09347972 0.05966999 0.06536582 0.06100687 0.04287346 0.06060377 0.0850039 0.07739337 0.06930815 0.05413061 0.05995446 0.06692813 0.06571007 0.04661521 0.0175548 0.01680767 0.02460866 0.02514333 0.01003828 0.018918 0.02273392 0.01708215 0.01837858 0.01210464 0.002769759 0.005287066 0.008215124 0.006834946 0.006312434 0.003213409 0.005227863 0.02401433 0.04714365 0.02633933 0.02468337 0.03203461 0.03832346 0.02772585 0.0326317 0.01465469 0.02262636 0.01598115 0.02996573 0.05445422 0.04551899 0.03842949 0.01615572 0.01796018 0.01951315 0.01744286 0.01732869 0.005095009 0.001234855 0.001072891 0.002205574 0.002835179
0.08078825 0.06790625 0.06132498 0.06027054 0.04880723 0.06388118 0.1046817 0.06960378 0.07801183 0.05726985 0.06088241 0.06230691 0.06096629 0.04577745 0.02992933 0.03387845 0.03321777 0.06868069 0.02626132 0.02493058 0.01752987 0.01231538 0.007417984 0.001224132 0.0009437603 0.005761531 0.004862983 0.004058385 0.005929522 0.005834666 0.003231915 0.0192285 0.02517042 0.01755197 0.01151001 0.04389121 0.05180578 0.02104977 0.01193361 0.01940334 0.01409037 0.01073024 0.01774684 0.0331404 0.04013166 0.04618035 0.04084281 0.02193948 0.01297984 0.01252039 0.009265109 0.003048991 0.00298611 0.00112174 0.009110039 0.008582016
0.09148026 0.08063181 0.08550457 0.08375947 0.06812046 0.05189652 0.07293714 0.05626158 0.05432322 0.05159193 0.05225284 0.04476209 0.0513136 0.0556883 0.04908541 0.06269401 0.04815335 0.03869131 0.02368466 0.02004343 0.01224187 0.009175218 0.004841043 0.00209548 0.002301845 0.001587967 0.002859982 0.0005758018 0.0008292578 0.003040307 0.0003226262 0.01326308 0.02113204 0.01423704 0.01011512 0.02324957 0.05922633 0.03172375 0.009067291 0.02469512 0.01954737 0.008696981 0.02983278 0.02177908 0.04264389 0.06346039 0.07943023 0.06607609 0.02448315 0.008392925 0.009922344 0.001865002 0.003335799 0.003979323 0.005105153 0.003200393
0.1366382 0.1102138 0.08615389 0.1138625 0.12894 0.1261489 0.1058646 0.05343213 0.05487628 0.05161256 0.04640641 0.03967454 0.04343405 0.03643735 0.03901 0.05641325 0.05140261 0.06262432 0.03658524 0.01463627 0.01249789 0.006840369 0.004503188 0.001959024 0.003712849 0.002710965 0.001133224 0.001145617 6.945091e-005 0.0006139469 0.0003064629 0.01436277 0.01008595 0.0109671 0.009242184 0.008472621 0.01336932 0.02605488 0.01871661 0.01681311 0.01508546 0.01419446 0.02884885 0.03856876 0.0480734 0.05496287 0.06339855 0.04909485 0.01593733 0.01021863 0.008277046 0.007773881 0.003716979 0.001704268 0.001479222 0.001093676
0.1412042 0.1437909 0.1308711 0.1155199 0.0989916 0.07068364 0.06635577 0.0629013 0.05473075 0.04680034 0.03214917 0.03467287 0.02967731 0.03454929 0.03972808 0.04903815 0.03971016 0.05694642 0.05262852 0.02221004 0.007027875 0.005949202 0.00793241 0.001765987 0.001820387 0.003643781 0.002265397 0.001163317 1.477769e-005 0.0005273573 0.0001705737 0.003519301 0.01186098 0.006122859 0.008947573 0.008728163 0.01054634 0.009152914 0.0178278 0.01807436 0.01004046 0.01164283 0.01132561 0.003550278 0.0100516 0.01701245 0.01460201 0.01890849 0.02113954 0.0171325 0.006102851 0.01020685 0.004412027 0.002045784 0.001781028 0.001411079
0.1224841 0.1482765 0.1429466 0.180925 0.1686566 0.0498575 0.07267387 0.1126005 0.0570381 0.03906046 0.05024832 0.0550754 0.03667963 0.03463962 0.0457639 0.06016246 0.03621901 0.03853409 0.03985265 0.0280986 0.01489299 0.008614975 0.002442686 0.004674517 0.005760889 0.003586453 0.0009333363 0.0008986779 2.074757e-005 9.104027e-005 0.0001934599 0.003910156 0.0071386 0.006674342 0.009705001 0.01161392 0.01366759 0.01454908 0.009275372 0.008781655 0.007968049 0.008852419 0.008434423 0.003990926 0.01225917 0.009375524 0.007022254 0.01047698 0.01034206 0.008548657 0.006303574 0.003190819 0.00276552 0.005643473 0.01494279 0.003559767
0.1541199 0.1413236 0.1465849 0.1661536 0.09884423 0.05428324 0.05562223 0.08423413 0.06106618 0.04983962 0.05717842 0.06445982 0.04121672 0.04318629 0.06617129 0.07120215 0.06816775 0.06418911 0.04824244 0.04624964 0.03455597 0.07433316 0.007357017 0.003643305 0.002962873 0.00138446 0.0006941402 0.0008230633 8.749354e-005 0.0001374107 0.0002646997 0.004810792 0.006626712 0.007764074 0.009348037 0.009987788 0.01086637 0.01501722 0.01236025 0.01062006 0.009799127 0.009145369 0.01420846 0.008140638 0.005125007 0.00462114 0.007710722 0.0157082 0.01223455 0.008791074 0.007900608 0.004097841 0.01313073 0.02416211 0.0263571 0.01400029
0.1674701 0.1463264 0.1425542 0.1356525 0.1143673 0.08606949 0.06050042 0.06233445 0.07420727 0.06031305 0.04476307 0.04386463 0.0293782 0.03227685 0.0438434 0.06125983 0.06551667 0.07025278 0.06098479 0.07007721 0.07371725 0.04389288 0.01405676 0.004275729 0.003118512 0.001658564 0.001454075 0.0002583091 0.0009242584 0.0005216693 0.0003827302 0.006220986 0.007644706 0.01097975 0.01120046 0.009936216 0.01130442 0.01168493 0.01116337 0.01321935 0.0124313 0.01178971 0.01126076 0.01023523 0.006218879 0.009768036 0.006284509 0.01128206 0.01325684 0.01124708 0.01280118 0.01014374 0.02453545 0.02679138 0.01838019 0.005088114
0.290442 0.1741305 0.1264195 0.2467663 0.1198634 0.1455843 0.06500299 0.06130711 0.07345735 0.05567847 0.03210629 0.03516247 0.05240147 0.04319022 0.04144917 0.05345711 0.06632035 0.07984503 0.1177801 0.1147508 0.1409764 0.0865619 0.0228036 0.01203851 0.008977639 0.006918336 0.008960804 0.004226957 0.003743426 0.004159542 0.004839063 0.008116458 0.01124542 0.01069303 0.01292919 0.01061425 0.01202613 0.01253264 0.01206926 0.01562382 0.01495097 0.01420485 0.02010384 0.01407631 0.0141479 0.01336852 0.01495885 0.02120578 0.02504565 0.02429642 0.02725003 0.0212206 0.03000897 0.02888996 0.01226683 0.006549133
0.33286 0.1813762 0.1152054 0.1268176 0.1366129 0.1096173 0.08729353 0.1120086 0.05658505 0.05516011 0.03151765 0.03876184 0.0723609 0.04133135 0.03960154 0.03790167 0.04244149 0.06796278 0.14269 0.1656912 0.1634186 0.06275583 0.03245771 0.02168896 0.01288882 0.008700216 0.007788382 0.005255327 0.005176598 0.00920133 0.009066187 0.008905625 0.01029729 0.01254769 0.01469832 0.01202978 0.01365461 0.01428062 0.01385316 0.01804405 0.01748241 0.01673672 0.02359647 0.01975501 0.01605248 0.01581076 0.02946907 0.03143777 0.02739625 0.02936011 0.03682927 0.03485575 0.02807333 0.02393458 0.01609226 0.02807533
0.2093857 0.1435627 0.1130764 0.1309492 0.1556737 0.113895 0.0814614 0.08849578 0.06749234 0.04963501 0.0427573 0.03489419 0.03602038 0.05102078 0.04345852 0.0650957 0.07418814 0.101747 0.1190392 0.1659049 0.1197811 0.04522735 0.03965688 0.06763736 0.02683705 0.01641075 0.01068036 0.008149619 0.007749842 0.006864594 0.02310552 0.01383242 0.0145195 0.01731205 0.02093553 0.01708837 0.01924548 0.02081823 0.01886194 0.02457863 0.02528773 0.0256015 0.02130751 0.02410798 0.03314029 0.07880519 0.0282825 0.02681218 0.02647129 0.0304173 0.03899658 0.04091815 0.03353758 0.03088817 0.01704133 0.02941155
0.2096467 0.1696757 0.152943 0.138476 0.2046577 0.143418 0.07957754 0.07240183 0.05938551 0.04857384 0.0457421 0.02481221 0.0201816 0.0399663 0.03865722 0.05028168 0.06278018 0.1134485 0.09199177 0.09404903 0.0876711 0.06762688 0.06373824 0.05629715 0.04304275 0.02736276 0.01835823 0.01094747 0.01377073 0.009499429 0.01201081 0.01860524 0.02167805 0.02589466 0.0320414 0.02559088 0.02734453 0.02835784 0.02709158 0.03516465 0.03481223 0.03889972 0.03311183 0.03620493 0.05374285 0.1107159 0.03101329 0.03643973 0.03330966 0.0317408 0.0313764 0.03618624 0.02821695 0.04212512 0.02280894 0.01917659
0.2040043 0.2159721 0.1864603 0.1706319 0.1276511 0.08463039 0.07849523 0.06365558 0.04156521 0.03490499 0.03693673 0.03677518 0.02662999 0.05017647 0.06951766 0.05921308 0.05996512 0.05279367 0.06415473 0.1101143 0.08910306 0.08048034 0.07636549 0.05303378 0.04255726 0.03715009 0.02565416 0.02022732 0.02330238 0.01808929 0.02128755 0.0378502 0.04396862 0.05139425 0.05904097 0.05805911 0.06418861 0.06571595 0.06343741 0.05830029 0.05725998 0.05879236 0.05605938 0.03860911 0.03726577 0.05365065 0.06093461 0.04220285 0.05240666 0.03677792 0.03812223 0.08077039 0.05482646 0.034338 0.05540527 0.04416664
0.1666012 0.1449557 0.1747636 0.1396915 0.125797 0.08765919 0.04907935 0.04539775 0.03373212 0.01847884 0.02214527 0.03916258 0.0464887 0.06047028 0.06326365 0.05589975 0.04001105 0.05467456 0.0779389 0.09438682 0.08261582 0.09456941 0.1008974 0.06131957 0.06709243 0.04429306 0.03004557 0.02706937 0.03693792 0.03207491 0.02736166 0.04443715 0.05551228 0.06694893 0.0735172 0.07144275 0.0815146 0.08365496 0.08191691 0.0751023 0.07646301 0.06972342 0.06427111 0.04710383 0.04512703 0.04351246 0.04281001 0.07694161 0.08084907 0.06413127 0.06198886 0.1253027 0.1123781 0.09490537 0.1158233 0.1557574
0.1738655 0.127958 0.1300693 0.14322 0.1030157 0.06738136 0.03561624 0.0265074 0.02163036 0.01745136 0.03323986 0.07931238 0.09974166 0.07377982 0.07952317 0.06139311 0.04829462 0.03964189 0.05418291 0.07870154 0.06857456 0.07927998 0.1266245 0.09299453 0.06524729 0.0454067 0.03391198 0.02810244 0.05375902 0.0689527 0.04061468 0.06218264 0.06999163 0.08974692 0.09235638 0.08953129 0.1074527 0.1155629 0.1040171 0.09978092 0.1129465 0.0929073 0.07877119 0.05717304 0.05247245 0.05541355 0.08471047 0.1276711 0.0771876 0.1135989 0.1074127 0.09336995 0.1047324 0.062992 0.09527458 0.1196224
