contrib/geomasonDemos/riftland/riftlandData/RainData/72.txt
ncols         56
nrows         54
xllcorner     28.264
yllcorner     -5.7719999999999
cellsize      0.25
NODATA_value  -9999
[rows 27 to 53 of 54, columns 0 to 55 of 56]
0.05930745 0.06396665 0.06114842 0.05935497 0.04954233 0.04013912 0.05629248 0.07434732 0.04376413 0.0365079 0.0528312 0.08018515 0.08734323 0.1190967 0.1970894 0.132956 0.1523596 0.1831772 0.2744661 0.2566227 0.1651832 0.132392 0.182958 0.1412792 0.1171506 0.1044979 0.09395096 0.07936963 0.07551248 0.06740983 0.0690769 0.06708652 0.06424017 0.0695435 0.08844691 0.1064691 0.1421911 0.1434428 0.1669107 0.1544373 0.09978767 0.08799158 0.09465404 0.08007351 0.08528636 0.08302967 0.05264713 0.06389764 0.07851262 0.0895505 0.09092417 0.07412995 0.09522381 0.155182 0.09796266 0.06728644
0.1048573 0.099006 0.09302014 0.0679542 0.03278667 0.05034005 0.04744605 0.05819013 0.06387293 0.06142078 0.06365514 0.07439653 0.08389774 0.09008173 0.1424801 0.1470277 0.1727717 0.2111557 0.2083232 0.1453068 0.1338447 0.2150366 0.1865571 0.1556056 0.1324324 0.1374392 0.1086871 0.08562917 0.08233157 0.0762285 0.06913324 0.06251937 0.06390218 0.07036873 0.08986425 0.1050395 0.1188866 0.1244959 0.1331865 0.1589895 0.1293158 0.10615 0.07844269 0.06353834 0.07078053 0.0589708 0.06646098 0.06165832 0.07821415 0.08042167 0.1100758 0.2043472 0.179436 0.1972561 0.1380593 0.05002876
0.08823876 0.09572947 0.09221316 0.0824673 0.05586013 0.03422001 0.06667916 0.05898597 0.07871984 0.06777001 0.06469441 0.07347068 0.08197868 0.119418 0.177398 0.1385401 0.1183439 0.2032824 0.1947222 0.131166 0.1361405 0.2258657 0.2751323 0.1688991 0.1399737 0.1395917 0.1261432 0.09198493 0.0839593 0.08034945 0.07258783 0.06426014 0.05971074 0.06729877 0.07839542 0.1025349 0.122295 0.1201173 0.126272 0.1276812 0.1302274 0.09830574 0.08193406 0.0550408 0.05495773 0.07537921 0.08851723 0.06947405 0.07791194 0.111621 0.1542782 0.1865659 0.107678 0.09408383 0.07019632 0.0492805
0.1294198 0.1328738 0.1080935 0.08141468 0.05109164 0.03018925 0.02270909 0.04995173 0.06683926 0.08185564 0.09866539 0.1156318 0.09049944 0.1267978 0.2038887 0.1958449 0.1808009 0.2025214 0.1901416 0.1513423 0.1498388 0.1163152 0.1167216 0.1447115 0.1350139 0.1473181 0.1543158 0.123901 0.08502005 0.08699155 0.07610939 0.06973113 0.07014262 0.06642909 0.07536132 0.08732258 0.1062374 0.1170879 0.1140839 0.1128284 0.115121 0.09300655 0.101683 0.09979844 0.06276806 0.07958379 0.1219182 0.1265107 0.08606995 0.1132175 0.1060301 0.07815249 0.07075649 0.06039863 0.04887548 0.0138662
0.1873119 0.1245903 0.1124033 0.08517744 0.04360307 0.01473231 0.0250571 0.1040184 0.1105318 0.1013509 0.09560234 0.1320459 0.1069028 0.1169775 0.1564878 0.167125 0.2821723 0.2847775 0.346257 0.1332684 0.1295933 0.1277963 0.1305997 0.1431147 0.146361 0.1538808 0.1388087 0.1390513 0.1005781 0.08045883 0.07518703 0.06108193 0.05735592 0.06340256 0.07506051 0.1015194 0.1130318 0.1265644 0.1095457 0.09169275 0.1020011 0.1007395 0.100935 0.0831716 0.07334027 0.08656531 0.1023115 0.1091424 0.115508 0.1102122 0.1051133 0.07092372 0.08081372 0.07140021 0.04232657 0.03070707
0.158099 0.1415856 0.1066977 0.08761045 0.03861106 0.02036486 0.04530819 0.1453257 0.1415226 0.1261105 0.09305373 0.1171534 0.1399266 0.1463304 0.1505871 0.1506618 0.1846788 0.1756125 0.2046386 0.1356852 0.1271867 0.1332584 0.122152 0.1308843 0.145156 0.1310679 0.1339958 0.1323348 0.09166251 0.07784719 0.07392338 0.05715901 0.04952282 0.05797445 0.06766208 0.09189106 0.1002559 0.1090451 0.09852735 0.08873032 0.1179262 0.1124394 0.1180081 0.08449779 0.1349165 0.1083207 0.09354611 0.09020339 0.08140113 0.09050138 0.09096131 0.06689005 0.0159348 0.0393762 0.03486288 0.0420226
0.1444497 0.1376199 0.1034409 0.08053847 0.04691612 0.06086227 0.05951227 0.09339952 0.07604495 0.08295102 0.09834025 0.1161022 0.1261348 0.1822447 0.1720937 0.1453326 0.228138 0.2273035 0.214577 0.173662 0.1231232 0.1353645 0.1295716 0.1315957 0.1466931 0.1425947 0.1373186 0.1058862 0.08672438 0.07448671 0.0688436 0.05333336 0.05045882 0.0494495 0.0652133 0.09101667 0.1025045 0.1025666 0.09402457 0.0833562 0.0916639 0.09134022 0.1015373 0.1136084 0.1103161 0.1042873 0.07666467 0.05048808 0.07119762 0.06013656 0.07072983 0.05722143 0.0166959 0.02336381 0.03221359 0.009729365
0.1523903 0.1202487 0.100278 0.09691775 0.0657139 0.06992456 0.08804834 0.1000817 0.06806815 0.06123455 0.09806568 0.1087587 0.1345003 0.2000996 0.1894191 0.1644168 0.2062714 0.2820637 0.3061182 0.1809511 0.1304294 0.119523 0.1323731 0.1568459 0.1432861 0.1386953 0.1141234 0.09391915 0.07557299 0.06617711 0.06012836 0.04633604 0.05618656 0.04731037 0.05712998 0.08405723 0.09655508 0.09674031 0.09852166 0.08911221 0.08297361 0.07797169 0.08071264 0.1034224 0.09797366 0.05697364 0.05625322 0.0676396 0.07652476 0.04535396 0.05902819 0.05227056 0.03518907 0.04933972 0.02992822 0.01797808
0.1631498 0.1194479 0.06253235 0.09528454 0.0854395 0.0760254 0.05645129 0.08887294 0.12918 0.119775 0.1189409 0.1300214 0.1482739 0.1618572 0.2292884 0.2012868 0.2188275 0.3148489 0.304321 0.1979684 0.1562217 0.09701693 0.1139975 0.1272154 0.1721965 0.1598023 0.1112433 0.07219166 0.06199913 0.04954239 0.04651737 0.04606751 0.04078408 0.04072187 0.05012578 0.06387989 0.08085235 0.09213768 0.09551221 0.1062584 0.1112734 0.1475977 0.1770402 0.1238602 0.11246 0.06104544 0.06536991 0.08004452 0.06105712 0.08308163 0.06908977 0.06056276 0.02916037 0.02370995 0.01640245 0.02939608
0.1619385 0.1114814 0.04435702 0.0864176 0.06454023 0.06166127 0.05196397 0.08166338 0.109664 0.1311302 0.109885 0.1134972 0.1090935 0.179727 0.2674538 0.2397212 0.2341206 0.3082366 0.2281526 0.1462125 0.1248647 0.1296077 0.1012788 0.1742359 0.1602708 0.1359758 0.09851793 0.06764334 0.0581745 0.04565983 0.04150259 0.03839279 0.03619995 0.03860994 0.04647193 0.05504036 0.06971668 0.07640483 0.07885563 0.0801281 0.1139422 0.1263334 0.1028451 0.08868519 0.07236797 0.0400868 0.06689607 0.09724437 0.1157307 0.07799439 0.09775908 0.09145952 0.0414421 0.01541356 0.01852568 0.02275019
0.1338672 0.05626733 0.02688554 0.03619145 0.0362437 0.06629551 0.07335205 0.1040825 0.1136851 0.08934953 0.07968009 0.08738188 0.09275941 0.1852367 0.2218069 0.2760842 0.313819 0.2461025 0.1789619 0.1393316 0.1052695 0.110856 0.1863499 0.1623687 0.1760547 0.1276033 0.1100536 0.06653043 0.04965365 0.04411112 0.04465552 0.04009604 0.03783412 0.0377382 0.0430796 0.04863909 0.06212088 0.066925 0.06682295 0.06733944 0.08118819 0.1041619 0.09518311 0.06444936 0.04579367 0.02470148 0.03511116 0.06566322 0.06731448 0.1024497 0.05547839 0.07392122 0.038736 0.01328637 0.01096139 4.032258e-005
0.1611277 0.07057658 0.02194919 0.04206762 0.03435543 0.07603731 0.05069247 0.08714135 0.08227392 0.05918114 0.08342563 0.08657429 0.09228218 0.184886 0.1792043 0.2066864 0.2515699 0.2159065 0.1993949 0.1391028 0.1241941 0.1494209 0.1624775 0.1470731 0.1578324 0.1547668 0.1100643 0.06431 0.05336136 0.05698931 0.03964629 0.03607874 0.03381157 0.03514159 0.04273627 0.04754601 0.05511449 0.05882551 0.05682553 0.05561544 0.07524885 0.07807938 0.08875512 0.05436243 0.02504322 0.02421709 0.03685655 0.07396472 0.07153227 0.06140081 0.04819877 0.05009365 0.02365092 0.01301564 0.008244352 0
0.1523432 0.09901676 0.02872621 0.04380724 0.05303869 0.08667048 0.07108063 0.1092586 0.1241516 0.08625438 0.1095862 0.1234007 0.1416988 0.1578941 0.1775847 0.1919585 0.2661311 0.2154721 0.1927986 0.1635641 0.1339276 0.1759725 0.2131961 0.1482193 0.1529968 0.1506069 0.1020445 0.07089256 0.06939716 0.06084591 0.04440736 0.03565061 0.0368508 0.03410641 0.04046832 0.04702721 0.05577122 0.05881856 0.0576358 0.04536105 0.05003428 0.04762625 0.04455139 0.03023371 0.02706442 0.04052713 0.04460946 0.08360713 0.06933966 0.04595693 0.0341974 0.03094277 0.01635104 0.01312348 0.01317692 0
0.1507691 0.08160838 0.01790697 0.04640396 0.05206411 0.07376518 0.06395634 0.09059293 0.1255581 0.1286038 0.1230031 0.1601589 0.1485313 0.2007254 0.182006 0.1867323 0.1889536 0.2121162 0.2209727 0.1932047 0.1654637 0.1668849 0.1910404 0.1699503 0.1210187 0.1180805 0.1037439 0.0721333 0.05262163 0.03720369 0.03044423 0.03410062 0.03367666 0.03492117 0.03837262 0.04625848 0.05031852 0.05607964 0.05783106 0.04663344 0.0484453 0.04654662 0.03885382 0.03222948 0.03235799 0.0423499 0.04615455 0.06566027 0.04852004 0.03743097 0.01824355 0.02533591 0.01293657 0.01454704 0.01626274 8.064516e-005
0.1576832 0.08673969 0.02797854 0.06830582 0.08432434 0.0614325 0.0827416 0.1261976 0.1371205 0.1485559 0.1592884 0.1949338 0.1589767 0.1610198 0.2422298 0.2091311 0.2150522 0.1945761 0.2452216 0.1923086 0.2375467 0.2457148 0.2157525 0.1428132 0.1207128 0.105709 0.08441705 0.05270026 0.04027076 0.03743355 0.03598959 0.04302543 0.03448621 0.03300266 0.0351486 0.0455172 0.04803136 0.0516013 0.05828489 0.05621424 0.0547312 0.0463425 0.03843782 0.02611469 0.02585679 0.02617311 0.03162811 0.0534067 0.03477771 0.03746311 0.0107324 0.01260683 0.0149848 0.01703734 0.01674639 0
0.122616 0.07532074 0.0474129 0.08989448 0.09452879 0.08686315 0.08119524 0.1337183 0.148432 0.1388934 0.1471573 0.1391961 0.1379062 0.1055762 0.1837022 0.2909229 0.2923262 0.326404 0.3096198 0.2078645 0.2059508 0.2193848 0.2370496 0.1978286 0.1591573 0.1568636 0.09441172 0.05349007 0.04042845 0.05499388 0.0550032 0.05951249 0.03887121 0.03218071 0.03381535 0.05250498 0.06699222 0.05161966 0.04963015 0.05338077 0.06424836 0.04269185 0.03613735 0.02472756 0.0239054 0.0230195 0.03879823 0.01709265 0.02367796 0.02480113 0.01588814 0.01839659 0.02365386 0.01890076 0.01811023 0.0005645161
0.1025877 0.07287593 0.06529527 0.05166478 0.06597194 0.06685653 0.06506209 0.07012969 0.1024023 0.1050652 0.1390434 0.1715536 0.150397 0.1144379 0.1323758 0.2096681 0.2263391 0.2321464 0.2954493 0.2597773 0.287836 0.2638606 0.3492661 0.1645461 0.2152063 0.2939273 0.1696183 0.06884623 0.03555269 0.1131605 0.0987068 0.08684244 0.06538277 0.03490683 0.02743936 0.07600794 0.2590055 0.0711668 0.03136957 0.06480353 0.1019496 0.04839871 0.03802852 0.03113252 0.02642539 0.03345058 0.03083812 0.01006061 0.008198128 0.01139408 0.008484773 0 0.004475806 0.001975806 0.006774193 0.001451613
0.08936556 0.0565121 0.05089486 0.05624273 0.05113952 0.06885795 0.08590314 0.1157877 0.1007553 0.1146654 0.1271161 0.170928 0.1808989 0.1862348 0.1956866 0.2430042 0.2914509 0.2368338 0.2656788 0.2773962 0.2036129 0.2384347 0.1717838 0.1587883 0.1781299 0.1448399 0.08514868 0.05279016 0.03132805 0.08409505 0.1240602 0.09235401 0.1097312 0.05769097 0.02835598 0.03792648 0.04922805 0.04856125 0.02919861 0.0387322 0.05428343 0.03823353 0.03639942 0.0386438 0.02573852 0.02526339 0.01953723 0.01135434 0.00724492 0.007205036 0.01132705 0.005685484 0.004798387 0.01975806 0.004677419 0.002258064
0.1407292 0.08197413 0.05788448 0.06646014 0.06317474 0.08724676 0.111918 0.1304813 0.1322626 0.117874 0.1311645 0.1707149 0.1894756 0.1792661 0.1796122 0.2017909 0.2361465 0.1882446 0.2041711 0.1993432 0.1166019 0.1079998 0.09609642 0.1128951 0.1369424 0.09717298 0.07259549 0.0939283 0.05898198 0.05260473 0.0662668 0.07312358 0.1130799 0.06326323 0.03816066 0.02990665 0.03609466 0.03157346 0.03363816 0.0402756 0.04151841 0.04326933 0.04164149 0.03311317 0.02465166 0.02744109 0.01492519 0.009224311 0.007497865 0.005835731 0.00761121 0.002379032 0.01024194 8.064516e-005 0.01266129 0.004596774
0.1318786 0.08648681 0.07222269 0.0720658 0.08319206 0.1220258 0.1403195 0.1309713 0.1429237 0.1676468 0.1674678 0.1874722 0.1719518 0.1820719 0.2275261 0.215818 0.1772661 0.208961 0.2036972 0.2211897 0.1388258 0.1032587 0.1126794 0.07338519 0.1080707 0.1072837 0.1142077 0.08653795 0.04824676 0.03709684 0.05917194 0.06317402 0.08294725 0.06043871 0.06257501 0.037634 0.033012 0.03542139 0.03880444 0.04857342 0.05109517 0.05250388 0.03819461 0.02993794 0.02679138 0.02477731 0.0165073 0.01047281 0.008914188 0.005841659 0.005853552 0.0005241935 0 0 0.0001209677 0
0.1011315 0.08142197 0.08379886 0.07400745 0.0888631 0.09799164 0.1393762 0.1194657 0.1156012 0.1409676 0.1305831 0.1449136 0.1719426 0.1520082 0.1589838 0.2224534 0.1696718 0.1578706 0.1797612 0.1941026 0.2003192 0.1682202 0.1071793 0.0877927 0.1397634 0.1096527 0.06949061 0.03926624 0.03335617 0.05445376 0.04252443 0.0510252 0.08337578 0.0537172 0.0534886 0.06526341 0.06127268 0.06065975 0.08030662 0.06166922 0.05772569 0.0594012 0.06618767 0.02683527 0.02491031 0.01757235 0.01998322 0 0 0 0 0.0003629032 0.001048387 0.0001612903 0.0004838709 0
0.0914488 0.08875207 0.1213753 0.1277737 0.1132474 0.08181207 0.1247239 0.1210885 0.1200785 0.1320957 0.1321703 0.1347982 0.1211892 0.1199917 0.1300332 0.248574 0.1812446 0.1932303 0.2150053 0.2263027 0.2157809 0.1766433 0.1268767 0.1716544 0.1517115 0.1185392 0.1184235 0.07773138 0.04503202 0.03352922 0.040825 0.03824852 0.04611341 0.04904147 0.05741986 0.07427027 0.08163772 0.0928195 0.09550894 0.08283083 0.07679497 0.07026657 0.06910986 0.03660169 0.02811276 0.01997889 0.01923814 0 0.0004838709 0 0 0.0006854839 0.004596774 0.000282258 0.0005645161 0
0.09785326 0.09287209 0.1183959 0.1077972 0.1025492 0.1017553 0.130245 0.1607471 0.1624235 0.1352974 0.1595051 0.1571563 0.1222518 0.1209743 0.1966133 0.2760807 0.2438347 0.231931 0.2102609 0.2176319 0.2027377 0.154887 0.2136075 0.2296919 0.2442136 0.1679975 0.1570242 0.157478 0.07654916 0.06271186 0.04081558 0.05113574 0.0531368 0.04178471 0.06979308 0.08846771 0.0868921 0.105879 0.1002312 0.07681081 0.1009363 0.08218318 0.09122142 0.03984844 0.02237901 0.02231422 0.02519558 0.0004838709 0.00657258 0 0 4.032258e-005 0 0.0001209677 0.0004032258 0
0.1231899 0.1208051 0.1087954 0.1040244 0.1353935 0.1027127 0.1230786 0.1573321 0.1858872 0.1361878 0.1193394 0.1386737 0.148884 0.1666995 0.3195796 0.3490675 0.2751593 0.2344872 0.2220207 0.206735 0.1978862 0.1879495 0.1654657 0.2265484 0.261174 0.1898032 0.1145469 0.1748727 0.2291408 0.1388282 0.06451304 0.0568925 0.07003935 0.05778945 0.05652159 0.0790373 0.08447014 0.1139426 0.1080313 0.07793155 0.07285333 0.06171208 0.05056379 0.02734404 0.02622607 0.02715519 0.03077823 0 0 0 0 0 0.0005645161 0.0008064516 0.0009274193 0.001169355
0.1081084 0.1076193 0.1076699 0.1047584 0.1098851 0.1025584 0.103066 0.1513292 0.1775429 0.1362427 0.1199248 0.1137522 0.1183902 0.1775021 0.2378957 0.3034883 0.2746928 0.2174663 0.1880585 0.2147951 0.2489418 0.2159066 0.1646919 0.1751447 0.2292185 0.206773 0.1703604 0.1886677 0.193957 0.1271983 0.07179707 0.06452951 0.05757666 0.06306999 0.05784744 0.07749251 0.07807521 0.1158617 0.1132996 0.07519988 0.06249006 0.07398109 0.05245041 0.0346624 0.03378642 0.03987686 0.0321392 0 0 0 0.0003629032 0 0.008790322 0.009637096 0.00407258 0.001048387
0.09555309 0.1073866 0.1017813 0.108225 0.1205731 0.1059417 0.1021904 0.1370691 0.1849386 0.1794319 0.141072 0.1366757 0.1597966 0.1787011 0.1965013 0.2535851 0.2393636 0.1927572 0.1874808 0.2126887 0.2600316 0.2267993 0.1836883 0.1576413 0.2003099 0.2110649 0.1683936 0.1923327 0.2576507 0.1907313 0.1219622 0.06772465 0.06587498 0.06289507 0.07067603 0.0826376 0.102498 0.09120522 0.06576025 0.105918 0.08777855 0.06325079 0.05214908 0.03887391 0.03806213 0.04811796 0.04032135 0.00108871 0.0004435484 0 0.0001612903 0.01145161 0.01298387 0.003346774 0 0
0.1104691 0.1257228 0.09497585 0.1066303 0.09382232 0.1186756 0.1294836 0.2093809 0.2052338 0.1920415 0.1594429 0.1363756 0.1560981 0.1699935 0.1607074 0.1829022 0.1892118 0.2554563 0.2392999 0.2457734 0.2461191 0.2314104 0.1972671 0.1872532 0.1709385 0.1659561 0.1497786 0.1632165 0.2117435 0.1527874 0.1216033 0.1209813 0.08693273 0.0848629 0.08537924 0.09976874 0.09994648 0.09423526 0.08010378 0.1103176 0.06653778 0.06517397 0.05038139 0.04482296 0.04205666 0.04733224 0.04499577 0.01032258 0.002862903 0 0.0128629 0.03141129 0.01564516 0.0141129 0.003467742 0
