contrib/geomasonDemos/riftland/riftlandData/RainData/72.txt
ncols         56
nrows         54
xllcorner     28.264
yllcorner     -5.7719999999999
cellsize      0.25
NODATA_value  -9999
[rows 0 to 26 of 54, columns 0 to 55 of 56]
2.918022e-005 0.001032353 0.0004274188 0.0001137753 0.0001417635 0.0001828012 0.0002366703 0.0007324084 5.480587e-005 6.231116e-005 0.0005144794 0.001040672 0.0009709437 0.0008981413 0.0007147897 0.0005596854 0.0009415905 0.0007006936 7.096615e-005 0.000881965 0.003000808 0.004540982 0.00491618 0.01947309 0.02430792 0.03097501 0.02952554 0.0475641 0.03062908 0.02342162 0.01901275 0.01406243 0.02743611 0.03151414 0.03210038 0.01338406 0.01357684 0.009421021 0.003122869 0.0009579535 0.001112894 0.01595665 0.01813804 0.02774175 0.1377388 0.07699388 0.05568818 0.05555368 0.07375663 0.1437421 0.1607109 0.106207 0.07024692 0.07181703 0.02380455 0.0148756
5.257791e-005 7.299815e-005 0.0001035843 0.0001763269 0.0002156026 0.0002700165 0.0003398975 6.504419e-005 0.0005060772 0.0002541882 9.320039e-005 0.0001065944 0.0006687039 0.00137345 0.001136321 0.001375102 0.001290333 0.0008626952 0.001002827 0.001258841 0.00218042 0.005618743 0.01767734 0.04610921 0.05123806 0.02994251 0.03942995 0.05152414 0.03687905 0.02312188 0.03260034 0.03003165 0.03743592 0.02241496 0.0188603 0.01730863 0.01502381 0.02679982 0.03122076 0.01424643 0.00953161 0.02304016 0.02309377 0.02482188 0.05856947 0.04474987 0.06526589 0.05231584 0.08646753 0.138096 0.1598956 0.1496162 0.1150449 0.1156611 0.01119597 0.007952398
9.099825e-005 0.0001206744 0.0001625244 0.0002679831 0.0003237679 0.0003938226 0.0004790794 0.0008967825 0.001187126 0.001221323 0.0004687453 0.0001466059 0.000148933 0.0007616873 0.0011782 0.001688422 0.001946757 0.001541772 0.003178795 0.003191247 0.004166616 0.005109426 0.009500034 0.03306931 0.04643157 0.04393481 0.05362342 0.04055789 0.03989401 0.07115345 0.07116864 0.02594285 0.03449885 0.03172378 0.05265266 0.05514012 0.02268799 0.02883506 0.0217622 0.03327585 0.0452849 0.05764257 0.02744513 0.02429868 0.05170283 0.06126155 0.1077969 0.0990825 0.1736016 0.2327931 0.2077781 0.1666968 0.1367379 0.0678629 0.02120671 0.006039307
0.0001885716 0.0002446753 0.0003378305 0.0004428458 0.0005297952 0.0008425908 0.0009632574 0.0007524104 0.001053712 0.001874777 0.0006761753 0.0002430174 0.0001660781 0.002210599 0.003763709 0.003838899 0.002700394 0.004300743 0.006363812 0.005721595 0.008035645 0.01013609 0.01404114 0.02765663 0.03539063 0.04563604 0.05423346 0.05487859 0.05342304 0.05933689 0.06178418 0.04027316 0.04002485 0.03558582 0.06871221 0.07114161 0.04186481 0.04588514 0.03345865 0.0263591 0.04019267 0.04682843 0.03723173 0.06080509 0.06349426 0.1076072 0.1611831 0.07405215 0.1419186 0.291253 0.3008126 0.2926894 0.2921579 0.2025612 0.08511742 0.02783941
0.0002432438 0.0003131357 0.0004073059 0.000555467 0.0006607046 0.001013803 0.00117068 0.0005237275 0.0007490606 0.001524896 0.0009816489 0.0004394268 0.0005969512 0.002081991 0.002136964 0.001595009 0.004342051 0.008691558 0.01029669 0.01026477 0.01105003 0.01875532 0.02777668 0.03544963 0.03764564 0.04140062 0.03611598 0.04249758 0.03832045 0.04622171 0.06173418 0.06999828 0.0505906 0.04339367 0.06727508 0.07056747 0.04460882 0.03423842 0.03239989 0.01870636 0.01796554 0.03390319 0.04279929 0.08152302 0.09104133 0.09810711 0.09152421 0.08570008 0.1447455 0.1932712 0.2012083 0.3213431 0.2853974 0.2978073 0.141896 0.06787385
0.003131934 0.001267035 0.0004986999 0.0008537198 0.001462168 0.0011309 0.001387485 0.001007713 0.001904318 0.002252633 0.001942626 0.0005058189 0.001027976 0.001960352 0.003083835 0.004703762 0.005650094 0.009610415 0.008008615 0.01111844 0.01288645 0.01335404 0.01942783 0.03588566 0.03692562 0.03962982 0.03502621 0.03475166 0.03417558 0.05648569 0.09146063 0.1082897 0.07734679 0.05450255 0.0568178 0.03830244 0.03007988 0.04629485 0.03428912 0.01115294 0.01249021 0.03545397 0.04558973 0.09256006 0.1051542 0.1066606 0.1245166 0.08378354 0.132056 0.193105 0.2205142 0.2092569 0.1653355 0.1516321 0.1111377 0.06357336
0.001502895 0.0004860756 0.000606251 0.0008475684 0.0009978015 0.001345306 0.002665746 0.001231752 0.0008303045 0.001619329 0.001901385 0.0005650913 0.001818564 0.002361183 0.00458657 0.005473163 0.008406141 0.01157516 0.01026468 0.008731226 0.01176089 0.020223 0.02746701 0.03802338 0.0458767 0.04080237 0.03627148 0.04200476 0.03663472 0.05227465 0.09220052 0.1327617 0.0951257 0.09140324 0.05499606 0.0285192 0.02508214 0.02684069 0.02756652 0.03244633 0.02705931 0.04596005 0.07769468 0.1155447 0.1164078 0.1403455 0.1741715 0.1533228 0.1879577 0.1972677 0.137564 0.1884436 0.1422226 0.1187828 0.1397189 0.1144663
4.415801e-005 4.314166e-005 5.916696e-005 0.0002599137 7.229122e-005 0.000657303 0.002063615 0.002769832 0.003884631 0.004948266 0.004843369 0.003758164 0.00474989 0.004965594 0.00815671 0.008827503 0.01033398 0.01039681 0.008039675 0.009319263 0.01623595 0.02656229 0.03051641 0.03259301 0.02891351 0.02808197 0.02395955 0.02185511 0.04457707 0.06455164 0.07577778 0.08523968 0.07294861 0.06084703 0.03929795 0.02474981 0.03054088 0.04546167 0.05816415 0.04638432 0.05174312 0.09012593 0.1269387 0.160764 0.1110368 0.07900863 0.08254895 0.1152701 0.1547326 0.2427352 0.1147166 0.1698613 0.1120427 0.08222836 0.1324709 0.1442739
0.0006092043 4.982705e-005 0.001026708 0.001157533 0.003437425 0.005223526 0.005606708 0.004182134 0.00529897 0.008000346 0.006040003 0.003294844 0.003802111 0.003554653 0.009037347 0.01171329 0.0109976 0.008644518 0.00852825 0.01074161 0.01606786 0.02741468 0.02440399 0.02433229 0.0178926 0.01496963 0.009697664 0.02592867 0.05732122 0.0884245 0.07982086 0.07086317 0.05531347 0.04980659 0.04310645 0.02543814 0.01924249 0.04235168 0.0436034 0.04917811 0.06100794 0.07621108 0.08177354 0.1236298 0.06409945 0.07203271 0.05349984 0.06672515 0.1054453 0.1907954 0.07953753 0.1277864 0.1414263 0.0878398 0.05032807 0.09980441
0.001102954 0.0006119366 0.004864412 0.00698065 0.006731575 0.007752117 0.008981207 0.004999978 0.006201183 0.006039909 0.005882795 0.005112673 0.005215107 0.00455576 0.0079327 0.006497229 0.007712453 0.005129245 0.006840299 0.0100771 0.01072999 0.01439281 0.01622404 0.01453996 0.002363068 0.006412257 0.01452901 0.02944196 0.03027426 0.03868527 0.04806411 0.03945817 0.02729341 0.04703014 0.0717243 0.06066493 0.07029402 0.08527795 0.0637145 0.07573128 0.09977844 0.0616647 0.08170602 0.1095865 0.09663394 0.09412634 0.05738959 0.05472234 0.07145437 0.08454698 0.07516674 0.139423 0.1331213 0.08163118 0.0474783 0.09702623
0.004716933 0.003279305 0.007515435 0.006855484 0.009178414 0.006759575 0.01144148 0.00583561 0.008236863 0.004877379 0.004482251 0.004888447 0.004731182 0.003816847 0.007162293 0.00539058 0.003698705 0.00231425 0.002898921 0.009185587 0.008027107 0.01465458 0.014441 0.006686104 0.002714819 0.005512415 0.01720262 0.03024514 0.01872883 0.01968519 0.03447992 0.03615565 0.02812818 0.02992375 0.01998995 0.06579354 0.05971351 0.05489999 0.07181328 0.1237768 0.118924 0.05709001 0.0518008 0.07139628 0.112331 0.1147 0.05504933 0.06524801 0.08525564 0.07299362 0.04855776 0.07553281 0.06304115 0.06353559 0.0917502 0.1237118
0.007058304 0.004315891 0.006083276 0.006349629 0.0051339 0.007206476 0.01351121 0.006909346 0.008119812 0.003478295 0.002886701 0.004263266 0.003858682 0.01267584 0.01596292 0.004201193 0.003968344 0.002977708 0.003938849 0.006803333 0.01245337 0.02987714 0.02607794 0.006676321 0.007639958 0.01278199 0.02163055 0.02640705 0.0154377 0.01676399 0.01744711 0.01108106 0.01698548 0.01551865 0.02188912 0.02763224 0.04046335 0.04442656 0.06243697 0.07467645 0.07320283 0.1059886 0.08028994 0.07450295 0.1017868 0.1154374 0.09729429 0.04421161 0.05314459 0.08114035 0.04847369 0.0355951 0.03262702 0.04186113 0.06211446 0.05707839
0.007159255 0.01383498 0.01879722 0.01383868 0.008134258 0.007702475 0.01149738 0.006908839 0.004795558 0.005693781 0.002349293 0.005169421 0.008614101 0.005285216 0.005262455 0.005570736 0.004052757 0.005071305 0.007077951 0.01585249 0.01541599 0.02259744 0.02707472 0.01501822 0.01365193 0.0194265 0.02180483 0.01602779 0.02689012 0.02240892 0.01144899 0.01295319 0.01955597 0.02344707 0.02743263 0.0366187 0.02597027 0.03242488 0.03630441 0.04238438 0.07610548 0.1359241 0.08518974 0.05703489 0.05827349 0.09996652 0.07751842 0.05372043 0.05265085 0.07549401 0.04593638 0.04407952 0.03334499 0.04305237 0.07646629 0.07067018
0.02727849 0.02320675 0.01273401 0.01710231 0.003298936 0.007288291 0.01608662 0.008660531 0.006815943 0.01127764 0.01094475 0.006380879 0.01195869 0.006630276 0.01231971 0.008637395 0.00601675 0.01619801 0.010968 0.01365967 0.01736158 0.01779646 0.01875096 0.02583392 0.0214976 0.01780908 0.01434332 0.01492517 0.01911076 0.01125888 0.008305998 0.02207612 0.03019287 0.03435123 0.04486716 0.04887637 0.03700667 0.0203945 0.04693827 0.03927151 0.0628268 0.09837855 0.04914416 0.03814078 0.02291503 0.03984366 0.06625684 0.07599923 0.08820069 0.04022542 0.03369765 0.03086753 0.04083899 0.06225785 0.08732571 0.06719714
0.06153989 0.05506796 0.02863846 0.01906824 0.02110289 0.01251886 0.0144439 0.01291668 0.01083407 0.008096565 0.01210675 0.01337221 0.01495783 0.01270235 0.01867754 0.01321031 0.00862332 0.01726636 0.04016685 0.04214763 0.02772256 0.01149873 0.03541521 0.04309116 0.03264106 0.02328369 0.01358464 0.007540308 0.01089377 0.01205224 0.004965534 0.01494458 0.03421216 0.05842386 0.06634465 0.06770084 0.03175763 0.02011779 0.02008638 0.02369048 0.03072654 0.0524478 0.05581289 0.04634377 0.03125458 0.03122461 0.07623281 0.05425489 0.04846951 0.0526785 0.04317277 0.03553491 0.07121388 0.1056271 0.07453519 0.04351327
0.0887365 0.09094559 0.02338331 0.01703285 0.03002435 0.02378378 0.006162534 0.01553379 0.0307749 0.02210386 0.01164402 0.01979273 0.02377609 0.02404403 0.0223267 0.01550623 0.01118576 0.01739527 0.04871368 0.05792654 0.04420996 0.009157353 0.01373063 0.02426381 0.03224356 0.01626867 0.02199929 0.03006717 0.03838298 0.001979677 0.005581308 0.03597602 0.04825339 0.07778551 0.1108304 0.1156503 0.03230369 0.02757061 0.02351483 0.03745781 0.03698554 0.07965855 0.06540439 0.02822888 0.02840965 0.009853174 0.04828798 0.04257865 0.04556147 0.04930463 0.03564493 0.03757716 0.04879703 0.05685491 0.04250006 0.05737935
0.07981266 0.1140748 0.04448241 0.01357072 0.01147556 0.02026114 0.0101533 0.01532983 0.008138275 0.0355406 0.01876535 0.01901419 0.02788885 0.03003962 0.01789089 0.01763512 0.02780599 0.03301016 0.04142489 0.07464719 0.03536284 0.01284558 0.005856347 0.01306785 0.02304573 0.02168732 0.02156408 0.05337032 0.04055779 0.005060701 0.003319902 0.02336489 0.02235419 0.05818049 0.07994851 0.07722662 0.036735 0.0395162 0.05142601 0.03670477 0.05035539 0.0512763 0.05514644 0.02969882 0.03689295 0.02172775 0.01026357 0.03144963 0.03294409 0.03740961 0.0383665 0.03791263 0.04158035 0.03999961 0.0357451 0.04181201
0.04208233 0.06800346 0.07966056 0.03422596 0.01328421 0.02386733 0.02643926 0.01866907 0.02122851 0.01226291 0.01433222 0.01506123 0.02852208 0.02205226 0.02635233 0.05459471 0.06397295 0.04799099 0.03961791 0.09971929 0.04644479 0.01320724 0.003752141 0.007725866 0.01976413 0.01835276 0.01752451 0.06072629 0.04735626 0.01166221 0.003825698 0.0173386 0.02062237 0.03083265 0.07087717 0.09726296 0.05991001 0.07648685 0.07169895 0.07885275 0.07256958 0.05686142 0.05539704 0.04887866 0.06240016 0.09438935 0.01831604 0.03539713 0.03078527 0.0356059 0.04477382 0.04955547 0.06055381 0.06859241 0.07399733 0.03799327
0.05221478 0.08938725 0.1177763 0.0508678 0.0284749 0.01925636 0.03381012 0.0353355 0.02707809 0.01607333 0.0190104 0.02458223 0.05706771 0.04009083 0.04546963 0.06001791 0.04958571 0.05561524 0.046174 0.08152627 0.06837302 0.01427635 0.004524458 0.01595293 0.02072088 0.02082404 0.01681429 0.0211935 0.01183811 0.007945384 0.008160695 0.0137772 0.01911138 0.03161852 0.05313158 0.08482945 0.1198092 0.1247405 0.09753506 0.08709021 0.07216908 0.08383827 0.0918317 0.09251564 0.0868052 0.1256868 0.045756 0.04651294 0.05595478 0.05388628 0.05283476 0.06541359 0.1098622 0.1182251 0.1165674 0.05864777
0.05069803 0.0716501 0.06430778 0.1114512 0.06698756 0.0465094 0.02782591 0.03298215 0.05125042 0.02722574 0.01274828 0.0428124 0.08150461 0.08423665 0.12959 0.1713137 0.1879992 0.1696147 0.170161 0.08691251 0.0378829 0.04254301 0.01691231 0.08388665 0.1137783 0.1379073 0.05912784 0.01682739 0.0132979 0.0178686 0.01990424 0.01903045 0.02362137 0.02704804 0.03793796 0.0419983 0.07051287 0.05875446 0.06244974 0.06248139 0.07930951 0.08253025 0.08369071 0.07104644 0.06343133 0.06370448 0.05471225 0.05839403 0.06362287 0.0691656 0.08671845 0.1322303 0.1989433 0.1157613 0.103169 0.09195375
0.04626444 0.07416597 0.04575447 0.05192258 0.07026449 0.07852326 0.05339859 0.03265047 0.03355801 0.03016502 0.02045154 0.04433467 0.04364963 0.08594746 0.1348983 0.2247744 0.1885878 0.1509261 0.167494 0.1342691 0.04270168 0.06363562 0.02660413 0.09523462 0.1333112 0.1491508 0.1129802 0.02563556 0.01411245 0.01986891 0.01972779 0.0221271 0.02540852 0.02794692 0.03424935 0.03615256 0.05782618 0.06616154 0.06803788 0.05987649 0.05644627 0.08153871 0.08818024 0.1234218 0.08867248 0.0780227 0.0667856 0.06479108 0.06092689 0.07452577 0.1491496 0.1771496 0.1816702 0.1781864 0.1484143 0.1606492
0.04881515 0.06690573 0.07578012 0.0760867 0.0697046 0.06739671 0.08222955 0.05810499 0.03830268 0.02329572 0.02580712 0.0463218 0.04792307 0.07113034 0.1371556 0.2406129 0.1336608 0.1385887 0.2060819 0.161187 0.119776 0.09857371 0.08642854 0.08057279 0.1003414 0.1514478 0.1843592 0.04298101 0.02865656 0.03591622 0.06298674 0.04210192 0.03399171 0.03855391 0.03725127 0.03437992 0.07413652 0.08496106 0.09286688 0.09170093 0.0884034 0.1089486 0.09462323 0.09671123 0.1034659 0.08031818 0.1258471 0.09515145 0.07033283 0.09627534 0.2415643 0.1490342 0.1428303 0.2089239 0.1861048 0.2176597
0.04995377 0.07406334 0.09201604 0.09385974 0.1064665 0.07812653 0.05731669 0.05449041 0.03191985 0.02757406 0.02258275 0.04748693 0.07769372 0.117955 0.1538201 0.1869045 0.1738371 0.1812713 0.1755474 0.1439496 0.1925853 0.1485966 0.1696095 0.1777594 0.06867908 0.05810449 0.1155763 0.1213511 0.05994218 0.05086248 0.06390996 0.03695562 0.03711109 0.04337545 0.04236801 0.03847421 0.05212642 0.06896731 0.08295191 0.1392767 0.1381417 0.0940628 0.06094306 0.06462259 0.07143266 0.07024752 0.08193764 0.07583742 0.07322871 0.07578615 0.07002634 0.0877614 0.1684129 0.2455558 0.2469014 0.3391917
0.06824585 0.07941722 0.08783132 0.106903 0.09694389 0.05942011 0.04948019 0.05102402 0.03309172 0.03709958 0.02468639 0.03953617 0.04607177 0.08095497 0.1056479 0.1023976 0.08437942 0.06518497 0.05079307 0.06262705 0.09802461 0.08357178 0.06397913 0.07537279 0.06158656 0.0519328 0.05388147 0.05456929 0.05409842 0.04118552 0.04401406 0.04711184 0.04952051 0.05736296 0.06131143 0.05904946 0.06021178 0.06419598 0.06677059 0.08341991 0.09572809 0.08488494 0.07871857 0.06025627 0.05979907 0.07693509 0.08078977 0.1289137 0.1103992 0.0810798 0.08439399 0.1614783 0.1971337 0.2841135 0.2296037 0.3290518
0.08933435 0.07673059 0.06601866 0.08685412 0.08522264 0.04577559 0.06957677 0.0725361 0.04915618 0.04966173 0.0414326 0.05921172 0.07467174 0.08616143 0.1381147 0.1344183 0.1119962 0.05657448 0.0705369 0.0810745 0.08896137 0.1016558 0.07228344 0.07950924 0.0711025 0.06939974 0.0594666 0.04979113 0.0488411 0.04501364 0.04698445 0.05554743 0.05358973 0.06523439 0.06992568 0.06412586 0.07333294 0.07405367 0.0788973 0.06817184 0.07904878 0.09346136 0.1088675 0.0789984 0.05979412 0.07389808 0.06836381 0.1058616 0.09638975 0.06612956 0.07193251 0.06661586 0.0771637 0.157332 0.2126425 0.2204856
0.06279863 0.06951765 0.04918 0.05183788 0.06390675 0.06264289 0.08919074 0.09937888 0.04526728 0.05135673 0.04397418 0.08653624 0.1026636 0.08487352 0.1212184 0.1617368 0.1530845 0.08781348 0.08916523 0.1234976 0.1376681 0.1153757 0.08309011 0.1018717 0.1052907 0.1191987 0.06957646 0.06971113 0.07856005 0.07290163 0.05499874 0.05441204 0.05648781 0.07265283 0.07508639 0.08093467 0.09617454 0.08442922 0.09262294 0.07631562 0.07065832 0.08387613 0.09100624 0.07980966 0.06987673 0.0717334 0.08726555 0.1068194 0.07446142 0.07300424 0.06982441 0.05342398 0.05430966 0.07309264 0.08041814 0.05400006
0.05036502 0.06807023 0.05896359 0.05330845 0.05299285 0.05655225 0.08311851 0.09547629 0.03604322 0.0288633 0.07071612 0.1066068 0.1122431 0.1242682 0.1283501 0.1309021 0.1344306 0.1493275 0.2268599 0.1873898 0.1867536 0.1373485 0.1091986 0.1045836 0.09533215 0.09722038 0.08564011 0.0716074 0.07484579 0.07456807 0.06106021 0.05817725 0.06011695 0.07160487 0.08432811 0.09859551 0.1174676 0.1040967 0.1375022 0.1101967 0.0753155 0.07994945 0.09074356 0.09285477 0.07870679 0.08449452 0.09666721 0.09395523 0.07290518 0.06866521 0.05449509 0.05369018 0.06081552 0.06167557 0.06779291 0.06535245
