contrib/geomasonDemos/riftland/riftlandData/RainData/73.txt
ncols         56
nrows         54
xllcorner     28.264
yllcorner     -5.7719999999999
cellsize      0.25
NODATA_value  -9999
[rows 0 to 26 of 54, columns 0 to 55 of 56]
1.914861e-005 2.772775e-005 6.125218e-005 6.566452e-005 8.157614e-005 0.0001071404 0.0001439832 3.117023e-005 3.735829e-005 4.341287e-005 4.94475e-005 5.918206e-005 6.599019e-005 0.0002027706 7.586645e-005 0.0004185287 0.0002695248 0.001535261 0.003289781 0.009868891 0.01121328 0.01635709 0.02524862 0.01410051 0.01412197 0.02613349 0.03334733 0.06020844 0.06286097 0.08676275 0.07794721 0.0810957 0.1111979 0.08704661 0.07924373 0.0829147 0.1043689 0.07078142 0.04381038 0.01951261 0.02214142 0.03425936 0.02558583 0.02689487 0.03527908 0.04815086 0.06049233 0.05371619 0.06167613 0.06269921 0.02616915 0.009410676 0.01960377 0.02425723 0.02064269 0.01136108
3.800219e-005 5.184511e-005 9.211658e-005 0.0001122298 0.0001359903 0.0001712182 0.0002187333 4.569183e-005 5.370951e-005 6.090573e-005 6.780962e-005 8.001136e-005 0.001050325 0.001001971 9.966849e-005 4.471979e-005 4.703439e-005 8.333023e-005 0.003537083 0.007879143 0.01550934 0.01603983 0.04594161 0.03237814 0.0285172 0.04733263 0.06194084 0.05808799 0.065754 0.1005726 0.09848526 0.101746 0.1027783 0.1474416 0.08318347 0.0688124 0.09343138 0.09559685 0.04692479 0.04125824 0.03139877 0.02610881 0.03117069 0.03467225 0.0295615 0.03834121 0.05038041 0.05391782 0.07084326 0.05383478 0.0175416 0.002147108 0.004890625 0.01024186 0.01310563 0.002673256
7.007251e-005 9.211689e-005 0.0001211721 0.0001861007 0.0002220925 0.0002685156 0.000326015 6.59577e-005 7.592086e-005 0.0001081291 9.076329e-005 0.001142835 0.002718459 0.0003802526 0.0001273662 0.0001016056 6.016091e-005 0.003202308 0.007957159 0.005344079 0.01477213 0.01242792 0.01563191 0.03399841 0.02325054 0.04862534 0.05940212 0.05915498 0.05311166 0.0798289 0.115272 0.09715534 0.08748132 0.09567677 0.09575037 0.08847844 0.08826683 0.1846708 0.1000178 0.07340834 0.08849514 0.06178021 0.06175105 0.02929964 0.05562583 0.03325002 0.03575654 0.03120919 0.05230828 0.03718128 0.02697446 0.006213856 0.008913022 0.000929999 0.002091311 0.002286795
0.0002618649 0.0005046882 0.0003797441 0.0004519837 0.0004275512 0.0005077265 0.0009454712 7.684159e-005 8.76643e-005 9.51076e-005 0.0002530906 0.00169962 0.001263146 0.0002033595 0.0001262736 0.0004358481 0.004608036 0.00418874 0.003225931 0.01887899 0.0212686 0.01017243 0.02416367 0.03410156 0.03726471 0.04125268 0.05339216 0.077146 0.07243962 0.07210641 0.08894574 0.06393657 0.07749386 0.1123508 0.1040911 0.11834 0.2195605 0.2324282 0.1609422 0.05294028 0.1347827 0.1103093 0.0795492 0.05751862 0.0800329 0.06512216 0.1014666 0.03649984 0.04641215 0.0418632 0.03562219 0.01260049 0.009541515 0.002780662 0.0008905554 0.0004417595
0.001650121 0.001364955 0.002375751 0.001346004 0.001486684 0.001755154 0.001897093 0.0007942982 0.0005496168 0.0003376173 0.002022097 0.002340388 0.000133506 0.0001406843 0.003928368 0.001339961 0.002359832 0.001540721 0.008847713 0.01956882 0.02648079 0.03003635 0.02866688 0.02554148 0.04359218 0.03991306 0.0525198 0.06623894 0.07071348 0.06400666 0.08307473 0.08141369 0.09497073 0.0974036 0.1043522 0.1730609 0.2230387 0.1773981 0.1091035 0.06695025 0.1236937 0.1222156 0.09253931 0.06040529 0.07583018 0.0589549 0.06926156 0.04326054 0.03983653 0.0466657 0.04762604 0.02726306 0.005053652 0.003682757 0.002566437 0.0004361248
0.002250033 0.003262317 0.00773521 0.004630658 0.003883422 0.00442249 0.003272708 0.002226293 0.001708679 0.001807521 0.002114807 0.0007653717 0.0002469695 0.0006216674 0.006062734 0.001176706 0.0006272204 0.003087079 0.0201997 0.02172961 0.02083937 0.03054279 0.0251664 0.0422204 0.0630715 0.05654421 0.04498616 0.05248078 0.05920916 0.05907656 0.05355929 0.104828 0.1374487 0.1105812 0.08670284 0.1144595 0.08817086 0.07628342 0.05852028 0.07898562 0.09628443 0.1320595 0.085658 0.06011829 0.05734445 0.05518204 0.05854932 0.05104724 0.03040373 0.03688448 0.02869653 0.01012941 0.00526551 0.004271467 0.0008774188 0.000433165
0.002694225 0.002418896 0.006375467 0.01105817 0.004028702 0.003692269 0.004464935 0.007886753 0.003783287 0.001915094 0.003036653 0.003136161 0.001420007 0.001631678 0.001298703 0.002401857 0.005963894 0.008066944 0.03413243 0.02560342 0.02999536 0.03049833 0.02485309 0.05832171 0.08143804 0.07588904 0.07284567 0.05994635 0.04712837 0.05573451 0.04202946 0.0870892 0.07498527 0.1090349 0.06718075 0.06615516 0.06412456 0.06251144 0.05856067 0.08665516 0.09234658 0.0731838 0.0749483 0.03752476 0.04633899 0.05115332 0.04004975 0.04278062 0.02809154 0.04083868 0.03456481 0.01203026 0.004394433 0.004081883 0.0008800717 0.0004328866
0.008720725 0.002851177 0.005115266 0.01073691 0.006007001 0.004956412 0.005224993 0.00686729 0.01054444 0.004752197 0.00422251 0.005870537 0.004304362 0.003887058 0.005406123 0.006044267 0.009838213 0.01468689 0.02840437 0.03157206 0.04217992 0.03883346 0.02853513 0.04893053 0.08287554 0.08422048 0.06948097 0.05619634 0.06051035 0.04392387 0.03799697 0.04836785 0.0357674 0.06914617 0.06104471 0.07721441 0.07359808 0.07929424 0.0856014 0.09123803 0.0461389 0.06928983 0.06560134 0.0467323 0.0531962 0.05154221 0.05034732 0.03609236 0.05002395 0.05106997 0.05241935 0.01697003 0.006486919 0.001145217 0.0007219419 0
0.01467257 0.006700794 0.005846406 0.005718111 0.00560765 0.009087408 0.008290454 0.008309432 0.00825489 0.009212098 0.004930565 0.005141686 0.006951637 0.01106145 0.00876862 0.01097009 0.009236677 0.01038014 0.01836979 0.02489397 0.03791515 0.03604818 0.04523369 0.05509767 0.07547449 0.06845646 0.05111069 0.07392902 0.0661333 0.03974919 0.04150475 0.05186022 0.08004942 0.08259296 0.06054058 0.07626978 0.07841179 0.08226983 0.04963931 0.05320122 0.03476302 0.03993286 0.05763952 0.06116961 0.0647234 0.06582856 0.06204442 0.06401544 0.06344962 0.03671828 0.04145497 0.03198121 0.0174091 0.008451859 0.002559503 0.0003446557
0.02634325 0.01889645 0.01649836 0.01273432 0.009734799 0.01536491 0.01871234 0.01855105 0.01394456 0.01409661 0.0116998 0.009430726 0.01024677 0.027536 0.01616503 0.01293997 0.0117865 0.02115218 0.02146097 0.02721265 0.03860094 0.03619039 0.04715403 0.04432797 0.06523561 0.04420018 0.04579197 0.0447289 0.05215583 0.03325672 0.03187623 0.05270192 0.0804528 0.08293492 0.05926036 0.05864179 0.08867699 0.07925658 0.04830071 0.03084372 0.02589995 0.02129596 0.08324084 0.06867406 0.06137641 0.06766142 0.06002296 0.06384979 0.06114963 0.09286123 0.0456893 0.02832251 0.02690853 0.01984634 0.001742341 0
0.03971275 0.02309562 0.02384695 0.02122996 0.01437192 0.0198791 0.02573789 0.0224953 0.02263261 0.01825508 0.02218808 0.01896257 0.01128502 0.01627604 0.01613161 0.01707551 0.01460731 0.01217457 0.02092372 0.02948967 0.04427876 0.04062613 0.04567428 0.04094392 0.03418897 0.03289379 0.03251478 0.02580339 0.03356569 0.03388031 0.03034863 0.0380169 0.05717471 0.06415637 0.04690163 0.08708917 0.09350315 0.08911198 0.08796399 0.03107439 0.03462721 0.02978509 0.05871749 0.05323586 0.05229833 0.03456587 0.05349677 0.04182415 0.05264868 0.1202144 0.03996882 0.02480778 0.01515617 0.009465567 0.0007960765 0
0.02484665 0.05025424 0.05114529 0.02748425 0.02843708 0.02566764 0.02867352 0.03319442 0.03909144 0.03542024 0.02455614 0.02118248 0.01876475 0.01725641 0.02098083 0.01099476 0.008850623 0.008612461 0.01564398 0.02659744 0.02629784 0.03956344 0.04908475 0.03051086 0.02187104 0.01956865 0.0278758 0.01902458 0.02354326 0.04456925 0.03756137 0.04549073 0.0671443 0.04606064 0.04810374 0.06861943 0.06332768 0.06400222 0.0676325 0.05094158 0.03473584 0.04510945 0.0441712 0.03992112 0.05402073 0.05604597 0.064888 0.04702235 0.03816972 0.03450071 0.02107152 0.01012246 0.002936171 5.430952e-005 5.628668e-005 7.411821e-005
0.05841893 0.05360987 0.05982557 0.04767773 0.03499729 0.03357897 0.05173692 0.05976562 0.04092377 0.04683798 0.03849095 0.03113465 0.02115806 0.02135492 0.02876827 0.03255714 0.02760646 0.01367299 0.01256757 0.0145433 0.02915052 0.04072534 0.01611469 0.01941302 0.01588514 0.01597 0.02677146 0.01288225 0.01902954 0.04661269 0.06903835 0.05027229 0.04587572 0.03824112 0.04620788 0.06946322 0.06283256 0.07047135 0.06879766 0.06253598 0.02638257 0.03815902 0.04806343 0.05104031 0.03884488 0.06234727 0.0492665 0.04756317 0.01214733 0.01070701 0.006493266 0.0005587773 0.0006314003 8.825133e-005 5.591802e-005 0.000109336
0.09641679 0.07973033 0.1038779 0.04470538 0.0477724 0.05780504 0.0695925 0.05106074 0.04510021 0.05277515 0.0540279 0.02868939 0.02442323 0.01858961 0.03950388 0.03676802 0.03838539 0.03099057 0.01267757 0.02027516 0.01414379 0.02559241 0.009744258 0.01430513 0.01143635 0.01274562 0.02008536 0.01231432 0.0139054 0.03819289 0.04750017 0.03111318 0.03583976 0.03524136 0.04095627 0.04748075 0.07479326 0.09729745 0.08058956 0.04308739 0.04584964 0.04587218 0.06480337 0.05834979 0.03155095 0.03793427 0.04971261 0.03605089 0.01970494 0.01505304 0.005062508 7.763699e-005 5.938144e-005 0.0003218642 8.527152e-005 6.885508e-005
0.1128987 0.1041526 0.06990449 0.03120191 0.03102611 0.06144057 0.07387386 0.06148815 0.04460875 0.05570584 0.04567838 0.02479039 0.0146351 0.0189786 0.02848495 0.04111407 0.04693759 0.04912636 0.04384382 0.04577764 0.03456369 0.01399037 0.0253636 0.01400274 0.009921597 0.01110263 0.01294302 0.0141887 0.01838059 0.02286709 0.0226253 0.02272941 0.02315363 0.02865389 0.06199024 0.07215191 0.1038703 0.1031292 0.08116626 0.05999433 0.05831533 0.07189208 0.06753614 0.06895966 0.05958593 0.04500528 0.04475819 0.02431027 0.02424226 0.02385826 0.01136792 0.001991972 0.001176588 0.0002086559 4.477553e-005 8.841506e-005
0.1509248 0.02996424 0.04283908 0.03599542 0.02506432 0.05530608 0.09393787 0.05998038 0.04652752 0.04552247 0.03287058 0.02193175 0.02362634 0.01797152 0.03306475 0.03871449 0.05178208 0.05524752 0.05707784 0.05942382 0.05430437 0.02069977 0.02310134 0.02338316 0.0106052 0.008736992 0.01835085 0.03156245 0.03528779 0.04302652 0.02600372 0.02574217 0.02105527 0.02876418 0.03714203 0.04941645 0.09031241 0.06562353 0.05935007 0.06632161 0.0809075 0.06350634 0.05624712 0.06338958 0.06883852 0.05825262 0.06088186 0.03769086 0.03521207 0.02757506 0.02028313 0.00487022 0.001433677 4.590502e-005 4.229122e-005 0.003594755
0.09007268 0.07975267 0.04781375 0.06291856 0.05877564 0.0825443 0.08777586 0.06935523 0.07265918 0.04182766 0.04343645 0.1073295 0.09265094 0.07588468 0.06746247 0.04995327 0.06778224 0.07897096 0.05474399 0.05622299 0.09573584 0.03486329 0.02321618 0.03216343 0.03539892 0.0200732 0.01666668 0.03416739 0.03818831 0.05453601 0.02090358 0.02382365 0.02231331 0.02508058 0.02827836 0.03664839 0.0717347 0.07418391 0.08445585 0.08514848 0.06950986 0.06056475 0.06634115 0.06762949 0.05145396 0.04040854 0.0382768 0.0486743 0.05201068 0.03618496 0.02727488 0.009733024 0.01284886 0.02040147 0.004859234 0.003484461
0.0475832 0.05006925 0.05947204 0.1014842 0.07179103 0.09515394 0.09533331 0.04039873 0.04713022 0.09284808 0.09179248 0.1336695 0.1616904 0.1179037 0.1202572 0.09393303 0.09739053 0.1372228 0.1035901 0.1028523 0.09621353 0.04651819 0.02186314 0.05240282 0.05645147 0.02736537 0.01448035 0.02576129 0.03697718 0.03358451 0.01805599 0.03620956 0.02006678 0.02112676 0.03101952 0.04704908 0.04981142 0.05220979 0.06265124 0.05589665 0.05757758 0.05812665 0.06793561 0.08158506 0.07001536 0.0529209 0.03859153 0.06851675 0.0666533 0.04389 0.02814643 0.01047737 0.007516509 0.01954039 0.0124945 9.067237e-006
0.09077077 0.09697468 0.1604692 0.1642322 0.08261556 0.07123768 0.1298191 0.05783961 0.07333337 0.07033232 0.07503747 0.08166488 0.1145687 0.1491873 0.1516166 0.1183529 0.1244236 0.166872 0.1491389 0.1125008 0.05791537 0.1024035 0.04297186 0.04828114 0.039912 0.03059706 0.02743022 0.01383199 0.01805666 0.0377841 0.05535734 0.04174848 0.02535162 0.0227688 0.02848005 0.04294204 0.03282106 0.02829348 0.03711585 0.03706045 0.04909798 0.05208274 0.06739203 0.09661046 0.06615925 0.0544691 0.06700237 0.07703738 0.08670988 0.08292674 0.02884917 0.01238272 0.001778947 0.01352072 0.02183979 0.008737777
0.07813232 0.125046 0.2075044 0.2283466 0.1651288 0.1253165 0.1388985 0.05180959 0.09080945 0.04616893 0.04164832 0.05639054 0.07835029 0.1326173 0.1348094 0.1552648 0.1736213 0.1699756 0.1500923 0.1053769 0.07273636 0.04315452 0.03658549 0.04555508 0.05486919 0.03894117 0.03751631 0.02379856 0.02998994 0.03221841 0.05610146 0.04792583 0.03154359 0.03360087 0.03079927 0.02611788 0.02858358 0.02422309 0.02810086 0.04956069 0.06544905 0.07297441 0.05968929 0.04114177 0.03952205 0.03237677 0.03991377 0.05782404 0.04432903 0.05320402 0.03908741 0.01584775 0.01623841 0.01463552 0.01305154 0.02936015
0.06765461 0.1108336 0.1501516 0.1950704 0.1362186 0.1185581 0.08562125 0.02413546 0.02845772 0.01418186 0.0592561 0.02937881 0.05822212 0.05607697 0.06665836 0.1492214 0.1557904 0.1452627 0.09191862 0.09448583 0.1020651 0.06616285 0.06209053 0.06559861 0.0667164 0.05929065 0.06073802 0.04668157 0.1048505 0.04552394 0.03958083 0.05365102 0.06153116 0.0378225 0.03668462 0.03253841 0.02916155 0.02144703 0.02767013 0.04461941 0.05991028 0.07068639 0.07751375 0.06530346 0.02623135 0.02399949 0.02761813 0.03085779 0.01978377 0.02202622 0.02123422 0.01546631 0.01070307 0.01742394 0.01425883 0.04010984
0.04765017 0.07137235 0.1437152 0.1660885 0.141536 0.1228134 0.07627302 0.03161443 0.0213445 0.02326299 0.03719641 0.03517373 0.05989475 0.05415658 0.06267989 0.149188 0.1580491 0.1818931 0.1765129 0.1286013 0.1035136 0.0599669 0.0408162 0.05623059 0.05764558 0.0696898 0.06420227 0.05176728 0.06647854 0.04675176 0.03665942 0.04246562 0.05200195 0.04929513 0.03797691 0.04045258 0.03292564 0.02379582 0.02637183 0.03249252 0.03764325 0.04924686 0.0563989 0.04741352 0.02858074 0.02215356 0.02516622 0.032579 0.02161722 0.01068615 0.01777893 0.07724071 0.04413934 0.01679311 0.01499234 0.03713612
0.07976409 0.1522282 0.1292489 0.2009409 0.1650939 0.1691264 0.1261857 0.0709985 0.05286131 0.04142968 0.02317705 0.06593062 0.03045317 0.04416916 0.06082435 0.1432354 0.1514603 0.1157937 0.1349869 0.1521518 0.09575545 0.05496813 0.04828743 0.05918625 0.06776443 0.08076665 0.06084008 0.06509914 0.06565628 0.0640354 0.04782968 0.04007531 0.04375336 0.05572819 0.05573435 0.03457634 0.02634655 0.02448203 0.02386803 0.02919809 0.04813926 0.05598725 0.04173542 0.0310923 0.02787732 0.0302592 0.03105545 0.03592717 0.02890332 0.01329405 0.02276583 0.06473419 0.0644408 0.02032884 0.008571047 0.01893198
0.09852201 0.1130642 0.2180617 0.2003589 0.1224719 0.1411296 0.1639139 0.1351564 0.07433124 0.09734065 0.0767119 0.04360516 0.02304691 0.06603304 0.101756 0.1599155 0.1485009 0.1162811 0.07385103 0.1173852 0.06607866 0.07289366 0.0738719 0.07527189 0.0671391 0.06742086 0.06549943 0.0559011 0.06474464 0.05644329 0.05211519 0.06754795 0.0597955 0.06298792 0.05742104 0.04554302 0.03757374 0.03557514 0.03262115 0.03123536 0.06100378 0.05045576 0.02845635 0.01819526 0.03930816 0.07309374 0.0520997 0.04452985 0.03861731 0.02626539 0.03295544 0.01623415 0.03090608 0.02117793 0.0179521 0.01754997
0.05425171 0.08071244 0.1937729 0.1916683 0.1510314 0.1349554 0.1151392 0.1933305 0.07898071 0.05872772 0.05832471 0.04554196 0.04908678 0.139581 0.1433205 0.08941042 0.09049831 0.05547495 0.05469003 0.05011951 0.07103474 0.06570558 0.08427364 0.08445024 0.08739385 0.06601279 0.06116595 0.05988161 0.06524008 0.0597643 0.05468714 0.07576333 0.06536408 0.06049065 0.05832211 0.06008663 0.04809235 0.04612953 0.0498068 0.03322051 0.02909135 0.03707147 0.02805872 0.01754802 0.05506148 0.08218058 0.01857422 0.02787567 0.03935081 0.02118781 0.01072486 0.01019463 0.008365142 0.01645306 0.0221784 0.02447434
0.07799583 0.06262013 0.06538028 0.2299378 0.09919092 0.1413118 0.08654263 0.2842456 0.1457415 0.05591366 0.066896 0.08791664 0.09557287 0.1497456 0.1726879 0.1747412 0.1804706 0.1178056 0.06597569 0.05860439 0.0772307 0.08801512 0.07264021 0.1357675 0.1249003 0.09988264 0.05876599 0.06708378 0.08516837 0.07211555 0.06276017 0.06883924 0.06831136 0.06996185 0.06930082 0.05720134 0.07276095 0.06801109 0.04406087 0.03753664 0.03949829 0.04938788 0.05055837 0.03130748 0.01694256 0.01190965 0.02569728 0.0397344 0.03619929 0.01560923 0.01402095 0.01533773 0.00792269 0.01317699 0.02213847 0.002569579
0.06770483 0.0770459 0.09737615 0.1781902 0.1373014 0.08315098 0.08147924 0.141248 0.06535156 0.1030856 0.2193947 0.1488259 0.1248103 0.148321 0.2036156 0.2275825 0.2151874 0.1501522 0.143231 0.178289 0.1198229 0.1536318 0.09207542 0.09251193 0.0745745 0.1136415 0.07723359 0.06998289 0.08847123 0.07676209 0.06786217 0.07518591 0.08373882 0.07108721 0.08604886 0.09936352 0.1014757 0.1042818 0.04966562 0.05313268 0.06386435 0.06497698 0.05799893 0.03256168 0.01485536 0.005998447 0.01507364 0.02024073 0.01027939 0.01366011 0.02251987 0.02824407 0.01314252 0.01497297 0.02018916 0.02123768
