contrib/geomasonDemos/riftland/riftlandData/RainData/73.txt
ncols         56
nrows         54
xllcorner     28.264
yllcorner     -5.7719999999999
cellsize      0.25
NODATA_value  -9999
[rows 27 to 53 of 54, columns 0 to 55 of 56]
0.1582018 0.1353028 0.1593069 0.1955829 0.1627158 0.1181579 0.1041748 0.1570182 0.1234788 0.163582 0.3645397 0.2530872 0.1677448 0.207519 0.2711601 0.2969903 0.2006982 0.1516871 0.2048302 0.2029025 0.1518212 0.1293654 0.0979145 0.09176872 0.08647732 0.1056879 0.1098224 0.09533396 0.09436479 0.1010355 0.09485092 0.08988744 0.08959274 0.09042715 0.09851737 0.1318909 0.1315687 0.1236216 0.08723536 0.08047069 0.08870669 0.08585862 0.07390059 0.03844651 0.02199076 0.02532632 0.01773178 0.0275274 0.01193612 0.012631 0.0126275 0.04098999 0.0243085 0.02677736 0.01719848 0.01750077
0.1944014 0.2360383 0.1815711 0.1476936 0.194555 0.1387001 0.1626988 0.1519292 0.2241677 0.1569544 0.230973 0.2187788 0.3416452 0.2998309 0.3062948 0.3419338 0.3180932 0.2006257 0.252418 0.2815197 0.2828571 0.2362145 0.1731095 0.1254202 0.1113194 0.1139108 0.1214445 0.1074588 0.1183036 0.1311961 0.1140666 0.1038262 0.1219156 0.1130269 0.1334276 0.1489927 0.1308931 0.1095051 0.1073465 0.1107826 0.09653304 0.09298847 0.0737854 0.03644866 0.04389551 0.02961542 0.03018499 0.02518678 0.02147918 0.01625511 0.02376898 0.03088232 0.03882293 0.02176509 0.01734713 0.02035766
0.2222785 0.2843679 0.1785605 0.2530296 0.2057041 0.1822918 0.195831 0.07059479 0.3003543 0.2879016 0.1485566 0.1814457 0.3323009 0.3676544 0.4210675 0.3302522 0.2551181 0.2473542 0.2826985 0.2400948 0.1859383 0.1472344 0.1245183 0.1265325 0.1246787 0.1227909 0.1511259 0.1215826 0.130536 0.1436503 0.1206995 0.1115285 0.1416553 0.1430102 0.1398945 0.1223125 0.101824 0.09843366 0.1377631 0.1302609 0.1344959 0.07915895 0.06041303 0.03259932 0.0286088 0.03063572 0.02687203 0.02110631 0.02178015 0.01832078 0.02414958 0.02048577 0.01077755 0.02323637 0.01440739 0.00334408
0.3918642 0.3837722 0.2507215 0.2011633 0.1537422 0.122412 0.1250948 0.07071925 0.08436032 0.1087731 0.2579916 0.2571709 0.2909819 0.3234266 0.3016152 0.2405901 0.1639011 0.1540913 0.2122494 0.1872804 0.1844677 0.1492155 0.1286318 0.1282773 0.1437988 0.1730465 0.1893991 0.1692437 0.1322978 0.1233392 0.1122823 0.1090445 0.1236548 0.1179764 0.1220136 0.09498154 0.09280622 0.1118878 0.1280528 0.1129978 0.1042837 0.07931629 0.06590122 0.03344886 0.03043617 0.02903297 0.02168504 0.0194037 0.02150388 0.01781952 0.02133801 0.01605853 0.01470643 0.009822536 0.005456548 0.0003183791
0.4208871 0.4166084 0.2635325 0.2376918 0.1172708 0.07506398 0.0844603 0.1626245 0.1831134 0.1606984 0.2343005 0.2047148 0.2292974 0.2643059 0.2356505 0.2792391 0.1996278 0.2421332 0.294579 0.1646512 0.1662299 0.1376281 0.1266162 0.12717 0.170338 0.1906701 0.2074885 0.178116 0.1342851 0.1188385 0.129748 0.1055977 0.0884122 0.08435629 0.07695726 0.07260115 0.07486553 0.0719258 0.07536684 0.06370922 0.05615922 0.06099408 0.04855529 0.03907027 0.03981836 0.03380014 0.04803691 0.03173914 0.01865052 0.02400153 0.01914504 0.01809587 0.001879883 0.0117034 0.0005825681 0.0003950252
0.442776 0.3789839 0.2061133 0.1666615 0.06159174 0.08244485 0.07608105 0.2202879 0.1979084 0.2000096 0.2686504 0.2353147 0.2576602 0.2853428 0.2403172 0.2263127 0.2408185 0.2585769 0.2431181 0.226402 0.2059187 0.1098231 0.1032358 0.1363946 0.2160549 0.2127093 0.1937956 0.1712065 0.1558177 0.1219964 0.1272812 0.0984135 0.07610875 0.07615924 0.06840871 0.05898282 0.05988138 0.06592301 0.071717 0.07172991 0.05113498 0.04882252 0.05064658 0.06948449 0.047569 0.0376397 0.02487208 0.0325792 0.0375195 0.03071492 0.01982868 0.01643218 0.008474444 0.002764625 0.0005905746 0.001151309
0.4077499 0.4047118 0.2379861 0.1591211 0.06860225 0.07958451 0.176116 0.2780741 0.2341519 0.2232164 0.2538258 0.2988148 0.2850736 0.2528945 0.2304581 0.2324184 0.2665434 0.2862826 0.2195539 0.2100706 0.1596279 0.09647343 0.09663665 0.1452447 0.1535418 0.2727456 0.2204717 0.1690752 0.1572602 0.1228346 0.100449 0.09007028 0.08441561 0.08279878 0.07343535 0.06174855 0.07284991 0.07503373 0.09056111 0.05759816 0.04874164 0.04056768 0.04565189 0.04424784 0.03980274 0.02506636 0.01794266 0.04453443 0.04499159 0.01904523 0.03709862 0.01704732 0.003064259 0.003370698 0.004025312 0.01073046
0.3897752 0.3167485 0.2824504 0.189826 0.1364253 0.1550558 0.2846037 0.2846429 0.2371412 0.2275954 0.2329997 0.2641325 0.3458916 0.3579815 0.2098295 0.2619154 0.2927825 0.2807106 0.2080068 0.1574737 0.1101396 0.09421878 0.09565318 0.128791 0.1524418 0.1921442 0.1720047 0.1301582 0.1260882 0.1101255 0.09465176 0.07817343 0.08270574 0.07915487 0.07639225 0.07427292 0.08245367 0.07607636 0.07220856 0.05957787 0.05619392 0.04938005 0.0423844 0.0315462 0.0225086 0.01736069 0.02210754 0.03897927 0.03132527 0.01742147 0.02097461 0.01290832 0.003545071 0.005131737 0.006205793 0.004353562
0.4394358 0.4471334 0.3073173 0.196175 0.1352286 0.1501285 0.1808149 0.260582 0.2139388 0.2235052 0.2161712 0.2704637 0.3365852 0.4808974 0.2667681 0.3561117 0.2965244 0.2612862 0.1425527 0.1129844 0.09353268 0.06594621 0.09070345 0.1570856 0.2522824 0.1684923 0.1346126 0.1172038 0.1001938 0.08216817 0.0679471 0.07579213 0.07217775 0.07366042 0.08045856 0.08543109 0.09531939 0.09335582 0.08484431 0.07746109 0.06689101 0.05908414 0.05065181 0.03548634 0.02880064 0.02039088 0.02494136 0.02473018 0.019925 0.01138542 0.01256369 0.01957315 0.01009088 0.04747537 0.01362999 0.004122465
0.4347565 0.3798344 0.3267681 0.234086 0.2549684 0.1801201 0.1289222 0.2001063 0.1802008 0.2012523 0.1996582 0.2686652 0.2971052 0.3563476 0.3404768 0.337743 0.2942807 0.2495819 0.1779751 0.1083059 0.1025999 0.07320016 0.08597963 0.1453693 0.1478419 0.141605 0.1433037 0.1120454 0.09203611 0.06838654 0.06406658 0.05958963 0.06235554 0.07439566 0.08510948 0.09505799 0.09170755 0.09657813 0.09402081 0.08012201 0.07248633 0.06669715 0.05512856 0.03612351 0.02946112 0.02355908 0.02072204 0.0231127 0.01697274 0.01972284 0.01844992 0.03595576 0.07752223 0.02746913 0.006810076 0.01488581
0.5194163 0.3154058 0.2186519 0.1129123 0.1544727 0.21758 0.193725 0.2395269 0.2028377 0.1835239 0.1912027 0.2970276 0.2714587 0.2500228 0.2553155 0.259088 0.3272397 0.3616637 0.1965147 0.1496269 0.0792153 0.04257505 0.05536181 0.1285883 0.1240338 0.1377332 0.1544971 0.1353591 0.1038139 0.06279791 0.06171515 0.05549029 0.06268814 0.0733581 0.09503952 0.1032984 0.1031458 0.1042378 0.103041 0.08901835 0.08335279 0.0768439 0.06640725 0.04320413 0.03822132 0.02966904 0.03044953 0.02695561 0.01956953 0.01982944 0.01978399 0.04276577 0.01692988 0.01051327 0.01810855 0.005403225
0.6347249 0.3779317 0.1966003 0.1151335 0.1309127 0.2520992 0.2765605 0.2606531 0.2226623 0.1816002 0.1850068 0.2283243 0.2396549 0.1739946 0.2194313 0.2329196 0.2554664 0.278721 0.2260959 0.1205758 0.06191606 0.04666507 0.08515974 0.1221698 0.1329827 0.1772897 0.191991 0.1226958 0.08748251 0.07806486 0.06434704 0.06342538 0.06250536 0.07585417 0.09452924 0.1158056 0.1220217 0.1164679 0.1195829 0.1023382 0.106311 0.09765914 0.08244544 0.05401614 0.05767309 0.0435295 0.03466953 0.03128408 0.06744696 0.03240664 0.03204924 0.01533967 0.02059731 0.01025749 0.002273684 0.007096774
0.6891147 0.5827439 0.2340645 0.144541 0.1752403 0.3061611 0.3190339 0.2899552 0.2459769 0.291702 0.2120298 0.2054701 0.1558605 0.1533763 0.1451535 0.152651 0.1656689 0.171799 0.1689926 0.1233972 0.09422555 0.08321857 0.1097999 0.09559049 0.1361664 0.1512871 0.1516795 0.1214834 0.09695601 0.09140497 0.0849404 0.08710511 0.06747802 0.08762104 0.1047888 0.1241523 0.1296038 0.1399452 0.1422784 0.1407179 0.1464831 0.1332106 0.1277787 0.07568728 0.08465183 0.05166636 0.03637893 0.02174468 0.02218756 0.01858936 0.00978543 0.01038258 0.01146331 0.0001524473 0.0001616676 0.007620967
0.4534534 0.3951655 0.2449541 0.1516203 0.2267402 0.2926097 0.2878772 0.2822479 0.2839772 0.2839426 0.2251869 0.2296467 0.2145536 0.1805142 0.1387381 0.1680776 0.130983 0.1541093 0.1324327 0.1171227 0.1613791 0.1144065 0.1231352 0.1289954 0.1343122 0.1178926 0.1213232 0.1014181 0.09609256 0.1029297 0.1212299 0.07724349 0.07568343 0.09769343 0.1119769 0.11599 0.1408222 0.16803 0.1687237 0.158957 0.1633987 0.1488475 0.1316719 0.08569659 0.06916201 0.05684339 0.04863333 0.02418546 0.01846369 0.01237831 0.01339494 0.009962555 0.0002163997 8.501539e-005 0.0002114845 0.003508064
0.4357503 0.3094393 0.2187442 0.2088178 0.2575208 0.3568232 0.3040095 0.2310856 0.2174204 0.2327647 0.2516469 0.2945351 0.2602663 0.1976115 0.1785504 0.1862657 0.1845796 0.1710213 0.1528231 0.1484898 0.2178705 0.2193243 0.1800371 0.1462061 0.1352944 0.1253867 0.1420981 0.1295864 0.09974369 0.09055634 0.07889928 0.07439616 0.08438362 0.09687221 0.1059032 0.1188952 0.1428566 0.1596901 0.1872637 0.2213325 0.1684675 0.1508145 0.1248983 0.08166845 0.07249708 0.06550388 0.05196141 0.02006835 0.01200181 0.01403961 0.01234226 0.001241568 0.0009876991 3.200991e-005 3.200991e-005 0
0.3522773 0.2967402 0.3137319 0.2499554 0.2048202 0.1988515 0.2432837 0.3252496 0.2589875 0.271406 0.2923912 0.2994668 0.2917013 0.2415918 0.3091843 0.1984957 0.2122901 0.2097241 0.2084122 0.1845473 0.1819191 0.2500395 0.2124094 0.16079 0.1712475 0.1172023 0.113465 0.09901135 0.09922215 0.09889118 0.09005407 0.08870594 0.08107378 0.1046986 0.1035894 0.1264824 0.1555032 0.1472223 0.1725393 0.1928042 0.1829454 0.1695561 0.1327194 0.09045755 0.08528856 0.08997746 0.05859568 0.01597007 0.01220909 0.01063885 0.01123967 0.001133264 0.002643523 0.0006461535 3.208147e-005 0
0.2911459 0.2150518 0.2528833 0.2637583 0.2425988 0.2031585 0.2273061 0.3401645 0.27493 0.2970046 0.3030906 0.2687235 0.2688633 0.2638765 0.2105414 0.1767824 0.2122839 0.2210213 0.21508 0.2676478 0.1537187 0.1342742 0.1382313 0.1484091 0.1406551 0.1262417 0.09591031 0.08570971 0.1483069 0.1171224 0.1027929 0.08718415 0.07911526 0.117706 0.09978056 0.1225739 0.2495213 0.1224325 0.1333365 0.2164723 0.232503 0.2118375 0.1670221 0.1008387 0.09352925 0.1025571 0.06808402 0.02169293 0.0140767 0.01131969 0.006500435 4.032258e-005 0.0002419355 0.0009274193 4.032258e-005 0.0005241935
0.2404038 0.2139491 0.2015692 0.1875592 0.2087534 0.2323151 0.2622119 0.310127 0.3467646 0.3431626 0.2774844 0.2388865 0.3035642 0.2485811 0.1786284 0.2094905 0.1879631 0.1673551 0.1917602 0.1750173 0.1304248 0.151219 0.1476448 0.1429008 0.07673713 0.1114079 0.09436472 0.1087287 0.1631961 0.1627207 0.1104273 0.1164903 0.1149197 0.0996362 0.07808354 0.1082727 0.1253855 0.1166311 0.142984 0.1971408 0.2347584 0.2491012 0.1776728 0.1112606 0.09101129 0.09812706 0.06248817 0.02155603 0.01359826 0.008444079 0.008820621 0.001290323 4.032258e-005 0 0.0006451613 0.003870968
0.2834074 0.2337668 0.2655538 0.2445558 0.1799097 0.2057949 0.198211 0.3527634 0.3138393 0.3123504 0.2634653 0.2352819 0.2624532 0.2604918 0.2082855 0.2072287 0.1666104 0.1501067 0.1603532 0.1389375 0.1356472 0.1817362 0.1875018 0.1616808 0.08720445 0.1110239 0.09262718 0.09862593 0.1012883 0.1413006 0.121378 0.1389561 0.1346398 0.1149786 0.0994755 0.107478 0.1047288 0.1186964 0.147661 0.2000471 0.2311615 0.2495051 0.1887513 0.1138331 0.1010941 0.09742323 0.05593736 0.02443943 0.01935552 0.01013155 0.01032938 0.002177419 0 0 0 0.004032258
0.2399083 0.2348943 0.2044946 0.140681 0.1410988 0.1724323 0.1927683 0.2713707 0.3059562 0.288844 0.2569583 0.2293715 0.2636787 0.275935 0.2845257 0.2293318 0.1788926 0.1486975 0.1325286 0.1555967 0.1531935 0.170243 0.2120481 0.1893809 0.09172527 0.09289341 0.08569594 0.1021544 0.1078259 0.1273588 0.1494232 0.1974754 0.1655229 0.1213264 0.09087944 0.09918451 0.09862988 0.1185765 0.148419 0.1942779 0.2242175 0.2289909 0.1808964 0.1221665 0.0992545 0.1126818 0.06913083 0.02974905 0.02474655 0.01125584 0.01117141 0.002822581 0 0 0.0001209677 0.001008064
0.2122964 0.2132307 0.2047781 0.1900969 0.1358966 0.1719142 0.2792502 0.2111394 0.2483183 0.2738327 0.1930124 0.184138 0.1857387 0.2658781 0.2777568 0.2473843 0.180104 0.1594882 0.1920527 0.1487068 0.1529604 0.1674821 0.1942181 0.1270484 0.1069897 0.1073205 0.1072088 0.1794017 0.2068425 0.2088144 0.1923759 0.1578354 0.1758263 0.148951 0.1057174 0.1221673 0.1093224 0.1192919 0.19377 0.2034027 0.1928923 0.1819346 0.1530846 0.1303748 0.09011757 0.08725505 0.05904214 0.009556452 0.01362903 0.01854839 0.02782258 0.006330645 0.0003225806 0 0.001048387 0.004153226
0.2304537 0.1598963 0.1370367 0.1873558 0.1341611 0.1749584 0.2554789 0.2427155 0.2479516 0.25243 0.2119569 0.2167238 0.2393827 0.242013 0.2637451 0.2363831 0.1816976 0.1856109 0.2011524 0.1745961 0.1604215 0.1841695 0.1709072 0.1479087 0.1596224 0.1256877 0.1522752 0.2210211 0.2387526 0.2316535 0.1786999 0.1455702 0.1467744 0.1108883 0.1159461 0.1408787 0.1228869 0.1440624 0.1665608 0.1868185 0.179981 0.1664709 0.1485675 0.1276853 0.1297541 0.1053711 0.07046762 0.02084677 0.006008064 0.006774193 0.01697581 0.04092742 0 0.001129032 0.001370968 0.002620968
0.2177793 0.1347203 0.1593124 0.1797804 0.1187674 0.1329542 0.1860663 0.1895473 0.1594893 0.2265246 0.2137886 0.218448 0.2294621 0.2340565 0.2300168 0.2503921 0.2271975 0.1917695 0.2009744 0.1884357 0.1572967 0.1718037 0.1733878 0.1884307 0.1914775 0.1768655 0.1721821 0.2218063 0.224038 0.2304844 0.1853467 0.1435037 0.1707359 0.165715 0.1339976 0.1385203 0.1350627 0.1509266 0.1499662 0.183623 0.1984103 0.1580037 0.1400532 0.1495659 0.1142911 0.09644039 0.0819905 0.007782258 0.008790322 0.004193548 0.005846774 0.004758064 0.01116935 0.006895161 0.003830645 0.009435484
0.2030589 0.2604406 0.2695606 0.2328791 0.1828009 0.189239 0.1748222 0.1836865 0.1484526 0.2035792 0.198326 0.2207316 0.2405568 0.2377814 0.2257383 0.2202309 0.2224078 0.2056726 0.2092949 0.2158067 0.2019189 0.168955 0.1731579 0.1981739 0.1945551 0.1973554 0.2208898 0.2286476 0.2267434 0.2372152 0.1569324 0.1507958 0.1630197 0.1497807 0.1323481 0.1214366 0.1486019 0.1262552 0.12865 0.1616868 0.1630145 0.1681947 0.1442316 0.125306 0.1063491 0.09085568 0.08063582 0.002903226 0.003467742 0.002903226 0.004637097 0.01092742 0.01108871 0.01080645 0.006088709 0.01439516
0.2070225 0.2374514 0.38728 0.2134729 0.2616346 0.2277337 0.1778032 0.157584 0.1452629 0.1948202 0.1715752 0.1912702 0.1934757 0.1799047 0.1930875 0.2057421 0.2113704 0.2141244 0.1800073 0.2105156 0.247757 0.2539648 0.2235522 0.2327799 0.2242617 0.2269728 0.2066352 0.1729316 0.1956909 0.2058766 0.1207467 0.1413673 0.1304825 0.1265251 0.117854 0.09034902 0.09057602 0.1150202 0.1205289 0.1736052 0.1659858 0.1729909 0.1880282 0.1228184 0.1041742 0.09929383 0.09140307 0.001895161 0.003951613 0.0008064515 0.004395161 0.01185484 0.01298387 0.001330645 0.008508064 0.01504032
0.3022346 0.2531201 0.3049033 0.1923282 0.2138285 0.2401497 0.1607338 0.1516726 0.1561785 0.1796862 0.178424 0.16549 0.1762683 0.1192422 0.1691215 0.2031368 0.1408526 0.1443357 0.1788248 0.2310486 0.2357773 0.2450378 0.2482343 0.2058233 0.1807578 0.1800376 0.1781151 0.1718608 0.1806817 0.162476 0.1263 0.1109253 0.1326603 0.1433304 0.1482074 0.1144346 0.167681 0.1301319 0.1393328 0.1665021 0.157633 0.1826168 0.202497 0.1727973 0.1121641 0.1217534 0.09672299 0.04298387 0.03995968 0.01520161 0.007822581 0 0.008024193 0.01423387 0.01870968 0.02282258
0.2266341 0.2214643 0.2410467 0.1440491 0.1425034 0.2065083 0.234724 0.1666936 0.181755 0.1852134 0.198477 0.1808039 0.1643106 0.1784517 0.1568401 0.1554358 0.1450113 0.1524062 0.1440254 0.2150989 0.2142359 0.1847684 0.2019503 0.2013768 0.1884831 0.2015978 0.1573408 0.1663916 0.1853121 0.1759152 0.1731542 0.1340938 0.15603 0.1408736 0.1503118 0.1642632 0.2187087 0.2118874 0.2168322 0.1993169 0.1626922 0.1738629 0.1715518 0.1194549 0.09414051 0.09739934 0.1024958 0.02991935 0.03024193 0.02842742 0.03939516 0.01092742 0.01108871 0.02467742 0.04354839 0.04201613
