contrib/geomasonDemos/riftland/riftlandData/RainData/75.txt
ncols         56
nrows         54
xllcorner     28.264
yllcorner     -5.7719999999999
cellsize      0.25
NODATA_value  -9999
[rows 27 to 53 of 54, columns 0 to 55 of 56]
0.1267459 0.1137448 0.08027228 0.1873071 0.2841303 0.2382494 0.220625 0.2470979 0.2562256 0.1838903 0.1740836 0.1845259 0.1953558 0.1794117 0.2094914 0.2787432 0.219327 0.1736924 0.1592978 0.141253 0.1157404 0.1129188 0.147239 0.1556882 0.1770748 0.1320757 0.1168561 0.1111456 0.106474 0.1024284 0.1018317 0.1051547 0.08979359 0.07069194 0.07585556 0.07061332 0.08798193 0.09347004 0.08602083 0.09140863 0.07172976 0.04912218 0.02932245 0.01686052 0.01711664 0.01607372 0.06389499 0.04488632 0.004199982 0.0032917 0.002501787 0.005843591 0.008368737 0.005372825 0.0105758 0.007684601
0.09915291 0.08951051 0.0774137 0.1833178 0.1697947 0.2683314 0.2140845 0.3019209 0.3290261 0.2742138 0.2428416 0.2546974 0.2212532 0.1580569 0.2164796 0.2414978 0.206246 0.1620024 0.1572356 0.1439299 0.1253381 0.1529421 0.2826273 0.2324988 0.1881606 0.1534363 0.1292415 0.1218492 0.1189804 0.1071386 0.09704502 0.09731767 0.09289554 0.07333836 0.0731253 0.0532368 0.07034716 0.07522186 0.0761185 0.09851723 0.07073124 0.04313949 0.02587631 0.01421686 0.01493273 0.05029733 0.04996445 0.006637569 0.00383968 0.003026883 0.003258359 0.007558519 0.0201956 0.00564883 0.007546045 0.001822878
0.06447279 0.09805681 0.1211884 0.203517 0.222453 0.1323845 0.1591893 0.260013 0.2727774 0.3352014 0.2880187 0.2217438 0.2023066 0.1784562 0.1908354 0.2050668 0.2067123 0.1964682 0.1808097 0.1528139 0.1464658 0.2142386 0.2543627 0.1995113 0.211848 0.2390534 0.1581366 0.125025 0.1135384 0.1122477 0.1068668 0.1035687 0.08881024 0.07371836 0.06057694 0.0552384 0.06297205 0.06657945 0.09730993 0.1157367 0.06686736 0.03401987 0.02418989 0.0130026 0.01223203 0.01315682 0.01285314 0.005149249 0.003959767 0.003244255 0.003031895 0.002283588 0.002902273 0.01288526 0.01485117 0.00179674
0.1514659 0.115931 0.1043974 0.1665823 0.1128221 0.08005949 0.1015275 0.1882604 0.2183966 0.3379514 0.2506996 0.2260155 0.226674 0.2489233 0.2916549 0.2319842 0.247604 0.2027245 0.2339846 0.1738943 0.1826258 0.2182782 0.174582 0.1326106 0.1510333 0.1823396 0.1544495 0.1474477 0.1347859 0.1275512 0.1058062 0.08696289 0.07562589 0.07155786 0.06612791 0.05995601 0.07818882 0.06356324 0.07119858 0.07051316 0.05342806 0.03153362 0.02391358 0.01270009 0.02054637 0.01190399 0.005991743 0.005080599 0.007447647 0.006792531 0.003106622 0.002286304 0.002391393 0.01124367 0.008748051 0.001007038
0.2106476 0.1792351 0.184766 0.2333298 0.1387916 0.0830334 0.06588775 0.2065793 0.1952147 0.22076 0.2129249 0.2146901 0.2412677 0.3486894 0.4046412 0.2843346 0.2327034 0.237167 0.1928546 0.1332746 0.1117755 0.1169995 0.1242253 0.1258755 0.2087553 0.1932467 0.1551916 0.1673454 0.147022 0.1222175 0.1025624 0.08143666 0.07579008 0.06731976 0.06416676 0.07139321 0.1135746 0.06957997 0.06365369 0.07963621 0.0449858 0.03180754 0.02403135 0.009079677 0.01175227 0.01426603 0.004648359 0.008672454 0.02279761 0.01551508 0.002563746 0.00126059 0.003637308 0.08999513 0.04758821 0.0003307681
0.2300476 0.1571269 0.1565013 0.2649996 0.1215353 0.07489324 0.05229 0.2456245 0.2633239 0.2063559 0.1622973 0.1926749 0.2511547 0.2457265 0.2535613 0.2250631 0.1963418 0.1846143 0.1945618 0.1558641 0.1035262 0.1005494 0.08428886 0.1178716 0.1542999 0.1306839 0.1306705 0.1441224 0.1451682 0.1246828 0.1087666 0.08531843 0.06328403 0.06879535 0.08282642 0.07549963 0.07648643 0.07209247 0.06795963 0.06137102 0.04476557 0.02864349 0.02389471 0.01516321 0.02906962 0.02020875 0.004493048 0.004021126 0.02048039 0.01635796 0.002599201 0.0003595956 0.000963585 0.0644097 0.0597137 0.02611872
0.2104441 0.1308411 0.1133783 0.2978778 0.1437075 0.06960019 0.08420302 0.2924185 0.2905145 0.2781071 0.255001 0.269734 0.2376806 0.3184273 0.2285177 0.2434709 0.2160058 0.2743359 0.2375132 0.1792478 0.1281533 0.09872325 0.0976119 0.1144605 0.1534767 0.1194838 0.1132307 0.1301925 0.1468675 0.1345673 0.1130071 0.08523415 0.06436572 0.06588767 0.09339992 0.08889439 0.07822867 0.07250716 0.05782755 0.0463829 0.03482563 0.02819919 0.02395194 0.008522373 0.01857071 0.01156856 0.009329274 0.003845168 0.003233769 0.00295246 0.002601966 0.001545944 0.001354643 0.007847542 0.02275945 0.004406761
0.3358984 0.1961846 0.1125096 0.1495783 0.1063453 0.1249071 0.156414 0.2718467 0.2650772 0.3501299 0.2591775 0.2218532 0.225371 0.1669425 0.2493955 0.3582428 0.2814472 0.3406133 0.3216523 0.1969758 0.1431767 0.08708906 0.09221496 0.115978 0.1769179 0.150131 0.1248365 0.1407909 0.1403794 0.1298038 0.1195353 0.08329011 0.07099179 0.07058564 0.08611647 0.08044802 0.07284986 0.06734613 0.05540086 0.03426018 0.03137239 0.03074359 0.02202851 0.008086304 0.01339764 0.006815595 0.003837743 0.003797438 0.002879678 0.002405172 0.002139868 0.0006140522 0.0003036536 0.004334833 0.01102388 0.0001598772
0.49008 0.3096855 0.2001628 0.1722346 0.1539778 0.1719041 0.2078826 0.2856026 0.3197981 0.3291299 0.2729706 0.2445458 0.2394131 0.274215 0.2595276 0.2670819 0.2236215 0.2783182 0.2717245 0.221662 0.1658424 0.09983325 0.07943825 0.1151758 0.2369244 0.1904392 0.1811031 0.21959 0.1725803 0.1390452 0.1233115 0.09911609 0.08289524 0.07190394 0.07103992 0.07783469 0.07791577 0.06684273 0.05169829 0.0312724 0.03145585 0.03479366 0.020981 0.01382987 0.007342927 0.005430074 0.004615039 0.00375556 0.002916044 0.002535055 0.0020608 0.001175882 0.001303974 0.0009013384 0.0009602164 0
0.4333394 0.307664 0.217093 0.2082457 0.1477218 0.1149722 0.1303649 0.2204507 0.2373834 0.2341994 0.2266205 0.235762 0.2427832 0.2504947 0.3353091 0.2362465 0.2059537 0.2360564 0.2478203 0.2027265 0.1398066 0.1161224 0.08121318 0.1799289 0.2100176 0.149755 0.170657 0.2112024 0.1892666 0.1104861 0.135861 0.1346513 0.1025176 0.08679433 0.08760276 0.09725534 0.09166323 0.08052693 0.05328741 0.03450685 0.0366363 0.04218823 0.02588274 0.02170811 0.007081385 0.005428954 0.00428741 0.00340274 0.002516074 0.01210177 0.002639545 0.001586442 0.004553436 0.0008153102 0.0008248304 0
0.3222367 0.2004592 0.1343762 0.1479541 0.1086053 0.1039126 0.1471115 0.2634417 0.259868 0.2849283 0.2593556 0.2223294 0.2100153 0.2014969 0.2252537 0.2117518 0.1678325 0.1985836 0.2032438 0.1561347 0.109116 0.09109735 0.09432239 0.09940512 0.1685315 0.1470107 0.1628339 0.174205 0.1326324 0.1036893 0.1120498 0.1618677 0.1192301 0.1039962 0.119198 0.106291 0.09047876 0.07321125 0.06625624 0.05465501 0.05834765 0.05552809 0.03161365 0.009550424 0.01012953 0.008192563 0.004223627 0.003226279 0.002281378 0.002546692 0.001790448 0.01250076 0.003513218 0.01494683 0.0004236639 0.0001214575
0.3106647 0.1874103 0.1109796 0.1629821 0.1027116 0.1442426 0.2407773 0.3261566 0.2938789 0.3249694 0.2063013 0.188496 0.1826822 0.16419 0.1548376 0.1668351 0.1739101 0.1809543 0.1890474 0.1318639 0.1073126 0.0940956 0.1215293 0.1226171 0.1008003 0.1354545 0.2300703 0.1699515 0.1286937 0.1062923 0.1152072 0.2099795 0.1497691 0.1065044 0.0968616 0.09441722 0.07149067 0.08043282 0.07157368 0.07174084 0.1051928 0.06455278 0.04022266 0.03713247 0.0222943 0.00546751 0.009253788 0.01383796 0.002194392 0.001508925 0.001241297 0.001944483 0.005770217 0.0003993611 0.0003468397 0.0004048583
0.3136982 0.2598444 0.1127903 0.1232021 0.1415196 0.2258347 0.2466556 0.218399 0.3439674 0.3357883 0.2093754 0.1733754 0.1541054 0.1168805 0.1306112 0.1620796 0.1708399 0.148004 0.1605574 0.179928 0.1349652 0.1318555 0.1681965 0.1092114 0.116684 0.1371248 0.1840269 0.1595034 0.09109846 0.09391345 0.09086157 0.1034523 0.1045111 0.1008574 0.113902 0.07230335 0.05542689 0.06138796 0.05587444 0.06329842 0.08007201 0.0506933 0.04091877 0.06182994 0.01058862 0.01119717 0.01112495 0.008865915 0.006224758 0.005513716 0.0008248994 0.001640225 0.0001274182 9.385075e-005 0.0001001109 0
0.2837729 0.2640564 0.1060696 0.2118688 0.2573408 0.2111559 0.2447706 0.2279819 0.2091191 0.2419859 0.1896217 0.1604127 0.1303957 0.1167952 0.1277634 0.1326079 0.1495986 0.1277412 0.1214435 0.1572541 0.1427205 0.127548 0.1347552 0.1216245 0.08304312 0.1230106 0.1333812 0.1225781 0.09301323 0.06948512 0.0878457 0.07102448 0.07103558 0.08284399 0.08224999 0.06481518 0.05606585 0.04945902 0.06990547 0.1249672 0.09539298 0.04062252 0.03262349 0.01908788 0.01079022 0.008483197 0.006643245 0.005371754 0.00934016 0.002550479 0.007183631 0.0001536005 8.037235e-005 5.240186e-005 7.045791e-005 0
0.2553049 0.229617 0.1631945 0.2617921 0.2494594 0.2094217 0.2480754 0.3688654 0.3127378 0.2127638 0.2694023 0.2584192 0.197154 0.1870252 0.2177806 0.156925 0.1422095 0.1253518 0.1209128 0.1231431 0.1981433 0.2126852 0.1735709 0.08336074 0.08851634 0.1309702 0.1178368 0.1017092 0.08887544 0.07602501 0.06991582 0.07538727 0.07611889 0.07399737 0.06538188 0.05019559 0.04609845 0.0460653 0.1076549 0.1438617 0.07055424 0.05934114 0.05326577 0.01403671 0.01129123 0.008896909 0.0106076 0.005506286 0.00158996 0.007864613 0.003659701 0.0002343866 0.0001244888 1.990462e-005 1.991928e-005 4.048583e-005
0.2069753 0.1742223 0.1239276 0.1529718 0.2496717 0.2425544 0.3643639 0.3895516 0.2885798 0.1829186 0.2163722 0.2364021 0.1884084 0.1895593 0.2661377 0.1780853 0.1960758 0.1838639 0.2007562 0.2191385 0.2207048 0.201287 0.1483875 0.08123676 0.1023799 0.1068059 0.1209216 0.1079852 0.1124288 0.09582404 0.1257679 0.08122972 0.07789277 0.06618153 0.06063947 0.0634605 0.1005467 0.06474508 0.08718361 0.07561439 0.050467 0.05993799 0.054843 0.02747973 0.06007083 0.01518865 0.01160096 0.002884565 0.001701818 0.0009997373 0.0008141081 0.0002049012 0.0001609607 0.0001778504 3.959199e-005 0.0001214575
0.166437 0.1005621 0.1078712 0.1457078 0.2074542 0.2275824 0.3483809 0.3127358 0.2938896 0.2019008 0.2119273 0.2534606 0.2122115 0.2461609 0.2456134 0.1540945 0.1848161 0.1996534 0.211489 0.2295639 0.2372274 0.2336851 0.1254111 0.1418527 0.09077777 0.07398519 0.1043709 0.1317369 0.1367178 0.1308834 0.1087072 0.0835584 0.06451885 0.05376536 0.05273643 0.0816031 0.1752967 0.08960151 0.08077274 0.05578943 0.0522608 0.05235691 0.02822491 0.03003179 0.03028608 0.01348381 0.01050885 0.003682623 0.002099796 0.001222242 0.001080874 0 4.048583e-005 8.097166e-005 0.001578947 0.000242915
0.1625516 0.1170235 0.1312081 0.2685141 0.1624678 0.1880832 0.2905326 0.3110718 0.2744665 0.3525466 0.2827435 0.212799 0.1603363 0.2056988 0.1801288 0.1694189 0.2054891 0.2284365 0.2354999 0.2603102 0.2330142 0.1391568 0.1069237 0.1367622 0.07840332 0.08967041 0.1113461 0.1488386 0.08151867 0.0931756 0.08042835 0.1178999 0.08128086 0.06529987 0.06984914 0.07719161 0.08016361 0.08418013 0.08172255 0.05633068 0.05879688 0.04901212 0.03336413 0.06688087 0.05331009 0.01500684 0.008087769 0.003856897 0.02189076 0.001310672 0.001154412 0 0 8.097166e-005 0.0002024291 0.001417004
0.2256185 0.1393482 0.1124258 0.1591559 0.1683022 0.2179528 0.2531054 0.2797456 0.3509901 0.4063072 0.4045757 0.2904484 0.2169229 0.2202952 0.177473 0.1565128 0.1854165 0.2247835 0.2154833 0.1936876 0.128295 0.1012988 0.09474259 0.08224232 0.09861804 0.09679127 0.1412934 0.09997761 0.06006945 0.1062596 0.1171808 0.1480943 0.1061532 0.07303511 0.08486848 0.1055706 0.07812332 0.06361465 0.05589175 0.05197689 0.05338328 0.06376509 0.0469546 0.07159668 0.02542954 0.01871095 0.009567181 0.02431322 0.02488446 0.001442934 0.001442934 0 0 0 0 4.048583e-005
0.2180008 0.1817295 0.1893097 0.1713026 0.1592497 0.2493422 0.2198298 0.1980667 0.267424 0.3494922 0.3715669 0.2985495 0.275173 0.2108652 0.1965415 0.1986899 0.2186887 0.20797 0.1834447 0.1574218 0.1581377 0.1348968 0.1113284 0.06685778 0.09168845 0.09301341 0.09404301 0.09554362 0.1092728 0.1152933 0.1268136 0.1611821 0.1445582 0.1077316 0.1034067 0.1377366 0.1251343 0.07724337 0.06344993 0.08872893 0.06887321 0.07543015 0.05344262 0.04297499 0.02138476 0.01543037 0.01277083 0.00623776 0.004801238 0.001445658 0.001442934 0 8.097166e-005 0 0 0
0.2199826 0.189525 0.2253177 0.1552767 0.1532375 0.2712948 0.2507767 0.2025366 0.2466265 0.3076664 0.3272929 0.3155752 0.2920602 0.2139025 0.2000697 0.2006471 0.204522 0.1808966 0.1662243 0.1316367 0.1463692 0.1544859 0.122309 0.07177398 0.08747739 0.1608744 0.09737457 0.1100971 0.1140491 0.08495387 0.09199806 0.1534296 0.1393039 0.123333 0.1029094 0.1266203 0.09629545 0.1025592 0.09135801 0.09724603 0.08713104 0.07613354 0.0534688 0.02801735 0.03078794 0.01535718 0.01851765 0.01024194 0.0001612903 4.032258e-005 0 0 4.048583e-005 0 0 0
0.1886551 0.1622681 0.1827626 0.1759097 0.1619164 0.1722615 0.2483314 0.1980256 0.1623498 0.1767854 0.2540212 0.2641321 0.2647122 0.1969971 0.2172106 0.1883529 0.1604526 0.1463087 0.1378746 0.1367041 0.1681666 0.1819203 0.1334893 0.09871182 0.1370131 0.1607641 0.09271148 0.06718759 0.07384999 0.06994224 0.1094901 0.14751 0.1385705 0.1461403 0.1278767 0.09222012 0.09489025 0.1008058 0.1034196 0.09439655 0.07662316 0.07231262 0.04854469 0.03837799 0.03860492 0.03782596 0.03351616 0.0253629 0.005967741 0 0 0 0 0 0 4.048583e-005
0.1908285 0.1531262 0.1625568 0.1648704 0.1488921 0.1816136 0.3053802 0.1833388 0.133937 0.1399704 0.2078515 0.2235731 0.2175615 0.217487 0.1980605 0.1744902 0.1821585 0.1528832 0.1178277 0.1404508 0.1992435 0.1680965 0.1653568 0.1185775 0.1552134 0.1319576 0.1092719 0.06781679 0.08265868 0.08720485 0.1266769 0.1804074 0.1365159 0.1141259 0.102674 0.1140152 0.1120226 0.1256391 0.1112671 0.0936482 0.08138207 0.06484247 0.05620549 0.04430152 0.07459658 0.04587108 0.0490476 0.001814516 0.002379032 0 0 0 0 0 0 4.048583e-005
0.1893334 0.2090244 0.2309577 0.1939807 0.1671215 0.2047134 0.2664087 0.2314968 0.1481047 0.1374185 0.2022285 0.2325275 0.2238166 0.2053807 0.175263 0.1363932 0.1466485 0.1459674 0.1242846 0.18038 0.1818275 0.1745799 0.1837063 0.1873024 0.1486642 0.1309399 0.1408578 0.1571863 0.1612042 0.1394426 0.144612 0.1883034 0.1569825 0.07107411 0.07543746 0.08933602 0.09689863 0.1590254 0.1647471 0.1347207 0.1082884 0.07502895 0.05879903 0.04315985 0.04945438 0.03930297 0.03634547 0.002379032 0.009879032 0.0004032258 0.006733871 4.032258e-005 4.048583e-005 8.097166e-005 0 0
0.1900184 0.1943227 0.2171042 0.2820745 0.2082636 0.2101818 0.2126936 0.2323636 0.1664844 0.1631444 0.1888863 0.2094272 0.2306535 0.2797849 0.1559122 0.1292224 0.1338639 0.1355277 0.1142054 0.1529547 0.216435 0.2358732 0.2524337 0.2252247 0.1863899 0.2072202 0.1793334 0.1922224 0.1831905 0.1682572 0.1093767 0.1224879 0.1169956 0.07974118 0.08281716 0.06809584 0.06345683 0.09203595 0.1095788 0.1214494 0.1191771 0.1139881 0.0900026 0.05854317 0.05860843 0.05227034 0.0490653 0.02782258 0.02883064 0.004435483 0.009032258 0 0 0.0003238866 0 0
0.1771831 0.1355252 0.1655306 0.2072854 0.2279393 0.2362002 0.2154298 0.2191858 0.1575621 0.1710938 0.2011132 0.1786547 0.1838202 0.1948507 0.1603862 0.1218168 0.1362452 0.1539717 0.1275507 0.1387348 0.1587366 0.1971278 0.2964012 0.2454666 0.2319067 0.1997344 0.193112 0.2054011 0.1951226 0.2012151 0.1642147 0.1191299 0.1072991 0.08918464 0.08764946 0.08821452 0.07893178 0.0758194 0.07929486 0.1206007 0.1416296 0.1181459 0.09521485 0.08850329 0.06725018 0.06118445 0.05652082 0.04649194 0.04584678 0.00233871 0.004959677 0.009516128 0.005645161 0 0.0006882591 0
0.1539794 0.1350225 0.1262494 0.129959 0.1838115 0.2371096 0.1569881 0.1970891 0.1619965 0.1462691 0.1617136 0.1548721 0.1586473 0.1621964 0.1646617 0.1384179 0.129357 0.1801441 0.1638069 0.1624494 0.1672335 0.1662396 0.2184256 0.1988578 0.2035225 0.1831112 0.182101 0.2046987 0.1891032 0.158655 0.1602846 0.1358479 0.122231 0.09924578 0.09166832 0.09027185 0.1081872 0.107341 0.09557846 0.1399742 0.1455611 0.1372226 0.1009292 0.07742565 0.07395538 0.07767449 0.08263853 0.03665323 0.04673387 4.032258e-005 0.01487903 0.01794355 0.006653225 0.001902834 0 0.002631579
