contrib/geomasonDemos/riftland/riftlandData/RainData/75.txt
ncols         56
nrows         54
xllcorner     28.264
yllcorner     -5.7719999999999
cellsize      0.25
NODATA_value  -9999
[rows 0 to 26 of 54, columns 0 to 55 of 56]
0.0003344277 0.01519059 0.009966867 0.007007636 0.003658406 0.002974042 0.001297223 0.0108234 0.0003727536 0.0004296092 0.0004800177 0.00118714 0.00527907 0.001005834 0.00144626 0.005408944 0.003264041 0.004169712 0.007223492 0.03956868 0.04158825 0.06568638 0.0418223 0.02665791 0.03010695 0.05865897 0.1047572 0.1306962 0.1373084 0.09688777 0.06009955 0.0726142 0.1084833 0.1056527 0.0769228 0.05967893 0.0703783 0.07395465 0.07403531 0.06083421 0.03932581 0.03038729 0.03748023 0.05439052 0.08067755 0.07198773 0.05998213 0.0588513 0.06573676 0.06047509 0.04019067 0.02417388 0.02883398 0.02245003 0.02070428 0.00276525
0.00770831 0.0007481069 0.001111343 0.008805953 0.004592273 0.001467124 0.008818907 0.01540389 0.0005143939 0.0005761787 0.002531304 0.01060376 0.007550912 0.001762005 0.007054774 0.003589187 0.002828232 0.005315608 0.01422582 0.05507085 0.0530538 0.0523472 0.02127404 0.02821913 0.03670786 0.1080866 0.14207 0.1119894 0.09316864 0.06781026 0.05120986 0.07417731 0.09278303 0.08739432 0.06421171 0.04542151 0.05437841 0.07843515 0.06874184 0.05350627 0.03702378 0.02660512 0.0355403 0.05836711 0.06752588 0.0463451 0.04450703 0.06339456 0.0714405 0.060005 0.03553843 0.02335228 0.02613514 0.02225837 0.0201095 0.002695892
0.0006951989 0.0009138539 0.001556658 0.008029292 0.003445552 0.002299447 0.00772462 0.0123454 0.007715215 0.006692713 0.004469308 0.01193666 0.003622636 0.004017734 0.002237147 0.001751845 0.00455826 0.01860169 0.04588661 0.04494573 0.04475199 0.03741978 0.03154213 0.04681099 0.08101922 0.1104746 0.1085915 0.08518939 0.06309114 0.07055471 0.04984066 0.05993801 0.07734385 0.09255492 0.07302174 0.05680744 0.05561913 0.06216696 0.07523285 0.0819409 0.04991036 0.03693766 0.04762233 0.04289922 0.05078146 0.04757827 0.0505698 0.04646803 0.05479436 0.0417067 0.03460252 0.0293078 0.02709317 0.02068684 0.01904054 0.01029724
0.003575248 0.002937308 0.003022495 0.004565463 0.007420075 0.00702309 0.006718642 0.008703634 0.009169975 0.003397403 0.0009504044 0.005761965 0.009331676 0.002692458 0.001824753 0.001883726 0.001942519 0.01540591 0.029965 0.04738553 0.0496691 0.06178261 0.04221451 0.0431452 0.08322775 0.08927932 0.146076 0.1214266 0.07966001 0.08105198 0.05586006 0.05236633 0.08438149 0.07386313 0.06181594 0.04274587 0.04504403 0.04211727 0.04159987 0.05661483 0.05433922 0.0550936 0.04637643 0.05081403 0.0396069 0.05113872 0.09164329 0.06332913 0.05915033 0.03723948 0.03863343 0.04700709 0.04540181 0.02124317 0.02079219 0.02476312
0.003855927 0.004246692 0.003777996 0.004005715 0.005752926 0.006789018 0.006646884 0.0007937975 0.0008905379 0.0009600568 0.001244248 0.006865968 0.001124563 0.001159032 0.005918869 0.007694755 0.009929704 0.01982597 0.03279094 0.06071948 0.06266946 0.05073252 0.06716709 0.04568866 0.06600942 0.0886084 0.09968871 0.1008637 0.08653845 0.08933638 0.07974758 0.06161531 0.06274661 0.05207773 0.056635 0.04736014 0.04797425 0.02813501 0.02616028 0.02464596 0.04306575 0.02987653 0.04152968 0.04036942 0.03424974 0.0326045 0.05106349 0.04817196 0.05013008 0.04234791 0.05296311 0.057824 0.0487172 0.02499678 0.03013549 0.02089237
0.002834316 0.003673186 0.003606668 0.00583368 0.006769788 0.00662844 0.007647898 0.0009001538 0.0009950807 0.001067127 0.001117485 0.001216589 0.01117531 0.003354671 0.009470598 0.01018663 0.03511906 0.04457434 0.04277046 0.05751391 0.04963142 0.04905019 0.03935754 0.0548699 0.04659627 0.04655892 0.09691032 0.08052986 0.07342891 0.07890444 0.06616756 0.05366365 0.06323217 0.05829924 0.06282326 0.06157632 0.04024641 0.02474273 0.02402262 0.02177991 0.02633459 0.03199347 0.04515768 0.04279834 0.03277727 0.0364509 0.04292503 0.05220318 0.05544905 0.05086072 0.05848634 0.06217729 0.04342175 0.03795077 0.02671191 0.01736062
0.003375026 0.004065082 0.004994872 0.006707494 0.008937664 0.0086732 0.008520367 0.0009825435 0.001070088 0.001206195 0.001291077 0.001243941 0.006547263 0.005818007 0.007973595 0.00811394 0.02858865 0.05922162 0.0575856 0.05524094 0.05412055 0.04789039 0.03902777 0.02217384 0.03666265 0.08092228 0.04709189 0.04604172 0.04887071 0.03452387 0.06185362 0.05402166 0.06756711 0.1186986 0.05143021 0.04219997 0.03220092 0.0204598 0.02975489 0.04073538 0.04004663 0.03086655 0.02962418 0.03536879 0.03357793 0.04801265 0.04693047 0.05386471 0.05367485 0.04777304 0.04452046 0.04495678 0.03412868 0.04921976 0.02458811 0.01246497
0.004960408 0.008248067 0.001700655 0.003433276 0.003746596 0.003959011 0.0006276013 0.01110088 0.01279447 0.0131298 0.01496559 0.01794927 0.01926496 0.01824284 0.01528098 0.01625097 0.02376944 0.02922335 0.04512626 0.03492554 0.02013816 0.01859033 0.03798964 0.01881187 0.02238113 0.04187518 0.02355335 0.01359463 0.02048246 0.03864438 0.09489598 0.07766257 0.07534954 0.1070571 0.05229862 0.04435509 0.03024889 0.04243863 0.1032892 0.09205899 0.05600374 0.03501596 0.03028197 0.03289379 0.02861155 0.05023161 0.03618925 0.04811259 0.033009 0.04153446 0.07256231 0.08630517 0.09375212 0.06960283 0.05448168 0.0151819
0.004324077 0.008752093 0.002286951 0.003813275 0.007135511 0.0009153686 0.001462966 0.01497415 0.01231806 0.01400769 0.02255378 0.03407438 0.02638588 0.0191806 0.02134595 0.03653335 0.03144832 0.01900786 0.02891441 0.0296772 0.01752577 0.03852613 0.03178781 0.01615487 0.02833597 0.02864556 0.02266299 0.04122408 0.03202504 0.07339082 0.08683089 0.08627307 0.06720516 0.06752352 0.04353091 0.04648039 0.04747409 0.05677924 0.08564754 0.06454924 0.0589791 0.03764303 0.02524299 0.02771677 0.01861495 0.02627537 0.03215723 0.02634203 0.02696543 0.02752714 0.049538 0.06633925 0.09379484 0.08957482 0.04608567 0.002475543
0.002513035 0.002153067 0.00199575 0.002993641 0.01653702 0.01949471 0.007185979 0.01700085 0.02107126 0.02637716 0.02811953 0.0270276 0.02045114 0.02112979 0.04226365 0.0604368 0.06655965 0.03402506 0.02647532 0.04751316 0.07530209 0.03666414 0.02578271 0.01996237 0.03292836 0.03734813 0.03687415 0.04185935 0.01967418 0.02370952 0.07505446 0.0959826 0.0643603 0.05485394 0.06474417 0.07351384 0.07071584 0.04367842 0.04626255 0.03761261 0.04122621 0.03785146 0.03004761 0.03706619 0.03813873 0.03080958 0.01960952 0.02236585 0.02466747 0.02031558 0.03642577 0.04545512 0.03032944 0.03132832 0.02056519 0.008985353
0.005652947 0.002815333 0.003302778 0.01033126 0.01517249 0.01142086 0.009184963 0.02274094 0.04896271 0.05598374 0.08127005 0.04066196 0.03114941 0.1056546 0.1160192 0.1105329 0.06101432 0.02802218 0.0296001 0.05630012 0.07421482 0.01038553 0.01905182 0.02233516 0.02903225 0.04111444 0.03753162 0.03028358 0.0187024 0.02108833 0.06357877 0.05595833 0.04852424 0.05573159 0.05351612 0.0644123 0.05350696 0.03200474 0.01799193 0.0230395 0.03068315 0.03508793 0.02690029 0.03277173 0.03373701 0.02160915 0.01613557 0.02459076 0.02567017 0.0525347 0.0287117 0.001706211 0.0009962681 0.007262495 0.006494706 0.001275658
0.02012878 0.01849655 0.01261622 0.02504952 0.02024111 0.02160166 0.03384617 0.03638425 0.06273066 0.05965411 0.09778592 0.06467583 0.05464778 0.08217674 0.1430294 0.08453961 0.06388978 0.03398577 0.02506976 0.04374479 0.04594326 0.007887073 0.009771528 0.01965724 0.02664059 0.04096362 0.02486593 0.01915698 0.01550586 0.01679507 0.02716721 0.0207136 0.04162465 0.02600778 0.025853 0.04232036 0.04899573 0.03769017 0.0203172 0.02197745 0.02595292 0.0250522 0.02465749 0.04377193 0.03448808 0.0228782 0.03630465 0.04630709 0.02737567 0.06123944 0.05290522 0.01567367 0.008196129 0.008240116 0.002964285 0.001907918
0.02785899 0.04865706 0.03608106 0.04950155 0.05368629 0.06504137 0.05396825 0.05447025 0.06261275 0.047294 0.05013354 0.08476032 0.07608657 0.09931712 0.1115225 0.1044788 0.04411626 0.02061043 0.02431622 0.01274463 0.02425851 0.02481678 0.004886589 0.01018016 0.01641778 0.01342005 0.02025736 0.01256541 0.01202171 0.01684217 0.03993881 0.02078526 0.0445669 0.03216451 0.02175072 0.04025868 0.03845574 0.01864903 0.01655095 0.03140964 0.02551752 0.02092323 0.03048677 0.03269738 0.04452081 0.02577364 0.04057926 0.04297351 0.03215102 0.06186679 0.05747105 0.004722865 0.008198177 0.004890373 0.002026251 0.001051171
0.08257978 0.05339128 0.06252071 0.07446881 0.05644436 0.07958262 0.08031377 0.07543837 0.07656346 0.0863656 0.07408883 0.06627003 0.09061313 0.08621491 0.06560799 0.06392027 0.03645641 0.03493464 0.02782223 0.009309345 0.03529076 0.03437697 0.00703403 0.01383927 0.01830697 0.02170132 0.02017677 0.0211951 0.01477724 0.02201106 0.03010706 0.0369974 0.06123359 0.07389926 0.05469142 0.05084041 0.0474386 0.06172284 0.05806237 0.06724286 0.05577043 0.03543473 0.03580968 0.04425896 0.04646413 0.04920808 0.03320032 0.0303129 0.04443206 0.03963413 0.02610665 0.003368911 0.004144804 0.001792239 0.001409046 0.0006910771
0.1490667 0.06126219 0.06701656 0.08932403 0.1024413 0.08735617 0.09051514 0.1008017 0.100393 0.09378255 0.0799416 0.07916138 0.08389857 0.06118136 0.03859973 0.04706095 0.0419344 0.06422549 0.05432763 0.05385835 0.04912326 0.02064366 0.02661006 0.0297403 0.04669748 0.03107429 0.02169131 0.02649496 0.02432543 0.05042969 0.03732727 0.03245394 0.05561458 0.1018861 0.08937373 0.04155767 0.05280466 0.07869607 0.07071233 0.09280383 0.0650804 0.04129741 0.04654768 0.03573868 0.04690197 0.02438598 0.02007563 0.04164987 0.03326716 0.008176689 0.006742964 0.002861119 0.005115375 0.001414588 0.001100573 0.0005322862
0.155975 0.1167655 0.110671 0.1087461 0.1115554 0.09239618 0.08950328 0.1038595 0.09530293 0.08313554 0.08529058 0.1258294 0.0896072 0.05468584 0.04255394 0.05174332 0.0472924 0.06437092 0.07211435 0.05027689 0.01393725 0.02746905 0.03107323 0.05371239 0.07204617 0.06668002 0.03860318 0.04315944 0.03919733 0.07760086 0.03299343 0.03980402 0.06121126 0.0952116 0.09188844 0.08311755 0.1185311 0.1224946 0.09922893 0.09490251 0.07622408 0.06129461 0.06491958 0.05870051 0.06342132 0.02411883 0.0239014 0.04378341 0.03880665 0.003770446 0.003066255 0.006390288 0.005909136 0.0006744409 0.0005158317 0
0.1067368 0.1528487 0.1316297 0.1159036 0.1158407 0.1137156 0.1371075 0.1603436 0.1518561 0.1483073 0.1174903 0.114402 0.06583025 0.05779098 0.04775096 0.05392253 0.04966983 0.07405043 0.04615358 0.04737834 0.02989486 0.02401077 0.0189513 0.0359474 0.05956694 0.04404552 0.06508574 0.06578955 0.04050749 0.04136091 0.02678205 0.02140947 0.03772524 0.07177789 0.06698102 0.09907562 0.1307871 0.1135001 0.1077725 0.09960587 0.07503155 0.07217652 0.06222111 0.06061314 0.05655992 0.05244905 0.007694219 0.03595219 0.02168255 0.003120867 0.002468756 0.009444555 0.002141234 0.0004176789 0.0003103328 0
0.1222207 0.2301727 0.1662331 0.1859514 0.1418974 0.1327166 0.1903072 0.2159348 0.1967313 0.2109851 0.197979 0.1252 0.09029879 0.07645386 0.06765373 0.04852624 0.0481657 0.05544326 0.03770005 0.02499325 0.02339056 0.02165585 0.04427164 0.03867153 0.04395408 0.07322896 0.0864908 0.08895579 0.05011238 0.02790207 0.01715798 0.02272976 0.03010967 0.04678251 0.05770051 0.07353961 0.09847479 0.1108937 0.1143249 0.1059994 0.1008612 0.07770694 0.06327271 0.04778847 0.04619031 0.02995224 0.001912667 0.006602584 0.004096334 0.002619744 0.002036982 0.004811242 0.0009832988 0.000283818 0.004139491 0
0.178108 0.237968 0.2325052 0.2750005 0.2141211 0.2294612 0.2628446 0.2741468 0.2033761 0.2797755 0.2035892 0.13767 0.1102958 0.132742 0.1145087 0.07723867 0.09205601 0.09222066 0.0828708 0.169046 0.07176087 0.05462708 0.07039719 0.05161102 0.04055281 0.1032056 0.1139946 0.08933868 0.05472152 0.02487062 0.01308002 0.03062163 0.02772018 0.03713063 0.04971168 0.04596733 0.07135291 0.07800916 0.1030838 0.1010406 0.08451462 0.0607679 0.04674213 0.02617545 0.02304872 0.02334384 0.001852643 0.006121717 0.005327623 0.002284282 0.001784343 0.01694874 0.01651462 0.03577356 0.01421632 0.01916254
0.151386 0.2273178 0.3008749 0.2461883 0.2528171 0.2545194 0.3046401 0.2597018 0.2472344 0.2173906 0.2508031 0.1989244 0.1111251 0.1026364 0.1152067 0.0537035 0.08992318 0.1797915 0.2513106 0.1340055 0.05703288 0.03979635 0.03772569 0.03192075 0.06922614 0.08463608 0.05646081 0.05252893 0.04393379 0.07683174 0.04842347 0.03850731 0.0366533 0.04704504 0.06354246 0.05252346 0.05388099 0.05541325 0.06202083 0.06892855 0.06376866 0.06033498 0.04293663 0.02979601 0.02314297 0.01481723 0.01006515 0.006215396 0.003667762 0.002070554 0.01092279 0.01092147 0.04424356 0.02956173 0.009675324 0.02929411
0.1709385 0.2586297 0.2932939 0.2552231 0.2070001 0.2385274 0.1281875 0.1906321 0.1787991 0.1582574 0.1320136 0.1373244 0.1408162 0.07372732 0.07610777 0.09846155 0.1469474 0.1661931 0.2104179 0.1308192 0.06050903 0.03877827 0.04059201 0.05110124 0.04887158 0.06174439 0.06134835 0.07505189 0.08311293 0.09735435 0.07408979 0.0570424 0.04708919 0.04636857 0.07616146 0.06581641 0.08300757 0.07937995 0.06611061 0.06730312 0.04410913 0.07247546 0.06723126 0.02836804 0.0159944 0.01233637 0.009697449 0.005851547 0.003231994 0.001682819 0.001333655 0.01598501 0.04522564 0.03404554 0.03327311 0.03110686
0.1633395 0.2691995 0.2104263 0.1656322 0.1611173 0.1724076 0.08618847 0.1599599 0.1692008 0.1907802 0.1135309 0.1155801 0.1594951 0.1350085 0.1072469 0.1807131 0.1320052 0.1350187 0.122223 0.0985801 0.07573459 0.04026199 0.02554294 0.05809468 0.05874372 0.06365005 0.06318717 0.08076099 0.0788321 0.0776146 0.07770519 0.06654004 0.05314277 0.05992929 0.07909434 0.08918867 0.1170569 0.1048975 0.07975202 0.04502565 0.04929513 0.06083114 0.03965169 0.01995941 0.01533483 0.01170767 0.009140803 0.005456404 0.002952515 0.005066824 0.007439555 0.06497292 0.07744507 0.03286851 0.03873549 0.05774729
0.1355505 0.1505804 0.1866964 0.1810105 0.2317705 0.1809631 0.1341687 0.1361248 0.1840725 0.228301 0.08817162 0.1332496 0.1641314 0.08521055 0.1785254 0.2118834 0.09102026 0.1018877 0.06940403 0.1091506 0.1165679 0.0923421 0.04331269 0.06241567 0.06036173 0.06763328 0.06174342 0.08544102 0.08116012 0.07085523 0.07624749 0.07157713 0.1032003 0.08433156 0.08984727 0.08079106 0.1053404 0.08936079 0.06528328 0.05788654 0.05406221 0.04846347 0.03068748 0.01900846 0.01422201 0.01068761 0.01234745 0.01607312 0.01636901 0.005687655 0.001133047 0.06454169 0.06413855 0.03585094 0.0375969 0.07756519
0.1451508 0.2043886 0.2084969 0.2733566 0.2809947 0.2654327 0.1857443 0.2859403 0.2806638 0.2624071 0.1354008 0.1525123 0.1695959 0.1759331 0.1632543 0.1726468 0.06571335 0.03333361 0.03888045 0.1070358 0.1826681 0.1186632 0.07914898 0.08095258 0.0746251 0.07232151 0.07079558 0.07767734 0.06773759 0.06700036 0.07282759 0.07654107 0.07454082 0.07420753 0.07859392 0.08418968 0.09891384 0.08176787 0.05889303 0.06077548 0.06036633 0.04971888 0.04772835 0.01676411 0.01193529 0.01041783 0.02163604 0.02249353 0.007062868 0.00169328 0.01132663 0.02305759 0.0223321 0.02419388 0.0115564 0.04392225
0.1383662 0.2787112 0.2019328 0.2588762 0.2977366 0.3104951 0.1906005 0.2016597 0.2250527 0.1935882 0.1355794 0.1190361 0.1022569 0.1214364 0.1182702 0.1010843 0.05371186 0.04482075 0.03984663 0.08240245 0.1239516 0.191044 0.09589652 0.09867503 0.09217643 0.07920813 0.08292456 0.08684435 0.08300095 0.06943553 0.06728103 0.07441694 0.09040502 0.09027071 0.08204199 0.08882575 0.0775977 0.07466432 0.06408857 0.06340612 0.05739223 0.05080037 0.05055226 0.01484701 0.02049832 0.02003984 0.009308521 0.002579268 0.001420613 0.009832279 0.01423418 0.02750254 0.008436158 0.00544931 0.01210037 0.009506213
0.169378 0.2402726 0.2017984 0.2501192 0.2952611 0.2878514 0.2648497 0.2407744 0.2089097 0.1951949 0.1388737 0.2224795 0.2417605 0.1687777 0.2025319 0.1097692 0.09140815 0.06158971 0.05061615 0.08521374 0.1656659 0.1938029 0.09922612 0.1107716 0.1160797 0.1084192 0.08590551 0.08206238 0.09801637 0.08786006 0.07400057 0.07430634 0.0934548 0.08290785 0.08373434 0.08385855 0.09000941 0.08196679 0.08037253 0.06948545 0.05688132 0.04392583 0.03952991 0.01405878 0.01456364 0.008739483 0.005998028 0.003405786 0.001374779 0.0008118788 0.0007562481 0.004303695 0.001081272 0.003043395 0.007439058 0.005433202
0.1547398 0.1330311 0.1304326 0.2289791 0.2586254 0.1840913 0.2309593 0.2770056 0.1955348 0.1516213 0.1209663 0.1023289 0.1606339 0.2136572 0.192323 0.2347385 0.2064511 0.117607 0.06636059 0.1088696 0.1875794 0.09479609 0.1233775 0.1265529 0.1347885 0.1020826 0.0942659 0.08449417 0.09884943 0.1104652 0.1030168 0.09504187 0.07599495 0.07412878 0.07499964 0.08817547 0.09972262 0.09459749 0.09422368 0.08674204 0.06487386 0.05060793 0.03066852 0.01274055 0.008961107 0.006417673 0.009619276 0.01273008 0.001456046 0.0009719661 0.0009078037 0.007828726 0.007890052 0.002391632 0.002840857 0.005961717
