contrib/geomasonDemos/riftland/riftlandData/RainData/76.txt
ncols         56
nrows         54
xllcorner     28.264
yllcorner     -5.7719999999999
cellsize      0.25
NODATA_value  -9999
[rows 0 to 27 of 54, columns 0 to 55 of 56]
0.08271226 0.1524535 0.1599924 0.1230384 0.1149319 0.09854319 0.1131564 0.1197172 0.06431882 0.04732006 0.06705023 0.1038868 0.1185326 0.1767227 0.1473051 0.1528648 0.1872123 0.1991674 0.2154525 0.2570098 0.1944088 0.1493825 0.1214129 0.09990983 0.1506903 0.2424321 0.2505211 0.1716615 0.1915399 0.1508314 0.180807 0.266784 0.2267282 0.1845319 0.1769423 0.1904968 0.2222555 0.2014691 0.1548491 0.127418 0.1043456 0.1103137 0.1246743 0.1898277 0.1751717 0.1984522 0.2198047 0.2463364 0.2676075 0.2593229 0.2623039 0.3083475 0.2746602 0.2269753 0.183742 0.2067209
0.1094124 0.1251652 0.1608523 0.1310887 0.09841149 0.1122265 0.1361551 0.1635112 0.0976705 0.06080756 0.06882493 0.1334029 0.1809585 0.1512016 0.1433703 0.1999463 0.1870187 0.1993291 0.1741043 0.2070048 0.1335199 0.1077167 0.1155923 0.1688721 0.2117169 0.2662012 0.2419329 0.1811121 0.1938445 0.1570629 0.1764458 0.2431203 0.2398798 0.1894999 0.1884663 0.216553 0.255756 0.2395119 0.1709846 0.1206061 0.1231371 0.1244479 0.1169357 0.1555409 0.1786175 0.2171368 0.1986805 0.1832584 0.220846 0.2138348 0.2195844 0.2819108 0.2694154 0.2745494 0.2086744 0.3165886
0.1277547 0.1244635 0.1332252 0.1484061 0.1206101 0.163116 0.1342859 0.1349079 0.1221497 0.08833354 0.0867419 0.1652907 0.1553323 0.1221523 0.1515248 0.1770532 0.2180811 0.2258867 0.1650149 0.1652184 0.1153278 0.1141442 0.2059625 0.201964 0.1858524 0.2906161 0.3351384 0.2176534 0.2242282 0.1988939 0.1775434 0.2298852 0.2427313 0.196983 0.2332332 0.2485551 0.265892 0.2514342 0.1911337 0.169686 0.1573091 0.134599 0.131284 0.1347973 0.1422652 0.2124322 0.1693319 0.1613084 0.1740555 0.1750318 0.2066481 0.228311 0.2306496 0.1850114 0.1474731 0.1181174
0.1706484 0.1491898 0.165139 0.2115106 0.157124 0.1839104 0.1524366 0.1471173 0.1358884 0.1413027 0.1107577 0.168464 0.142264 0.133249 0.1248166 0.1678752 0.1579683 0.1585198 0.1774583 0.2066593 0.2075194 0.1679633 0.1470168 0.1483599 0.1875535 0.2645384 0.3732262 0.3597335 0.3211513 0.2339903 0.2210258 0.2020466 0.2200612 0.2266744 0.3029824 0.2698218 0.3038533 0.2249168 0.1721543 0.1857922 0.157305 0.1510279 0.1768085 0.2021246 0.2043463 0.1829977 0.2049871 0.2558278 0.1927339 0.1934292 0.2029641 0.1944934 0.2376716 0.1717017 0.1194002 0.08479629
0.2037379 0.1741448 0.224535 0.2571766 0.1798884 0.133948 0.1391021 0.1441717 0.1608655 0.195248 0.1548114 0.1837115 0.1701039 0.153748 0.158842 0.1667823 0.1287454 0.1527991 0.2258485 0.2829239 0.2695959 0.2246525 0.1472723 0.1295816 0.2687845 0.3146161 0.3403262 0.380842 0.3662856 0.365949 0.3349142 0.2165148 0.2416825 0.3077089 0.3838204 0.3006933 0.2733293 0.2429828 0.1722151 0.1508391 0.1678989 0.1947834 0.1859458 0.2147923 0.2648068 0.3132024 0.2999613 0.2443263 0.204658 0.2348026 0.258542 0.1676296 0.1687749 0.1467607 0.1186115 0.05527406
0.214179 0.2162208 0.2300551 0.3030985 0.2109978 0.1652626 0.1414284 0.2005244 0.1807508 0.1539623 0.1785819 0.1749138 0.1626215 0.1621447 0.1517445 0.1191584 0.1194159 0.1094439 0.1838393 0.2519671 0.2255727 0.1891398 0.1874081 0.1962628 0.2587537 0.2845938 0.3019546 0.2892817 0.3247754 0.4090224 0.3959787 0.2357035 0.252823 0.2814412 0.36917 0.2828132 0.2262385 0.1816439 0.1571192 0.1654259 0.1904256 0.1939124 0.1890625 0.2563497 0.2977933 0.3345971 0.357534 0.2939738 0.2627242 0.3289589 0.2253608 0.165619 0.1905236 0.1778149 0.1243512 0.05687292
0.2098438 0.2323084 0.315403 0.4602553 0.3291068 0.2567238 0.192526 0.2436636 0.1398192 0.1072484 0.1306544 0.1782885 0.1795354 0.1804679 0.1988676 0.1689075 0.1419714 0.136021 0.193603 0.1773738 0.2064088 0.1909748 0.1761186 0.1377855 0.2698486 0.3000042 0.2711805 0.2643438 0.3589552 0.396976 0.3607573 0.2669288 0.2223397 0.279512 0.2990357 0.275338 0.2268365 0.1978176 0.1838314 0.2083471 0.2276175 0.2230342 0.2429045 0.2686572 0.2875391 0.3254946 0.3853954 0.3224941 0.2809447 0.2702438 0.2444841 0.2114727 0.1785248 0.2224373 0.2246478 0.1755313
0.2238615 0.2860325 0.3343077 0.577448 0.5185409 0.3447429 0.2925692 0.2123074 0.1476723 0.1237862 0.1415711 0.1838197 0.1830879 0.1971299 0.2137671 0.2583737 0.231681 0.1839007 0.2234783 0.181905 0.1476634 0.1306566 0.1321654 0.1598896 0.2513616 0.3100198 0.3216378 0.2380066 0.4510704 0.3813882 0.3290946 0.2850267 0.3462924 0.2951657 0.249534 0.2305687 0.2705972 0.2223594 0.1645513 0.1995506 0.2087482 0.2169505 0.2402184 0.3029712 0.3152643 0.349161 0.346736 0.2883773 0.2009706 0.2162583 0.2642514 0.2435817 0.2070644 0.1953929 0.2725422 0.2639015
0.2375502 0.2466924 0.2479773 0.3998415 0.4125509 0.379618 0.4019274 0.2824133 0.2136909 0.1757732 0.1652735 0.2046918 0.2289102 0.2658141 0.3027776 0.3070731 0.24094 0.2030358 0.2286875 0.2163765 0.214692 0.1690294 0.158493 0.1499664 0.1924422 0.2264665 0.2515078 0.2036511 0.2072035 0.2272453 0.1804736 0.1835117 0.2519591 0.2921859 0.2271583 0.2196803 0.2251607 0.1938346 0.1295978 0.1770178 0.237958 0.2695933 0.2998672 0.3297935 0.3415051 0.3011363 0.3477431 0.2880733 0.2261061 0.2579638 0.2264608 0.180801 0.1963255 0.1487879 0.1619029 0.1753112
0.2834937 0.25663 0.1932044 0.3523449 0.3481175 0.3669711 0.3935455 0.2816867 0.2477167 0.2142101 0.1769151 0.2168142 0.2417572 0.2933016 0.3101105 0.2808292 0.2302253 0.2383344 0.2663293 0.2457618 0.254682 0.1901679 0.1959049 0.1791656 0.1587394 0.1300879 0.195367 0.2001713 0.183594 0.1542909 0.1000769 0.1089337 0.2251083 0.2859595 0.2459151 0.1951475 0.1867528 0.183129 0.1937723 0.1984812 0.2237255 0.2650906 0.3249668 0.3222516 0.351233 0.2976969 0.3095876 0.2907948 0.2823558 0.3107589 0.2251211 0.1259042 0.1481503 0.1424791 0.151321 0.1706807
0.3194123 0.2873415 0.1949328 0.2508126 0.3798289 0.3987013 0.3755575 0.2748817 0.2336957 0.1810017 0.1978215 0.2375567 0.2473266 0.2593676 0.3614724 0.3018066 0.2824593 0.2508244 0.2516275 0.2433958 0.2445732 0.1953126 0.1767544 0.1577094 0.111827 0.1122732 0.2210571 0.2071053 0.136855 0.116198 0.09550833 0.1072993 0.2105767 0.267698 0.2349799 0.2713705 0.2334336 0.2770583 0.2981828 0.2301698 0.2541185 0.2940114 0.3032488 0.2996608 0.3051655 0.320186 0.3169616 0.2392032 0.2381917 0.2455723 0.1987687 0.1370242 0.09678167 0.1474842 0.248963 0.2785589
0.2558546 0.2544642 0.2185866 0.2469777 0.3895668 0.2983568 0.2207046 0.1962466 0.1973039 0.1623553 0.1977672 0.2009732 0.2098356 0.2225492 0.2295887 0.2074741 0.2212986 0.210467 0.1679465 0.170239 0.1844237 0.1536562 0.1169351 0.0946031 0.1139333 0.1290194 0.1269516 0.1080865 0.09899627 0.09015209 0.1144331 0.1213788 0.1541451 0.1713217 0.1925345 0.277984 0.2735011 0.3223349 0.3048154 0.2945529 0.2566777 0.1923428 0.2350908 0.2578427 0.2619123 0.2817052 0.2423337 0.2098523 0.1941199 0.2299387 0.2384011 0.1612502 0.1290662 0.1122898 0.2210595 0.3450748
0.3008199 0.2759793 0.2625273 0.3158244 0.3376052 0.2836652 0.1757743 0.1796348 0.2450382 0.2082786 0.2321979 0.2476078 0.2051718 0.1982581 0.2174613 0.2295102 0.2055243 0.1886688 0.2152403 0.1651716 0.1560272 0.1429396 0.1130697 0.0805112 0.08147682 0.08657045 0.09277231 0.08396069 0.07467291 0.08489732 0.1105157 0.1561678 0.169514 0.1742893 0.1958237 0.2879257 0.3043244 0.3049247 0.2221582 0.2726794 0.2479594 0.2594378 0.2049569 0.2553539 0.3501042 0.3310116 0.2518741 0.2229021 0.2586301 0.2192936 0.2474911 0.1601499 0.1196392 0.1082015 0.1692393 0.3177663
0.3048277 0.3275008 0.2652484 0.3236378 0.2952641 0.3478401 0.1803418 0.1832975 0.2132578 0.2361594 0.2774448 0.2539756 0.2070333 0.1822579 0.2117277 0.2494667 0.2349828 0.2193573 0.1767886 0.1778561 0.2279359 0.2052838 0.1566624 0.09741609 0.1239932 0.06985478 0.07235393 0.06737844 0.05376731 0.06518514 0.07055395 0.1171143 0.1345869 0.1763739 0.2018014 0.1967697 0.2105997 0.2197452 0.2689538 0.2535701 0.2507257 0.2262568 0.1997458 0.2501982 0.2848998 0.2541794 0.2317246 0.2256663 0.25666 0.2092497 0.2109747 0.1350341 0.1305667 0.1032707 0.1552255 0.2223204
0.2918324 0.3342444 0.3011464 0.4208893 0.2992266 0.3516026 0.2316725 0.2221747 0.2533365 0.2762308 0.318376 0.2816184 0.2156547 0.2512364 0.1846636 0.2260811 0.2544731 0.2572063 0.2135266 0.2364038 0.2292289 0.218144 0.1925738 0.1131646 0.07683725 0.06820506 0.05487826 0.05526035 0.06389805 0.08262885 0.05444072 0.1061023 0.143619 0.138826 0.1746815 0.1954772 0.1852841 0.1505294 0.1954939 0.2373581 0.2217839 0.1817713 0.1767102 0.232008 0.2121022 0.2414651 0.2668874 0.2616756 0.2498353 0.2150952 0.188015 0.120768 0.09509891 0.1205105 0.1893213 0.192821
0.3195928 0.3134364 0.2730551 0.3563392 0.3742649 0.4002858 0.2924307 0.3047881 0.3048319 0.2996838 0.3106547 0.2767903 0.2255755 0.2509427 0.1943077 0.1887584 0.2499164 0.262908 0.2277808 0.1891155 0.2452457 0.1744067 0.1561915 0.124066 0.07940798 0.06121554 0.0520611 0.05922228 0.04887906 0.06152945 0.05998718 0.1234332 0.1315849 0.1304163 0.1592271 0.215674 0.2349811 0.1891595 0.164935 0.1877812 0.1821265 0.1806699 0.238423 0.2229222 0.1308599 0.1331659 0.1116969 0.08722917 0.1128449 0.1352821 0.1591974 0.1431604 0.09340408 0.1339827 0.159435 0.2114515
0.3765045 0.2733461 0.2705437 0.3919306 0.4546193 0.2881215 0.2842845 0.3095201 0.3140094 0.2917947 0.275068 0.2796419 0.3273931 0.3037502 0.2655216 0.2283336 0.2345473 0.2520893 0.1936311 0.3265669 0.1619322 0.1615456 0.1098056 0.09701818 0.1027365 0.07117657 0.0817024 0.06423133 0.07050494 0.08553793 0.09080544 0.1203712 0.1213181 0.1255334 0.1201768 0.1443472 0.1754655 0.1865909 0.1770676 0.1420513 0.14963 0.1725298 0.2442112 0.1408068 0.1177094 0.1251334 0.07522261 0.0801241 0.09359862 0.1484087 0.1882836 0.184952 0.1458631 0.17713 0.2242375 0.2046202
0.3535376 0.2932783 0.2968677 0.4296365 0.4436707 0.3302162 0.3885832 0.4210383 0.2443093 0.234409 0.2121291 0.2473719 0.3189647 0.3945534 0.3643719 0.3414105 0.2654399 0.2582622 0.2679923 0.2844531 0.1899536 0.1289835 0.1548353 0.1128334 0.1161221 0.1041026 0.1151826 0.08402156 0.08416966 0.1052866 0.09667066 0.1322208 0.1244143 0.1279109 0.1306314 0.1053737 0.1244637 0.1467797 0.1859895 0.1558016 0.156982 0.1864586 0.175601 0.1229218 0.1126877 0.1240469 0.09266464 0.04978546 0.07754784 0.1194906 0.1800283 0.2075012 0.2146624 0.2560841 0.2696646 0.2409272
0.3215287 0.3090397 0.3506911 0.4442374 0.4692962 0.4409434 0.5231817 0.3062526 0.244062 0.2576095 0.2441715 0.250468 0.3434011 0.4854065 0.4161001 0.4180861 0.3678774 0.3026725 0.2684012 0.2432861 0.2005063 0.1477566 0.152077 0.1379354 0.3154413 0.1431214 0.1249182 0.08177701 0.06719737 0.06130365 0.07648355 0.08676511 0.1042309 0.1117077 0.1209323 0.09998591 0.1146015 0.1389827 0.1551582 0.1285047 0.155106 0.1779086 0.2091353 0.1848022 0.1576939 0.1357242 0.07531209 0.07578032 0.08195966 0.1011107 0.1317196 0.1756251 0.1938903 0.2287925 0.2227564 0.1789774
0.3486635 0.368735 0.3838916 0.5226816 0.4993369 0.4708913 0.4964348 0.3234682 0.2658721 0.2207894 0.2264848 0.2175329 0.2541004 0.3305029 0.3137284 0.3252116 0.4238521 0.3876369 0.2923638 0.3264888 0.2565274 0.1842021 0.1239376 0.1319352 0.2025869 0.1378285 0.1026555 0.09443349 0.0886222 0.09997031 0.09091494 0.1120495 0.1119605 0.1361563 0.1587185 0.1195088 0.112768 0.1312229 0.1419148 0.1532058 0.1540624 0.1501009 0.2044896 0.1867174 0.1714808 0.172899 0.149895 0.1935764 0.1310266 0.1599308 0.1833878 0.1581401 0.218536 0.2145322 0.2759618 0.240952
0.3380668 0.3392929 0.3517401 0.4587613 0.4868925 0.6012554 0.4949674 0.4086089 0.2666284 0.2205845 0.2100148 0.1580766 0.1961477 0.2486611 0.2643476 0.2840033 0.3830182 0.3897701 0.3453293 0.4373103 0.3918156 0.26017 0.1817521 0.1793523 0.1880358 0.1550931 0.1275734 0.1188722 0.1190219 0.1004568 0.1241937 0.1486409 0.1550169 0.1507352 0.1862579 0.1386252 0.1180221 0.1464397 0.147052 0.1431124 0.1505733 0.1562406 0.1853374 0.1632389 0.1912528 0.1686063 0.1547395 0.1817815 0.1342736 0.1525953 0.1873551 0.1715136 0.2039778 0.279613 0.3600595 0.3355655
0.2943067 0.3464124 0.374573 0.4604064 0.5191694 0.6337068 0.567428 0.4479236 0.2385205 0.1708634 0.1888775 0.1802476 0.2860963 0.3094457 0.2600333 0.2825992 0.3210841 0.3785003 0.5632927 0.3083141 0.2925222 0.2866215 0.2684097 0.2226786 0.2168675 0.2002651 0.2174684 0.2010291 0.1683752 0.1160686 0.1292723 0.1685768 0.1751197 0.1609577 0.1700537 0.1100617 0.1099175 0.1333656 0.1501902 0.1831493 0.1617177 0.1570991 0.1863667 0.1398062 0.1268899 0.1183621 0.1752708 0.2166855 0.2092902 0.2132201 0.2267681 0.1786796 0.249604 0.4558328 0.4036117 0.4853508
0.3145187 0.3327831 0.308044 0.4718358 0.4848266 0.4176679 0.4385608 0.3518068 0.2173727 0.1568493 0.2314259 0.2107473 0.2095458 0.347626 0.299891 0.2093509 0.2635351 0.2902766 0.2517481 0.2852041 0.3094176 0.3206563 0.2958034 0.2660645 0.2099813 0.212819 0.2219511 0.2558367 0.1673636 0.1649761 0.1585495 0.2113521 0.1830477 0.2020998 0.2054453 0.1196532 0.120699 0.1485746 0.1738142 0.1761835 0.2594163 0.2450405 0.222201 0.1172784 0.1063141 0.1690266 0.2029106 0.262618 0.2585109 0.2836635 0.2871943 0.2933577 0.414212 0.514504 0.4054838 0.4988453
0.3689542 0.3338941 0.3477052 0.4012511 0.3521715 0.2783855 0.2493263 0.2370737 0.2279088 0.2609641 0.3556873 0.2629207 0.2306864 0.348206 0.3198313 0.185029 0.1574347 0.1932127 0.1963885 0.2585831 0.3293875 0.3826599 0.4051448 0.2619264 0.3211549 0.2546364 0.1923424 0.2019761 0.1874264 0.1874535 0.161416 0.2226125 0.2595501 0.2609876 0.2368944 0.196048 0.2090674 0.2189213 0.2019868 0.2079035 0.2179595 0.2686142 0.254649 0.118996 0.1309511 0.2603756 0.3775935 0.4577693 0.3464842 0.4291389 0.5132062 0.4332663 0.4655782 0.2645915 0.2102865 0.2168608
0.3618444 0.325811 0.361022 0.4402894 0.4074387 0.2903382 0.2356265 0.233085 0.2408372 0.3551567 0.2959928 0.2367909 0.2862745 0.3108792 0.2741196 0.2528553 0.1955491 0.1139038 0.1956916 0.3466614 0.3711115 0.430817 0.3494659 0.3363431 0.3631048 0.3352974 0.2419395 0.2654679 0.2267196 0.2655044 0.2217326 0.2449365 0.2604622 0.2546097 0.2500373 0.2966081 0.2492328 0.2338108 0.2217173 0.2444794 0.1929375 0.2549053 0.2169956 0.1076443 0.1912825 0.2703817 0.3849411 0.5102537 0.432941 0.414536 0.5251896 0.4262339 0.3360224 0.1927741 0.1637964 0.2178793
0.3746109 0.3605352 0.4025891 0.4670897 0.3810449 0.3553802 0.2865119 0.2803581 0.2804395 0.274148 0.3564274 0.3259937 0.3182312 0.2389342 0.2272149 0.3370804 0.2909757 0.4512518 0.353377 0.3100904 0.3262313 0.4016509 0.4689576 0.3945833 0.3481476 0.3030404 0.2888999 0.2798848 0.2832728 0.2561319 0.2445666 0.2429658 0.2898824 0.276823 0.2736028 0.3095994 0.3314535 0.2527445 0.2489571 0.271503 0.2327091 0.1887427 0.2363826 0.1194792 0.1375846 0.3784572 0.4755355 0.505545 0.5520671 0.4045437 0.3799607 0.2638277 0.2075041 0.1652401 0.1758723 0.1484598
0.3742815 0.3491186 0.3759153 0.4773845 0.339398 0.2895796 0.2994217 0.317805 0.2660369 0.2748558 0.375995 0.4734576 0.3132659 0.2661661 0.2734853 0.2277598 0.2993562 0.375653 0.242979 0.3372017 0.3811599 0.3373494 0.4474847 0.3707337 0.3087133 0.2755674 0.2817388 0.2617049 0.2218633 0.2404274 0.2177857 0.2493834 0.2806208 0.2848954 0.2871481 0.2777838 0.3507011 0.2623511 0.2524594 0.2794255 0.2650514 0.2438337 0.256966 0.1952498 0.2498024 0.3995585 0.3967761 0.3866231 0.2955843 0.2460688 0.243029 0.173352 0.1485705 0.1038981 0.09094747 0.06356812
0.3591397 0.3320354 0.3261078 0.3272681 0.2424661 0.2272939 0.2051855 0.4761648 0.4909513 0.360973 0.3913065 0.3367098 0.3369163 0.3610301 0.3179001 0.2300739 0.2296301 0.2467875 0.3222409 0.380103 0.4270852 0.3825859 0.3092599 0.3314656 0.3691506 0.3238065 0.3125145 0.2978381 0.2843075 0.2901764 0.3104101 0.3858831 0.2974913 0.2685411 0.285583 0.2587705 0.2901694 0.2666498 0.2445951 0.2525624 0.2353995 0.2663676 0.235447 0.2199377 0.2317792 0.2523796 0.2099462 0.238171 0.2374748 0.1837608 0.1460929 0.1379791 0.161411 0.1248557 0.130215 0.1057721
