contrib/geomasonDemos/riftland/riftlandData/RainData/77.txt
ncols         56
nrows         54
xllcorner     28.264
yllcorner     -5.7719999999999
cellsize      0.25
NODATA_value  -9999
[rows 25 to 49 of 54, columns 0 to 55 of 56]
0.1264963 0.1274767 0.1442421 0.1685069 0.1602425 0.1071807 0.05818352 0.06067911 0.07406212 0.0796093 0.08070377 0.1068511 0.09210281 0.08975513 0.1132803 0.1317818 0.1409411 0.1003469 0.05266359 0.1028063 0.1413126 0.1461847 0.1247058 0.1513693 0.1779734 0.1368346 0.1280037 0.1135315 0.1307127 0.1369415 0.1296806 0.08430521 0.07985857 0.1055684 0.1067897 0.09255438 0.111611 0.1122917 0.07071737 0.06034715 0.05732646 0.04516917 0.03789252 0.01680167 0.01409621 0.01418461 0.02289644 0.02335543 0.01933059 0.02785131 0.03293177 0.05019845 0.04670764 0.0542674 0.08875647 0.06488303
0.1278445 0.1324376 0.1301291 0.1923269 0.1891287 0.1292342 0.07501826 0.06171689 0.05992082 0.04901317 0.05114601 0.08102073 0.08712062 0.1210257 0.1271319 0.106824 0.09783599 0.09891011 0.07728085 0.1142852 0.1640849 0.1348439 0.1125362 0.154436 0.1583372 0.1173361 0.1097279 0.1259079 0.1507833 0.1442847 0.1492344 0.09769856 0.09177863 0.09977985 0.09983835 0.09472204 0.08871636 0.100727 0.06959307 0.06200878 0.06437377 0.04566989 0.03608347 0.01677937 0.01511465 0.01318152 0.02971651 0.02840663 0.01804708 0.02363225 0.03209602 0.05496504 0.05577665 0.04124624 0.07291565 0.01534145
0.1582893 0.1327644 0.1149515 0.1903941 0.1822924 0.1175443 0.08669129 0.1227103 0.1111754 0.06823352 0.08436593 0.1038393 0.135095 0.1009855 0.1079441 0.08208616 0.1059919 0.09850802 0.09578974 0.1428178 0.1387648 0.123008 0.1259162 0.1455254 0.1466357 0.1283535 0.1215732 0.1256289 0.1169265 0.1294662 0.1315181 0.1127043 0.1251611 0.1085994 0.1076525 0.114059 0.1637767 0.111255 0.08901661 0.06543088 0.05437565 0.04574965 0.03603997 0.02053173 0.02721941 0.03589336 0.01797127 0.02141723 0.02272381 0.03501811 0.04059513 0.05062265 0.07309276 0.07725161 0.03685348 0.007715647
0.1958607 0.1688579 0.1250847 0.1837607 0.1325619 0.0705052 0.05609606 0.1117696 0.1041366 0.07974729 0.0842079 0.0933061 0.1091969 0.07484258 0.07254589 0.07249603 0.1053949 0.07465605 0.1219907 0.09512915 0.1348161 0.1075067 0.1351589 0.1853634 0.1548468 0.1414566 0.1356549 0.1237206 0.1154593 0.1303757 0.1310112 0.1201414 0.1330036 0.1039644 0.1052346 0.1069281 0.1202355 0.1239933 0.1010769 0.0505119 0.04838367 0.04012344 0.03285603 0.01911347 0.02999282 0.02866824 0.03851661 0.02228579 0.01788623 0.02909818 0.03081783 0.04941241 0.08610556 0.0756816 0.0671596 0.02935766
0.2836526 0.2034798 0.1825525 0.212971 0.1121954 0.05677969 0.05331453 0.04417126 0.05848133 0.05559062 0.07271541 0.1231946 0.09177232 0.07291072 0.03313395 0.07005399 0.05599679 0.03920098 0.04816998 0.07614042 0.07458217 0.08205974 0.1083973 0.1329141 0.1505544 0.1528169 0.1371012 0.1337257 0.1099726 0.1157967 0.1188601 0.1181056 0.1264561 0.1187963 0.1256962 0.1325711 0.1084461 0.08956523 0.09306581 0.04940987 0.04683802 0.03955453 0.03087561 0.01764953 0.01277984 0.01472096 0.01606988 0.00902469 0.009260025 0.01634766 0.01462874 0.02023307 0.06107535 0.09905919 0.1005446 0.07325236
0.272893 0.255699 0.2087189 0.1639885 0.08867959 0.05198353 0.03857564 0.0346663 0.04626847 0.06296089 0.08219552 0.1266323 0.1236429 0.07682949 0.07114631 0.04571859 0.04788736 0.04000058 0.04858026 0.09938473 0.1044857 0.1267187 0.1098353 0.09514254 0.1319616 0.1336437 0.1378483 0.1322805 0.121238 0.1149779 0.1128715 0.116595 0.1192161 0.1155547 0.1060989 0.08674792 0.1167491 0.1106746 0.07458656 0.04762292 0.05879026 0.04883908 0.03351169 0.01607427 0.01072959 0.008162325 0.008449281 0.008990946 0.008959135 0.008898436 0.01494152 0.01341806 0.03003728 0.06417408 0.133803 0.1289785
0.2179279 0.2095203 0.2642202 0.1441422 0.07236911 0.04706655 0.03708705 0.1051216 0.09462778 0.09491395 0.09560164 0.1174394 0.1277631 0.1244775 0.09117456 0.1128453 0.09471636 0.1021974 0.1224406 0.1148356 0.1090425 0.1074422 0.09211523 0.0933481 0.1215205 0.1583021 0.1653488 0.1580693 0.1529973 0.1324184 0.1405841 0.1358521 0.1098865 0.1042622 0.1078282 0.1180887 0.1592406 0.1163165 0.08274291 0.04696904 0.04936777 0.04415905 0.03147567 0.0108924 0.00767305 0.01125003 0.02896446 0.007233392 0.008885934 0.008530419 0.01262515 0.02380337 0.08623853 0.1298932 0.212153 0.07030504
0.2508914 0.2378827 0.1406417 0.09021904 0.06073839 0.03729712 0.05050176 0.1147249 0.09784441 0.09087854 0.09269735 0.09370319 0.1077969 0.1127069 0.1114959 0.1160504 0.1168764 0.1527975 0.1681865 0.1486343 0.1303001 0.0966533 0.08040006 0.1006496 0.1128432 0.1481213 0.1883231 0.1690722 0.1724903 0.1437094 0.1446664 0.1324739 0.1193602 0.1166534 0.1054565 0.09612007 0.1236929 0.09669837 0.08235864 0.05435963 0.04597878 0.0371668 0.02614037 0.009994856 0.01123467 0.009442691 0.02115832 0.01525624 0.005599819 0.006935209 0.01290034 0.05562198 0.1051423 0.1649782 0.09054782 0.06048267
0.2406068 0.1855683 0.07878134 0.06520773 0.04018536 0.03059284 0.02495722 0.07444937 0.1061604 0.1261676 0.1039101 0.09187607 0.1185381 0.1236013 0.1383378 0.1320944 0.181702 0.1986137 0.2131504 0.1433017 0.1343412 0.1176836 0.1164111 0.1004367 0.1250808 0.2048362 0.2226684 0.1799018 0.1875178 0.1677951 0.139183 0.1246277 0.1221261 0.1340929 0.09911447 0.08258952 0.08344156 0.07254881 0.06664979 0.04495648 0.03784755 0.03162574 0.02400446 0.00697692 0.00682864 0.006401428 0.004233391 0.00562096 0.006167263 0.007202377 0.02509665 0.09500275 0.06844082 0.1158449 0.09951318 0.07138709
0.2199535 0.1348791 0.07364184 0.0652866 0.0594782 0.08333759 0.04774605 0.0738036 0.09322588 0.08526365 0.08209344 0.1120991 0.1330341 0.1113314 0.1289728 0.1596315 0.2182088 0.233874 0.2228995 0.173436 0.1569412 0.1300518 0.1235792 0.117504 0.1675103 0.2125032 0.2334983 0.1733559 0.1622761 0.1581138 0.1486421 0.1196489 0.1163949 0.1230525 0.09337096 0.08273515 0.07426731 0.06870208 0.06103052 0.03921797 0.02724097 0.02296229 0.01841371 0.005554998 0.003457344 0.003075462 0.004765875 0.00699088 0.007799017 0.01483591 0.08916382 0.1178879 0.07374269 0.0799081 0.06388152 0.0254437
0.3640863 0.2342292 0.1009884 0.1149067 0.07807318 0.07373062 0.06706245 0.1067248 0.105427 0.1001584 0.1096351 0.1224671 0.1121739 0.1395381 0.1281924 0.1537598 0.1949148 0.1857904 0.2094344 0.2069264 0.1464777 0.1172202 0.112832 0.1559664 0.2236741 0.2576828 0.242514 0.1811886 0.1549738 0.1418751 0.1386714 0.1191001 0.1017404 0.1184932 0.09811376 0.07768584 0.0789097 0.0605816 0.04912392 0.02291681 0.01818589 0.01691676 0.01496261 0.008677415 0.01122373 0.01222567 0.007974328 0.01282465 0.01471492 0.01632512 0.06306393 0.05321203 0.03294108 0.06569201 0.04518789 0.01354475
0.2711016 0.1706048 0.08727848 0.1094922 0.1083148 0.03924823 0.03815968 0.06886122 0.05881123 0.07434824 0.1140733 0.1131557 0.1116353 0.1267641 0.1269788 0.1460215 0.1857801 0.1923672 0.1901805 0.1980698 0.1404074 0.125573 0.1175454 0.1726051 0.238933 0.2351409 0.2156964 0.1680333 0.1525882 0.1331246 0.1235719 0.105857 0.09885894 0.09216886 0.08916739 0.08276191 0.06951328 0.05098905 0.04325547 0.02740162 0.01584875 0.0118347 0.01016094 0.007463526 0.005920562 0.007294578 0.009329658 0.01453075 0.01717082 0.0212147 0.02457773 0.03459214 0.053402 0.06162802 0.01706572 0.02661658
0.209186 0.139311 0.07702893 0.08135246 0.05604246 0.03724204 0.03281228 0.068195 0.05686437 0.05007416 0.06620689 0.08183481 0.1015493 0.1106407 0.1247671 0.1250154 0.1554652 0.1726704 0.1963674 0.1599046 0.1179367 0.092399 0.1303866 0.1865965 0.1967652 0.2314932 0.2125794 0.1614557 0.1429015 0.1377001 0.1164518 0.09738745 0.08185776 0.07532393 0.06874817 0.05670685 0.0485165 0.03758873 0.03254817 0.01622843 0.01928389 0.009268086 0.008442893 0.006725066 0.005988698 0.007676379 0.009977681 0.01572341 0.01863533 0.03199731 0.03106052 0.06075629 0.04811477 0.03276366 0.03069293 0.01125
0.2414484 0.1320064 0.08507625 0.1335355 0.05720384 0.02617142 0.03556935 0.07917374 0.0491323 0.06561783 0.05429759 0.07063824 0.08424009 0.09148534 0.08869971 0.1050844 0.1245368 0.1532956 0.1701941 0.1068605 0.1107864 0.07663403 0.09429337 0.179757 0.1723635 0.147818 0.1396743 0.1426836 0.1324884 0.1102889 0.1062337 0.0783684 0.06778062 0.06143742 0.05838327 0.04439182 0.0375674 0.03148293 0.02527576 0.02034939 0.008900411 0.007519389 0.007414333 0.006450169 0.006356994 0.007996215 0.0104006 0.01646417 0.01943619 0.0530576 0.08063102 0.05200289 0.0452968 0.02817743 0.04626497 0.03338709
0.2622425 0.1084748 0.07875769 0.09044264 0.04810372 0.02476527 0.024348 0.05442166 0.04967589 0.04477363 0.03920959 0.05772585 0.06230895 0.0625227 0.07004265 0.06537426 0.08981362 0.1007877 0.08618441 0.08707207 0.06044386 0.04799666 0.05591049 0.1329843 0.1812217 0.1542303 0.1527664 0.1421423 0.09537323 0.08353498 0.07403237 0.05343299 0.04695215 0.04890254 0.04435993 0.02642915 0.02247635 0.01829259 0.01490226 0.00538857 0.003754319 0.003278272 0.003656703 0.009560185 0.01041179 0.01246504 0.06068789 0.02339204 0.02602036 0.03951681 0.03929953 0.05262205 0.03356977 0.0355285 0.04929202 0.03
0.2047139 0.08643864 0.02531287 0.03746467 0.02899497 0.03678216 0.02435903 0.04354627 0.04810078 0.04218554 0.03347282 0.04842084 0.05233534 0.05271135 0.06521568 0.0615554 0.06752016 0.06559967 0.05718932 0.04819498 0.04496592 0.03400714 0.05200269 0.1118414 0.1206525 0.1253468 0.1418081 0.1074806 0.0730804 0.07678117 0.0614518 0.04525901 0.04603077 0.03871645 0.03244407 0.02126062 0.01624092 0.01235492 0.01021902 0.003305933 0.00229339 0.002198025 0.003027835 0.009125932 0.01097838 0.0132739 0.02098027 0.02689292 0.05452541 0.02892012 0.02417944 0.02797226 0.03395575 0.03912936 0.04951176 0.02375
0.1361026 0.07674311 0.02167006 0.04884104 0.0414535 0.04220161 0.01497689 0.0380202 0.0454484 0.04277028 0.03084296 0.0428562 0.04512307 0.04486007 0.0472749 0.04764162 0.04138542 0.03695936 0.04140869 0.0400584 0.03733125 0.04028153 0.05800113 0.1030636 0.1078212 0.1032676 0.09372386 0.08679346 0.06004911 0.04934866 0.04954849 0.04102778 0.04410025 0.03294113 0.02262392 0.01523523 0.01159626 0.00891273 0.007221682 0.002327356 0.001567615 0.001726514 0.002792991 0.009114162 0.01147832 0.01382545 0.01702757 0.02240011 0.05086853 0.02413685 0.03447394 0.03547306 0.04322866 0.04929912 0.04780888 0.01520161
0.1509102 0.0914835 0.04205351 0.03968817 0.0299581 0.01554119 0.00857881 0.01943171 0.02481807 0.02503677 0.02521289 0.03610425 0.0391592 0.03727663 0.03886307 0.03531577 0.02986201 0.02839398 0.03065387 0.03570081 0.04620009 0.06183292 0.07959186 0.05452938 0.06618692 0.07452324 0.07073183 0.06510478 0.04985193 0.04869814 0.06445144 0.0348994 0.03025964 0.02563755 0.02095332 0.02005147 0.06402697 0.009668618 0.006425136 0.002168203 0.001611503 0.001880298 0.002960219 0.009522337 0.01192513 0.01418717 0.02995044 0.02316722 0.02001502 0.02483196 0.05376744 0.04835697 0.0405729 0.03618783 0.03728179 0.02516129
0.1816635 0.1368593 0.03953318 0.02893517 0.01378854 0.01702144 0.01360959 0.01237813 0.01365553 0.01447933 0.01480633 0.01779102 0.02185289 0.01787933 0.01648056 0.01966629 0.02741151 0.0293295 0.02458701 0.04271017 0.05057638 0.05905443 0.06099667 0.08053502 0.05965124 0.04231721 0.03568874 0.03442197 0.03033359 0.02244385 0.05298769 0.02095089 0.01525828 0.01699392 0.01698588 0.01513867 0.089513 0.006980322 0.005287847 0.003552868 0.002925597 0.00358384 0.005500641 0.0115097 0.01433068 0.02533229 0.03155955 0.02285006 0.02306792 0.0487017 0.03508043 0.0269758 0.02524193 0.01528226 0.01479839 0.02935484
0.1592731 0.1210738 0.04343478 0.0254081 0.01356241 0.00887727 0.009039436 0.008899001 0.00978998 0.01052924 0.01101732 0.01361178 0.01832932 0.02038626 0.02013667 0.01663387 0.02036579 0.01917414 0.02047008 0.03949993 0.04902772 0.04509363 0.04491961 0.06202785 0.04647281 0.01843346 0.01504183 0.009088119 0.00653506 0.009103752 0.004722525 0.009908311 0.01101362 0.01175558 0.01213534 0.006906342 0.005898466 0.004128037 0.003817989 0.003273509 0.003002541 0.003884054 0.005791605 0.01199464 0.01483689 0.03433625 0.02840079 0.0290701 0.02045882 0.02393193 0.03475826 0.03354838 0.02979839 0.02209677 0.01923387 0.01395161
0.1355295 0.08781298 0.04469967 0.02004005 0.008851739 0.01185417 0.005485738 0.006858451 0.007032204 0.008118662 0.008648101 0.01033513 0.01281898 0.01498812 0.01780996 0.01409079 0.01469196 0.01436669 0.01267137 0.01493689 0.02362331 0.03044236 0.01888119 0.0190866 0.0153123 0.004690771 0.006237009 0.00513695 0.004190634 0.002089853 0.001906443 0.007310051 0.005396274 0.00481999 0.005925235 0.005635332 0.003945698 0.004092657 0.004906954 0.005999782 0.005477943 0.004641639 0.008093725 0.0162423 0.01842394 0.03360122 0.03527184 0.03338772 0.03224539 0.02064071 0.02981986 0.03032258 0.01209677 0.009475806 0.01951613 0.006048387
0.08549181 0.07732765 0.03246894 0.0124339 0.009672737 0.01036007 0.004133115 0.004956807 0.005488698 0.005928524 0.006383903 0.008011651 0.009619053 0.01183739 0.009410068 0.008638326 0.008084757 0.008995972 0.01005159 0.01723604 0.0159227 0.01197166 0.009583406 0.004477965 0.004934902 0.010173 0.0156004 0.0144877 0.009036667 0.0064387 0.005403618 0.005163103 0.004537706 0.007353372 0.005052979 0.00422869 0.00411528 0.004006028 0.005228322 0.006375107 0.004897456 0.005941314 0.009287616 0.01449447 0.02067031 0.02463267 0.0519945 0.03334577 0.03241529 0.02268013 0.02406858 0.01649193 0.004959677 0.01592742 0.02733871 0.03471774
0.05902743 0.06473791 0.01799727 0.006811604 0.007333645 0.006772506 0.007892816 0.002945198 0.002453747 0.002676062 0.002896269 0.003384938 0.004167392 0.004543072 0.005214596 0.007239621 0.004440389 0.004268763 0.004308684 0.02727203 0.01494304 0.01255964 0.02030226 0.01231556 0.01136567 0.01519521 0.02136168 0.01790372 0.01993981 0.009299014 0.0007559655 0.003033859 0.002876382 0.003150443 0.003228049 0.004434144 0.003980835 0.004153493 0.004876061 0.008708937 0.00998026 0.009870944 0.0236802 0.02344802 0.02032679 0.02535373 0.05598726 0.04108871 0.02604839 0.00657258 0.01282258 0.01012097 0.007459677 0.0146371 0.009193547 0.02084677
0.03328459 0.0164303 0.005684683 0.01223025 0.01279107 0.002232467 0.006170382 0.001224182 0.001287266 0.001404124 0.001542718 0.001812775 0.003142643 0.002033891 0.002095731 0.002678508 0.002868027 0.002692368 0.003938454 0.01536978 0.01236438 0.007885865 0.01729151 0.05007702 0.0008107648 0.01771696 0.0007195182 0.01508945 0.0005321805 0.00862459 0.01031089 0.002160207 0.002186381 0.002284821 0.002818121 0.003597343 0.003807472 0.004452942 0.005473234 0.008644833 0.009982347 0.01359207 0.0165185 0.02180297 0.05634996 0.02489942 0.05903969 0.03310483 0.01528226 0.006733871 0.01254032 0.007741935 0.01197581 0.01177419 0.003991935 0.006048387
0.0105878 0.02037604 0.004024891 0.01043309 0.01031754 0.002512846 0.004284042 0.003265838 0.0006125903 0.0006524197 0.0007249882 0.0009163886 0.002671781 0.001023161 0.001095906 0.00149028 0.001584931 0.003616576 0.005331196 0.009388469 0.001945066 0.001909622 0.009163079 0.02561283 0.0004379743 0.0004030128 0.0003744437 0.0003702414 0.0003080947 0.0003079982 0.009072158 0.002815138 0.001683513 0.00190252 0.002187687 0.003470489 0.003878296 0.00472886 0.005986706 0.01314391 0.02554789 0.01642178 0.02751863 0.02726314 0.0337086 0.02569599 0.04932008 0.01306451 0.01076613 0.009959677 0.01975806 0.01540323 0.01435484 0.003024193 0.005685483 0.008790323
