contrib/geomasonDemos/riftland/riftlandData/RainData/77.txt
ncols         56
nrows         54
xllcorner     28.264
yllcorner     -5.7719999999999
cellsize      0.25
NODATA_value  -9999
[rows 0 to 24 of 54, columns 0 to 55 of 56]
0.07411913 0.06447817 0.07574323 0.06868052 0.07278039 0.07475765 0.09371062 0.07071719 0.02998314 0.01636437 0.05246201 0.08875993 0.05752737 0.03105711 0.02052172 0.02007803 0.02829408 0.04155493 0.04776435 0.05737221 0.08140502 0.09794105 0.09816346 0.1299697 0.1621653 0.1839508 0.2180956 0.2643161 0.2696736 0.2280266 0.2028149 0.196796 0.2173641 0.1939886 0.1475071 0.1798019 0.1455731 0.1332121 0.1186515 0.08726864 0.03993107 0.01880885 0.0416099 0.06132076 0.04481324 0.03103264 0.03258425 0.06111934 0.07646607 0.06776743 0.05181319 0.09945726 0.07058654 0.06520872 0.08386841 0.1540088
0.1061717 0.08247172 0.06594771 0.0769484 0.08060928 0.09680112 0.08057727 0.04955622 0.03224125 0.03318161 0.04426811 0.07099958 0.05481476 0.03136567 0.01855672 0.02601393 0.03180649 0.04499094 0.0606633 0.06440648 0.0684875 0.08334534 0.09548397 0.1397329 0.1396981 0.15869 0.2004025 0.2547885 0.2664059 0.2336733 0.2266601 0.2492169 0.1923138 0.175677 0.1379079 0.16859 0.1467397 0.1559967 0.1407717 0.176993 0.1171012 0.05513527 0.06030906 0.036647 0.02376385 0.02088768 0.02871284 0.02290274 0.04366886 0.0688526 0.05877192 0.06791884 0.05754049 0.04647301 0.07563958 0.1234463
0.1034915 0.09343813 0.08781613 0.0823653 0.08542097 0.09506961 0.08341039 0.0662645 0.04434184 0.04303252 0.05534001 0.06830641 0.0439957 0.02336557 0.0241072 0.01767108 0.03701364 0.05484809 0.06970791 0.08254357 0.08838122 0.1073747 0.1340091 0.1637348 0.1272485 0.1419253 0.1879805 0.2022533 0.2294895 0.2274093 0.2250488 0.2362098 0.2320095 0.1868087 0.1386186 0.1641316 0.1992348 0.1933806 0.1911897 0.2258788 0.1732083 0.1276335 0.09873179 0.02822919 0.01920339 0.02089546 0.02614347 0.04244199 0.1143514 0.1388686 0.08499937 0.05585405 0.04913102 0.04410993 0.05949429 0.09536954
0.08911427 0.0891057 0.1167266 0.1002141 0.08725341 0.09747093 0.09616492 0.1050846 0.05983166 0.06282432 0.05756024 0.08390846 0.05544102 0.02940158 0.04320566 0.04734984 0.06196294 0.0579625 0.06470857 0.08649816 0.1019919 0.1403 0.1505442 0.1563385 0.1340622 0.1666182 0.1699725 0.1970272 0.219007 0.229295 0.1988278 0.2150283 0.2099712 0.1801545 0.1293758 0.1792911 0.2410944 0.208652 0.1937139 0.2110028 0.2454363 0.2339902 0.1810046 0.08506726 0.05145462 0.02746655 0.07475248 0.07939296 0.1461257 0.1219368 0.09297638 0.07611737 0.0611818 0.04886346 0.03926145 0.03222109
0.1013441 0.1187099 0.1123684 0.09976279 0.1061635 0.140258 0.1080103 0.1047452 0.06107906 0.05911953 0.06188741 0.04403983 0.04503413 0.04797447 0.07629427 0.166963 0.1068089 0.07915583 0.08052929 0.1059177 0.1266227 0.1352153 0.1326391 0.1510327 0.1478354 0.1583815 0.114644 0.1890216 0.2309983 0.1543292 0.134562 0.1825825 0.2414013 0.1831191 0.1533089 0.2216627 0.2347508 0.1774539 0.1619233 0.1434826 0.2502572 0.3098391 0.239438 0.1852231 0.0960727 0.1093906 0.1413179 0.1241951 0.1455682 0.1218537 0.06445824 0.07433603 0.07344328 0.02500557 0.001893051 0.01693346
0.1068247 0.09955642 0.1247072 0.1568742 0.1128424 0.1036767 0.09151289 0.09816574 0.09583318 0.149658 0.09537885 0.06028454 0.05461984 0.07429052 0.08161455 0.1557201 0.1110209 0.1007209 0.07950938 0.116086 0.1085345 0.1210439 0.1318095 0.1233174 0.1542472 0.1642832 0.1621162 0.1881023 0.1800053 0.1238585 0.1250142 0.167696 0.1660699 0.1473738 0.1536868 0.2071272 0.2084098 0.1820851 0.1623594 0.1634339 0.3256 0.3509606 0.2588891 0.1840629 0.1652043 0.1428991 0.1130106 0.1174524 0.112292 0.07329695 0.05203784 0.07968207 0.06297627 0.009317444 0.001462712 0.01391668
0.1144583 0.09513818 0.1316374 0.1511321 0.107045 0.08716976 0.07427505 0.09514944 0.09653255 0.1069384 0.0641684 0.04926943 0.0685288 0.08484031 0.08571917 0.1392932 0.1027183 0.08661823 0.1100491 0.07676373 0.0727372 0.07878856 0.0901348 0.0916296 0.09889775 0.1245898 0.1703366 0.1797284 0.1319331 0.1208246 0.1280783 0.1351831 0.1331397 0.1250992 0.1440926 0.1408964 0.1620286 0.1535953 0.1565408 0.2139643 0.2906624 0.2515477 0.2307674 0.1723325 0.1666319 0.143062 0.1024183 0.08772865 0.05426035 0.03358132 0.04131779 0.05963035 0.03662059 0.03324414 0.007298209 0.02322198
0.1166688 0.1146794 0.1597313 0.1196335 0.1089111 0.08720347 0.0787797 0.07618278 0.0900394 0.07036083 0.05310302 0.08990727 0.06620798 0.07452585 0.09310258 0.06967665 0.07257187 0.0744739 0.07333235 0.05884778 0.05895673 0.06784441 0.06394583 0.07804547 0.09435282 0.08783027 0.0829248 0.06811665 0.06501502 0.09764706 0.09473722 0.0980638 0.1215696 0.09498719 0.1183678 0.09023944 0.0800148 0.1104195 0.1247346 0.1709631 0.2218341 0.1447387 0.1637677 0.1126026 0.1438077 0.1899566 0.1090042 0.1212578 0.07644154 0.03008234 0.01579185 0.01170396 0.01012244 0.01548065 0.03182194 0.03336355
0.1237294 0.1297711 0.1261338 0.0933319 0.06655935 0.08435745 0.07865993 0.07134573 0.07048717 0.06324384 0.06446531 0.074009 0.08322142 0.0663179 0.06131883 0.04903852 0.07394475 0.07501947 0.07112508 0.06471041 0.07443275 0.07226753 0.05452566 0.06470788 0.08216399 0.05706431 0.05315615 0.03983224 0.04676403 0.06324346 0.05191458 0.06498112 0.06832957 0.08875683 0.09856117 0.07427189 0.09236179 0.1236293 0.148679 0.1326083 0.1211376 0.1128635 0.09693113 0.1071352 0.09466613 0.1103466 0.0643202 0.04953799 0.04664952 0.03749125 0.02467186 0.02042095 0.01309235 0.02833576 0.03035264 0.04958652
0.1345862 0.1437565 0.1194073 0.07768092 0.05937323 0.07132363 0.08252482 0.06952895 0.0754679 0.06253705 0.08605351 0.0742321 0.06636183 0.0607679 0.05704153 0.05219101 0.05767646 0.06723554 0.05434002 0.05159683 0.05042887 0.0604053 0.05752032 0.0490214 0.0516575 0.04608399 0.034073 0.03045906 0.03905687 0.02680784 0.03068199 0.04849007 0.0828037 0.07346493 0.1100158 0.08559666 0.1026025 0.1314728 0.1760653 0.1404691 0.1541754 0.08375604 0.09515444 0.07501753 0.09999873 0.07287726 0.07206205 0.03682884 0.02976956 0.03966564 0.04125614 0.03990464 0.01414179 0.01814417 0.01507932 0.0150364
0.145188 0.1531439 0.1490538 0.09976261 0.06967641 0.06640408 0.08651131 0.07508034 0.09060879 0.07879756 0.07159533 0.084364 0.07940634 0.03899731 0.03464537 0.0466074 0.05535745 0.05675855 0.04596752 0.07045121 0.04962901 0.04901471 0.05763445 0.02958857 0.04242798 0.03262945 0.03147853 0.03660302 0.01984482 0.01467311 0.00776264 0.08051327 0.07552252 0.06741517 0.08076517 0.08974561 0.1137821 0.1261242 0.07163396 0.1085423 0.1148067 0.09183671 0.06384487 0.04126106 0.03364668 0.02022423 0.0343587 0.02150695 0.01545423 0.0352051 0.0379733 0.0352455 0.04355456 0.04250769 0 0
0.1550915 0.1603086 0.1426997 0.08721642 0.08819756 0.08346393 0.08331631 0.06854845 0.1206793 0.06273068 0.0722976 0.06153853 0.04750232 0.03843811 0.03642938 0.06983075 0.06547509 0.06081305 0.05721827 0.04599857 0.04679335 0.06456638 0.05703359 0.04170209 0.03742626 0.04401995 0.03712811 0.03490357 0.03533036 0.0297959 0.01931361 0.0232572 0.04995694 0.079536 0.07459353 0.09503549 0.1239024 0.1277153 0.0981892 0.09971893 0.1187363 0.1117222 0.04751172 0.009013396 0.0226405 0.04372967 0.04093692 0.04873285 0.08610517 0.03752768 0.01006131 0.03586443 0.05219934 0.008744336 0.00018581 0.0001800499
0.1527512 0.1157405 0.133615 0.1674381 0.1071205 0.08313906 0.07321425 0.08066801 0.06549287 0.04580356 0.06386407 0.0318536 0.03438877 0.03640416 0.05032203 0.06098247 0.06042004 0.0621425 0.05336488 0.06741571 0.05817628 0.06396215 0.04895381 0.02448468 0.01821293 0.02204135 0.02437973 0.02800409 0.04064829 0.02823422 0.01861742 0.02908373 0.03811193 0.05087351 0.03676798 0.07098629 0.09576331 0.1013836 0.1115721 0.1027636 0.07586898 0.05415505 0.03655373 0.01268355 0.02142518 0.01512671 0.0203815 0.04369651 0.04578879 0.02590316 0.005696493 0.01677548 0.01504812 0.0002014552 0.0001880341 0.0001786037
0.1606561 0.1309692 0.1515983 0.1055685 0.09288727 0.06115618 0.05334002 0.04462502 0.0474607 0.04191547 0.05134563 0.03212149 0.04457531 0.06872518 0.1070998 0.07076508 0.06406451 0.06097704 0.06011731 0.06387494 0.06185355 0.07196364 0.03102776 0.02014718 0.02134918 0.0237436 0.02628506 0.03189184 0.02316835 0.04200751 0.0304337 0.0479344 0.03415168 0.04163884 0.0536813 0.06520441 0.05571808 0.0492008 0.05315716 0.09158017 0.0443756 0.02414029 0.01924336 0.008373245 0.02326251 0.01278814 0.01036649 0.01638477 0.0008623011 0.0145287 0.0007208945 0.0002753439 0.0002934852 0.0002058219 0.0001906919 0.0001778261
0.1461171 0.1470082 0.1609844 0.08666529 0.0656882 0.04939022 0.06325278 0.06180102 0.04909083 0.04084005 0.04365379 0.03969719 0.05117092 0.04952541 0.06139227 0.06524619 0.06059507 0.06499818 0.07118614 0.07292509 0.06133641 0.06289262 0.04680555 0.03260167 0.02378261 0.02977346 0.03450748 0.04768679 0.01862516 0.02639977 0.04753191 0.03583068 0.03136656 0.0664829 0.05736177 0.04198611 0.04601622 0.03419308 0.02119143 0.0267464 0.01747976 0.0104001 0.004326753 0.002309162 0.008528908 0.001898978 0.001700183 0.01567475 0.0009582373 0.0007214294 0.009173192 0.0003363035 0.0002338893 0.0002068633 0.002066227 0.004587699
0.1258522 0.108217 0.1269929 0.1263408 0.08189435 0.07202681 0.09411704 0.06367597 0.05831473 0.05495566 0.0481853 0.03904177 0.04909002 0.06594081 0.07458235 0.07739428 0.08608834 0.08914309 0.07583735 0.08279283 0.07337267 0.08444019 0.07950798 0.04667734 0.02938203 0.02109741 0.03220202 0.05818695 0.03692152 0.0833696 0.05026741 0.04506035 0.05412289 0.08297797 0.06799772 0.04195512 0.03261303 0.04611122 0.0461961 0.05138684 0.0377275 0.03344721 0.03069409 0.002242837 0.002027251 0.001828317 0.001635818 0.004157941 0.002749749 0.001305689 0.0009428211 0.0003582863 0.0002531522 0.0002255663 0.0002738355 0.008805298
0.1582324 0.1180005 0.1338331 0.1606847 0.1309366 0.07152314 0.06315562 0.06414154 0.05769182 0.05190007 0.03963378 0.03310673 0.05411713 0.06225325 0.06270508 0.07592484 0.09356784 0.103391 0.1025273 0.1063058 0.1102949 0.1295905 0.1169562 0.05130368 0.02907607 0.0309568 0.03700136 0.1099917 0.09414809 0.06711071 0.1060639 0.05709245 0.08825799 0.1610569 0.1162979 0.07554793 0.0473544 0.04245774 0.04695199 0.04357272 0.05159405 0.04713302 0.031267 0.006102026 0.001956349 0.006041212 0.002093609 0.0013492 0.004584145 0.001013351 0.0009217892 0.0002875678 0.0003243836 0.003338933 0.03133225 0.04999195
0.1954512 0.1612746 0.1553049 0.1294843 0.1164376 0.06803774 0.05692139 0.07409245 0.04947742 0.0396814 0.03321511 0.03627674 0.05194521 0.06867634 0.06702185 0.07995988 0.1039961 0.1355733 0.1094208 0.1179103 0.1047362 0.09497253 0.08202979 0.07352961 0.04764156 0.04779129 0.02762788 0.07094165 0.0885879 0.08072232 0.05463269 0.1066661 0.1295593 0.1162537 0.1059522 0.08933508 0.05672848 0.05507436 0.04751918 0.03579489 0.03812845 0.0506358 0.04508346 0.02229981 0.01803993 0.002018068 0.002653668 0.00156354 0.001377566 0.0009633295 0.0009496215 0.0002764231 0.0006261739 0.04988826 0.09007177 0.02656337
0.2340101 0.1935032 0.1588862 0.1349239 0.1202088 0.07004684 0.09547395 0.06355072 0.05317794 0.04310528 0.03215485 0.03627186 0.04640669 0.07065722 0.09298224 0.1050135 0.1112925 0.1232229 0.1111536 0.1437752 0.1251137 0.09889902 0.1022324 0.08441982 0.06048395 0.03345698 0.03825014 0.05153731 0.05849888 0.05121399 0.03535007 0.07721621 0.09064951 0.1024721 0.1130904 0.09753405 0.06981967 0.04071701 0.03501768 0.03340915 0.03378901 0.05101811 0.09512231 0.123989 0.02327029 0.001878593 0.004846912 0.001639107 0.04199211 0.0008891917 0.0008098122 0.001927374 0.005972852 0.06638607 0.02296367 0.001086768
0.2758857 0.2585667 0.1775998 0.1700254 0.160368 0.1204952 0.1173451 0.08428363 0.05491778 0.0787937 0.0542565 0.04747219 0.07526962 0.08717676 0.1147174 0.152851 0.1459125 0.1155231 0.1182152 0.1339355 0.1535483 0.1736468 0.1151601 0.1136599 0.08254134 0.05539262 0.04115629 0.03585772 0.02749262 0.02767421 0.03215782 0.04819881 0.08274741 0.09610231 0.1272645 0.2000993 0.1345674 0.1056375 0.05238488 0.03684609 0.06539313 0.09772235 0.1533142 0.1663739 0.05639061 0.01658492 0.0144968 0.01121276 0.009867084 0.01001511 0.01032777 0.01122496 0.02160079 0.03781982 0.02307669 0.01809358
0.2975132 0.2684505 0.2448111 0.2136867 0.180067 0.1443012 0.1400598 0.09127346 0.07740023 0.07460444 0.06022843 0.08356097 0.05951952 0.070958 0.1188117 0.1226361 0.1387645 0.1038975 0.1149393 0.154514 0.1656888 0.1722813 0.1470285 0.108122 0.08063544 0.06424049 0.05636334 0.05794691 0.03214028 0.04638747 0.0417514 0.06777612 0.1003146 0.09714949 0.1245726 0.2264716 0.3257439 0.1773481 0.06837244 0.07979082 0.116982 0.1596041 0.2039969 0.1008584 0.01844285 0.01558637 0.01463215 0.01276467 0.01213456 0.01237338 0.01268488 0.01388558 0.01231131 0.03291912 0.02392837 0.02932768
0.3031403 0.3419168 0.2478623 0.2700186 0.2008784 0.1650391 0.1596993 0.168471 0.107405 0.05811767 0.05936568 0.07124297 0.0612547 0.0943701 0.1614568 0.1454511 0.1108107 0.1085582 0.1001829 0.149048 0.1637497 0.1292698 0.1110203 0.1059984 0.1045936 0.1020406 0.09408912 0.05982816 0.04787609 0.04212879 0.0431595 0.06338877 0.07822305 0.08231077 0.1009184 0.1688126 0.1992314 0.1100791 0.1006825 0.1450664 0.1612033 0.2011692 0.119986 0.02118497 0.01746869 0.01656434 0.01573331 0.01406612 0.01366488 0.01460146 0.01516609 0.01665745 0.01695912 0.01745712 0.02934607 0.03746368
0.2753027 0.2737232 0.2112177 0.2029902 0.1998953 0.1428477 0.1654432 0.14478 0.09510153 0.04799133 0.06464354 0.07456812 0.1009607 0.1028789 0.1859809 0.1515059 0.1260666 0.1098529 0.1011972 0.116412 0.1316805 0.1131394 0.1270224 0.1202331 0.1127048 0.1197998 0.09212803 0.08146614 0.05874324 0.06085838 0.04769811 0.05380692 0.06833418 0.08470108 0.09723338 0.1330357 0.114554 0.05895665 0.07498524 0.1326904 0.1214483 0.09332827 0.03988397 0.02026795 0.0173274 0.01654867 0.01589191 0.01442196 0.01510745 0.01571083 0.01626285 0.01811781 0.01598465 0.01434793 0.03846731 0.04118755
0.2084543 0.218964 0.162867 0.1835442 0.1665071 0.1345275 0.1017637 0.110076 0.07604781 0.06025278 0.1139437 0.1234108 0.1322813 0.1576485 0.2205426 0.2129236 0.163938 0.1409711 0.1313542 0.1287332 0.139046 0.1721127 0.147163 0.157442 0.1393662 0.1515328 0.115455 0.09016072 0.09421819 0.09009288 0.0749343 0.06704465 0.07134458 0.09152243 0.1490552 0.1519547 0.1127296 0.07510251 0.0662741 0.07885727 0.06680493 0.05047462 0.04116575 0.01864967 0.01601578 0.01541377 0.01492334 0.01541704 0.01681785 0.02353268 0.03122571 0.03177266 0.034186 0.02558119 0.04593976 0.03483786
0.1318558 0.1413135 0.1496689 0.1565126 0.1659118 0.1135886 0.0741533 0.09440926 0.08354296 0.0891052 0.1211071 0.1014136 0.09627666 0.1559141 0.1587533 0.1976722 0.1585125 0.1116053 0.1406823 0.1377073 0.1356874 0.1491926 0.1410105 0.1290947 0.133974 0.1398709 0.1086945 0.1088158 0.1144322 0.1170739 0.1097032 0.078927 0.07688337 0.1090423 0.1263484 0.09978557 0.08735519 0.08316031 0.07063299 0.06054841 0.05179041 0.05208118 0.03953202 0.01766326 0.01523407 0.01472799 0.0143953 0.01530632 0.0168784 0.02182629 0.03174852 0.05130344 0.04842938 0.02060195 0.04468836 0.05641852
