contrib/geomasonDemos/riftland/riftlandData/RainData/91.txt
ncols         56
nrows         54
xllcorner     28.264
yllcorner     -5.7719999999999
cellsize      0.25
NODATA_value  -9999
[rows 26 to 51 of 54, columns 0 to 55 of 56]
0.04500503 0.05524397 0.04264642 0.0244478 0.03774659 0.06716764 0.03654055 0.02973705 0.03477608 0.03079119 0.0450468 0.0340109 0.03051759 0.04517371 0.06308215 0.06358951 0.04779168 0.03455653 0.03633299 0.05659758 0.06303645 0.1080311 0.1227567 0.1635734 0.1446781 0.09430262 0.1018254 0.1279365 0.1079776 0.09551049 0.1556564 0.1390324 0.09922665 0.06116156 0.02305679 0.01886368 0.01101947 0.003879645 0.003080809 0.004244631 0.003873915 0.003645298 0.003411611 0.004817196 0.004627388 0.004153666 0.004272792 0.004696094 0.003746091 0.003710644 0.003672187 0.008239221 0.01353587 0.005780919 0.007505517 0.003840028
0.05273977 0.1018244 0.06052564 0.04400982 0.0459977 0.04846838 0.04713476 0.03700933 0.02048835 0.02024508 0.03142299 0.03270943 0.04534812 0.06906471 0.09649774 0.08706915 0.06317058 0.04159486 0.06954469 0.09929436 0.08914439 0.101786 0.1373003 0.09821697 0.1096696 0.1083202 0.130544 0.09777971 0.1112007 0.1207739 0.1193068 0.09178618 0.06922012 0.05207914 0.033333 0.0191156 0.01082334 0.007751121 0.006907805 0.005798527 0.005221586 0.004827505 0.004492211 0.003631077 0.005234364 0.003594562 0.00316536 0.003165594 0.004574314 0.003191405 0.003148879 0.003463626 0.008517537 0.004673041 0.008959166 0.001936392
0.05887724 0.08092458 0.05276404 0.04172176 0.06006225 0.0693098 0.0480412 0.01927233 0.02971346 0.03282423 0.02458668 0.03911441 0.0536943 0.07912117 0.06248675 0.03594534 0.03867142 0.05516326 0.07049861 0.0786012 0.08784296 0.08359168 0.1152695 0.1154182 0.1359402 0.1303578 0.1607673 0.1371439 0.129102 0.1598204 0.1324988 0.1216809 0.07560958 0.05258173 0.03742176 0.01898144 0.01482693 0.009365184 0.008224132 0.006833214 0.006211862 0.005516699 0.005137173 0.004304072 0.00789795 0.006562743 0.003702014 0.003268948 0.003246652 0.003235721 0.003211153 0.007267397 0.006230562 0.006939814 0.008901166 0.003182131
0.07354136 0.0648985 0.06112709 0.04629994 0.052889 0.04451813 0.03720807 0.01642761 0.02269917 0.02217899 0.03628504 0.04622345 0.06616203 0.08940031 0.06883537 0.05016948 0.04347114 0.05821445 0.05801373 0.0702257 0.07497681 0.07201138 0.0791543 0.1053474 0.1502702 0.1291936 0.1264476 0.1442955 0.1375029 0.1606704 0.1559061 0.1190851 0.09743511 0.05575588 0.04434283 0.02867317 0.01768827 0.01041741 0.01077298 0.007845511 0.006854714 0.006334826 0.005378379 0.004238885 0.003697454 0.003606277 0.003482951 0.003631302 0.003295029 0.003279457 0.003296416 0.002705324 0.01155126 0.01527036 0.01503087 0.008170005
0.1189862 0.120765 0.06798843 0.02638207 0.01631556 0.01209167 0.008699708 0.01290641 0.019907 0.01901387 0.02013518 0.03789596 0.06130286 0.05512844 0.03426268 0.0469676 0.03039874 0.02412278 0.04428089 0.08286165 0.07485793 0.05447105 0.05687061 0.06360228 0.08870766 0.0986912 0.1011927 0.1175567 0.1301638 0.1344083 0.1048651 0.1161284 0.09480538 0.05190737 0.03249668 0.02966162 0.02556063 0.01216942 0.01378956 0.008259504 0.01071435 0.006177458 0.005637588 0.004422733 0.003788781 0.003433649 0.004006566 0.003980874 0.006850642 0.008926864 0.005354258 0.002017333 0.01140998 0.01530309 0.01753356 0.01225829
0.100275 0.09278747 0.04678752 0.02156792 0.005367634 0.002602296 0.007099522 0.01323338 0.01291257 0.0172222 0.02125888 0.03173354 0.03585168 0.03198444 0.03004822 0.04581286 0.06370371 0.04511869 0.03884823 0.05928121 0.08114159 0.05624606 0.03417557 0.04261102 0.1009439 0.09775855 0.08198339 0.1000804 0.1347698 0.124883 0.09060656 0.09031295 0.07602384 0.05579195 0.03799402 0.03636252 0.03852007 0.01761824 0.01658055 0.01375232 0.01199318 0.00956773 0.006177705 0.004495867 0.003875799 0.006574695 0.006577577 0.005949437 0.01030376 0.008023431 0.006404394 0.01018067 0.01854126 0.01142577 0.01857637 0.01908903
0.08516155 0.06597351 0.03835987 0.01004618 0.003901861 0.002317865 0.005429282 0.005779927 0.01354287 0.01348475 0.01681031 0.02662592 0.0260052 0.02942284 0.03415513 0.0515897 0.05914934 0.06037219 0.04019547 0.04972719 0.0471175 0.03993566 0.03144002 0.04531774 0.0826556 0.07307551 0.07085972 0.1196321 0.1560768 0.1148934 0.09492237 0.07148553 0.05038607 0.04979935 0.04264064 0.02686247 0.02316131 0.01925222 0.01676973 0.009374209 0.01145474 0.009855431 0.007160074 0.006669743 0.008457838 0.01105265 0.0109829 0.00936318 0.01340003 0.01265141 0.009130131 0.0200648 0.0149601 0.01116441 0.01611704 0.02115071
0.06316953 0.04502188 0.02227916 0.01242753 0.007321586 0.004071956 0.005194288 0.006794347 0.01240232 0.01305163 0.009644136 0.01861146 0.02750326 0.02587623 0.03870423 0.06553889 0.05547111 0.05229803 0.04335956 0.04074998 0.03572978 0.03150623 0.03786336 0.03267212 0.04080331 0.06872399 0.07544111 0.09181218 0.1098974 0.08067138 0.09874734 0.06228568 0.07545245 0.0396774 0.03593773 0.02562911 0.02176855 0.0188428 0.01699336 0.01053233 0.008781061 0.00674643 0.007065622 0.01011601 0.01231166 0.01213413 0.01347992 0.01371173 0.01583873 0.01810542 0.02026598 0.02087813 0.01852124 0.0103343 0.01452773 0.01075132
0.06675943 0.03728488 0.01069296 0.01098009 0.006765516 0.006540802 0.003544701 0.002482377 0.005634984 0.01135748 0.009702174 0.02140946 0.03140042 0.03611647 0.02621265 0.04524567 0.03433499 0.04372926 0.04075203 0.04687716 0.03593885 0.03444279 0.0220812 0.02610855 0.0299759 0.0514866 0.06486522 0.06948222 0.05092923 0.05730112 0.05259716 0.04255728 0.06725521 0.0304109 0.02817047 0.02277954 0.01770569 0.01552141 0.01617434 0.0113317 0.007098308 0.006223962 0.008460027 0.007971834 0.01719428 0.01124033 0.01238758 0.02000064 0.02192101 0.02820325 0.02810222 0.0405625 0.03448881 0.03120461 0.01342392 0.02039887
0.05986955 0.0316691 0.00822188 0.01025882 0.007293664 0.005761793 0.004188005 0.003841238 0.004402018 0.005386745 0.009331697 0.02305233 0.03371983 0.02846012 0.01698714 0.03595384 0.06593689 0.08839479 0.08805019 0.05932319 0.03503076 0.009217125 0.01802877 0.01508671 0.02016053 0.0212522 0.03855225 0.04379362 0.03065258 0.03215161 0.02763242 0.02139049 0.01519005 0.01521763 0.01475552 0.01089262 0.009682785 0.008207725 0.008320388 0.004614796 0.003712588 0.003344653 0.004318215 0.006602217 0.01627107 0.01289098 0.01539184 0.03414159 0.03796271 0.04477955 0.03760832 0.04706308 0.04587789 0.02584483 0.02041189 0.01383904
0.03540225 0.021389 0.002752085 0.00594172 0.007078536 0.006140567 0.007931096 0.00297795 0.003463601 0.004313888 0.005457887 0.01439987 0.01352064 0.0128828 0.01397301 0.03725089 0.07190648 0.06599201 0.04644964 0.04291436 0.029839 0.01095108 0.009515394 0.01363935 0.02216685 0.02038122 0.03999635 0.04627416 0.03600033 0.03790538 0.03537169 0.02807434 0.02080038 0.01348338 0.0147343 0.01396323 0.01140904 0.008892149 0.006497074 0.004111834 0.003555271 0.003024699 0.003650945 0.009220502 0.01252047 0.0166974 0.01755957 0.04013085 0.05214936 0.06302718 0.06689321 0.07802487 0.05936365 0.03435695 0.018608 0.02113914
0.0433048 0.01461028 0.0008136868 0.002506371 0.001535156 0.00136753 0.001731934 0.002356607 0.002786784 0.003757929 0.00572441 0.008431977 0.0109023 0.01117962 0.01274228 0.02930116 0.04517308 0.02780227 0.0426281 0.03158772 0.02606173 0.01140384 0.01788099 0.02388456 0.02951736 0.02814868 0.0257653 0.03792213 0.02278874 0.0242316 0.02598654 0.02099878 0.01689118 0.01413961 0.01038464 0.01144519 0.0114783 0.007902999 0.006669201 0.003577179 0.003133908 0.002678943 0.00266695 0.006609411 0.01273468 0.01979359 0.02299564 0.02697882 0.06271154 0.07505577 0.07510578 0.08461139 0.06065106 0.05272605 0.02270396 0.07645853
0.02193103 0.006978718 0.002966786 0.001151693 0.0033046 0.001123986 0.001477373 0.002835776 0.002415511 0.003914817 0.007740028 0.00774644 0.009747495 0.01010181 0.009731891 0.02511175 0.01979986 0.01938323 0.02947333 0.01160518 0.01219234 0.006790269 0.01754764 0.03528737 0.0223061 0.02567794 0.02109394 0.01294728 0.01044098 0.01886577 0.01983059 0.01423908 0.00898735 0.01297325 0.005919063 0.006641663 0.008013495 0.009375467 0.006119576 0.002590781 0.002385668 0.002286417 0.00282274 0.00482507 0.01209833 0.01700563 0.02692523 0.05192105 0.08192686 0.08611417 0.09484432 0.08406062 0.06535248 0.05967402 0.1368604 0.08543
0.02142244 0.003907434 0.005198676 0.004165898 0.001351246 0.0008157145 0.00176044 0.001544337 0.002264179 0.00253273 0.003809696 0.00403389 0.006829004 0.004366135 0.004997856 0.006380958 0.004143196 0.003781867 0.01058202 0.0123125 0.01521585 0.01627174 0.03023268 0.03394527 0.03370659 0.01879015 0.001537704 0.002255506 0.004835835 0.006140612 0.005394361 0.0100845 0.005943773 0.007455186 0.00463806 0.005635788 0.004476618 0.002960249 0.002669276 0.001430609 0.002162087 0.001413411 0.00174632 0.004340505 0.00854979 0.01454158 0.0278446 0.05847145 0.07748019 0.09109262 0.08499755 0.07515971 0.05977833 0.2118916 0.1165844 0.1113947
0.01298084 0.001315464 0.00265997 0.0006482349 0.0007759742 0.0006046057 0.0008772076 0.001910053 0.005818961 0.002078509 0.003034329 0.003036015 0.003651364 0.004455084 0.008681363 0.0105238 0.009930904 0.003902799 0.003084164 0.003802068 0.004170664 0.002301516 0.000592704 0.004740346 0.01052195 0.006013881 0.001092437 0.001008616 0.00123562 0.001512165 0.001414447 0.003344431 0.003878348 0.007262573 0.003369152 0.002325088 0.002330742 0.002179783 0.001889282 0.001266543 0.001481925 0.002155907 0.001633243 0.004428835 0.005999523 0.01021463 0.02677394 0.04721496 0.07263105 0.08772241 0.09655832 0.07407003 0.1701321 0.2177709 0.1287992 0.1528468
0.01321595 0.001661077 0.0002357305 0.0005775678 0.0007466185 0.0006848114 0.0007099341 0.0011887 0.001338229 0.001809011 0.002665825 0.002564296 0.00311436 0.003410467 0.006193913 0.005778512 0.003535147 0.004946498 0.01129659 0.003134842 0.006047687 0.0007952034 0.000391105 0.000777211 0.0001239536 0.007029278 0.0001502137 0.0008321637 0.000846367 0.00130253 0.001463233 0.002693822 0.002421296 0.001736045 0.001629485 0.001535895 0.001555348 0.001328655 0.001271986 0.001141502 0.001317141 0.003046326 0.001792916 0.005170008 0.007072826 0.008236243 0.02385352 0.03519809 0.06023869 0.09070014 0.09747431 0.266003 0.269723 0.2433895 0.2318157 0.16644
0.01217346 0.006280471 0.001100498 0.0006009009 0.0006027708 0.0005270588 0.0006976012 0.001049927 0.001278736 0.00167795 0.002367841 0.002265258 0.002679743 0.002880074 0.00400195 0.00305518 0.002926301 0.002821343 0.01080331 0.001910325 0.0006156166 0.00041514 0.0002828938 9.366971e-005 6.185377e-005 6.687285e-005 0.0001090452 0.0004212959 0.00171902 0.02223605 0.00827425 0.003341963 0.001293956 0.001283784 0.001315302 0.005211934 0.0284702 0.00126187 0.001213804 0.002427682 0.0008923828 0.002366175 0.002985671 0.005884381 0.007828419 0.01158292 0.0207185 0.02676483 0.04472452 0.06355283 0.09036005 0.291313 0.2810665 0.2688186 0.2078932 0.1564205
0.0392249 0.03528291 0.004379097 0.000374407 0.0004952523 0.0003260546 0.0009186659 0.001339745 0.0007225838 0.001184578 0.001013845 0.001696467 0.002021529 0.002159014 0.002140692 0.002413198 0.002368782 0.002131097 0.001688441 0.0007803799 0.0005014307 0.0002606194 0.0002252394 8.399617e-005 8.512461e-005 0 0 0.0004135983 0.0006830504 0.005540564 0.01161073 0.0007149798 0.0003844957 0.00114764 0.001994759 0.005479033 0.0610532 0.001769461 0.0008290663 0.001947732 0.001755784 0.002990258 0.004795093 0.01304861 0.01605073 0.02168486 0.02378683 0.02658364 0.03386544 0.04496204 0.1844544 0.2413921 0.2130227 0.1859858 0.1032826 0.1006452
0.0408316 0.0725874 0.001923071 0.001072041 0.002377923 0.0003332795 0.001536167 0.002781056 0.0008304458 0.0006904975 0.0008717187 0.001359682 0.001592503 0.001682851 0.00163516 0.001812079 0.001771396 0.001559578 0.001228672 0.000565954 0.0003304545 0.0001853466 0.0001383831 0 0.0002087976 4.709061e-005 0 4.952055e-005 0.0005330652 7.382518e-005 0.0005147522 0.0007162936 0.002503112 0.004860737 0.003603776 0.0003856227 0.0002026202 0.0003155287 0.0005616727 0.001813126 0.002447205 0.003578574 0.005066586 0.01289212 0.01773465 0.02079082 0.02122512 0.02866895 0.03793184 0.1078177 0.1495331 0.1973718 0.2072894 0.1796906 0.1119953 0.09685484
0.01672673 0.01832684 0.00414588 0.000766803 0.001285644 0.0003255397 0.001064986 0.001598876 0.0005683107 0.0005477069 0.0006671483 0.001081622 0.00124062 0.001285633 0.001235345 0.001343903 0.001275178 0.001122897 0.0008808944 0.0004016272 0.0002331304 0.00012895 9.217863e-005 7.074748e-005 0.001556046 0.002367996 0.001477501 0.0001116626 1.542535e-005 0.0001464163 0.002575382 0.00352849 0.0009546339 0.0006931381 5.933501e-005 0.0001167459 0.0001485654 0.0003626087 0.001586822 0.002325048 0.002891869 0.004210695 0.006313391 0.01482542 0.01834435 0.02099606 0.02224737 0.02547815 0.03699562 0.09505143 0.1499619 0.1791447 0.1726608 0.1601783 0.1119897 0.1088306
0.006030188 0.01139594 0.004913652 0.0007526604 0.002552703 0.0003021132 0.0003423359 0.000373573 0.00040089 0.0004610487 0.0005444249 0.0008661907 0.000978592 0.001005191 0.0009524723 0.001028534 0.0009601136 0.0008393425 0.0006539695 0.0003175072 0.0001689839 9.234271e-005 6.619833e-005 0 2.474758e-005 0.0001012296 2.559141e-005 7.819587e-006 1.10209e-005 3.955852e-005 0.001718333 1.769222e-005 0.0003398321 0.0007188876 0.0001774904 0.0001533565 0.0002036634 0.0004954194 0.001005489 0.002930425 0.004869838 0.004764635 0.007072269 0.01773481 0.01918083 0.02151057 0.0234675 0.02451221 0.08503348 0.1045903 0.1327259 0.1810619 0.1455942 0.1403261 0.1090333 0.1043952
0.004874167 0.002861247 0.003673756 0.004976519 0.00640808 0.003373707 0.001212976 0.0003331598 0.0003566813 0.0003933274 0.0004391485 0.0004663117 0.0005478782 0.0005166135 0.000478676 0.0004822109 0.0004381462 0.0003745353 0.0002870244 0 0 0 0 0.0004890462 0.01315768 0 2.72996e-005 2.941788e-005 0.000120109 0 0.000193318 0 0 0.0001387847 0 0.0001266701 0.000172383 0.0003938504 0.003391724 0.003305702 0.003783718 0.004300898 0.007397034 0.0163062 0.01818861 0.0177702 0.01810712 0.05989231 0.07704465 0.09309805 0.1280968 0.1649194 0.1360887 0.1385484 0.1027823 0.1060484
0.008581247 0.005436725 0.001552442 0.01614411 0.001475228 0.007770484 0.0002845347 0.0002793111 0.0002897633 0.0003002108 0.0003060406 0.0002982764 0.0003396716 0.0002921163 0.000256702 0.0003598393 0.0002002693 0.0001608966 0.0001216481 0 0 0 0 0 0 0 0 3.013289e-005 3.097221e-005 0 0 0 0 0 2.414404e-005 0.0001503422 0.000381985 0.0005422203 0.001204548 0.002989968 0.003859129 0.004909676 0.007205536 0.01557577 0.01638367 0.01856737 0.02303869 0.07371688 0.07614244 0.1006041 0.1318615 0.1778226 0.1241532 0.1175 0.09883063 0.105
0.01623991 0.01034872 0.001393751 0.001023657 0.001976367 0.006892547 0.0009781671 0.000228495 0.0002303236 0.0002247331 0.0002108691 0.0001882208 0.0001751849 0.0001549582 0.0001254371 0.0001018964 6.95401e-005 4.667818e-005 3.34887e-005 0 0 0 0 0 0 0 0 0 0 0 0 0 3.122223e-005 5.597982e-005 0.0009029124 0.0002362288 0.0005127245 0.0009139464 0.001861063 0.004231714 0.01969961 0.005726711 0.006727639 0.01745088 0.01638259 0.01817372 0.02333226 0.06691142 0.06382723 0.09014941 0.09914039 0.1233468 0.1028629 0.09415322 0.07919355 0.09770162
0.008256153 0.00990275 0.00190487 0.0002130403 0.0002075857 0.00329714 0.003124004 0.0002276664 0.0001761688 0.0001684357 0.000191033 0.0003701967 0.0001274791 0.0001118139 0.0001948655 0.000287979 0.0001819898 3.335471e-005 3.844497e-005 0.001013218 0 0.0002292297 0 0 0.001059655 0 0.0005368108 0 0 0 0 0 0 0 0 0.0003824059 0.0005292937 0.0008364437 0.001340933 0.003591819 0.004436157 0.005171558 0.008714215 0.01240755 0.0139298 0.01769226 0.01718373 0.05295295 0.05774772 0.05603266 0.06153057 0.08782259 0.09818548 0.06201613 0.06334677 0.06443548
0.001120968 4.838709e-005 8.064516e-006 0.002853396 0.0005623303 0.001181144 0.01651002 0.002316605 0.0001805896 4.043323e-005 5.862462e-005 0.0009340964 6.42888e-006 5.548132e-006 4.47063e-006 0.0001130669 0.0001418684 0 0 1.647727e-005 0 0.000376103 0 0 0 0 0.0001816472 0 0 0 0 0.0001888637 2.660288e-006 4.105148e-005 0.0001168308 0.001129083 0.00155534 0.002191685 0.003042007 0.008657058 0.01025396 0.01725527 0.01542061 0.01249837 0.01398457 0.01897807 0.02852561 0.0438768 0.07017055 0.06468118 0.0534119 0.07524195 0.06604839 0.04366935 0.04592742 0.06774193
