contrib/geomasonDemos/riftland/riftlandData/RainData/91.txt
ncols         56
nrows         54
xllcorner     28.264
yllcorner     -5.7719999999999
cellsize      0.25
NODATA_value  -9999
[rows 0 to 25 of 54, columns 0 to 55 of 56]
0.1866896 0.1891215 0.179335 0.1536196 0.1825782 0.164593 0.1806371 0.1482824 0.1243588 0.1163775 0.1112772 0.1264005 0.1630358 0.1590488 0.1493516 0.2140247 0.2290639 0.189979 0.2026109 0.195923 0.1167366 0.1665863 0.1192413 0.128319 0.1802394 0.1494433 0.124255 0.1084189 0.1333174 0.1892917 0.1936209 0.1619832 0.1513677 0.09953117 0.1330735 0.1329341 0.08122439 0.07779752 0.0338853 0.03381488 0.0418561 0.04964287 0.0303042 0.04655844 0.05737594 0.08832714 0.07412242 0.03829256 0.01601322 0.01031452 0.01022581 0.003991935 0.002685484 0 0 0
0.1752348 0.1650626 0.1523674 0.1710615 0.1827803 0.1911783 0.2010955 0.1326901 0.1266378 0.1207389 0.1309303 0.1235142 0.1658871 0.1794407 0.1639033 0.3393449 0.4596264 0.382204 0.2110505 0.1435777 0.1176688 0.2096372 0.102914 0.1345488 0.136591 0.1313211 0.1282691 0.1614137 0.149784 0.1436727 0.09546731 0.1247273 0.146624 0.1296847 0.1371094 0.1355857 0.09230873 0.05759163 0.02271408 0.02373498 0.03076679 0.04555577 0.04701383 0.05417057 0.07564975 0.06863077 0.04773747 0.02614096 0.01684253 0.008564516 0.004709677 0.00141129 0.0008145161 0 0 0
0.2367762 0.183578 0.1559994 0.2081473 0.1951713 0.2205857 0.237622 0.2017039 0.1667318 0.1463197 0.14094 0.09186951 0.1394449 0.1697836 0.1608067 0.3313191 0.3312645 0.2573898 0.2420401 0.1796756 0.1247017 0.1230473 0.09386666 0.1135994 0.1328815 0.1399277 0.1258849 0.1183653 0.1266799 0.1220924 0.1027643 0.11694 0.14904 0.1794889 0.1685221 0.1701242 0.0911151 0.0621928 0.04653186 0.02285522 0.03959963 0.0498722 0.05120821 0.04915825 0.05245024 0.04348084 0.03328393 0.0193128 0.01388928 0.008963997 0.002153226 0.0008145161 0.0008145161 0.0001048387 0 0
0.1821162 0.1259935 0.1165522 0.1555372 0.1310278 0.13183 0.1336302 0.1769715 0.1221702 0.1370279 0.1007495 0.08734116 0.1197035 0.17386 0.1531733 0.1627065 0.1634665 0.125963 0.1478353 0.2035878 0.1405953 0.2552449 0.1078655 0.1003303 0.114937 0.1058615 0.1099775 0.1295876 0.1282727 0.1002936 0.07685642 0.112876 0.1253352 0.1337601 0.1386614 0.1210181 0.08350537 0.0587072 0.06595953 0.04461204 0.05170615 0.05819387 0.05481695 0.03940867 0.03487743 0.01531873 0.02033336 0.007239813 0.001897857 0.002680233 0.001564228 0.001418517 0.002141216 0.000553717 0.000169443 0.0001768978
0.142987 0.0955295 0.079155 0.1083886 0.1091569 0.1028549 0.0878896 0.1076789 0.1090489 0.09160493 0.09565214 0.1534186 0.1209664 0.2196491 0.1287094 0.1690276 0.07825878 0.07017668 0.1122067 0.1535259 0.1540865 0.1483248 0.1133947 0.1268061 0.1202831 0.1255629 0.1113982 0.07991114 0.08007751 0.08154222 0.04439815 0.04650464 0.09488645 0.08601674 0.08582641 0.07277191 0.08511338 0.056165 0.0335348 0.04273148 0.06368479 0.05226599 0.07266719 0.03669389 0.01000921 0.007207127 0.007479655 0.0006265377 0.001496109 0.001481408 0.0001737761 0.002286613 0.0001633169 0.0001653937 0.0001693213 0.0001770139
0.08285465 0.07773647 0.08911878 0.1074979 0.08699537 0.08596076 0.1153937 0.0899291 0.07877187 0.08679835 0.0805195 0.09086367 0.09767352 0.1704598 0.08982818 0.1733405 0.08985543 0.05722307 0.08315753 0.09387568 0.1110503 0.1301545 0.09575669 0.08874436 0.1570001 0.1731931 0.1142335 0.08375891 0.09194311 0.07012605 0.04912821 0.05434102 0.05524154 0.07024524 0.06801403 0.08443855 0.05963372 0.04309016 0.03149405 0.02426457 0.02581942 0.01695924 0.01657124 0.01365407 0.009834974 0.01180638 0.006397103 0.001844486 0.008575309 0.003506284 0.0001776903 0.0005551251 0.0001685119 0.0005037659 0.0001739541 0.0001832015
0.08496193 0.08458637 0.1583851 0.09845483 0.09155504 0.07095962 0.09010532 0.07878949 0.08318766 0.07048944 0.08817048 0.1186451 0.1266242 0.082355 0.1175192 0.1083863 0.09052233 0.06801997 0.1189734 0.07122461 0.09189537 0.1057893 0.121132 0.1057939 0.1380397 0.1079284 0.1070642 0.06977625 0.06054043 0.04400957 0.03769345 0.04539068 0.06274899 0.04806093 0.02926654 0.03957137 0.0247601 0.02346632 0.02543807 0.02860222 0.01651395 0.02318176 0.01611417 0.006341114 0.005572313 0.003423924 0.01465843 0.008050112 0.007752078 0.001056739 0.0004052474 0.0003586779 0.0002458542 0.0005975981 0.0003969665 0.0001942013
0.0823012 0.08870801 0.0890638 0.08478478 0.05893409 0.04573438 0.06827514 0.07791424 0.1017067 0.08838847 0.1243125 0.1349248 0.1429902 0.1253026 0.1738319 0.1424371 0.07361001 0.09440561 0.1096378 0.0784504 0.07998463 0.1046143 0.17752 0.1186764 0.1363258 0.09547122 0.07484516 0.06146414 0.04214421 0.03250048 0.04269026 0.04130279 0.02927883 0.02286451 0.01839243 0.02232099 0.009617769 0.008641224 0.01530371 0.01584494 0.01411352 0.006755734 0.00850119 0.003421372 0.002305524 0.003269259 0.002924694 0.004407846 0.005091416 0.00190294 0.002367756 0.00162648 0.000886732 0.0001993714 0.0006296979 0.0004152783
0.08541869 0.08363865 0.07585161 0.08871867 0.0592145 0.06062633 0.05884968 0.06918431 0.07220343 0.05669764 0.09695192 0.1044999 0.1934211 0.1519734 0.1700231 0.1410414 0.1315473 0.1819132 0.1164806 0.1026787 0.0859158 0.1027627 0.1153714 0.1102292 0.09555967 0.08192734 0.05124965 0.04660487 0.03125938 0.02564534 0.03044338 0.03313703 0.01329124 0.01570097 0.008815623 0.009442871 0.008787655 0.0110834 0.0104451 0.008015563 0.00672739 0.005712446 0.005538146 0.001844781 0.002263366 0.001661452 0.0003425311 0.001606667 0.001089033 0.001731065 0.0002096739 0.001018484 0.001204882 0.0002099847 0.0003440382 0.0002288307
0.08803042 0.1042729 0.06945971 0.109562 0.09246819 0.07101282 0.05063213 0.1352435 0.1104469 0.06780297 0.06756327 0.09855924 0.1231465 0.1765325 0.1606181 0.15767 0.1593611 0.190828 0.1223231 0.1126186 0.1605501 0.1083309 0.1014101 0.07584883 0.0369724 0.0234825 0.02757748 0.02519233 0.02715097 0.02607003 0.02226963 0.01415142 0.008562914 0.007826149 0.003736793 0.006392841 0.01051265 0.01325084 0.009228175 0.001294798 0.001719897 0.003287279 0.003181396 0.001102996 0.001427673 0.001501322 0.0008693967 0.0014679 0.001100513 0.001913801 0.0007708315 0.0002101966 0.0002145579 0.0002201768 0.0002255895 0.0002335764
0.08580635 0.08901112 0.09691814 0.07975521 0.06321797 0.05537912 0.06555326 0.09738836 0.1064819 0.1008613 0.1026395 0.1336263 0.1335313 0.1467778 0.1286687 0.1463753 0.130661 0.1513561 0.09898541 0.08596571 0.07312177 0.05806326 0.0268381 0.01367353 0.01307586 0.01287549 0.01939907 0.02758061 0.0248385 0.03520528 0.02234773 0.004844498 0.008640381 0.01682147 0.009788579 0.00264966 0.007405251 0.01060392 0.005078523 0.001427352 0.0008147956 0.000354813 0.0001714488 0.0003316204 0.0005464979 0.000346324 0.0003544676 0.0001951759 0.0002010062 0.0007229636 0.0002131272 0.000219807 0.0002235754 0.0002299547 0.0002364612 0.0002434713
0.08157279 0.07488656 0.09447338 0.07121575 0.06546085 0.07972161 0.1417721 0.1101959 0.150619 0.1429141 0.1610293 0.1615817 0.1749566 0.1302723 0.1737715 0.1561424 0.1194435 0.1151884 0.1123401 0.100755 0.05412566 0.03408973 0.01766654 0.01119396 0.01933135 0.01345688 0.01996179 0.03401431 0.03310451 0.008602994 0.003211934 0.005799403 0.006104917 0.008924836 0.008322423 0.003350644 0.003032387 0.004848039 0.008717713 0.00348941 0.005830259 0.01207871 0.009184404 0.004582396 0.001180033 0.001212262 0.001255894 0.008038545 0.0005519856 0.0005725487 0.0007418123 0.0005101195 0.0004406998 0.0004542134 0.0005689693 0.0004814233
0.07858932 0.09256412 0.08183324 0.05527042 0.08192457 0.09941742 0.09024534 0.09957365 0.1313086 0.1435336 0.1270119 0.1585558 0.133735 0.1469529 0.2258409 0.2156733 0.1340818 0.09662396 0.116456 0.09897575 0.05966083 0.05127194 0.02441251 0.01716358 0.01665829 0.01503144 0.01733266 0.02320064 0.02410105 0.006105611 0.007648109 0.005075976 0.004618207 0.0009252419 0.001913512 0.005577842 0.00140407 0.004954643 0.007934407 0.006484242 0.001286121 0.005322791 0.005174766 0.0012868 0.003968393 0.003811747 0.003990217 0.007166996 0.004249927 0.004282588 0.0007711754 0.002973613 0.0004576881 0.0004705922 0.0005873052 0.0007241377
0.1065716 0.09640493 0.06066639 0.05427819 0.06322534 0.05254524 0.06532405 0.1015882 0.1270908 0.1166457 0.1326017 0.1506059 0.1163735 0.1274041 0.1988656 0.1691495 0.139684 0.1084188 0.1684473 0.1207466 0.06913275 0.06032799 0.01759506 0.01346442 0.01076384 0.008337039 0.01209898 0.02236059 0.01011394 0.004803861 0.00356016 0.001655669 0.0010447 0.001077322 0.001250133 0.004433351 0.002865351 0.003285093 0.003612865 0.01132703 0.001293964 0.001308154 0.001252773 0.001187936 0.001204921 0.001246905 0.001316324 0.0005613664 0.0005860131 0.0006120007 0.0006357393 0.000462465 0.0004760215 0.0004906412 0.0005065258 0.001181995
0.1098184 0.07459491 0.06010871 0.05178268 0.04750563 0.04009003 0.05790963 0.07074188 0.08922378 0.1600572 0.1356371 0.1482294 0.1187822 0.113792 0.140639 0.1127275 0.1051194 0.1095648 0.1204564 0.1273891 0.1163215 0.04013891 0.02515695 0.01748141 0.01318428 0.006698258 0.006503803 0.009650468 0.006453896 0.00316158 0.002306065 0.002328484 0.001199508 0.0007645142 0.001254406 0.000815613 0.002275046 0.001957742 0.00233588 0.007452151 0.006566612 0.001310279 0.001259496 0.005605679 0.001330501 0.001273796 0.001354432 0.0006480182 0.0006299836 0.0006391073 0.0006637199 0.0004836099 0.0004998151 0.001227909 0.0005279656 0.0006737844
0.09595852 0.07077168 0.06412678 0.05451325 0.03942859 0.05093397 0.09909341 0.1029537 0.1358654 0.1695834 0.1657867 0.1378036 0.09432117 0.07770276 0.06735057 0.09318 0.08716426 0.1009302 0.1066433 0.09806135 0.1080662 0.06104959 0.05585355 0.03316863 0.02499848 0.01281255 0.01011117 0.00779917 0.006009896 0.005067021 0.004091822 0.002511766 0.001388345 0.0008900819 0.0007330251 0.0007478952 0.0005283998 0.0004150654 0.004907454 0.001695403 0.001685203 0.006970448 0.005390355 0.002617399 0.001366523 0.001260241 0.001323696 0.001011766 0.0009079716 0.0008189302 0.0009916916 0.001091813 0.002056312 0.000959446 0.0013247 0.002407979
0.06836771 0.0910454 0.07382382 0.0542786 0.05286303 0.06544546 0.08929496 0.1143489 0.1119793 0.07763573 0.1079982 0.1063495 0.05150014 0.05780176 0.03886729 0.06863442 0.07198761 0.0643175 0.06095438 0.1002843 0.1037286 0.07297417 0.07307824 0.06409922 0.02259861 0.02042491 0.01547567 0.00979803 0.008865537 0.005625336 0.005072792 0.006717579 0.002918853 0.0009868147 0.0008058235 0.0008057721 0.0005481844 0.0004161529 0.0004171655 0.001275132 0.001678087 0.001675064 0.003871233 0.002703882 0.002646966 0.001949737 0.002030445 0.0008624723 0.0007442248 0.001530434 0.001033861 0.000715958 0.0008381609 0.001875071 0.001564697 0.002320743
0.06612103 0.1042945 0.09985004 0.069768 0.08593874 0.05785375 0.06957553 0.1113422 0.09039647 0.05394698 0.08615664 0.04068584 0.03154617 0.05033375 0.06208973 0.06083005 0.07179107 0.07935933 0.06953974 0.09843047 0.1093955 0.1019749 0.07628082 0.06549364 0.04414957 0.02221155 0.01387138 0.008772142 0.007636018 0.00646989 0.00495913 0.01143092 0.002802454 0.001144231 0.0009246803 0.000903768 0.0005817346 0.0004184504 0.0004205737 0.001697206 0.00676397 0.001714982 0.001737595 0.002701256 0.003252419 0.002788174 0.00208622 0.001362391 0.001584344 0.0008871774 0.0009118164 0.0007379559 0.0008542773 0.001187491 0.0007938154 0.0009417767
0.1055464 0.07498318 0.1106586 0.1049153 0.07592721 0.05875881 0.09530345 0.117286 0.06619553 0.06247005 0.06486714 0.03508862 0.03681107 0.05981321 0.07221729 0.063236 0.08040018 0.08046018 0.07506961 0.1133958 0.1170276 0.08802027 0.06453039 0.05935971 0.05331649 0.0281461 0.01763878 0.009458939 0.007565044 0.006670195 0.009204902 0.01032319 0.003501125 0.002657882 0.001081559 0.001035832 0.0006550875 0.0004227576 0.0004273297 0.002313975 0.003164097 0.003138563 0.002409406 0.003309098 0.003376251 0.002215921 0.00198275 0.001773627 0.004170266 0.001165173 0.0008925444 0.0006908559 0.0007697892 0.0006767357 0.0007282301 0.00150333
0.1054426 0.0982855 0.1074052 0.08953817 0.09932439 0.1239343 0.125144 0.1282269 0.09148058 0.1078409 0.08138326 0.0552532 0.06714682 0.09197367 0.09040687 0.09124932 0.07863954 0.1396096 0.1159912 0.1218799 0.1244896 0.06944077 0.05866009 0.05919443 0.05223342 0.02739891 0.01888921 0.01921516 0.01832294 0.01520147 0.01517069 0.00557258 0.01137994 0.002662907 0.004050591 0.003229659 0.002451217 0.001589848 0.001522501 0.001713335 0.001822761 0.00179277 0.002162127 0.002319281 0.003064597 0.00265436 0.002559474 0.003455424 0.003476147 0.003115682 0.002956117 0.001238044 0.001184834 0.002134138 0.002004852 0.001821423
0.09494902 0.07259766 0.08858278 0.08566386 0.07574771 0.07387263 0.08051154 0.1267221 0.1009202 0.1006411 0.06063494 0.06050204 0.07801408 0.0864848 0.09154345 0.09107903 0.1151094 0.1272453 0.1273039 0.107368 0.1002185 0.09481267 0.08091079 0.04989947 0.04650608 0.04226016 0.04021666 0.02620128 0.01163825 0.01043219 0.008607867 0.006077783 0.004278919 0.00480135 0.002774235 0.002283957 0.001543617 0.001668884 0.001698518 0.001758017 0.001896866 0.001935395 0.002199448 0.002685319 0.002411343 0.002729288 0.002675865 0.003647278 0.004401047 0.003828973 0.003699133 0.002000889 0.0009669747 0.001990918 0.0009914391 0.0009979795
0.0790209 0.0570498 0.05046228 0.05800479 0.04625657 0.04226935 0.04483131 0.07111893 0.06670582 0.06295575 0.06909977 0.06344733 0.06517537 0.07699416 0.1026665 0.08619162 0.1250496 0.1026811 0.1067162 0.1144809 0.1072859 0.09797147 0.1185352 0.09291264 0.05999615 0.05166705 0.04762453 0.04695834 0.01280119 0.01631084 0.01030034 0.006655672 0.005625987 0.008279395 0.003009957 0.002507637 0.001379604 0.0007927932 0.001254342 0.001935404 0.002070939 0.002432747 0.00241773 0.002698387 0.002677289 0.003651235 0.003810293 0.00381669 0.004071137 0.003960119 0.003815925 0.002698668 0.002441979 0.001143315 0.001047594 0.001030507
0.06977326 0.06217688 0.03052714 0.03161189 0.03941793 0.03646823 0.03678621 0.04643241 0.03833498 0.04435261 0.03376375 0.0526389 0.0376527 0.05189302 0.09164595 0.07672095 0.1125981 0.1071867 0.1055917 0.1130327 0.123002 0.1254853 0.1374422 0.1111411 0.08421547 0.08946114 0.05577499 0.05324034 0.02842549 0.01879276 0.01656039 0.01065325 0.005773735 0.01382179 0.006501304 0.003180832 0.001788213 0.001044214 0.001061636 0.001918067 0.003248125 0.002774737 0.00257214 0.003123549 0.003153011 0.003253742 0.003013191 0.00373913 0.00392988 0.00398099 0.003826047 0.002603021 0.006342851 0.001912532 0.002786809 0.001084173
0.05594612 0.05241857 0.04348527 0.03496828 0.04034637 0.05052287 0.05046048 0.04712784 0.05251774 0.02795926 0.04800588 0.05108617 0.04243875 0.05817038 0.1004145 0.07019049 0.07819719 0.1347022 0.1061094 0.1039468 0.1267757 0.1171488 0.1295756 0.1256774 0.1590533 0.1815379 0.1017974 0.06946068 0.05661619 0.04006305 0.04303073 0.01422057 0.01481114 0.02211217 0.011607 0.004837859 0.002782856 0.001630843 0.001541527 0.002221332 0.002287948 0.002280279 0.00237431 0.002507068 0.00261408 0.002672653 0.002762288 0.003417841 0.003474886 0.003536199 0.003258914 0.00166254 0.001599459 0.001590933 0.001095808 0.001759388
0.04580189 0.0405717 0.02755417 0.03311009 0.03890132 0.04364252 0.04976284 0.04392274 0.04242458 0.03228856 0.03794118 0.05744098 0.07420667 0.09236515 0.08428229 0.08199911 0.07285061 0.08117167 0.1540392 0.08115194 0.06188759 0.09087341 0.1300536 0.1357944 0.1405495 0.1479641 0.1013911 0.08986843 0.06810647 0.05999368 0.07342808 0.06701917 0.03430539 0.03452023 0.02070693 0.01090101 0.003166737 0.001926836 0.001794872 0.002581087 0.002445666 0.002539906 0.002547777 0.002682782 0.002828161 0.002865181 0.00294205 0.003510906 0.003647547 0.003696057 0.003600943 0.004692598 0.00445383 0.00171306 0.001170906 0.002791757
0.05337727 0.04388821 0.02667055 0.02894768 0.04111916 0.04790077 0.04415394 0.03097598 0.03042756 0.05255506 0.0331449 0.05575908 0.05983299 0.06807685 0.05962259 0.08115162 0.05091282 0.06203434 0.04797773 0.05213873 0.05195348 0.1154872 0.1350705 0.1787757 0.16592 0.1361351 0.08745936 0.1210781 0.1036474 0.09219518 0.0831504 0.08105058 0.05488542 0.0394677 0.02271892 0.01559272 0.004838143 0.002476131 0.002320482 0.003336212 0.003029424 0.00298968 0.002952295 0.003046895 0.002969778 0.003004672 0.008507937 0.006187095 0.00369875 0.003695413 0.005026265 0.007380906 0.005092605 0.005933877 0.009129319 0.00910638
