contrib/geomasonDemos/riftland/riftlandData/RainData/92.txt
ncols         56
nrows         54
xllcorner     28.264
yllcorner     -5.7719999999999
cellsize      0.25
NODATA_value  -9999
[rows 25 to 49 of 54, columns 0 to 55 of 56]
0.1109185 0.08795567 0.1078097 0.07521067 0.1291506 0.1433925 0.1317669 0.1751308 0.1418222 0.1196885 0.07207967 0.08559276 0.1722863 0.1711199 0.1493677 0.1080863 0.08079804 0.07590527 0.04714763 0.07488296 0.109737 0.1617825 0.1254548 0.1622451 0.1801603 0.1643588 0.1570417 0.1494303 0.1643099 0.140815 0.1160801 0.06611764 0.07670138 0.07497692 0.03348197 0.009626001 0.007884705 0.004010902 0.001160015 0.002487485 0.002257238 0.001967868 0.001594368 0.002146053 0.003051098 0.003559841 0.005579813 0.005867546 0.005300461 0.005117437 0.004932273 0.005817941 0.005165966 0.01182636 0.03202882 0.003373519
0.09601296 0.05175724 0.06088298 0.1146354 0.1069551 0.1843728 0.1799849 0.1397837 0.1447243 0.1181848 0.1179825 0.2274605 0.1600616 0.1364683 0.2431361 0.1271564 0.1341099 0.1105993 0.09873758 0.1246082 0.1454879 0.1413508 0.1570087 0.1646605 0.1777019 0.162315 0.1671517 0.2238257 0.217932 0.158747 0.1289375 0.08611786 0.09055129 0.09743548 0.03000373 0.01066337 0.008694265 0.006642447 0.002595267 0.004126472 0.003747633 0.003229971 0.002548838 0.003660623 0.003654864 0.004010888 0.005167073 0.005828233 0.005599347 0.005394937 0.005231878 0.0294213 0.01846394 0.007089636 0.02841371 0.004010934
0.1017927 0.07478505 0.1031386 0.1391807 0.160296 0.1722371 0.1244717 0.1004446 0.1129823 0.1011146 0.1218695 0.1264033 0.1143796 0.09696802 0.1198641 0.1205986 0.1416293 0.1912248 0.1621709 0.1773418 0.1075145 0.1015373 0.106015 0.1457215 0.1568663 0.1645416 0.1643103 0.2026851 0.2108944 0.1838258 0.1706626 0.1400168 0.109282 0.08585206 0.05828155 0.03005096 0.01467774 0.009288702 0.008484452 0.007132499 0.006470903 0.007640712 0.004359013 0.003502281 0.004749573 0.006329093 0.006165235 0.005564355 0.005685278 0.005471557 0.00606598 0.009644641 0.01063373 0.02831545 0.03560231 0.01126861
0.1311458 0.1370754 0.1429948 0.1626847 0.1363787 0.1359022 0.1331317 0.1169638 0.1160288 0.1276828 0.1392969 0.1421734 0.1464946 0.1349738 0.1130526 0.116791 0.1119674 0.1555816 0.2100392 0.2414888 0.1306331 0.1170955 0.08073401 0.1328623 0.1427168 0.1500905 0.1684394 0.2088462 0.2053153 0.1995229 0.1993185 0.1666478 0.1315095 0.08978041 0.06362937 0.02667837 0.01959502 0.0120236 0.01082787 0.009041879 0.00840575 0.007031946 0.005483293 0.004083212 0.004826206 0.007312763 0.007911256 0.005757172 0.005837418 0.005642167 0.008239677 0.01908486 0.03109283 0.02777379 0.02149597 0.006977521
0.1673911 0.1649348 0.1952546 0.151591 0.1376813 0.1422882 0.1086706 0.08681659 0.09787343 0.1051247 0.1264225 0.1069296 0.1130925 0.1252179 0.08594118 0.101258 0.09682904 0.1262967 0.1330463 0.1722233 0.100504 0.07617906 0.05730239 0.1216911 0.1479813 0.1614545 0.1900509 0.2184775 0.2356968 0.2113454 0.1839373 0.1482729 0.1334606 0.100031 0.07352357 0.04821466 0.02415265 0.01708954 0.02061687 0.01286996 0.01191479 0.01086373 0.007681128 0.005019099 0.004801643 0.005911331 0.006524659 0.005930046 0.006040215 0.006477599 0.007659434 0.009408019 0.01576372 0.03813303 0.0297334 0.01068723
0.1514667 0.1585107 0.218013 0.124354 0.09913731 0.07245129 0.06555444 0.08063547 0.115272 0.1177545 0.1085246 0.1104723 0.1269682 0.1459827 0.07662906 0.07969598 0.0864526 0.1118782 0.08000327 0.06178603 0.05876986 0.05673486 0.04887427 0.09458162 0.1194729 0.1542998 0.1865457 0.2207911 0.2678714 0.2240397 0.1620197 0.1707027 0.1507385 0.1084494 0.1004237 0.06867915 0.0437951 0.02747284 0.02285749 0.01847249 0.01667983 0.0141202 0.01091469 0.006633878 0.006239954 0.005118343 0.005669484 0.006454746 0.00652181 0.006307191 0.008270849 0.008796571 0.009102334 0.01251049 0.01199631 0.01075102
0.1875567 0.2047967 0.1801793 0.1120395 0.07609132 0.07866212 0.05277319 0.1038822 0.1306845 0.109361 0.1066953 0.1166091 0.1377947 0.09401541 0.07041829 0.07721576 0.07138193 0.07328621 0.06448605 0.04694842 0.0911863 0.07460573 0.06246368 0.0767011 0.07922375 0.1093259 0.1175217 0.1783427 0.2185909 0.2377454 0.1754851 0.1380857 0.1139851 0.1082757 0.07468563 0.105875 0.09628853 0.07879928 0.06928016 0.03378744 0.03041031 0.02558957 0.01997494 0.006709785 0.005996978 0.005172729 0.005650403 0.00702861 0.007094784 0.006907483 0.007730391 0.01077888 0.01131095 0.01338549 0.008986771 0.01472412
0.2183717 0.2567072 0.1707587 0.1143183 0.09773911 0.06817663 0.07178829 0.1228303 0.1210788 0.09654661 0.08831757 0.08716425 0.111602 0.05759807 0.04307116 0.06001975 0.06541789 0.05953315 0.08240875 0.04748769 0.04591856 0.0375055 0.06266716 0.06637125 0.08009449 0.0922813 0.1314485 0.2097082 0.2485179 0.239262 0.1974783 0.09777437 0.08220931 0.08316582 0.05713686 0.08926176 0.09816261 0.09413205 0.08586321 0.04136816 0.03727555 0.03125056 0.02456653 0.007959888 0.006724968 0.005603939 0.00606877 0.007559895 0.007680229 0.007458431 0.008322742 0.01031398 0.01083606 0.01227031 0.006810998 0.008399916
0.3160222 0.2905471 0.1715308 0.136005 0.117841 0.05799295 0.07883813 0.08272863 0.07249915 0.06108782 0.05761722 0.06305102 0.08179066 0.07941896 0.04862605 0.05175504 0.05606894 0.0746774 0.07901308 0.04532818 0.0398014 0.04340381 0.06814209 0.06428505 0.08302012 0.1210504 0.1639941 0.2026845 0.210868 0.202573 0.1762932 0.08400357 0.06264365 0.05334738 0.05084473 0.08299293 0.09470082 0.09515284 0.08694801 0.04226339 0.03778756 0.03191331 0.02542371 0.008439424 0.006941562 0.006100494 0.006682666 0.008294503 0.008506499 0.008489105 0.009038729 0.01080533 0.01127681 0.009275509 0.007483029 0.01153718
0.3082797 0.2189746 0.153099 0.1546971 0.1383483 0.1014742 0.08247974 0.06919715 0.06273935 0.05105925 0.04913453 0.05211572 0.04659404 0.05544788 0.03868897 0.0544227 0.06707194 0.06203469 0.05473777 0.05085638 0.05354051 0.05986365 0.04108598 0.06110124 0.09516621 0.1632242 0.163651 0.1771093 0.1221682 0.1052279 0.08366448 0.05746389 0.05582986 0.03361219 0.03782045 0.06757106 0.07742719 0.0787985 0.07242383 0.0359348 0.03223268 0.02746176 0.02270943 0.008260316 0.007178333 0.006721329 0.007386333 0.009166457 0.009753904 0.009488675 0.009966719 0.011433 0.01182799 0.01049155 0.009036824 0.01031736
0.2261588 0.1702976 0.136453 0.1566424 0.1579672 0.103957 0.08869973 0.07915075 0.07397956 0.0703937 0.06217513 0.04892533 0.04755631 0.04049907 0.03902793 0.1001523 0.08737037 0.1184613 0.05569939 0.04739858 0.05774346 0.04924594 0.04155274 0.04480472 0.07369668 0.1467358 0.1877856 0.1486462 0.07726835 0.03247258 0.01565258 0.01201263 0.008238688 0.008740209 0.009982732 0.03384791 0.03954197 0.0410918 0.03824503 0.02398085 0.02203191 0.01902393 0.01671318 0.009087671 0.009003545 0.009108707 0.01054087 0.01081334 0.01114614 0.01158437 0.01155424 0.01332242 0.0126677 0.01040824 0.01151431 0.0126186
0.2561317 0.1388061 0.08576031 0.1035649 0.1052676 0.08620433 0.0796859 0.07311928 0.07406007 0.04915125 0.04776497 0.04579831 0.04332309 0.03850264 0.05039049 0.06579768 0.08557128 0.106666 0.07445438 0.04164482 0.04343569 0.04493883 0.03547398 0.04942567 0.0881805 0.1734655 0.1629066 0.134371 0.05426964 0.040382 0.0157854 0.00688517 0.006106125 0.007005593 0.006685575 0.02313759 0.02866639 0.03026268 0.02871774 0.01857344 0.01746805 0.01542639 0.01450307 0.008919556 0.00947977 0.009613557 0.0107817 0.01314576 0.01309096 0.01290083 0.01201454 0.01265015 0.01714579 0.01202044 0.009773341 0.01066095
0.2574945 0.1477216 0.08051825 0.07135816 0.08079831 0.08300351 0.08646127 0.07912959 0.06419444 0.04361664 0.04428653 0.04783086 0.04348094 0.02135991 0.05420786 0.0406319 0.04195265 0.06566105 0.03897483 0.01605912 0.02572612 0.03198692 0.02785371 0.04154009 0.0825087 0.1196962 0.1344211 0.1060291 0.07789748 0.06466483 0.04511065 0.005455256 0.002515902 0.002953256 0.00430032 0.01717955 0.02123208 0.02275259 0.02181186 0.01433288 0.01362145 0.01232631 0.01280352 0.009585491 0.01043259 0.01089972 0.01164271 0.01456506 0.0138063 0.01555034 0.01312432 0.02069788 0.02336704 0.01704101 0.01254438 0.004318485
0.3521022 0.1823363 0.04347076 0.05916339 0.06561165 0.08540624 0.08450595 0.06440139 0.04907626 0.04314639 0.05547192 0.03341826 0.02444847 0.01850121 0.02502005 0.0455994 0.03987275 0.04313481 0.02299381 0.0209743 0.03391522 0.01815426 0.02923474 0.07211225 0.1334049 0.10581 0.06799406 0.06598049 0.06276164 0.03696855 0.01833978 0.003922758 0.003514715 0.003806443 0.004625121 0.01588556 0.01819 0.01858708 0.01748412 0.01138456 0.010568 0.009781094 0.01115382 0.008866282 0.0107212 0.01217216 0.01721047 0.01710903 0.01776067 0.01506914 0.01807283 0.01814758 0.01944257 0.01434804 0.009486669 0.004860508
0.2400331 0.1087482 0.05779447 0.05375649 0.0695605 0.0751173 0.07565375 0.05852465 0.05094912 0.05437128 0.06228735 0.03840268 0.02485499 0.0334293 0.04599131 0.05938404 0.03892411 0.02457413 0.05245669 0.03977218 0.03858728 0.04507438 0.0478228 0.04827115 0.1353193 0.1357695 0.09289399 0.05803631 0.02546006 0.03150042 0.003979008 0.01175807 0.0094285 0.009631203 0.009583303 0.008079566 0.008225797 0.007938558 0.007361384 0.003275948 0.003069221 0.002906903 0.004310496 0.01317387 0.014936 0.01627587 0.01595195 0.0196887 0.02293592 0.03370763 0.01955557 0.0181869 0.01910772 0.0124078 0.008819353 0.02055257
0.1455639 0.112092 0.0346974 0.05745191 0.06088272 0.05262388 0.05047021 0.06064631 0.05821601 0.05150506 0.04544497 0.03028152 0.03260544 0.03936933 0.03960495 0.04375232 0.04030505 0.07244532 0.0802208 0.02845812 0.02439351 0.01998673 0.01968703 0.01872966 0.0366068 0.06788825 0.05980898 0.03876629 0.03617043 0.02278015 0.0126261 0.01794032 0.01234087 0.01196154 0.01002689 0.00739957 0.00645158 0.00556724 0.004768305 0.002017655 0.002388915 0.001542407 0.003643919 0.01335692 0.01453906 0.01634455 0.01724839 0.02252094 0.02666749 0.02249573 0.0169848 0.01838571 0.01177391 0.009171277 0.008641283 0.008403149
0.1332849 0.05353077 0.02126833 0.04111739 0.04783954 0.05338894 0.05272579 0.05251842 0.06150006 0.05253807 0.04781187 0.03203161 0.04572386 0.03459719 0.04083974 0.04116018 0.08542372 0.09799156 0.03965715 0.06668939 0.01992049 0.02562913 0.02218744 0.01135331 0.03415559 0.03267467 0.0303917 0.0197394 0.0138091 0.0138747 0.01246084 0.01644273 0.01788503 0.01290221 0.01149152 0.007979343 0.006518925 0.005240607 0.004172123 0.002094673 0.001426751 0.001405416 0.004647299 0.0111908 0.01468809 0.01691814 0.0174691 0.03023133 0.01853901 0.01830038 0.02873207 0.009228845 0.01302122 0.01060069 0.0141673 0.01084178
0.1288462 0.07927191 0.03776098 0.03623086 0.04217857 0.0522016 0.05612414 0.04838361 0.04315371 0.03705521 0.03411125 0.01461071 0.01814836 0.03312803 0.03614425 0.04241377 0.04662188 0.02461725 0.03369254 0.0315087 0.01519264 0.02639055 0.02357087 0.01107398 0.01552168 0.01155279 0.0178472 0.01310044 0.01149728 0.02171072 0.0142646 0.01600576 0.01545208 0.01482188 0.01462821 0.01495667 0.05601478 0.007034013 0.005532976 0.003673597 0.001565044 0.001751204 0.005035093 0.0137921 0.01506997 0.01766033 0.02619633 0.01916769 0.01883424 0.02438601 0.03262446 0.0144854 0.008914343 0.01118979 0.01659337 0.009865316
0.1864161 0.1202991 0.05474557 0.01844939 0.01545998 0.02441495 0.03584284 0.03740063 0.01907922 0.01554337 0.01415825 0.04642686 0.03845752 0.01042666 0.01424223 0.01571823 0.03260209 0.01406835 0.007726932 0.01440839 0.006414811 0.01154966 0.022745 0.01242529 0.006447869 0.00838174 0.01183682 0.01379403 0.0149086 0.02661064 0.01836037 0.01994837 0.02208292 0.02012344 0.0181818 0.02183138 0.1501678 0.01440325 0.009320698 0.004638226 0.006041807 0.005542721 0.006120481 0.01269898 0.01534366 0.01770628 0.01868448 0.02193975 0.02312262 0.03471528 0.01388418 0.01773653 0.00935879 0.01337584 0.01225415 0.01387097
0.1562912 0.1126984 0.04678672 0.01632698 0.0128962 0.01609867 0.01609854 0.01354218 0.01927051 0.01283738 0.01138138 0.03131997 0.0401457 0.02038629 0.008426891 0.007949185 0.01814588 0.01970524 0.007734778 0.005406575 0.00530729 0.005277472 0.005358474 0.006398048 0.006459282 0.007038773 0.01360107 0.01101943 0.01234887 0.01348023 0.01741345 0.02351414 0.02362486 0.02440846 0.01967014 0.01970383 0.01761914 0.01555675 0.01104899 0.004619403 0.002710465 0.003307632 0.006103555 0.01375494 0.01582248 0.01900365 0.01906933 0.02148516 0.02095765 0.01263696 0.01204163 0.01140955 0.008356327 0.01726116 0.01143625 0.005967742
0.1548307 0.1052683 0.03455081 0.007346472 0.007339365 0.01455293 0.00881566 0.008345988 0.01271574 0.01004294 0.008769884 0.01696752 0.01702131 0.01030745 0.01018689 0.006502044 0.00576647 0.005354941 0.007619433 0.005583239 0.004698354 0.004740732 0.004878358 0.005898457 0.006050273 0.0065819 0.007490979 0.01096817 0.01188216 0.01514605 0.03821299 0.02221952 0.02284107 0.02084327 0.01944636 0.01894166 0.01716975 0.01585871 0.01210606 0.004593345 0.003665183 0.004987701 0.007611711 0.01424254 0.01687161 0.02145726 0.02219531 0.02524263 0.03061802 0.01261041 0.01439121 0.01343952 0.007984499 0.008578829 0.005481369 0.004435483
0.0635352 0.04952342 0.017783 0.005617982 0.01438056 0.02097724 0.005881148 0.007107062 0.007488161 0.008367719 0.007572658 0.01865418 0.01978758 0.01095884 0.005087244 0.005055663 0.004883299 0.004629097 0.004188478 0.009908084 0.003765357 0.00380772 0.003927402 0.004735956 0.004859177 0.005701647 0.006282995 0.01017398 0.01406473 0.01483748 0.0126433 0.01900095 0.0199738 0.01965307 0.01870277 0.01818557 0.01719288 0.01637319 0.01281384 0.004927688 0.005197554 0.006699931 0.008989993 0.01624431 0.01833069 0.02067081 0.02462945 0.03746103 0.02254968 0.01321143 0.01584418 0.01144462 0.01680319 0.01083529 0.005327888 0.002782258
0.02505489 0.01197575 0.006953562 0.004770247 0.00492786 0.006895937 0.005250886 0.004908308 0.005603513 0.00647496 0.005297373 0.005002032 0.009237163 0.001891152 0.002845147 0.01002485 0.003917703 0.003379686 0.003374528 0.003767306 0.00397058 0.00373171 0.003839195 0.001807174 0.005170339 0.002899725 0.003486286 0.006498461 0.006415438 0.007031283 0.007540355 0.009156913 0.009767816 0.009918977 0.009657061 0.01049693 0.01016345 0.009316379 0.008006611 0.00567073 0.007109649 0.009164846 0.01165702 0.02144432 0.01809598 0.01736388 0.04854994 0.01656229 0.01828112 0.01991687 0.01984182 0.006129032 0.008145161 0.007137096 0.005604838 0.007782257
0.006098698 0.003969345 0.001344773 0.003362748 0.002661735 0.002615926 0.002681246 0.003950598 0.003382913 0.004120098 0.003433702 0.001305106 0.009004464 0.001293984 0.0007525001 0.006297722 0.003503195 0.002643472 0.002004219 0.0022238 0.002285275 0.002309408 0.002375917 0.001281986 0.00116307 0.001436959 0.001928293 0.004421184 0.005242961 0.005808836 0.006563179 0.0082104 0.009002309 0.009344358 0.0092244 0.01026755 0.01024844 0.009944023 0.009260969 0.007123704 0.01289116 0.01075289 0.01390284 0.02366807 0.01660629 0.018928 0.02904211 0.02327976 0.02325262 0.01586622 0.01462675 0.001774193 0.00483871 0.002056452 0.0002822581 0.009999999
0.01620207 0.006110988 0.001951548 0.001862807 0.001583705 0.002544079 0.002315255 0.002057389 0.001504107 0.002075227 0.002010829 0.0002365421 0.002775416 0.0009427262 0.00139956 0.001601332 0.000996749 0.00104624 0.001104211 0.001386881 0.001695399 0.001442199 0.001427466 0.00136753 0.0007031581 0.0009455543 0.001394452 0.003250579 0.003957586 0.004747314 0.005450386 0.00702305 0.00781757 0.008247295 0.008687623 0.01000645 0.01033252 0.01032907 0.01007426 0.01880169 0.0353136 0.01262604 0.01382019 0.01655094 0.01742384 0.02733799 0.0393902 0.02392245 0.02101064 0.01720074 0.02043 0.003548387 0.006774193 0.007620967 0.006491935 0.02177419
