contrib/geomasonDemos/riftland/riftlandData/RainData/92.txt
ncols         56
nrows         54
xllcorner     28.264
yllcorner     -5.7719999999999
cellsize      0.25
NODATA_value  -9999
[rows 0 to 24 of 54, columns 0 to 55 of 56]
0.1185543 0.10275 0.1057088 0.1317804 0.1125198 0.09587295 0.1333769 0.09560772 0.08871938 0.142405 0.164216 0.2104447 0.1645471 0.1568663 0.1230967 0.1131426 0.1456853 0.1866596 0.123191 0.1385809 0.1209365 0.1020749 0.1119865 0.1388846 0.1587365 0.1469406 0.1265731 0.1085506 0.1589514 0.1475515 0.1248634 0.1394571 0.2095613 0.2050616 0.114806 0.1442965 0.1053093 0.07416289 0.06530359 0.06117133 0.06642288 0.02666734 0.0312748 0.05830134 0.08855273 0.08169201 0.07336098 0.03509323 0.02094734 0.016864 0.007316243 0.0004724202 0 0 0.0001743285 0
0.1134916 0.1012452 0.1189518 0.1361989 0.1354726 0.1263321 0.06702932 0.07723983 0.1261179 0.1345246 0.1781557 0.1993413 0.1476886 0.1183668 0.1521937 0.1246924 0.1429781 0.1769285 0.1535289 0.1150342 0.1304935 0.1321863 0.1428571 0.1672746 0.1649186 0.1495851 0.1317509 0.1255518 0.1316753 0.09396131 0.1050358 0.1118771 0.0840251 0.1033201 0.1042802 0.09847482 0.09034256 0.08231294 0.04825487 0.03344997 0.02964833 0.02638371 0.06711376 0.08132099 0.05195124 0.04753993 0.03554558 0.01856643 0.02030146 0.01491826 0.01250291 0 0.0004743783 0.0001663756 1.499722e-005 0
0.1213383 0.1268178 0.1373948 0.112336 0.1499726 0.1781134 0.1158288 0.08012512 0.07361223 0.09610986 0.1191194 0.09280943 0.1328764 0.1716663 0.1663154 0.1455988 0.1790649 0.1743842 0.1195582 0.1110658 0.110991 0.1291701 0.156717 0.1998284 0.1615189 0.1578781 0.114348 0.09890085 0.1185923 0.136385 0.09820124 0.09283275 0.06903509 0.07341719 0.07480624 0.08180599 0.06714676 0.05718116 0.02328651 0.01608907 0.03054785 0.02716966 0.06027219 0.06110543 0.03930888 0.03066956 0.04451848 0.03261118 0.01548657 0.009471143 0.002393594 0.0009798048 0 0 0 0
0.1224705 0.1457083 0.105628 0.1204173 0.1524364 0.1473155 0.1002662 0.06580133 0.0572599 0.07266743 0.08798309 0.06420865 0.06592793 0.08154888 0.07649126 0.1254828 0.1483801 0.1645709 0.1429452 0.1285605 0.1208782 0.110268 0.1321166 0.1530657 0.1151412 0.06126072 0.07190379 0.1489068 0.1675157 0.09616365 0.09622783 0.06372137 0.06159028 0.05637112 0.08680315 0.08009528 0.05763828 0.03940654 0.01323361 0.007229902 0.02004157 0.02511879 0.04496311 0.07624334 0.06393179 0.01809814 0.02127425 0.009688671 0.002835232 0.004496824 0.0005415953 0.0004428454 0.0003528001 0.000266235 0.000268761 0.0002647811
0.141535 0.1630295 0.09442057 0.08093489 0.1112895 0.1123725 0.06445473 0.05490715 0.08856594 0.08426002 0.102213 0.04789916 0.04184558 0.05946703 0.06430553 0.09812085 0.1423739 0.1469736 0.1523455 0.1200117 0.113201 0.1127827 0.09915791 0.1077206 0.08144373 0.06482276 0.05170365 0.1036252 0.09085594 0.0590743 0.05055209 0.04534995 0.05740878 0.07194219 0.08398853 0.07067188 0.07037155 0.04017807 0.009376409 0.00954031 0.01487006 0.03667753 0.04303795 0.03143611 0.03009024 0.00652671 0.003125683 0.0004839092 0.0003423151 0.0001817439 0.0001964553 0.0002344076 0.0002508041 0.0002650881 0.0002683783 0.0002808768
0.1958897 0.1531646 0.1045859 0.06690631 0.05931443 0.0835066 0.07210017 0.06740461 0.06418557 0.05103771 0.04459757 0.0372957 0.04079005 0.04411498 0.06401287 0.1018714 0.119811 0.1463449 0.1391359 0.1168329 0.1090945 0.1147285 0.09169306 0.1137925 0.0874088 0.05340158 0.05471833 0.0829282 0.07941407 0.0614635 0.02906795 0.03518861 0.04419734 0.04871038 0.05310434 0.0563848 0.04975925 0.02480768 0.006899552 0.01278711 0.02272522 0.04468611 0.0334584 0.0252501 0.005546761 0.001028115 0.003831409 0.004516444 0.01081541 0.0001739849 0.000189556 0.0002262428 0.000242745 0.0002518414 0.0002560501 0.0002534388
0.1457269 0.1437171 0.09799652 0.06577314 0.06637475 0.07318877 0.07266038 0.1183764 0.08079187 0.06931521 0.0683358 0.07230922 0.07459914 0.06306615 0.06383354 0.073688 0.07789011 0.09194696 0.1058549 0.1010991 0.1194877 0.1148921 0.09501513 0.07870265 0.06362038 0.04912464 0.05227834 0.05929482 0.03279854 0.02263208 0.03686283 0.0275128 0.04516275 0.05657314 0.02196749 0.02834471 0.03382953 0.01469014 0.007416891 0.0148772 0.02781884 0.03045985 0.02473479 0.01114628 0.00207559 0.001615647 0.002425055 0.004648086 0.003653368 0.000165785 0.0001769479 0.0002072159 0.0002184164 0.0002252037 0.0002292252 0.0002271168
0.1593595 0.1157613 0.1311926 0.07266678 0.08063128 0.1409624 0.1093668 0.1637849 0.1085659 0.09004842 0.07087709 0.06068187 0.05691636 0.06911688 0.09237958 0.07930245 0.07624479 0.08028986 0.08255755 0.1186685 0.1316161 0.1250399 0.1029615 0.1332411 0.08626466 0.05627577 0.04613426 0.03603065 0.03365854 0.0295163 0.03410695 0.04068682 0.03264319 0.02800287 0.00943213 0.01184068 0.01130963 0.008741437 0.0126273 0.009859181 0.01030425 0.008832561 0.007013158 0.009092596 0.007511825 0.003707955 0.00274125 0.003730199 0.001270516 0.0001555182 0.0001621376 0.0001599177 0.0001650819 0.0001692762 0.0001721769 0.0001788403
0.09695956 0.1302565 0.102437 0.06366681 0.106825 0.145985 0.1509305 0.1067393 0.1029277 0.1189671 0.07950188 0.03949654 0.04060636 0.07313219 0.09947426 0.1328281 0.1135758 0.07550954 0.07732924 0.1127673 0.1022931 0.0792537 0.07841617 0.1447459 0.04554962 0.03984053 0.06288179 0.07680731 0.02947775 0.0240731 0.03256071 0.03413461 0.02546874 0.01929363 0.00884043 0.01991149 0.01750043 0.005112301 0.004195872 0.002747574 0.002036769 0.003018188 0.00349222 0.004099908 0.005871326 0.0006690288 0.0002796813 0.001324849 0.0001462854 0.0001476784 0.0001495008 0.0001442635 0.0001454143 0.0001471817 0.0001499947 0.0001557584
0.07884979 0.07997741 0.09586001 0.1070379 0.1292596 0.1804177 0.1845812 0.1701126 0.1861571 0.1713302 0.09635011 0.05226294 0.04854689 0.07021157 0.09671572 0.1316883 0.08850899 0.0615392 0.07090904 0.07414826 0.07866003 0.06035426 0.07593336 0.142559 0.0578088 0.04634686 0.05468469 0.09402822 0.03600053 0.01547511 0.02683492 0.02177569 0.02187456 0.01177075 0.004177213 0.0129211 0.0164303 0.006934744 0.0009828445 0.002027255 0.002960761 0.0002824992 0.00185665 0.002264475 0.0002754341 0.0008333485 0.000278657 0.0001441794 0.0001455412 0.0001447031 0.0001439921 0.0001363459 0.0001548564 0.0001356323 0.0001377889 0.0001426595
0.061721 0.04987684 0.07823812 0.1190711 0.1608121 0.2294196 0.2033944 0.1325254 0.1355044 0.1114524 0.116759 0.06287853 0.05604647 0.05853279 0.07492282 0.1019493 0.08523934 0.04680238 0.0465902 0.06371132 0.07925294 0.06329583 0.0568497 0.08304718 0.1061355 0.08173487 0.03762126 0.04152972 0.01789664 0.005182999 0.006501928 0.01374271 0.02233104 0.02133621 0.01024281 0.00141977 0.003681581 0.003670727 0.002234618 0.0002455226 0.004177806 0.0008832017 0.0004520646 0.003329441 0.0002808385 0.000297675 0.0002834442 0.0001473555 0.0003471912 0.0008817049 0.0001460153 0.0001373995 0.0001576515 0.0001355495 0.0001358682 0.0001394574
0.05321021 0.04009585 0.0695463 0.08880961 0.1078648 0.1634138 0.1443665 0.1428105 0.1480789 0.1534109 0.1756416 0.1049356 0.07707974 0.0383823 0.05299659 0.06942308 0.06974979 0.05019591 0.05989432 0.08726356 0.07958779 0.07667547 0.08449042 0.08529394 0.08949426 0.05111821 0.03051101 0.009816428 0.002888344 0.0006589459 0.002426333 0.01985557 0.01033739 0.008293218 0.0007504015 0.001116427 0.002873767 0.002621907 0.0008339812 0.001313456 0.00204899 0.002395547 0.001083553 0.0010061 0.001021599 0.001027022 0.001030105 0.0004274548 0.0004287147 0.0004266572 0.0004221453 0.0002887278 0.0002837586 0.0002818953 0.0002788543 0.0002733851
0.05609656 0.06509199 0.06048235 0.08360827 0.1224527 0.1704559 0.1938249 0.1635089 0.09666006 0.1249391 0.1485584 0.1173717 0.05074022 0.02672562 0.03709146 0.09112651 0.06590632 0.05404238 0.07194292 0.08128528 0.1070242 0.07256565 0.03984611 0.04774746 0.08263326 0.03165389 0.0242756 0.01064219 0.001280628 0.0002853501 0.003594788 0.02356996 0.02281365 0.002047976 0.001004267 0.0002796586 0.002380852 0.007207064 0.001039751 0.001301818 0.001863211 0.001415864 0.001102924 0.001024292 0.001038973 0.001042477 0.001045813 0.0004355198 0.0004368873 0.0004340453 0.0004261099 0.0002896604 0.0002854037 0.0002810761 0.0002755157 0.0002676043
0.07784133 0.08124273 0.0685333 0.09130273 0.1460063 0.1622449 0.1901253 0.1617936 0.1228098 0.0780969 0.08782741 0.08289051 0.06468565 0.03169886 0.06418362 0.1089468 0.1374667 0.057965 0.07374939 0.05730158 0.0905769 0.0406411 0.03577494 0.04470402 0.03846982 0.02284789 0.01547356 0.0005952636 4.303187e-005 0.001320369 0.0004835094 8.942273e-005 0.004388199 0.0001196897 0.0001671369 0.001666629 0.002451266 0.001740584 0.000425014 0.0009615385 0.001353381 0.001097114 0.00110786 0.001047361 0.001044238 0.001047835 0.001048582 0.0004346992 0.000436799 0.0004320508 0.000424037 0.0002875917 0.0002820436 0.0002773883 0.0002706493 0.0002616253
0.08448665 0.07822224 0.06603585 0.1171175 0.1816949 0.1798196 0.1261988 0.1259312 0.1343395 0.1134805 0.101741 0.06949365 0.07108553 0.04698844 0.08059791 0.1363909 0.1069581 0.1218124 0.1297937 0.0612777 0.06069322 0.05559306 0.03257084 0.03760895 0.01593294 0.01265682 0.009846843 0.001578463 6.417844e-005 3.467341e-005 3.308229e-005 0.001760222 0.005560762 0.0001150124 0.0001616092 0.0002867373 0.00128509 0.001333827 0.0004190297 0.0009549778 0.001042604 0.001094063 0.001106659 0.001026039 0.001039003 0.00104156 0.001038431 0.0004276766 0.0004266299 0.0004215418 0.0004132827 0.0002793939 0.0002742808 0.0002690146 0.0002630625 0.0002548507
0.08508401 0.08868183 0.07051127 0.1265083 0.1378098 0.1704526 0.1540142 0.1864302 0.1605035 0.1700193 0.200228 0.1349207 0.1084777 0.1127425 0.1386486 0.1618069 0.1672637 0.1940003 0.1154689 0.07479868 0.09168985 0.09080491 0.03246068 0.03826579 0.02182273 0.009202429 0.004323715 0.0002307995 0.0001187321 0.0002636292 0.0004615394 0.001999791 0.001026951 6.918252e-005 9.869132e-005 0.0002821546 0.001267729 0.001988197 0.000453362 0.00101792 0.001114102 0.001171208 0.001185058 0.001053464 0.001062193 0.001062131 0.001058107 0.0004152095 0.0004119489 0.000406532 0.0003972967 0.0002693927 0.0002641372 0.000257786 0.0002526409 0.0002491557
0.1118586 0.1262072 0.1065397 0.1236491 0.1214299 0.1091344 0.1327255 0.1670076 0.1441775 0.152567 0.1657078 0.2545387 0.1397506 0.1249255 0.1661408 0.0909819 0.07159164 0.09035236 0.04975113 0.07238571 0.06347851 0.0741004 0.04701717 0.04083207 0.02330596 0.008995288 0.00273601 0.0002925766 0.0002373444 0.0003820439 0.004513263 0.001036954 5.872716e-005 6.632035e-005 9.523477e-005 0.0002741632 0.0003362783 0.0003957643 0.0004467563 0.001007827 0.001105787 0.001166204 0.00118362 0.001049492 0.001058441 0.001057286 0.001061177 0.0004082553 0.0004027613 0.0003952754 0.0003866321 0.0002612813 0.0002569628 0.0002500775 0.0002456307 0.0002417343
0.1234189 0.1210691 0.1408572 0.163065 0.1377134 0.1324954 0.1009278 0.1114087 0.1789566 0.1666538 0.1377294 0.1639706 0.1213732 0.1192856 0.1326623 0.08274449 0.08163518 0.1424921 0.09972049 0.06884138 0.09330928 0.1070723 0.05047372 0.03579534 0.01199357 0.006350396 0.007493429 0.0008274876 0.0007255907 0.0005752073 0.0002887001 0.002643179 0.0006912429 0.0003200728 0.0002494355 0.000345526 0.0003541185 0.0003839959 0.0004322841 0.0009752027 0.001071139 0.001125807 0.001141318 0.001015158 0.001024079 0.001020687 0.001006519 0.0003934746 0.0003866684 0.000380879 0.0003721792 0.0002518091 0.0002479357 0.000242535 0.0002372884 0.0002326151
0.1151065 0.1375437 0.1067602 0.1490677 0.1618977 0.1363842 0.09668119 0.08334783 0.1443966 0.1964579 0.1500402 0.09982912 0.1540993 0.1855813 0.2087162 0.1908043 0.09529421 0.1159865 0.177408 0.111148 0.1143267 0.1571218 0.06372537 0.05373606 0.02949098 0.03311313 0.02042262 0.001538886 0.001188569 0.0009651036 0.0007287257 0.002238399 0.002710289 0.0005382661 0.000502544 0.0004960602 0.0003998007 0.0003695797 0.0004124517 0.0009201868 0.001006751 0.0010531 0.001067944 0.000950281 0.0009603678 0.0009583726 0.0009457635 0.0003715608 0.0003652489 0.0003601147 0.0003539054 0.0002414209 0.0002371049 0.0002325079 0.0002286485 0.0002233648
0.1012546 0.1254838 0.1238402 0.1350142 0.1806475 0.2132066 0.09415793 0.07952259 0.1382574 0.1744439 0.1923882 0.09695819 0.1347532 0.2103007 0.2838469 0.1535323 0.1314848 0.1243723 0.1934703 0.2195028 0.1746576 0.1237256 0.0901086 0.07550013 0.06641892 0.02894506 0.01349573 0.01443094 0.01173445 0.007338576 0.004982336 0.003564986 0.007643949 0.002213824 0.0009865934 0.0004496175 0.0003068525 0.0002662404 0.0002714307 0.0007606795 0.0008236825 0.0008620157 0.0008734151 0.0009173521 0.0009276562 0.0009284519 0.0009196051 0.001141324 0.0009044362 0.0008952722 0.0008820746 0.0005304996 0.0003985394 0.0003116122 0.0003066957 0.0002914109
0.08619659 0.112432 0.126988 0.09781168 0.1913737 0.1835651 0.1289636 0.1134505 0.214699 0.1962409 0.1426773 0.0702566 0.1007052 0.1419962 0.1691632 0.1436221 0.1438896 0.105067 0.129167 0.2136415 0.1446429 0.1006504 0.09631682 0.08726008 0.06084527 0.03849852 0.01579444 0.01689672 0.0107231 0.009852669 0.009511092 0.00358437 0.003593541 0.004183283 0.0008208541 0.0005529209 0.0003383182 0.0002386712 0.0002583372 0.0007153042 0.0007652986 0.0007962161 0.0008091886 0.0008493748 0.0008604565 0.0008626342 0.0008535319 0.0016726 0.002285507 0.002194037 0.002257071 0.002415012 0.002073064 0.001602689 0.001125137 0.000821399
0.09982529 0.1076597 0.1075195 0.1838552 0.1622847 0.1784288 0.1495558 0.1245924 0.1543103 0.1595775 0.1123762 0.05701718 0.07924373 0.09649615 0.1351604 0.1226104 0.1384157 0.1215039 0.1256368 0.1783601 0.1881607 0.1017137 0.08079471 0.06857482 0.06894561 0.1086583 0.02781771 0.02124839 0.0160778 0.01271322 0.01473679 0.008276501 0.005818797 0.002991363 0.002260725 0.001418019 0.0006890945 0.0003166625 0.0003231075 0.0008464983 0.0008639829 0.0008596577 0.0008413614 0.0008478638 0.000827838 0.001173775 0.002155836 0.00304249 0.003508411 0.00338286 0.00335646 0.003835281 0.003383501 0.002844306 0.002238444 0.001698983
0.08381134 0.1059981 0.08594178 0.1544077 0.1436752 0.1555591 0.09558661 0.06884229 0.06660292 0.08126092 0.03187514 0.06562622 0.08417085 0.1061848 0.1140933 0.09628104 0.104606 0.1460343 0.1471387 0.2479792 0.2287744 0.1248093 0.08331912 0.09675209 0.09681495 0.07571831 0.05418422 0.03757219 0.02644956 0.02463961 0.0269371 0.01825646 0.01005887 0.006516002 0.004768845 0.002973433 0.001345315 0.0004803879 0.0004653943 0.001153799 0.001115878 0.001053513 0.000970672 0.0009150987 0.001447041 0.002149212 0.003048195 0.003870677 0.004268804 0.004143325 0.004069687 0.004805121 0.004283802 0.00364293 0.002950466 0.002311895
0.1172755 0.1225077 0.07546646 0.1353418 0.1417938 0.137803 0.08716722 0.06195153 0.07176868 0.05056814 0.04562186 0.07109989 0.09256568 0.1275414 0.06439326 0.1046593 0.111603 0.1000625 0.1831299 0.1286304 0.1937898 0.1161985 0.1023488 0.1190153 0.1236993 0.1193252 0.1274166 0.116124 0.08694861 0.06673241 0.06222208 0.02554398 0.02039078 0.01760088 0.01459594 0.004263296 0.001875484 0.0006366154 0.0005586869 0.001246766 0.001502296 0.001067586 0.0009410538 0.002310688 0.005024858 0.0038523 0.003465605 0.004380876 0.00478086 0.004592265 0.004452366 0.005298558 0.004729713 0.004252253 0.003658484 0.00318834
0.1357571 0.1316976 0.11954 0.1122377 0.1048814 0.09225284 0.1092861 0.1130535 0.1000241 0.1549778 0.07296937 0.04289035 0.1196919 0.1636541 0.1450243 0.100647 0.08722611 0.06842283 0.06918637 0.0831617 0.1511275 0.1283495 0.1143689 0.1264118 0.1224573 0.1276463 0.1350257 0.1250162 0.1347042 0.1143516 0.09163212 0.03866021 0.03895617 0.03628908 0.02279226 0.005497056 0.002414809 0.0007400452 0.0006892047 0.001504263 0.001384518 0.001232795 0.001051111 0.002027464 0.002815249 0.003436748 0.003922638 0.00477696 0.005082258 0.00495555 0.004767864 0.005732149 0.005101462 0.004606028 0.003567426 0.002854599
