contrib/geomasonDemos/riftland/riftlandData/RainData/96.txt
ncols         56
nrows         54
xllcorner     28.264
yllcorner     -5.7719999999999
cellsize      0.25
NODATA_value  -9999
[rows 26 to 51 of 54, columns 0 to 55 of 56]
0.03849374 0.02707472 0.02699446 0.02776205 0.03307266 0.07965674 0.07838301 0.05791182 0.03537173 0.02430247 0.01981513 0.02220731 0.03486686 0.03053311 0.03014908 0.03046351 0.04028887 0.04080751 0.0243905 0.02346038 0.01739438 0.006822869 0.01286795 0.03071199 0.04866021 0.04854839 0.0284377 0.0316111 0.05058294 0.03811596 0.01483092 0.01566778 0.004559475 0.004547028 0.005242172 0.01005618 0.01084725 0.01091384 0.01028344 0.008862652 0.008289185 0.007237135 0.006993889 0.002692951 0.0009337036 0.001090007 0.00557909 0.0004300603 0.0003331995 0.0002781266 0.0002641187 0.0001090608 0.0001035835 0.0009450019 0.003672987 0.002372738
0.02204835 0.03192067 0.03877869 0.05234284 0.05402241 0.08673805 0.05365323 0.07035337 0.05625743 0.03645013 0.02785471 0.04068254 0.04483881 0.04579853 0.03428258 0.04676288 0.03335069 0.05871107 0.03683571 0.03244989 0.02318075 0.03723847 0.05921219 0.03041948 0.0374441 0.03245812 0.02485307 0.01287394 0.01038851 0.01345982 0.02148971 0.01479327 0.01499871 0.01664831 0.01840655 0.0226217 0.02451432 0.02491351 0.02364871 0.01552535 0.01469297 0.01341796 0.01016372 0.004827108 0.009132058 0.002004068 0.00989084 0.001191704 0.0009403306 0.0007889721 0.0007354987 0.0003091872 0.0002518446 0.0007142029 0.001032901 0.002521568
0.03243018 0.0644509 0.06132064 0.05267665 0.06159403 0.05665948 0.04299927 0.04181661 0.04641811 0.03848926 0.0317567 0.04366622 0.04303971 0.03964509 0.05314338 0.06035368 0.04467421 0.05799893 0.04630059 0.04446742 0.03238464 0.04498672 0.05780149 0.02113571 0.04175869 0.0363555 0.03288485 0.01678697 0.01365406 0.01613522 0.02074322 0.02871618 0.0174838 0.01934806 0.02149305 0.02652462 0.02884742 0.0293967 0.02805773 0.01948714 0.01795567 0.01677475 0.01226638 0.005050852 0.01628443 0.003145256 0.002727653 0.001527771 0.001213383 0.001022783 0.001613696 0.002398474 0.001651175 0.001524649 0.001423068 0.002631151
0.07589205 0.1049152 0.06372583 0.05842164 0.04978593 0.03135729 0.04466898 0.03118337 0.06210038 0.04038341 0.04036491 0.03951043 0.04196592 0.03350926 0.03360822 0.03715101 0.05123341 0.03637148 0.03764555 0.01971778 0.009334769 0.02252219 0.02561988 0.01263639 0.02311824 0.03195849 0.0623548 0.02502935 0.0142975 0.0135595 0.01541329 0.01808725 0.01776188 0.01967234 0.0216089 0.02651719 0.03413363 0.03570845 0.0356674 0.018674 0.01840443 0.01710326 0.01391166 0.005280691 0.004351045 0.00258941 0.0018972 0.001743651 0.001420745 0.00126185 0.003802585 0.002780851 0.0009978181 0.00134986 0.008582716 0.004780178
0.1182695 0.1089456 0.09242218 0.04248552 0.04105943 0.02155142 0.0230166 0.0272802 0.04324904 0.02600248 0.01986798 0.04691564 0.03806724 0.05642569 0.04879093 0.03140433 0.02664078 0.02866062 0.05204418 0.02039463 0.01977174 0.02150703 0.0100663 0.01927215 0.01365672 0.03980757 0.07916752 0.0545905 0.02495504 0.01802417 0.01702709 0.01980284 0.0167223 0.01800299 0.01983892 0.02293128 0.02924963 0.02975771 0.02527309 0.01751327 0.01612567 0.01407842 0.01193627 0.006296745 0.003134217 0.001996591 0.00176456 0.001840781 0.00156096 0.004457089 0.006234657 0.00361711 0.0008530472 0.007283288 0.006956992 0.003758186
0.1247386 0.08346316 0.08787817 0.04998714 0.01723722 0.009430422 0.01089089 0.02718967 0.03405345 0.02299051 0.02508471 0.04590135 0.04223589 0.03676367 0.02657776 0.02531117 0.02316877 0.04051701 0.03617006 0.01179364 0.02362478 0.02052442 0.01624871 0.01339941 0.0248824 0.03604838 0.04262714 0.04946798 0.02784688 0.02360711 0.01750313 0.01570903 0.01453539 0.02212445 0.02083072 0.03290945 0.05506192 0.02047045 0.02415415 0.01679916 0.01167167 0.01065261 0.008816211 0.005083828 0.005822099 0.007348122 0.003230602 0.002323724 0.00572759 0.009049708 0.007080649 0.0145617 0.005167594 0.0004579844 0.00172229 0.0003426518
0.09717037 0.06732731 0.04929091 0.03927904 0.01365166 0.009857925 0.01084069 0.01889049 0.02254324 0.01806563 0.02763044 0.04147683 0.05484427 0.03844477 0.02847462 0.03477257 0.03864395 0.06046191 0.07455827 0.02416284 0.01208284 0.01337239 0.01968651 0.0217314 0.03044684 0.03837173 0.05118049 0.0493898 0.04224243 0.03627864 0.02918498 0.02980006 0.02569634 0.0210328 0.02201671 0.02156263 0.02362209 0.01712634 0.01806984 0.01582835 0.01361643 0.01031058 0.01416137 0.007754659 0.01071921 0.01148394 0.02820742 0.02419923 0.02007399 0.005694586 0.01332994 0.001301292 0.0008968969 0.001642655 0.0004305408 0.0003529771
0.1030058 0.0818233 0.03824383 0.02057549 0.02237971 0.0153053 0.03369403 0.0235742 0.02805275 0.02315204 0.03118286 0.0387277 0.04882198 0.03791999 0.03485662 0.0443927 0.05754628 0.06653088 0.07068887 0.03271714 0.02408394 0.01806268 0.01503011 0.02557989 0.02695133 0.0499782 0.06727462 0.05470918 0.0473029 0.04021035 0.02325495 0.02490541 0.02285517 0.0169208 0.01249987 0.008856225 0.01123846 0.01045747 0.0116469 0.01717773 0.01618464 0.01748373 0.02720706 0.01018046 0.006132365 0.01656543 0.03931359 0.04325387 0.02568041 0.005787285 0.001694407 0.001262705 0.007848867 0.006846827 0.001434528 0.001390847
0.08883695 0.05847211 0.02854815 0.02265853 0.02027564 0.02192166 0.01660188 0.04661723 0.02645393 0.03483903 0.03503406 0.04177994 0.05223514 0.0449494 0.04784631 0.06398112 0.09101711 0.105812 0.07992995 0.03190519 0.02700783 0.03456989 0.02370414 0.03725812 0.06292702 0.09286527 0.07610515 0.06787319 0.06166545 0.06839173 0.04207249 0.02085883 0.03826161 0.01070957 0.008660903 0.007190718 0.006814511 0.006900826 0.0075559 0.01025651 0.007110412 0.01151354 0.01632161 0.006761186 0.003853004 0.003664318 0.008705555 0.02386564 0.006040979 0.00988696 0.01045525 0.008488179 0.003320832 0.0174405 0.003242294 0.0002374344
0.1325054 0.07457244 0.0333483 0.04321107 0.03214357 0.04322813 0.03665238 0.03516522 0.03260479 0.05060805 0.04017914 0.03996319 0.04615059 0.04474483 0.06614534 0.07254062 0.1114193 0.1085108 0.08845221 0.04469093 0.03855418 0.02949231 0.02945825 0.05286217 0.09384315 0.1076532 0.084157 0.06550174 0.04743763 0.01160645 0.003709804 0.006792309 0.004439316 0.005846964 0.005701101 0.005686848 0.006701682 0.002720995 0.002279628 0.01530422 0.003805462 0.01965517 0.002922408 0.002039715 0.001613793 0.001288559 0.00111967 0.001285601 0.006398923 0.01534357 0.01066516 0.02397922 0.0226387 0.004579628 0.0003720395 0.0001784949
0.1495315 0.09743781 0.04790653 0.04630827 0.03728652 0.0321431 0.0330922 0.03622847 0.03025747 0.03046088 0.03487379 0.03330533 0.04218888 0.04462873 0.08462632 0.1100107 0.1205053 0.1193846 0.07976296 0.04914574 0.0461813 0.03676279 0.03583883 0.08285171 0.1074223 0.1093585 0.08945203 0.06282739 0.02262858 0.01680135 0.004656626 0.008132574 0.002677154 0.005216673 0.01243858 0.003215284 0.003918155 0.008643869 0.002917291 0.01120012 0.0040467 0.003064667 0.006791573 0.00166323 0.001471946 0.001279867 0.001076056 0.005359907 0.001085877 0.000709015 0.02222632 0.03278228 0.02837027 0.001164448 0.0002953971 0.0001463037
0.1423814 0.09879297 0.04974747 0.03470269 0.03885975 0.03352977 0.03546147 0.03353705 0.03511464 0.0360436 0.03845797 0.04841609 0.04421906 0.03538458 0.07187899 0.1118118 0.1497176 0.1349373 0.08028086 0.04347307 0.06134447 0.05942614 0.04412812 0.06022223 0.09649154 0.08946236 0.07306269 0.0612433 0.0443108 0.03448287 0.02776783 0.01142354 0.002452348 0.002830182 0.001845651 0.001381933 0.003940464 0.003436778 0.002001451 0.002825352 0.004544981 0.01063585 0.01274256 0.001962162 0.005899506 0.02173 0.1147534 0.02726801 0.0009681607 0.007985391 0.04009311 0.05251566 0.002767269 0.000286594 0.000272773 0.0001349018
0.1318846 0.0993175 0.05192818 0.04123014 0.04555439 0.03982775 0.0286342 0.02595892 0.03215136 0.03386682 0.03167672 0.03542965 0.03679334 0.05007978 0.04535073 0.0879017 0.1260174 0.126907 0.0939647 0.06983422 0.06508604 0.05566906 0.06086101 0.08515271 0.0961028 0.0733365 0.04860931 0.06049093 0.0324011 0.01932199 0.02276542 0.01286793 0.003237295 0.0032801 0.003899641 0.003151044 0.002061222 0.00438353 0.009092749 0.01695316 0.01685452 0.0243609 0.01795443 0.02001139 0.007624854 0.02218716 0.01747363 0.06933253 0.03611543 0.01610556 0.01639484 0.01980276 0.0041935 0.0003323604 0.0003292576 0.0001439171
0.1296845 0.08260112 0.03436847 0.04366589 0.04211517 0.03935984 0.04118624 0.03269469 0.03955305 0.03815702 0.03282905 0.0265323 0.04529686 0.05394948 0.05080392 0.05559628 0.1023213 0.102538 0.07347293 0.06956337 0.07808618 0.05984873 0.06922044 0.07144613 0.05678992 0.08074438 0.04187208 0.01100374 0.02035576 0.02770603 0.0131223 0.02637891 0.0063446 0.003915185 0.01035989 0.004263152 0.006761694 0.01023514 0.02355558 0.04418895 0.03709018 0.03826482 0.009488125 0.00736921 0.006640514 0.04734826 0.102763 0.1238625 0.06233793 0.04925146 0.00114817 0.001267667 0.008789835 0.0004139941 0.0003679516 0.0001325534
0.151926 0.06372123 0.02843477 0.04155804 0.03810665 0.03395447 0.02998049 0.027255 0.03235874 0.04579993 0.03961824 0.03324689 0.0535464 0.06029055 0.044991 0.06546854 0.06632522 0.07237365 0.08972333 0.07212318 0.0706917 0.0694362 0.07358737 0.09704519 0.1439766 0.08296514 0.04226125 0.009152077 0.01182095 0.01343916 0.004451871 0.00700976 0.01084296 0.01654856 0.006816717 0.005109409 0.007523738 0.01302542 0.02085056 0.03164402 0.02932997 0.01690071 0.01147916 0.008863277 0.01348549 0.06305496 0.08176127 0.132388 0.0645907 0.0298655 0.008480349 0.006314568 0.0005967152 0.0004644929 0.0004030325 0.0001403559
0.1394745 0.06759908 0.03812371 0.05602833 0.05258617 0.03230523 0.03922636 0.03815321 0.04180659 0.05123137 0.04887538 0.0480426 0.05118812 0.04069648 0.04776901 0.0739776 0.08190929 0.08383626 0.07066035 0.07689552 0.07605982 0.08314035 0.08169951 0.109221 0.07933231 0.05686457 0.03985367 0.02340191 0.02421194 0.012702 0.01791263 0.01354932 0.004611623 0.004419465 0.005171555 0.005798179 0.00622304 0.02003252 0.03398693 0.03067718 0.02466086 0.0195455 0.01758296 0.009982347 0.009125064 0.03548951 0.05263819 0.0578082 0.003572676 0.003287729 0.01234005 0.001091033 0.0008030147 0.0006156038 0.0005297718 0.000182069
0.09790363 0.05602168 0.04441312 0.05072627 0.06720197 0.03760348 0.05148446 0.04561609 0.04872921 0.0557306 0.06160195 0.06739213 0.06360368 0.05361255 0.05489046 0.09207755 0.08374339 0.07807311 0.09191765 0.09061445 0.08178063 0.07459617 0.05171926 0.03818649 0.0338794 0.02685317 0.05663167 0.06145678 0.07327349 0.05589266 0.04058525 0.02209879 0.005092966 0.0103625 0.005319536 0.02159362 0.03469429 0.01906644 0.01387961 0.02556271 0.06083084 0.04799429 0.01420599 0.04169787 0.03423935 0.0616257 0.057244 0.00546624 0.004946518 0.004714385 0.004394941 0.001569048 0.001135213 0.0008590306 0.0007413744 0.0002573162
0.1413693 0.06633759 0.02997059 0.02556564 0.04150873 0.04953821 0.07670965 0.08572383 0.1146089 0.08095045 0.06860162 0.08006871 0.07836156 0.0866844 0.08332691 0.08347098 0.06837691 0.05398836 0.06959844 0.08017018 0.1078716 0.05386337 0.04907732 0.04322787 0.05992327 0.06516772 0.0547285 0.1092689 0.1658129 0.08104133 0.015142 0.006920392 0.006252728 0.01977967 0.01328852 0.03233191 0.1543429 0.02252101 0.01411167 0.01602006 0.07147616 0.04859139 0.01198687 0.013941 0.04089901 0.05465011 0.04437046 0.03162001 0.007609108 0.007160843 0.003602369 0.001043761 0.0007575842 0.0005706473 0.000495378 0
0.1835001 0.08777419 0.0270951 0.02423535 0.02841496 0.04830849 0.09488373 0.08651084 0.08660094 0.07766295 0.04976816 0.04310137 0.05906051 0.06965511 0.08755302 0.08527 0.08507565 0.06976399 0.06835819 0.09156072 0.09772353 0.06289455 0.03626518 0.03287113 0.0673556 0.09009586 0.06688213 0.0332134 0.02453721 0.01466413 0.02148448 0.008843938 0.02757372 0.02096142 0.01143549 0.01779325 0.01174814 0.01059407 0.009886398 0.01185416 0.08469652 0.04355099 0.03835494 0.03170469 0.05474432 0.0371679 0.01702046 0.009186745 0.008648499 0.00531414 0.004440482 0.001564623 0.0009203317 0.0006945465 0.0006066096 0
0.1656565 0.08934941 0.04269642 0.03184157 0.04081973 0.05117847 0.07876598 0.08339266 0.09548742 0.0780522 0.06877067 0.08338891 0.07189506 0.08240546 0.08413507 0.06998177 0.07497674 0.07387455 0.05815584 0.07242996 0.09080311 0.06037215 0.02780097 0.05189034 0.05513396 0.06315824 0.03919226 0.03884618 0.03021448 0.02119441 0.04886344 0.018134 0.009758034 0.007276371 0.007651691 0.01044375 0.008734464 0.01808824 0.01442864 0.01549385 0.03075806 0.01599152 0.02303765 0.05948373 0.05784624 0.04127601 0.01451492 0.01040911 0.01013926 0.006577312 0.005681118 0.001773198 0.001253936 0.000803444 0.0008065738 0.0004032258
0.1561429 0.1003818 0.07710591 0.05843861 0.05190004 0.05171508 0.08351348 0.1121637 0.1422763 0.09890509 0.09734452 0.09711869 0.08196083 0.1061344 0.1460426 0.1127555 0.08489691 0.06205518 0.04522957 0.1009333 0.06239938 0.03883771 0.02849801 0.03907431 0.04476404 0.07306649 0.08242871 0.06414918 0.03933757 0.01750025 0.02808608 0.01962177 0.01679156 0.01361847 0.01305173 0.01352654 0.009268135 0.01295301 0.0139006 0.01692562 0.01747375 0.02922079 0.04334586 0.06534357 0.03746776 0.02454142 0.01693307 0.01252147 0.01097125 0.008125735 0.007091965 0.002144148 0.001724766 0.0008018881 0.000803444 0
0.09592486 0.09987549 0.09480257 0.08162139 0.07350443 0.05011242 0.0664083 0.1036285 0.1307056 0.07728414 0.09749408 0.08781423 0.0796624 0.0841876 0.1311908 0.130018 0.0984477 0.07940656 0.0756822 0.1058668 0.06918789 0.05708224 0.05097479 0.04218712 0.09034575 0.0786777 0.09769733 0.1255218 0.1147194 0.06605855 0.03462737 0.01219137 0.01784899 0.01402196 0.03046403 0.01161678 0.009276877 0.00422962 0.01259645 0.04187762 0.03049231 0.03630762 0.03997517 0.142858 0.0214013 0.01352238 0.01406799 0.01024316 0.01603642 0.009508526 0.01541153 0 0 0 0 0.006814516
0.108825 0.08237095 0.06406 0.05869462 0.05891842 0.04276308 0.06298698 0.0941681 0.07535587 0.06900986 0.09011614 0.06496941 0.05662391 0.07794236 0.1229583 0.1111785 0.1104171 0.1109501 0.1104661 0.09358378 0.06835797 0.06491955 0.0570361 0.091158 0.06294176 0.06674425 0.07007406 0.1129775 0.07711811 0.08045749 0.04416152 0.01305944 0.007707453 0.04556205 0.05765726 0.01513778 0.01198093 0.02012905 0.04235664 0.03375292 0.1104274 0.07276758 0.02535488 0.0622185 0.03553654 0.01520861 0.01559668 0.01307046 0.01270506 0.01267342 0.009222082 0.001693548 0.0006451613 4.032258e-005 0.002137097 0.003185484
0.1031889 0.06404955 0.05328141 0.06235366 0.05009499 0.04061092 0.07260349 0.1108568 0.0895396 0.09103639 0.1118682 0.06020291 0.06487613 0.07108623 0.09518887 0.09623294 0.09970597 0.105374 0.1081644 0.09965145 0.09049544 0.07145733 0.06100654 0.0508234 0.03279875 0.03791675 0.06326228 0.08521754 0.04830409 0.03186019 0.02566712 0.03231369 0.00910643 0.06663267 0.04637548 0.01369933 0.01126351 0.03396474 0.02792929 0.02953057 0.0784006 0.03426817 0.02384097 0.03383718 0.04181511 0.03351601 0.02659353 0.01340481 0.01445625 0.01463329 0.01421972 0 0 0.0001209677 0 8.064516e-005
0.09593952 0.08314177 0.09214386 0.09958401 0.07478495 0.05606262 0.05334156 0.07024536 0.0808394 0.06780022 0.09203781 0.09083353 0.09288266 0.09087508 0.09120711 0.1052596 0.1338088 0.1408146 0.1097958 0.09105747 0.09335605 0.08227097 0.05467077 0.06696098 0.05036699 0.0707467 0.09209861 0.108986 0.05884175 0.03262527 0.03540532 0.0183605 0.1032232 0.05427726 0.07247289 0.01444656 0.009925032 0.01903512 0.04897506 0.07354774 0.08829849 0.08184633 0.06400704 0.01952012 0.02871888 0.04560005 0.03452642 0.01988659 0.01616413 0.0154208 0.0224134 0.005564516 0 8.064516e-005 4.032258e-005 0.002943548
0.1253884 0.1026016 0.1093073 0.06989609 0.09039928 0.08384328 0.08473033 0.1054844 0.1216748 0.1001693 0.1056935 0.1113357 0.102742 0.07876227 0.08680442 0.1084809 0.1413367 0.1377827 0.1011307 0.07154808 0.07384125 0.05665863 0.04736153 0.07087793 0.05017288 0.04771452 0.07579707 0.07780798 0.05573865 0.04440346 0.03617658 0.05006531 0.02856491 0.04960038 0.05991736 0.04173795 0.05669034 0.03659546 0.07119814 0.05636109 0.04433283 0.04901741 0.04079345 0.0312882 0.04456377 0.036697 0.02580701 0.009787271 0.01032786 0.0086967 0.0131802 0 0.0005241935 0.0007258064 0.006612903 0.003306451
