contrib/geomasonDemos/riftland/riftlandData/RainData/96.txt
ncols         56
nrows         54
xllcorner     28.264
yllcorner     -5.7719999999999
cellsize      0.25
NODATA_value  -9999
[rows 0 to 25 of 54, columns 0 to 55 of 56]
0 0 0 0.0002581985 0 0.002061726 0.0002511536 0 0.0004311905 0.0001149487 0 0 0.0005962747 0.0006178623 0 0.0006914555 0 0 1.518981e-005 0.003361732 0.001231762 0.001064329 0.002901542 0.004057699 0.002656817 0.0004330257 0.002207458 0.001346774 0.001274194 0.002169355 0.0007177419 0.0001693548 5.645161e-005 8.064516e-005 0 9.325574e-005 9.130639e-006 0 0 5.344505e-005 0.002045294 0.008489911 0.02315295 0.001451157 0.0005618461 0 0.001427606 0.005379775 0.002464968 0.0007769612 0.00063334 0 0 0 0 0
0 0 0 0.00219827 0.0019806 0.002003817 0.002024518 0.001057798 0.0007838311 0 0.0006112878 0.0007698099 0.001830091 0.0007834273 0.001136546 0.0006991579 0.003553065 0.003072369 0.003607011 0.004648062 0.002237955 0.002688402 0.006079689 0.002833532 0.002062232 0.002459652 0.001795601 0.0001048387 3.225806e-005 0.0001854839 4.032258e-005 0.0007661289 0.001112903 0.000895581 0.000414179 0.0007597374 0.0002886428 3.496728e-005 0.0005819194 0.001382376 0.01303902 0.01629376 0.008206323 0.002874757 0.0008579329 0 0.0002627757 0.00146547 0.0003922787 3.17471e-005 3.04453e-005 0 0 0 0 0
0 0 0 0.002089115 0.002233918 0.002126926 0.002096903 0.001114949 0.001202128 0.0009351872 0 0 0.0007259399 0.0008703052 0.001453816 0.003491558 0.003606789 0.002437704 0.003470172 0.0006840352 0.00239857 0.005411834 0.006143144 0.00427938 0.003681364 0.0007951267 0 0.0004185716 0 0 0 0.00316129 0.001394064 0.000365022 5.160983e-005 8.55527e-005 0 0.0002053035 0.002719851 0.001481431 0.01432858 0.009507549 0.009147489 0.0007876059 0.001220509 0.002310039 0.004372995 0.0004104403 0 0 0 0 0 0 0 0
0 0.0004736301 0.001279922 0.00208177 0.001893321 0.001815191 0.001396043 0.000560303 0.0009786886 0.0004023134 0.0005176749 0.0008930721 0.0009142394 0.0004741205 0.0009272647 0.001605942 0.002164162 0.0009784362 0.0003803603 0.0005443916 0.0007692231 0.0008208608 0.003620391 0.0109498 0.003304034 0.002137228 0.002882344 0.006709099 0.0003749219 0.0005211467 6.978132e-006 1.212142e-005 1.428942e-005 2.537948e-005 9.424769e-005 3.942699e-005 4.40998e-005 7.343811e-005 0.001731479 0.003349654 0.00121386 0.005014231 0.00528897 0.002408205 0.005254517 0.008605718 0.04887495 0 0 0 0 0 0 0 0 0
0.003197728 0.003125797 0.001424141 0.00175636 0.001121572 0.0007543925 0.0001507203 0 0 0 0 0.001593778 0 0 0.001317251 0.001582979 0.002052559 0.001519439 0.001632731 0.0009950985 0.0009739205 0 0.003804026 0.004393539 0.004640758 0.008067509 0.006067915 0.000429749 2.332043e-006 6.534294e-005 6.506527e-005 1.255528e-005 1.562361e-005 3.398163e-005 2.883577e-005 4.015262e-005 4.726343e-005 5.760908e-005 0.006841245 0.004382454 0.004264621 0.006866005 0.007480605 0.002050238 0.002792422 0.005204235 0.006229987 0 0 0 0 0 0 0 0 0
0.01204108 0.003510412 0.0008115763 0.001308374 0.002003434 0.001749481 0.0006457714 0.001420671 0.001138621 4.803994e-005 0.0005040323 0 0 0.002423402 0.002396794 0.003627551 0.003548275 0.00146084 0.0009710168 0.001023259 0.0001139792 0 1.47008e-005 0.003089925 0.009618981 0.005466614 0.00267365 7.710361e-005 7.167776e-005 0.0004379511 7.553073e-006 2.571986e-005 1.774799e-005 0.0001898791 3.000696e-005 4.233476e-005 5.043971e-005 5.790755e-005 0.01128786 0.003801201 0.004429258 0.001546453 0.0001328109 0.000301375 0 0 0 0 0 0 0 0 0 0 0 0
0.01218174 0.005926131 0.002937372 0.002439549 0.001514998 0.00296436 0.002555194 0.003473587 0.003301983 0.00289857 0.001614213 0.0005782442 0.001855287 0.003440273 0.002877603 0.002175654 0.001997556 0.004770891 0.003512128 0.001367114 0.002264142 0.001588343 0.003725431 0.004114407 0.004678572 0.0001096818 0.0003902917 3.950284e-005 2.165192e-005 0.0008112359 9.666704e-006 0.003613175 0.001464261 0.007290199 0.0003434101 4.580709e-005 5.370432e-005 0.01072198 0.008638789 0.0002355201 8.654847e-005 9.024796e-005 9.051926e-005 0 0 7.477525e-005 0 0 0 0 0 0 0 0 2.451776e-005 0
0.008046617 0.008690902 0.01117258 0.008054557 0.006347446 0.005316789 0.004291653 0.01318602 0.01177617 0.005961058 0.001566423 0.003901049 0.001947296 0.005521712 0.004396268 0.003587848 0.0047198 0.004838361 0.005506886 0.006147139 0.002653222 0.0002207249 0.00358185 0.00311679 6.891643e-006 0.0002794399 9.603422e-006 2.193244e-005 4.218191e-005 0.0005899597 8.337206e-005 0.0005371904 5.144368e-005 0.001476912 0.0001088852 9.540153e-005 0.001052359 0.02552996 0.001007919 0.000156638 0.0001698218 0.0001762532 0.0001752156 9.090137e-005 9.03697e-005 8.246618e-005 7.73694e-005 6.937254e-005 6.521117e-005 5.811116e-005 5.771756e-005 0 0 0 0 0
0.006102222 0.007799738 0.01504729 0.01813121 0.01267395 0.01025647 0.007942327 0.01453085 0.01032955 0.01298021 0.004166632 0.005935453 0.009591309 0.003877963 0.004607772 0.00277732 0.006726496 0.00618595 0.003143036 0.002975589 0.0002782136 2.697176e-006 0.0002127719 8.117307e-006 9.474161e-006 1.091945e-005 1.258976e-005 2.823769e-005 3.165236e-005 0.0001123467 6.269398e-005 0.0001016309 5.782079e-005 8.684956e-005 0.0002084267 0.0001021435 0.0002238396 0.001024868 0.0001443237 0.0001623389 0.0001750893 0.000180567 0.0002012804 9.156757e-005 9.043754e-005 8.470721e-005 7.859621e-005 6.869734e-005 6.256675e-005 5.797937e-005 5.784817e-005 0 0 0 1.91151e-005 0
0.006707136 0.007150218 0.01723093 0.02361819 0.01738902 0.01924785 0.01744491 0.02063487 0.0174119 0.01612974 0.009561038 0.008505588 0.005663926 0.002868173 0.001143873 2.227606e-006 0.003287558 0.002124157 0.0051996 0.005050057 5.966845e-006 5.396444e-006 0.0001234693 1.206568e-005 1.266143e-005 0.0002335331 0.0002041453 3.27126e-005 0.0001298703 8.662028e-005 4.892508e-005 5.435076e-005 6.206814e-005 7.371031e-005 8.898217e-005 0.000108461 0.000124726 0.0001391225 0.0002267467 0.001695776 0.0001820369 0.0001864238 0.0002668164 9.267647e-005 9.035355e-005 8.570502e-005 0.0001349299 0.0002623765 6.000019e-005 5.441297e-005 0.0002311868 0 0 0 0 0
0.002975562 0.01143245 0.01856484 0.02949487 0.02678871 0.03118889 0.02616456 0.02843476 0.01919306 0.01382046 0.01334631 0.01411786 0.002813623 0.003259028 4.015152e-006 6.489544e-006 4.715765e-006 3.517082e-006 2.886975e-006 3.637436e-005 1.289147e-005 1.001366e-005 9.416366e-006 1.771788e-005 0.0001690351 1.613596e-005 1.696455e-005 0.0001993381 0.0002511231 0.0001726863 5.002884e-005 8.044449e-005 0.0001111669 7.669326e-005 9.346999e-005 0.0001149979 0.0001331358 0.0001486396 0.0001603553 0.000177837 0.000189847 0.0001934027 0.0002896782 9.42271e-005 9.052704e-005 8.489454e-005 7.688861e-005 0.0003303371 5.708368e-005 5.08827e-005 4.704138e-005 0.0006503945 0.0002692581 0 0 0
0.006418873 0.009884274 0.0117556 0.01867028 0.01652602 0.01866644 0.01845015 0.02842396 0.01791586 0.009966805 0.01178405 0.009419891 0.004106166 0.003599046 0.003789551 0.0001362305 8.820496e-005 0.00302631 5.339881e-005 3.695879e-005 2.566244e-005 0.003626753 0.002085981 3.643568e-005 0.0004111262 0.001084207 0.01240411 3.432613e-005 3.454915e-005 3.842551e-005 4.601963e-005 7.577932e-005 8.623453e-005 0.0001044213 0.0001295384 0.0001761342 0.0002047403 0.0002283097 0.00024483 0.0002705985 0.0002880867 0.0002914858 0.0002781228 0.001664626 0.0001710428 0.0001581749 0.0006775388 0.001748433 9.848775e-005 8.631991e-005 7.870052e-005 3.722901e-005 0.0003164297 0.005530993 2.250352e-005 0.0001224508
0.02024386 0.009571454 0.008301998 0.01261749 0.01170356 0.01404359 0.01599599 0.02137385 0.01158065 0.009795086 0.007938406 0.008661708 0.004966371 0.003787469 0.002645819 0.0001649821 0.001268427 0.007060051 0.005725402 5.050127e-005 3.448156e-005 0.002939438 2.178196e-005 4.501837e-005 3.720443e-005 3.306176e-005 6.182238e-005 3.656456e-005 3.567749e-005 3.934923e-005 4.736483e-005 0.0002059863 8.82455e-005 0.0001079331 0.0001354677 0.0002118457 0.000216851 0.0002406221 0.0002581841 0.0002822972 0.0003005599 0.001711985 0.0002850421 0.0001835583 0.000171388 0.0003966912 0.0001391821 0.0001096113 9.295602e-005 8.025976e-005 7.20484e-005 3.359831e-005 0.0007003899 0.001200694 2.264102e-005 2.358805e-005
0.008835821 0.00878917 0.009530089 0.01678661 0.0124112 0.01616897 0.01583461 0.01792766 0.01118804 0.00382366 0.008416777 0.007035515 0.005514096 0.007005572 0.004337293 0.006018703 0.001955895 0.005587817 0.01134755 8.216387e-005 5.547102e-005 3.900751e-005 3.281575e-005 6.448455e-005 4.900168e-005 3.984404e-005 6.744346e-005 3.939e-005 3.586727e-005 3.863985e-005 0.0001075087 0.001718474 9.078574e-005 0.0001126457 0.000143528 0.0003202354 0.000232475 0.0002572788 0.0002730964 0.000296871 0.000315165 0.0003647554 0.0008876138 0.004114401 0.0001698511 0.0001539776 0.0001355777 0.0001052857 8.782288e-005 7.484237e-005 6.700303e-005 7.227897e-005 0.001845139 0.001883072 2.223799e-005 2.276109e-005
0.01045278 0.0144565 0.02242523 0.03089485 0.02283938 0.02337042 0.02190907 0.02671642 0.01775234 0.01983136 0.01723332 0.01136613 0.008032691 0.01020163 0.004106418 0.0003707392 0.0002943852 0.003387763 0.03994655 0.0001309122 8.771721e-005 6.09014e-005 4.995377e-005 9.426846e-005 6.68392e-005 5.008914e-005 4.364463e-005 4.265678e-005 3.494693e-005 0.007154877 0.0006161073 0.002655523 0.001503921 0.0001178454 0.0001534634 0.0002471304 0.00025208 0.0003141889 0.0002916772 0.0003132219 0.0003281539 0.000322315 0.0008135805 0.0003612924 0.0005651819 0.0004439869 0.0003845086 0.000201144 8.270031e-005 7.025737e-005 6.314068e-005 0.0005899799 0.001066846 2.293961e-005 2.119487e-005 2.157498e-005
0.024432 0.01905298 0.02139657 0.02595717 0.01960006 0.02690596 0.0133029 0.01986806 0.01747495 0.01812008 0.01092907 0.01028802 0.005174322 0.005546218 0.004992936 0.0040981 0.004342914 0.001154712 0.0479177 0.003884678 0.0003765698 0.0002595786 0.0002105299 0.000229569 0.0006238034 8.527399e-005 7.100624e-005 6.9382e-005 5.140754e-005 0.0002563258 0.0006880045 0.005618364 0.01312171 0.0002680773 0.0008239946 0.0003330772 0.0003541613 0.0003898776 0.0004028681 0.0004231962 0.0005544731 0.0004955239 0.0006558443 0.0008052986 0.0009934092 0.0008725253 0.000858906 0.000578452 0.0002164374 6.413607e-005 5.803225e-005 3.001715e-005 2.641787e-005 2.367271e-005 2.166885e-005 1.731915e-005
0.02984135 0.01562485 0.02073251 0.022672 0.01244781 0.01363074 0.009545294 0.01576061 0.01891433 0.01999129 0.008060826 0.01600919 0.01303818 0.004988541 0.003702809 0.005945112 0.007432568 0.008083551 0.00543395 0.00631365 0.0004744311 0.0003271177 0.0002637294 0.000217524 0.0001452821 9.932915e-005 8.016929e-005 7.423245e-005 5.001042e-005 4.766098e-005 0.0006553603 0.001742001 0.001117848 0.0002808376 0.0003741857 0.0003177236 0.0003797023 0.0004175728 0.0004269874 0.0004457833 0.0004586999 0.006060626 0.005931451 0.006800675 0.001330083 0.001208411 0.00111976 0.0008901973 0.0005108985 0.0002285106 5.439062e-005 2.834325e-005 2.542102e-005 0.0009577454 2.060298e-005 1.626252e-005
0.01995067 0.01376401 0.02311406 0.01515335 0.01723899 0.01472219 0.01136706 0.02626767 0.01770949 0.02245261 0.01521505 0.02098477 0.01000575 0.008261018 0.005809872 0.01452703 0.009920945 0.008328013 0.01094953 0.006891698 0.0006235783 0.0004442228 0.0003633926 0.0003073651 0.0002132988 0.0001524324 0.000125983 0.0001213671 8.834207e-005 7.947382e-005 9.551021e-005 0.003452558 0.004555724 0.0003193258 0.0004165252 0.0003481073 0.0004129143 0.0004480616 0.001304915 0.004139384 0.0004762338 0.006915804 0.006562899 0.01060889 0.0009396138 0.0008106961 0.0007062532 0.0004551336 0.0001046824 5.403024e-005 4.969116e-005 2.622275e-005 0.0156366 0.01491901 1.961015e-005 0.00414146
0.006323245 0.02870585 0.02569337 0.03196033 0.03487105 0.02303923 0.01816578 0.03690031 0.03026811 0.02295838 0.01794291 0.009172473 0.005278581 0.006551397 0.0137247 0.01759699 0.01929154 0.01216485 0.01474621 0.007443946 0.009123278 0.005349027 0.0005113994 0.001255714 0.00116306 0.000242552 0.0002076147 0.0002107466 0.0001658857 0.000145941 0.0001522613 0.0007255721 0.006731117 0.0003836361 0.0004785377 0.0003894056 0.000450507 0.0004837057 0.0004824043 0.0004915404 0.0004921001 0.00143491 0.0004036449 0.00656512 0.0004117429 0.0003243859 0.0002858079 8.676092e-005 5.76905e-005 4.718963e-005 4.383492e-005 2.345998e-005 0.001377381 1.986097e-005 0.01999084 0.01913874
0.01191025 0.01120589 0.02160251 0.0310465 0.02376562 0.02100787 0.0301626 0.04941173 0.04903791 0.02653611 0.01247187 0.009184648 0.01152659 0.01129394 0.008371043 0.008916654 0.01056681 0.005551725 0.00686922 0.0044368 0.001345662 0.004183216 0.000792485 0.0007539333 0.0005632301 0.0004370024 0.0003793957 0.0005989056 0.0004873975 0.0006359047 0.0004193585 0.0007325223 0.001541287 0.001250912 0.00038488 0.0006060206 0.0006936992 0.0007348154 0.0007259225 0.001197535 0.002234023 0.0024019 0.0006282096 0.0004789979 0.000378507 0.0003017893 0.0002507981 0.0001849041 0.0001373694 0.000110302 0.0001039508 3.148228e-005 2.925668e-005 2.776023e-005 0.01063033 0.01089353
0.04950103 0.01798068 0.04137293 0.03761822 0.05238863 0.07550501 0.07451612 0.07776784 0.06787732 0.02904038 0.0275435 0.02131564 0.009208768 0.01367834 0.01410826 0.01219067 0.008993305 0.01112367 0.008922575 0.006061572 0.002545748 0.003023306 0.004472148 0.0009241069 0.000699811 0.0005516504 0.0004822742 0.0007739986 0.0007053042 0.0006259785 0.0005307383 0.0003619877 0.001236495 0.003067507 0.0004292448 0.001015049 0.0007497833 0.0007837328 0.0007681596 0.007855827 0.0108965 0.003332074 0.0006320557 0.0004713759 0.0003595531 0.0002775563 0.0002270469 0.0001634809 0.0001171689 9.16982e-005 8.814836e-005 8.205927e-005 7.817846e-005 2.535967e-005 2.557971e-005 0.0006439644
0.03295027 0.02379683 0.04350517 0.06821118 0.08014974 0.07826313 0.07085394 0.08411926 0.06222931 0.02494527 0.01738213 0.01144279 0.01338058 0.05441457 0.03755369 0.01617322 0.01292563 0.01202642 0.01258669 0.00606136 0.007389482 0.01083053 0.008795437 0.001758284 0.001195858 0.0007096608 0.0006441473 0.001092803 0.0009673252 0.0009067919 0.0009135889 0.0006672883 0.0006722205 0.004547625 0.0008018274 0.001191426 0.001306558 0.00132336 0.001254377 0.006814553 0.008841828 0.008994643 0.00256876 0.0006088639 0.000408348 0.0002798101 0.0002723379 0.0001619162 0.002159467 0.0001670192 0.0001247255 2.792485e-005 2.763358e-005 2.801396e-005 2.900383e-005 3.093011e-005
0.02840714 0.03296463 0.03471713 0.04425902 0.06925227 0.0989521 0.05247258 0.04794788 0.04329938 0.02887353 0.01724737 0.009124494 0.02151418 0.02822946 0.03408061 0.01291264 0.006198054 0.005099548 0.006830497 0.004395782 0.005713767 0.01113144 0.002852813 0.001989333 0.002911106 0.001235674 0.003527562 0.001826169 0.001901701 0.001460765 0.001553104 0.001198027 0.001268168 0.001372221 0.001557819 0.002159637 0.002331192 0.002322657 0.002156057 0.003425634 0.01280759 0.01528609 0.01304783 0.002973159 0.000523566 0.0003092912 0.0002518952 0.0001796913 0.002474632 0.0001006534 0.0001031283 3.380301e-005 3.450353e-005 3.570955e-005 0.0002691335 4.01849e-005
0.08651126 0.04231607 0.03470415 0.05840964 0.04910193 0.08007559 0.07359489 0.06287114 0.06133193 0.01611425 0.007507006 0.008393002 0.007918025 0.008558705 0.01172252 0.00936238 0.006695895 0.006204995 0.01796793 0.007233157 0.005202362 0.004014614 0.00549874 0.006743782 0.008149957 0.005296406 0.003976188 0.003877615 0.006394567 0.002922952 0.002965616 0.001935383 0.002091813 0.002680444 0.002442049 0.005123492 0.005163062 0.005104574 0.004704748 0.003934529 0.006916948 0.01034309 0.00436743 0.000662933 0.0003622606 0.0001914283 0.0001559811 0.000144654 0.0002908301 8.267543e-005 8.678591e-005 3.95068e-005 4.1188e-005 4.32074e-005 4.546723e-005 5.631819e-005
0.07051564 0.03908948 0.03885271 0.07770762 0.05341828 0.06474288 0.05988969 0.08645268 0.02636973 0.006799709 0.00972464 0.01081048 0.008663829 0.009579381 0.01641119 0.01902881 0.01726293 0.01357733 0.01183539 0.009592056 0.01832448 0.005920592 0.009300062 0.02534861 0.01674114 0.01353397 0.006085767 0.005798221 0.009014655 0.007298217 0.006270343 0.002483064 0.002699335 0.002917903 0.003160563 0.006211643 0.006602114 0.006518551 0.005996848 0.004998847 0.005371126 0.00867502 0.009515395 0.002344003 0.001665173 0.0002081099 0.000169993 0.0001951765 0.0001114201 9.155878e-005 9.782238e-005 4.533799e-005 4.79986e-005 5.083235e-005 8.628315e-005 0.001871156
0.03452328 0.02524929 0.03709749 0.02810603 0.06926813 0.0428821 0.04779324 0.05995777 0.0235313 0.01488677 0.01179877 0.01407558 0.023239 0.03099229 0.0498971 0.03531285 0.01797452 0.02572236 0.02188298 0.02790173 0.01189629 0.008754306 0.005977992 0.02238802 0.04632009 0.06784904 0.01442375 0.01213304 0.04923429 0.03831844 0.007680899 0.003081903 0.003382462 0.003676016 0.003988447 0.007961491 0.008495478 0.00847061 0.007882026 0.00665787 0.006110966 0.005974349 0.0181683 0.007918186 0.002071015 0.0003183201 0.0005445172 0.0007687283 0.0005740495 0.000157022 0.0001855592 6.86556e-005 6.881858e-005 6.979628e-005 7.159979e-005 0.0006436469
