contrib/geomasonDemos/riftland/riftlandData/RainData/98.txt
ncols         56
nrows         54
xllcorner     28.264
yllcorner     -5.7719999999999
cellsize      0.25
NODATA_value  -9999
[rows 27 to 53 of 54, columns 0 to 55 of 56]
0.1688593 0.1795278 0.1944755 0.2714691 0.2056816 0.2291412 0.144776 0.05863113 0.06627655 0.1193811 0.1941275 0.1394947 0.1040207 0.1939103 0.2378548 0.2172456 0.1222776 0.1072536 0.0821111 0.1328215 0.1815697 0.224874 0.3403628 0.175645 0.1144398 0.1357179 0.1827321 0.08235496 0.05762711 0.05693464 0.05311099 0.04973071 0.04214617 0.04788095 0.04432898 0.05141215 0.06335805 0.06489519 0.05072626 0.04320458 0.08846342 0.07263566 0.03168158 0.01149178 0.0168954 0.02087666 0.009440653 0.00507289 0.004738089 0.005011147 0.005381916 0.005385982 0.009378802 0.01065977 0.006167779 0.006268553
0.2897882 0.1682041 0.1894741 0.2762696 0.2081142 0.2215783 0.144587 0.1122337 0.1708978 0.1807043 0.2405763 0.1221615 0.116842 0.1670623 0.1799154 0.1862855 0.1353494 0.1409159 0.1750533 0.2502125 0.2021363 0.1707414 0.2095625 0.1674841 0.1866603 0.2118987 0.1409476 0.07981672 0.05616143 0.06030929 0.04129936 0.05124858 0.07148541 0.03949333 0.04576389 0.05668953 0.06101902 0.07281452 0.07797901 0.06214445 0.06049684 0.03842278 0.02270056 0.0101252 0.01098412 0.01433112 0.01555445 0.004924377 0.00478965 0.005153465 0.00542048 0.006084817 0.01482998 0.005847592 0.009681175 0.005967769
0.2593392 0.1985441 0.2927513 0.2933207 0.1673886 0.08406088 0.08148447 0.07198604 0.0775552 0.1451644 0.1488838 0.1182734 0.08823159 0.07696585 0.1033188 0.08983283 0.1278906 0.09013673 0.08397578 0.08967531 0.07382705 0.05998809 0.06132761 0.0820303 0.1436035 0.1519269 0.158898 0.0656607 0.04604658 0.05241691 0.03476971 0.04224159 0.04296061 0.0603494 0.08141673 0.05741097 0.08415148 0.09184507 0.1037482 0.04535519 0.03798947 0.02861507 0.02273477 0.01007763 0.006395737 0.007699241 0.01034852 0.0046854 0.004329695 0.004521389 0.005060693 0.004137302 0.004587287 0.01304222 0.01158906 0.005581937
0.2357985 0.2046462 0.2985397 0.1918157 0.1437049 0.09011187 0.08361396 0.0642319 0.08322054 0.153269 0.1951392 0.1066191 0.08361893 0.07484155 0.06812932 0.07388143 0.06669009 0.05884256 0.05915355 0.0786933 0.0932871 0.1104307 0.08508801 0.07237908 0.09509589 0.1175516 0.1445645 0.1393638 0.0676804 0.04561661 0.03820188 0.04237656 0.06155142 0.07378503 0.05904433 0.06068609 0.1073023 0.0865346 0.1030108 0.05581108 0.03545398 0.0262923 0.02098704 0.009263975 0.006334751 0.00403084 0.003971596 0.004875917 0.003978378 0.004068363 0.004255509 0.003820046 0.004350319 0.005356411 0.01126262 0.005316153
0.2141638 0.2357005 0.2978631 0.2245087 0.09256221 0.1107354 0.0842343 0.123328 0.1020836 0.1745634 0.1784796 0.1256359 0.0866958 0.08360617 0.06532788 0.07653334 0.08545502 0.0739263 0.05534251 0.07237718 0.1133863 0.085187 0.108174 0.1035122 0.09169972 0.1315029 0.1295286 0.157131 0.1073489 0.05225936 0.02979955 0.04663888 0.05530092 0.07204919 0.1029291 0.07204243 0.1075858 0.06458642 0.09323632 0.05472945 0.03314643 0.02265108 0.01761249 0.008690373 0.005528167 0.003802019 0.003447874 0.004191565 0.003792099 0.003743079 0.003873414 0.003677441 0.003815838 0.004817771 0.004945436 0.00470938
0.2832443 0.2295429 0.2013743 0.1018677 0.08899565 0.06756134 0.1126916 0.1746953 0.1601416 0.19462 0.294363 0.1141983 0.09329382 0.09142689 0.06860053 0.1075917 0.08529851 0.06340449 0.07977691 0.07787099 0.0778113 0.09760344 0.09059514 0.1287126 0.1135785 0.2072773 0.1153914 0.1407153 0.1086519 0.0593273 0.05062211 0.04991185 0.0537444 0.09291826 0.07190204 0.1061703 0.08815559 0.05055048 0.04687746 0.03006702 0.02598646 0.01982938 0.01593569 0.00790721 0.00504482 0.003414466 0.003196048 0.003771089 0.003418658 0.003434138 0.003455276 0.004908901 0.01865453 0.008777244 0.0237881 0.005268929
0.3537355 0.2499249 0.1396851 0.07101978 0.04720504 0.05985881 0.1243265 0.1363776 0.1174742 0.138865 0.1528124 0.1013357 0.1111969 0.1039672 0.1015615 0.1059093 0.1105721 0.09204183 0.1203912 0.1173527 0.08430963 0.08364437 0.1435329 0.1179221 0.1206153 0.1516116 0.1550353 0.1713012 0.1339393 0.1146335 0.07096013 0.05642362 0.0490833 0.07561622 0.0651543 0.05324496 0.05304859 0.04469905 0.0411093 0.02359159 0.02076897 0.01791052 0.01444859 0.007123195 0.004570349 0.003099884 0.002912183 0.003373503 0.003024712 0.003788145 0.003045161 0.005182361 0.004394533 0.00547004 0.02097296 0.004425574
0.3024105 0.1887919 0.1072884 0.12458 0.05280047 0.08988679 0.08963642 0.09061527 0.1173856 0.07753721 0.05533574 0.0950022 0.1279975 0.1270172 0.1390916 0.1957671 0.2136112 0.1949812 0.2078493 0.1628641 0.1103117 0.1331811 0.1288832 0.1081217 0.1507209 0.1873361 0.1699496 0.17647 0.1308821 0.08433795 0.09755486 0.08086532 0.07135791 0.05293099 0.04980897 0.06399637 0.04786756 0.04082691 0.0383647 0.02545765 0.02427157 0.02178207 0.01791827 0.007778252 0.004605161 0.002835689 0.002500536 0.003021627 0.006032167 0.006110038 0.002300204 0.006590813 0.01429421 0.00427242 0.003870545 0.004059005
0.2793053 0.2529628 0.1235684 0.1040429 0.07141595 0.1081301 0.1228099 0.097442 0.1027282 0.08378936 0.09789873 0.09957048 0.1356028 0.136612 0.1983541 0.298701 0.3163433 0.2535141 0.1924178 0.1982781 0.1478387 0.1208422 0.1265429 0.1557688 0.2298087 0.1837476 0.220268 0.171223 0.1127343 0.09906327 0.115696 0.1198164 0.05468756 0.05647164 0.0431947 0.05706036 0.09659981 0.02844003 0.0524932 0.03124278 0.01703894 0.01688219 0.007693104 0.00330929 0.002120633 0.001424449 0.001460255 0.002402594 0.01727349 0.01706898 0.01104091 0.05226262 0.03973764 0.001801886 0.002282563 0.002949174
0.318761 0.2313059 0.1677715 0.1029973 0.1064478 0.1085881 0.1145791 0.1009766 0.08753275 0.09663752 0.09077457 0.1375643 0.1921318 0.1409921 0.2288705 0.2985064 0.3636457 0.3064712 0.2080792 0.1610341 0.1371093 0.1379585 0.1668236 0.2390389 0.3210062 0.1519307 0.1507665 0.1405596 0.113901 0.1361877 0.1488948 0.0816744 0.03707673 0.04235889 0.03807849 0.03304488 0.0636941 0.03999909 0.1019038 0.02854299 0.01001645 0.009903407 0.006408209 0.002964846 0.001850128 0.001267579 0.001163467 0.003509192 0.01567267 0.002561522 0.008999756 0.02548506 0.0116619 0.0009774435 0.001430334 0.002003942
0.3154006 0.1938099 0.1058965 0.09333333 0.1275883 0.1103171 0.09470581 0.09685502 0.09256621 0.1016131 0.1321405 0.1483721 0.1540157 0.123719 0.1761322 0.335127 0.3379319 0.3410487 0.292072 0.2090232 0.1753124 0.1805143 0.1896534 0.2204984 0.3383579 0.1758463 0.1194613 0.1126091 0.1183115 0.1330661 0.1058267 0.07755081 0.05472173 0.03370353 0.03861736 0.07371283 0.05751614 0.02351115 0.06728458 0.02819392 0.01417861 0.006891393 0.005523705 0.002509061 0.001587708 0.001125788 0.000900828 0.001497118 0.001234506 0.02466786 0.0009424643 0.01400389 0.0004481431 0.0005884283 0.001058783 0.0001594928
0.3377502 0.2128673 0.08572792 0.1338859 0.09495635 0.1305398 0.09873017 0.08083197 0.08169871 0.1002387 0.1642465 0.1547616 0.1588079 0.1243944 0.1584255 0.2831102 0.3364668 0.3402756 0.3469474 0.2809632 0.2213404 0.2111669 0.2816622 0.2594399 0.2045204 0.1761343 0.1566241 0.1231446 0.1120384 0.1118726 0.05022903 0.04304469 0.02723373 0.02416746 0.02650996 0.03301251 0.09869005 0.05561251 0.01815987 0.01319062 0.008145586 0.005665389 0.004563692 0.002067491 0.001315509 0.0008689282 0.0007568353 0.001304292 0.001169379 0.01564614 0.001171916 0.0007134952 0.0003951676 0.0005301968 0.0002963614 0.0001381063
0.3409069 0.1675147 0.05828445 0.1352276 0.1375394 0.1380783 0.1292609 0.09510438 0.08627948 0.08576348 0.1181619 0.1547171 0.1536606 0.1240496 0.1330349 0.198451 0.2791699 0.2848429 0.2646547 0.2979438 0.2253843 0.1947189 0.2338986 0.1654611 0.1611829 0.192618 0.09497066 0.07832282 0.1244273 0.06554502 0.04513615 0.03649559 0.04281489 0.03252267 0.02325422 0.06568141 0.1019081 0.04052311 0.01521904 0.00792078 0.005566462 0.003997057 0.003183356 0.002099829 0.001337557 0.0008891578 0.0008429759 0.002274745 0.008681055 0.005209982 0.0005272918 0.0003735273 0.0003013157 0.0002870714 0.0002569816 0.0001185644
0.3114671 0.1205234 0.06661619 0.1086966 0.1804789 0.138739 0.1182993 0.1139776 0.1248734 0.1104721 0.1505087 0.141072 0.186225 0.1489748 0.12436 0.2291155 0.2233358 0.3342153 0.4319554 0.2825444 0.2588315 0.2658326 0.203538 0.1282957 0.1597087 0.174066 0.1129582 0.1036255 0.08928468 0.05885079 0.04356178 0.07223064 0.07726046 0.06156147 0.03281498 0.05569896 0.06895231 0.04209507 0.0300691 0.02381064 0.005708932 0.002822939 0.00223864 0.001483273 0.0009642608 0.0006923804 0.0006484919 0.0007064657 0.001027596 0.0004519144 0.0003966753 0.0003028195 0.0002475858 0.0002668545 0.0002361839 9.642237e-005
0.2077972 0.1433124 0.1122911 0.1449905 0.2011919 0.1538789 0.1187373 0.1254984 0.1334868 0.1381627 0.186335 0.1816792 0.2081334 0.1273042 0.1278875 0.249953 0.2737111 0.2685093 0.2995752 0.3145914 0.3531785 0.4294584 0.271479 0.1489346 0.2246049 0.1368778 0.1040492 0.08662996 0.1487163 0.06215811 0.04345774 0.05478976 0.07631668 0.04884471 0.0355382 0.03658079 0.042448 0.03397898 0.0292782 0.006366386 0.003493849 0.002138549 0.001761961 0.001227415 0.0008758152 0.0006706661 0.0006117827 0.0006241764 0.0005583239 0.001706013 0.00168587 0.0003396843 0.0002684576 0.000251033 0.00021429 9.555644e-005
0.2565752 0.1522427 0.121025 0.1484992 0.1924029 0.1680803 0.1706493 0.154165 0.1970604 0.1902715 0.2224332 0.2572007 0.211683 0.1933868 0.1914999 0.3328765 0.3462634 0.3502394 0.3139063 0.2891936 0.2374572 0.2506578 0.3232616 0.1430054 0.1425978 0.2113782 0.162487 0.08159444 0.04887986 0.07173406 0.07780091 0.05044458 0.04076704 0.05437944 0.06064775 0.07029863 0.07445532 0.0495999 0.05172554 0.00544318 0.003313558 0.002086598 0.001777621 0.001362327 0.006102788 0.006036419 0.00553051 0.0008973926 0.0008298633 0.0007387619 0.000614815 0.0004838927 0.00036182 0.0002901918 0.0002680963 0.0001161217
0.2704864 0.2135339 0.1317229 0.1411452 0.1739402 0.1752987 0.23721 0.1857939 0.2462362 0.2247168 0.2721501 0.310404 0.2137908 0.2272491 0.2686009 0.3007381 0.2248295 0.2994175 0.2415944 0.2295852 0.230009 0.2628945 0.203311 0.1879793 0.2019455 0.1348556 0.11972 0.07742699 0.06798757 0.08733804 0.05401028 0.04095406 0.04552284 0.05343167 0.0657064 0.05380368 0.140543 0.06627725 0.03851072 0.033336 0.004705078 0.001954931 0.001770965 0.00310476 0.002727884 0.002828423 0.002629194 0.001717845 0.001620632 0.001446731 0.001191751 0.0003422802 0.0002489529 0.0001941172 0.000176373 0
0.314549 0.2757912 0.1997774 0.1851215 0.1995875 0.2625612 0.2329893 0.231688 0.2264654 0.2676795 0.2388205 0.321745 0.3153939 0.3504509 0.3513786 0.3207763 0.1844906 0.2077888 0.1759732 0.3164224 0.256769 0.218348 0.2090713 0.2343234 0.2103231 0.1609652 0.1059421 0.05366905 0.07829406 0.07148614 0.03991812 0.04259162 0.04482216 0.05981002 0.04665677 0.03093372 0.04060102 0.06706228 0.0517562 0.02451419 0.004981788 0.001979622 0.00179132 0.003306544 0.003140265 0.004096748 0.002861719 0.002111991 0.002008087 0.00179974 0.00146997 0.0004184061 0.0002997139 0.000263646 0.0002051195 0
0.347245 0.259728 0.2145019 0.2609963 0.1834162 0.3055128 0.3377138 0.268125 0.207335 0.1901637 0.3105116 0.308379 0.3638838 0.3764068 0.4050309 0.3784087 0.2359867 0.1743172 0.1894509 0.2617445 0.1991017 0.2729638 0.2237729 0.2463184 0.1944055 0.2252171 0.09432418 0.0656114 0.09368369 0.06202184 0.03135452 0.06143173 0.02836214 0.0256027 0.02557859 0.02511981 0.0320086 0.04630369 0.07421502 0.05444879 0.02753705 0.03209356 0.01065448 0.003836963 0.003994899 0.00464581 0.003554126 0.002646179 0.002560847 0.002320604 0.001935253 0.0005623286 0.0004891245 0.0002592844 0.0002598295 0
0.217049 0.2091457 0.2125327 0.1857039 0.2127951 0.2983876 0.293272 0.2747008 0.2813373 0.2347697 0.2214788 0.306618 0.3991253 0.4870928 0.4083085 0.3766941 0.2755267 0.2364195 0.2260722 0.2372635 0.2123762 0.1839528 0.1877304 0.1584758 0.1546962 0.09268975 0.09160674 0.06115254 0.06600852 0.08864839 0.06868742 0.05737887 0.06794339 0.04598575 0.08184928 0.04784687 0.04669576 0.03746288 0.04399212 0.04812529 0.02379155 0.03316095 0.01500363 0.004670645 0.006046656 0.004993427 0.004436653 0.003319629 0.003381006 0.003130005 0.002561321 0.0008713465 0.0006066135 0.0002587416 0.0002592844 0
0.1246065 0.2003504 0.1951531 0.1943326 0.2025848 0.2404826 0.2389886 0.3407974 0.362148 0.3749408 0.2333831 0.1793213 0.2616494 0.363873 0.3179265 0.364915 0.295276 0.2789292 0.2621088 0.2658029 0.2243968 0.2417036 0.2424108 0.1036792 0.1096361 0.09045836 0.143873 0.13228 0.1204588 0.1159343 0.1148884 0.1252887 0.07577361 0.05580138 0.06220791 0.07533612 0.05731979 0.02730184 0.05017176 0.0526991 0.01538456 0.009035131 0.007196493 0.008006836 0.003884736 0.003750939 0.003698478 0.003438927 0.003405776 0.003178639 0.002736734 8.928571e-005 0.0001339286 0.0001339286 4.464286e-005 8.928571e-005
0.1173113 0.142323 0.1434716 0.1916734 0.2202962 0.1954884 0.2319764 0.2810549 0.3023654 0.2650761 0.2529 0.1592933 0.173983 0.29231 0.3429022 0.3798536 0.2507488 0.2726692 0.2060578 0.2106824 0.2528047 0.1989359 0.1546596 0.1437865 0.1250172 0.1439761 0.2327444 0.1493254 0.1322251 0.1678056 0.1316717 0.1226136 0.09700076 0.08914831 0.106263 0.1212048 0.06627811 0.03968601 0.08506102 0.07505117 0.07161771 0.05338643 0.02763538 0.009515238 0.005898365 0.005603037 0.004371794 0.003995194 0.003980994 0.003743415 0.003975891 0 0.0008035714 0 0 8.928571e-005
0.131004 0.1471749 0.1374003 0.1851824 0.1663569 0.1607277 0.2250558 0.2653199 0.3164369 0.2976044 0.2508938 0.1609241 0.1856967 0.2725316 0.3933168 0.3777972 0.2889128 0.2472442 0.2155883 0.2402217 0.2838992 0.2299211 0.1395398 0.1243386 0.1705586 0.1328581 0.129141 0.1578897 0.1900168 0.1539822 0.1359106 0.1167097 0.1428938 0.1996079 0.1693066 0.1033757 0.06960384 0.0498904 0.05185952 0.05610961 0.08137326 0.0793421 0.07193993 0.009396626 0.007047152 0.00675969 0.008245128 0.01461726 0.005078287 0.005320494 0.005890804 0.001205357 0.001294643 0 0 0.0001339286
0.157221 0.1336492 0.168633 0.1458523 0.1942567 0.1483654 0.1801625 0.2161123 0.3053654 0.2738982 0.2590554 0.2099954 0.1737827 0.259703 0.485431 0.4468423 0.4193068 0.3456208 0.2942532 0.2715667 0.2712231 0.2097264 0.1946961 0.2256869 0.1783642 0.117488 0.122576 0.2175911 0.1812832 0.1179172 0.1216101 0.0911285 0.1094749 0.1370502 0.1275766 0.1148893 0.06692012 0.05460843 0.05101602 0.04074579 0.04658298 0.05492982 0.04861656 0.02660971 0.01573822 0.01491715 0.008455866 0.006807884 0.00665198 0.006710594 0.006816498 0.007276786 0.001294643 4.464286e-005 0 4.464286e-005
0.1959415 0.1776569 0.1964832 0.159016 0.1617199 0.1647953 0.1461564 0.1518118 0.215992 0.2261564 0.2226038 0.2415254 0.2134927 0.2663644 0.3420215 0.3669313 0.4396441 0.3808085 0.333135 0.2645738 0.2344648 0.2255961 0.2042515 0.2191635 0.245914 0.1268713 0.1116888 0.1215076 0.1613842 0.1243765 0.1157205 0.08804668 0.08748376 0.1036711 0.0975677 0.07877696 0.05594668 0.04361443 0.0480404 0.03235371 0.02971017 0.04386897 0.04011887 0.02801832 0.02686781 0.02006982 0.01558292 0.01545788 0.004326001 0.004316475 0.004708612 0.002678571 0.0009821429 0 0 0
0.2543163 0.2471449 0.2670428 0.1912007 0.1395337 0.1160442 0.1338306 0.1545727 0.2093714 0.203585 0.1513206 0.1616035 0.2811783 0.3555732 0.332689 0.2972281 0.289415 0.2658601 0.2744426 0.2597459 0.2016596 0.2038668 0.1764283 0.1711952 0.1470004 0.1351087 0.1288826 0.1097158 0.146774 0.1398156 0.165638 0.1018533 0.07518647 0.08526177 0.0773073 0.08717782 0.07491381 0.06008827 0.06058449 0.04827538 0.04274376 0.03843696 0.02757098 0.01967277 0.02584886 0.01454018 0.02124743 0.005589238 0.00507021 0.01137371 0.004783446 0 0 0 4.464286e-005 0
0.2297008 0.2450898 0.2392259 0.1905611 0.1335222 0.1067446 0.1150185 0.158054 0.2292592 0.1864859 0.1525419 0.1272317 0.2048836 0.3019508 0.294514 0.2480857 0.2566925 0.2235452 0.2285429 0.3097448 0.3104017 0.2093736 0.1660734 0.1914542 0.1394815 0.1431954 0.1582077 0.1236999 0.1410646 0.1978099 0.1473327 0.1038319 0.08856717 0.109246 0.07741682 0.08412451 0.1089483 0.09866898 0.05685046 0.05030923 0.04856359 0.04584318 0.03119602 0.03068367 0.03187244 0.02753173 0.03326946 0.01564508 0.005761976 0.01218281 0.0112361 0 0 0 0 0
