contrib/geomason/sim/app/data/sillypeds/first.txt
ncols         196
nrows         129
xllcorner     348.60998020297
yllcorner     992.77942924283
cellsize      15
NODATA_value  -9999
[rows 96 to 127 of 129, columns 73 to 145 of 196]
-9999 -9999 -9999 -9999 -9999 -9999 -9999 -9999 -9999 -9999 -9999 -9999 -9999 -9999 -9999 -9999 -9999 -9999 -9999 -9999 -9999 -9999 -9999 -9999 -9999 -9999 -9999 -9999 -9999 -9999 -9999 -9999 -9999 -9999 -9999 -9999 -9999 -9999 -9999 -9999 -9999 -9999 337.2792 331.066 324.8528 318.6396 -9999 -9999 -9999 -9999 -9999 -9999 -9999 -9999 -9999 -9999 -9999 -9999 -9999 -9999 -9999 -9999 -9999 -9999 -9999 -9999 -9999 -9999 -9999 -9999 -9999 -9999 -9999
-9999 -9999 -9999 -9999 -9999 -9999 -9999 -9999 -9999 -9999 -9999 -9999 -9999 -9999 -9999 -9999 -9999 -9999 -9999 -9999 -9999 -9999 -9999 -9999 -9999 -9999 -9999 -9999 -9999 -9999 -9999 -9999 -9999 -9999 -9999 -9999 -9999 -9999 -9999 -9999 -9999 -9999 352.2792 346.066 339.8528 333.6396 -9999 -9999 -9999 -9999 -9999 -9999 -9999 -9999 -9999 -9999 -9999 -9999 -9999 -9999 -9999 -9999 -9999 -9999 -9999 -9999 -9999 -9999 -9999 -9999 -9999 -9999 -9999
-9999 -9999 -9999 -9999 -9999 -9999 -9999 -9999 -9999 -9999 -9999 -9999 -9999 -9999 -9999 -9999 -9999 -9999 -9999 -9999 -9999 -9999 -9999 -9999 -9999 -9999 962.132 968.3452 974.5583 980.7715 986.9847 993.1979 -9999 -9999 -9999 788.3452 782.132 775.9188 769.7056 775.9188 -9999 -9999 367.2792 361.066 354.8528 348.6396 -9999 -9999 -9999 -9999 -9999 -9999 -9999 -9999 -9999 -9999 -9999 -9999 -9999 -9999 -9999 -9999 -9999 -9999 -9999 -9999 -9999 -9999 -9999 -9999 -9999 -9999 -9999
-9999 1251.838 1245.625 1239.411 1233.198 1226.985 1220.772 -9999 -9999 -9999 1208.345 1214.558 1220.772 1226.985 -9999 -9999 -9999 -9999 -9999 -9999 -9999 -9999 -9999 -9999 -9999 953.3452 947.132 953.3452 959.5583 965.7715 971.9847 978.1979 -9999 -9999 -9999 773.3452 767.132 760.9188 754.7056 760.9188 -9999 -9999 382.2792 376.066 369.8528 363.6396 -9999 -9999 -9999 -9999 -9999 -9999 -9999 -9999 -9999 -9999 -9999 -9999 -9999 -9999 -9999 -9999 -9999 -9999 -9999 -9999 -9999 -9999 -9999 -9999 -9999 -9999 1072.279
1243.051 1236.838 1230.625 1224.411 1218.198 1211.985 1205.772 1199.558 1193.345 1187.132 1193.345 1199.558 1205.772 1211.985 1218.198 1224.411 1230.625 1236.838 1251.838 1266.838 1281.838 1296.838 1311.838 1326.838 -9999 938.3452 932.132 938.3452 944.5583 950.7715 956.9847 963.1979 -9999 -9999 -9999 758.3452 752.132 745.9188 739.7056 745.9188 -9999 -9999 397.2792 391.066 384.8528 378.6396 -9999 -9999 -9999 703.4924 709.7056 715.9188 722.132 728.3452 -9999 -9999 -9999 -9999 -9999 1151.985 1136.985 1121.985 1106.985 1100.772 1094.558 1088.345 1082.132 1075.919 1069.706 1063.492 1057.279 1051.066 1057.279
1236.838 1221.838 1215.625 1209.411 1203.198 1196.985 1190.772 1184.558 1178.345 1172.132 1178.345 1184.558 1190.772 1196.985 1203.198 1209.411 1215.625 1230.625 1245.625 1260.625 1275.625 1290.625 1305.625 1320.625 -9999 923.3452 917.132 923.3452 929.5583 935.7715 941.9847 948.1979 -9999 -9999 -9999 743.3452 737.132 730.9188 724.7056 730.9188 -9999 -9999 412.2792 406.066 399.8528 393.6396 -9999 -9999 -9999 688.4924 694.7056 700.9188 707.132 722.132 -9999 -9999 -9999 -9999 -9999 1145.772 1130.772 1115.772 1100.772 1085.772 1079.558 1073.345 1067.132 1060.919 1054.706 1048.492 1042.279 1036.066 -9999
1230.625 1215.625 1200.625 1194.411 1188.198 1181.985 1175.772 1169.558 1163.345 1157.132 1163.345 1169.558 1175.772 1181.985 1188.198 1194.411 1209.411 1224.411 1239.411 1254.411 1269.411 1284.411 1299.411 1314.411 -9999 908.3452 902.132 908.3452 914.5583 920.7715 926.9847 933.1979 -9999 -9999 -9999 728.3452 722.132 715.9188 709.7056 715.9188 -9999 -9999 427.2792 421.066 414.8528 408.6396 -9999 661.066 667.2792 673.4924 679.7056 685.9188 700.9188 715.9188 -9999 -9999 -9999 -9999 -9999 1139.558 1124.558 1109.558 1094.558 1079.558 1064.558 1058.345 1052.132 1045.919 1039.706 1033.492 1027.279 1021.066 -9999
1224.411 1209.411 1194.411 1179.411 1173.198 1166.985 1160.772 1154.558 1148.345 1142.132 1148.345 1154.558 1160.772 1166.985 1173.198 1188.198 1203.198 1218.198 1233.198 1248.198 1263.198 1278.198 1293.198 1308.198 -9999 893.3452 887.132 893.3452 899.5583 905.7715 911.9847 918.1979 -9999 -9999 -9999 713.3452 707.132 700.9188 694.7056 700.9188 -9999 -9999 442.2792 436.066 429.8528 423.6396 -9999 646.066 652.2792 658.4924 664.7056 679.7056 694.7056 709.7056 -9999 -9999 -9999 -9999 -9999 1133.345 1118.345 1103.345 1088.345 1073.345 1058.345 1043.345 1037.132 1030.919 1024.706 1018.492 1012.279 1006.066 -9999
1218.198 1203.198 1188.198 1173.198 1158.198 1151.985 1145.772 1139.558 1133.345 1127.132 1133.345 1139.558 1145.772 1151.985 1166.985 1181.985 1196.985 1211.985 1226.985 1241.985 1256.985 1271.985 1286.985 1301.985 -9999 878.3452 872.132 878.3452 884.5583 890.7715 896.9847 911.9847 -9999 -9999 -9999 698.3452 692.132 685.9188 679.7056 685.9188 -9999 -9999 457.2792 451.066 444.8528 438.6396 -9999 631.066 637.2792 643.4924 658.4924 673.4924 688.4924 703.4924 -9999 -9999 -9999 -9999 -9999 1127.132 1112.132 1097.132 1082.132 1067.132 1052.132 1037.132 1022.132 1015.919 1009.706 1003.492 997.2792 991.066 -9999
1211.985 1196.985 1181.985 1166.985 1151.985 1136.985 1130.772 1124.558 1118.345 1112.132 1118.345 1124.558 1130.772 1145.772 1160.772 1175.772 1190.772 1205.772 1220.772 1235.772 1250.772 1265.772 1280.772 1295.772 -9999 863.3452 857.132 863.3452 869.5583 875.7715 890.7715 905.7715 -9999 -9999 -9999 683.3452 677.132 670.9188 664.7056 670.9188 -9999 -9999 472.2792 466.066 459.8528 453.6396 -9999 616.066 622.2792 -9999 -9999 -9999 694.7056 709.7056 -9999 -9999 -9999 -9999 -9999 1120.919 1105.919 1090.919 1075.919 1060.919 1045.919 1030.919 1015.919 1000.919 994.7056 988.4924 982.2792 976.066 -9999
1205.772 1190.772 1175.772 1160.772 1145.772 1130.772 1115.772 1109.558 1103.345 1097.132 1103.345 1109.558 1124.558 1139.558 1154.558 1169.558 1184.558 1199.558 1214.558 1229.558 1244.558 1259.558 1274.558 1289.558 -9999 848.3452 842.132 848.3452 854.5583 869.5583 884.5583 899.5583 -9999 -9999 -9999 668.3452 662.132 655.9188 649.7056 655.9188 -9999 -9999 487.2792 481.066 474.8528 468.6396 -9999 601.066 607.2792 -9999 -9999 -9999 709.7056 715.9188 -9999 -9999 -9999 -9999 -9999 1114.706 1099.706 1084.706 1069.706 1054.706 1039.706 1024.706 1009.706 994.7056 979.7056 973.4924 967.2792 961.066 -9999
1199.558 1184.558 1169.558 1154.558 1139.558 1124.558 1109.558 1094.558 1088.345 1082.132 1088.345 -9999 -9999 -9999 -9999 -9999 -9999 -9999 -9999 -9999 -9999 -9999 -9999 -9999 -9999 833.3452 827.132 833.3452 -9999 -9999 -9999 -9999 -9999 692.132 677.132 662.132 647.132 640.9188 634.7056 640.9188 -9999 -9999 502.2792 496.066 489.8528 483.6396 -9999 586.066 592.2792 598.4924 613.4924 -9999 724.7056 730.9188 -9999 -9999 -9999 -9999 -9999 -9999 -9999 -9999 -9999 -9999 -9999 -9999 -9999 -9999 -9999 958.4924 952.2792 946.066 -9999
1193.345 1178.345 1163.345 1148.345 1133.345 1118.345 1103.345 1088.345 1073.345 1067.132 1073.345 -9999 -9999 -9999 -9999 -9999 -9999 -9999 -9999 -9999 -9999 -9999 -9999 -9999 -9999 818.3452 812.132 818.3452 -9999 -9999 -9999 -9999 -9999 685.9188 670.9188 655.9188 640.9188 625.9188 619.7056 625.9188 -9999 -9999 517.2792 511.066 504.8528 498.6396 -9999 571.066 577.2792 592.2792 607.2792 -9999 739.7056 745.9188 -9999 -9999 -9999 -9999 -9999 -9999 -9999 -9999 -9999 -9999 -9999 -9999 -9999 -9999 -9999 952.2792 937.2792 931.066 -9999
-9999 -9999 -9999 -9999 -9999 -9999 -9999 -9999 -9999 1052.132 -9999 -9999 -9999 -9999 -9999 -9999 -9999 -9999 -9999 -9999 -9999 -9999 -9999 -9999 -9999 -9999 797.132 -9999 -9999 -9999 -9999 -9999 -9999 -9999 -9999 -9999 -9999 619.7056 604.7056 -9999 -9999 -9999 532.2792 526.066 519.8528 513.6396 -9999 556.066 571.066 -9999 -9999 -9999 -9999 -9999 -9999 -9999 -9999 -9999 -9999 -9999 -9999 -9999 -9999 -9999 -9999 -9999 -9999 -9999 -9999 -9999 -9999 916.066 -9999
1180.919 1165.919 1150.919 1135.919 1120.919 1105.919 1090.919 1075.919 1060.919 1045.919 1030.919 1015.919 1000.919 985.9188 970.9188 955.9188 940.9188 925.9188 910.9188 895.9188 880.9188 865.9188 850.9188 835.9188 820.9188 805.9188 790.9188 775.9188 760.9188 745.9188 730.9188 715.9188 700.9188 685.9188 -9999 643.4924 628.4924 613.4924 598.4924 583.4924 568.4924 553.4924 547.2792 541.066 534.8528 528.6396 534.8528 549.8528 564.8528 579.8528 594.8528 609.8528 624.8528 639.8528 654.8528 669.8528 684.8528 699.8528 714.8528 729.8528 744.8528 759.8528 774.8528 789.8528 804.8528 819.8528 834.8528 849.8528 864.8528 879.8528 894.8528 909.8528 924.8528
1174.706 1159.706 1144.706 1129.706 1114.706 1099.706 1084.706 1069.706 1054.706 1039.706 1024.706 1009.706 994.7056 979.7056 964.7056 949.7056 934.7056 919.7056 904.7056 889.7056 874.7056 859.7056 844.7056 829.7056 814.7056 799.7056 784.7056 769.7056 754.7056 739.7056 724.7056 709.7056 694.7056 679.7056 664.7056 649.7056 634.7056 619.7056 604.7056 589.7056 574.7056 568.4924 562.2792 556.066 549.8528 543.6396 549.8528 556.066 571.066 586.066 601.066 616.066 631.066 646.066 661.066 676.066 691.066 706.066 721.066 736.066 751.066 766.066 781.066 796.066 811.066 826.066 841.066 856.066 871.066 886.066 901.066 916.066 931.066
1180.919 1165.919 1150.919 1135.919 1120.919 1105.919 1090.919 1075.919 1060.919 1045.919 1030.919 1015.919 1000.919 985.9188 970.9188 955.9188 940.9188 925.9188 910.9188 895.9188 880.9188 865.9188 850.9188 835.9188 820.9188 805.9188 790.9188 775.9188 760.9188 745.9188 730.9188 715.9188 700.9188 685.9188 670.9188 655.9188 640.9188 625.9188 610.9188 595.9188 589.7056 583.4924 577.2792 571.066 564.8528 558.6396 564.8528 571.066 577.2792 592.2792 607.2792 622.2792 637.2792 652.2792 667.2792 682.2792 697.2792 712.2792 727.2792 742.2792 757.2792 772.2792 787.2792 802.2792 817.2792 832.2792 847.2792 862.2792 877.2792 892.2792 907.2792 922.2792 937.2792
1187.132 1172.132 1157.132 1142.132 1127.132 1112.132 1097.132 1082.132 1067.132 1052.132 1037.132 1022.132 1007.132 992.132 977.132 962.132 947.132 932.132 917.132 902.132 887.132 872.132 857.132 842.132 827.132 812.132 797.132 782.132 767.132 752.132 737.132 722.132 707.132 692.132 677.132 662.132 647.132 632.132 617.132 610.9188 604.7056 598.4924 592.2792 586.066 579.8528 573.6396 579.8528 586.066 592.2792 598.4924 613.4924 628.4924 643.4924 658.4924 673.4924 688.4924 703.4924 718.4924 733.4924 748.4924 763.4924 778.4924 793.4924 808.4924 823.4924 838.4924 853.4924 868.4924 883.4924 898.4924 913.4924 928.4924 943.4924
1193.345 1178.345 1163.345 1148.345 1133.345 1118.345 1103.345 1088.345 1073.345 1058.345 1043.345 1028.345 1013.345 998.3452 983.3452 968.3452 953.3452 938.3452 923.3452 908.3452 893.3452 878.3452 863.3452 848.3452 833.3452 818.3452 803.3452 788.3452 773.3452 758.3452 743.3452 728.3452 713.3452 698.3452 683.3452 668.3452 653.3452 638.3452 632.132 625.9188 619.7056 613.4924 607.2792 601.066 594.8528 588.6396 594.8528 601.066 607.2792 613.4924 619.7056 634.7056 649.7056 664.7056 679.7056 694.7056 709.7056 724.7056 739.7056 754.7056 769.7056 784.7056 799.7056 814.7056 829.7056 844.7056 859.7056 874.7056 889.7056 904.7056 919.7056 934.7056 949.7056
-9999 -9999 -9999 -9999 -9999 -9999 -9999 -9999 -9999 -9999 -9999 -9999 -9999 -9999 -9999 -9999 -9999 -9999 -9999 -9999 -9999 -9999 869.5583 854.5583 -9999 -9999 -9999 -9999 -9999 764.5583 749.5583 -9999 -9999 -9999 -9999 -9999 -9999 -9999 -9999 -9999 -9999 -9999 -9999 -9999 -9999 -9999 -9999 -9999 -9999 -9999 -9999 -9999 -9999 670.9188 685.9188 -9999 -9999 730.9188 -9999 -9999 -9999 790.9188 805.9188 820.9188 835.9188 850.9188 -9999 -9999 -9999 -9999 -9999 -9999 955.9188
-9999 -9999 -9999 -9999 -9999 -9999 -9999 -9999 -9999 -9999 -9999 -9999 -9999 -9999 -9999 -9999 -9999 -9999 -9999 -9999 -9999 -9999 875.7715 869.5583 -9999 -9999 -9999 -9999 -9999 770.7715 764.5583 -9999 -9999 -9999 -9999 -9999 -9999 -9999 -9999 -9999 -9999 -9999 -9999 -9999 -9999 -9999 -9999 -9999 -9999 -9999 -9999 -9999 -9999 685.9188 692.132 -9999 -9999 745.9188 -9999 -9999 -9999 -9999 -9999 -9999 -9999 -9999 -9999 -9999 -9999 -9999 -9999 -9999 970.9188
-9999 1209.411 1194.411 1179.411 1164.411 1149.411 1134.411 1119.411 1104.411 1089.411 1074.411 1059.411 1044.411 1029.411 1014.411 999.4111 -9999 956.9847 941.9847 926.9847 911.9847 896.9847 890.7715 884.5583 -9999 -9999 821.9847 806.9847 791.9847 785.7715 779.5583 -9999 1031.985 -9999 -9999 995.7715 -9999 956.9847 950.7715 -9999 920.7715 -9999 881.9847 875.7715 -9999 845.7715 -9999 806.9847 800.7715 -9999 749.5583 -9999 707.132 700.9188 707.132 -9999 767.132 760.9188 767.132 -9999 -9999 -9999 -9999 -9999 -9999 -9999 -9999 -9999 1037.132 1022.132 1007.132 992.132 985.9188
-9999 1203.198 1188.198 1173.198 1158.198 1143.198 1128.198 1113.198 1098.198 1083.198 1068.198 1053.198 1038.198 1023.198 1008.198 993.1979 978.1979 963.1979 948.1979 933.1979 918.1979 911.9847 905.7715 899.5583 -9999 -9999 828.1979 813.1979 806.9847 800.7715 794.5583 -9999 1025.771 1010.772 995.7715 980.7715 -9999 950.7715 935.7715 -9999 905.7715 -9999 875.7715 860.7715 -9999 830.7715 -9999 800.7715 785.7715 -9999 743.3452 728.3452 722.132 715.9188 722.132 -9999 782.132 775.9188 782.132 -9999 -9999 -9999 -9999 -9999 -9999 -9999 -9999 -9999 1043.345 1028.345 1013.345 1007.132 1000.919
-9999 1209.411 1194.411 1179.411 1164.411 1149.411 1134.411 1119.411 1104.411 1089.411 1074.411 1059.411 1044.411 1029.411 1014.411 999.4111 984.4111 969.4111 954.4111 939.4111 933.1979 926.9847 920.7715 914.5583 -9999 -9999 834.4111 828.1979 821.9847 815.7715 809.5583 -9999 1019.558 1004.558 989.5583 974.5583 959.5583 944.5583 929.5583 914.5583 899.5583 884.5583 869.5583 854.5583 839.5583 824.5583 809.5583 794.5583 779.5583 764.5583 749.5583 743.3452 737.132 730.9188 737.132 -9999 797.132 790.9188 797.132 -9999 -9999 -9999 -9999 -9999 -9999 -9999 -9999 -9999 1049.558 1034.558 -9999 -9999 -9999
-9999 1215.624 1200.624 1185.624 1170.624 1155.624 1140.624 1125.624 1110.624 1095.624 1080.624 1065.624 1050.624 1035.624 1020.624 1005.624 -9999 -9999 960.6243 954.4111 948.1979 941.9847 935.7715 929.5583 -9999 -9999 849.4111 843.1979 836.9847 830.7715 824.5583 -9999 1025.771 1010.772 995.7715 980.7715 965.7715 950.7715 935.7715 920.7715 905.7715 890.7715 875.7715 860.7715 845.7715 830.7715 815.7715 800.7715 785.7715 770.7715 764.5583 758.3452 752.132 745.9188 752.132 -9999 812.132 805.9188 812.132 -9999 -9999 -9999 -9999 -9999 -9999 -9999 -9999 -9999 1055.772 1049.558 1055.772 1070.772 1085.772
-9999 1221.838 1206.838 1191.838 1176.838 1161.838 1146.838 1131.838 1116.838 1101.838 1086.838 1071.838 1056.838 1041.838 1026.838 1020.624 -9999 -9999 975.6243 969.4111 963.1979 956.9847 950.7715 944.5583 -9999 -9999 864.4111 858.1979 851.9847 845.7715 839.5583 -9999 1031.985 1016.985 1001.985 986.9847 971.9847 956.9847 941.9847 926.9847 911.9847 896.9847 881.9847 866.9847 851.9847 836.9847 821.9847 806.9847 791.9847 785.7715 779.5583 773.3452 767.132 760.9188 767.132 -9999 827.132 820.9188 827.132 -9999 -9999 -9999 -9999 -9999 -9999 -9999 -9999 -9999 1070.772 1064.558 1070.772 1076.985 1091.985
-9999 1228.051 1213.051 1198.051 1183.051 1168.051 1153.051 1138.051 1123.051 1108.051 1093.051 1078.051 1063.051 1048.051 1041.838 1035.624 -9999 -9999 990.6243 984.4111 978.1979 971.9847 965.7715 959.5583 -9999 -9999 -9999 -9999 -9999 -9999 -9999 -9999 1038.198 1023.198 1008.198 993.1979 978.1979 963.1979 948.1979 933.1979 918.1979 903.1979 888.1979 873.1979 858.1979 843.1979 828.1979 813.1979 806.9847 800.7715 794.5583 788.3452 782.132 775.9188 782.132 -9999 842.132 835.9188 842.132 -9999 -9999 -9999 -9999 -9999 -9999 -9999 -9999 -9999 1085.772 1079.558 1085.772 1091.985 1098.198
-9999 1234.264 1219.264 1204.264 1189.264 1174.264 1159.264 1144.264 1129.264 1114.264 1099.264 1084.264 1069.264 1063.051 1056.838 1050.624 -9999 -9999 1005.624 999.4111 993.1979 986.9847 980.7715 974.5583 -9999 -9999 1134.411 1119.411 1104.411 1089.411 1074.411 1059.411 1044.411 1029.411 1014.411 999.4111 984.4111 969.4111 954.4111 939.4111 924.4111 909.4111 894.4111 879.4111 -9999 849.4111 834.4111 828.1979 821.9847 815.7715 809.5583 803.3452 797.132 790.9188 797.132 -9999 857.132 850.9188 857.132 863.3452 878.3452 893.3452 908.3452 923.3452 938.3452 -9999 1121.985 1106.985 1100.772 1094.558 1100.772 1106.985 1113.198
-9999 1240.477 1225.477 1210.477 1195.477 1180.477 1165.477 1150.477 1135.477 1120.477 1105.477 1090.477 1084.264 1078.051 1071.838 1065.624 -9999 -9999 1020.624 1014.411 1008.198 1001.985 995.7715 989.5583 -9999 -9999 -9999 1125.624 -9999 -9999 1080.624 -9999 1050.624 -9999 -9999 1005.624 -9999 975.6243 960.6243 -9999 930.6243 -9999 900.6243 894.4111 -9999 855.6243 849.4111 843.1979 836.9847 830.7715 824.5583 818.3452 812.132 805.9188 812.132 -9999 872.132 865.9188 872.132 878.3452 884.5583 899.5583 914.5583 929.5583 944.5583 -9999 1128.198 1121.985 1115.772 1109.558 1115.772 -9999 -9999
-9999 1246.691 1231.691 1216.691 1201.691 1186.691 1171.691 1156.691 1141.691 1126.691 1111.691 1105.477 1099.264 1093.051 1086.838 1080.624 -9999 -9999 1035.624 1029.411 1023.198 1016.985 1010.772 1004.558 -9999 -9999 -9999 1140.624 -9999 -9999 1095.624 -9999 1065.624 -9999 -9999 1020.624 -9999 981.8375 975.6243 -9999 945.6243 -9999 915.6243 909.4111 -9999 870.6243 864.4111 858.1979 851.9847 845.7715 839.5583 833.3452 827.132 820.9188 827.132 -9999 887.132 880.9188 887.132 893.3452 899.5583 905.7715 920.7715 935.7715 950.7715 -9999 1143.198 1136.985 1130.772 1124.558 -9999 -9999 -9999
-9999 1252.904 1237.904 1222.904 1207.904 1192.904 1177.904 1162.904 -9999 -9999 1126.691 1120.477 1114.264 1108.051 1101.838 1095.624 -9999 -9999 1050.624 1044.411 1038.198 1031.985 1025.771 1019.558 -9999 -9999 -9999 -9999 -9999 -9999 -9999 -9999 -9999 -9999 -9999 -9999 -9999 -9999 -9999 -9999 -9999 -9999 -9999 -9999 -9999 885.6243 879.4111 873.1979 866.9847 860.7715 854.5583 848.3452 842.132 835.9188 842.132 -9999 902.132 895.9188 902.132 908.3452 -9999 -9999 926.9847 941.9847 956.9847 -9999 -9999 -9999 -9999 -9999 -9999 -9999 -9999
-9999 -9999 -9999 -9999 -9999 -9999 -9999 -9999 -9999 -9999 -9999 -9999 -9999 -9999 -9999 -9999 -9999 -9999 -9999 -9999 -9999 -9999 -9999 -9999 -9999 -9999 -9999 -9999 -9999 -9999 -9999 -9999 -9999 -9999 -9999 -9999 -9999 -9999 -9999 -9999 -9999 -9999 -9999 -9999 -9999 -9999 -9999 -9999 -9999 -9999 -9999 -9999 -9999 -9999 -9999 -9999 -9999 -9999 -9999 -9999 -9999 -9999 -9999 -9999 -9999 -9999 -9999 -9999 -9999 -9999 -9999 -9999 -9999
