contrib/geomason/sim/app/data/sillypeds/first.txt
ncols         196
nrows         129
xllcorner     348.60998020297
yllcorner     992.77942924283
cellsize      15
NODATA_value  -9999
[rows 96 to 127 of 129, columns 0 to 72 of 196]
-9999 -9999 -9999 -9999 -9999 -9999 -9999 -9999 -9999 -9999 -9999 -9999 2261.984 2255.771 2249.558 2255.771 -9999 -9999 -9999 -9999 -9999 -9999 -9999 -9999 -9999 -9999 -9999 -9999 -9999 -9999 -9999 -9999 -9999 -9999 -9999 -9999 -9999 -9999 -9999 -9999 -9999 -9999 -9999 -9999 -9999 -9999 -9999 -9999 -9999 -9999 -9999 -9999 -9999 -9999 -9999 -9999 -9999 -9999 -9999 -9999 -9999 -9999 -9999 -9999 -9999 -9999 -9999 -9999 -9999 -9999 -9999 -9999 -9999
-9999 -9999 -9999 -9999 -9999 -9999 -9999 -9999 -9999 -9999 -9999 -9999 2246.984 2240.771 2234.558 2240.771 -9999 -9999 -9999 -9999 -9999 -9999 -9999 -9999 -9999 -9999 -9999 -9999 -9999 -9999 -9999 -9999 -9999 -9999 -9999 -9999 -9999 -9999 -9999 -9999 -9999 -9999 -9999 -9999 -9999 -9999 -9999 -9999 -9999 -9999 -9999 -9999 -9999 -9999 -9999 -9999 -9999 -9999 -9999 -9999 -9999 -9999 -9999 -9999 -9999 -9999 -9999 -9999 -9999 -9999 -9999 -9999 -9999
-9999 -9999 2408.345 2402.132 2408.345 2414.558 -9999 2333.345 2327.132 -9999 -9999 2238.198 2231.984 2225.771 2219.558 2225.771 2231.984 -9999 -9999 2162.132 2168.345 2174.558 2180.771 2186.984 2193.198 -9999 2004.411 1998.198 1991.985 1985.772 1979.558 1973.345 1967.132 -9999 -9999 1922.132 1928.345 1934.558 1940.772 1946.985 1953.198 -9999 1764.411 1758.198 1751.985 1745.772 1739.558 1733.345 1727.132 -9999 -9999 -9999 -9999 -9999 -9999 -9999 -9999 -9999 1480.478 1465.478 1450.478 1435.478 1420.478 1405.478 1399.265 -9999 -9999 -9999 -9999 -9999 -9999 -9999 -9999
-9999 -9999 2393.345 2387.132 2393.345 2399.558 -9999 2318.345 2312.132 -9999 -9999 2223.198 2216.984 2210.771 2204.558 2210.771 2216.984 -9999 -9999 2147.132 2153.345 2159.558 2165.771 2171.984 2178.198 -9999 1989.411 1983.198 1976.985 1970.772 1964.558 1958.345 1952.132 -9999 1913.345 1907.132 1913.345 1919.558 1925.772 1931.985 1938.198 -9999 1749.411 1743.198 1736.985 1730.772 1724.558 1718.345 1712.132 -9999 -9999 -9999 -9999 -9999 -9999 -9999 -9999 -9999 1474.265 1459.265 1444.265 1429.265 1414.265 1399.265 1384.265 -9999 -9999 -9999 -9999 -9999 -9999 -9999 -9999
-9999 -9999 2378.345 2372.132 2378.345 2384.558 -9999 2303.345 2297.132 -9999 -9999 2208.198 2201.984 2195.771 2189.558 2195.771 2201.984 -9999 -9999 2132.132 2138.345 2144.558 2150.771 2156.984 2163.198 -9999 1974.411 1968.198 1961.985 1955.772 1949.558 1943.345 1937.132 -9999 1898.345 1892.132 1898.345 1904.558 1910.772 1916.985 1923.198 -9999 1734.411 1728.198 1721.985 1715.772 1709.558 1703.345 1697.132 -9999 -9999 -9999 -9999 1664.558 1670.772 1676.985 1683.198 -9999 1468.051 1453.051 1438.051 1423.051 1408.051 1393.051 1378.051 1363.051 1348.051 1333.051 1318.051 1303.051 1288.051 1273.051 1258.051
-9999 -9999 2363.345 2357.132 2363.345 2369.558 -9999 2288.345 2282.132 -9999 -9999 2193.198 2186.984 2180.771 2174.558 2180.771 2186.984 -9999 -9999 2117.132 2123.345 2129.558 2135.771 2141.984 2148.198 -9999 1959.411 1953.198 1946.985 1940.772 1934.558 1928.345 1922.132 -9999 1883.345 1877.132 1883.345 1889.558 1895.772 1901.985 1908.198 -9999 1719.411 1713.198 1706.985 1700.772 1694.558 1688.345 1682.132 -9999 -9999 -9999 -9999 1649.558 1655.772 1661.985 1668.198 -9999 1461.838 1446.838 1431.838 1416.838 1401.838 1386.838 1371.838 1356.838 1341.838 1326.838 1311.838 1296.838 1281.838 1266.838 1251.838
-9999 -9999 2348.345 2342.132 2348.345 2354.558 -9999 2273.345 2267.132 -9999 -9999 2178.198 2171.984 2165.771 2159.558 2165.771 2171.984 -9999 -9999 2102.132 2108.345 2114.558 2120.771 2126.985 2133.198 -9999 1944.411 1938.198 1931.985 1925.772 1919.558 1913.345 1907.132 -9999 1868.345 1862.132 1868.345 1874.558 1880.772 1886.985 1893.198 -9999 1704.411 1698.198 1691.985 1685.772 1679.558 1673.345 1667.132 -9999 -9999 -9999 -9999 1634.558 1640.772 1646.985 1661.985 -9999 1455.625 1440.625 1425.625 1410.625 1395.625 1380.625 1365.625 1350.625 1335.625 1320.625 1305.625 1290.625 1275.625 1260.625 1245.625
-9999 -9999 2333.345 2327.132 2333.345 2339.558 -9999 2258.345 2252.132 -9999 -9999 2163.198 2156.984 2150.771 2144.558 2150.771 2165.771 -9999 -9999 2087.132 2093.345 2099.558 2105.771 2111.985 2118.198 -9999 1929.411 1923.198 1916.985 1910.772 1904.558 1898.345 1892.132 -9999 1853.345 1847.132 1853.345 1859.558 1865.772 1871.985 1878.198 -9999 1689.411 1683.198 1676.985 1670.772 1664.558 1658.345 1652.132 -9999 -9999 -9999 -9999 1619.558 1625.772 1640.772 1655.772 -9999 1449.411 1434.411 1419.411 1404.411 1389.411 1374.411 1359.411 1344.411 1329.411 1314.411 1299.411 1284.411 1269.411 1254.411 1239.411
-9999 -9999 2318.345 2312.132 2318.345 2324.558 -9999 2243.345 2237.132 -9999 -9999 -9999 2141.984 2135.771 2129.558 -9999 -9999 -9999 -9999 2072.132 2078.345 2084.558 2090.771 2096.985 2103.198 -9999 1923.198 1908.198 1901.985 1895.772 1889.558 1883.345 1877.132 -9999 1838.345 1832.132 1838.345 1844.558 1850.772 1856.985 1863.198 -9999 1683.198 1668.198 1661.985 1655.772 1649.558 1643.345 1637.132 -9999 -9999 -9999 -9999 1604.558 1619.558 1634.558 1649.558 -9999 1443.198 1428.198 1413.198 1398.198 1383.198 1368.198 1353.198 1338.198 1323.198 1308.198 1293.198 1278.198 1263.198 1248.198 1233.198
-9999 -9999 2303.345 2297.132 2303.345 2309.558 -9999 2228.345 2222.132 -9999 -9999 2141.984 2126.985 2120.771 2114.558 2108.345 2102.132 -9999 -9999 2057.132 2063.345 2069.558 2075.771 2081.985 2096.985 -9999 1916.985 1901.985 1886.985 1880.772 1874.558 1868.345 1862.132 -9999 1823.345 1817.132 1823.345 1829.558 1835.772 1841.985 1856.985 -9999 1676.985 1661.985 1646.985 1640.772 1634.558 1628.345 1622.132 -9999 1583.345 1577.132 1583.345 1598.345 1613.345 1628.345 1643.345 -9999 1436.985 1421.985 1406.985 1391.985 1376.985 1361.985 1346.985 1331.985 1316.985 1301.985 1286.985 1271.985 1256.985 1241.985 1226.985
-9999 -9999 2288.345 2282.132 2288.345 2294.558 -9999 2213.345 2207.132 -9999 -9999 2135.771 2120.771 2105.771 2099.558 2093.345 2087.132 -9999 -9999 2042.132 2048.345 2054.558 2060.772 2075.771 2090.771 -9999 1910.772 1895.772 1880.772 1865.772 1859.558 1853.345 1847.132 -9999 1808.345 1802.132 1808.345 1814.558 1820.772 1835.772 1850.772 -9999 1670.772 1655.772 1640.772 1625.772 1619.558 1613.345 1607.132 -9999 1568.345 1562.132 -9999 -9999 -9999 -9999 -9999 -9999 1430.772 1415.772 1400.772 1385.772 1370.772 1355.772 1340.772 1325.772 1310.772 1295.772 1280.772 1265.772 1250.772 1235.772 1220.772
-9999 -9999 2273.345 2267.132 2273.345 2279.558 -9999 2198.345 2192.132 -9999 -9999 2129.558 2114.558 2099.558 2084.558 2078.345 2072.132 -9999 -9999 2027.132 2033.345 2039.558 2054.558 2069.558 2084.558 -9999 1904.558 1889.558 1874.558 1859.558 1844.558 1838.345 1832.132 -9999 1793.345 1787.132 1793.345 1799.558 1814.558 1829.558 1844.558 -9999 1664.558 1649.558 1634.558 1619.558 1604.558 1598.345 1592.132 -9999 1553.345 1547.132 -9999 -9999 -9999 -9999 -9999 -9999 1424.558 1409.558 1394.558 1379.558 1364.558 1349.558 1334.558 1319.558 1304.558 1289.558 1274.558 1259.558 1244.558 1229.558 1214.558
-9999 -9999 2258.345 2252.132 2258.345 2273.345 -9999 2183.345 2177.132 -9999 -9999 2123.345 2108.345 2093.345 2078.345 2063.345 2057.132 -9999 -9999 2012.132 2018.345 2033.345 2048.345 2063.345 2078.345 -9999 1898.345 1883.345 1868.345 1853.345 1838.345 1823.345 1817.132 -9999 1778.345 1772.132 1778.345 1793.345 1808.345 1823.345 1838.345 -9999 1658.345 1643.345 1628.345 1613.345 1598.345 1583.345 1577.132 -9999 1538.345 1532.132 -9999 -9999 -9999 -9999 -9999 -9999 1418.345 1403.345 1388.345 1373.345 1358.345 1343.345 1328.345 1313.345 1298.345 1283.345 1268.345 1253.345 1238.345 1223.345 1208.345
-9999 -9999 -9999 2237.132 -9999 -9999 -9999 2177.132 2162.132 -9999 -9999 2117.132 2102.132 2087.132 2072.132 2057.132 2042.132 -9999 -9999 1997.132 -9999 -9999 -9999 -9999 -9999 -9999 -9999 -9999 -9999 -9999 -9999 1817.132 1802.132 -9999 -9999 1757.132 -9999 -9999 -9999 -9999 -9999 -9999 -9999 -9999 -9999 -9999 -9999 1577.132 1562.132 -9999 -9999 1517.132 -9999 -9999 -9999 -9999 -9999 -9999 -9999 -9999 -9999 -9999 1352.132 1337.132 -9999 -9999 -9999 -9999 -9999 -9999 -9999 -9999 -9999
-9999 -9999 2245.919 2230.919 2215.919 2200.919 2185.919 2170.919 2155.919 2140.919 2125.919 2110.919 2095.919 2080.919 2065.919 2050.919 2035.919 2020.919 2005.919 1990.919 1975.919 1960.919 1945.919 1930.919 1915.919 1900.919 1885.919 1870.919 1855.919 1840.919 1825.919 1810.919 1795.919 1780.919 1765.919 1750.919 1735.919 1720.919 1705.919 1690.919 1675.919 1660.919 1645.919 1630.919 1615.919 1600.919 1585.919 1570.919 1555.919 1540.919 1525.919 1510.919 1495.919 1480.919 1465.919 1450.919 1435.919 1420.919 1405.919 1390.919 1375.919 1360.919 1345.919 1330.919 1315.919 1300.919 1285.919 1270.919 1255.919 1240.919 1225.919 1210.919 1195.919
-9999 -9999 2239.706 2224.706 2209.706 2194.706 2179.706 2164.706 2149.706 2134.706 2119.706 2104.706 2089.706 2074.706 2059.706 2044.706 2029.706 2014.706 1999.706 1984.706 1969.706 1954.706 1939.706 1924.706 1909.706 1894.706 1879.706 1864.706 1849.706 1834.706 1819.706 1804.706 1789.706 1774.706 1759.706 1744.706 1729.706 1714.706 1699.706 1684.706 1669.706 1654.706 1639.706 1624.706 1609.706 1594.706 1579.706 1564.706 1549.706 1534.706 1519.706 1504.706 1489.706 1474.706 1459.706 1444.706 1429.706 1414.706 1399.706 1384.706 1369.706 1354.706 1339.706 1324.706 1309.706 1294.706 1279.706 1264.706 1249.706 1234.706 1219.706 1204.706 1189.706
-9999 -9999 2245.919 2230.919 2215.919 2200.919 2185.919 2170.919 2155.919 2140.919 2125.919 2110.919 2095.919 2080.919 2065.919 2050.919 2035.919 2020.919 2005.919 1990.919 1975.919 1960.919 1945.919 1930.919 1915.919 1900.919 1885.919 1870.919 1855.919 1840.919 1825.919 1810.919 1795.919 1780.919 1765.919 1750.919 1735.919 1720.919 1705.919 1690.919 1675.919 1660.919 1645.919 1630.919 1615.919 1600.919 1585.919 1570.919 1555.919 1540.919 1525.919 1510.919 1495.919 1480.919 1465.919 1450.919 1435.919 1420.919 1405.919 1390.919 1375.919 1360.919 1345.919 1330.919 1315.919 1300.919 1285.919 1270.919 1255.919 1240.919 1225.919 1210.919 1195.919
-9999 -9999 2252.132 2237.132 2222.132 2207.132 2192.132 2177.132 2162.132 2147.132 2132.132 2117.132 2102.132 2087.132 2072.132 2057.132 2042.132 2027.132 2012.132 1997.132 1982.132 1967.132 1952.132 1937.132 1922.132 1907.132 1892.132 1877.132 1862.132 1847.132 1832.132 1817.132 1802.132 1787.132 1772.132 1757.132 1742.132 1727.132 1712.132 1697.132 1682.132 1667.132 1652.132 1637.132 1622.132 1607.132 1592.132 1577.132 1562.132 1547.132 1532.132 1517.132 1502.132 1487.132 1472.132 1457.132 1442.132 1427.132 1412.132 1397.132 1382.132 1367.132 1352.132 1337.132 1322.132 1307.132 1292.132 1277.132 1262.132 1247.132 1232.132 1217.132 1202.132
-9999 -9999 2258.345 2243.345 2228.345 2213.345 2198.345 2183.345 2168.345 2153.345 2138.345 2123.345 2108.345 2093.345 2078.345 2063.345 2048.345 2033.345 2018.345 2003.345 1988.345 1973.345 1958.345 1943.345 1928.345 1913.345 1898.345 1883.345 1868.345 1853.345 1838.345 1823.345 1808.345 1793.345 1778.345 1763.345 1748.345 1733.345 1718.345 1703.345 1688.345 1673.345 1658.345 1643.345 1628.345 1613.345 1598.345 1583.345 1568.345 1553.345 1538.345 1523.345 1508.345 1493.345 1478.345 1463.345 1448.345 1433.345 1418.345 1403.345 1388.345 1373.345 1358.345 1343.345 1328.345 1313.345 1298.345 1283.345 1268.345 1253.345 1238.345 1223.345 1208.345
-9999 -9999 -9999 -9999 -9999 -9999 -9999 2189.558 -9999 -9999 -9999 -9999 -9999 -9999 -9999 2069.558 2054.558 -9999 -9999 2009.558 -9999 -9999 -9999 -9999 -9999 -9999 1904.558 1889.558 1874.558 1859.558 1844.558 1829.558 1814.558 1799.558 1784.558 1769.558 1754.558 1739.558 1724.558 1709.558 1694.558 -9999 -9999 -9999 -9999 -9999 -9999 1589.558 1574.558 -9999 -9999 1529.558 -9999 -9999 -9999 -9999 -9999 -9999 -9999 -9999 -9999 -9999 -9999 1349.558 1334.558 -9999 -9999 -9999 -9999 -9999 1244.558 1229.558 -9999
-9999 -9999 -9999 -9999 -9999 -9999 -9999 2204.558 -9999 -9999 -9999 -9999 -9999 -9999 -9999 2075.771 2069.558 -9999 -9999 2024.558 -9999 -9999 -9999 -9999 -9999 -9999 1910.772 1895.772 1880.772 1865.772 1850.772 1835.772 1820.772 1805.772 1790.772 1775.772 1760.772 1745.772 1730.772 1715.772 1709.558 -9999 -9999 -9999 -9999 -9999 -9999 1595.772 1589.558 -9999 -9999 1544.558 -9999 -9999 -9999 -9999 -9999 -9999 -9999 -9999 -9999 -9999 -9999 1355.772 1349.558 -9999 -9999 -9999 -9999 -9999 1250.772 1244.558 -9999
-9999 -9999 2285.771 2270.771 2255.771 2240.771 2225.771 2219.558 2225.771 -9999 2156.985 2141.985 2126.985 2111.985 2096.985 2090.771 2084.558 -9999 2045.772 2039.558 2045.772 2060.772 2075.772 2090.772 2105.772 -9999 1916.985 1901.985 1886.985 1871.985 1856.985 1841.985 1826.985 1811.985 1796.985 1781.985 1766.985 1751.985 1736.985 1730.772 1724.558 -9999 1676.985 1661.985 1646.985 1631.985 1616.985 1610.772 1604.558 -9999 1565.772 1559.558 1565.772 1580.772 1595.772 1610.772 1625.772 -9999 1436.985 1421.985 1406.985 1391.985 1376.985 1370.772 1364.558 -9999 1316.985 1301.985 1286.985 1271.985 1265.772 1259.558 -9999
-9999 -9999 2291.984 2276.984 2261.984 2246.984 2240.771 2234.558 2240.771 -9999 2163.198 2148.198 2133.198 2118.198 2111.985 2105.771 2099.558 -9999 2060.772 2054.559 2060.772 2066.985 2081.985 2096.985 2111.985 -9999 1923.198 1908.198 1893.198 1878.198 1863.198 1848.198 1833.198 1818.198 1803.198 1788.198 1773.198 1758.198 1751.985 1745.772 1739.558 -9999 1683.198 1668.198 1653.198 1638.198 1631.985 1625.772 1619.558 -9999 1580.772 1574.558 1580.772 1586.985 1601.985 1616.985 1631.985 -9999 1443.198 1428.198 1413.198 1398.198 1391.985 1385.772 1379.558 -9999 1323.198 1308.198 1293.198 1286.985 1280.772 1274.558 -9999
-9999 -9999 2298.198 2283.198 2268.198 2261.984 2255.771 2249.558 2255.771 -9999 2169.411 2154.411 2139.411 2133.198 2126.985 2120.771 2114.558 -9999 2075.772 2069.559 2075.772 2081.985 2088.198 2103.198 2118.198 -9999 1929.411 1914.411 1899.411 1884.411 1869.411 1854.411 1839.411 1824.411 1809.411 1794.411 1779.411 1773.198 1766.985 1760.772 1754.558 -9999 1689.411 1674.411 1659.411 1653.198 1646.985 1640.772 1634.558 -9999 1595.772 1589.558 1595.772 1601.985 1608.198 1623.198 1638.198 -9999 1449.411 1434.411 1419.411 1413.198 1406.985 1400.772 1394.558 -9999 1329.411 1314.411 1308.198 1301.985 1295.772 1289.558 -9999
-9999 -9999 2304.411 2289.411 2283.198 2276.984 2270.771 2264.558 2270.771 -9999 2175.624 2160.624 2154.411 2148.198 2141.985 2135.771 2129.558 -9999 2090.772 2084.559 2090.772 2096.985 2103.198 2109.411 2124.411 -9999 1935.625 1920.625 1905.625 1890.625 1875.625 1860.625 1845.625 1830.625 1815.625 1800.625 1794.411 1788.198 1781.985 1775.772 1769.558 -9999 1695.625 1680.625 1674.411 1668.198 1661.985 1655.772 1649.558 -9999 1610.772 1604.558 1610.772 1616.985 1623.198 1629.411 1644.411 -9999 1455.625 1440.625 1434.411 1428.198 1421.985 1415.772 1409.558 -9999 1335.625 1329.411 1323.198 1316.985 1310.772 1304.558 -9999
-9999 -9999 2310.624 2304.411 2298.198 2291.984 2285.771 2279.558 2285.771 -9999 2181.837 2175.624 2169.411 2163.198 2156.985 2150.771 2144.558 -9999 2105.772 2099.559 2105.772 2111.985 2118.198 2124.411 2130.624 -9999 1941.838 1926.838 1911.838 1896.838 1881.838 1866.838 1851.838 1836.838 1821.838 1815.625 1809.411 1803.198 1796.985 1790.772 1784.558 -9999 1701.838 1695.625 1689.411 1683.198 1676.985 1670.772 1664.558 -9999 1625.772 1619.558 1625.772 1631.985 1638.198 1644.411 1650.625 -9999 1461.838 1455.625 1449.411 1443.198 1436.985 1430.772 1424.558 -9999 1350.625 1344.411 1338.198 1331.985 1325.772 1319.558 -9999
-9999 -9999 2325.624 2319.411 2313.198 2306.984 2300.771 2294.558 2300.771 -9999 2196.837 2190.624 2184.411 2178.198 2171.985 2165.771 2159.558 -9999 2120.772 2114.559 2120.772 2126.985 2133.198 2139.411 2145.624 -9999 1948.051 1933.051 1918.051 1903.051 1888.051 1873.051 1858.051 1843.051 1836.838 1830.625 1824.411 1818.198 1811.985 1805.772 1799.558 -9999 1716.838 1710.625 1704.411 1698.198 1691.985 1685.772 1679.558 -9999 1640.772 1634.558 1640.772 1646.985 1653.198 1659.411 1665.625 -9999 1476.838 1470.625 1464.411 1458.198 1451.985 1445.772 1439.558 -9999 1365.625 1359.411 1353.198 1346.985 1340.772 1334.558 -9999
-9999 -9999 2340.624 2334.411 2328.198 2321.984 2315.771 2309.558 2315.771 -9999 2211.837 2205.624 2199.411 2193.198 2186.985 2180.771 2174.558 -9999 2135.772 2129.559 2135.772 2141.985 2148.198 2154.411 2160.624 -9999 1954.265 1939.265 1924.265 1909.265 1894.265 1879.265 1864.265 1858.051 1851.838 1845.625 1839.411 1833.198 1826.985 1820.772 1814.558 -9999 1731.838 1725.625 1719.411 1713.198 1706.985 1700.772 1694.558 -9999 1655.772 1649.558 1655.772 1661.985 1668.198 1674.411 1680.625 -9999 1491.838 1485.625 1479.411 1473.198 1466.985 1460.772 1454.558 -9999 1380.625 1374.411 1368.198 1361.985 1355.772 1349.558 -9999
-9999 -9999 2355.624 2349.411 2343.198 2336.984 2330.771 2324.558 2330.771 -9999 2226.837 2220.624 2214.411 2208.198 2201.985 2195.771 2189.558 -9999 2150.772 2144.559 2150.772 2156.985 2163.198 2169.411 2175.624 -9999 1960.478 1945.478 1930.478 1915.478 1900.478 1885.478 1879.265 1873.051 1866.838 1860.625 1854.411 1848.198 1841.985 1835.772 1829.558 -9999 1746.838 1740.625 1734.411 1728.198 1721.985 1715.772 1709.558 -9999 1670.772 1664.558 1670.772 1676.985 1683.198 1689.411 1695.625 -9999 1506.838 1500.625 1494.411 1488.198 1481.985 1475.772 1469.558 -9999 1395.625 1389.411 1383.198 1376.985 1370.772 1364.558 -9999
-9999 -9999 2370.624 2364.411 2358.198 2351.984 2345.771 2339.558 2345.771 -9999 2241.837 2235.624 2229.411 2223.198 2216.985 2210.771 2204.558 -9999 2165.772 2159.559 2165.772 2171.985 2178.198 2184.411 2190.624 -9999 1966.691 1951.691 1936.691 1921.691 1906.691 1900.478 1894.265 1888.051 1881.838 1875.625 1869.411 1863.198 1856.985 1850.772 1844.558 -9999 1761.838 1755.625 1749.411 1743.198 1736.985 1730.772 1724.558 -9999 1685.772 1679.558 1685.772 1691.985 1698.198 1704.411 1710.625 -9999 1521.838 1515.625 1509.411 1503.198 1496.985 1490.772 1484.558 -9999 1410.625 1404.411 1398.198 1391.985 1385.772 1379.558 -9999
-9999 -9999 -9999 2379.411 2373.198 2366.984 2360.771 2354.558 2360.771 -9999 2256.837 2250.624 2244.411 2238.198 2231.985 2225.771 2219.558 -9999 -9999 2174.559 2180.772 2186.985 2193.198 2199.411 2205.624 -9999 1972.904 1957.904 1942.904 1927.904 1921.691 1915.478 1909.265 -9999 -9999 1890.625 1884.411 1878.198 1871.985 1865.772 1859.558 -9999 1776.838 1770.625 1764.411 1758.198 1751.985 1745.772 1739.558 -9999 -9999 1694.558 1700.772 1706.985 1713.198 1719.411 1725.625 -9999 1536.838 1530.625 1524.411 1518.198 1511.985 1505.772 1499.558 -9999 -9999 1419.411 1413.198 1406.985 1400.772 1394.558 -9999
-9999 -9999 -9999 -9999 -9999 -9999 -9999 -9999 -9999 -9999 -9999 -9999 -9999 -9999 -9999 -9999 -9999 -9999 -9999 -9999 -9999 -9999 -9999 -9999 -9999 -9999 -9999 -9999 -9999 -9999 -9999 -9999 -9999 -9999 -9999 -9999 -9999 -9999 -9999 -9999 -9999 -9999 -9999 -9999 -9999 -9999 -9999 -9999 -9999 -9999 -9999 -9999 -9999 -9999 -9999 -9999 -9999 -9999 -9999 -9999 -9999 -9999 -9999 -9999 -9999 -9999 -9999 -9999 -9999 -9999 -9999 -9999 -9999
