contrib/geomasonDemos/riftland/DataFiles/RainData/104.txt
ncols         56
nrows         54
xllcorner     28.264
yllcorner     -5.7719999999999
cellsize      0.25
NODATA_value  -9999
[rows 0 to 24 of 54, columns 0 to 55 of 56]
0.09432143 0.08855159 0.06851668 0.07967024 0.0785282 0.06808594 0.09150352 0.07140163 0.1026313 0.08773783 0.09794559 0.09421838 0.1059547 0.07531355 0.07045997 0.07994507 0.09901601 0.1175319 0.1254722 0.14129 0.08371418 0.06469851 0.08751765 0.1111523 0.1096396 0.1031416 0.1332222 0.0962201 0.09966993 0.1089142 0.1278868 0.1672934 0.1457267 0.1423493 0.1064062 0.1008121 0.1112245 0.1338691 0.1063069 0.1066801 0.1071419 0.06519142 0.09344745 0.1076065 0.1561477 0.1499341 0.2194065 0.128257 0.09558625 0.06149852 0.06147803 0.02938019 0.003550002 0.00338934 0.00470898 0.01587452
0.1224155 0.0892506 0.09022269 0.1082651 0.05811498 0.08251706 0.129604 0.1030733 0.0869301 0.1062339 0.1272696 0.1042832 0.1058063 0.1173421 0.08644801 0.1070463 0.1298572 0.1191993 0.1112155 0.1006992 0.09299765 0.08782705 0.110189 0.1358027 0.1413088 0.1535336 0.154036 0.1442612 0.1319819 0.1193104 0.1058764 0.1546459 0.1363614 0.1161665 0.1244488 0.1120259 0.1517784 0.1584426 0.1179201 0.112235 0.09647229 0.07902577 0.1333956 0.1368783 0.1612012 0.1507141 0.1494495 0.1255272 0.09429293 0.03840167 0.02074333 0.01759901 0.008927519 0.003746015 0.003006863 0.003426088
0.08770403 0.1029507 0.1243429 0.1089286 0.06156656 0.07272991 0.08738039 0.08099536 0.08450755 0.08350982 0.08875879 0.07611946 0.08944395 0.1179417 0.1260728 0.1219327 0.1461475 0.1353853 0.1326777 0.129226 0.146212 0.1457552 0.1480096 0.1265036 0.1439153 0.1541456 0.1417136 0.1573986 0.1382205 0.1202924 0.0970815 0.1818256 0.2003367 0.2194166 0.1703228 0.1746649 0.169342 0.164779 0.1155148 0.07707946 0.1065116 0.1081709 0.1298162 0.1437536 0.1370114 0.162597 0.1749937 0.1175253 0.08290149 0.02063846 0.02199469 0.01317994 0.00541194 0.003429621 0.003857494 0.0006060223
0.05558969 0.078041 0.07911433 0.06784688 0.0580514 0.05475536 0.06094953 0.08681947 0.1042043 0.09567429 0.09794194 0.1047131 0.1014916 0.1611454 0.158499 0.1799089 0.1575433 0.1935213 0.1754805 0.1474183 0.1766898 0.1589136 0.1233943 0.1875618 0.2762069 0.1775555 0.1766735 0.1871929 0.1629731 0.1603621 0.1144869 0.18973 0.2264145 0.2360853 0.2065578 0.149903 0.1517652 0.1557572 0.1173181 0.09212022 0.137943 0.1570432 0.1548439 0.1658049 0.1345575 0.1102719 0.101167 0.05169543 0.03759216 0.03498334 0.02240932 0.00825608 0.003611658 0.003672295 0 0.000831157
0.04565497 0.0595536 0.06627891 0.07280844 0.07106412 0.08942197 0.06910957 0.09627572 0.1326342 0.1583779 0.1681694 0.1493393 0.1282111 0.1428302 0.173414 0.2004727 0.2264331 0.2039968 0.1851266 0.1995611 0.2046104 0.2115094 0.1489356 0.1624203 0.1376801 0.142685 0.1309785 0.1788787 0.1879918 0.1062395 0.1222604 0.1820356 0.1894067 0.2138723 0.1865309 0.1464305 0.1566313 0.1325395 0.09288703 0.08106738 0.1417382 0.1990663 0.1895431 0.1702952 0.09657072 0.05644991 0.04887011 0.03041581 0.03466554 0.0256437 0.02106302 0.003015433 0.001321609 0 0 0
0.07445964 0.06558511 0.05986509 0.09998853 0.1019775 0.08941673 0.06884427 0.08107439 0.07447766 0.1243464 0.1460955 0.1112289 0.1158769 0.1442475 0.2012905 0.2492778 0.2421652 0.179294 0.2089425 0.2094851 0.1756463 0.163599 0.1995058 0.1711018 0.1709078 0.1351669 0.1376371 0.146344 0.1365849 0.09591517 0.1041828 0.1878445 0.1883385 0.1686155 0.1562077 0.1397405 0.1427339 0.1124408 0.04013059 0.08793828 0.1482127 0.1996774 0.1863989 0.1487698 0.1682785 0.09599382 0.06958855 0.04201682 0.02824469 0.02615827 0.008487713 0 0 0 0 0
0.05355157 0.06337295 0.07335259 0.09191415 0.07019242 0.07543682 0.06256546 0.08453592 0.07202683 0.08682271 0.127114 0.1089915 0.193356 0.1365349 0.1292348 0.2190675 0.2216911 0.1757144 0.1819544 0.1386624 0.1534917 0.1548493 0.1848722 0.1664841 0.1468592 0.1425056 0.1109796 0.1190557 0.1022583 0.1155148 0.1311782 0.1385207 0.1748913 0.2271218 0.1467689 0.1334384 0.1216688 0.0620272 0.06439431 0.09900376 0.1265849 0.1312194 0.1336672 0.1170848 0.107565 0.100999 0.1065352 0.05839479 0.05099445 0.02146952 0.01705096 0 0 0 0 0
0.06294781 0.06259394 0.06179374 0.049486 0.05515032 0.1052412 0.07998437 0.09259702 0.08621128 0.1305581 0.1732845 0.2051007 0.270937 0.2216709 0.1483575 0.1857263 0.2118701 0.1883487 0.1343281 0.08623504 0.1285319 0.1287817 0.1421088 0.1598812 0.1463733 0.1350537 0.1057005 0.0910115 0.1040744 0.1251625 0.1123477 0.1228045 0.1322311 0.1397357 0.07912999 0.1311187 0.1575412 0.09459981 0.1127869 0.08713879 0.1180516 0.07475907 0.1219306 0.1232679 0.08959127 0.05368342 0.05427199 0.06399813 0.05796702 0.03037192 0.02495917 0.008821397 0 0 0 0
0.06636179 0.06130301 0.05591188 0.06308568 0.05770495 0.08095222 0.1170685 0.1287896 0.1429745 0.1470755 0.1720928 0.2342966 0.2230366 0.1548031 0.1767834 0.2066153 0.2504177 0.1764235 0.1113114 0.1035443 0.1085718 0.09019403 0.1073771 0.1246123 0.1285928 0.1174955 0.1075549 0.1135671 0.1176727 0.1465627 0.1238269 0.1542294 0.1601955 0.1346008 0.1339965 0.09728236 0.08949403 0.07584094 0.08132955 0.07033529 0.08989771 0.09263794 0.1379821 0.1328009 0.1071916 0.07105321 0.05601303 0.04319036 0.03706204 0.02560605 0.01659779 0.008950663 6.487712e-005 7.307855e-005 0 0
0.06331252 0.07348944 0.06632207 0.05617856 0.05346875 0.0701627 0.08819778 0.1430062 0.1850239 0.1503525 0.1496556 0.1990722 0.1923728 0.1570053 0.1780912 0.2165198 0.2197282 0.1574789 0.1096917 0.1581073 0.1127487 0.05653634 0.1185265 0.1333103 0.1244137 0.1337078 0.1229722 0.09842997 0.08821815 0.1168211 0.1405544 0.180301 0.1587093 0.1868604 0.201816 0.1174995 0.102946 0.08777684 0.07060934 0.0472418 0.08451129 0.102454 0.0920046 0.08494119 0.06066824 0.03922111 0.03325851 0.03436908 0.02037566 0.01055234 0.007311182 0 0 0.007341745 0.0003893599 0.003167443
0.07142638 0.0551654 0.07114834 0.06954374 0.07494683 0.0886601 0.107087 0.156782 0.1409995 0.1297813 0.1583469 0.2374421 0.2811538 0.2072129 0.1890473 0.2046885 0.1529164 0.1523433 0.1847894 0.1601976 0.09757276 0.08130244 0.0838879 0.08097764 0.07911465 0.106596 0.1044154 0.06538068 0.07536983 0.08984621 0.1108208 0.1310856 0.1380598 0.146729 0.1329144 0.07085192 0.07692602 0.05060361 0.05192792 0.05465848 0.09225403 0.146888 0.08410959 0.06536587 0.04830702 0.02657116 0.02910306 0.01241131 0.00309485 0.005839087 0.005648053 0.0004221269 0 0.004036757 0.00174135 0.004194226
0.0671839 0.0556923 0.05901396 0.09013333 0.1017533 0.1218526 0.1216699 0.09449029 0.08505481 0.09656245 0.1430137 0.2241781 0.2577153 0.2510449 0.1637879 0.1830284 0.2291518 0.2605121 0.2696996 0.2287966 0.1744926 0.1416634 0.1388994 0.05778586 0.08233378 0.09266448 0.09845356 0.08622723 0.1005778 0.09426225 0.0937781 0.134365 0.144245 0.1635174 0.09145898 0.07614525 0.05316307 0.05347455 0.05206574 0.06686267 0.06192944 0.08438585 0.07715043 0.05170348 0.04421179 0.04095375 0.03036039 0.01251039 0.005149741 0.002099692 0.004826765 0.002980119 0.01030753 0.00105146 0.001242425 0.003047573
0.06682416 0.07407581 0.06796277 0.0991653 0.07679778 0.1314206 0.1423482 0.1060932 0.09037162 0.1448598 0.1825731 0.3015265 0.349443 0.3411981 0.2487227 0.2330125 0.3299446 0.2955719 0.2269927 0.1975456 0.1690619 0.1075232 0.08643108 0.07214317 0.080446 0.1095207 0.1256716 0.09353275 0.06578456 0.0751954 0.08978355 0.136776 0.1106631 0.09312356 0.03495507 0.05791555 0.06939042 0.05987223 0.05193349 0.05569818 0.06667887 0.06320616 0.04427831 0.0431414 0.04386213 0.04576189 0.03598831 0.009919755 0.003909435 0.003745361 0.0048307 0.0007603411 0.0006069039 0.004684091 0.009198624 0.0005368954
0.07133576 0.09661128 0.0962955 0.09327479 0.07210097 0.1110088 0.12313 0.1117321 0.1105481 0.1371312 0.1516684 0.2423028 0.3455038 0.2968739 0.2646828 0.3565392 0.3750682 0.3681787 0.2072976 0.2097638 0.2990959 0.2115624 0.1251677 0.0952014 0.08432756 0.08182645 0.08830678 0.0732584 0.07844902 0.08863898 0.05755064 0.1190492 0.07648723 0.09221536 0.02996469 0.1042076 0.05959358 0.0480843 0.07566598 0.09081606 0.04900374 0.0359038 0.02534091 0.02026812 0.02510744 0.03696846 0.03194614 0.004220825 0.00541838 0.003088349 0.0071487 0.0007764783 0.0005477049 0.0004921298 0.0004530425 0.0004418314
0.07271102 0.09063373 0.08043506 0.1066812 0.07891597 0.08988924 0.1042992 0.1217622 0.1111374 0.19964 0.1288323 0.1959621 0.3157832 0.2632984 0.2306825 0.2822542 0.3528173 0.3867101 0.3132754 0.2736433 0.3175855 0.2619157 0.2235009 0.1204894 0.07830469 0.04951993 0.0533313 0.04199916 0.07003991 0.05116121 0.04135123 0.03384284 0.03015104 0.03352623 0.04627179 0.06825954 0.04166922 0.03992164 0.07151292 0.06484196 0.03793184 0.03375166 0.02394799 0.01575341 0.01861484 0.03961237 0.02337103 0.01131315 0.004483057 0.001518356 0.005233899 0.0005918878 0.000513406 0.0005205266 0.0005986615 0.005658084
0.05568882 0.1024043 0.1159794 0.1209378 0.138754 0.1187254 0.136282 0.1541777 0.1450239 0.2001615 0.1630934 0.2277611 0.2146893 0.1595602 0.1784324 0.2866225 0.2959766 0.2897996 0.2366545 0.2704046 0.2127486 0.2105165 0.1387602 0.1028681 0.08189905 0.06129718 0.06096179 0.1065637 0.108223 0.09960014 0.07544938 0.09586666 0.05889745 0.05984859 0.06770309 0.03630284 0.03550435 0.04929174 0.09432901 0.0884879 0.05667464 0.05015051 0.03843329 0.03293181 0.03149202 0.03079903 0.02536031 0.007843483 0.01190384 0.001417959 0.00114962 0.0007002109 0.0004830819 0.0004243113 0.0003859499 0.0003211707
0.07133487 0.1167503 0.117306 0.1463863 0.1890385 0.1991932 0.1941553 0.1918477 0.1859205 0.1679786 0.1418261 0.1508135 0.1899936 0.1272829 0.1548976 0.2181187 0.2921528 0.2528196 0.1816872 0.2641267 0.2298245 0.2141934 0.1345115 0.1129782 0.07741562 0.0849153 0.07535253 0.1120983 0.1071801 0.1035885 0.07741018 0.08191767 0.06650004 0.0557835 0.05180971 0.0290049 0.07042006 0.07736138 0.0763314 0.03952247 0.03215528 0.02169695 0.03646629 0.03338572 0.02189306 0.009793426 0.01005711 0.0217703 0.007535046 0.001174442 0.001122291 0.0005125291 0.01132923 0.01083862 0.0003463848 0.002346598
0.08984488 0.1216741 0.1414101 0.1529345 0.1408892 0.1440456 0.1543016 0.1790797 0.1798009 0.1600249 0.133703 0.1601576 0.2045943 0.2445251 0.2422207 0.1927549 0.2058811 0.1726871 0.1778466 0.2290898 0.2069403 0.2369327 0.1642659 0.1016909 0.07327329 0.08094119 0.07876403 0.11071 0.09754112 0.08520032 0.09801328 0.110842 0.08615393 0.06041459 0.05685829 0.05636973 0.1056733 0.1032953 0.09714995 0.04198106 0.03078099 0.01036358 0.02655623 0.007941738 0.004899572 0.003268453 0.004787079 0.001550464 0.001262581 0.001057543 0.0009465862 0.00045871 0.0004689538 0.0003454526 0.002025252 0.0006287401
0.1639697 0.1508739 0.1880371 0.1399782 0.1589692 0.1161548 0.1380166 0.1180389 0.1477336 0.1502271 0.1261054 0.1964043 0.2459643 0.2467836 0.291454 0.2469722 0.2230721 0.1688638 0.1988557 0.19809 0.1960544 0.1736974 0.1660577 0.1134837 0.09011862 0.08542265 0.06462211 0.08645343 0.09020545 0.07673642 0.07852545 0.07813703 0.08058792 0.08988513 0.08902951 0.05485918 0.07738889 0.07777564 0.09872214 0.03765881 0.03582049 0.01026836 0.01116626 0.01956388 0.007681179 0.001948719 0.001674902 0.001399228 0.01505392 0.01241722 0.001036318 0.0008524571 0.004409612 0.006734427 0.002098833 0.0002225968
0.1899176 0.22882 0.1906287 0.1682984 0.1400001 0.1045302 0.09244955 0.126014 0.15074 0.1469971 0.1429405 0.1315141 0.1357126 0.2216363 0.310708 0.2700352 0.1914548 0.1458809 0.1621339 0.1547201 0.1814488 0.1875292 0.1600455 0.1961201 0.1155322 0.1017881 0.07441844 0.09653919 0.09306957 0.08455651 0.0877931 0.08069718 0.07211258 0.09447116 0.1593698 0.1511773 0.08334401 0.0564521 0.04628162 0.04994712 0.02117101 0.01856726 0.02177404 0.0156125 0.008348731 0.006713348 0.005749816 0.004130093 0.004310752 0.004287452 0.003931109 0.003757079 0.007624483 0.005540042 0.003009011 0.008679381
0.1213599 0.1474347 0.1458167 0.1407771 0.1036933 0.0937139 0.1129148 0.1731237 0.1671817 0.1274451 0.1403208 0.1380968 0.1420775 0.1788596 0.2245093 0.1923739 0.1419917 0.200318 0.1629182 0.2005794 0.2178594 0.224617 0.2050471 0.2694762 0.1325045 0.08145004 0.09602606 0.1204349 0.1271675 0.1236513 0.09866701 0.08680005 0.0939552 0.167052 0.2274198 0.09722903 0.05856172 0.03183495 0.02161378 0.02229887 0.03940604 0.02758423 0.01507846 0.01031021 0.008512257 0.00683938 0.00612786 0.005328522 0.007121504 0.005617671 0.004999121 0.005070316 0.01208984 0.0223066 0.004629788 0.007395382
0.1162296 0.1263172 0.106702 0.1413692 0.1055498 0.1123848 0.1391748 0.182086 0.1389443 0.09663719 0.08780055 0.08729847 0.08723993 0.1015634 0.148898 0.1140771 0.09938068 0.1445373 0.1230523 0.2102347 0.2042754 0.2056632 0.169185 0.2105317 0.1338823 0.1068175 0.1178618 0.1551413 0.172723 0.1649703 0.1063711 0.07578438 0.1191793 0.1483867 0.1198668 0.06104607 0.0304992 0.02245802 0.02232114 0.03294458 0.04002703 0.03067108 0.0153444 0.01140318 0.009473491 0.007724338 0.00700529 0.006536879 0.009497669 0.006926781 0.005644847 0.006682106 0.009174979 0.01247344 0.008270722 0.004602056
0.1408816 0.1165457 0.1436183 0.1241845 0.1163099 0.0956012 0.1054222 0.1321301 0.1065627 0.07186972 0.04150407 0.05583533 0.06741163 0.08254615 0.1232132 0.08186705 0.09776033 0.1053483 0.09773088 0.1400109 0.1831853 0.2358029 0.2177277 0.2017122 0.130124 0.1781585 0.1645146 0.1496633 0.1612873 0.1760333 0.1221203 0.06887654 0.09548068 0.1369838 0.135781 0.04279814 0.03257502 0.02436477 0.0220419 0.02069114 0.02819587 0.03244888 0.01642178 0.01251928 0.01041662 0.008589821 0.008250791 0.01029353 0.007987157 0.007249978 0.007967758 0.008462418 0.007635418 0.007166102 0.01123903 0.01091975
0.1243039 0.09721193 0.1000497 0.09065402 0.0558149 0.06558213 0.09331382 0.1040411 0.0733432 0.04491381 0.05011111 0.06527996 0.05572571 0.06566016 0.08501194 0.1134657 0.1249897 0.1012405 0.09112075 0.1358829 0.1771035 0.1879904 0.1593065 0.1925155 0.2055486 0.2123497 0.178297 0.1587557 0.1623184 0.1303291 0.09050719 0.07761661 0.09656912 0.1938557 0.179371 0.07607798 0.0335625 0.02864324 0.02474464 0.02830516 0.02148238 0.02077491 0.01872811 0.01136956 0.009754244 0.008297369 0.007866163 0.007476165 0.007647459 0.007918303 0.007755568 0.0101961 0.009998715 0.008880176 0.00778681 0.006913058
0.1403992 0.0801379 0.06748058 0.0510851 0.03862195 0.0508776 0.09559968 0.06360908 0.04006061 0.04644877 0.05890115 0.07449083 0.07022347 0.07074977 0.1055975 0.08646685 0.06441512 0.06765144 0.08454479 0.09932835 0.09250526 0.1259975 0.1482714 0.1395449 0.1696914 0.177442 0.1998199 0.1865572 0.1710151 0.1384367 0.1214001 0.08231121 0.1161817 0.1907485 0.1472122 0.07728738 0.03280681 0.02830868 0.02103483 0.02169392 0.02195857 0.02135856 0.01931758 0.01231363 0.01054834 0.009011978 0.008552609 0.008232991 0.008368396 0.008650789 0.008504651 0.01138799 0.01072277 0.01019501 0.01043385 0.009164168
