contrib/geomasonDemos/riftland/DataFiles/RainData/104.txt
ncols         56
nrows         54
xllcorner     28.264
yllcorner     -5.7719999999999
cellsize      0.25
NODATA_value  -9999
[rows 25 to 49 of 54, columns 0 to 55 of 56]
0.1349647 0.08478875 0.0483053 0.05009967 0.06412079 0.06131265 0.06662294 0.03549128 0.03871998 0.04824848 0.05918938 0.08785451 0.0695012 0.08408821 0.1019455 0.07330192 0.09368333 0.08787038 0.08091593 0.07335451 0.07658646 0.0812648 0.1072688 0.1415443 0.2264471 0.2560555 0.2132875 0.230569 0.2193668 0.1886165 0.131838 0.08958438 0.1992106 0.2326536 0.2027804 0.0902178 0.04402088 0.02115424 0.01859893 0.02114028 0.02170824 0.02118172 0.01918337 0.01254761 0.01077062 0.009232848 0.01880692 0.02814725 0.008741176 0.01041371 0.01422513 0.01263857 0.01165767 0.01405573 0.02839323 0.009672541
0.1435528 0.1111226 0.0903255 0.05498773 0.07445069 0.1198932 0.09974112 0.05871188 0.03512562 0.06168021 0.0838983 0.08122472 0.05510951 0.04139937 0.07965057 0.06434789 0.06337678 0.08596779 0.08330222 0.08461671 0.08693354 0.07278934 0.0966185 0.1279575 0.1858484 0.2186808 0.1587287 0.2306168 0.2099122 0.1374248 0.1702193 0.132277 0.1837884 0.1813839 0.1194009 0.05504324 0.05856615 0.02174484 0.02027606 0.02300547 0.021343 0.02076122 0.01892509 0.01366924 0.01187673 0.009481281 0.01098144 0.0236096 0.009138926 0.009533135 0.00964303 0.02466135 0.02715701 0.01227113 0.01739782 0.010989
0.1088409 0.1033815 0.0986844 0.08637008 0.07872758 0.1235413 0.08471 0.04448953 0.05202573 0.07615394 0.06271397 0.09676703 0.09591628 0.09039616 0.100862 0.09100954 0.09517723 0.1346207 0.1232153 0.1187977 0.1505478 0.1043833 0.07641432 0.1094661 0.1312877 0.1690249 0.1763528 0.1897611 0.1889601 0.1578982 0.170872 0.1620311 0.1775062 0.1113443 0.07397789 0.04484074 0.06643477 0.03942993 0.02770155 0.02141275 0.02525587 0.02218801 0.01989106 0.01143858 0.01008274 0.009404492 0.008551653 0.008807117 0.009075308 0.009639148 0.009948676 0.01625744 0.02037066 0.03398465 0.01959496 0.01295308
0.1224221 0.1358168 0.1358712 0.0987724 0.098189 0.1124817 0.08697955 0.04840356 0.04414579 0.06029605 0.06320066 0.09456131 0.1153417 0.1425327 0.129838 0.1257016 0.1100517 0.1051295 0.108689 0.09986769 0.1309604 0.1066367 0.1059278 0.1273001 0.1365212 0.1576383 0.2023403 0.2511382 0.2202659 0.1626733 0.1615976 0.1595347 0.1526186 0.1237027 0.06343765 0.05123303 0.0572586 0.05095392 0.03422917 0.02346735 0.02016725 0.01976928 0.0179499 0.01089786 0.00989978 0.0103323 0.0101929 0.008803708 0.009893216 0.009969364 0.01041324 0.02646613 0.02602073 0.01876621 0.03835302 0.01406938
0.1358913 0.1683291 0.1461342 0.08069286 0.08431574 0.06902438 0.05352524 0.0288994 0.04476423 0.07989154 0.09984225 0.1156938 0.1197733 0.133865 0.1011517 0.1120649 0.08908822 0.0964542 0.09146269 0.0823466 0.075376 0.07989988 0.09875303 0.1598769 0.179243 0.1729806 0.2271295 0.2269414 0.1764916 0.1559402 0.1512192 0.1539569 0.171971 0.1464515 0.1097023 0.07698748 0.06593528 0.0720788 0.05282351 0.03174515 0.01893369 0.0181155 0.01658692 0.01002694 0.008883454 0.007997341 0.008365474 0.009822828 0.01108204 0.01078682 0.01125172 0.01532312 0.04792543 0.05435375 0.04782854 0.03166279
0.1924475 0.1528784 0.1076786 0.07358573 0.05045616 0.03293096 0.02485956 0.02154554 0.06061038 0.09659784 0.09308597 0.08801378 0.07856149 0.07012853 0.0841324 0.09440232 0.09785598 0.1109422 0.07411531 0.07875711 0.1084143 0.08305007 0.08239058 0.1258585 0.1447037 0.1517339 0.1991827 0.178104 0.2080856 0.1876757 0.1519295 0.1725681 0.1755527 0.1233809 0.1494482 0.0928908 0.08657183 0.05103986 0.04098605 0.01867581 0.01747464 0.01636276 0.01525904 0.009329038 0.008449685 0.007872273 0.008271964 0.009603976 0.01041735 0.01173719 0.0127116 0.03960145 0.104942 0.1005342 0.07717875 0.06109125
0.1259379 0.1066671 0.07731918 0.04901961 0.03224375 0.03262444 0.03244529 0.04363214 0.06002496 0.06524437 0.07286493 0.09771466 0.1044333 0.07965966 0.06798481 0.09016752 0.09079162 0.09037762 0.09607594 0.1084049 0.1073873 0.09148587 0.06729878 0.07252261 0.1039262 0.09561834 0.1114822 0.1377345 0.1718609 0.1725239 0.1457904 0.1592599 0.1509458 0.125237 0.08999203 0.07705302 0.08401983 0.03733571 0.0303826 0.01712272 0.01590633 0.0142269 0.0134826 0.007920546 0.007495017 0.007326063 0.007928121 0.01052832 0.01200185 0.02383925 0.01545759 0.07717425 0.1430715 0.122049 0.06271151 0.03612182
0.1363934 0.1088611 0.07416827 0.04076611 0.04533541 0.03362367 0.03364465 0.04957321 0.05516129 0.0478884 0.03565789 0.07843223 0.07417687 0.05751493 0.0632162 0.1283251 0.1300173 0.1241988 0.100095 0.1163098 0.1179715 0.1057309 0.07996242 0.06184814 0.07244311 0.09059361 0.0940673 0.1056753 0.1475703 0.1622379 0.1408758 0.1177401 0.1055863 0.1068802 0.05519907 0.04023591 0.037659 0.02787873 0.02283415 0.01593105 0.01469852 0.01278532 0.01224244 0.007352838 0.007142016 0.00722451 0.008107443 0.01122414 0.01704875 0.0467026 0.03868668 0.09200748 0.1515186 0.1002581 0.05733797 0.04401706
0.121009 0.1035192 0.07454871 0.06407076 0.04987132 0.03338674 0.04189569 0.04773333 0.05837971 0.03619128 0.0156157 0.04846264 0.0647929 0.05433507 0.06920592 0.1205909 0.1239759 0.1194721 0.09925225 0.1066337 0.1356745 0.107451 0.06458055 0.04649278 0.05196586 0.09441164 0.09966132 0.1100233 0.09955689 0.1287359 0.1180571 0.09560625 0.08600363 0.06577928 0.06324266 0.04717575 0.04103261 0.02394231 0.02166462 0.01498674 0.01368729 0.01195258 0.01159483 0.007262872 0.00742283 0.007915154 0.009065134 0.01304422 0.01877132 0.03163891 0.03093703 0.06010115 0.07049501 0.05009173 0.05579057 0.04386595
0.1254008 0.1052826 0.08255465 0.06021443 0.05835073 0.05023141 0.03923344 0.04624772 0.05104669 0.03251273 0.02413889 0.06371851 0.07261463 0.05088215 0.06837685 0.08511323 0.1125072 0.124786 0.1077898 0.1279974 0.1418427 0.09450398 0.05796086 0.0460192 0.06269331 0.1036529 0.1162119 0.1021951 0.0908994 0.07829957 0.06799216 0.0775246 0.08988532 0.05010591 0.05515407 0.05471828 0.03452898 0.0262734 0.02100994 0.01437064 0.01385155 0.01165191 0.011606 0.007559648 0.008169802 0.009012079 0.01057147 0.01571531 0.01842268 0.02460879 0.03218687 0.04152626 0.04699919 0.06225198 0.04117838 0.03862892
0.1451281 0.1284578 0.1035405 0.1147672 0.09106663 0.08784026 0.06901638 0.07039572 0.08460449 0.07011931 0.05876021 0.05023497 0.04531592 0.04895525 0.05038634 0.07874485 0.1004862 0.1137985 0.1054933 0.1151025 0.1276629 0.07315001 0.059071 0.04146331 0.07170475 0.08657528 0.09401914 0.08523995 0.08047077 0.05787685 0.06351999 0.06277958 0.04848222 0.04849013 0.04910926 0.04559318 0.02667667 0.01870204 0.01624639 0.00990763 0.008230679 0.006509064 0.008205422 0.009286953 0.01080268 0.01228072 0.01458147 0.02061636 0.0240432 0.02689548 0.02935456 0.03091421 0.05372513 0.07819295 0.08134628 0.0420067
0.1791201 0.1054424 0.07096315 0.1036131 0.08778714 0.08424609 0.0837313 0.06494309 0.07138122 0.05209176 0.05597637 0.05522246 0.04176912 0.05263922 0.05390748 0.08457117 0.09088422 0.08834398 0.09236102 0.1000488 0.09872141 0.05855799 0.04047152 0.06316536 0.08158159 0.0959241 0.08917504 0.1203641 0.0571918 0.05101833 0.04668015 0.03734646 0.03103932 0.05089698 0.03922764 0.0362746 0.03576213 0.02035594 0.0179293 0.01509034 0.007853689 0.006568611 0.008507898 0.009672206 0.01136224 0.0132018 0.01637216 0.02336197 0.02719387 0.03024946 0.03210206 0.0327507 0.04096989 0.06706895 0.08455098 0.06745637
0.157242 0.09940115 0.05756933 0.06868038 0.06385396 0.06699295 0.06615182 0.08037689 0.06812422 0.04400392 0.04476381 0.04597785 0.04607654 0.05245483 0.06802201 0.08574019 0.07990193 0.08671702 0.09878176 0.0833086 0.0715218 0.04802255 0.04135042 0.0737254 0.09234045 0.1127975 0.08969002 0.1129808 0.05710488 0.07065127 0.04021696 0.02851077 0.023408 0.02617287 0.02913771 0.03002756 0.02501361 0.02294941 0.01927164 0.01910571 0.01527759 0.01579035 0.01137223 0.00988563 0.0119873 0.01418787 0.01891681 0.02630625 0.03015953 0.03309367 0.03484382 0.05755039 0.03654964 0.05167514 0.05592674 0.01839568
0.1478773 0.1052025 0.047721 0.08159106 0.06306992 0.06148443 0.0501263 0.05712203 0.04486224 0.03948349 0.0535724 0.0401383 0.03950329 0.04816089 0.0706355 0.08651787 0.09424899 0.08535922 0.08698432 0.05560786 0.04898394 0.04265297 0.02879228 0.04661196 0.06062137 0.041084 0.04621496 0.07177287 0.05054228 0.03735314 0.02536334 0.02070926 0.021007 0.02281529 0.02207406 0.01629975 0.01906843 0.01446611 0.01387467 0.01706343 0.01444955 0.008616278 0.01191585 0.01170504 0.01319539 0.01574407 0.01811237 0.02857154 0.03258961 0.03489927 0.03725507 0.04143301 0.05644811 0.040752 0.03018726 0.01585305
0.1632489 0.09492532 0.05261973 0.08521824 0.0759818 0.05841055 0.0464448 0.04732104 0.04248124 0.05939817 0.04759975 0.04787345 0.04815015 0.03297293 0.0705487 0.09770704 0.1115317 0.1170693 0.06616876 0.06185066 0.04228121 0.03143 0.02478043 0.02715384 0.02699508 0.02709326 0.03735859 0.0413547 0.04693237 0.01800603 0.00784405 0.0138237 0.01184075 0.01257718 0.01221653 0.009560858 0.009441743 0.009049561 0.008510057 0.007309619 0.007095015 0.004886509 0.006242577 0.01484952 0.01857808 0.02258727 0.02781106 0.03469002 0.0390212 0.05457263 0.03984842 0.0380821 0.05226643 0.04897448 0.03460432 0.01390706
0.1754534 0.07142449 0.04322367 0.07484453 0.0726593 0.05408446 0.04838239 0.05142013 0.07428207 0.04939676 0.05653521 0.05515877 0.06903942 0.08387049 0.1043824 0.09933851 0.0947348 0.1021902 0.06453007 0.03560049 0.04888019 0.02839139 0.03344708 0.02316316 0.03468057 0.04383893 0.03969963 0.03095112 0.02908017 0.01141836 0.005947294 0.00895958 0.00934709 0.008621105 0.008672407 0.007516559 0.006828044 0.00628417 0.006043043 0.007866869 0.006892675 0.005171563 0.006758315 0.01615883 0.02094059 0.02494193 0.03036571 0.03534734 0.05545129 0.04007927 0.06734419 0.0402197 0.03294284 0.03683333 0.03229345 0.02186334
0.1727699 0.07009372 0.03559285 0.05299507 0.05597975 0.06595685 0.05003808 0.05352577 0.05319686 0.05644419 0.04623888 0.03806743 0.04447699 0.04497865 0.05585934 0.07706517 0.09801428 0.08770229 0.06886739 0.03053281 0.02404976 0.02692568 0.03289605 0.02215013 0.06075988 0.05913563 0.03257426 0.02713847 0.02380359 0.01057685 0.005078193 0.008194208 0.007268691 0.007634426 0.007704525 0.005893258 0.005149171 0.004919233 0.005619724 0.005186323 0.003537027 0.003078299 0.007857473 0.01813183 0.02372903 0.02862353 0.03326795 0.05070459 0.0633228 0.05542171 0.08120677 0.04275121 0.0287347 0.04466671 0.0473127 0.02411219
0.122688 0.05369426 0.02542351 0.04357919 0.05987549 0.05802672 0.05822098 0.05903468 0.05931255 0.0620516 0.0550988 0.04573803 0.04003978 0.03937441 0.03563157 0.0345096 0.04889451 0.0604015 0.07063328 0.02379358 0.02554803 0.02039246 0.02422779 0.01999214 0.03740298 0.0284324 0.01613947 0.01702244 0.02086075 0.01392878 0.01415505 0.006084822 0.006877406 0.006909402 0.007158739 0.006130532 0.01601591 0.004193678 0.004653723 0.006076991 0.003947904 0.005131805 0.009759595 0.02174323 0.02642679 0.03891194 0.04225251 0.04844534 0.04115518 0.05460405 0.0627666 0.03488455 0.02860525 0.04155786 0.05283957 0.02529242
0.1287687 0.07152001 0.02053118 0.02930779 0.05253533 0.04536612 0.031288 0.04314832 0.02741908 0.04677665 0.0305792 0.02749195 0.02524745 0.01740303 0.01489138 0.01964669 0.02162738 0.0242188 0.01636371 0.02755002 0.03610676 0.02987476 0.02258902 0.05005413 0.06703646 0.05437209 0.0273566 0.01877833 0.004687634 0.002679866 0.001809622 0.001423468 0.001848617 0.002861698 0.002264654 0.007448993 0.05515531 0.001972188 0.002079623 0.005233811 0.003906962 0.008113975 0.01559334 0.03719834 0.04615916 0.04996531 0.04835036 0.04274104 0.04478094 0.04401101 0.03228308 0.02697179 0.03307076 0.02706498 0.03570792 0.01229839
0.1305316 0.0956223 0.02943124 0.02188129 0.0454523 0.02242394 0.02893467 0.05671793 0.02712098 0.03415852 0.02874005 0.02175375 0.03065646 0.02586599 0.02545583 0.02332431 0.02874152 0.0253616 0.01542963 0.01808553 0.02419004 0.01537245 0.02291596 0.05548047 0.08346108 0.05417568 0.03956169 0.01401898 0.001260033 0.0008830085 0.003500672 0.0006932684 0.001711089 0.001357985 0.001171877 0.003238982 0.00509966 0.002189959 0.001824984 0.003909606 0.005456233 0.009979143 0.01786734 0.0438599 0.06147447 0.04882242 0.05091399 0.05568543 0.0690987 0.03965631 0.03822378 0.03187446 0.03917606 0.04419555 0.03099526 0.01495968
0.07655589 0.03357424 0.0166905 0.01275817 0.01305834 0.01915428 0.02935093 0.05414169 0.06712347 0.02423973 0.02263221 0.02648681 0.03262657 0.03020513 0.03167325 0.02335628 0.0152477 0.01539821 0.01595063 0.02042166 0.0142485 0.01423132 0.0113033 0.01570428 0.02285393 0.0308502 0.02685544 0.01745736 0.001948457 0.0003875922 0.01105274 0.0003056493 0.001014626 0.000349461 0.0006223604 0.0009216111 0.001169133 0.001868365 0.002388021 0.007021237 0.009816743 0.01426945 0.02010882 0.04740899 0.05741693 0.06333665 0.0662457 0.06948469 0.09726552 0.06432097 0.05868541 0.03387062 0.04492432 0.03031104 0.02437207 0.007056451
0.03378484 0.01722504 0.01197819 0.01224456 0.008585045 0.01255615 0.02507582 0.05667793 0.03940472 0.01380283 0.05000305 0.0578001 0.03098821 0.01214309 0.0101787 0.008165518 0.01304348 0.01335179 0.0214154 0.02279691 0.02151677 0.01199749 0.005983207 0.005590052 0.005311951 0.01733673 0.04747124 0.03727347 0.002532539 0.001093045 0.0002887421 0.0003460063 0.0006831833 0.0001137542 0.0003283946 0.001022049 0.002239906 0.002183138 0.003797182 0.008811532 0.01250711 0.01773784 0.02283435 0.06163733 0.05398823 0.05772072 0.05766853 0.07707972 0.05316598 0.05688219 0.06654336 0.05228731 0.0483123 0.04963222 0.02707265 0.007217742
0.03409357 0.04565655 0.003996077 0.006247542 0.005146402 0.01541423 0.02503548 0.02879535 0.01730693 0.01259118 0.03662682 0.03670822 0.01873826 0.01214517 0.01961864 0.01487176 0.01687669 0.01343045 0.01523748 0.01302768 0.009410247 0.00711856 0.006399632 0.005745382 0.01181849 0.00883013 0.03180107 0.03503601 0.004079883 6.378467e-005 5.040335e-005 8.035152e-006 4.986994e-006 0.0003114044 1.553859e-005 0.003166508 0.004987395 0.003467425 0.006201966 0.0166596 0.02305489 0.02080338 0.02680033 0.04745287 0.05326828 0.04946592 0.05098978 0.04776733 0.05508345 0.04384496 0.05248122 0.03185484 0.03435484 0.02762097 0.01891129 0.01451613
0.03518659 0.022901 0.004053042 0.007534247 0.005116378 0.007694914 0.009626799 0.01176061 0.01279184 0.01475496 0.01789057 0.01773256 0.01225146 0.007078861 0.02128912 0.02081213 0.01100369 0.01030045 0.008808644 0.01412554 0.01233292 0.01039231 0.007778052 0.006526664 0.003925629 0.002004709 0.003413252 0.0006155386 0.0002616475 3.082179e-005 5.838508e-005 0.0008137761 0.001310029 6.291754e-006 1.621879e-005 0.001475624 0.003061823 0.004733459 0.007137782 0.01361917 0.02810758 0.02707414 0.03269191 0.06044642 0.0715849 0.07096146 0.07559387 0.04752177 0.05381572 0.05028647 0.05412035 0.01556451 0.04725807 0.02625 0.01737903 0.0178629
0.030699 0.007669623 0.005620458 0.003343649 0.001396107 0.004405269 0.00608155 0.008517956 0.009155571 0.0114608 0.006325264 0.006745028 0.00905839 0.009109901 0.02042246 0.01340456 0.004877213 0.005148487 0.0039294 0.004912075 0.007874725 0.007884855 0.005387395 0.002157845 0.002233576 0.001127663 0.0009791326 0.0006289955 5.041617e-005 1.386763e-005 1.038617e-005 1.536173e-006 7.694672e-007 6.637904e-006 0.000108605 0.00275982 0.004167303 0.005781831 0.008089174 0.01471014 0.04621926 0.03235482 0.03820734 0.04640992 0.06671447 0.0838452 0.08620206 0.04891017 0.04500526 0.04999207 0.05591467 0.01540323 0.02927419 0.01826613 0.01379032 0.02766129
