contrib/geomasonDemos/riftland/DataFiles/RainData/109.txt
ncols         56
nrows         54
xllcorner     28.264
yllcorner     -5.7719999999999
cellsize      0.25
NODATA_value  -9999
[rows 0 to 27 of 54, columns 0 to 55 of 56]
0 0.002427275 0.0001448435 0.0005561315 0.001295874 0.02154778 0.009285422 0.002127027 0.002562384 0.003170832 0.00380949 0.004270247 0.004387409 0.004989959 0.005949048 0.006096927 0.006393048 0.02913947 0.02852294 0.009637629 0.008916164 0.007232671 0.01504194 0.03284639 0.02289318 0.02460848 0.04500346 0.06935596 0.06997415 0.1299033 0.0875362 0.1087533 0.124389 0.1210459 0.1320218 0.2822613 0.2119094 0.1249657 0.126098 0.1123864 0.09988873 0.1393469 0.1744705 0.1105462 0.1194898 0.1046338 0.07460266 0.06566011 0.06563528 0.06588794 0.07062094 0.06657734 0.0668577 0.06711549 0.06725706 0.06739984
0.006483896 0.0007821259 0.0009926233 0.001792171 0.002117048 0.004616914 0.01563691 0.007642011 0.00410183 0.007690437 0.005476155 0.006025017 0.006219354 0.007506514 0.007392779 0.008329617 0.01867031 0.02349292 0.02076202 0.01287823 0.008906369 0.01612689 0.04116075 0.03676514 0.03581967 0.02313532 0.04723593 0.06971967 0.0612774 0.1075603 0.09065027 0.1297333 0.1495421 0.2272013 0.1896472 0.2874268 0.1933199 0.1223586 0.09885892 0.09188566 0.1536442 0.2269088 0.1102236 0.1146891 0.0981518 0.09950938 0.0735943 0.06546123 0.06850437 0.06610312 0.06646619 0.0667736 0.06702498 0.06725246 0.06737547 0.06750379
0.005780853 0.004324388 0.002007195 0.007157055 0.00357196 0.004160716 0.004731295 0.006484404 0.007110814 0.006514205 0.009002066 0.007864572 0.008138926 0.008936875 0.009497515 0.01063524 0.02079257 0.0183664 0.01826969 0.03280667 0.02560585 0.01980292 0.04359179 0.03753151 0.02970573 0.03263075 0.05257346 0.03916104 0.0688413 0.1617703 0.1189231 0.1719637 0.1757306 0.2560813 0.229612 0.2932144 0.2045808 0.1823658 0.1812246 0.1305197 0.191546 0.2162599 0.2581203 0.1528272 0.1704012 0.1433686 0.1059193 0.06681607 0.06589386 0.06614567 0.06649802 0.06679758 0.0670278 0.06722634 0.06735221 0.06747784
0.01067285 0.01106971 0.004646637 0.006273911 0.005543004 0.006156969 0.008158084 0.007690063 0.01581288 0.008557077 0.009391456 0.01655445 0.01035129 0.01125293 0.0119277 0.01277647 0.01616285 0.01631721 0.0230296 0.02884243 0.03158812 0.03808696 0.04120724 0.04097312 0.0441784 0.04391908 0.0639443 0.06829511 0.05379443 0.08909834 0.1161769 0.155972 0.2414114 0.2632418 0.2049919 0.2320523 0.1975008 0.163182 0.1226147 0.1428269 0.2171707 0.3431149 0.2487511 0.1389107 0.1860765 0.1391983 0.1319917 0.07611097 0.06622725 0.06614813 0.06648726 0.06677499 0.06699733 0.06718164 0.06730331 0.06743644
0.02131308 0.02179101 0.006624213 0.007239454 0.007585908 0.008054918 0.008553052 0.01213351 0.01442974 0.01060779 0.01160342 0.02673469 0.02664466 0.01343641 0.01687038 0.01926291 0.02011272 0.02071408 0.03049785 0.04177173 0.02428661 0.02517804 0.033766 0.03982768 0.04443337 0.06001089 0.08154739 0.08522661 0.0623601 0.07116859 0.1257998 0.1809835 0.2509905 0.4083995 0.2757719 0.2332645 0.2194826 0.15708 0.1278854 0.205244 0.1994082 0.155477 0.13354 0.108012 0.1012205 0.1151435 0.1099466 0.07044274 0.06619477 0.06610472 0.06643789 0.06671952 0.06693746 0.06711622 0.06723361 0.06736317
0.01313556 0.05687033 0.008817533 0.009509331 0.01269233 0.01076944 0.01095603 0.01381175 0.0146392 0.01395327 0.03101844 0.0280362 0.01522209 0.02442258 0.02870203 0.02185341 0.03125026 0.03227283 0.03529035 0.04744228 0.05124017 0.05305379 0.05378446 0.0448348 0.0653902 0.06775238 0.1293377 0.09920834 0.09980685 0.09085776 0.1417605 0.2064253 0.2558463 0.2189 0.1988266 0.2061956 0.1826368 0.1461826 0.1267562 0.1541043 0.1546489 0.1060965 0.08818748 0.08121646 0.07860935 0.07800934 0.06635594 0.06547433 0.06581603 0.06604084 0.0663697 0.06664257 0.06685276 0.06702471 0.0671367 0.06726108
0.009944372 0.05534239 0.01554594 0.0148533 0.01439492 0.01482657 0.01345312 0.02435683 0.03672227 0.02566225 0.03506063 0.03141675 0.01802723 0.02827942 0.02872714 0.04693925 0.06397769 0.04642401 0.04235009 0.03598014 0.05152056 0.04026569 0.05189471 0.04597963 0.05206191 0.05640464 0.0681275 0.08642256 0.1255178 0.151164 0.1664349 0.2145806 0.2083728 0.2257104 0.2230591 0.1985581 0.1657634 0.1490307 0.1083217 0.0971087 0.09623744 0.07707492 0.07862326 0.07724974 0.07625951 0.0774295 0.06706119 0.06544707 0.06578526 0.0659965 0.066319 0.06658243 0.06678525 0.06702799 0.0670532 0.06717387
0.01314417 0.01366396 0.01453916 0.01546288 0.01600205 0.01643273 0.02159701 0.03201346 0.03212956 0.03854872 0.04602776 0.0361716 0.02190946 0.02332558 0.03372024 0.06953935 0.06743723 0.05717516 0.03797537 0.05743413 0.03993123 0.03911917 0.05099878 0.04465117 0.04101988 0.06345244 0.07446132 0.08577162 0.1225127 0.1715914 0.2325908 0.3008698 0.2970525 0.2872551 0.1738366 0.2689857 0.1721199 0.1270396 0.09021004 0.1015613 0.0845542 0.07232735 0.08307026 0.07594047 0.07534274 0.07270367 0.06719884 0.06718556 0.06732841 0.06721392 0.06749994 0.06651874 0.06671496 0.06686918 0.06697176 0.06709342
0.03049478 0.01655265 0.01745483 0.01841778 0.01900985 0.0194253 0.02587716 0.03565588 0.0414708 0.03709783 0.04162662 0.03408154 0.02472152 0.02601004 0.04338023 0.06326577 0.04850741 0.03482557 0.04585241 0.04566899 0.03733914 0.03825516 0.04285513 0.04806468 0.05095334 0.07643973 0.09127979 0.1182622 0.1468713 0.2031664 0.2641322 0.2473157 0.2531692 0.2792516 0.1144432 0.1809119 0.1539512 0.1204617 0.08511076 0.088437 0.08335921 0.075482 0.07211784 0.06737992 0.06735481 0.06722494 0.06722118 0.06712914 0.06726191 0.06716815 0.06742823 0.06643425 0.06661607 0.06675225 0.06684858 0.06696675
0.02121504 0.02492618 0.02256633 0.02349021 0.02739666 0.03061807 0.03380037 0.03108993 0.03431186 0.04175919 0.03569509 0.03833561 0.02918059 0.0303192 0.04126148 0.04280019 0.03424677 0.04578403 0.05287862 0.04133437 0.04370561 0.06234551 0.06236769 0.05755885 0.05814693 0.08513893 0.1221505 0.1028061 0.09268492 0.1213945 0.1611061 0.1753096 0.137038 0.0993161 0.08661575 0.1163959 0.1005185 0.09427158 0.07772363 0.08135585 0.09574405 0.09386135 0.07133993 0.07349997 0.07010329 0.06724428 0.06716417 0.06700534 0.06700079 0.06834661 0.06920961 0.06633989 0.06651236 0.06663626 0.06672584 0.06683717
0.02623644 0.0354196 0.03599049 0.0369669 0.03625903 0.03762139 0.03826952 0.03592392 0.03687886 0.03752412 0.04962131 0.04296639 0.03343378 0.03518422 0.04832411 0.03998196 0.03757025 0.05385976 0.0465394 0.03949986 0.07657351 0.08474479 0.06780993 0.05475989 0.07301454 0.1041844 0.1246224 0.09535694 0.09770048 0.07479864 0.09130249 0.121112 0.109254 0.07804254 0.07726838 0.08236593 0.08407802 0.08473438 0.07649304 0.07291719 0.07457425 0.07755269 0.07703806 0.07607985 0.0785518 0.06711873 0.06701174 0.06690058 0.06679419 0.06671482 0.06949523 0.06621464 0.06637294 0.06646336 0.06654025 0.06663784
0.03108425 0.04385792 0.04684945 0.04287045 0.03734087 0.03598649 0.03539674 0.035232 0.03632743 0.03737442 0.04697738 0.03848039 0.04423549 0.04821786 0.04463318 0.04523672 0.04219444 0.0536053 0.04239658 0.04540021 0.0709681 0.1340764 0.07532349 0.05459605 0.06489353 0.1581319 0.2270223 0.09748011 0.07935415 0.06305834 0.07320146 0.07453915 0.08052653 0.07483912 0.07321619 0.09655138 0.08090476 0.09134217 0.07976905 0.07345559 0.07453401 0.07450718 0.07316615 0.09108383 0.08879133 0.06899922 0.06854563 0.06787193 0.06750208 0.07806662 0.06776749 0.0665193 0.06647047 0.06608728 0.06610143 0.06622201
0.04192078 0.05245176 0.05513748 0.04436477 0.03918 0.0395762 0.04320371 0.04383049 0.04310507 0.04282158 0.04304782 0.04521218 0.04337705 0.05093871 0.04449349 0.04445708 0.052593 0.05663658 0.04457243 0.04475907 0.08082309 0.1183123 0.06288405 0.05834543 0.05995603 0.07888778 0.1028355 0.08369271 0.07326856 0.06540404 0.07344772 0.07981496 0.07351957 0.06833348 0.07686505 0.1063048 0.09599517 0.08494508 0.07987263 0.07364995 0.07407489 0.07396771 0.07324591 0.06971136 0.07583164 0.08247238 0.06839948 0.06769191 0.06728001 0.06688109 0.06747726 0.06634381 0.06626218 0.0660642 0.066049 0.06614242
0.05504956 0.0581798 0.07797396 0.07570127 0.06385969 0.08275727 0.06616264 0.06368618 0.05077578 0.04791858 0.04942992 0.05403746 0.05609876 0.07825253 0.1053225 0.1333146 0.1205644 0.09945983 0.05413137 0.06235683 0.07745235 0.07774206 0.06436652 0.06047299 0.06440949 0.06949721 0.09364201 0.08427061 0.07383532 0.0645102 0.06757504 0.08836818 0.07367821 0.07837299 0.07868858 0.1072443 0.09839869 0.1089849 0.08264934 0.07811203 0.07438967 0.074167 0.07699532 0.06968377 0.06920678 0.08034788 0.07411879 0.06748514 0.06704364 0.06662167 0.06645517 0.06616924 0.06606835 0.06595401 0.06592212 0.06599884
0.08570126 0.08549123 0.1163269 0.1230017 0.0950854 0.09237317 0.05911968 0.07140919 0.05467537 0.05256264 0.05702779 0.06367755 0.06994701 0.07184104 0.09641522 0.1166671 0.1187115 0.07572804 0.1444212 0.08051141 0.06290416 0.06644271 0.06504031 0.07407171 0.07333865 0.0709183 0.07517042 0.06469811 0.06449467 0.06415542 0.06469543 0.0686171 0.07075447 0.06838285 0.07800285 0.07751106 0.08234743 0.08113831 0.07951622 0.08660809 0.07476438 0.07440532 0.07335907 0.06962666 0.06904355 0.06846261 0.06799993 0.0672678 0.06679725 0.06638183 0.06623136 0.066055 0.06596666 0.06585772 0.06583474 0.06593104
0.05954178 0.06754678 0.08356535 0.07199257 0.07075447 0.06497169 0.05564797 0.05602631 0.06260923 0.06093229 0.06672281 0.05957623 0.05919522 0.07395092 0.07424273 0.09624233 0.08483982 0.1081679 0.1343497 0.09833074 0.07974792 0.08442237 0.0641188 0.0901996 0.09720251 0.06910066 0.07182825 0.06958821 0.06828059 0.06929522 0.07126414 0.07297283 0.0747326 0.0775206 0.1005283 0.1029831 0.09553817 0.08456207 0.08466125 0.09970097 0.08926671 0.08506641 0.08744276 0.09903837 0.06871778 0.06809547 0.06774826 0.07237502 0.06650836 0.06609751 0.0659649 0.06596944 0.06589383 0.06578842 0.06575979 0.06576016
0.05819403 0.06280945 0.06507698 0.06409498 0.06620155 0.06135859 0.05914488 0.06106525 0.07056148 0.07122515 0.0684123 0.07803064 0.07414362 0.05899548 0.06535584 0.1088586 0.1714629 0.1231951 0.1361281 0.1099767 0.09888731 0.09653246 0.0686457 0.1085734 0.1066495 0.08460914 0.06697319 0.06745018 0.06753082 0.06860802 0.07081801 0.08090632 0.08630495 0.07768837 0.09041286 0.07522686 0.0773228 0.07830441 0.08512131 0.09450078 0.0788814 0.09035636 0.08762336 0.1047521 0.09472773 0.0678874 0.06744478 0.06714597 0.07876268 0.06586719 0.06582487 0.06586118 0.06581341 0.08000282 0.07996531 0.06567407
0.06753274 0.0642867 0.06426438 0.06484751 0.06177207 0.06537595 0.05851592 0.07514434 0.08264456 0.09714599 0.07708758 0.08193606 0.0769863 0.06171299 0.05743239 0.0710258 0.07994061 0.08496023 0.1339985 0.1831066 0.1629202 0.1084663 0.08334636 0.09845272 0.1167768 0.08628136 0.06536645 0.06741398 0.06680946 0.06801844 0.07044469 0.1077677 0.09658122 0.07817193 0.08247839 0.07561402 0.07784985 0.07877415 0.07865595 0.07887725 0.1113993 0.1023733 0.08730099 0.08044257 0.07287046 0.07866195 0.06708559 0.06642389 0.06593008 0.06555849 0.06953044 0.06607081 0.06651223 0.06566083 0.08869064 0.08223213
0.07773053 0.06803396 0.06334337 0.07713791 0.07330395 0.1097051 0.08579158 0.1177093 0.09789108 0.1150875 0.06167259 0.0686949 0.08160312 0.06076246 0.05841637 0.07050305 0.08346093 0.09700405 0.1606452 0.2012365 0.1689301 0.1276501 0.09297761 0.09550071 0.1240364 0.1364097 0.06760428 0.08957642 0.06683858 0.06780608 0.07063925 0.07296832 0.1228764 0.07928873 0.08378614 0.07628617 0.07869063 0.0795911 0.07939283 0.07944236 0.07940806 0.07838006 0.09765889 0.06911598 0.06807835 0.0673082 0.07803737 0.09954735 0.1385293 0.08378126 0.06804369 0.06584937 0.07181209 0.07502431 0.09247852 0.08034382
0.07222842 0.06934974 0.07625894 0.1227324 0.116616 0.1204578 0.08434461 0.09266852 0.08534151 0.0722308 0.07350201 0.08074178 0.079348 0.08292557 0.06985346 0.07560897 0.09189924 0.1083269 0.1240185 0.114624 0.09370282 0.06812112 0.07538359 0.09478558 0.102631 0.09081233 0.09097634 0.07409488 0.07547635 0.06820148 0.07047556 0.0752403 0.08332941 0.08322355 0.09430481 0.1158623 0.1050197 0.1070462 0.1060143 0.104974 0.1040109 0.1005193 0.1251145 0.1064318 0.09883218 0.08539741 0.06922284 0.06607091 0.1045272 0.09037013 0.06742666 0.06506339 0.0795721 0.08794868 0.07846184 0.07221352
0.06573951 0.07741211 0.09441623 0.1697746 0.09906792 0.06856273 0.0883662 0.1110288 0.07256607 0.07821608 0.06530645 0.07660165 0.07500514 0.09000394 0.08189055 0.114581 0.09697668 0.09868903 0.1205129 0.1959872 0.1451705 0.1193547 0.09233665 0.07164534 0.1029482 0.08905501 0.09382527 0.0820605 0.08181484 0.07643817 0.07119253 0.07571368 0.07945752 0.09511013 0.09825003 0.113598 0.1071001 0.1090467 0.1076657 0.1073758 0.1098737 0.1016477 0.1231721 0.1143987 0.07460263 0.09536455 0.08755835 0.06761913 0.08424507 0.08077492 0.0617258 0.07707531 0.1080488 0.1157851 0.06467444 0.06466536
0.0925934 0.07142693 0.09823586 0.1732194 0.1396645 0.1414453 0.1337842 0.08124015 0.07577306 0.06447949 0.06186933 0.07228462 0.08021194 0.06554177 0.07477388 0.1664881 0.1222642 0.09143538 0.08488169 0.1523835 0.1700203 0.106969 0.1475688 0.1442624 0.109757 0.1174305 0.1044223 0.1011795 0.08371378 0.07625355 0.07524561 0.0847537 0.08285028 0.0959537 0.09240773 0.1048229 0.1148869 0.1129755 0.1110388 0.1170318 0.1210705 0.1090548 0.09767949 0.09405992 0.09594235 0.08550977 0.06674247 0.06354703 0.07030593 0.08543606 0.06961662 0.09890677 0.09205542 0.08408622 0.06643961 0.06856374
0.1039223 0.08167569 0.09028304 0.1283946 0.1517929 0.1795318 0.1038031 0.1043343 0.08275831 0.07503293 0.0670969 0.07675091 0.08854801 0.0667861 0.0537289 0.1126657 0.1495859 0.1355594 0.1230035 0.14912 0.1591611 0.166376 0.1272282 0.1393497 0.1900371 0.1883871 0.1638633 0.1209789 0.09942693 0.09006681 0.08601654 0.09081985 0.08926063 0.09032366 0.0962581 0.1100016 0.1169471 0.121016 0.1175063 0.1176876 0.1111876 0.1058958 0.107209 0.1047245 0.1007008 0.06749956 0.06559271 0.0643203 0.1118554 0.1077223 0.1090309 0.1221274 0.0723722 0.06452112 0.06524782 0.07989806
0.1414279 0.1201731 0.1005243 0.1334103 0.1048887 0.08905558 0.1421154 0.1521352 0.1159378 0.08095304 0.06221544 0.07280627 0.06787051 0.09731726 0.1203858 0.1078965 0.1469795 0.155067 0.1018783 0.1094171 0.1518641 0.1424345 0.09660885 0.1316856 0.1125515 0.1500233 0.1349321 0.1123621 0.1016597 0.09942593 0.09848353 0.09551955 0.08790856 0.08941711 0.1049784 0.1195134 0.1277111 0.1607842 0.1471467 0.1239662 0.1149482 0.1077596 0.1151779 0.07988916 0.07577132 0.06432792 0.06068674 0.06175353 0.0683409 0.06932106 0.07256825 0.0950668 0.09524561 0.06436636 0.06512057 0.06841812
0.1632964 0.1225252 0.07618815 0.1237258 0.180806 0.1556578 0.1648633 0.1210589 0.09165063 0.08226911 0.07454966 0.06971663 0.08434815 0.1058812 0.1317978 0.1872146 0.197532 0.09369626 0.1047821 0.1385889 0.2264321 0.2114467 0.1278418 0.1415894 0.1134829 0.1245233 0.1076065 0.1079709 0.1523323 0.1424823 0.1170572 0.1241663 0.1201212 0.09040811 0.08985335 0.1389819 0.1449014 0.1555721 0.1390736 0.1237856 0.1189346 0.1101651 0.1297654 0.09014331 0.09341668 0.06013631 0.06254274 0.06133107 0.06566842 0.05837826 0.06446082 0.0838059 0.1302849 0.07009558 0.08779365 0.1011826
0.1341465 0.1772695 0.1436035 0.1296236 0.1847664 0.1587368 0.1617621 0.1707939 0.09304608 0.08771715 0.08897629 0.0873324 0.08603884 0.1146383 0.1521732 0.167801 0.1259057 0.1082244 0.1448454 0.1719904 0.1703518 0.2018823 0.1195355 0.1095583 0.1432175 0.1687443 0.1322312 0.1434486 0.194445 0.21465 0.1564769 0.1555911 0.1426204 0.1076974 0.1082607 0.1482469 0.1665209 0.153156 0.1507836 0.1336621 0.130998 0.1179584 0.102606 0.08765626 0.1097457 0.07581533 0.07528502 0.06851894 0.06277432 0.05860982 0.06049326 0.08823332 0.1147847 0.1371721 0.09888903 0.07095817
0.1447746 0.1945037 0.1225448 0.1179745 0.157416 0.1452525 0.1573607 0.1465656 0.1066975 0.08343513 0.1014302 0.1177023 0.1076804 0.1313569 0.132349 0.1565181 0.1737063 0.1561389 0.164174 0.1510833 0.1378659 0.1315137 0.1464643 0.1999919 0.1951415 0.1327491 0.1619641 0.1927344 0.1791312 0.1927238 0.1797678 0.1775566 0.1983151 0.130073 0.1002616 0.1547021 0.1758167 0.1583972 0.1562237 0.142743 0.1400692 0.1260662 0.1102679 0.08245044 0.0765171 0.06812409 0.07186858 0.06957124 0.06173208 0.06090917 0.06069891 0.07264981 0.07863798 0.09999654 0.09145024 0.07209083
0.1895684 0.2101192 0.1675806 0.1627633 0.249826 0.220698 0.2635506 0.1734719 0.1398216 0.169932 0.1437347 0.1387932 0.1218479 0.1345438 0.1476982 0.159559 0.1642187 0.1642131 0.237664 0.2091285 0.1325454 0.1243827 0.1496206 0.2448396 0.1905985 0.1563896 0.1689283 0.1642808 0.1780418 0.1551132 0.155047 0.2005783 0.1837689 0.15977 0.1676026 0.2287923 0.2548574 0.2579096 0.2461143 0.1762304 0.1844594 0.1690706 0.1290803 0.09090868 0.08350239 0.07983738 0.07526729 0.06990481 0.06709103 0.06617776 0.06611399 0.06748141 0.07445996 0.08050092 0.09342615 0.1068847
