contrib/geomasonDemos/riftland/DataFiles/RainData/110.txt
ncols         56
nrows         54
xllcorner     28.264
yllcorner     -5.7719999999999
cellsize      0.25
NODATA_value  -9999
[rows 0 to 26 of 54, columns 0 to 55 of 56]
0.0001462747 0.0001678469 0.0001115961 4.747343e-005 0.0001069868 9.453656e-005 0.0001927796 0.0001947411 0.000148147 4.398102e-005 8.047283e-005 0.0007522728 6.448915e-005 0.0003817975 0.00109044 0.001846971 0.003597491 0.002376506 0.003675741 0.002193966 0.003513664 0.001423895 0.003572372 0.008685175 0.01156948 0.01260738 0.01969276 0.02997206 0.0377133 0.02558881 0.02646609 0.02811357 0.04823104 0.03999393 0.04745866 0.06354721 0.05102018 0.03381468 0.03514373 0.05193266 0.06459056 0.02703013 0.01706045 0.0109131 0.01210716 0.004725381 0.007025567 0.004366548 0.003326959 0.001454433 0 0 0 0 0 0
9.692105e-005 0.0001036865 0.000162783 0.00149319 0.0003249376 0.000335537 0.000193628 0.003073638 0.002306311 0.0007586477 0.001305989 0.001907682 0.003000004 0.002297707 0.002766997 0.004614748 0.005503312 0.005849058 0.005103711 0.004245607 0.002503391 0.004022716 0.00659605 0.02097602 0.01170594 0.01984424 0.0163328 0.03154077 0.03387963 0.03068414 0.03671784 0.03966855 0.04355156 0.04041971 0.04781226 0.08207659 0.05400079 0.03384867 0.02921821 0.04409543 0.04417298 0.02271591 0.02480209 0.01957748 0.01173678 0.005392172 0.00871586 0.007452023 0.004487675 0.003406673 0.0004960363 0.0006175588 0 0 0 0
0.0005758781 0.0003072441 0.001545513 0.005586219 0.0006725219 0.001993771 0.0004267214 0.002269505 0.004156655 0.002674134 0.003877176 0.004682971 0.005863694 0.00654162 0.009500924 0.01242484 0.009210793 0.01217269 0.01495407 0.008527634 0.005343108 0.006189874 0.007190427 0.009489379 0.01573602 0.0150661 0.02245912 0.03366528 0.02758265 0.02376635 0.03124021 0.03778338 0.04415076 0.062385 0.07286207 0.08271834 0.06559625 0.03730655 0.02636665 0.03169904 0.03725118 0.02615582 0.0235707 0.01495797 0.01460312 0.008652772 0.00668681 0.00171593 0.0003253469 0.002192078 0.0009471045 0.0001200973 0 0 0 0
0.001691759 0.002229092 0.002259016 0.001118101 0.001217721 0.0006623522 0.0005455322 0.001485127 0.005809452 0.00207948 0.001996622 0.002710606 0.003541578 0.003013013 0.005717036 0.01034098 0.0100598 0.01368438 0.01960019 0.009128449 0.006075822 0.00548391 0.006520384 0.009317208 0.01210276 0.01506395 0.02053494 0.05063439 0.03002699 0.03321115 0.04459067 0.05679777 0.07624894 0.07018007 0.08801211 0.07061917 0.06160447 0.03545726 0.02639332 0.02587375 0.03421091 0.03318365 0.02395839 0.0232334 0.0135601 0.009766284 0.01452645 0.004170391 0.002306378 0.0007234323 0 0 0 0 0 0
0.001134122 0.001634542 0.003411893 0.001466117 0.001132327 0.0005587564 0.0006583636 0.001686613 0.001670227 0.0007417704 0.001892618 0.00271138 0.002522921 0.003795783 0.005016061 0.007956265 0.01077879 0.01720324 0.01890665 0.00770981 0.006927097 0.005936707 0.007997906 0.01320583 0.01435711 0.01499644 0.01779023 0.0390048 0.03507289 0.03555852 0.05429698 0.07515407 0.09060868 0.08823404 0.07036619 0.05004814 0.03635128 0.0211067 0.02641368 0.03000319 0.03310078 0.02484904 0.01545382 0.0137901 0.00935479 0.0006709785 0.003057282 0.001749658 0.002827391 0.00192103 0 0 0 0 0 0
0.0005959221 0.003683908 0.002579093 0.001697712 0.001217019 0.0007991498 0.0004594855 0.0007366652 0.0006634956 0.0004671612 0.0003605978 0.001860829 0.002740048 0.003833924 0.00435315 0.006306348 0.01207395 0.02575964 0.01963927 0.006050953 0.006408168 0.00719454 0.00814396 0.009614436 0.01508349 0.01546912 0.01872133 0.03509952 0.03768056 0.0463024 0.06297436 0.1007781 0.08812225 0.09050524 0.05293118 0.02794029 0.03268534 0.02240846 0.03269542 0.02966709 0.02641412 0.01678421 0.00684044 0.005161839 0.01116822 0.003214418 0.0009281505 0.001634499 0.003787535 0.001361317 0.0004486457 0 0 0 0 0
0.003544483 0.003891963 0.002481455 0.001116077 0.001095017 0.0006410683 0.0004403533 0.0002934803 0.0005353568 0.001179216 0.001321109 0.002182665 0.002867579 0.003463993 0.002578792 0.005786707 0.01320307 0.008224308 0.006017196 0.003839608 0.004130954 0.002896091 0.005699111 0.009817302 0.01746086 0.01864076 0.02041727 0.03284568 0.03868179 0.05164579 0.05537392 0.08736377 0.06343313 0.08130313 0.0346001 0.03394827 0.0240997 0.02281464 0.02185155 0.01890974 0.02692649 0.01045987 0.0113327 0.01352402 0.01313515 0.006653792 0.00148044 0.004424128 0.001514879 7.750463e-005 0 0 0 0 0 0
0.002034612 0.003502093 0.006450207 0.001080465 0.001838852 0.0007765326 0.002929828 0.0008346425 0.0003571195 0.001127603 0.001967689 0.001015091 0.001079634 0.001996533 0.003016237 0.006499185 0.002819499 0.002859555 0.003232767 0.002813582 0.003737037 0.003376946 0.005720899 0.01095381 0.02673561 0.04146961 0.04110167 0.0491353 0.03109516 0.05959116 0.06721707 0.06665941 0.05070296 0.09206699 0.05318503 0.04703611 0.03141742 0.03262363 0.02465143 0.01630156 0.0125915 0.009765835 0.007756599 0.008033361 0.007164319 0.006265248 0.00233444 0.003928576 0.00157261 0.0003469676 0.001071548 0.0004876468 0 0 0 0
0.009782494 0.003902848 0.00791848 0.003376735 0.003358845 0.005621419 0.007055402 0.003705655 0.003345386 0.0008967568 0.0008304912 0.001719458 0.005078751 0.001119743 0.001736555 0.002290804 0.001199908 0.001259521 0.002483074 0.001771098 0.003014561 0.00533448 0.005249852 0.0123204 0.02923341 0.04012366 0.03968854 0.05744651 0.03908977 0.04396662 0.05589099 0.04628293 0.04178023 0.09941336 0.07748776 0.04154151 0.0335443 0.03666974 0.03208049 0.01239926 0.006502874 0.005296416 0.002602498 0.006594979 0.008312765 0.007319366 0.004492186 0.002993441 0.0003945121 0.0003469676 0.0009355344 0 0 0 0 0
0.01398077 0.001514817 0.005711558 0.00432783 0.001387832 0.01246858 0.005764537 0.01132162 0.01538287 0.003210102 0.002238649 0.0009302593 0.002085188 0.0006982469 0.001053958 0.001445803 0.002608917 0.004920482 0.002063935 0.00224151 0.004350864 0.005413623 0.007114289 0.01198578 0.02863773 0.04898915 0.05446597 0.05764596 0.06471339 0.0519525 0.05152588 0.05945042 0.04613155 0.07071452 0.05821001 0.02670387 0.03439788 0.03171257 0.03428067 0.01863832 0.005495952 0.003145665 0.003455308 0.007075059 0.007125675 0.001389414 0.00361233 0.002173401 0.0003739162 0.0003309988 0.0003110245 0 0 0 0 0
0.008948384 0.004983384 0.01485744 0.01596734 0.003137977 0.003420489 0.00388588 0.01520695 0.03837282 0.005272486 0.004195815 0.0009552925 0.002186749 0.0009379115 0.0008399849 0.001467385 0.005389037 0.01337314 0.003344684 0.002363805 0.003551637 0.006314169 0.009132057 0.0156952 0.02676151 0.05081783 0.06816293 0.08430573 0.05931656 0.06126053 0.04411258 0.04780177 0.06372588 0.04987092 0.02855236 0.03768014 0.0384363 0.03078972 0.03616763 0.01298895 0.01006272 0.004782107 0.002499664 0.002911042 0.003948447 0.002532016 0.003144632 0.002457762 0.003203994 0.0003133115 0.0002937232 0 0 0 0 0
0.01510799 0.02197957 0.002570936 0.02902257 0.01514991 0.004975063 0.003595788 0.006475826 0.01731061 0.008903002 0.005112492 0.001705907 0.001562115 0.00530589 0.00204194 0.002122276 0.002789766 0.00640598 0.006163198 0.001143155 0.002624544 0.007766473 0.01527151 0.03737123 0.06205008 0.08078204 0.1192671 0.1286541 0.09773746 0.03315049 0.05526349 0.05650004 0.04281996 0.02570892 0.01531366 0.01602647 0.03671901 0.03526174 0.04941893 0.01889052 0.01147359 0.00327077 0.003520867 0.001283393 0.001101805 0.001687786 0.0009887945 0.001425845 0.001670191 0.001630981 0.0005193299 0.0002660938 0.0002432205 0.0001941843 0.0001883988 0.0001933655
0.01155776 0.0128095 0.01532124 0.04517657 0.02506823 0.02198236 0.01519492 0.01591261 0.008236099 0.02052918 0.01358053 0.004542995 0.001212105 0.003660944 0.002609923 0.001480756 0.003188209 0.002018823 0.006268501 0.001261031 0.003249601 0.01848128 0.02766117 0.03930469 0.05872248 0.05800616 0.08311426 0.1121196 0.08866206 0.04088375 0.01593888 0.02353678 0.0301893 0.02062765 0.009160438 0.03226224 0.05064637 0.03218906 0.03731091 0.02032447 0.01057719 0.006856522 0.01390828 0.007686699 0.002646639 0.003867124 0.001778008 0.001225614 0.002076504 0.01075146 0.0004844603 0.0002464592 0.0002238259 0.0001983828 0.0001899468 0.000192247
0.00650062 0.002816942 0.01257276 0.04260465 0.04503808 0.04703614 0.08072624 0.03270956 0.01445286 0.04093815 0.04030912 0.006490632 0.001961465 0.001139868 0.02270975 0.003833437 0.001893992 0.001948052 0.005049907 0.003865703 0.01018953 0.02577173 0.02558655 0.03350755 0.04451173 0.02825302 0.01805226 0.02215411 0.06408629 0.0611663 0.01939634 0.01802499 0.04119729 0.03290973 0.00742012 0.03811601 0.0678656 0.03607507 0.03655019 0.02026686 0.01453416 0.01441648 0.01898575 0.01069695 0.01293153 0.02445107 0.004084568 0.007452494 0.0005632016 0.0006693618 0.0004569019 0.0002311163 0.0002457621 0.0001960117 0.000186937 0.0001868905
0.0187841 0.009562406 0.03683931 0.06313735 0.05632528 0.04948366 0.1124825 0.0771658 0.03181683 0.02864974 0.0582469 0.008658258 0.006560077 0.006089447 0.01177439 0.005106369 0.00411518 0.007776133 0.01798323 0.01114708 0.01502113 0.02749721 0.03622037 0.03928214 0.02769061 0.01361376 0.008363248 0.02496294 0.03714601 0.03148397 0.01946934 0.01298741 0.04727399 0.04977069 0.01005879 0.046583 0.0583471 0.03209556 0.02709095 0.03035642 0.03242934 0.02783232 0.02868348 0.02057328 0.0253138 0.02445178 0.0007145904 0.0006552698 0.0005334525 0.001451412 0.0004344793 0.0002195876 0.0002374831 0.0001870116 0.0001778452 0.0001777206
0.05254532 0.04546412 0.05443898 0.07669546 0.08037004 0.08076274 0.05580914 0.02568259 0.08181253 0.05205036 0.02514807 0.03379229 0.03373768 0.02245669 0.01995807 0.007164592 0.005070981 0.02420173 0.02728422 0.01711399 0.01865 0.02789257 0.03904239 0.04159378 0.04113383 0.0173345 0.01882453 0.04032579 0.02963238 0.02956914 0.03201674 0.07309389 0.02638657 0.02389721 0.01688347 0.04527126 0.05315889 0.02439131 0.0273403 0.0450833 0.03134025 0.01549124 0.03169334 0.02264877 0.01195855 0.003500529 0.0006867353 0.0005976477 0.0005114679 0.0005118343 0.0004183675 0.0002117601 0.0001942407 0.0001806828 0.0001712854 0.0001595268
0.05143321 0.03242896 0.09648357 0.1114219 0.2317701 0.1448316 0.05675756 0.04803566 0.1359032 0.09350127 0.02928225 0.05692189 0.06234451 0.0522365 0.02298485 0.004698376 0.01604875 0.02033276 0.02999696 0.02136619 0.046017 0.06058396 0.0459657 0.05549784 0.05867359 0.0503332 0.06564433 0.06524736 0.03807384 0.03189137 0.03618114 0.04576885 0.01815557 0.01678636 0.0202956 0.05913942 0.03985945 0.02274255 0.03109825 0.04164416 0.04024288 0.0202366 0.01554141 0.004400091 0.0008334586 0.000721442 0.0006451657 0.0005653754 0.0004823824 0.0004264094 0.0003943842 0.0002005523 0.0001848675 0.0001719149 0.000163248 0.0001506405
0.03738925 0.03662864 0.06854158 0.06061829 0.08214956 0.09245925 0.1542127 0.1707 0.05995599 0.08467319 0.04492401 0.08114146 0.05833049 0.04455321 0.04106091 0.02298418 0.01638206 0.03454931 0.06347005 0.03484925 0.06543716 0.09096798 0.0805967 0.05004613 0.05693327 0.08348127 0.09487218 0.05350613 0.02502549 0.03945811 0.03593339 0.0405962 0.03262823 0.02354787 0.02145785 0.009652726 0.01031494 0.009951651 0.01915365 0.01819171 0.02112604 0.01407957 0.01146111 0.0009430384 0.000790121 0.0006779977 0.0006064808 0.0005313008 0.0004516067 0.0003977006 0.0003687654 0.0001881493 0.0001740598 0.0001618142 0.0001537287 0.0001426746
0.02449979 0.03051793 0.04275084 0.08257923 0.2624016 0.06900418 0.2087021 0.1573297 0.09325423 0.0600131 0.09223516 0.1556631 0.06965797 0.06456331 0.057151 0.03017941 0.03734695 0.02815852 0.05065868 0.05999873 0.1349803 0.1270547 0.1342581 0.1253325 0.07767331 0.07991946 0.08471583 0.0539297 0.02683777 0.04450918 0.06681145 0.04571581 0.03286222 0.02218192 0.03174742 0.01076889 0.01041468 0.005667713 0.006737425 0.007652569 0.00923884 0.007040715 0.003026635 0.0009040869 0.0007510262 0.0006384644 0.00056867 0.0004941398 0.0004167571 0.0003657508 0.000340429 0.000174984 0.0001627371 0.0001517212 0.0001445326 0.0001352951
0.05528073 0.05717838 0.01758865 0.05024057 0.08763373 0.05012895 0.08618689 0.149058 0.2441759 0.1190422 0.1094771 0.1365754 0.1273155 0.07835471 0.05861972 0.06323911 0.09302765 0.05610895 0.07385576 0.09815678 0.08109781 0.1243176 0.128687 0.1027605 0.09605719 0.07033762 0.06173931 0.03396672 0.03095774 0.03574682 0.08692586 0.03870355 0.02350533 0.02600874 0.03280202 0.02010831 0.01200792 0.0105108 0.009159544 0.009718455 0.01170153 0.01018816 0.008601163 0.003060537 0.002503605 0.002095308 0.001843152 0.001546227 0.001283151 0.001116993 0.001046871 0.0002972893 0.0002773756 0.000261578 0.0002500733 0.003461919
0.1185018 0.1176767 0.1256068 0.03171661 0.03420503 0.02157265 0.09497067 0.1429084 0.2203594 0.1726339 0.1459229 0.2129893 0.1336696 0.07272825 0.09510957 0.1985258 0.1354746 0.05927349 0.1227024 0.1229091 0.1512835 0.1413444 0.1189304 0.0834871 0.1234155 0.06653584 0.06880888 0.0418001 0.04432901 0.03395382 0.08268993 0.03831765 0.02667245 0.02761796 0.02763833 0.01412488 0.009584557 0.008564302 0.006386579 0.008696241 0.008420356 0.00615129 0.009591218 0.008771263 0.002355776 0.001944251 0.001700499 0.0014397 0.001163675 0.001006557 0.0009474357 0.0002723382 0.0002553904 0.000242678 0.0002336702 0.000427368
0.3146534 0.3075403 0.2687794 0.09243052 0.08801612 0.09500132 0.09946146 0.1599077 0.1831803 0.1590766 0.1073343 0.09551036 0.1177228 0.07492992 0.13643 0.1784546 0.1236613 0.1264092 0.166868 0.1019193 0.106836 0.1263945 0.130813 0.126513 0.07347912 0.1021494 0.05782718 0.07955898 0.04172133 0.03950784 0.04634367 0.06027956 0.06671223 0.02497663 0.01383464 0.01078548 0.01127213 0.005504026 0.0050914 0.005710333 0.005248755 0.006847075 0.004769975 0.006328735 0.002229648 0.001780088 0.001694809 0.001290479 0.00105747 0.000915701 0.0008694484 0.006062191 0.0002382532 0.0002286487 0.0002213487 0.0002182942
0.3590814 0.464235 0.3316039 0.1062692 0.101997 0.1630132 0.1794225 0.2268018 0.2167302 0.2206757 0.173883 0.09607569 0.1024949 0.1067934 0.1517391 0.1110821 0.1155845 0.1624844 0.127921 0.1075333 0.181072 0.1563772 0.1172374 0.1371087 0.1266903 0.096148 0.05674967 0.09706461 0.05566232 0.05213232 0.04283637 0.1125313 0.03624989 0.03032601 0.02987133 0.01525691 0.007654313 0.00540929 0.00504045 0.005698747 0.005278121 0.006177019 0.004224265 0.002699495 0.002658304 0.001602534 0.001756765 0.001169458 0.0009668002 0.0008449908 0.0008086337 0.009527002 0.0002265856 0.0002183929 0.0002120392 0.002381279
0.3324739 0.4353618 0.3676234 0.1207374 0.1016324 0.1599875 0.1654057 0.2095701 0.1594167 0.1482381 0.1049888 0.06204087 0.02887727 0.08864889 0.1630286 0.07635946 0.08054975 0.06151488 0.07775933 0.07925425 0.1224003 0.1142096 0.07733202 0.1071147 0.1069258 0.1010413 0.07775351 0.08248691 0.08370077 0.07558838 0.06436123 0.05651119 0.03027518 0.03290974 0.03116893 0.01500348 0.006192164 0.004550634 0.004922197 0.00620824 0.005784603 0.00516592 0.004358879 0.002171422 0.001566064 0.001182702 0.00103839 0.001075277 0.0008956586 0.000791902 0.002363631 0.01827107 0.0002270819 0.0002199973 0.0002148206 0.0002108771
0.3574924 0.2766954 0.2416601 0.1383855 0.05737502 0.08346836 0.1719472 0.0869452 0.09811716 0.1141291 0.1323739 0.03889126 0.06728467 0.06277446 0.08038546 0.05358208 0.04691047 0.04445074 0.06505013 0.1094736 0.06231972 0.07073102 0.09112562 0.1199238 0.1264861 0.1100353 0.1017018 0.09385154 0.09458766 0.08465758 0.08502507 0.05771576 0.05302012 0.04769694 0.02949944 0.01567896 0.006533242 0.003986863 0.003755454 0.006732984 0.005816593 0.00516788 0.00420998 0.002090917 0.001432632 0.001033852 0.0009116869 0.001388709 0.0008033701 0.0007179447 0.01001729 0.02740069 0.0002141406 0.0002091118 0.0002054242 0.0002019116
0.2516399 0.1947833 0.2575811 0.2530215 0.1350961 0.124651 0.1174447 0.1187666 0.03775063 0.04122111 0.07047904 0.1062261 0.205904 0.104523 0.1301313 0.09469137 0.05305772 0.08067891 0.05611717 0.0678286 0.06245835 0.08220281 0.1671739 0.1166063 0.1339189 0.106047 0.1030466 0.1081644 0.1252889 0.1127808 0.0895835 0.05764638 0.06233205 0.06468263 0.02954535 0.01276942 0.008270763 0.004202004 0.00393057 0.006472209 0.005941605 0.00522674 0.004195015 0.002024397 0.00131936 0.001116751 0.008790331 0.004066369 0.0007084301 0.0006412998 0.004259659 0.02520839 0.0001974876 0.0001946541 0.0001914956 0.0001881406
0.2146862 0.2488866 0.2669815 0.2849832 0.2284266 0.1630804 0.08926358 0.05898171 0.04260527 0.03078575 0.09321475 0.2396368 0.2154975 0.1794477 0.1329227 0.134734 0.09767222 0.06260778 0.06871917 0.09310085 0.08333044 0.1198803 0.1898677 0.1423637 0.1137812 0.1003105 0.1110693 0.1410079 0.1333405 0.1064495 0.08916622 0.06157296 0.08362201 0.04520718 0.03787975 0.02363304 0.009498783 0.004682461 0.004320846 0.006814378 0.006158961 0.005301225 0.004205652 0.00263548 0.002843428 0.0007898147 0.003007255 0.001670859 0.0006443056 0.000583845 0.001590634 0.01621494 0.001555335 0.0001757031 0.002338011 0.0001695821
