contrib/geomasonDemos/riftland/DataFiles/RainData/110.txt
ncols         56
nrows         54
xllcorner     28.264
yllcorner     -5.7719999999999
cellsize      0.25
NODATA_value  -9999
[rows 27 to 53 of 54, columns 0 to 55 of 56]
0.3253814 0.3271475 0.1748138 0.1762017 0.1240227 0.100619 0.1054069 0.158198 0.1399613 0.08578174 0.2047762 0.2281891 0.1550251 0.1220255 0.127365 0.1555828 0.07613006 0.05885092 0.08170415 0.1552621 0.1249006 0.1193932 0.1528512 0.1565254 0.1712593 0.1636173 0.149012 0.1663707 0.1591509 0.1574708 0.1357854 0.1257722 0.1101147 0.09471069 0.06440733 0.03064649 0.01828373 0.01033148 0.008905287 0.007731276 0.006829184 0.005798215 0.004674118 0.001587838 0.001486299 0.003171143 0.0009881489 0.0006346584 0.0005901165 0.0004915252 0.00049684 0.001102188 0.002874397 0.002268647 0.001949822 0.0002138264
0.2733336 0.2297089 0.2554522 0.2722037 0.1810837 0.1286774 0.1755517 0.1417892 0.09828681 0.1161904 0.2675195 0.2104815 0.137339 0.1719913 0.1667063 0.1429588 0.06573869 0.05630344 0.08896596 0.1138581 0.1058602 0.1136319 0.1323756 0.1595163 0.1592801 0.1920145 0.1643521 0.183625 0.2133163 0.193835 0.1532095 0.1533784 0.1173824 0.09657329 0.0723192 0.03750042 0.02425952 0.01573634 0.01121864 0.008811069 0.007220888 0.005877691 0.004677904 0.001555028 0.001815227 0.001748427 0.001868007 0.0005231689 0.0004438852 0.0004100002 0.000419299 0.001886749 0.002485346 0.003929281 0.002191523 0.000186246
0.2275187 0.2749914 0.2423289 0.1633503 0.1560221 0.1788594 0.2098566 0.1299227 0.1177637 0.1133944 0.1138119 0.1684292 0.196754 0.1763944 0.1327022 0.06713239 0.06708028 0.06110914 0.09384986 0.1148696 0.09051295 0.08218254 0.1162536 0.1566027 0.1669259 0.1883599 0.1748521 0.1814814 0.2027857 0.1923434 0.156543 0.1482044 0.1243584 0.09491522 0.07294169 0.03673922 0.02925196 0.0209441 0.01304548 0.008994156 0.007321454 0.005737081 0.007792817 0.001436733 0.0007395878 0.0005783171 0.00150298 0.0004181493 0.000351874 0.0003265165 0.0003377708 0.0001580582 0.0005393489 0.003294711 0.0009748054 0.0001547111
0.3495325 0.3599432 0.2175257 0.1168411 0.1545378 0.1378855 0.163377 0.186404 0.1129049 0.08042891 0.0834575 0.1534899 0.1642676 0.1447741 0.1395653 0.0893655 0.08966364 0.1381744 0.1315773 0.1607507 0.1272868 0.09854803 0.07871329 0.1457062 0.1759224 0.1912351 0.2012541 0.2171323 0.1766404 0.1813574 0.1422193 0.1377789 0.1201612 0.09573708 0.06932507 0.02961393 0.03561686 0.02233993 0.008771862 0.009865553 0.007448313 0.006339523 0.009540715 0.01320026 0.0006159136 0.0002838716 0.0002469911 0.0003194515 0.0002640527 0.0002643455 0.0002522076 0.000119061 0.0001234268 0.0001240024 0.0001213886 0.0001552905
0.3355208 0.4270895 0.3121879 0.1553737 0.122054 0.1563955 0.1572145 0.1440099 0.1309942 0.1117099 0.133182 0.1601694 0.1484221 0.1476407 0.1388333 0.1694751 0.2010742 0.2246213 0.1699702 0.1745581 0.1830212 0.1367862 0.1245196 0.137352 0.1882886 0.200793 0.2133628 0.2403339 0.2074108 0.1968363 0.1484938 0.1350418 0.1107827 0.09283747 0.07024117 0.03557503 0.05408854 0.01094791 0.00973893 0.009244174 0.004657232 0.007834869 0.006767231 0.01203203 0.01531064 9.499423e-005 0.0001054815 7.813578e-005 0.001770727 7.69179e-005 5.891787e-005 5.568803e-005 5.813274e-005 5.898597e-005 5.787542e-005 4.325682e-005
0.4061466 0.424033 0.2835504 0.1812663 0.09861089 0.1190488 0.1660305 0.154783 0.1484932 0.1540568 0.1715682 0.1789498 0.1608379 0.175949 0.2014939 0.1901854 0.2331886 0.2244166 0.2311191 0.1945482 0.1346973 0.1116559 0.1144392 0.139382 0.1577526 0.1715965 0.1936491 0.2401722 0.2139937 0.1925095 0.1418366 0.1359689 0.1289912 0.09981985 0.07537269 0.04852496 0.03794247 0.01113378 0.01068395 0.01416795 0.003760161 0.006822336 0.006765848 0.01109779 0.01905612 5.826784e-005 4.771005e-005 4.305459e-005 3.085297e-005 2.599934e-005 2.827637e-005 2.749744e-005 2.967216e-005 3.037164e-005 3.018024e-005 2.265146e-005
0.3833746 0.3596759 0.2228576 0.1814792 0.1883643 0.1279513 0.196579 0.1839631 0.2069763 0.1809925 0.2329063 0.2138446 0.2024637 0.2349143 0.261755 0.2784939 0.2401166 0.1998876 0.2477342 0.1889373 0.1414414 0.08209553 0.1089518 0.1533795 0.1784692 0.1847186 0.1896946 0.2200974 0.225961 0.1901822 0.1456081 0.1375762 0.1205522 0.09543534 0.07046649 0.04372596 0.0220561 0.01423834 0.02573703 0.02818396 0.003439503 0.002982032 0.003958946 0.005683047 0.01563582 0.007505926 0.0001796773 2.996902e-005 1.627374e-005 2.796244e-005 1.184301e-005 1.207476e-005 1.353304e-005 1.41625e-005 1.420131e-005 1.073043e-005
0.5239704 0.4551393 0.3381506 0.2845351 0.2570054 0.2809924 0.2778786 0.1892307 0.2243047 0.232605 0.2589901 0.2459745 0.241078 0.2389673 0.2825937 0.4158036 0.263276 0.2407229 0.2640317 0.2074239 0.1363643 0.109148 0.107637 0.1675716 0.2183955 0.2341722 0.2165676 0.2120107 0.1959459 0.1768211 0.1625705 0.1401963 0.1195105 0.09031425 0.06391773 0.04100401 0.01760401 0.01508112 0.01744354 0.00949687 0.005305912 0.002948288 0.002256223 0.0009472377 0.01573378 0.01497835 0.01885913 3.866201e-005 1.856457e-005 8.818531e-006 9.515211e-006 9.244072e-006 9.862275e-006 1.011905e-005 0.0001486947 7.649375e-006
0.5999026 0.5824166 0.3516737 0.4114043 0.4103099 0.4117598 0.3807068 0.2810973 0.3176214 0.3359441 0.2784972 0.2413953 0.2908512 0.3495574 0.3530039 0.3802326 0.3556236 0.3304731 0.2590374 0.1831174 0.1504855 0.1162813 0.1920207 0.1173404 0.1980211 0.3803144 0.2766005 0.2461754 0.2302964 0.1716528 0.1515716 0.115542 0.08712194 0.06327711 0.05373587 0.04652024 0.02070509 0.009679307 0.01242164 0.006283343 0.004502797 0.002978267 0.004113004 0.00286715 0.0006789024 0.0007039714 0.01751677 0.01243474 0.001604766 0.001002803 3.19385e-006 0 0 0 0 0
0.6355247 0.4258481 0.2623834 0.4282195 0.3676675 0.4608819 0.4723682 0.3239911 0.3092828 0.3460942 0.3177802 0.2507957 0.3057719 0.3462298 0.3404194 0.3369696 0.3189499 0.3280716 0.2732115 0.2440242 0.1981742 0.1560547 0.1252505 0.1191064 0.1257032 0.2189779 0.2232272 0.2440459 0.1787973 0.1538302 0.1172031 0.09829722 0.08905961 0.06029261 0.04470327 0.04142599 0.0224846 0.01288262 0.01575538 0.008008572 0.007370644 0.004663565 0.001676043 0.0007097934 0.0003126567 0.0002667278 0.005640971 0.01794076 0.009902959 0.0006599833 2.16133e-006 1.503454e-005 0 0 0.000394477 0
0.6145827 0.5824158 0.2786275 0.3214479 0.440763 0.5295844 0.5814063 0.3637107 0.3055437 0.3535151 0.3112299 0.2561956 0.270521 0.2768388 0.2984399 0.3234254 0.3119274 0.3101673 0.2565618 0.2245927 0.1749337 0.1172187 0.124445 0.1380998 0.1423201 0.1783276 0.1774893 0.1897981 0.1643888 0.1428666 0.09866523 0.07906752 0.07760148 0.05723701 0.07637398 0.04657423 0.03507309 0.02364183 0.0218379 0.005317442 0.003174432 0.003611139 0.002185353 0.0007169466 0.0004669992 0.0001973272 0.000256254 4.620589e-005 0.004253688 0.005823808 4.509666e-006 0.001296876 4.681319e-005 0.0002007733 0 0
0.6530958 0.5814472 0.3757018 0.3905483 0.3913571 0.477865 0.4904006 0.353072 0.2783304 0.2790294 0.2832418 0.2369122 0.2346152 0.2351838 0.2847294 0.3179053 0.3002179 0.2776171 0.2402089 0.2196586 0.151329 0.1470203 0.1121665 0.130424 0.1375745 0.1715139 0.244512 0.2042412 0.19795 0.1629896 0.1101583 0.08516795 0.08326185 0.05063552 0.08075517 0.0844172 0.04886179 0.01864137 0.01800783 0.00647499 0.006307289 0.005787788 0.002343965 0.0008136941 0.0005383739 0.000349727 0.0002607331 8.455282e-005 0.0007893266 0.002259833 0.02063912 0.005173805 0.0001838322 0 0 0
0.6422575 0.6274983 0.4185804 0.4325568 0.3671914 0.4183278 0.4318075 0.3855804 0.3174346 0.2571753 0.2387319 0.2198977 0.2132308 0.2282941 0.2563932 0.288201 0.2634018 0.2429351 0.2206698 0.1979515 0.1332906 0.1018363 0.1679731 0.1827697 0.1573052 0.1918077 0.1911029 0.2318724 0.1990621 0.1551827 0.1183233 0.08683928 0.06633043 0.05620044 0.04523766 0.07315169 0.06508767 0.02853958 0.01501946 0.01340426 0.01016155 0.008472002 0.005491537 0.004038813 0.002655476 0.001848432 0.00138424 0.0004682644 0.0002221932 0.00245298 0.00829821 0.007749256 0 0 0 0
0.6455539 0.5064448 0.443543 0.3712979 0.3798936 0.3977263 0.4220345 0.3908614 0.4238418 0.3309213 0.259134 0.2581929 0.1925106 0.1641475 0.2595577 0.2779202 0.2476104 0.2176816 0.2141268 0.2157024 0.1581592 0.1559086 0.231252 0.2413667 0.1628234 0.2716993 0.1568232 0.1796115 0.1425148 0.1856571 0.1318557 0.06897148 0.04336281 0.04848973 0.03168376 0.03869447 0.03503236 0.03140092 0.02110366 0.01741044 0.01375002 0.008481845 0.006508109 0.00449879 0.00404651 0.002573953 0.001793201 0.0006287976 0.0002940966 0.0001163759 8.34407e-005 0 0.00719905 0 0 0
0.6094509 0.4468894 0.2719505 0.3419055 0.4044284 0.4405573 0.4923266 0.4740528 0.3649236 0.3123341 0.3059302 0.2435884 0.2158237 0.1626298 0.2421748 0.2644919 0.2521787 0.2373257 0.2259883 0.2407216 0.2276395 0.2523945 0.2492399 0.2777349 0.2145953 0.1869366 0.1684764 0.1268801 0.1270431 0.1213143 0.1637243 0.05853269 0.04229259 0.04315068 0.0313919 0.03459028 0.0346921 0.03449708 0.04160289 0.02494941 0.02211994 0.0101296 0.009093888 0.005751335 0.003531355 0.003048335 0.001952548 0.0006733544 0.0003508332 0.0001408185 0.0001009827 0 0.005557494 0.002551288 0.005557494 0.001991138
0.4908476 0.396731 0.2512642 0.29747 0.3520017 0.399615 0.4990427 0.5091335 0.3815864 0.3064088 0.3594893 0.293528 0.1804559 0.1653088 0.205262 0.2163003 0.2289533 0.2303476 0.2181051 0.2267713 0.1818398 0.3478937 0.2218059 0.2398631 0.2567228 0.2252506 0.1456128 0.1466864 0.1620817 0.1851023 0.1805822 0.06957197 0.05822107 0.04203027 0.04480056 0.04160191 0.06394061 0.03793656 0.04278795 0.0407593 0.04766446 0.01356385 0.006368982 0.00464847 0.003568049 0.002432407 0.001905178 0.0006537422 0.0003406911 0.0001596931 0.0001141924 0 0.001228764 0 0.005544709 0.008649739
0.3550874 0.3152239 0.2199455 0.1886891 0.2126979 0.3355735 0.3871315 0.382682 0.3759303 0.4045912 0.28708 0.2266469 0.2112131 0.1810175 0.1596682 0.143317 0.2323353 0.2361445 0.1672819 0.1479137 0.1478778 0.1359809 0.1724348 0.2066584 0.2213038 0.1997864 0.1494538 0.1108883 0.1314898 0.14095 0.1106141 0.07569812 0.06792344 0.0597408 0.07127864 0.07574868 0.1277995 0.03707536 0.02550544 0.04541495 0.03026231 0.01373268 0.007950138 0.00448501 0.003251475 0.00258308 0.001723986 0.0006195176 0.0003410859 0.0001752906 0.0001251721 0 0 0 3.445107e-005 0
0.3287148 0.346013 0.2201221 0.2061137 0.2212877 0.3041935 0.3149736 0.4706487 0.4754511 0.3775791 0.3770374 0.2742932 0.3014286 0.2411652 0.2455471 0.2058633 0.2088708 0.204818 0.1718416 0.1285984 0.1267335 0.1060073 0.1298819 0.1977701 0.2155318 0.2227691 0.1848533 0.0948254 0.07315306 0.120384 0.1013162 0.1168463 0.09652165 0.05620128 0.06306367 0.05699326 0.04807545 0.04035514 0.02949649 0.031129 0.02053054 0.01494691 0.0126977 0.006295467 0.005278723 0.004941375 0.001726991 0.005269929 0.0003477821 0.0001941847 0.0001386801 0 0 0 0.001775311 0
0.4350929 0.3988131 0.2848556 0.2954296 0.2411759 0.3606768 0.3611581 0.3442618 0.4465955 0.5657852 0.4122988 0.265242 0.2662878 0.2611209 0.2456756 0.1987232 0.1959279 0.1564117 0.1319028 0.1340361 0.1172912 0.1312143 0.1477835 0.1648241 0.2357497 0.2002272 0.1551141 0.1393439 0.1169391 0.1530984 0.1585667 0.1600295 0.1280134 0.08863339 0.06506412 0.05755383 0.04036316 0.04844067 0.03808076 0.05379486 0.03529061 0.02671395 0.01260131 0.008795868 0.005373491 0.002161257 0.001756963 0.0006955996 0.0004781337 0.0003314307 0.0002542796 0 0 0 0.01751879 0
0.4238575 0.4471301 0.2830585 0.2087449 0.231393 0.2871803 0.3551793 0.370941 0.5580699 0.7208487 0.6087343 0.3744631 0.3992494 0.2862569 0.1807343 0.1573341 0.1824276 0.1580394 0.1613476 0.153381 0.123464 0.1417095 0.1360876 0.1454033 0.1510713 0.2009041 0.2380682 0.1777223 0.1441793 0.1827843 0.1994163 0.2163749 0.1581347 0.1530481 0.09957124 0.06706233 0.04728585 0.04092238 0.03620752 0.04225148 0.05456916 0.07102808 0.01997696 0.0147691 0.007646321 0.003237641 0.002094973 0.0009096685 0.0007300333 0.0005838346 0.0004708279 0 0 0.0004145789 0.01012246 0.002723214
0.2853201 0.3305044 0.2527432 0.1696403 0.1366701 0.1687843 0.2780778 0.3770081 0.408691 0.453349 0.4433611 0.3929523 0.3670118 0.3699995 0.2690992 0.2532006 0.2385549 0.2457246 0.282163 0.1966427 0.1843328 0.1777926 0.199456 0.2139505 0.2427534 0.233185 0.2970158 0.2551398 0.2366456 0.2664216 0.2524814 0.3940431 0.2676321 0.213192 0.1670001 0.09295919 0.09535955 0.07930426 0.06089342 0.03377539 0.0243164 0.04317753 0.02525175 0.02799376 0.009536377 0.002078443 0.001315786 0.0009739872 0.0008488749 0.0007255867 0.0005972057 0 0 0 0.0007589286 0.01410714
0.2149698 0.2368949 0.1957517 0.1439851 0.1290735 0.132002 0.2642049 0.3570592 0.2683051 0.2991691 0.4111785 0.285932 0.3264454 0.3366015 0.3021802 0.3255888 0.2786843 0.2604327 0.2930257 0.2368476 0.2477239 0.242707 0.2422979 0.2560743 0.2126405 0.218202 0.2073564 0.216008 0.2296887 0.2903597 0.2349904 0.3291413 0.2594683 0.2374207 0.213124 0.1549574 0.1361475 0.1003417 0.1034173 0.04587821 0.03086503 0.05539525 0.05950128 0.01490125 0.001950541 0.002151076 0.004877813 0.001154206 0.001062382 0.0009410551 0.00078275 0 0 0.01129464 0.01401786 0.02263393
0.118817 0.1354932 0.1367016 0.1473806 0.144988 0.1263217 0.1619742 0.1629922 0.227222 0.1928637 0.2938018 0.2943443 0.2883278 0.2245949 0.273834 0.2737117 0.2213908 0.3258471 0.3218503 0.2487204 0.2314775 0.2135567 0.1746119 0.2345776 0.3205882 0.2378031 0.2064913 0.1956866 0.218644 0.2247501 0.213019 0.2992149 0.2826316 0.2153497 0.1885587 0.1634285 0.1527183 0.1107303 0.06601514 0.07319155 0.05576853 0.05312543 0.1067063 0.05951291 0.006430691 0.006937305 0.003677191 0.004111585 0.002294316 0.002674619 0.003469928 0 0 0.006116071 0.02933036 0.03214286
0.151139 0.1626383 0.1344407 0.08220826 0.1122637 0.1172421 0.1319916 0.1569629 0.1557423 0.2008096 0.2774106 0.2619302 0.2865601 0.2958242 0.2658734 0.2523702 0.2830699 0.266902 0.231684 0.252444 0.2272431 0.2064603 0.1819708 0.2298881 0.231806 0.2235325 0.2167922 0.275503 0.2878669 0.3337337 0.24031 0.2877331 0.3034459 0.2206462 0.2263493 0.202589 0.1345454 0.1299008 0.09008227 0.06981589 0.05303018 0.03633955 0.03418286 0.03316405 0.0143254 0.01576241 0.01890583 0.008494032 0.004404959 0.004533088 0.004781722 0 0 0 0.006205357 0.01147321
0.128125 0.1129049 0.1625552 0.09856292 0.1325009 0.1488966 0.1165202 0.1667274 0.1822337 0.2798935 0.2275412 0.2857673 0.3142693 0.2941976 0.2985474 0.3005996 0.4125602 0.3245766 0.286294 0.2535393 0.2411124 0.2047137 0.1773732 0.208871 0.274943 0.224985 0.2137503 0.2962413 0.277332 0.2501686 0.2539134 0.2571899 0.2687701 0.2498642 0.2236027 0.1826627 0.1472245 0.1197152 0.09473162 0.05966874 0.04689214 0.04949471 0.03377601 0.0221973 0.02446685 0.02295063 0.02896477 0.03218751 0.01524211 0.008042715 0.005412026 4.464286e-005 0.0028125 0.0003125 0 0
0.1869085 0.1508711 0.162568 0.1377113 0.1237037 0.1425485 0.1574638 0.2196478 0.1914718 0.1612657 0.2012876 0.2558666 0.2277073 0.1927544 0.252533 0.3140486 0.4025041 0.4163611 0.317374 0.2786554 0.2413244 0.2400491 0.2146835 0.2709121 0.2229551 0.2420327 0.2563411 0.3561772 0.3464182 0.269955 0.2169725 0.2477836 0.2873675 0.2590226 0.2281689 0.1952906 0.2212045 0.2095232 0.1328708 0.07984313 0.06682691 0.04686864 0.04414434 0.02188335 0.02798851 0.02848195 0.03057669 0.0276216 0.02881845 0.0223892 0.00771974 0 0.01 0.009910715 0 0
0.2130536 0.1641752 0.1637591 0.08870343 0.08633053 0.1469359 0.1470357 0.1650406 0.1398375 0.1609634 0.1772636 0.1638923 0.1628866 0.1798014 0.2336215 0.3128664 0.3836408 0.3631021 0.3380173 0.2648307 0.2412447 0.2336686 0.2255385 0.2871881 0.300054 0.25236 0.234721 0.3144298 0.3047378 0.3060224 0.2848342 0.2598051 0.278338 0.3094586 0.303931 0.2490895 0.2720269 0.2365929 0.1469056 0.1057649 0.09320907 0.04193188 0.03228775 0.02566683 0.03043878 0.03886604 0.0420175 0.06087003 0.04565766 0.02714553 0.02354884 0.009999999 0.001651786 0.007544643 0.003125 8.928571e-005
