contrib/geomasonDemos/riftland/DataFiles/RainData/119.txt
ncols         56
nrows         54
xllcorner     28.264
yllcorner     -5.7719999999999
cellsize      0.25
NODATA_value  -9999
[rows 0 to 26 of 54, columns 0 to 55 of 56]
0.02515579 0.01793566 0.0135893 0.00760332 0.02256859 0.02817391 0.01447464 0.02551342 0.009332929 0.005162488 0.02342663 0.03768181 0.04489959 0.07159696 0.05765251 0.04714178 0.05172474 0.04627376 0.02941838 0.02655209 0.04015476 0.0529771 0.04553176 0.1132946 0.07420659 0.07446939 0.09679985 0.1046417 0.1033266 0.06858133 0.05204841 0.06632568 0.05460123 0.02946731 0.02007025 0.01919709 0.01392176 0.01234418 0.01369904 0.01431736 0.01062319 0.04191598 0.04092887 0.0279377 0.03102418 0.0331131 0.04343188 0.0416705 0.05227215 0.0635141 0.06975245 0.1036382 0.1149642 0.09558299 0.07752762 0.03649965
0.04048701 0.01643607 0.01267607 0.007039894 0.01867001 0.03036689 0.0266093 0.01909739 0.003792996 0.002805204 0.01895001 0.09095118 0.08454658 0.1108657 0.08792378 0.03990667 0.04283312 0.03840986 0.03128954 0.03600037 0.04445852 0.09566475 0.07108178 0.06936528 0.1326817 0.089393 0.06170078 0.06173587 0.08883479 0.06635886 0.05059225 0.05662075 0.03192718 0.02739809 0.01744596 0.01546466 0.01175217 0.01288422 0.01431351 0.01891937 0.03955287 0.02770808 0.02393969 0.03317499 0.03504137 0.03503138 0.04347673 0.04883027 0.05877629 0.05749708 0.08608092 0.08247031 0.1097878 0.08129552 0.05958891 0.03235283
0.07213415 0.03637831 0.01742585 0.01423827 0.02451758 0.02123858 0.0145344 0.02082095 0.01582891 0.005112733 0.008665184 0.03252105 0.04915401 0.07985862 0.07749443 0.09710457 0.04250491 0.05695791 0.03835142 0.03225469 0.0386631 0.04722246 0.07939965 0.1267287 0.1353889 0.1211083 0.07490249 0.08983863 0.06774639 0.05917808 0.05539674 0.06985968 0.05595226 0.03701644 0.02585838 0.01958962 0.02424255 0.02290388 0.02076311 0.01919313 0.05849581 0.02482218 0.02774829 0.03235761 0.04270857 0.03529841 0.03915634 0.05290866 0.06670371 0.0519588 0.06849998 0.06503079 0.07593259 0.07740982 0.05617825 0.03374901
0.1004714 0.026456 0.01936749 0.02291071 0.01254553 0.009185323 0.006340658 0.007180801 0.03553357 0.006739833 0.009325684 0.02080432 0.03009077 0.04099869 0.03168686 0.03521803 0.04540076 0.04683132 0.04533977 0.03809175 0.04144244 0.06517527 0.1044907 0.09792515 0.09719909 0.08160707 0.07346686 0.08911408 0.07915191 0.1077092 0.1634103 0.1550952 0.09771112 0.09322111 0.02397129 0.03017259 0.04029929 0.03741292 0.02967152 0.04167288 0.06158947 0.08118302 0.07385095 0.06025894 0.06138009 0.06765027 0.05086241 0.05489847 0.05814607 0.06152017 0.06787805 0.07825603 0.06549343 0.08015142 0.0634526 0.04754029
0.1139457 0.03937639 0.0348043 0.03610155 0.01580052 0.01090928 0.006395943 0.01085926 0.0256706 0.02318297 0.01786084 0.01618862 0.02399961 0.0455097 0.04305444 0.04426822 0.03734449 0.04415037 0.04647704 0.02648145 0.05317893 0.0622934 0.06723166 0.07528638 0.1037975 0.08660572 0.07124458 0.1245688 0.1670481 0.1105935 0.1088577 0.1133032 0.1098045 0.08672135 0.04686325 0.03734526 0.04557482 0.03432361 0.03836695 0.06627244 0.07356907 0.09973148 0.07732144 0.08512082 0.07049513 0.1105318 0.05054446 0.05912071 0.06362268 0.06885629 0.09096176 0.08482696 0.03553187 0.03023393 0.03033667 0.03632754
0.08679014 0.04056082 0.02957487 0.01703042 0.02238526 0.01536958 0.01373663 0.03703704 0.03018044 0.03979522 0.03098432 0.03070704 0.03074421 0.03959374 0.03371772 0.0350924 0.03541525 0.04844816 0.05134165 0.02980001 0.04327258 0.03765613 0.0442402 0.06860979 0.08581223 0.08058345 0.07323614 0.1210507 0.1101283 0.09591364 0.07291803 0.1070539 0.1199263 0.1609575 0.06770349 0.05028239 0.0457986 0.03950583 0.05629889 0.08494704 0.08481067 0.06322806 0.08855934 0.04853809 0.03521425 0.06504961 0.06102224 0.07023004 0.07331906 0.06300969 0.1075389 0.05197039 0.03302753 0.02718215 0.01797491 0.008062905
0.05159363 0.05691279 0.0410764 0.02463747 0.02106949 0.03096341 0.01984816 0.0486758 0.0317962 0.0343416 0.04658281 0.04328063 0.02966192 0.02212525 0.02993078 0.02644977 0.03655156 0.07497859 0.04933256 0.03696879 0.05697325 0.03463473 0.03532768 0.05480944 0.0611647 0.07018853 0.06777712 0.07519738 0.08425982 0.07733186 0.07155912 0.1214178 0.143976 0.181509 0.08379191 0.07024411 0.05128773 0.06708907 0.06949491 0.0995198 0.06014859 0.04118817 0.04443233 0.02969105 0.02667954 0.04017986 0.04724111 0.06757224 0.08752196 0.05595519 0.06294332 0.03717737 0.02389606 0.0468569 0.03406552 0.009738318
0.067062 0.05257909 0.03196377 0.01618923 0.01494328 0.02350584 0.02098176 0.0310289 0.04114723 0.04031464 0.04532436 0.03322495 0.01676031 0.0156099 0.02946264 0.03228436 0.1023413 0.1028605 0.05267568 0.05995534 0.06253718 0.03994102 0.04160833 0.04785506 0.0618254 0.05959574 0.06220086 0.06020563 0.05548448 0.07376293 0.1049696 0.1066385 0.1345687 0.1383828 0.1030836 0.05557895 0.0498122 0.06587648 0.05675821 0.06777996 0.06602895 0.03872464 0.0656652 0.05766593 0.03278464 0.03632385 0.03955241 0.04214256 0.07217848 0.05343342 0.05776579 0.04465034 0.03445606 0.04855096 0.05434977 0.02170356
0.05937392 0.04065958 0.01733734 0.01216078 0.01787483 0.02295869 0.01920494 0.03199698 0.02883116 0.0260513 0.02968913 0.02000275 0.01671591 0.02379248 0.03659915 0.0362989 0.1175866 0.1293409 0.05333333 0.054996 0.05329791 0.03917519 0.03139197 0.05716436 0.04747449 0.04754367 0.04209422 0.04421245 0.07649171 0.06819803 0.06982923 0.1115344 0.09155516 0.09788497 0.09309715 0.08263975 0.08421016 0.0686193 0.05614472 0.04607331 0.05127387 0.05301116 0.07149061 0.04631664 0.03678578 0.05412381 0.03731753 0.03472807 0.06319844 0.06378584 0.05785571 0.08506383 0.09855162 0.05134553 0.03342776 0.03729183
0.04199113 0.03454223 0.02220788 0.01088021 0.01437344 0.03188632 0.04929921 0.02235465 0.01632142 0.01088408 0.009843525 0.01787635 0.01457224 0.02385004 0.03406993 0.04128822 0.09759337 0.1050633 0.08362291 0.06127818 0.05968818 0.03662042 0.03326391 0.04377954 0.027966 0.02396681 0.03073972 0.03938888 0.04647881 0.05197032 0.0630869 0.2114394 0.1912742 0.0940947 0.1016212 0.1287751 0.1186663 0.07733247 0.04966931 0.05061293 0.04888391 0.0432567 0.05674241 0.05859261 0.04620114 0.02419106 0.02797366 0.04832759 0.03929422 0.05843405 0.05334873 0.2214213 0.2290862 0.1339097 0.05706743 0.05974755
0.08371855 0.05292096 0.05018638 0.02640312 0.02878126 0.02510607 0.02715187 0.02708998 0.01527131 0.006542029 0.00681529 0.01327038 0.01789046 0.01928312 0.02849372 0.0315391 0.04611233 0.05274167 0.07260023 0.07213971 0.05171238 0.04219068 0.03360049 0.02837224 0.02224319 0.01828561 0.02091753 0.01757384 0.03393416 0.03895316 0.04462121 0.1475786 0.1076274 0.1015467 0.09617562 0.1094559 0.09050301 0.05317522 0.04082153 0.04752994 0.05070632 0.05716311 0.06479736 0.06901996 0.05492776 0.03185469 0.03374843 0.04419687 0.05326508 0.06632802 0.06177673 0.1383491 0.3335865 0.2303666 0.08705881 0.08153906
0.1119104 0.0940324 0.09426384 0.0653519 0.04454416 0.03184505 0.03107377 0.01766252 0.02585218 0.008543589 0.009943087 0.01812711 0.01994199 0.01203006 0.03071846 0.03086197 0.04423425 0.05942858 0.05037989 0.06268936 0.04412045 0.05391118 0.02110463 0.01723188 0.0199173 0.02292913 0.02022685 0.01523921 0.01806798 0.02286773 0.02900698 0.05431766 0.05863806 0.0534608 0.04228423 0.09746095 0.04813824 0.04864814 0.03296062 0.04694829 0.04400304 0.04321521 0.03512999 0.04392568 0.03278932 0.05573895 0.04975832 0.06365175 0.04649679 0.07161089 0.05820143 0.07666807 0.1917907 0.2587881 0.09066405 0.03532
0.05619209 0.06540372 0.09971615 0.09021773 0.05025063 0.03243314 0.0191108 0.0107 0.009939517 0.02187395 0.02577158 0.03393791 0.02313269 0.014746 0.022457 0.0350515 0.03703321 0.05785139 0.04079413 0.03426193 0.02960775 0.01560248 0.009764574 0.01813079 0.05015545 0.03665339 0.01999254 0.01698013 0.01568924 0.02033866 0.01467681 0.02467703 0.02749496 0.04171176 0.04144664 0.08603406 0.06888483 0.0407048 0.05107528 0.05380629 0.02759756 0.02384759 0.04334175 0.03740028 0.03739188 0.06706529 0.051135 0.05095694 0.05010694 0.05405161 0.04440911 0.03969637 0.08336719 0.1734633 0.115101 0.04155602
0.051516 0.06259751 0.09207129 0.05390021 0.0391334 0.05964089 0.02241583 0.01452676 0.01353145 0.02844878 0.03053617 0.02469695 0.03025087 0.02958745 0.03337453 0.04724906 0.07933536 0.08134999 0.0439112 0.03089813 0.01587758 0.009190383 0.02000303 0.01286926 0.01843053 0.01161222 0.0260073 0.01338515 0.01193734 0.01559824 0.01674784 0.03616279 0.03151228 0.07442616 0.06198196 0.07159866 0.120189 0.05955032 0.0519412 0.04709328 0.02022071 0.02146768 0.03140379 0.04538348 0.08085823 0.06672071 0.04659636 0.03467594 0.03611396 0.05566767 0.05626159 0.04425799 0.01997573 0.05720723 0.03865202 0.03073649
0.08817931 0.09287677 0.09567479 0.06722795 0.07017867 0.05025218 0.05314274 0.01850634 0.02377039 0.02598971 0.02862338 0.02993137 0.02667044 0.03112578 0.03826047 0.04406858 0.07327459 0.1105942 0.05506956 0.02272074 0.01146003 0.01094509 0.01449453 0.01842564 0.0202904 0.009023117 0.006356427 0.005045826 0.004463455 0.02218517 0.01907168 0.01650335 0.01481576 0.03862263 0.04579533 0.04729451 0.05549621 0.06168835 0.04237662 0.05843714 0.03486879 0.0257775 0.04057866 0.03190076 0.06695829 0.06502754 0.04156196 0.02710994 0.03710663 0.04145965 0.0440431 0.03811096 0.008778732 0.02085407 0.04453074 0.03967823
0.150922 0.1248307 0.09442496 0.07800328 0.1013711 0.0741692 0.0361494 0.02431493 0.0249928 0.02808549 0.02677311 0.03979889 0.04120779 0.04421648 0.0465124 0.07895904 0.09108713 0.1054647 0.0474488 0.02609804 0.01759919 0.02395628 0.02264045 0.04524381 0.02835841 0.01483741 0.01195451 0.008647235 0.009607048 0.006253588 0.01214256 0.01561488 0.01560996 0.02563234 0.02657159 0.07326132 0.03201875 0.04830878 0.04870823 0.07820088 0.075494 0.04478583 0.03200167 0.02892708 0.04325412 0.02020355 0.01831226 0.03001594 0.05106374 0.04244612 0.04991775 0.04455928 0.01794682 0.04063242 0.02415914 0.03748794
0.08232631 0.08194561 0.1081371 0.08770943 0.09165439 0.06801569 0.05583008 0.04816058 0.03590776 0.03937247 0.02643313 0.04414795 0.06899373 0.08280953 0.07768203 0.07399711 0.07488889 0.0607517 0.04439325 0.02628441 0.02508824 0.0397015 0.02846232 0.03051406 0.03573162 0.01686286 0.007994337 0.004266173 0.008561677 0.012064 0.01252243 0.02369164 0.02371677 0.02909562 0.04455885 0.04248435 0.04303666 0.03363451 0.04826403 0.05463189 0.06044264 0.04065287 0.04712705 0.06657596 0.05173404 0.03100911 0.04059776 0.02722819 0.04907329 0.05779477 0.05767656 0.06065356 0.03060122 0.02567517 0.04021767 0.08364153
0.08340173 0.09611043 0.09790861 0.09116929 0.09208415 0.08951942 0.05617375 0.04412172 0.05958671 0.04809181 0.0714766 0.06612311 0.07505292 0.107498 0.1019431 0.09444173 0.05614243 0.05636905 0.04006523 0.0213928 0.03749662 0.03100484 0.02374176 0.01995749 0.015448 0.01341388 0.02313489 0.006216327 0.008117077 0.008590229 0.008873063 0.01116505 0.01557417 0.0232338 0.0214366 0.01968775 0.02728563 0.04140443 0.05593899 0.06033521 0.08029168 0.08379541 0.065777 0.06785066 0.05128757 0.02005161 0.01981915 0.03593754 0.03639024 0.03672425 0.05150285 0.08105578 0.1415039 0.05657935 0.03531924 0.07205227
0.08647574 0.1380791 0.1240391 0.1301304 0.08483288 0.08259244 0.06816888 0.06608457 0.07715197 0.09725174 0.1236315 0.1035189 0.1115168 0.1211735 0.08665299 0.1144668 0.1164136 0.09603039 0.04121228 0.04601382 0.04084955 0.03619274 0.02002732 0.01982618 0.0157684 0.01427642 0.01685579 0.00610511 0.003841813 0.008094214 0.01032845 0.01160247 0.01719514 0.01947817 0.01976779 0.03280597 0.03710279 0.05089273 0.0572299 0.07165478 0.05687888 0.08020581 0.08304497 0.06239353 0.06193085 0.04653199 0.02631547 0.0513174 0.04162944 0.06812829 0.1007362 0.1764361 0.1058469 0.0900693 0.06891485 0.06688255
0.1289108 0.1343241 0.1199183 0.1878747 0.08700276 0.08189338 0.08913227 0.08495566 0.0682455 0.1221227 0.1065617 0.1644941 0.140855 0.1378963 0.09999046 0.1389547 0.1374748 0.1150995 0.05074307 0.06766348 0.03790028 0.03476866 0.02233349 0.02768622 0.01930031 0.01311164 0.008535948 0.006948948 0.005022115 0.008782851 0.01051235 0.01568745 0.01745174 0.02334536 0.02774257 0.03499665 0.04609689 0.06746066 0.05276094 0.05801014 0.07839897 0.08371881 0.0747385 0.05533391 0.06730155 0.07500568 0.05411125 0.05158511 0.0444121 0.05493006 0.06900828 0.1151059 0.1245958 0.1209226 0.09207258 0.1074906
0.1512556 0.1294641 0.1616744 0.1629478 0.1249112 0.08389565 0.08768854 0.08753963 0.0851232 0.09938265 0.1301866 0.1439553 0.1743319 0.1328814 0.1660405 0.1313986 0.09343908 0.09016216 0.03826073 0.04605774 0.04399803 0.06923503 0.05437077 0.06516375 0.04568405 0.02423595 0.02069863 0.01110623 0.00589577 0.00996012 0.01096231 0.0125755 0.02028422 0.04787688 0.03523216 0.06212942 0.06192789 0.06568368 0.06339368 0.07718255 0.1005847 0.06612522 0.06414595 0.06781286 0.06617071 0.109509 0.08186562 0.0700023 0.04388828 0.0557546 0.05767798 0.1255708 0.1516643 0.1503535 0.1522028 0.1506177
0.1703532 0.1662432 0.2288497 0.2265833 0.239539 0.1499795 0.1081418 0.1082677 0.06942657 0.07336417 0.1035103 0.133413 0.09974449 0.08735242 0.1345428 0.1462923 0.0821117 0.05527575 0.03981737 0.0548576 0.0675034 0.05926553 0.05764808 0.06164518 0.0345545 0.01890361 0.0318212 0.02175255 0.01222731 0.01189461 0.01751245 0.0164515 0.02405453 0.02790514 0.0242446 0.03302258 0.05689341 0.06211971 0.07711335 0.1013046 0.1685754 0.1453788 0.05626869 0.04694362 0.04520998 0.0795143 0.05533408 0.06133806 0.05015201 0.04534298 0.05431257 0.1217762 0.1306704 0.1294906 0.1809092 0.2040655
0.2161526 0.1704476 0.1809815 0.1874935 0.2410112 0.2074441 0.2569624 0.1459337 0.05859393 0.06056853 0.1239018 0.1527747 0.1128642 0.1001807 0.1045668 0.09940948 0.05953954 0.07226078 0.05302164 0.07075687 0.0642055 0.07646816 0.08301532 0.1167581 0.05587089 0.02298866 0.01250348 0.02125297 0.02027607 0.01666612 0.02157895 0.01571776 0.02150364 0.02221197 0.03128548 0.04122728 0.04744679 0.05932789 0.0726878 0.07172439 0.09082911 0.1176655 0.05861874 0.03403139 0.0219027 0.03588425 0.05328104 0.06036569 0.04055218 0.04608257 0.06819089 0.1090093 0.1138401 0.1350325 0.2165347 0.2763658
0.3264673 0.2669421 0.2120093 0.1975667 0.2064072 0.1997674 0.1306405 0.131837 0.07659183 0.1329742 0.1323105 0.1852626 0.1226268 0.1148838 0.1858408 0.1202576 0.09531852 0.1458442 0.1241239 0.09239694 0.07975995 0.07886958 0.07988228 0.09475686 0.1081559 0.03055716 0.02545317 0.02189242 0.01817282 0.01749305 0.02707746 0.02514533 0.02537534 0.04219402 0.0649062 0.1147726 0.07274873 0.08596697 0.1059172 0.07969471 0.05656945 0.0687899 0.05911325 0.03118735 0.02716248 0.03380665 0.02075234 0.0444555 0.05792919 0.02775105 0.0753862 0.1333511 0.1269812 0.1785211 0.1522873 0.2443659
0.2980444 0.2804812 0.2381659 0.169963 0.1601055 0.1559366 0.09863658 0.08266966 0.04866092 0.09586791 0.1123525 0.1313047 0.09031441 0.1210449 0.1467578 0.1680411 0.1965676 0.1155841 0.08600646 0.08699516 0.1421104 0.1187349 0.09745288 0.08180388 0.06459801 0.02948395 0.02831747 0.02313508 0.02265186 0.02180721 0.02106506 0.02009891 0.03972163 0.08907104 0.07822944 0.1155386 0.09905466 0.08744851 0.1005468 0.06815266 0.06043877 0.05260624 0.05151483 0.03031949 0.02609127 0.02079251 0.03198039 0.03669653 0.09833939 0.06421323 0.05906258 0.1146847 0.1312501 0.1436733 0.1396826 0.1731202
0.3364764 0.2634838 0.2630592 0.1983966 0.2087733 0.1666328 0.0934175 0.06623323 0.04004274 0.06494123 0.07127417 0.0883103 0.06968999 0.1131434 0.1255339 0.1547321 0.1396386 0.08701777 0.1149116 0.1130706 0.1156941 0.09050038 0.09260298 0.07391011 0.05317987 0.05368941 0.04017976 0.03173429 0.04641482 0.05795769 0.03176136 0.05217822 0.03569128 0.1064239 0.1347881 0.1196131 0.113698 0.09675509 0.1007808 0.07223146 0.06578824 0.04798016 0.04381886 0.04864533 0.02667003 0.02281651 0.02921249 0.05976825 0.09882233 0.09334559 0.06744468 0.1147863 0.1437124 0.1623108 0.2076186 0.2605229
0.2777745 0.2490875 0.2422659 0.2609104 0.2208405 0.1628363 0.1371388 0.1225445 0.05655412 0.06786884 0.0823595 0.1136217 0.1064765 0.08269742 0.09945861 0.1129382 0.09094208 0.07209345 0.1156075 0.13507 0.135497 0.07126606 0.08293922 0.1069304 0.08742483 0.05256108 0.05201633 0.04437814 0.03741337 0.03690045 0.04942081 0.08880218 0.03538976 0.05386463 0.09071065 0.1276884 0.1933301 0.1773673 0.1517303 0.1104599 0.09658589 0.06887584 0.06017094 0.06447941 0.04642527 0.04688956 0.04173334 0.05446447 0.09418197 0.0746716 0.06734987 0.1186949 0.1627601 0.2275412 0.2609267 0.3027658
