contrib/geomasonDemos/riftland/DataFiles/RainData/119.txt
ncols         56
nrows         54
xllcorner     28.264
yllcorner     -5.7719999999999
cellsize      0.25
NODATA_value  -9999
[rows 27 to 53 of 54, columns 0 to 55 of 56]
0.3045518 0.2770795 0.2581948 0.312618 0.2646534 0.2262263 0.153434 0.1818352 0.116225 0.08277149 0.08262743 0.1061066 0.1437841 0.1187387 0.1217837 0.0985079 0.09149201 0.1158222 0.1522202 0.1573044 0.1187644 0.109833 0.1426058 0.1010366 0.09417257 0.07496145 0.05293849 0.05354119 0.04299124 0.0419362 0.05605603 0.09660901 0.06421335 0.07453433 0.09804793 0.127843 0.1883081 0.1700701 0.1762786 0.161223 0.1969571 0.1421418 0.1074041 0.0725785 0.08752502 0.1206757 0.1080137 0.09838121 0.1567501 0.1074671 0.08575744 0.1087198 0.1360427 0.1776191 0.1510132 0.185242
0.4054411 0.2731325 0.2652255 0.2580363 0.2265141 0.2321498 0.134855 0.1883069 0.1115779 0.08604051 0.08559766 0.1171376 0.1372608 0.131176 0.1030457 0.09674836 0.1285187 0.1179922 0.112282 0.1174946 0.1030657 0.1271317 0.226106 0.1747319 0.1531751 0.08586039 0.08031426 0.05748476 0.05184616 0.06472365 0.06193511 0.1080424 0.06678958 0.07892999 0.09313034 0.130681 0.1455586 0.16531 0.1688487 0.192719 0.1610795 0.1454633 0.1080959 0.08669253 0.100787 0.1368077 0.1730631 0.17737 0.1939127 0.1288818 0.150822 0.1574242 0.2891699 0.2095963 0.1584877 0.1532398
0.5146163 0.3099624 0.2930529 0.223643 0.2429114 0.1554587 0.1472465 0.1165608 0.1250954 0.116508 0.1032323 0.1159692 0.1168884 0.132147 0.0951286 0.1343864 0.1496863 0.1341235 0.10226 0.08078808 0.0945868 0.1337014 0.3112184 0.2143248 0.187437 0.1206606 0.0975678 0.08102966 0.06451339 0.06518542 0.06438886 0.07250019 0.07767373 0.08497243 0.08705533 0.1271097 0.1666677 0.1920664 0.2344399 0.2318195 0.1986853 0.1900838 0.1484746 0.1005372 0.1020286 0.1151141 0.2010169 0.2044161 0.1788996 0.1572007 0.1890847 0.1851127 0.1693278 0.1619692 0.1491536 0.2200438
0.6499112 0.3896518 0.2598673 0.2374033 0.2130997 0.1691559 0.153624 0.1443742 0.1426555 0.1084432 0.08525349 0.1614649 0.1173203 0.1818819 0.1450705 0.155572 0.1351589 0.1108114 0.1475373 0.1137377 0.1470789 0.1713248 0.1318903 0.1353782 0.1498675 0.1592361 0.1314309 0.1004823 0.08158594 0.06538098 0.06715816 0.06858604 0.0631547 0.08971747 0.1307424 0.1264541 0.1651269 0.2030933 0.2148836 0.200633 0.2029853 0.2147925 0.1940785 0.1156757 0.1190678 0.1246441 0.176565 0.2484143 0.2044844 0.1630356 0.1613334 0.2216005 0.1611488 0.1304135 0.1405518 0.1796198
0.6385413 0.6069024 0.3929088 0.2366249 0.2019071 0.1779104 0.1661594 0.2368914 0.171561 0.1420873 0.1155806 0.1728023 0.1740572 0.1881863 0.1921576 0.1371627 0.1655568 0.2164988 0.2940331 0.213262 0.1343691 0.1272462 0.09583066 0.1126263 0.1386012 0.1230507 0.1303826 0.1189458 0.09036433 0.06508075 0.06149171 0.06222197 0.06768879 0.07839406 0.1172346 0.1311277 0.1675897 0.1908565 0.2062835 0.1983366 0.1987133 0.1968959 0.1650819 0.1362796 0.1399352 0.1659602 0.1821662 0.2414525 0.2414507 0.2586108 0.2052939 0.1431472 0.1704023 0.1101029 0.1517308 0.1545112
0.5673366 0.4908882 0.2685815 0.1857781 0.1101232 0.1436664 0.1411346 0.2987595 0.2187069 0.1050625 0.1002378 0.1938845 0.2088944 0.1699085 0.2351135 0.2756088 0.3117379 0.3077485 0.2512201 0.197399 0.1631614 0.2473458 0.2746175 0.1732639 0.1248916 0.1204549 0.1042948 0.1182995 0.09505775 0.07107204 0.05609338 0.08752967 0.08327436 0.1024954 0.1456619 0.1480361 0.1690202 0.1992932 0.2387295 0.2133662 0.171666 0.182991 0.1906072 0.142066 0.1717863 0.2350189 0.2096782 0.2080548 0.2808197 0.285893 0.1916976 0.1716112 0.1542271 0.1174003 0.1204909 0.1342304
0.531682 0.2462559 0.1236531 0.1184298 0.1281724 0.1739288 0.2061202 0.2043806 0.1475857 0.1073589 0.09686888 0.1894088 0.2124137 0.2536382 0.273529 0.2988244 0.3132085 0.2748176 0.2491748 0.1844411 0.2188016 0.2251786 0.2961697 0.1527358 0.1341073 0.1438418 0.1672664 0.1273113 0.07964697 0.08009053 0.0600317 0.07753182 0.1146231 0.09476118 0.08343311 0.1518821 0.1531234 0.2283191 0.2991255 0.314585 0.2287056 0.1847474 0.2130446 0.1884726 0.2042906 0.2431243 0.2524148 0.214369 0.2418828 0.2545171 0.2632651 0.1909511 0.1689861 0.1697955 0.08866099 0.05337351
0.5708926 0.2398465 0.1283963 0.1677226 0.175578 0.2158567 0.1659696 0.2030438 0.1170046 0.1351539 0.1405879 0.2641402 0.2290756 0.2192132 0.2741973 0.2796047 0.2941555 0.2951892 0.3133231 0.2437899 0.3014857 0.2297464 0.2238627 0.1394408 0.1473063 0.1589364 0.1471021 0.1151693 0.08377924 0.07409842 0.07835348 0.08317169 0.1053545 0.07071245 0.08531726 0.1199289 0.1510053 0.1655203 0.2308163 0.2571234 0.2319794 0.2700976 0.2575669 0.278944 0.2119799 0.2219586 0.2472832 0.2199969 0.2449281 0.2289174 0.2201166 0.1804816 0.1563746 0.1412608 0.1002799 0.0670241
0.6357054 0.337682 0.2482739 0.2152053 0.1876898 0.1835705 0.1488989 0.2114913 0.2236153 0.2889688 0.1528963 0.2528531 0.2487508 0.2306918 0.2879466 0.3715502 0.3459036 0.3921923 0.3580049 0.2696803 0.2011893 0.163242 0.1424045 0.1512487 0.1385704 0.1686621 0.113341 0.1023659 0.05649919 0.03685711 0.04939058 0.1036393 0.07077172 0.07620833 0.1202525 0.1297056 0.1240668 0.1171005 0.2047684 0.342044 0.3425491 0.3282951 0.2700989 0.2352051 0.1382864 0.1578539 0.201631 0.2067402 0.1964678 0.1576002 0.1564961 0.1385224 0.09468746 0.07331701 0.04685668 0.05642923
0.5709512 0.3547378 0.2250779 0.174876 0.1999501 0.1461166 0.1299384 0.2314429 0.2996816 0.2472467 0.1386198 0.24447 0.2686239 0.2598481 0.3675944 0.3332871 0.3683413 0.3334723 0.3099399 0.2341083 0.1514498 0.1279743 0.09964294 0.1026845 0.1583758 0.1289797 0.1226108 0.07469537 0.04433921 0.02785644 0.03279594 0.05653197 0.06196747 0.06054269 0.09548125 0.1209322 0.1137378 0.1249244 0.1731547 0.2863203 0.228751 0.257896 0.3286638 0.2208352 0.1682584 0.1301062 0.1710521 0.1665376 0.209319 0.1900472 0.105797 0.08895466 0.09845138 0.06658871 0.05960664 0.102121
0.4611171 0.3052828 0.1433319 0.1774901 0.1581172 0.1601244 0.1099091 0.2175793 0.2758537 0.1989537 0.1502414 0.2327932 0.2735238 0.2443474 0.3107491 0.400773 0.3458593 0.3424115 0.2698932 0.183884 0.1453954 0.1251612 0.1324585 0.1139023 0.1439628 0.131264 0.1381866 0.09195672 0.04344514 0.02883557 0.03832971 0.05168909 0.04982162 0.07049913 0.0990893 0.1363273 0.1231499 0.09867541 0.09918354 0.1611517 0.1272954 0.1995489 0.2741492 0.1710395 0.1214095 0.1520741 0.1478581 0.1809501 0.1880569 0.2118018 0.1604868 0.1199759 0.08238588 0.08210318 0.07726675 0.03992819
0.4561591 0.2368223 0.1249325 0.1899061 0.1715719 0.1694886 0.1438017 0.1928223 0.210057 0.1791323 0.2755462 0.2808227 0.2798373 0.2161453 0.3007774 0.3954671 0.3897855 0.3044996 0.2528418 0.1807634 0.1468754 0.1454159 0.1756201 0.1470369 0.132309 0.09526128 0.09870664 0.07855146 0.04136492 0.02548122 0.02230628 0.05856459 0.07225704 0.0830304 0.1022197 0.1138038 0.1213762 0.1133149 0.08827427 0.1521772 0.2890352 0.2998136 0.2581718 0.1453934 0.1172433 0.2375679 0.2041612 0.1377899 0.1667838 0.2317333 0.1695764 0.1030772 0.08047224 0.07833838 0.02240771 0.03561527
0.4562703 0.2617167 0.0888577 0.1507347 0.1501318 0.1862704 0.1623957 0.1616663 0.1700846 0.1994069 0.2076255 0.1832321 0.1799448 0.1685402 0.2313358 0.3345512 0.4061728 0.3157789 0.2068439 0.1660629 0.1751563 0.1680167 0.1490001 0.188704 0.1244227 0.07281665 0.03820675 0.04380544 0.03280525 0.02667674 0.02693104 0.05795252 0.04786294 0.05443545 0.06596188 0.1172306 0.1214731 0.08782981 0.1218894 0.1909062 0.4055954 0.3739051 0.326874 0.2173984 0.1257952 0.1823726 0.2589211 0.1785013 0.2055482 0.1201094 0.1096941 0.1084883 0.09242995 0.02212442 0.02724905 0.01978914
0.4295771 0.2196455 0.1299096 0.1439293 0.1405535 0.1642364 0.2136806 0.1865662 0.204429 0.169874 0.1529225 0.1614515 0.184497 0.131037 0.1749554 0.2668847 0.2660446 0.2401411 0.1983041 0.1683104 0.1402267 0.2223049 0.1999155 0.1643364 0.1185228 0.08505566 0.0539727 0.0317727 0.02966387 0.02072922 0.03988905 0.05798363 0.05076852 0.03794775 0.03466363 0.05356738 0.0586729 0.07678843 0.1454822 0.2618621 0.3528664 0.2804248 0.2405056 0.1777726 0.09378741 0.1374027 0.2009883 0.1768401 0.1498034 0.1339253 0.09842159 0.1031711 0.04902747 0.03644928 0.02895965 0.031066
0.4275187 0.1764869 0.1210811 0.1929602 0.126879 0.1363983 0.1944162 0.2285224 0.2612726 0.2113165 0.2460547 0.2176971 0.1639348 0.1326603 0.1765335 0.246376 0.2082101 0.1978537 0.1340159 0.1410544 0.1848298 0.2294245 0.1681906 0.130933 0.1572752 0.08295143 0.06844433 0.04884014 0.03856864 0.02048939 0.02418484 0.04774511 0.04567221 0.02899063 0.02265674 0.03423784 0.0361229 0.07384877 0.1539535 0.2113602 0.2497945 0.192632 0.1157652 0.09517591 0.0924299 0.1227724 0.215154 0.09911684 0.09018203 0.1050615 0.1084459 0.04279847 0.05843538 0.03259738 0.03290399 0.02990985
0.2270583 0.1491577 0.1076333 0.1474253 0.1340633 0.1627667 0.2257466 0.2268144 0.2376462 0.2201013 0.2967708 0.278251 0.2750248 0.2670818 0.2712347 0.2647049 0.2580961 0.1990389 0.1429833 0.1298741 0.1644994 0.1922423 0.1305796 0.1766643 0.1475575 0.07829635 0.052535 0.03810403 0.04772799 0.0498895 0.04219538 0.04290957 0.03656108 0.02717237 0.0225143 0.0554749 0.1453165 0.06616415 0.05728032 0.08843486 0.1296086 0.1369947 0.1614162 0.117602 0.1161191 0.1749584 0.1708053 0.07766485 0.07734857 0.1025604 0.1068118 0.03380381 0.03409515 0.02595794 0.02263436 0.02016853
0.1486856 0.1174071 0.08538932 0.1129665 0.108344 0.123797 0.1914535 0.161514 0.1934625 0.1518127 0.2054116 0.2101129 0.1844125 0.2380296 0.2893979 0.2631731 0.1606158 0.1610545 0.2549182 0.2313687 0.1583195 0.1170544 0.105287 0.1245324 0.1289712 0.08323212 0.06353369 0.06328461 0.06954799 0.04297067 0.05375709 0.02346239 0.02533119 0.03628877 0.07409449 0.1261652 0.3235769 0.06785346 0.04469614 0.07146262 0.09072807 0.1050889 0.09548614 0.1211927 0.106281 0.1572929 0.1484591 0.0924808 0.0795438 0.1266312 0.05953599 0.02834199 0.04136966 0.03462233 0.02311512 0.004666667
0.2191558 0.1162025 0.08926438 0.09977785 0.1280462 0.1365062 0.1476603 0.2174749 0.1813069 0.1716977 0.1850783 0.1466471 0.18822 0.2810548 0.213411 0.261693 0.2375177 0.2587949 0.304509 0.3001247 0.1449492 0.1019909 0.09174231 0.1184074 0.133974 0.06044411 0.0578859 0.04107609 0.05949736 0.04654835 0.1070943 0.02819172 0.01594761 0.04298762 0.05436733 0.06032211 0.0859454 0.05614315 0.0348537 0.06026473 0.1014194 0.06823981 0.05172703 0.07228789 0.1056002 0.1273779 0.08086606 0.0728372 0.08598007 0.05892197 0.05997211 0.03251796 0.04155786 0.05381302 0.0437843 0.01679167
0.3281287 0.1103055 0.0684331 0.1558252 0.1653363 0.1649745 0.1598273 0.2393251 0.2476028 0.1709886 0.1731817 0.1964481 0.1871514 0.2399265 0.2384338 0.2120016 0.2469961 0.2902622 0.241561 0.3204076 0.1358757 0.1437391 0.07477701 0.09345504 0.1103598 0.05365023 0.03944111 0.04594408 0.03648447 0.06470285 0.07914474 0.03404477 0.01938855 0.01492372 0.01454298 0.01758382 0.0197612 0.02171866 0.03094202 0.03966909 0.0627625 0.07099286 0.1292253 0.1579902 0.09001908 0.157017 0.07180535 0.07937671 0.0810382 0.03976382 0.05003647 0.02776445 0.0304511 0.03237525 0.03815237 0.016375
0.2548702 0.132159 0.1464813 0.170255 0.1579978 0.1111095 0.144679 0.2920603 0.3363002 0.1879245 0.2489607 0.2227906 0.1691782 0.1773789 0.1649025 0.1581283 0.1544625 0.1997562 0.2186713 0.1590616 0.1582023 0.1209622 0.05871894 0.06043958 0.05822654 0.08370721 0.06136829 0.02823171 0.02452784 0.04123387 0.01328531 0.03211072 0.02507162 0.04110857 0.02133526 0.02293547 0.02520048 0.04123061 0.06612622 0.04592541 0.04164456 0.0787373 0.1771037 0.1171173 0.1263297 0.09609015 0.0814511 0.08945197 0.05469127 0.04000035 0.03682151 0.01300059 0.01798751 0.02198354 0.03112436 0.013
0.2202306 0.1181764 0.2448085 0.3411105 0.2198102 0.1657333 0.2023538 0.2706202 0.3004427 0.1957923 0.2340516 0.2015553 0.1490988 0.182707 0.1467201 0.1646094 0.1731264 0.09427615 0.08944912 0.1177956 0.09358097 0.07553576 0.07067879 0.09312394 0.1073865 0.1083045 0.0979865 0.05333167 0.03288902 0.06156749 0.01472201 0.0242906 0.03328586 0.02379456 0.008048484 0.01332186 0.04078864 0.04749964 0.1279959 0.09668079 0.05001084 0.1066182 0.1484528 0.08316062 0.1331127 0.05906675 0.05880131 0.03453993 0.04665679 0.05936802 0.03349024 0.004833333 0.006583333 0.01533333 0.01070833 0.006833333
0.3059169 0.1115761 0.2204018 0.3359085 0.2993706 0.2884204 0.2899452 0.3160176 0.2346883 0.1987413 0.1939743 0.1792337 0.1894541 0.2573099 0.1647261 0.1451842 0.1551114 0.107815 0.0999748 0.08149606 0.05529954 0.05174325 0.06195831 0.07166365 0.07915545 0.0507683 0.02934029 0.01569898 0.03201005 0.04409115 0.04232368 0.02332596 0.03399564 0.04011114 0.05343908 0.0366019 0.04698911 0.06688984 0.1581506 0.08600762 0.1961199 0.1530879 0.06195204 0.1018062 0.1014651 0.08993978 0.06115164 0.0364457 0.03651915 0.06734345 0.03912992 0.006916666 0.00425 0.0165 0.0245 0.00675
0.3918927 0.3338816 0.2291867 0.3935657 0.3370591 0.3380346 0.2926461 0.3650723 0.2500805 0.2220618 0.1966198 0.2025911 0.175748 0.1534183 0.1457088 0.170739 0.1432528 0.1665513 0.08051845 0.08649565 0.04921026 0.05053867 0.04481564 0.05692175 0.02788498 0.01842413 0.01188571 0.007747479 0.00967691 0.036398 0.03703748 0.03590986 0.05685303 0.03631599 0.01483486 0.0183188 0.06237829 0.102578 0.1215914 0.1575342 0.1187413 0.06719504 0.05861123 0.1141899 0.08372679 0.0715709 0.06571889 0.04109265 0.04625418 0.0453136 0.05543608 0.01020833 0.006125 0.01279167 0.03279167 0.01891667
0.4386888 0.3846736 0.4856108 0.5484757 0.3776155 0.2953843 0.2494493 0.3205442 0.326649 0.2122512 0.2490937 0.3324697 0.2196075 0.1956856 0.1955115 0.2081967 0.1645671 0.224613 0.1193966 0.09725878 0.09074979 0.05991386 0.03909565 0.03212532 0.0242596 0.02222361 0.03998788 0.02307482 0.02108453 0.06345587 0.05051744 0.02333548 0.05130302 0.0276571 0.02643848 0.02224019 0.06935157 0.05665648 0.1170856 0.08995066 0.1120355 0.05929499 0.1351919 0.1176031 0.09538803 0.118072 0.06217717 0.06957337 0.0686532 0.056703 0.04883941 0.022625 0.01908333 0.01458333 0.01920833 0.01991667
0.3507877 0.3691055 0.5344308 0.8802401 0.5305603 0.4196235 0.2910618 0.2771677 0.2876969 0.2383085 0.2217444 0.2418786 0.2071906 0.2035834 0.1476303 0.193524 0.1776063 0.1446933 0.08387849 0.09907913 0.08523664 0.07088318 0.05320343 0.04888183 0.0472279 0.009242285 0.04081358 0.03194435 0.05079563 0.07285742 0.06509197 0.01874265 0.02201623 0.03153333 0.0453731 0.04714196 0.06417923 0.08524401 0.09071019 0.1339895 0.1460775 0.1533281 0.1612305 0.1356049 0.1386965 0.1691012 0.1150966 0.06335729 0.05203982 0.05075316 0.02854267 0.01729167 0.02091667 0.02808333 0.03016667 0.007083333
0.4460428 0.3456118 0.6405935 0.6938637 0.5448364 0.3967591 0.4028505 0.2415182 0.2904674 0.2550712 0.2327253 0.2354945 0.2108991 0.1871158 0.1124681 0.1404816 0.1378048 0.08853322 0.07199306 0.0571248 0.05549901 0.05686249 0.04367753 0.06399929 0.06511353 0.01612061 0.006593424 0.01308825 0.04717116 0.04562493 0.04556274 0.02086847 0.0114303 0.02345389 0.03844758 0.06104086 0.08123216 0.1294191 0.1092013 0.1572884 0.1938397 0.1926919 0.2051226 0.1931155 0.1618726 0.1633046 0.1149841 0.03985825 0.03231792 0.04526699 0.03132796 0.004041667 0.017375 0.02675 0.01708333 0.005875
0.4659206 0.2469519 0.3457389 0.6006922 0.455625 0.3507128 0.4445028 0.294477 0.2540485 0.2462292 0.2395825 0.2031755 0.1820901 0.1691057 0.1517487 0.1268479 0.1149346 0.1021139 0.1177424 0.07960905 0.04776891 0.03967925 0.04116679 0.07046159 0.05856714 0.0176504 0.006987959 0.02538988 0.02639541 0.04908527 0.01149739 0.01860826 0.02635061 0.03381466 0.04540282 0.06868667 0.1147496 0.1358214 0.1339683 0.1686721 0.2003183 0.1914538 0.1764547 0.1896843 0.1501234 0.1741992 0.113561 0.03757514 0.03675881 0.05500532 0.05769712 0.01608333 0.03870833 0.05720833 0.01516667 0.004375
