contrib/geomasonDemos/riftland/DataFiles/RainData/12.txt
ncols         56
nrows         54
xllcorner     28.264
yllcorner     -5.7719999999999
cellsize      0.25
NODATA_value  -9999
[rows 0 to 25 of 54, columns 0 to 55 of 56]
0.001356347 0.001148845 0.000832769 0.0002758026 0.0001436848 0.0001247841 0.0001247574 0 0 0 0.0003196746 0.001420249 0.001553363 0.002147408 0.003078925 0.001476211 0.001007507 0.001117526 0.001165274 0.001553079 0.0009716362 0.001152985 0.001681989 0.01101005 0.01231874 0.005534893 0.004934021 0.008059945 0.004109372 0.003070959 0.002034901 0.001566369 0.0009089945 0.0007573314 0.0007592083 0.0009277189 0.0009316153 0.0009524525 0.001032571 0.001012826 0.001056309 0.001731036 0.002008011 0.002960815 0.003182219 0.003450295 0.003970866 0.003359599 0.003440876 0.003446925 0.003229507 0.001894599 0.00174107 0.001523242 0.001222455 0.0001503268
0.001111991 0.0009758705 0.000727888 0.0002524961 0.0001324762 0.0001247574 0.0001247574 0 0 0 0 0.0007331978 0.001725089 0.0008347413 0.00122538 0.001054373 0.001015337 0.00178974 0.002236484 0.001948014 0.00112044 0.001279343 0.001531826 0.01009582 0.01008019 0.004267431 0.004099956 0.002848037 0.003594965 0.001501319 0.001180727 0.0008778504 0.001188852 0.0009632118 0.0008312481 0.001048029 0.001025352 0.001062 0.001176035 0.001178622 0.001250315 0.00264924 0.00219318 0.003228041 0.003749118 0.003906335 0.004264006 0.003675365 0.003927633 0.003931892 0.003678281 0.002140808 0.00197448 0.001725873 0.001385608 0.0001699577
0.0008935647 0.0007978944 0.0006187139 0.0002201003 0.0001200405 7.797745e-005 0.0001247708 0 0.0004446574 0 7.795999e-006 0.001225132 0.0006864472 0.0006863737 0.0009520297 0.0008669209 0.001124682 0.003729887 0.003426749 0.002466761 0.005211898 0.002037333 0.002181898 0.004589662 0.00536957 0.004207074 0.005619401 0.003018779 0.001980953 0.001810232 0.001406512 0.0008486946 0.001469619 0.0008487548 0.0008568015 0.001057374 0.001205917 0.001148125 0.001521838 0.001385305 0.002640014 0.001956791 0.002608644 0.003482906 0.004674766 0.004409256 0.004965071 0.004381669 0.004234031 0.004220772 0.004159712 0.00228582 0.002097683 0.001829667 0.001472848 0.0001798755
7.533235e-006 6.597769e-006 4.784381e-006 0.001442151 0.0008149687 0.000539232 0 0.0004678813 0.0009994899 0 0 0 0 0 0 0.0002269744 0.0004224122 0.001079341 0.0004885252 0.002077306 0.002869063 0.005677381 0.004236182 0.006205144 0.008158764 0.005884989 0.005827478 0.004894326 0.003074016 0.003293972 0.002582518 0.005017756 0.005321082 0.001932401 0.001646132 0.00482548 0.005420038 0.004309864 0.006849785 0.00518717 0.007136274 0.005435154 0.007950673 0.01097308 0.009739104 0.01015204 0.03544065 0.00563995 0.00377137 0.003750711 0.003492412 0.002369034 0.002175913 0.001883425 0.001514232 0.0008597703
0.002381453 9.265115e-006 6.660938e-006 0.001503265 0.0008165594 0.0005392025 0.0005392612 0.0003964988 0.0004123617 0 0 0 0 0 0 0.0001022925 0.0004225114 0.0002836138 0.0002474352 0.001231844 0.001855835 0.008791706 0.01041649 0.01110118 0.01498908 0.01092138 0.008019154 0.006418177 0.002818123 0.003110191 0.003227396 0.003530759 0.005420379 0.001677621 0.001873142 0.005403065 0.007275261 0.005796541 0.006701852 0.003838469 0.004689876 0.004576054 0.01006751 0.01208452 0.008412138 0.01199142 0.01252327 0.003820715 0.006359475 0.003996201 0.003714569 0.00251383 0.002299069 0.001994125 0.001599026 0.0009017448
0.006925384 0.003357638 0.001450328 0.001399779 0.0008020381 0.0005392025 0.0005471809 0 0 0 0 0 0.000158542 0.0005867947 0 8.957041e-007 0.0001415965 0.0001431094 0.0002472362 0.00136736 0.002120364 0.002419472 0.004017913 0.009685318 0.01472855 0.009106357 0.008340077 0.006115362 0.004620997 0.003785519 0.002847515 0.002447088 0.006745507 0.00369965 0.003924522 0.00578303 0.007477008 0.005195207 0.01100147 0.003946236 0.0046935 0.004733176 0.007578456 0.01047404 0.009313015 0.009414465 0.0101993 0.004049254 0.004248519 0.004204257 0.003879156 0.002605947 0.002395439 0.002041534 0.001635344 0.0009222626
0.005335931 0.001570967 7.060775e-006 0.001347492 0.0007988875 0.0005392612 0.000539232 0 0 0 0 0 0 0 0 0.0001099388 0.0002427603 0.0001425311 0.0003006824 0.001240001 0.002553368 0.001392972 0.002387945 0.005356859 0.008500869 0.01013191 0.01028591 0.007407245 0.004764869 0.004844345 0.003300729 0.003119203 0.003803859 0.01801419 0.0058204 0.007410051 0.006759512 0.005502676 0.006357035 0.006265765 0.004343656 0.005431912 0.005679138 0.01156273 0.009785196 0.01182486 0.01023444 0.004279328 0.004440918 0.004346012 0.003997642 0.002665322 0.002387232 0.002036737 0.001632204 0.0009199216
0.001505392 0 0 0 0 0 0 0.0009758064 0.0009758064 0.0009758064 0.002016129 0.0009596773 0.0009596773 0.0003225806 0.0003306451 0.0007534412 0.0005155177 4.766338e-005 9.532826e-005 0.001433127 0.001435008 0.002327532 0.002041057 0.002297427 0.003084134 0.004762356 0.004937176 0.004333262 0.005780407 0.002620256 0.001122188 0.006077081 0.004755332 0.0214653 0.004322647 0.00192434 0.001505261 0.004525793 0.003072529 0.002225258 0.002521745 0.00279358 0.008215361 0.01012906 0.01316708 0.01040784 0.0180747 0.01274396 0.01306494 0.003019035 0.002733977 0.0006213454 0.0005504978 0.0004674221 0.0003747884 0.0008229344
0 0 0 0.001408064 0 0 0 0.001524194 0.001524194 0.0009758064 0.001862903 0.001274194 0.0009596773 0.0006370968 0.0006854839 0.000753433 0.002658382 0.0007534648 0.0001745543 0.001752048 0.002151569 0.002512587 0.001717564 0.001030474 0.001252847 0.002054884 0.004979862 0.006070145 0.002662055 0.002146574 0.003158256 0.00456603 0.003902458 0.007726834 0.005888864 0.001384123 0.001546461 0.002062536 0.002454208 0.002592888 0.002943767 0.003218716 0.003433446 0.01042745 0.02191497 0.02308513 0.009471025 0.005328232 0.00551288 0.003090746 0.01062603 0.006309871 0.0005570736 0.0004712523 0.0003762351 0.000819287
0.001397203 0.001364834 0 0 0 0 0 0.002762442 0.002669403 0.005636336 0.002350513 0.002041927 0.002081168 0.0009883534 0.002728005 0.004891948 0.005152474 0.003134932 0.001191556 0.00149287 0.001500149 0.001668158 0.001974266 0.001008188 0.000800542 0.002331482 0.006938107 0.006297327 0.003728291 0.002346896 0.001825047 0.01052468 0.006223562 0.004137038 0.00461491 0.001704813 0.001958084 0.002245934 0.002592615 0.003265759 0.004357782 0.004665973 0.004091482 0.00987985 0.01011179 0.0117393 0.008704116 0.005901729 0.006030894 0.003423859 0.003090621 0.0006940969 0.0006455183 0.0005075771 0.0004026446 0.000870582
0 0 0 0 0 0 0 0.003620527 0.003520898 0.006316382 0.003108188 0.003231431 0.004279458 0.003325115 0.007700335 0.006240071 0.003453453 0.001186698 0.001152062 0.002123313 0.002107091 0.002159387 0.002570173 0.000551254 0.000572848 0.002498545 0.009929618 0.007340037 0.002473237 0.001033323 0.001809696 0.008859242 0.003399815 0.003622943 0.004369484 0.002976573 0.006007249 0.003430539 0.003440506 0.005298873 0.01034376 0.01094446 0.005490728 0.01063753 0.01088598 0.01170444 0.009853849 0.009039897 0.00965134 0.004135546 0.003617143 0.00720847 0.000695824 0.0005828868 0.0004556288 0.0009685249
0 0 0 0.0008380192 0.0002848628 0 0.0002580343 0.00250062 0.0005340878 0.0002583632 0 0.003286416 0.003123114 0.005000533 0.005015729 0.005987202 0.006788073 0.003192481 0.002876855 0.002278391 0.002182965 0.001791928 0.002582724 0.001224153 0.001550038 0.002425793 0.002798703 0.002546996 0.003734109 0.001472688 0.002523252 0.007023389 0.00769388 0.00506932 0.005764542 0.004034456 0.004761843 0.01024601 0.004585844 0.007547046 0.008368343 0.008275226 0.009687626 0.01116548 0.01130991 0.01187748 0.01802232 0.02252837 0.01500102 0.01354385 0.0128615 0.02640756 0.02567691 0.02476963 0.01231088 0.0008440008
0.0003366002 0.0003557647 0.0003154441 0.001374398 0.001369836 0.00428497 0.005349919 0.00635502 0.0002728168 0.003215554 0.004984156 0.003455413 0.005203696 0.00543488 0.004852753 0.004871117 0.01741477 0.01114006 0.005909339 0.004183439 0.002016012 0.002024777 0.00278972 0.001534286 0.004193118 0.002667655 0.00268921 0.003737512 0.001393077 0.002020554 0.003428156 0.004635982 0.004834118 0.005430178 0.005759788 0.004709731 0.003358388 0.005981256 0.005888544 0.00965017 0.0100819 0.009912266 0.009835725 0.009330302 0.00925701 0.009057251 0.01469322 0.01266398 0.02311678 0.01462865 0.01163812 0.02763405 0.03410186 0.02581403 0.01276082 0.0009275919
0 0.000328254 0.0003417153 0.002676467 0.006157657 0.01193703 0.01648578 0.01252597 0.00447316 0.006702417 0.004711173 0.003663287 0.004120293 0.003935307 0.005771115 0.009517162 0.01787261 0.01101436 0.009878181 0.005112611 0.00361918 0.002141067 0.003066832 0.003079196 0.002369367 1.027361e-005 0.001030258 0.001453038 0.001469504 0.002135202 0.002846688 0.004699505 0.005658607 0.005471152 0.007520086 0.00931829 0.006912265 0.01146184 0.005496727 0.01296265 0.01418895 0.01273562 0.01379479 0.01060414 0.01098259 0.01020117 0.009718155 0.01455302 0.01447771 0.02649871 0.01270161 0.0297402 0.0366728 0.02773269 0.02677227 0.001001069
0 0.000660126 0.0003174384 0.00201542 0.003511121 0.007522979 0.01240706 0.0103928 0.007357256 0.01056076 0.004652403 0.005775085 0.004893335 0.004730558 0.004948094 0.01219001 0.01514436 0.01364161 0.02839405 0.008449271 0.005327947 0.003182892 0.00739238 0.002311541 0.001185513 9.755421e-005 1.126063e-005 0.001491985 0.001542723 0.002609646 0.003430386 0.00457722 0.005511389 0.0124719 0.01977541 0.01853003 0.00888526 0.0218556 0.01090499 0.01544021 0.01671494 0.01729491 0.01648405 0.01594382 0.0161601 0.01574099 0.01049543 0.01790015 0.01698106 0.03163083 0.0184628 0.03205011 0.03917758 0.02995142 0.02899091 0.001076087
0.0005295392 0.0004882752 0.0007061002 0.0003743116 0.01416736 0.03541168 0.00831588 0.006315556 0.009003536 0.005864131 0.004292039 0.0005945729 0.007880402 0.002300964 0.000600965 0.01341154 0.02551807 0.01845823 0.0337895 0.01316757 0.007174636 0.003096097 0.002933726 0.002800347 0.002184156 0.0004433349 0.0001536553 0.0003022011 0.0007104644 0.0007301271 0.000853439 0.002257408 0.001718178 0.002425648 0.01618141 0.01300439 0.001534058 0.003114942 0.006738225 0.01960309 0.02467965 0.03133745 0.02341338 0.02865718 0.02379704 0.02753113 0.02578182 0.02273262 0.01890418 0.03352763 0.01922936 0.01133853 0.01106549 0.0107162 0.01036691 0.0005961366
0.001006942 0.0005833646 0.0005629163 0.0003671904 0.0004642525 0.020341 0.02304773 0.0161857 0.006024471 0.00771672 0.005095311 0.00822142 0.01458866 0.004204899 0.005771639 0.03730405 0.03520076 0.02958825 0.01911668 0.01412923 0.01254507 0.002037221 0.00137503 0.0005285408 0.00111755 0.001199339 0.0002082342 0.0003175058 0.0003300403 0.0007629212 0.0008940934 0.002425887 0.002899278 0.002668204 0.003774412 0.00136509 0.001681921 0.003383467 0.005718738 0.02088805 0.03073108 0.02412767 0.03284163 0.0304785 0.02512203 0.02463286 0.03004481 0.02390598 0.02371172 0.0226611 0.01840082 0.01205331 0.0117042 0.0005380004 0.0004315557 0.0006367774
0.001300704 0.001014661 0.000977192 0.000186813 0.0003550343 0.0002163503 0.009852823 0.01553472 0.008464228 0.00900555 0.01591148 0.012026 0.00563542 0.005379322 0.01004846 0.03532777 0.02235718 0.01476695 0.01804525 0.01344887 0.01357721 0.004841708 0.001445343 0.0007992865 0.0006418271 0.0005228115 0.0004296445 0 0.0003298522 0.0007631341 0.0008363736 0.002675688 0.003065542 0.004017465 0.003993566 0.001438268 0.001765652 0.002051245 0.003847758 0.02344864 0.02538253 0.04068651 0.03868617 0.04282502 0.02565652 0.02550348 0.02518999 0.02442692 0.02415551 0.0192974 0.01866023 0.0006932568 0.000603981 0.0005103213 0.0004114025 0.0006472302
0.005548498 0.001615239 0.001603508 0 0.001584414 0.008287123 0.007910468 0.01352606 0.005888399 0.007409506 0.01321668 0.01169954 0.01197865 0.01546523 0.01289739 0.02321713 0.01976479 0.02226119 0.03479407 0.01487391 0.0120465 0.004970106 0.0001942209 0.001197159 0.001019149 0.0009057373 0.000804297 0 0.0003366256 0.0003595481 0.0008580971 0.002924057 0.003306649 0.004280822 0.00416906 0.001463805 0.001792489 0.002034833 0.003992306 0.02819457 0.0458776 0.04834442 0.0326046 0.0535323 0.03031443 0.02657233 0.02653606 0.02075405 0.02020165 0.01494758 0.01436796 0.001249499 0.0008841983 0.0005491663 0.0003439066 0.0006508664
0.03601138 0.007319224 0.00943126 0.001544449 0.001202765 0.004270041 0.004896439 0.002994997 0 0.0001176328 0.002151962 0.01775835 0.02610357 0.03181796 0.01718155 0.03718055 0.03253683 0.03348307 0.02944242 0.01848491 0.01294397 0.008463737 0.003754848 0.002988841 0.002626284 0.002314538 0.002025796 0.001454449 0.001684018 0.001719461 0.002255765 0.003048905 0.003524179 0.004634304 0.00788148 0.009321515 0.002295779 0.004976153 0.01053674 0.01910426 0.02069246 0.03739634 0.02727782 0.03444622 0.0316379 0.03073679 0.02781484 0.01156163 0.006425168 0.007301511 0.01216404 0.003541254 0.00292702 0.009335799 0.008814138 0.000629905
0.009056106 0.008607224 0.01002843 0.001940009 0.0007482703 0.0003737933 0.0004084829 0.003499441 0.001184825 0.002608399 0.009542897 0.01923414 0.01904901 0.0204222 0.02026468 0.04640875 0.0316089 0.03557857 0.03991352 0.02124432 0.01476104 0.01463831 0.01058291 0.003694358 0.003321605 0.00295684 0.002644535 0.001936268 0.001668322 0.002104633 0.002380783 0.003276784 0.003725435 0.004720898 0.006289222 0.004345682 0.002417176 0.005247143 0.01101946 0.01642535 0.01770763 0.01832373 0.04583841 0.03219992 0.03116753 0.0364841 0.02836598 0.01842181 0.007314429 0.006786307 0.01763686 0.01821228 0.002974232 0.002900178 0.02656174 0.05463707
0.02063004 0.04261175 0.01420959 0.01277059 0.00326689 0.003603438 0.003380009 0 0 0 0.005342257 0.0182414 0.01749994 0.01868342 0.02175229 0.04723745 0.03301136 0.03066654 0.03330898 0.02208274 0.01130486 0.01558266 0.01395744 0.01459407 0.005829017 0.003776872 0.003442498 0.00401562 0.002744198 0.002701442 0.003228013 0.003892892 0.004138322 0.005240792 0.006799689 0.002046465 0.00245207 0.002664748 0.01119711 0.01703184 0.01801545 0.01882618 0.04067562 0.03174081 0.03055486 0.02130465 0.01878279 0.01229334 0.008495486 0.01204132 0.02343575 0.01075509 0.003053586 0.002475711 0.009147313 0.01483185
0.03516451 0.0257185 0.05199047 0.03146734 0.01822074 0.007949852 0.005350654 0.01156005 0.006641647 0.0001055344 0.001992196 0.01355678 0.01421768 0.01960185 0.01850148 0.03672732 0.03183265 0.04228511 0.04680676 0.01213661 0.01099904 0.02881119 0.02680985 0.009997541 0.007134957 0.004766269 0.004422396 0.004970485 0.00370375 0.003683142 0.003990932 0.004229482 0.004636502 0.005680298 0.007159209 0.002268706 0.002658745 0.002856556 0.01153363 0.01746622 0.02285296 0.02657281 0.02076025 0.04689768 0.03022229 0.01930641 0.01877223 0.02176605 0.01591248 0.008185038 0.01951151 0.004048254 0.003539263 0.003055779 0.002662293 0.002185119
0.07477971 0.07241739 0.04694956 0.0575583 0.05695567 0.04329775 0.05707466 0.03701194 0.01131371 0.006653639 0.003612971 0.01632943 0.01170945 0.01295935 0.006404265 0.01363454 0.0169051 0.04456202 0.02855441 0.01306285 0.006749051 0.01716396 0.01067203 0.0132795 0.009076855 0.006581838 0.006907852 0.006820119 0.007250274 0.005419304 0.005666104 0.006177386 0.006565868 0.007734023 0.009669077 0.008371511 0.00958557 0.01018413 0.01008858 0.01213804 0.01237473 0.01466997 0.01422863 0.0183282 0.01709974 0.01675907 0.01409951 0.01345282 0.01098333 0.008975028 0.008795426 0.006530596 0.004119618 0.003581912 0.00326584 0.002760491
0.06527454 0.0796498 0.08885686 0.06436605 0.04014704 0.06288135 0.05595567 0.02773276 0.01059904 0.00567172 0.004435631 0.01432208 0.01466811 0.0179635 0.008911113 0.01468415 0.006930816 0.007293799 0.01899996 0.008176946 0.001814666 0.01287077 0.01047226 0.008602811 0.01209875 0.009356514 0.009760052 0.008194986 0.008853877 0.007383695 0.006691076 0.01029366 0.009061605 0.01346 0.01415816 0.009063405 0.01034543 0.0108046 0.010518 0.01194583 0.01192805 0.01428585 0.01378442 0.01525056 0.01485943 0.01422225 0.01189465 0.01351475 0.01340121 0.01306046 0.01093988 0.006803144 0.004417543 0.003980197 0.008881344 0.003015953
0.08578981 0.07114146 0.0815176 0.06975138 0.04565945 0.05412317 0.02957679 0.02193663 0.006293938 0.006424267 0.00543702 0.03104125 0.03196787 0.02586707 0.01358239 0.03281143 0.0294568 0.01548084 0.008549033 0.002015852 0.01222324 0.00250443 0.0123167 0.01280097 0.01974816 0.02889332 0.01067283 0.008573233 0.01936799 0.01489278 0.008439141 0.01045828 0.01119967 0.01105527 0.01697685 0.01070598 0.01088297 0.01139624 0.01108506 0.01199232 0.01213718 0.01674028 0.01629674 0.01400792 0.01696595 0.01527491 0.01128083 0.01467378 0.01432921 0.01430106 0.01384269 0.007851821 0.01061809 0.01841225 0.007861571 0.003453144
