contrib/geomasonDemos/riftland/DataFiles/RainData/12.txt
ncols         56
nrows         54
xllcorner     28.264
yllcorner     -5.7719999999999
cellsize      0.25
NODATA_value  -9999
[rows 26 to 51 of 54, columns 0 to 55 of 56]
0.1071809 0.1277188 0.103656 0.05462322 0.03579244 0.04111912 0.0298789 0.01185913 0.005646406 0.01337281 0.007575406 0.04163354 0.03908166 0.02958929 0.01997903 0.05927516 0.05666852 0.06124376 0.04301438 0.01236919 0.009621355 0.004190765 0.008123366 0.01227716 0.01635416 0.01617233 0.01039285 0.009009687 0.01680182 0.02463171 0.01290132 0.009827523 0.009217723 0.01160032 0.01732563 0.01124943 0.01384288 0.01197241 0.01183087 0.01231118 0.01505511 0.01575311 0.0176352 0.01545223 0.02744175 0.01506713 0.01289139 0.01649282 0.01607773 0.01597907 0.0157951 0.01592837 0.01518734 0.01357859 0.008335197 0.004134306
0.103605 0.1006529 0.06329999 0.03984363 0.02833429 0.02282785 0.02191655 0.009114694 0.01527407 0.005460994 0.01043708 0.05156579 0.03817691 0.03740735 0.04125829 0.06704459 0.06766736 0.08195197 0.06759639 0.01096498 0.008226274 0.008013236 0.01062542 0.01954527 0.01411147 0.01272096 0.01126861 0.008582751 0.008161056 0.009676341 0.009100337 0.01153566 0.01165993 0.01316344 0.01552418 0.017075 0.01875729 0.01995756 0.01995425 0.01749653 0.01839237 0.02189063 0.02098557 0.01704752 0.02376304 0.02650938 0.01601527 0.01508367 0.01501271 0.01490327 0.01457079 0.01488495 0.03179769 0.02639084 0.01372282 0.008327302
0.0714187 0.06561945 0.0496828 0.05359384 0.04766716 0.033082 0.02367887 0.02678172 0.0190376 0.009952751 0.0214993 0.05708724 0.05229584 0.05431964 0.05117284 0.07837267 0.06931322 0.09019091 0.06708063 0.01458621 0.01748856 0.01022369 0.02160729 0.03055095 0.03666115 0.02202038 0.01637706 0.008850277 0.007492387 0.007850983 0.008793916 0.01251343 0.01239874 0.01404406 0.01690954 0.017752 0.01946053 0.02079624 0.02558393 0.02365742 0.02179507 0.02159376 0.02166402 0.01937371 0.0259879 0.02743984 0.02830544 0.01829654 0.01772454 0.01753432 0.01715955 0.0212157 0.03272463 0.02959028 0.01827139 0.008969465
0.1281816 0.1103675 0.06185869 0.0602679 0.05825799 0.03040789 0.02503002 0.03832423 0.0224504 0.02192571 0.01695476 0.04779295 0.03455266 0.03064846 0.03757531 0.06718418 0.05648257 0.07967018 0.08810557 0.02631529 0.01944794 0.02635835 0.04127594 0.03674052 0.04750688 0.03019056 0.02230915 0.00944162 0.008075597 0.008174636 0.00930739 0.0120609 0.0136396 0.02047703 0.01879097 0.01828596 0.02036979 0.02994499 0.02672959 0.02934963 0.02236274 0.02355878 0.02397934 0.02103376 0.02399669 0.02192293 0.03285934 0.02850262 0.02027074 0.02285159 0.01968117 0.02476228 0.02292843 0.021844 0.01843891 0.009649619
0.1179731 0.09212219 0.08193227 0.0444006 0.03104932 0.01644327 0.01803034 0.02560916 0.01554168 0.01553755 0.007842773 0.02065844 0.02219437 0.02482852 0.02888471 0.06011673 0.07435939 0.07237893 0.07822797 0.024525 0.01904364 0.01367078 0.01188728 0.02541397 0.0194518 0.02753581 0.02242357 0.01149433 0.009056733 0.008761448 0.01149522 0.01249229 0.01339584 0.01493906 0.01799015 0.01813343 0.02877894 0.02135813 0.02322083 0.02155354 0.03862205 0.04592362 0.04312437 0.03217501 0.03677482 0.02388874 0.03053223 0.03450346 0.02407968 0.02315144 0.02634646 0.02518249 0.05052213 0.03764656 0.02043129 0.01024787
0.1628108 0.1093898 0.06085562 0.05285952 0.03315835 0.02469553 0.026822 0.04201538 0.03163287 0.0282943 0.03189833 0.03013243 0.02820477 0.02607167 0.02209106 0.06076929 0.100966 0.1082674 0.08939876 0.06270113 0.04700766 0.03221891 0.02231185 0.02445011 0.02993819 0.03084601 0.01457113 0.0158495 0.01184184 0.0114404 0.01339007 0.01319983 0.01323938 0.0152236 0.02137796 0.0224208 0.04076907 0.0227287 0.02314612 0.02162482 0.03862118 0.04906099 0.05641642 0.03130947 0.03373751 0.02817307 0.02876111 0.0284028 0.03142859 0.03687518 0.03175183 0.03490688 0.04272765 0.04102442 0.03063345 0.01784809
0.1349021 0.09255025 0.06917859 0.04486628 0.02796207 0.02565567 0.025628 0.03945611 0.03126451 0.03329213 0.0292491 0.02756111 0.0265806 0.02653961 0.02210746 0.07642844 0.08136243 0.1065252 0.1093 0.06191526 0.05635766 0.03031976 0.01503954 0.02861232 0.02634334 0.02171755 0.02291203 0.02436236 0.01389249 0.01241068 0.01350051 0.0144588 0.01361233 0.01646857 0.01780091 0.02958182 0.01950813 0.02177581 0.02296987 0.02463338 0.02467197 0.04349332 0.03404753 0.02778393 0.02893163 0.02995853 0.03966508 0.03916666 0.03192897 0.0430299 0.04940201 0.03803973 0.03185509 0.032063 0.03500461 0.02098836
0.1448774 0.1200962 0.09410203 0.03907936 0.02894085 0.03471144 0.04235314 0.04179118 0.039068 0.0396775 0.03291487 0.03147925 0.0258979 0.02378983 0.02429787 0.08072711 0.1002267 0.1144712 0.1238323 0.07339476 0.04824752 0.04329129 0.03761888 0.02436662 0.04111637 0.03302049 0.05220409 0.02031418 0.0139241 0.01318397 0.01343078 0.01318782 0.01939676 0.0149042 0.01727896 0.01825803 0.02041068 0.02131317 0.02406548 0.0249555 0.02469205 0.02797958 0.03031678 0.03017673 0.02910154 0.03450639 0.08776622 0.04404607 0.03835188 0.0361979 0.03919972 0.05051411 0.03951046 0.0298491 0.02860519 0.01868903
0.1593072 0.1336418 0.1270253 0.0528216 0.04993447 0.04177059 0.04657793 0.03893457 0.04294972 0.04191874 0.03936715 0.03219144 0.03053633 0.02565469 0.03164962 0.09277762 0.1064771 0.1279332 0.1572264 0.07809545 0.05621294 0.04926905 0.0231667 0.02190023 0.03057495 0.03034531 0.03844679 0.01581766 0.01443935 0.01416019 0.0137104 0.01325163 0.01924359 0.01517681 0.01725396 0.01740883 0.02091756 0.02111438 0.02343278 0.03020433 0.04340698 0.02667212 0.02969747 0.02676197 0.0293569 0.0299041 0.05733491 0.05127041 0.04363264 0.04428548 0.0433751 0.05375975 0.04333303 0.03212338 0.02940872 0.01775606
0.1917662 0.1636938 0.1019513 0.04855146 0.03741099 0.03983728 0.03356666 0.03483225 0.03315945 0.03262602 0.03450925 0.04375063 0.04121986 0.03905857 0.04237001 0.07927988 0.08540848 0.1024109 0.09533151 0.04771053 0.04376019 0.03898986 0.01939111 0.04620656 0.03028778 0.03132159 0.02331943 0.01580262 0.01430746 0.01245864 0.01185565 0.01177321 0.01123236 0.01228655 0.01447553 0.01755182 0.02180605 0.02114957 0.02300656 0.04964212 0.06929164 0.03725795 0.02312846 0.01927486 0.02265868 0.03218835 0.03132773 0.06031393 0.07188085 0.06172397 0.06961556 0.05549394 0.03308246 0.02171305 0.01786209 0.0121465
0.1560325 0.1133306 0.1028591 0.04891456 0.03720808 0.04200032 0.03002128 0.0369591 0.03475598 0.0309943 0.0258954 0.04163376 0.04145378 0.03972694 0.0415162 0.07462632 0.07381152 0.09172064 0.07971646 0.04216528 0.03289763 0.0287254 0.01658977 0.02675985 0.02303993 0.03007386 0.03666625 0.01568425 0.01261995 0.01183601 0.01297116 0.01218794 0.009613926 0.01341559 0.01374419 0.01641016 0.02106084 0.01998299 0.02248615 0.03432469 0.03123724 0.02981398 0.02283872 0.02240227 0.02130173 0.0270476 0.03135186 0.06019407 0.06390613 0.06312636 0.07097139 0.04076836 0.03175334 0.02084533 0.01799881 0.01230603
0.1576252 0.09867792 0.0723681 0.03818572 0.03401336 0.03687803 0.03126119 0.04246061 0.03461379 0.02990674 0.02710837 0.04373551 0.04138462 0.0382717 0.04985698 0.09077311 0.07016237 0.07132912 0.05069729 0.03492773 0.02525387 0.02292846 0.02646579 0.03833593 0.02741372 0.02306075 0.01857617 0.01417285 0.01231872 0.01197103 0.0151149 0.01101621 0.009829566 0.01193392 0.0118076 0.01618064 0.01908206 0.02036117 0.02302128 0.02314912 0.02667178 0.02330478 0.03034735 0.03431028 0.0206153 0.02588428 0.02941755 0.0550783 0.06856771 0.06254895 0.05843139 0.03606556 0.03015527 0.0233453 0.01993456 0.00266129
0.1415728 0.09523482 0.06186985 0.03059788 0.03032447 0.03176677 0.03267263 0.03309742 0.02805965 0.03140701 0.02403368 0.0401218 0.04580016 0.0379184 0.04306407 0.09071957 0.07632738 0.06741977 0.06247208 0.02766508 0.02554921 0.02065042 0.04935532 0.03007832 0.02666647 0.02056401 0.01509494 0.01412867 0.01239253 0.01190413 0.01170692 0.01267567 0.01028446 0.01241315 0.01190416 0.01690485 0.01889795 0.02134817 0.02448683 0.02582484 0.02794 0.02367707 0.03364459 0.02909909 0.01962711 0.0240177 0.02781954 0.05818402 0.07016587 0.05600217 0.05722966 0.03330818 0.02964587 0.02261802 0.007643554 0.00266129
0.1127914 0.0628259 0.02618358 0.03828587 0.03040333 0.03044851 0.0295477 0.03161096 0.02774353 0.02517794 0.02634714 0.04225733 0.03755648 0.03558874 0.03616147 0.06638082 0.06141345 0.04127832 0.0303086 0.02680422 0.02129317 0.02977514 0.04934726 0.02047671 0.0185066 0.02085506 0.01085368 0.008632305 0.007231527 0.007910989 0.006496791 0.01130929 0.01074365 0.01145522 0.01327335 0.01930107 0.02204512 0.02471464 0.03005818 0.04224294 0.03326402 0.03160492 0.03274297 0.02685717 0.02519601 0.02734022 0.03384548 0.04254538 0.04060791 0.04239848 0.04015391 0.01901552 0.01914553 0.01262582 0.01033285 0
0.0698645 0.04748349 0.03522578 0.03709939 0.03139226 0.03491832 0.03256609 0.03441911 0.02975634 0.02576773 0.02505272 0.03728704 0.0357885 0.03421907 0.03295148 0.03508919 0.03364134 0.03194889 0.0261984 0.02416651 0.02022011 0.02607167 0.03358521 0.02432236 0.01865231 0.02192483 0.01444872 0.008370762 0.007210213 0.006501677 0.006705557 0.01172687 0.01372451 0.01232173 0.01411316 0.02031432 0.02302864 0.02569624 0.02941166 0.04041295 0.04116906 0.03627582 0.03286197 0.02282486 0.0239985 0.02374089 0.04720617 0.05324492 0.03192223 0.0309079 0.03183582 0.01747813 0.01154032 0.01001489 0.009498097 0
0.07844763 0.04812527 0.03530053 0.05471428 0.03435289 0.04154378 0.03369502 0.02964663 0.02970272 0.0276152 0.02571266 0.04122226 0.0374083 0.03865423 0.03365642 0.03425867 0.05304771 0.03880778 0.03068114 0.03168876 0.08060936 0.04652648 0.02934798 0.02091495 0.01677237 0.0173969 0.01486304 0.00853335 0.007297853 0.006447542 0.006615872 0.01410951 0.01165649 0.01221837 0.0154373 0.02124179 0.0237046 0.0265221 0.03298024 0.03911888 0.04226386 0.03691288 0.03175935 0.02201636 0.02316592 0.0279989 0.02833543 0.03130194 0.02496684 0.02464483 0.02519061 0.01100225 0.01003536 0.008622034 0.008303881 0
0.05820705 0.02955553 0.02603156 0.0476032 0.03929742 0.03465604 0.03113717 0.03511306 0.02779365 0.02629026 0.02807528 0.0449487 0.0511411 0.05143604 0.05017302 0.04254885 0.06553631 0.06694447 0.03831521 0.04682229 0.04719806 0.03433961 0.03832634 0.02498677 0.01768808 0.02229636 0.01379792 0.008797571 0.009572022 0.00807555 0.009982181 0.01179706 0.01369908 0.01150607 0.013043 0.0450207 0.09812089 0.03578847 0.03269113 0.03395785 0.03956376 0.04032019 0.04818516 0.02963097 0.03328684 0.02899398 0.02548973 0.02193048 0.02264178 0.02046604 0.0209033 0.009751162 0.008606958 0.008392239 0.008317707 0
0.05323207 0.02923447 0.02484428 0.03120928 0.02490549 0.01913566 0.01979503 0.02460895 0.0383468 0.02923027 0.03500889 0.06352397 0.05756137 0.06011275 0.05241382 0.06429891 0.06039026 0.08665188 0.07806982 0.06335564 0.03546456 0.05508042 0.03161789 0.0158107 0.008192518 0.009299666 0.009620463 0.008770513 0.009370283 0.009044205 0.007668003 0.01925838 0.01813331 0.0171886 0.02480773 0.05155557 0.18264 0.03390047 0.02255047 0.03934756 0.0463274 0.04804439 0.04582525 0.03925138 0.04822208 0.06319393 0.04490771 0.01268463 0.01014299 0.008916901 0.009139806 0 0 0 4.032258e-005 0
0.03439459 0.02531534 0.02350892 0.02536641 0.02142344 0.02757033 0.01808467 0.03140385 0.02841284 0.03247635 0.04672214 0.05057488 0.05478785 0.05826633 0.06214754 0.07107434 0.07823448 0.06769224 0.06251934 0.07160982 0.04104634 0.03943482 0.02431653 0.01090271 0.01584866 0.01869335 0.005992467 0.006169782 0.005887676 0.009630032 0.007805953 0.01560726 0.01541242 0.01554063 0.02048545 0.01988487 0.02167147 0.02539359 0.02859173 0.03987012 0.052501 0.05012182 0.0519881 0.04496227 0.06369454 0.0613282 0.04009418 0.01241104 0.009570329 0.008284949 0.008625078 0 0 0 0 0
0.0364741 0.02185394 0.02208409 0.03287914 0.02087881 0.02035712 0.0234412 0.03778461 0.03007692 0.0252796 0.03708196 0.05932626 0.06376246 0.06514773 0.08362522 0.0757731 0.09167872 0.06644818 0.06640368 0.06820267 0.06704946 0.03119779 0.02074359 0.01109349 0.00874664 0.006946026 0.005394354 0.006406901 0.004634915 0.003790876 0.006436516 0.01846305 0.01369685 0.01326447 0.01242516 0.01287272 0.01387802 0.02589234 0.03046896 0.05470279 0.05857917 0.05206381 0.05498912 0.05048179 0.05070393 0.04249306 0.03614473 0.01305878 0.0102086 0.007763682 0.007763682 0 0 4.032258e-005 0 0
0.04400658 0.03134735 0.01745761 0.03389008 0.01914887 0.02653246 0.02678386 0.04746763 0.03742501 0.03880463 0.05962773 0.05996693 0.06272345 0.07024778 0.08563343 0.09185821 0.08112171 0.06200761 0.07189076 0.08794255 0.06600392 0.03707797 0.02763689 0.008399299 0.006416189 0.005534424 0.006127083 0.008839229 0.004936597 0.00524903 0.01161293 0.01692439 0.01319436 0.01351694 0.0129241 0.01494767 0.01849608 0.01966454 0.03379443 0.05026385 0.04784339 0.0683149 0.08676039 0.05272038 0.04531293 0.04413471 0.03919846 0.01425306 0.01193781 0.007786093 0.007763682 0 0 0 0 0
0.03833884 0.0394101 0.03215784 0.06923907 0.05190029 0.04775058 0.06693485 0.04547368 0.04473655 0.05241299 0.06787293 0.05778669 0.06194244 0.06782299 0.06628904 0.07514028 0.05795349 0.05422354 0.05825259 0.05883727 0.04912907 0.04108493 0.03321813 0.01736305 0.0163675 0.01619354 0.008301312 0.01001487 0.004880702 0.012025 0.01426941 0.01037809 0.01108844 0.01684783 0.01041621 0.008284157 0.01135822 0.01757121 0.0268309 0.04985927 0.05854847 0.06504188 0.09422658 0.05616971 0.04635863 0.04367692 0.0385315 0.001370968 0.0004032258 0 4.032258e-005 0 0 0 0 0
0.03301842 0.03956461 0.0443159 0.1010095 0.0935883 0.07254963 0.07377043 0.07162157 0.05045899 0.0530395 0.06027488 0.06961494 0.06349347 0.06992514 0.07246886 0.09192048 0.05504056 0.0527866 0.05758592 0.05421585 0.048561 0.03741282 0.03006934 0.01979247 0.01590357 0.01142803 0.008383457 0.0096089 0.004817302 0.003545375 0.005265138 0.009756975 0.0110518 0.02136422 0.01253691 0.008023384 0.01235307 0.01450929 0.02213115 0.04607321 0.07211403 0.06043559 0.05776834 0.05160269 0.04638024 0.04265229 0.03832862 0.001330645 0 0.0004032258 0.0002016129 0 0 0 0 0
0.0336064 0.04438635 0.05336072 0.1328859 0.1247908 0.09558231 0.1175775 0.08302382 0.06787706 0.06381051 0.07837004 0.06802985 0.06315106 0.06357012 0.06424879 0.06082932 0.05824028 0.06043942 0.06602284 0.07334545 0.04487092 0.03490518 0.03052025 0.01802154 0.01209272 0.01379947 0.0127355 0.01675788 0.007291131 0.004709953 0.005145695 0.01653729 0.01844373 0.02174392 0.01521957 0.01290049 0.01576934 0.0139557 0.01665108 0.03729491 0.05525116 0.05246305 0.04899969 0.04097834 0.04030463 0.04104092 0.03702735 0.0004838709 8.064516e-005 0 0 0 0 0 0 0
0.06265368 0.0697465 0.09593749 0.1858238 0.1508955 0.1244388 0.1310166 0.1005794 0.08508872 0.08317371 0.06938507 0.06446541 0.06846336 0.06382737 0.06405233 0.07341908 0.06441811 0.06335217 0.06323017 0.06483387 0.0465279 0.03378035 0.02959028 0.01663098 0.0180093 0.01911039 0.01155578 0.01705271 0.0248216 0.02074966 0.005533078 0.009800839 0.02086524 0.01210543 0.01384991 0.0102659 0.01454971 0.02000194 0.01734581 0.03314984 0.0474958 0.05523762 0.05345308 0.03508616 0.03597382 0.03657564 0.03649067 0.0004435484 0 0 0 0 0 0.0007258064 8.064516e-005 0
0.09318433 0.1051339 0.1090104 0.170239 0.1285245 0.1214143 0.1178885 0.09231126 0.05883085 0.07034024 0.06651818 0.04482267 0.05092094 0.05760793 0.049856 0.04355882 0.04108048 0.04547476 0.04633196 0.04249149 0.02886765 0.02587877 0.02433508 0.02058482 0.02184265 0.02560757 0.02009011 0.01176665 0.01216869 0.01053813 0.01098838 0.01872265 0.01265299 0.01792064 0.01529525 0.03373045 0.02920635 0.04210162 0.03030941 0.02121928 0.02536943 0.03089052 0.02959598 0.02279955 0.02313592 0.02419169 0.02375698 0.00125 0.00125 0 0.00125 0.001491935 0.002983871 0.002983871 0.003024193 0.003306451
