contrib/geomasonDemos/riftland/DataFiles/RainData/123.txt
ncols         56
nrows         54
xllcorner     28.264
yllcorner     -5.7719999999999
cellsize      0.25
NODATA_value  -9999
[rows 0 to 27 of 54, columns 0 to 55 of 56]
0.005611067 0.01838376 0.01490808 0.0252574 0.02191612 0.01207496 0.006534093 0.02673014 0.003477999 0.003884367 0.006093015 0.01336548 0.02322337 0.04682355 0.02588956 0.03157378 0.01562749 0.02723256 0.03483549 0.03579952 0.04277255 0.05978397 0.06412547 0.05873345 0.05117384 0.04432524 0.07737107 0.07394148 0.06331828 0.06918072 0.05455682 0.05033277 0.06795742 0.03852206 0.01303654 0.01302874 0.01236034 0.02226983 0.02048916 0.02046412 0.0008260437 0.02761012 0.04256375 0.009348814 0.01167602 0.004045859 0.002492869 0.001025818 5.484386e-005 0.0001304952 3.976373e-005 0 0 0 0 0
0.0346677 0.02627618 0.02793375 0.04962663 0.01620027 0.01308579 0.008212032 0.01291867 0.006842825 0.005664924 0.006599743 0.0197177 0.02040003 0.03078896 0.0318251 0.035174 0.03244029 0.04442823 0.04979029 0.05086135 0.04401077 0.04425132 0.06023327 0.06230547 0.08717635 0.07603855 0.05980727 0.05742397 0.07949518 0.05848766 0.04239957 0.06072181 0.06725591 0.03737323 0.01086718 0.02455207 0.02708123 0.03141873 0.01867623 0.01170175 0.01361169 0.01999879 0.007397112 0.006640589 0.009817199 0.005824594 0.006930381 0.00154888 0.004950853 9.33117e-005 0 0 0 0 0 0
0.06089825 0.0385128 0.02374599 0.02208683 0.0209501 0.0162795 0.01493025 0.01896908 0.009859762 0.009891878 0.009436874 0.02515986 0.03675596 0.03801714 0.02973785 0.0355179 0.07021708 0.08368047 0.06895433 0.07069518 0.05698499 0.07637498 0.05676526 0.07023653 0.07435982 0.07139809 0.05157683 0.05987437 0.06513322 0.06447972 0.06040144 0.05691342 0.04987208 0.03254466 0.04346528 0.0514429 0.05094737 0.02678688 0.01489516 0.003402974 0.01606384 0.00463769 0.01497924 0.002510454 0.003195917 0.002703077 0.01849816 0.006592134 0.001752793 0 0 0 0 0 0 0
0.0489938 0.04353376 0.04260438 0.04430242 0.0292347 0.03082875 0.02984461 0.02940713 0.02257896 0.01694964 0.01808332 0.03717637 0.04967498 0.05896938 0.0430813 0.0455697 0.07246617 0.07696009 0.06928925 0.06045495 0.0463332 0.0457891 0.05739539 0.04744355 0.04419494 0.04611893 0.0554713 0.07634162 0.07086621 0.08932622 0.05413013 0.03566096 0.01919045 0.03670154 0.0611397 0.08215267 0.04109868 0.02149513 0.01223724 0.003228469 0.01192136 0.03091424 0.02373561 0.008894223 0.007527324 0.009059907 0.02992797 0.008512024 0.003724802 0 0 0 0 0 0 0
0.06972276 0.06009994 0.0599086 0.04390562 0.0387784 0.03313645 0.03513641 0.02920711 0.02322735 0.02231054 0.02294045 0.04051058 0.04114721 0.05692083 0.08151466 0.0553721 0.07565198 0.07663693 0.07286295 0.05304772 0.04290877 0.06300836 0.03888934 0.0455511 0.03859894 0.03269118 0.03795805 0.05755544 0.05902161 0.03870845 0.03451104 0.03019901 0.02581704 0.04093118 0.05293636 0.05040701 0.03082407 0.01097249 0.0204429 0.01753631 0.02708123 0.02941045 0.0317492 0.009976826 0.01029607 0.006700089 0.02117841 0.003155581 0 0 2.004601e-005 0.0001076125 0.0003861973 0 0 0
0.1175781 0.110199 0.05901728 0.04626682 0.05118525 0.02982925 0.03222718 0.03076667 0.023526 0.01960227 0.04211738 0.04755123 0.05056202 0.1035903 0.145931 0.1022526 0.08721522 0.08088706 0.06528849 0.04600934 0.04816531 0.04032593 0.03524439 0.0456787 0.04022691 0.05947673 0.04810787 0.07265655 0.09546746 0.03481892 0.02975144 0.02939239 0.04070288 0.05734703 0.05530668 0.04127869 0.03899416 0.01142598 0.02169287 0.03691395 0.04884715 0.03557302 0.02716773 0.01759045 0.01345824 0.007597777 0.006643869 0.000699756 0.0006474885 0.0002319133 0 6.588635e-005 0.0001861356 0 0 0
0.07447536 0.06081494 0.06004805 0.05070278 0.0450821 0.04620642 0.0347235 0.04378641 0.03157166 0.04250494 0.05511747 0.07155326 0.07200839 0.0928491 0.1253764 0.09802081 0.07296778 0.09782717 0.07803454 0.06227127 0.05071574 0.02806029 0.03526353 0.06188402 0.09983654 0.07983109 0.04951714 0.07393399 0.07502238 0.0456063 0.04683742 0.04340177 0.03981578 0.05466361 0.04657723 0.05599703 0.03492724 0.05375101 0.02113153 0.03756115 0.05581858 0.0629408 0.03268534 0.03241172 0.01523191 0.006671024 0.00578953 0.003242437 0.0007237685 0.0002184908 0.0001897505 0.001106561 0.0005497427 0.0001278721 0 0
0.09145849 0.08522993 0.1191133 0.1030972 0.07968816 0.07037271 0.04004968 0.06042919 0.05771257 0.05078362 0.07259683 0.08011735 0.06576287 0.06814085 0.0597611 0.05852335 0.06078822 0.06241906 0.0593925 0.04691914 0.03185657 0.02781249 0.02591448 0.03555979 0.05138994 0.06633721 0.06145113 0.05494634 0.04944477 0.06278794 0.05584333 0.04369792 0.03021717 0.02869788 0.02926708 0.05760662 0.127222 0.02926776 0.03574675 0.04583208 0.06353971 0.06085814 0.07200411 0.08144391 0.03199952 0.01421959 0.00475172 0.001796541 0.0009125403 0.0006494759 0.001185845 9.314918e-005 0 2.650097e-005 2.746998e-005 0.0001518868
0.0999975 0.08286778 0.1623418 0.1022496 0.09426744 0.08909691 0.08385223 0.09781973 0.08978292 0.08999923 0.05502858 0.06902058 0.07801217 0.06390036 0.04775617 0.05176142 0.05122371 0.06160974 0.04921446 0.04673992 0.03228418 0.02666563 0.03287967 0.05277739 0.05659775 0.06686342 0.09506124 0.06905349 0.04681774 0.06661067 0.07439735 0.04993205 0.02073383 0.03500758 0.04722031 0.09864934 0.0733907 0.02943248 0.04834694 0.05272284 0.07635559 0.05283959 0.07415398 0.05129255 0.02081397 0.0357561 0.007248551 0.002595111 0.001820959 0.001331595 0.0008868169 0 0.0007479283 5.544045e-005 0 0.001268466
0.09179365 0.087857 0.09747127 0.1176913 0.1541726 0.108011 0.09965531 0.07335312 0.08566959 0.09834207 0.05290074 0.05575766 0.08619375 0.05774741 0.0517006 0.05516794 0.05803952 0.05655487 0.05995667 0.07154316 0.0368887 0.03299555 0.049651 0.06715153 0.06535642 0.04626545 0.1074779 0.092734 0.06207251 0.06167628 0.04552734 0.04299784 0.04047524 0.06609131 0.04845932 0.05987807 0.05813345 0.04468674 0.05861919 0.08315258 0.07102872 0.03428301 0.03527373 0.02936931 0.01588354 0.02466403 0.009714995 0.002098495 0.002237074 0.000781898 0.0006867948 0 0 0 0 0
0.1138594 0.1151018 0.1134447 0.1285597 0.14376 0.09735883 0.09566096 0.1421178 0.1015839 0.07784222 0.1453791 0.07089273 0.06633506 0.05233024 0.06122757 0.06104957 0.07412896 0.05359837 0.05915783 0.08153897 0.03413265 0.02186162 0.04933088 0.08611805 0.04278892 0.04319425 0.05640677 0.07389595 0.07406586 0.08837731 0.06741472 0.05585242 0.09605841 0.08075298 0.06622154 0.08047765 0.07524475 0.07309762 0.07481544 0.08123769 0.06702407 0.03222059 0.04115402 0.02016612 0.01677966 0.0150558 0.003156543 0.002374921 0.006855032 0.007048743 0.001813655 0.01423626 0 0 0 0
0.1961415 0.1689713 0.1457566 0.1987379 0.2431538 0.2388723 0.1847856 0.1946484 0.1478393 0.0856529 0.09752478 0.1082291 0.07273091 0.05586151 0.06557174 0.07948894 0.09866564 0.06159519 0.03781716 0.04717897 0.03757873 0.02961951 0.05240231 0.05768757 0.04389534 0.0489775 0.09419939 0.06194175 0.07243729 0.1030353 0.08837316 0.05641958 0.06935633 0.08454422 0.07785191 0.09999841 0.08177925 0.06381512 0.06613632 0.04490066 0.06932241 0.03484033 0.03433945 0.02131733 0.006370376 0.02521645 0.02468767 0.005155644 0.01111504 0.01019922 0.00310392 0.001440638 0.0004129455 0.0003267769 0.0003240937 0.0003367718
0.1931236 0.1534236 0.1802187 0.2159884 0.205267 0.1858862 0.1826672 0.2930543 0.1708379 0.1132864 0.1119616 0.1270623 0.1326414 0.1884365 0.07393192 0.07983071 0.08243284 0.07235465 0.02704797 0.04739282 0.05733313 0.0516585 0.03812606 0.04257952 0.04839233 0.04415194 0.05221565 0.0899576 0.07384931 0.08037348 0.09022069 0.08400578 0.1051058 0.0566302 0.06127487 0.09747844 0.1005144 0.09359495 0.05933429 0.05124315 0.03358651 0.02368936 0.03079173 0.07818287 0.01727807 0.006322528 0.00916189 0.003696722 0.01006562 0.003696252 0.001299597 0.0008390578 0.0003729218 0.0003283853 0.0003230468 0.0003362104
0.1803777 0.1365312 0.1853549 0.2466557 0.1796876 0.1637769 0.1259535 0.1586713 0.1458044 0.1876149 0.1266777 0.1773427 0.1061312 0.08953056 0.08061097 0.07807115 0.06685516 0.07507636 0.04743201 0.04998539 0.09084149 0.07495984 0.03109332 0.04426333 0.0625792 0.04379294 0.03808567 0.04459601 0.04349393 0.05690685 0.04145928 0.04822963 0.04525278 0.1197162 0.1243379 0.09326948 0.136078 0.1076186 0.08481262 0.03038689 0.06435101 0.02645541 0.01865416 0.04168873 0.02272056 0.01475971 0.003254093 0.005577183 0.01102911 0.002388332 0.001316529 0.0007765446 0.0003489764 0.0003256134 0.0003214658 0.0003349546
0.1840932 0.1935367 0.185417 0.2316514 0.2559414 0.1587507 0.1599656 0.1491499 0.1519895 0.155359 0.1211978 0.1313851 0.1183685 0.08095232 0.09623246 0.08597513 0.1020218 0.1121052 0.1011276 0.08301418 0.1100044 0.08077041 0.05416223 0.04720968 0.04123707 0.05099095 0.0206441 0.03561796 0.0425063 0.04998258 0.05147286 0.06150572 0.05585972 0.0860447 0.1009784 0.09698876 0.07648332 0.0587736 0.04291289 0.0494235 0.05101744 0.07530984 0.02634914 0.03339752 0.0200502 0.02104717 0.009870498 0.01020185 0.01561042 0.005927654 0.0007701344 0.0003689949 0.0003390492 0.000320846 0.0003532031 0.0003330036
0.2415655 0.3711396 0.3651805 0.2909159 0.2388117 0.2614893 0.2285016 0.1348865 0.144486 0.1588369 0.1295062 0.1242233 0.1272724 0.08348754 0.05930064 0.1022508 0.1720423 0.1439827 0.1294327 0.09487274 0.09174543 0.09105641 0.0515017 0.05113603 0.03896362 0.02788547 0.02330441 0.03668917 0.04149305 0.05541238 0.0499538 0.03433108 0.03915112 0.06074277 0.08289027 0.1051551 0.101857 0.08370338 0.0731998 0.02850153 0.01829547 0.02427041 0.02015302 0.03021782 0.01677684 0.02890474 0.0103536 0.00574624 0.004573903 0.001536852 0.0007309932 0.0003662925 0.0003405367 0.0003603358 0.0003249621 0.0003281244
0.2419046 0.3394919 0.2693256 0.2165146 0.2137452 0.2455717 0.2033203 0.1496111 0.1258561 0.1083465 0.0871216 0.1133002 0.1557449 0.1009344 0.07091548 0.1125355 0.1618754 0.1307913 0.1228985 0.1191052 0.09544115 0.08197711 0.06526349 0.05240349 0.05076287 0.02410668 0.03500254 0.03949588 0.03604027 0.03812231 0.03609914 0.03906092 0.03012575 0.04713235 0.0437478 0.08348326 0.09306096 0.1044603 0.1150019 0.04227322 0.02498548 0.04036405 0.03938949 0.02000527 0.00872955 0.003660806 0.001716933 0.002265791 0.002436138 0.002192456 0.0006944134 0.0003526045 0.0003319281 0.0003196549 0.0003203409 0.0003253894
0.3893164 0.2926467 0.281613 0.2152592 0.2564889 0.2345361 0.2668592 0.2710725 0.2076387 0.1519175 0.0880142 0.1118808 0.1362722 0.1251588 0.08727102 0.1727124 0.1093523 0.1309658 0.1258498 0.1174357 0.08350533 0.07980002 0.03674428 0.05759407 0.1092175 0.07515192 0.03412532 0.03428989 0.02991023 0.02766115 0.0305192 0.0371138 0.04173495 0.04510294 0.06863087 0.06366869 0.05174885 0.09465802 0.1028155 0.04217694 0.04627809 0.05494746 0.02851346 0.01773183 0.01371388 0.02358489 0.008174103 0.005416634 0.001511603 0.0006854741 0.000651351 0.0003377429 0.0003237772 0.0003166971 0.0003191823 0.0003299724
0.4765676 0.3746244 0.3789162 0.3039879 0.3198871 0.3249633 0.2742179 0.1997746 0.2725711 0.2720062 0.09496148 0.1048484 0.1385819 0.1284516 0.1351486 0.160308 0.1496447 0.1597708 0.1454027 0.1637787 0.1097286 0.08594826 0.03500142 0.0576456 0.06009118 0.05921564 0.03700193 0.0565405 0.03316673 0.03222946 0.03504752 0.03662017 0.03721031 0.04362775 0.04613244 0.05263729 0.030828 0.05451257 0.04405247 0.03032078 0.0267174 0.02143869 0.03319367 0.009744273 0.01208864 0.0150815 0.02415486 0.01985119 0.005873376 0.002690297 0.0006075947 0.0003224624 0.0003137637 0.0003173407 0.0003254227 0.0003395361
0.5172836 0.444684 0.4843462 0.4957447 0.2917992 0.3288872 0.2783481 0.2982791 0.2663925 0.1510647 0.1144251 0.1852309 0.2064968 0.1909226 0.2178898 0.2242595 0.2021737 0.1840735 0.208006 0.2209405 0.1654159 0.1116822 0.06032916 0.03228904 0.03314527 0.04314006 0.03336457 0.04822091 0.05064211 0.03945742 0.02461867 0.03220895 0.03574533 0.03440656 0.03817715 0.03463382 0.02655031 0.0459866 0.02935873 0.01918141 0.01714407 0.01621514 0.02165712 0.01181489 0.008762989 0.008064144 0.01123994 0.006200751 0.003807568 0.006316011 0.001665021 0.0005360105 0.0005308474 0.0005498388 0.0005754635 0.005714921
0.4164945 0.4973305 0.469214 0.3767574 0.3702065 0.2841472 0.1562539 0.1999223 0.1610994 0.1276887 0.127653 0.1905034 0.2041465 0.1917942 0.2225517 0.2817915 0.2410919 0.1943424 0.1926019 0.2272026 0.1629447 0.1507778 0.1169557 0.07655597 0.04244472 0.03919566 0.03501882 0.04585082 0.0668752 0.06307747 0.03647339 0.03186634 0.03913319 0.03902915 0.03973767 0.03687433 0.03047908 0.02274666 0.02045705 0.01492621 0.01586614 0.01724355 0.01890263 0.02084105 0.01432522 0.005702542 0.006149214 0.02861992 0.003911448 0.005904075 0.001516224 0.0005055404 0.0005171472 0.0005480982 0.003907562 0.003269159
0.4614871 0.542779 0.4651322 0.3178913 0.2736008 0.2264968 0.197357 0.2413953 0.1847316 0.1736556 0.1340931 0.1953496 0.2096174 0.2528019 0.2475637 0.3124582 0.2882497 0.2351116 0.1819253 0.1968176 0.2013846 0.1489096 0.1077769 0.1178114 0.08839247 0.07911589 0.05180899 0.05276608 0.02848709 0.03234147 0.06133975 0.05544037 0.05674493 0.04817128 0.06351013 0.04276369 0.03472914 0.03182923 0.030626 0.01800375 0.01376552 0.01613562 0.01705256 0.01119667 0.007746904 0.00344511 0.003532189 0.009206337 0.003126062 0.001466207 0.003830784 0.0008480544 0.0005625788 0.003764346 0.0007215346 0.000719771
0.4008208 0.4680542 0.4572371 0.3861811 0.3506893 0.3140342 0.2337593 0.2822956 0.1966707 0.1216897 0.110004 0.1517472 0.2495645 0.2168733 0.2420137 0.2966917 0.2550739 0.2365805 0.2214573 0.2266447 0.1938933 0.1617122 0.08799558 0.1229963 0.08960701 0.07405435 0.04956941 0.07354187 0.05251915 0.05239908 0.04881981 0.03968119 0.04907154 0.06252044 0.05592474 0.02712855 0.03249461 0.03352862 0.02482008 0.0153708 0.01360977 0.01349505 0.02390023 0.01075954 0.006065505 0.003460127 0.002993005 0.002185569 0.003293247 0.00381826 0.006102786 0.000654391 0.0007341253 0.0007818627 0.0009170751 0.0008796405
0.4755117 0.4933794 0.5741122 0.4485675 0.3641475 0.3865187 0.3703495 0.4368049 0.1990631 0.1352044 0.1011266 0.1308851 0.213601 0.2248002 0.2418132 0.2420659 0.2494288 0.281206 0.2694691 0.2491047 0.2298557 0.1313195 0.09198144 0.1189227 0.1027818 0.1120756 0.08775587 0.08589081 0.0799262 0.07517362 0.0859706 0.08699064 0.03361733 0.03549999 0.04666717 0.02988569 0.03182214 0.03971337 0.02352761 0.01417752 0.0132001 0.01545099 0.01583724 0.005841696 0.003029361 0.002398405 0.006043249 0.00553288 0.003979241 0.00307084 0.003895361 0.005160099 0.00537016 0.001433732 0.002171495 0.001498313
0.5135738 0.5151412 0.5111064 0.4335347 0.3611885 0.2692569 0.285942 0.3089127 0.12153 0.1203658 0.1405656 0.1485444 0.2163239 0.2587222 0.2134392 0.2293553 0.2360667 0.1996127 0.205347 0.2437756 0.2464974 0.1595482 0.12888 0.1452875 0.09863121 0.07926732 0.08341038 0.09812032 0.08934526 0.1163886 0.1214424 0.09609729 0.05618823 0.05774621 0.0379457 0.05389689 0.06228351 0.04714149 0.02128788 0.01624659 0.01430709 0.02589261 0.02754467 0.01909724 0.005391236 0.006333599 0.005065742 0.00641088 0.006918698 0.008935124 0.009481118 0.008918669 0.009450186 0.002395548 0.001938881 0.001687226
0.4932507 0.3506878 0.4150118 0.3949546 0.3055638 0.216348 0.1882235 0.2001535 0.1272371 0.192304 0.1835625 0.2029795 0.286302 0.3072037 0.2546693 0.299766 0.2911839 0.2250935 0.2466038 0.2587282 0.2213284 0.2145356 0.1385722 0.1480612 0.1182576 0.1023826 0.09062707 0.1228791 0.1075735 0.1127871 0.1068609 0.08448505 0.07892202 0.1006306 0.06235432 0.0566277 0.05764188 0.04279869 0.02805157 0.01930936 0.01748559 0.05025714 0.04628521 0.02136045 0.01459988 0.0103826 0.01228715 0.0118113 0.01127026 0.008707094 0.007751041 0.006232173 0.01145857 0.008830551 0.01137663 0.007292258
0.3490832 0.2697504 0.3176194 0.459218 0.3348654 0.2415554 0.1794081 0.2316101 0.17054 0.1545498 0.1560349 0.2561722 0.3275392 0.3341775 0.3388882 0.2976973 0.3207992 0.295461 0.4100819 0.3751474 0.273737 0.2179091 0.1912651 0.2025915 0.1524298 0.1416705 0.1057166 0.1611899 0.1285589 0.1082446 0.1053426 0.08719919 0.1036864 0.07542323 0.06837407 0.05351542 0.06506662 0.05031818 0.04551046 0.03462798 0.02167348 0.02511826 0.02639653 0.01896071 0.01194309 0.01759586 0.02042147 0.01544638 0.008233836 0.008517933 0.007526269 0.007175962 0.007610844 0.01455609 0.01798828 0.0134483
0.2909244 0.272553 0.2641039 0.3245642 0.2774138 0.2805777 0.2109203 0.2508857 0.2304982 0.1871573 0.2049412 0.2829308 0.3754256 0.3984318 0.4228052 0.3581919 0.3360641 0.29498 0.3338576 0.2977761 0.272251 0.2418208 0.275826 0.2627768 0.2199591 0.209836 0.1770118 0.1751646 0.1160715 0.1074011 0.09701516 0.1025191 0.103385 0.09898129 0.0915287 0.0771395 0.09619541 0.0850355 0.08221287 0.06365156 0.03556802 0.03562317 0.03205542 0.03965339 0.0206151 0.02542602 0.04305284 0.04968695 0.02894126 0.01548585 0.01325195 0.008522186 0.01757499 0.04397598 0.02615443 0.01152617
