contrib/geomasonDemos/riftland/DataFiles/RainData/129.txt
ncols         56
nrows         54
xllcorner     28.264
yllcorner     -5.7719999999999
cellsize      0.25
NODATA_value  -9999
[rows 0 to 25 of 54, columns 0 to 55 of 56]
0.1366263 0.1176334 0.08151498 0.0589271 0.04549641 0.06099167 0.07872499 0.07869999 0.07001667 0.07085001 0.07568333 0.09473334 0.094525 0.08930834 0.081575 0.09363333 0.09119999 0.09611665 0.07666666 0.06679168 0.05110833 0.03989167 0.03460833 0.05034166 0.06606276 0.06456538 0.07334075 0.07605635 0.05585175 0.05000495 0.03544039 0.04377358 0.05387763 0.07109497 0.08338628 0.09284914 0.07154918 0.07485149 0.05164823 0.05200491 0.02868838 0.02478264 0.0221645 0.03961737 0.02784186 0.03317124 0.02852278 0.0267693 0.0482812 0.05674891 0.03573225 0.0351339 0.03231781 0.03110833 0.01370833 0.004658333
0.2007949 0.1270471 0.0714968 0.06527665 0.07982431 0.068125 0.09489166 0.09848333 0.07765833 0.07118332 0.07147501 0.07075834 0.07957499 0.07523333 0.061575 0.06618332 0.07290833 0.0823 0.07738333 0.054775 0.03854166 0.029 0.03470833 0.05050001 0.04698967 0.05680317 0.05458831 0.08837521 0.0570235 0.0384663 0.04171344 0.05162433 0.05808046 0.06073064 0.060289 0.0716292 0.07585302 0.06558004 0.06469014 0.05764201 0.05287754 0.03397021 0.03354707 0.02695965 0.01761031 0.02687595 0.02336212 0.03332717 0.04221871 0.04655588 0.04719644 0.03306359 0.03743333 0.01959166 0.01933333 0.006658334
0.2410334 0.1907481 0.0812869 0.08264779 0.07025594 0.04561544 0.077875 0.07905 0.06517499 0.03585 0.0353 0.05115 0.05585833 0.05840833 0.05893769 0.05359781 0.05921532 0.07605895 0.0571434 0.054575 0.05759999 0.04901667 0.03871667 0.04911484 0.0439402 0.0368555 0.04588592 0.06584119 0.05034733 0.04966488 0.04689512 0.04231739 0.06394556 0.07638073 0.07927331 0.09127098 0.06660773 0.07567462 0.06173763 0.04730519 0.04302734 0.0353318 0.03245993 0.04011406 0.03307438 0.0201106 0.03040622 0.04790066 0.04860166 0.03270006 0.02681409 0.01831667 0.01685833 0.01160833 0.015225 0.014425
0.2030488 0.1588296 0.1517358 0.08618031 0.06099445 0.04553606 0.05297327 0.0578568 0.04986907 0.04185167 0.04236825 0.04486252 0.04085628 0.04667625 0.04461344 0.04358899 0.05701841 0.07912987 0.05573839 0.06552155 0.06645404 0.06833754 0.0553619 0.05891399 0.04568361 0.0322261 0.03982396 0.04036472 0.05579408 0.07180837 0.06838148 0.06067864 0.08927818 0.09582117 0.09540171 0.08938175 0.06502296 0.05000794 0.03315305 0.04579057 0.06276046 0.0444471 0.06443945 0.09001271 0.0549273 0.0279546 0.03423946 0.04632297 0.06415443 0.0321369 0.02278517 0.01624167 0.0066 0.006325 0.00355 0.005408333
0.1932667 0.1663646 0.1317546 0.09080037 0.0632589 0.03703339 0.03905996 0.05288579 0.06185172 0.07129224 0.0611754 0.06120098 0.05247204 0.05500098 0.06505093 0.09802011 0.07875374 0.06798394 0.06395327 0.0739165 0.07519771 0.06427574 0.06728256 0.0508762 0.04489285 0.03556185 0.02965993 0.05928493 0.04122719 0.04348382 0.05884283 0.0699335 0.0810321 0.08045141 0.0690591 0.07614839 0.05429117 0.03129704 0.02097369 0.03319257 0.04493503 0.03498296 0.06017036 0.0920606 0.0569942 0.03413696 0.03546002 0.01914678 0.03844737 0.03087826 0.01310218 0.0037 0.001 8.333333e-006 0 0
0.138798 0.164568 0.1369109 0.1161871 0.0679356 0.04542501 0.04414525 0.04919186 0.06097067 0.06939724 0.08289104 0.07374719 0.07261747 0.05075032 0.05514949 0.09418323 0.09408169 0.0983895 0.08253812 0.07999944 0.07575168 0.06082858 0.06896724 0.05918242 0.05914388 0.04413245 0.0488355 0.06891032 0.05467161 0.04000749 0.05096731 0.05153248 0.05284087 0.06011925 0.05483704 0.0565858 0.04523839 0.03074801 0.02182353 0.02788555 0.03835024 0.04639334 0.03470772 0.04740256 0.03418773 0.03284492 0.02287368 0.01561402 0.01807353 0.008897186 0.005972253 0.001691667 0.0009749999 0.0001083333 0 0
0.1447162 0.223143 0.1861837 0.1224628 0.07899404 0.06787917 0.0535566 0.06095763 0.06072045 0.05438847 0.07738873 0.09764624 0.08470637 0.04578686 0.05721985 0.1057348 0.1263245 0.1096183 0.1086784 0.08691803 0.0605645 0.04147162 0.03908553 0.04988595 0.04810952 0.0509983 0.05892072 0.0475709 0.03348066 0.03150557 0.02647226 0.03381617 0.05667226 0.0583634 0.05437207 0.0494838 0.04505956 0.0364793 0.02331115 0.02518244 0.03770494 0.04060619 0.03671256 0.03139016 0.01874118 0.01819128 0.01329414 0.006698891 0.009456258 0.005050803 0.0009416667 0.000275 3.333333e-005 0 0 0
0.2753077 0.2806737 0.2241447 0.146529 0.1230853 0.09422688 0.0868059 0.06354006 0.05788456 0.06552745 0.07765642 0.09031753 0.07654601 0.071406 0.07776326 0.1174317 0.126846 0.1131992 0.09548853 0.07845595 0.06882276 0.04958762 0.0519664 0.06435418 0.05109578 0.04461237 0.0268051 0.02641849 0.02280372 0.02421558 0.01964736 0.02904412 0.03321414 0.04057871 0.04429141 0.04235575 0.03876173 0.03801857 0.02980264 0.03395451 0.0261692 0.02767494 0.03514246 0.02621306 0.01583168 0.02132201 0.008435627 0.0161624 0.006395892 0.001595475 0.000825 0.0023 0.0008666666 0.00035 0 0.002416667
0.2025828 0.2569359 0.1601428 0.1178904 0.1536366 0.1219374 0.09442673 0.08009157 0.07343468 0.08516438 0.09791543 0.1274666 0.1012563 0.07681368 0.07493807 0.1101543 0.1249441 0.09911074 0.09622364 0.07016757 0.07202464 0.06254577 0.0575785 0.06527818 0.05986952 0.03196135 0.0178261 0.02653492 0.01813864 0.01691558 0.01926584 0.03393614 0.02536433 0.03101837 0.03493173 0.04050942 0.03876465 0.02402052 0.03145915 0.02054323 0.01423418 0.01949405 0.01683018 0.01776196 0.01120415 0.01208622 0.007276719 0.008943685 0.003291667 0.001741667 0.000525 0.0001333333 0 0 0 0.0001
0.1164584 0.1249707 0.1501296 0.1145561 0.1580998 0.1205769 0.1077679 0.08405125 0.1041671 0.1318175 0.1222037 0.1322934 0.1298551 0.117735 0.101982 0.0981643 0.1149454 0.09161948 0.07404401 0.09537983 0.06448438 0.09537697 0.05733605 0.057757 0.06874165 0.03706734 0.02375517 0.0315786 0.02130056 0.01145865 0.01235216 0.02498312 0.02833908 0.02744387 0.03309934 0.03569301 0.03644295 0.02297164 0.0311563 0.02435059 0.01405987 0.01930347 0.02172136 0.01440497 0.00403719 0.003818071 0.005387667 0.001191667 0.0009333333 0.001391667 0.002458333 0.003416667 0.003108333 0.0007583333 9.166667e-005 0
0.1427872 0.110672 0.08303139 0.09922475 0.102847 0.09454467 0.1085009 0.1224915 0.1552478 0.1537264 0.1432321 0.1487245 0.1293659 0.1378089 0.1174347 0.09986693 0.1060564 0.08649676 0.09846257 0.07696803 0.06038916 0.05771669 0.05544625 0.06881193 0.05276382 0.0243833 0.01713687 0.01850079 0.01575268 0.01206663 0.01052553 0.02105205 0.02751162 0.02592976 0.02090856 0.0264379 0.02419961 0.01697158 0.01414344 0.01883818 0.009750951 0.01052637 0.007243782 0.005917895 0.002923148 0.002357507 0.003155308 0.001033333 0.0007083333 0.001916667 0.002166667 0.0004666667 0 0 0 0
0.2076355 0.163925 0.1488581 0.1503229 0.140442 0.1067495 0.136285 0.1537836 0.1387262 0.1394526 0.1706479 0.2064185 0.2022397 0.1747414 0.1127885 0.1291775 0.1319507 0.09160344 0.08506921 0.05340632 0.04981061 0.06249527 0.04586805 0.05434271 0.02689758 0.02166808 0.01215364 0.01574622 0.01417442 0.009518007 0.01289041 0.01825304 0.02234561 0.01417635 0.01742542 0.02404559 0.02422877 0.02038394 0.01540572 0.01409042 0.007260354 0.01102949 0.007364607 0.004574075 0.001296051 0.002095898 0.001200438 3.687736e-005 0.001131232 0.000640401 0.0008273147 0 0 0 0 0
0.1546873 0.2133055 0.2140425 0.2112071 0.1547792 0.1435479 0.1691613 0.2011768 0.1577169 0.1441997 0.1928243 0.2758199 0.2242371 0.1911466 0.1406739 0.1099959 0.128672 0.1423065 0.1074934 0.09283163 0.08349969 0.08328237 0.07304065 0.03977396 0.01717335 0.01098009 0.01051256 0.01086632 0.01014721 0.006175741 0.01033619 0.01534586 0.01277751 0.00996955 0.007881077 0.009688186 0.01721878 0.01712051 0.008963997 0.007718372 0.006208768 0.00428302 0.008630939 0.005952895 0.0006251172 0.0003169007 0.000484834 0.001836096 0.0006142447 2.304718e-006 1.704862e-006 0 0.0008483854 0.0001010725 0 0
0.1813831 0.3144037 0.2708385 0.2249015 0.2018329 0.1904143 0.206101 0.2019136 0.1921846 0.1758309 0.1886806 0.2501451 0.2066518 0.151817 0.1469474 0.1470543 0.1386948 0.1416666 0.1083293 0.1203569 0.1128323 0.0807182 0.07378234 0.04066642 0.01837059 0.01099707 0.00677416 0.006738741 0.007816419 0.007742953 0.01124493 0.01701514 0.01794426 0.01726163 0.008668563 0.004502612 0.009177057 0.01047453 0.006354463 0.004605707 0.002885991 0.00316092 0.001975141 0.001553487 0.001169434 0.001214869 0.0001405538 0.0006879159 1.311977e-005 2.146116e-006 1.541021e-006 0 0.0003575772 0 0 0
0.2349417 0.2490681 0.252859 0.2004307 0.1921594 0.1622232 0.182421 0.2445594 0.2328058 0.1972255 0.1514308 0.1801095 0.155577 0.1257074 0.155772 0.1695234 0.1414749 0.1830299 0.09711044 0.06540319 0.06509057 0.05893485 0.04571641 0.03935888 0.02557885 0.01443766 0.003745971 0.007941922 0.01269216 0.008328583 0.009476954 0.01335466 0.01765519 0.01624032 0.004969426 0.004713333 0.007031462 0.008005291 0.00565968 0.003028885 0.0004526125 0.001371513 0.001292053 0.0007520326 0.002067641 0.0007724182 0.0009367749 0.0001174781 0.0006342265 1.568042e-006 8.664971e-005 1.554729e-005 0 0 0 0
0.2160167 0.2453826 0.1967075 0.1858869 0.1667746 0.1604699 0.1760798 0.2657565 0.2410111 0.1934841 0.156788 0.1890239 0.163714 0.1098099 0.1131888 0.138703 0.1161409 0.1433451 0.1087668 0.08563555 0.04644126 0.05210068 0.06459156 0.0630654 0.03268723 0.01273238 0.006996578 0.01373756 0.01495723 0.007676989 0.007926326 0.01223784 0.009986545 0.008871773 0.004693976 0.005788891 0.01140655 0.009954281 0.01078318 0.003432596 0.002371209 0.00171392 0.0009739769 0.0007508998 0.0002218089 0.0002395049 2.003427e-005 2.246251e-006 0.000810949 3.622073e-007 2.587235e-007 0 7.771621e-006 0 0 0
0.2036569 0.2487417 0.247058 0.2297755 0.2138978 0.1919861 0.1845812 0.2396354 0.2118238 0.1610437 0.1539728 0.1890425 0.1974638 0.1392584 0.1104086 0.1078516 0.1089092 0.1302459 0.1389895 0.1084283 0.09449096 0.06674203 0.05516559 0.05090161 0.026194 0.0162402 0.01324562 0.0109552 0.01198389 0.005440909 0.003462085 0.005716179 0.003298664 0.003130343 0.003716072 0.003636465 0.003382335 0.003529266 0.002636145 0.00074516 0.0005447856 0.0004058674 0.0002965046 4.966333e-005 0.001883309 1.053157e-005 7.725649e-006 1.337469e-006 5.605569e-007 7.435966e-006 1.077499e-007 0 0 0.000186585 0 0
0.2432454 0.2755171 0.2947799 0.2780668 0.2394803 0.205368 0.1936212 0.1903194 0.2292658 0.174144 0.1406166 0.1763645 0.1975702 0.1240129 0.1117034 0.1408528 0.1197713 0.1245466 0.1414613 0.1173126 0.1046338 0.04946885 0.04598715 0.03950666 0.02065019 0.01493746 0.01055556 0.009268647 0.00545069 0.004871448 0.004021141 0.008233466 0.005572297 0.003455597 0.003181997 0.001714325 0.001570357 0.001464131 0.001150153 0.0007210724 0.0008493805 0.0003503112 0.000261429 4.265479e-005 1.920587e-005 6.620039e-006 4.823165e-006 8.03558e-007 2.971934e-007 7.320754e-006 2.789099e-008 0 0 6.218213e-005 6.219438e-005 7.772433e-005
0.269647 0.2887317 0.355855 0.3366787 0.3059852 0.2100178 0.180301 0.1833038 0.2178167 0.1508247 0.1469024 0.2159923 0.2203905 0.2526999 0.194276 0.1549054 0.1581517 0.1585512 0.123384 0.1227778 0.1058592 0.08188675 0.04507621 0.0369836 0.03219521 0.03436653 0.01669795 0.009428328 0.006621669 0.005751586 0.006636371 0.007859216 0.009135434 0.004293121 0.00380442 0.00191606 0.001633633 0.001659062 0.001233762 0.0007159479 0.001359889 0.0003263312 0.0002420354 3.914077e-005 1.727212e-005 5.485894e-006 3.972256e-006 6.581736e-007 0.001227933 6.555456e-005 1.996974e-008 0 0 0 0.0009887436 0.0008794508
0.3651356 0.3533464 0.2771327 0.3616077 0.3921605 0.287104 0.1856758 0.1558038 0.2213742 0.1927891 0.1551534 0.2218129 0.2568581 0.2906381 0.3089907 0.2214528 0.2023203 0.183482 0.1755085 0.2114447 0.1497897 0.09852305 0.06675249 0.06690687 0.06348836 0.03986576 0.02725233 0.01812625 0.01314965 0.008836831 0.007855539 0.007791386 0.008249416 0.005004035 0.007066511 0.002689798 0.001612712 0.001300533 0.00147001 0.0006466326 0.001061121 0.0002664999 0.0001956001 5.679638e-005 2.408901e-005 6.812224e-006 4.905881e-006 0 0.0002623402 0.0001209855 9.676807e-006 0 0 0 0.0009647537 0.002664126
0.3308823 0.2844967 0.2539215 0.3629922 0.330996 0.2818682 0.2317884 0.1366864 0.1891963 0.1864008 0.1734099 0.2697206 0.24934 0.3185697 0.3043236 0.2404204 0.2383408 0.2260776 0.2305336 0.2428567 0.1874482 0.1316584 0.09891032 0.07059532 0.07167536 0.0666034 0.02511588 0.02580529 0.01231547 0.01065481 0.009443441 0.00751965 0.008396885 0.01082894 0.005248322 0.002739752 0.001701497 0.001737972 0.001054573 0.0006229511 0.0003935092 0.0002460886 0.0001800179 5.134408e-005 2.081281e-005 4.9634e-006 3.567421e-006 0 0 5.792321e-005 2.419689e-005 0.000145699 0.0002330972 0.0007290119 0.0007594888 0.003789436
0.2835855 0.2577125 0.3434861 0.4751538 0.2915147 0.3284664 0.218273 0.2369305 0.2396199 0.1565866 0.1830576 0.2277611 0.2255087 0.2677706 0.2420382 0.2158095 0.3021465 0.2940353 0.2584512 0.299142 0.282708 0.2641231 0.1666533 0.1323384 0.1086404 0.07986693 0.06501686 0.05016138 0.02032144 0.01592723 0.01319465 0.0136741 0.01999062 0.01083204 0.006956622 0.003034523 0.002214553 0.001976026 0.001156908 0.0006972908 0.0004597441 0.0003001661 0.0002198908 0.0001943309 2.565104e-005 6.250829e-006 4.479371e-006 7.777373e-006 0 9.185142e-005 7.742854e-005 0.0002988903 0.0007224269 0.0005979708 0.0002259089 0.004509486
0.3160946 0.3078054 0.2998063 0.3553409 0.2838858 0.2811446 0.2728184 0.3295207 0.1987564 0.1514906 0.1626468 0.1785905 0.1721249 0.180838 0.229823 0.2500369 0.3334925 0.319475 0.3002074 0.3102732 0.2671177 0.2873451 0.2472391 0.208222 0.137745 0.1248015 0.1176558 0.07699478 0.03901792 0.03412224 0.01944483 0.02517339 0.03255365 0.01604125 0.01120083 0.004135327 0.002590534 0.001627873 0.001349816 0.001582292 0.0006060786 0.0004284672 0.000315007 9.107433e-005 3.852009e-005 1.069281e-005 7.650612e-006 0 0 0 0.0001696121 0.0008910102 0.0005106757 0.001037037 0.001373714 0.004106513
0.2571612 0.2660933 0.2597584 0.306221 0.3011044 0.3320158 0.3888681 0.3157734 0.1936902 0.1831822 0.2342663 0.1934651 0.1930451 0.2745549 0.2998673 0.2896481 0.2960331 0.3153132 0.3100737 0.2611207 0.3036196 0.2324931 0.2045014 0.214401 0.1747333 0.1186882 0.1274914 0.09278578 0.06240256 0.06828612 0.04583925 0.03299747 0.03243662 0.03972429 0.01303285 0.004809611 0.002744796 0.001584824 0.001334424 0.001726354 0.005281309 0.004912106 0.000717977 0.0002470439 0.0001066368 4.88002e-005 2.245273e-005 0 0 5.804554e-005 9.67454e-005 0.001103744 0.001427163 0.001215293 0.001957985 0.00221429
0.20462 0.2216066 0.2259132 0.2779931 0.2372891 0.2204721 0.2136986 0.1937119 0.1412345 0.2228032 0.2167623 0.1735062 0.2477781 0.23238 0.2520193 0.2361522 0.2587504 0.2614422 0.2665917 0.197999 0.1976842 0.2068782 0.1922873 0.1751963 0.1916464 0.1161692 0.1097347 0.1114308 0.1006081 0.08592466 0.06877981 0.05699674 0.03400036 0.0440107 0.03676334 0.006464034 0.00324941 0.001754745 0.00149633 0.003358689 0.01005402 0.005552041 0.0008819265 0.0003058916 0.0001332512 4.049474e-005 0.0003671385 0 0 0 0 0.0007082857 0.001089973 0.0006006871 0.001805353 0.002879675
0.1895081 0.1948005 0.2316026 0.227297 0.2011648 0.1892092 0.1335474 0.1374266 0.1386541 0.1615309 0.2280467 0.2028896 0.2817011 0.258913 0.2379195 0.1998002 0.2283436 0.2339321 0.2165423 0.1878348 0.2200831 0.1949319 0.1326301 0.1421521 0.2173706 0.1410544 0.12802 0.1669212 0.1316977 0.1189725 0.09422457 0.08740979 0.09090922 0.1104358 0.04859176 0.01178442 0.008056137 0.00197847 0.001689766 0.002245903 0.001781074 0.001379118 0.001028886 0.0003608449 0.0001880579 0.002250898 0.003256592 0.00109166 0.0002246669 0.0008369731 0.0003865609 0.001313507 0.0007124071 0.001476616 0.0005857728 0.00202507
