contrib/geomasonDemos/riftland/DataFiles/RainData/129.txt
ncols         56
nrows         54
xllcorner     28.264
yllcorner     -5.7719999999999
cellsize      0.25
NODATA_value  -9999
[rows 26 to 51 of 54, columns 0 to 55 of 56]
0.2820008 0.2429947 0.2374854 0.2470798 0.2264336 0.216325 0.1861134 0.1600984 0.1974014 0.1538865 0.2096986 0.2171872 0.2409737 0.2996844 0.2311603 0.2198014 0.2028085 0.1591223 0.208325 0.1975551 0.2208756 0.2212036 0.1522653 0.1622074 0.1866467 0.1313385 0.139499 0.2206259 0.1412694 0.134344 0.1201368 0.08286552 0.1015101 0.1229771 0.04305583 0.0183721 0.004206958 0.006602427 0.003863767 0.004754054 0.00323184 0.001553197 0.001164546 0.001271646 0.004387491 0.002090049 0.003665345 0.0006513405 0.0003736625 0.0005675104 0.0002865644 0.001655987 0.0003868945 0.001381465 0.0004852598 0.002242558
0.3199532 0.2796563 0.290782 0.2663642 0.2941393 0.2458832 0.1993855 0.2289262 0.2345603 0.2481427 0.274413 0.2510005 0.2793272 0.2850055 0.2367154 0.2667835 0.1977479 0.1938627 0.2574114 0.2873935 0.3230603 0.2532489 0.1986508 0.1784456 0.1920808 0.1797722 0.1672315 0.1748073 0.1607467 0.1480975 0.1439565 0.115453 0.1165835 0.1016767 0.05579218 0.02400932 0.01226343 0.009097591 0.005923149 0.00478092 0.003745903 0.006392656 0.006381378 0.0008052426 0.00282762 0.002363748 0.0005118604 0.001099595 0.002080583 0.000524939 0.0001330877 0.00142273 0.00129639 0.001575176 0.001342421 0.001812195
0.4382407 0.3610091 0.2378416 0.2277097 0.2315542 0.2274527 0.2204908 0.4071813 0.4178699 0.2119666 0.25741 0.2825873 0.273588 0.3094501 0.2926432 0.2637483 0.2503948 0.2749788 0.3056145 0.2771164 0.2661814 0.3340563 0.3341866 0.2848297 0.2644884 0.2091574 0.1963733 0.1899627 0.1891652 0.1838433 0.1474176 0.1159743 0.1092156 0.09894965 0.06048806 0.02539881 0.013468 0.009137941 0.009666326 0.005268808 0.00413034 0.003159605 0.002374225 0.0007319609 0.001607927 0.002033919 0.003152668 0.002023255 0.002091435 0.001220045 0.001498557 0.00189657 0.002047629 0.002699026 0.003906474 0.004479971
0.4958194 0.4947137 0.2905233 0.2842085 0.2747783 0.1958884 0.2222621 0.2782737 0.389989 0.274245 0.3250453 0.3295133 0.2571996 0.2464487 0.1726998 0.245659 0.2842639 0.2364604 0.2921944 0.1904232 0.2537789 0.3121078 0.3534979 0.3181437 0.3158086 0.3037669 0.2900189 0.2143201 0.1990279 0.183749 0.1308978 0.1143962 0.1219195 0.09812336 0.05875086 0.03985775 0.02299767 0.01255432 0.01507272 0.007315353 0.004347398 0.003306076 0.002484607 0.0007686354 0.0003636451 0.0002700797 0.00196849 0.0004778549 0.0004450872 0.0009111875 0.002015742 0.001577763 0.001852359 0.001345229 0.007156048 0.005797324
0.4387632 0.4025618 0.3672222 0.2602023 0.2047582 0.1927139 0.2004806 0.1585159 0.1835387 0.2640725 0.274905 0.27417 0.2406029 0.185963 0.1534026 0.2174894 0.2128432 0.1683796 0.1988356 0.2021902 0.2433775 0.218334 0.2833642 0.2640989 0.3257507 0.3354257 0.2772271 0.2706197 0.2100228 0.1868746 0.1461019 0.1323943 0.1429731 0.09895244 0.1400219 0.1322985 0.04904965 0.01906126 0.01428176 0.005628959 0.004383639 0.003351003 0.002494089 0.0007662407 0.0003942776 0.0001527858 0.0001637759 8.218046e-005 0.0001110382 0.000501984 0.000735083 0.003477571 0.005698586 0.003203393 0.005247137 0.002239478
0.5323498 0.4333535 0.2610681 0.1377892 0.1181456 0.1477648 0.1295428 0.1517937 0.2837579 0.2911231 0.2742206 0.2897886 0.2895245 0.2312736 0.1786047 0.1921305 0.1653449 0.1792099 0.1783228 0.2019119 0.2363881 0.1859908 0.227318 0.2379131 0.2845644 0.2605437 0.2081657 0.2406091 0.211143 0.1908463 0.1387316 0.1582231 0.1272858 0.09929041 0.0871921 0.1235402 0.08455612 0.02101599 0.007567477 0.005331303 0.004103936 0.003084763 0.003416931 0.0007141835 0.0001837903 8.307521e-005 0.000105148 0.0003744857 0.0004398772 0.0005814552 0.0007939506 0.006567059 0.006825839 0.002659935 0.006297972 0.002283344
0.4281363 0.2530511 0.1735362 0.105978 0.1005205 0.1084979 0.1449822 0.2503268 0.1879932 0.3402834 0.2811973 0.2968799 0.2269164 0.1999272 0.1419604 0.1592641 0.2032925 0.178715 0.2021564 0.1452691 0.1498831 0.1808874 0.2104098 0.2274008 0.2353846 0.1958945 0.212913 0.3128833 0.2418724 0.1725402 0.1147332 0.1139374 0.1254273 0.1183863 0.05995071 0.0601337 0.01970061 0.01425761 0.007709487 0.00537519 0.004137433 0.00352138 0.003791502 0.001402979 0.0001798455 8.547374e-005 0.0001239762 0.0004764685 0.0005876216 0.0007770016 0.001032468 0.006207656 0.005421066 0.002405346 0.002593617 0.003004509
0.4220575 0.2557455 0.1031417 0.09445975 0.0881778 0.09570885 0.1645338 0.2163277 0.2155734 0.3256842 0.1923923 0.1689197 0.1842919 0.137274 0.1970313 0.1884892 0.1710346 0.1995126 0.1856948 0.1478522 0.1135708 0.09877989 0.1183154 0.1629901 0.2409382 0.2874295 0.1952662 0.2245895 0.2266149 0.1473256 0.1194243 0.1042237 0.1243078 0.09547404 0.06093139 0.03944238 0.02692901 0.01099283 0.009935202 0.013127 0.004236698 0.004110398 0.004452539 0.002057723 0.0002221352 0.0001779369 0.0001955588 0.0007347012 0.0008957625 0.001110606 0.001384491 0.0008529541 0.00119929 0.00148239 0.001445667 0.007292015
0.4787559 0.2875523 0.1793883 0.1484289 0.1699458 0.1377783 0.1457634 0.2673097 0.2736448 0.304215 0.1719474 0.1990095 0.190895 0.1507119 0.1572703 0.1591887 0.2249236 0.3528991 0.3060427 0.1529121 0.1038795 0.07995634 0.06974837 0.1367541 0.194502 0.2681542 0.1934489 0.1842823 0.1841825 0.1255685 0.09712852 0.1110103 0.1230378 0.06908867 0.06123967 0.03612796 0.01930423 0.0124905 0.008508133 0.005881848 0.004516724 0.00479288 0.005216045 0.002767083 0.0007183687 0.000243266 0.0003874659 0.001144945 0.00135814 0.00158646 0.001825057 0.00106072 0.004770375 0.001556122 0.001518074 0.007650858
0.3748546 0.2883459 0.1939898 0.2006865 0.1647744 0.1514228 0.1227169 0.2224536 0.3071673 0.2905044 0.2204866 0.1848122 0.2072807 0.1949154 0.2336909 0.3633677 0.5892779 0.7648802 0.5258163 0.2669258 0.09364466 0.04362987 0.03821856 0.1468071 0.3085499 0.320815 0.2457509 0.1611884 0.1700126 0.08733545 0.1089804 0.1276615 0.04590083 0.06703483 0.0466412 0.03224616 0.01259537 0.004540797 0.01479847 0.01200063 0.002734956 0.004265085 0.005619246 0.004652217 0.00202812 0.0003602219 0.0004547654 0.004866762 0.002515973 0.002569004 0.002835307 0.003172313 0.00748377 0.004846379 0.004175329 0.005858984
0.3243951 0.2121001 0.1809571 0.2085204 0.1916501 0.1785693 0.2023245 0.2394845 0.2679074 0.2282375 0.1323246 0.1904994 0.1922917 0.1931866 0.3232817 0.5058501 0.7162977 0.777603 0.609466 0.3570078 0.1521793 0.0945622 0.09422056 0.1626638 0.250657 0.3757696 0.2693791 0.1938829 0.148798 0.086275 0.04113939 0.07363264 0.04621988 0.0541322 0.06159757 0.03328967 0.0122649 0.007929096 0.007273024 0.002650948 0.006885838 0.01083546 0.006464699 0.005681152 0.003102563 0.0004670892 0.0005798478 0.004310344 0.003090125 0.003139469 0.003399142 0.004067692 0.007345474 0.01147981 0.01347847 0.008804066
0.2425205 0.2485519 0.1187535 0.1041357 0.1382568 0.1716061 0.1501668 0.2046385 0.2577642 0.1411297 0.1359204 0.1447391 0.186655 0.1938525 0.3860827 0.5179422 0.660978 0.668825 0.4853075 0.2867878 0.12786 0.07650717 0.1258749 0.2365193 0.3096584 0.4369589 0.2836496 0.2788538 0.1245648 0.0510418 0.03530419 0.07009345 0.04797002 0.04440322 0.03110101 0.02648302 0.0131505 0.005002866 0.004343508 0.003020154 0.004831764 0.006232011 0.007559191 0.006636303 0.004300856 0.001690842 0.0008702895 0.003327256 0.003591531 0.003804015 0.003959906 0.00511988 0.004309359 0.01360789 0.02193874 0.01856753
0.3795021 0.2619813 0.159995 0.1025767 0.1329985 0.1119571 0.07027277 0.1079791 0.2275957 0.1230917 0.1202997 0.1276732 0.1552441 0.2236173 0.3274166 0.4471193 0.6066023 0.5552054 0.3099115 0.1190141 0.06246033 0.1514722 0.1864574 0.3292046 0.3832874 0.460584 0.2391053 0.1583059 0.112305 0.05636103 0.01909897 0.02916566 0.0295186 0.03753085 0.01569339 0.00879467 0.006364538 0.005281204 0.004889375 0.00363066 0.006181334 0.007529929 0.008814334 0.007719776 0.05122018 0.003010187 0.001314714 0.004579136 0.00455348 0.004554136 0.004581256 0.004646189 0.008004314 0.01193717 0.03307068 0.01009857
0.3933803 0.1677167 0.1365997 0.168672 0.1342975 0.08388209 0.06570148 0.1468025 0.2750523 0.1370604 0.08322875 0.1503711 0.2505578 0.267424 0.3453863 0.3616884 0.4433764 0.3604473 0.1870477 0.1211833 0.0720308 0.1137718 0.1797128 0.29514 0.5138821 0.4349869 0.1571181 0.1082116 0.04516559 0.04725418 0.01645725 0.02593933 0.01722709 0.02273936 0.01604268 0.01304195 0.007013758 0.005448041 0.005263663 0.006105803 0.009444295 0.01104157 0.01214899 0.03978156 0.03858618 0.005954739 0.003083477 0.005560887 0.007585379 0.008217541 0.00588415 0.007438979 0.00602503 0.01811835 0.03196353 0.01483403
0.2834499 0.131506 0.1289882 0.1467911 0.08423774 0.05833504 0.06665651 0.116964 0.2082425 0.1712218 0.2712275 0.1582128 0.1834677 0.2681677 0.3922835 0.370953 0.3525833 0.2253533 0.1338321 0.1041824 0.09705095 0.1158385 0.1491169 0.3341388 0.2888144 0.3190351 0.123454 0.07990307 0.04267427 0.02773249 0.02136022 0.02120662 0.02830951 0.02467262 0.00911515 0.01126439 0.008076509 0.005684596 0.005704195 0.008101214 0.01201084 0.01341989 0.01451723 0.01302366 0.01075039 0.008403986 0.005622991 0.006693012 0.006222005 0.005766204 0.006866219 0.006370923 0.01006428 0.02110653 0.02477066 0.02568334
0.3055967 0.110002 0.09836162 0.110618 0.1093986 0.1018303 0.1204689 0.1440831 0.08469779 0.1814034 0.1216409 0.1010249 0.1678715 0.2951165 0.3993521 0.4382419 0.3343655 0.2181421 0.156849 0.07734555 0.1040112 0.1641813 0.1527649 0.1775377 0.3170651 0.2346647 0.09919135 0.05630122 0.03230866 0.02183887 0.01573875 0.02132017 0.01213828 0.01400124 0.009524414 0.007820926 0.007365953 0.006118144 0.006619587 0.01053394 0.01459124 0.01607931 0.01687786 0.01523225 0.01302996 0.01100287 0.00807222 0.009154302 0.00729011 0.0220447 0.01443008 0.006734572 0.009920456 0.02285879 0.02542676 0.01921122
0.3752267 0.1292003 0.07556722 0.1493236 0.2597664 0.1910028 0.1823657 0.1389449 0.09274732 0.07853346 0.1001915 0.2081395 0.2175747 0.2779182 0.3600853 0.3921746 0.3853573 0.1413833 0.1621275 0.1314724 0.08381439 0.1200194 0.1295878 0.1016108 0.1834861 0.1035938 0.04262126 0.02711679 0.031311 0.05228211 0.04181712 0.01266797 0.01033763 0.01046114 0.01110623 0.0733163 0.09469644 0.006731276 0.008588065 0.01309342 0.01701456 0.01831867 0.01919879 0.01761601 0.04450857 0.01303351 0.01506427 0.0130494 0.00888846 0.03083824 0.02600948 0.007460843 0.009488752 0.01421656 0.0172176 0.01789893
0.4571772 0.2229301 0.05778883 0.1524304 0.2276613 0.180445 0.1115982 0.07813552 0.05901306 0.03265767 0.0429212 0.09036985 0.1777748 0.1769747 0.2583018 0.2243489 0.1963634 0.2207654 0.1676188 0.1010251 0.04228074 0.03579485 0.03643382 0.03165603 0.05179543 0.05302479 0.03695844 0.03130708 0.03146852 0.0180227 0.01972581 0.01367948 0.01144229 0.01930586 0.01394723 0.01886397 0.09057597 0.01107774 0.01078633 0.01390547 0.02650613 0.01873417 0.01955349 0.02505779 0.03344344 0.02179632 0.04055101 0.01700469 0.0124148 0.01570475 0.01663745 0.003592114 0.009373284 0.01269383 0.004958305 0.008666666
0.3896857 0.1381009 0.05012349 0.0539489 0.1219964 0.1004867 0.1296402 0.06022545 0.0546721 0.02732136 0.01948088 0.05768898 0.1499131 0.1266285 0.1314178 0.1446881 0.1241737 0.1892334 0.06750774 0.1113182 0.04842582 0.02075569 0.01140131 0.01694118 0.04533687 0.02031757 0.01771403 0.01371141 0.02113342 0.01046527 0.02163122 0.01392666 0.01775628 0.02081741 0.01886285 0.01708556 0.01544655 0.01492128 0.01562696 0.0251736 0.03771556 0.02951383 0.02200197 0.03109381 0.02821137 0.02747671 0.02719939 0.02260847 0.01882933 0.01141841 0.01165553 0.005496797 0.01091531 0.01143861 0.002911936 0.003708333
0.6127521 0.1861566 0.03442963 0.03756519 0.08663063 0.09619167 0.1049463 0.1136585 0.06289756 0.04045839 0.02589706 0.05631137 0.1648527 0.2193599 0.2667646 0.2552002 0.1552445 0.08517476 0.0507693 0.1626828 0.01884025 0.009249309 0.008939326 0.01695536 0.0194195 0.01841952 0.01710085 0.0312598 0.01074819 0.01035904 0.04433186 0.02438469 0.0236685 0.02510171 0.02453745 0.02296603 0.02082244 0.02027711 0.02061694 0.05468195 0.04603245 0.02854799 0.02566837 0.03966513 0.03872804 0.0333858 0.03131059 0.02574323 0.02147008 0.015068 0.02114696 0.008829781 0.006766874 0.004021514 0.004857887 0.005
0.4803628 0.1126488 0.07006867 0.02993031 0.05438462 0.04621524 0.06185717 0.09326448 0.1074709 0.08496492 0.04260801 0.05820866 0.08831949 0.1810762 0.2900244 0.297536 0.1620703 0.1173142 0.05621685 0.03054684 0.009440841 0.009088574 0.008878578 0.01758288 0.01805093 0.01728817 0.0311416 0.02838031 0.02732684 0.01689639 0.02648143 0.04726166 0.0345923 0.03080958 0.02916752 0.02820219 0.02554511 0.02426889 0.03754547 0.04731968 0.02778192 0.02878381 0.02789904 0.04178082 0.03750259 0.03231372 0.02959293 0.0269881 0.01602539 0.01524836 0.02747225 0.01165131 0.007756894 0.004087906 0.004404491 0.001625
0.332308 0.08635562 0.01644129 0.007785075 0.01760681 0.1003918 0.08428801 0.08540598 0.1099515 0.09141804 0.07945967 0.08274865 0.0707531 0.08693393 0.09574177 0.1328204 0.1255948 0.08196306 0.005080999 0.01026907 0.02988189 0.004515848 0.00259425 0.001951209 0.08867943 0.04299861 0.01547358 0.009079499 0.002820226 0.006373294 0.0151199 0.03430549 0.03816859 0.03287371 0.06823444 0.04642402 0.0419248 0.04750561 0.03303516 0.02761915 0.02880382 0.03053719 0.03526967 0.0432004 0.03015381 0.0291356 0.02811186 0.01677083 0.01529102 0.01534996 0.0141207 0.004708333 0.01616666 0.01408333 0.01020833 0.002916666
0.2505545 0.07730959 0.02455437 0.01014188 0.03264096 0.02666184 0.0551644 0.04122089 0.037814 0.05486736 0.05722132 0.06236985 0.0985939 0.09070834 0.04159266 0.01626169 0.06474429 0.06206022 0.03397046 0 0.03125493 0.01002335 0 0.005885229 0.008089933 0.0259348 0.01733421 0.0003043339 0.006229959 0.009945469 0.0159421 0.03191314 0.03287874 0.034913 0.06592928 0.03893033 0.03580978 0.03454872 0.02855168 0.02875549 0.03075508 0.03201507 0.03692948 0.03699467 0.03254748 0.03036228 0.04154794 0.01873894 0.02688367 0.02398843 0.0246889 0.006708333 0.01325 0.014125 0.009249999 0.003083333
0.2871474 0.1200313 0.08244731 0.02411379 0 0.004271303 0.02062967 0.01122968 0.01754252 0.01917579 0.03812186 0.03752521 0.09899203 0.04879359 0.02799624 0.03223338 0.0160201 0.02665076 0.0155133 0.01910444 0.05179358 0.009018466 0 0 0.002046139 0 0 0.001737297 0.007869847 0.01113747 0.01823908 0.02718995 0.03388677 0.03569006 0.03581978 0.03279291 0.03010259 0.02858662 0.02854128 0.03753416 0.04844849 0.03837448 0.03984172 0.03441038 0.03237192 0.04318931 0.03514927 0.01706553 0.02998708 0.03903186 0.02838916 0.005916667 0.01125 0.009916665 0.004416666 0.003041666
0.2898952 0.172802 0.1486844 0.07762234 0.04182837 0.04527228 0.004796606 0 0.0005052641 0.01484516 0.02093334 0.031145 0.05756199 0.08840321 0.03750218 0.05034513 0.009957433 0.01082359 0.01629302 0.0649116 0.00657729 0.005644657 0.001520813 0.004706785 0.0101427 0.01228336 0.01231645 0.01188298 0.01864901 0.02715483 0.02481221 0.03234773 0.03694553 0.03955312 0.04907906 0.04909771 0.03211889 0.03080582 0.03077739 0.03248729 0.03453211 0.03374751 0.03214565 0.04006022 0.04589384 0.05851278 0.0162836 0.02036305 0.03565621 0.04077901 0.02996481 0.01654167 0.00875 0.002916667 0.002583333 0.003791667
0.3190984 0.2457943 0.1922448 0.2359164 0.06543651 0.05307294 0.08612546 0.09876028 0.01735767 0.01323788 0.02396481 0.0976252 0.1905644 0.1425275 0.06659806 0.04772523 0.02102679 0.02135487 0.02091295 0.01918945 0.01458137 0.02577624 0.01503357 0.01724248 0.01852008 0.01950938 0.0322525 0.02425545 0.03139359 0.0359799 0.033191 0.04214847 0.04501922 0.04952702 0.05354949 0.07543748 0.03345561 0.03216252 0.03872523 0.03762019 0.04421196 0.03995232 0.0442194 0.04585661 0.06805233 0.06239167 0.01467128 0.01991842 0.04347536 0.04246117 0.03620987 0.02408333 0.01629167 0.006583333 0.004708333 0.005083333
