contrib/geomasonDemos/riftland/DataFiles/RainData/13.txt
ncols         56
nrows         54
xllcorner     28.264
yllcorner     -5.7719999999999
cellsize      0.25
NODATA_value  -9999
[rows 26 to 51 of 54, columns 0 to 55 of 56]
0.04572225 0.07424407 0.07636173 0.04647555 0.04061632 0.04932988 0.03920135 0.02396033 0.01649988 0.02161658 0.03303361 0.08061621 0.06489571 0.037737 0.03205767 0.08619826 0.06562956 0.09720823 0.1059089 0.04880733 0.04387688 0.04504232 0.05943053 0.03774709 0.03636162 0.02715139 0.02179946 0.02272286 0.02857189 0.02129368 0.01606138 0.01962789 0.01750822 0.01523751 0.01233188 0.005704496 0.003860275 0.002785545 0.002163467 0.002000932 0.001658964 0.001568586 0.001443297 0.0003069835 0.000187245 0.0001233659 0.000457463 0.0001578328 2.307586e-005 1.938144e-005 1.870708e-005 0.0004413777 0.0004877858 0.0002585514 0.000917185 0.001738339
0.07522973 0.1026808 0.09189857 0.04571391 0.04274041 0.05274506 0.03559357 0.02490935 0.01544886 0.02339962 0.04099324 0.06965719 0.06408633 0.04574447 0.06414558 0.1364068 0.1322435 0.1505761 0.1748437 0.09078282 0.09049127 0.09074991 0.1025502 0.07934127 0.08449863 0.07155973 0.0759386 0.04275055 0.03539607 0.0317646 0.02825309 0.02704386 0.02320121 0.01938475 0.0159113 0.01183165 0.00826894 0.006004473 0.004495036 0.004049438 0.002732663 0.002023875 0.001611422 0.0008252783 0.001496543 0.00178552 0.0007978695 0.0001029982 0.0001233643 0.0001677445 0.0002390707 0.001124081 0.002149194 0.003804994 0.002529622 0.003380899
0.0707277 0.06792786 0.09698477 0.0396942 0.07872015 0.07616149 0.03643805 0.02792442 0.03149919 0.03321602 0.04497533 0.0745836 0.07029448 0.07420265 0.09194067 0.1365263 0.1446898 0.16713 0.2044482 0.1278041 0.1347494 0.1487558 0.1312558 0.1151484 0.0886905 0.103333 0.0610273 0.04778047 0.04210079 0.03726646 0.03318038 0.03197467 0.02649043 0.02195006 0.01773859 0.01412707 0.00996597 0.007245518 0.00595181 0.004730471 0.002815518 0.001753688 0.001469775 0.0007764371 0.0009645029 0.001416029 0.002285534 5.299666e-005 0.0001285578 0.0001401739 0.0002250635 0.00240504 0.004742767 0.00515161 0.00352263 0.003816662
0.05445341 0.05371178 0.05849566 0.03573839 0.05218029 0.03559649 0.03015089 0.033253 0.03301097 0.03613229 0.04773426 0.08587174 0.09501553 0.09627621 0.1385338 0.1433147 0.1464136 0.1972819 0.2443846 0.1766413 0.1888819 0.1599789 0.1845042 0.1692389 0.1509828 0.1094207 0.06971782 0.05648242 0.04877611 0.04308799 0.03776437 0.03842632 0.02984376 0.0238351 0.01934441 0.01651584 0.01230661 0.01078484 0.01393503 0.006229545 0.00306853 0.002078811 0.001579149 0.0007866931 0.0005277091 0.0007730022 0.001492416 0.0001690324 7.705508e-005 0.0001456273 0.0001791395 0.001068385 0.006269311 0.001931478 0.002786749 0.004428221
0.08542737 0.07975507 0.0503857 0.02330044 0.01790372 0.01738548 0.02431463 0.03992048 0.05334063 0.04212247 0.05532406 0.1075343 0.1197736 0.1282916 0.1208128 0.1440038 0.1896028 0.2620163 0.2653068 0.1879351 0.1723127 0.1604023 0.1540199 0.1378379 0.1329786 0.107764 0.0961846 0.07171053 0.05833095 0.04720962 0.04024587 0.04135082 0.03303714 0.02642669 0.02230658 0.01909563 0.01704143 0.01535766 0.01475591 0.00613106 0.003614593 0.002439508 0.001875023 0.0009463383 0.0006183403 0.0003747157 0.0003581753 0 4.740124e-005 0.0001264574 0.0004018699 0.001132264 0.004447068 0.002109914 0.002438519 0.00535235
0.1029262 0.08407937 0.06458391 0.06561781 0.05477439 0.05035154 0.05123181 0.08819917 0.08742911 0.1025197 0.1176135 0.1682061 0.1671038 0.1643576 0.2040301 0.2026914 0.212843 0.1886987 0.2187809 0.1783349 0.1678392 0.1814615 0.1770081 0.2047393 0.175271 0.1256033 0.08786849 0.09157339 0.06837143 0.05591195 0.04577713 0.04398696 0.03354356 0.03183001 0.02354237 0.03998391 0.03854755 0.03044902 0.02387245 0.01464631 0.009136121 0.005197719 0.003998047 0.000808897 0.0007087836 0.0005371298 0.000154853 0.0001258219 0.0008343573 0.0005586764 0.0005973992 3.563392e-005 0.00432218 0.0001114186 0.0003117147 0.000350662
0.09029315 0.08964239 0.07017338 0.06894202 0.05899891 0.05246235 0.05025824 0.09063218 0.092021 0.1032834 0.1169537 0.1614038 0.1537501 0.1523088 0.1452989 0.1913268 0.1493483 0.1583256 0.1569985 0.158551 0.1411915 0.1417379 0.1375874 0.1995933 0.1847923 0.1556896 0.09958538 0.09999023 0.08926153 0.06221409 0.04869597 0.0501646 0.03505349 0.02958188 0.02354219 0.03660066 0.03380974 0.02991755 0.02166071 0.01532282 0.008435116 0.005533264 0.004625368 0.0009705335 0.000572673 0.0009021061 0.0009161918 0.00056562 0.0004016333 0.0003698657 0.0005233498 2.524733e-005 2.961988e-005 0.0008288541 8.150054e-005 0.0002145213
0.1208272 0.1066707 0.08411371 0.08072872 0.06086889 0.05491059 0.05416991 0.09189074 0.1016998 0.1067995 0.1295617 0.1629411 0.1534964 0.1429986 0.1576639 0.1915271 0.1468271 0.137762 0.1230947 0.1486076 0.130961 0.127373 0.1254892 0.1658485 0.1648321 0.1455782 0.1162909 0.1160408 0.08825503 0.06453472 0.04830972 0.0468558 0.04687293 0.03085787 0.02370363 0.03762986 0.03624356 0.02569691 0.02129677 0.01638659 0.009846432 0.006584758 0.00539689 0.001263143 0.0007767642 0.0007501286 0.0005413565 0.0006839306 0.003952765 0.0001970222 0.0007086075 0.0003649812 0.0003690776 5.278716e-005 0.0002786734 0.001089261
0.1689426 0.1186481 0.1033571 0.08682339 0.0699948 0.06197198 0.08423929 0.1071136 0.1088975 0.1219574 0.1287026 0.1830152 0.1614721 0.1490216 0.1614181 0.1893021 0.1425675 0.1427345 0.1287442 0.1501715 0.1333475 0.1322277 0.1450898 0.1614573 0.121735 0.1135651 0.1164233 0.1280733 0.08039162 0.06180541 0.04847752 0.04703474 0.04072732 0.02876161 0.02385707 0.04087158 0.02943842 0.02418492 0.02085391 0.01646747 0.01051856 0.007459834 0.006352164 0.001532878 0.001061022 0.0007301287 0.0007073823 0.001327131 0.005893459 0.005799393 0.001316764 0.0001148205 0.0007109366 0.0001041727 0.002170315 0.0009878905
0.2313205 0.1678203 0.1800484 0.1358988 0.1208772 0.1020164 0.1168854 0.1527113 0.1548468 0.1517974 0.1632728 0.147629 0.1553062 0.1591417 0.1920111 0.207004 0.2114833 0.2125999 0.1684346 0.164558 0.1681819 0.1857044 0.1696119 0.1589339 0.1432862 0.1448918 0.1579458 0.134576 0.0771872 0.05227971 0.04230428 0.04018893 0.02547064 0.01947059 0.01447547 0.01886564 0.01616606 0.01160407 0.0100295 0.009447944 0.007887485 0.007232705 0.006231498 0.003534082 0.003153439 0.002948012 0.006003679 0.008668629 0.009057834 0.006544376 0.01245681 0.005085804 0.004677767 0.004214203 0.004882225 9.743988e-005
0.237743 0.1840114 0.1465092 0.1250453 0.120929 0.1065839 0.09830191 0.1386522 0.1285908 0.1322122 0.1396205 0.1336788 0.1478544 0.1568202 0.169696 0.1953788 0.214704 0.2196343 0.2481928 0.1954071 0.1685326 0.1682691 0.1490122 0.2394761 0.1733405 0.1318109 0.1560748 0.1188534 0.07387147 0.05461136 0.03640518 0.03373318 0.02745704 0.01589924 0.01247497 0.01658728 0.01458585 0.01374468 0.008620949 0.008884951 0.007403038 0.007790102 0.005337898 0.00401444 0.003839945 0.003936137 0.004778079 0.009538634 0.007045674 0.007144052 0.008012389 0.004975591 0.005121225 0.004229076 0.004952583 0
0.2087179 0.1611768 0.110437 0.1151032 0.1039622 0.1144881 0.1161394 0.1168908 0.11338 0.1175802 0.1343124 0.1434347 0.15809 0.1596188 0.1796242 0.2140234 0.198754 0.2269539 0.2414841 0.1712444 0.1532997 0.1644145 0.1308803 0.1963055 0.194603 0.1587989 0.1428251 0.1109507 0.06679072 0.04843746 0.03722869 0.03320768 0.03146662 0.01538483 0.01050856 0.01300165 0.02326234 0.01063253 0.008737439 0.0087726 0.008008422 0.00676893 0.006082288 0.003616814 0.006738591 0.004821379 0.01315263 0.01349087 0.01081788 0.01266222 0.009084615 0.006761821 0.004847474 0.004900472 0.005920013 0
0.2514104 0.1716856 0.1030449 0.1200901 0.09104764 0.09678382 0.1010102 0.1050494 0.09913411 0.1104817 0.1083235 0.1350707 0.1491207 0.1555542 0.1788392 0.2508231 0.2019406 0.2074559 0.1996907 0.1496541 0.1318039 0.1339788 0.1634567 0.1741501 0.1520649 0.1311199 0.1147434 0.0902233 0.06289242 0.04445376 0.04568892 0.04155131 0.035399 0.0203301 0.01117708 0.01261681 0.02455187 0.01242021 0.0101052 0.009439052 0.008852026 0.008556477 0.007054932 0.004267149 0.007023679 0.00865528 0.006714718 0.01639975 0.009429171 0.009142059 0.01461815 0.01087082 0.00882508 0.008047872 0.008599123 0
0.2306652 0.1510893 0.1153929 0.0868745 0.08582369 0.08285979 0.08242816 0.0715758 0.07271775 0.08050777 0.1090109 0.1205884 0.1287777 0.132096 0.1328875 0.1415808 0.139163 0.1539456 0.14995 0.1485165 0.1263473 0.1471001 0.1851014 0.1880876 0.161215 0.0893065 0.07791002 0.07197701 0.05154831 0.04226906 0.03750967 0.03091238 0.02504539 0.01412685 0.00862266 0.006820601 0.006233417 0.005907083 0.00740005 0.008315999 0.008376988 0.008331571 0.008571173 0.007426362 0.0072593 0.009123125 0.00802157 0.008181753 0.009317819 0.01158244 0.006701327 0.00309922 0.003087637 0.00343742 0.003535695 0
0.1552662 0.1233412 0.08829625 0.08282402 0.09058274 0.07354805 0.06207086 0.06557012 0.06791674 0.08065333 0.105167 0.1127627 0.1185417 0.1213868 0.1321166 0.1314717 0.1322693 0.1278453 0.1268535 0.1424839 0.1420038 0.1739222 0.1605388 0.2155676 0.1406869 0.08607782 0.08265585 0.06996743 0.04423999 0.03865858 0.02202364 0.0270686 0.02214822 0.01054634 0.007784765 0.005210834 0.005364668 0.006466307 0.00784083 0.00890175 0.009443088 0.01412879 0.01037357 0.01008434 0.008321662 0.008744283 0.01045577 0.009201367 0.009711291 0.008835975 0.008848273 0.004666099 0.003674265 0.003704366 0.003688864 0
0.1835306 0.12201 0.08459381 0.1189984 0.0958396 0.09277231 0.07348377 0.07728117 0.07147718 0.07821489 0.1065499 0.118858 0.1208032 0.1190344 0.128112 0.1203189 0.1258701 0.1213618 0.1221568 0.1137003 0.1450761 0.2007989 0.1645879 0.1560531 0.1252869 0.07610282 0.07180981 0.06455106 0.03746105 0.02692479 0.02642915 0.0266425 0.01572041 0.01147642 0.01042313 0.008850397 0.008070035 0.005930836 0.008258732 0.009935877 0.01003511 0.01026792 0.01007045 0.009205412 0.009090661 0.008989148 0.009587495 0.009941676 0.009194433 0.009348689 0.01024128 0.004072644 0.004093173 0.004084852 0.004800524 0
0.1526192 0.1229631 0.1103277 0.1091459 0.09462377 0.08273219 0.06941462 0.09039269 0.08944714 0.09026293 0.09619614 0.1218312 0.1261388 0.1373227 0.1762507 0.1545301 0.124771 0.1327614 0.1396454 0.1615852 0.1436059 0.1455892 0.1332696 0.1380036 0.1160283 0.1288043 0.08013811 0.06135009 0.03317964 0.02705606 0.03130376 0.02360751 0.01331225 0.009333163 0.008901414 0.01687527 0.03577464 0.006466535 0.007255177 0.009691494 0.01190915 0.01170079 0.01080325 0.009811033 0.009627955 0.01166191 0.01335481 0.01136216 0.01045636 0.009713372 0.009772863 0.004468073 0.004420455 0.004262643 0.005273525 0
0.1129692 0.08026104 0.09230313 0.1361735 0.103204 0.117998 0.1154102 0.1344459 0.1045596 0.1251955 0.164501 0.1353034 0.1376183 0.177296 0.1890017 0.1407297 0.1300181 0.1313655 0.1377026 0.153468 0.1341932 0.1669804 0.1160243 0.07187121 0.07752439 0.06456456 0.04135085 0.05421916 0.06116408 0.04608706 0.03159975 0.01009894 0.009545995 0.01204284 0.01972258 0.02427445 0.06847909 0.009289002 0.008529657 0.0108417 0.01392969 0.01512011 0.0128641 0.009385298 0.009044916 0.008628318 0.00900144 0.008207809 0.007576471 0.007388979 0.008560184 0.008629031 0.008306451 0.007822581 0.007016129 0
0.1164563 0.09710902 0.06724716 0.1259058 0.1528126 0.1646149 0.1398367 0.1840509 0.1462427 0.1355988 0.1636229 0.1499194 0.1752769 0.141331 0.1347443 0.1346101 0.1524747 0.1648096 0.1664358 0.1564239 0.155339 0.1744783 0.09653856 0.1065178 0.06544791 0.05612603 0.05251817 0.1017873 0.1190011 0.06123987 0.03328022 0.01308671 0.01120382 0.008768067 0.0220174 0.02392606 0.02183379 0.01787719 0.01790372 0.01142506 0.01399696 0.0234453 0.01418404 0.009939678 0.01046061 0.009044141 0.008631129 0.008558308 0.008283488 0.00911528 0.009072081 0.008145161 0.007419354 0.007177419 0.006612903 0
0.1392666 0.08298162 0.08404701 0.1125557 0.1384289 0.1494963 0.1460053 0.1689842 0.1402546 0.1258576 0.1491882 0.1270896 0.1385611 0.153072 0.1381054 0.1512807 0.1819305 0.1935629 0.179144 0.1641749 0.1811317 0.1584422 0.1049499 0.08577248 0.07649837 0.05498535 0.06870984 0.09318898 0.1230486 0.07313259 0.05472639 0.01734983 0.01744884 0.01277746 0.01136307 0.02127379 0.02358082 0.02383002 0.01988913 0.01258384 0.01452839 0.02379627 0.02338554 0.0111334 0.01021999 0.009793457 0.009250815 0.009096627 0.008992605 0.009744077 0.01056008 0.007258065 0.006975806 0.006733871 0.008790323 0
0.07563131 0.08029179 0.1087228 0.1158044 0.1179546 0.1214965 0.1648369 0.1791782 0.1675282 0.1234356 0.1318069 0.128906 0.1321776 0.1343489 0.1468927 0.174224 0.1727094 0.1828894 0.199468 0.1908533 0.1859682 0.126348 0.1072401 0.0942797 0.08615568 0.08443385 0.07971126 0.08549952 0.0677985 0.07114572 0.0711082 0.04353167 0.02943582 0.02416243 0.01831947 0.02956166 0.03435171 0.02517732 0.01733331 0.01417713 0.01471479 0.02725379 0.0260004 0.01610878 0.01768742 0.01086386 0.01024381 0.01008415 0.01073063 0.0102512 0.01138904 0.007459677 0.01052419 0.00641129 0.005120968 0.00141129
0.07727352 0.06367894 0.07935892 0.09223557 0.08103153 0.07482929 0.0950141 0.1309213 0.1127906 0.09275709 0.0988519 0.1224341 0.1266683 0.135499 0.1514226 0.1802026 0.1794426 0.1945448 0.2227729 0.2256426 0.2511274 0.1941779 0.1663932 0.1115511 0.1020351 0.097403 0.08672861 0.04784105 0.04148927 0.05783197 0.0581244 0.04620921 0.04480126 0.0278235 0.02900873 0.02136445 0.02477678 0.02361653 0.02930768 0.02370461 0.01240601 0.01633358 0.01558963 0.02144226 0.02605452 0.01310806 0.0119601 0.001935484 0.0007258064 0.0004435484 0.0004435484 0.0002419355 0.006169354 0.004274193 0.0001612903 0.004879032
0.08085866 0.06627218 0.07498717 0.09186359 0.07481726 0.06112756 0.0797059 0.1282967 0.1293658 0.1136624 0.09247083 0.1249846 0.1365569 0.1355186 0.1417215 0.1590412 0.17628 0.1942459 0.2003332 0.2090962 0.2239683 0.1821496 0.1657602 0.1447825 0.1481095 0.106878 0.08543621 0.03806642 0.05688155 0.07719278 0.06284173 0.0581693 0.0515526 0.0598277 0.0447071 0.03475537 0.03523259 0.03159257 0.03348546 0.02817026 0.02120108 0.01667986 0.01557956 0.01528955 0.01881243 0.01327936 0.01231648 0.001814516 0.001290323 0.001209677 0.004838709 0.001975806 0.002298387 0.0003225806 0.0003225806 0
0.1302931 0.112127 0.1179112 0.1423911 0.1334548 0.1080991 0.08343128 0.1101573 0.1200011 0.1315062 0.09504017 0.1355127 0.1547401 0.1388177 0.155695 0.153994 0.15205 0.1571744 0.1767363 0.2127414 0.2061588 0.1891541 0.1768978 0.1717711 0.1510621 0.1302977 0.08401419 0.04357821 0.08104487 0.1054716 0.06173343 0.06007069 0.05930251 0.05130068 0.04490313 0.06819802 0.04377581 0.03264578 0.01898096 0.02301566 0.02400871 0.01819015 0.01627404 0.01762606 0.01689769 0.02192577 0.02058947 0.01302419 0.002217742 0.002298387 0.005927419 0.0005241935 0.0005241935 0.005967742 0.0004032258 0.005967741
0.19758 0.1677469 0.1984097 0.2557956 0.2029786 0.1424993 0.1219284 0.1184656 0.1133399 0.1134176 0.1257541 0.170955 0.163679 0.1392562 0.1392198 0.1373777 0.147334 0.1692682 0.1629127 0.2140482 0.1821658 0.1715337 0.1561464 0.1684618 0.1918713 0.1590396 0.1083902 0.09135558 0.1135468 0.1168556 0.06670599 0.07257511 0.07580713 0.06933171 0.0598175 0.0978357 0.08160319 0.06405861 0.04851422 0.02968724 0.02433692 0.02402483 0.02270329 0.02256032 0.02288355 0.02495587 0.02439175 0.01379032 0.01391129 0.003064516 0.003024193 0.001048387 0.0008870967 0.0008870967 0.0008870967 8.064516e-005
0.2255547 0.1820047 0.2476632 0.3047655 0.2335477 0.1566806 0.1518141 0.2297141 0.1433164 0.1079038 0.117667 0.1612293 0.1750348 0.1341298 0.1175114 0.1224324 0.140361 0.1821383 0.1856147 0.1901902 0.1882544 0.1677502 0.1588983 0.1207799 0.1756309 0.1855423 0.1547285 0.1433429 0.1191892 0.1020676 0.07817686 0.08781747 0.09452552 0.0935095 0.09490072 0.1815702 0.1080241 0.1103393 0.1255467 0.04844211 0.03873033 0.04024524 0.03867275 0.03812435 0.03776113 0.03581951 0.0345921 0.01072581 0.02266129 0.00939516 0.001451613 0 8.064516e-005 0.00108871 0.0001209677 0
