contrib/geomasonDemos/riftland/DataFiles/RainData/13.txt
ncols         56
nrows         54
xllcorner     28.264
yllcorner     -5.7719999999999
cellsize      0.25
NODATA_value  -9999
[rows 0 to 25 of 54, columns 0 to 55 of 56]
0.0002548915 0.0001963736 0.0001424596 0.000587321 0.0005638978 0.0003841674 0.0004561009 0.001492909 0.001922864 0.00169724 0.003040261 0.006143728 0.006615979 0.01169047 0.01453253 0.01552371 0.02215178 0.02435217 0.02507318 0.03518984 0.03984797 0.03976861 0.03630674 0.04857951 0.0476753 0.05102225 0.06332303 0.06252727 0.07141995 0.05881352 0.04837419 0.05544691 0.06233121 0.06122478 0.0531197 0.04005844 0.02739962 0.02451937 0.02539247 0.03140147 0.02089032 0.01786295 0.01539594 0.01398912 0.02505129 0.02065523 0.01727368 0.009743818 0.009531081 0.009445257 0.008263241 0.004683607 0.004303016 0.003737178 0.003000282 0.0003619239
0.0002693152 0.0002868247 0.0002178504 0.0006627858 0.0006626597 0.0004990812 0.0008909174 0.005274911 0.005185745 0.005289195 0.008738746 0.01123961 0.01530632 0.02029217 0.02352683 0.02151163 0.02122299 0.02623407 0.02997264 0.03073767 0.02772157 0.03124937 0.02912152 0.050436 0.04808708 0.06194578 0.0707626 0.05478233 0.06476129 0.07370597 0.04489065 0.05461037 0.05872469 0.05318365 0.05587064 0.03380797 0.02700163 0.02406203 0.02253696 0.02516977 0.02501194 0.01769561 0.01556451 0.02139181 0.02555224 0.01966155 0.01546362 0.01139324 0.009795956 0.009345196 0.008680374 0.004909035 0.004521891 0.003945318 0.003186312 0.0003863967
0.0003102466 0.0003427038 0.0003042989 0.0007263633 0.0008952859 0.0006692434 0.0007102403 0.005119822 0.002900555 0.008107406 0.01401221 0.01234932 0.01275421 0.0137546 0.01647609 0.01578962 0.01697586 0.02242236 0.02639743 0.02534811 0.02745197 0.02838291 0.02668433 0.04241075 0.04735542 0.04781039 0.06899031 0.05595079 0.05326402 0.06040296 0.0452719 0.05078463 0.05859339 0.06428167 0.07617114 0.03468485 0.03153186 0.02395129 0.02176192 0.0203808 0.02071832 0.01785471 0.01873576 0.02976333 0.03099782 0.01560107 0.01509629 0.01095086 0.009918348 0.009394215 0.00841162 0.004803345 0.004439512 0.003884767 0.003132749 0.0003787446
0.0001720754 0.0001028138 5.60564e-005 0.000998914 0.0007100491 0.0005040591 0.000821806 0.005474605 0.008915307 0.008162976 0.006392087 0.009474333 0.0110874 0.01142153 0.01205412 0.02253496 0.01731054 0.01911156 0.01910507 0.01889364 0.01751401 0.01787812 0.01177376 0.01768847 0.01833473 0.028851 0.0549062 0.06671518 0.05641548 0.05739165 0.05792888 0.04533779 0.04167791 0.04437612 0.04802073 0.02341179 0.02064798 0.01900386 0.01816635 0.01821899 0.01753306 0.01562934 0.01639979 0.03858171 0.01959292 0.01204752 0.02838367 0.00844466 0.008165591 0.007512166 0.00691301 0.00474914 0.004857128 0.004093741 0.003111407 0.001782166
0.000964464 0.0002474809 0.0001305868 0.0007694884 0.000738294 0.001000505 0.0009283434 0.006149124 0.006497823 0.009532047 0.006179092 0.01117357 0.01206578 0.01035276 0.01424143 0.01968464 0.01973688 0.02086642 0.02765882 0.02005518 0.02019067 0.02015914 0.0151926 0.01394078 0.01522614 0.02619348 0.03800586 0.05641995 0.05154281 0.05475718 0.05479837 0.05087611 0.03966113 0.03226705 0.03599119 0.02096026 0.01973674 0.01858312 0.01856638 0.02501637 0.01716729 0.01611245 0.01386617 0.0129557 0.01036185 0.01134211 0.0125082 0.008338968 0.007728613 0.007249724 0.006679504 0.004652681 0.004312743 0.00377393 0.003051768 0.001759341
0.0007751705 4.26723e-005 0.0001206565 0.0006194309 0.0003415853 0.0004342368 0.0003985067 0.004983879 0.006216412 0.005510588 0.006428441 0.009196441 0.01302576 0.01123748 0.01357542 0.02302513 0.02090754 0.02197338 0.03115321 0.02393367 0.02457432 0.02734141 0.01738565 0.01259352 0.01391276 0.02335234 0.02645506 0.0494229 0.04827446 0.05157202 0.0549925 0.0480041 0.04513799 0.03934018 0.02938803 0.0215429 0.01847352 0.01828087 0.01782849 0.01768941 0.01597653 0.01478712 0.01303359 0.01090628 0.009546035 0.008695741 0.009484138 0.00836925 0.006925261 0.006567379 0.006041408 0.004270469 0.003973184 0.003487049 0.002814786 0.00161656
0.0003920541 8.843897e-005 0.0001198122 0.0006976873 0.0004436407 3.074123e-006 0.0007139764 0.004038278 0.004853961 0.004690614 0.005535246 0.01230326 0.01194321 0.01259692 0.02276629 0.02105698 0.02347988 0.02403315 0.03345255 0.02157667 0.0240061 0.02984506 0.01916425 0.01978736 0.01428573 0.01993144 0.02275476 0.04773794 0.04785381 0.05543227 0.05696843 0.04344936 0.04955432 0.04600795 0.04708436 0.02100124 0.01784385 0.01662864 0.01547475 0.0155915 0.01447102 0.0130844 0.01191872 0.009545737 0.007968679 0.007139124 0.007876095 0.006330813 0.005716774 0.005416892 0.005072579 0.00360166 0.003353609 0.002953171 0.002374897 0.001363271
0.0004598412 0.000253825 0.0004058297 0.0003832609 0.001165051 0.001024451 0.0008903539 0.003724837 0.00296192 0.004495563 0.003057946 0.004358098 0.005106508 0.004187393 0.009467617 0.01118835 0.0121317 0.01112192 0.01159773 0.01174396 0.01677339 0.01949406 0.02412869 0.01462532 0.01768297 0.01355743 0.007525844 0.01239649 0.02090584 0.02022975 0.01718796 0.0184734 0.01811114 0.01898366 0.02257301 0.01320351 0.01202546 0.01098541 0.01094614 0.01228039 0.0111118 0.009913551 0.008705653 0.004290958 0.002957918 0.002541214 0.002455791 0.003071886 0.002931375 0.002828216 0.002583585 0.007821199 0.0006128094 0.0005414389 0.000437299 0.002659114
0.000881316 0.001224303 0.0007587069 0.00139948 0.001324521 0.001058085 0.00131966 0.005565627 0.003253118 0.002850659 0.003026947 0.003826026 0.004563521 0.00758017 0.008238415 0.01431303 0.01184239 0.01134187 0.01306831 0.01675703 0.02156052 0.01740085 0.01891953 0.01402373 0.01741654 0.01077919 0.01092245 0.0186298 0.02368608 0.01977931 0.02264662 0.01676345 0.02539089 0.01597006 0.01529505 0.01259832 0.01092993 0.01074905 0.009557771 0.01128792 0.01000079 0.008994623 0.007450561 0.002784127 0.002079267 0.001702122 0.001677793 0.002165319 0.002133675 0.002059434 0.001950149 0.000504181 0.0004733616 0.0004187124 0.0003384545 0.002072892
0.001033216 0.001411336 0.0008555623 0.001778931 0.001497799 0.001018048 0.00144279 0.005783385 0.004544673 0.003696373 0.003388913 0.004497508 0.007406379 0.008237744 0.01054539 0.01244616 0.01536262 0.01474356 0.01494004 0.01319731 0.02532846 0.01682125 0.01704342 0.007301299 0.007076558 0.01026026 0.0120233 0.0171101 0.01886532 0.01385445 0.01379457 0.01415142 0.01419051 0.01305511 0.0131649 0.01147005 0.01027345 0.009847828 0.008622067 0.01058935 0.009317578 0.008126255 0.00638637 0.002266692 0.001577146 0.001227185 0.001220229 0.001774427 0.001595543 0.001610759 0.001472644 0.0003833742 0.0003623076 0.0003247305 0.0002640286 0.001943226
0.0006462451 0.0009446425 0.0008992635 0.00173663 0.001397199 0.002711993 0.001776915 0.007499434 0.007219333 0.004832212 0.003976473 0.007472822 0.008768507 0.00946961 0.01127099 0.01597557 0.02027525 0.01607138 0.0143553 0.01840846 0.0173485 0.01533135 0.01669981 0.006909484 0.006104755 0.006485575 0.00953401 0.01525377 0.01392533 0.01311073 0.01011353 0.0119927 0.01208095 0.01192732 0.01192068 0.01117532 0.009291299 0.008627742 0.007762922 0.009626115 0.008428687 0.007272321 0.006162333 0.001888013 0.001299432 0.0009937151 0.0009835354 0.001566198 0.001435997 0.001221799 0.001164865 0.0004142112 0.0002896118 0.0002587496 0.0002133493 0.001476534
0.001182007 0.002745475 0.000421252 0.003081307 0.0005813252 0.0006349107 0.0005369057 0.0007515592 0.001119529 0.0005747117 0 0.002010321 0.003079907 0.003924903 0.004551711 0.005752104 0.005769851 0.004617014 0.00464899 0.02292743 0.01681701 0.01246339 0.01004076 0.004468544 0.004681148 0.004656614 0.006195426 0.009257202 0.008353698 0.008455633 0.008386576 0.01662239 0.014077 0.01309823 0.01212911 0.01321707 0.03116203 0.01774937 0.01695572 0.01835529 0.0167374 0.01514264 0.01435828 0.006423797 0.00438041 0.001882548 0.0008598195 0.002088069 0.001974019 0.001884458 0.001620547 0.001690918 0.0005429107 9.833907e-005 8.136829e-005 0.000380494
0.001775624 0.002961294 0.001557751 0.004947854 0.006138828 0.000543345 0.002399073 0.006726808 0.002676044 0.001196737 0.0007388166 0.00189997 0.002871325 0.003874663 0.007321908 0.007148283 0.006059414 0.00493055 0.004109966 0.02014609 0.01394965 0.01132666 0.005836596 0.003089389 0.002964356 0.003327891 0.005896076 0.006137441 0.006328502 0.00536975 0.0062944 0.01292353 0.01179484 0.01087405 0.01036692 0.0134144 0.05846388 0.02022863 0.01876309 0.01800032 0.01621824 0.01470876 0.01391657 0.006423021 0.004200078 0.001674224 0.0007969248 0.002034537 0.00189756 0.001801062 0.001536431 0.001598469 0.0003917337 6.37359e-005 5.430715e-005 0.0002601571
0.003241047 0.001652268 0.001830738 0.004581454 0.003754352 0.001471844 0.009519901 0.01095489 0.003934777 0.0009307049 0.0006767982 0.00241303 0.002140217 0.003253795 0.007151761 0.005351629 0.004295889 0.003223439 0.003234112 0.01538419 0.01023408 0.008141898 0.004124058 0.001783201 0.001880929 0.002205952 0.003884924 0.003711005 0.003471637 0.003597205 0.004630097 0.01023756 0.009478954 0.009031097 0.007686161 0.01193284 0.01669573 0.02403518 0.01949941 0.0168663 0.01559999 0.0151075 0.01368003 0.00624922 0.004133348 0.002046564 0.0008753238 0.002093707 0.001713249 0.001591774 0.001346993 0.001139394 0.0003570648 4.650953e-005 4.021083e-005 0.0001989828
0.007674711 0.003190415 0.001395531 0.002744508 0.001298711 0.003066842 0.01194309 0.02413469 0.006507373 0.003256547 0.0002782226 0.003173675 0.002001129 0.003130892 0.007821646 0.004893965 0.003900521 0.002931577 0.01100886 0.01166648 0.009002882 0.005153886 0.002800097 0.001431307 0.001545069 0.001803339 0.002193304 0.002055467 0.002058165 0.002485031 0.003228557 0.008053729 0.007593132 0.006539298 0.00658989 0.01122471 0.01294023 0.01592325 0.02072446 0.01646586 0.01515025 0.01485906 0.01594218 0.006130953 0.003738275 0.002245222 0.001384835 0.002407773 0.002109847 0.0017136 0.001492933 0.001062175 5.11216e-005 4.625168e-005 4.009281e-005 0.0001949468
0.007218922 0.007359708 0.0068192 0.00945181 0.003017329 0.0007258366 0.00489302 0.004815024 0.006627289 0.002309531 0.002039558 0.005190577 0.001356893 0.006215486 0.01508592 0.007279502 0.00516556 0.004744434 0.02076644 0.001209452 0.0007962675 0.0002435521 3.552101e-005 0.000215548 0.0005565009 0.0001903412 0.0002461525 0.0001197912 0.0001037945 0.0001332948 0.0001798617 0.0008728725 0.001048961 0.001165071 0.001220564 0.001386781 0.001448676 0.001401201 0.00478388 0.00456826 0.00642052 0.01161106 0.001998145 0.005000653 0.005441978 0.004705528 0.005402232 0.00313871 0.002038598 0.001429947 0.0004136506 4.419289e-005 4.213532e-005 3.822376e-005 3.264497e-005 2.203054e-005
0.01002754 0.01000218 0.01679323 0.01869823 0.005338568 0.002032936 0.004592532 0.003173174 0.0009444723 0.0006223743 0.00339216 0.008077272 0.0008856697 0.005450991 0.01145844 0.005146572 0.008327855 0.002485584 0.0004518 0.0009224892 0.000324988 4.464794e-005 0.0004306888 0.0005298975 0.0004539051 0.0002086918 0.0001621233 5.268968e-005 4.941575e-005 6.019939e-005 8.495921e-005 0.0004323869 0.0005169708 0.0005861437 0.0006298664 0.0008188756 0.001053824 0.0007801633 0.0007296391 0.002542862 0.006745796 0.007700939 0.002862065 0.002816826 0.004543948 0.003934809 0.004515287 0.00217933 0.00158584 0.0008553109 0.0004211278 4.490189e-005 4.217806e-005 3.812345e-005 3.244908e-005 2.139301e-005
0.01836598 0.03222345 0.01443781 0.02560196 0.01126062 0.003351607 0.003016266 0.001259548 0.0003918442 0.000441049 0.0004469955 0.002323427 0.005352735 0.005463392 0.003342015 0.005325458 0.01356324 0.004393248 0.0006909762 0.0004433413 0.001320138 0.001716553 8.076452e-005 0.0004782858 0.0005863469 0.0003529758 0.0005661358 9.675369e-005 8.077674e-005 7.601384e-005 8.163972e-005 0.0003385127 0.0003597591 0.0003732436 0.0003799668 0.000426715 0.0004340909 0.0004296928 0.0004119956 0.0006271137 0.002205173 0.001827735 0.0005714889 0.002217193 0.002471574 0.002773285 0.003158687 0.003247148 0.00254538 0.0006205132 0.0004370389 4.678108e-005 4.423892e-005 4.030735e-005 3.409498e-005 2.28004e-005
0.03553575 0.0238983 0.01571262 0.03830359 0.02146665 0.007437096 0.003853595 0.0004311922 0.002140304 0.0004541618 0.003528338 0.006952046 0.01111641 0.01012053 0.01117028 0.009342906 0.005709509 0.006914181 0.003238148 0.001822898 0.002126837 0.002152996 0.000395432 0.0009678168 0.0008377526 0.001261202 0.000674295 0.0002233842 0.0001977981 0.0001801123 0.0001699078 0.00062088 0.0005826956 0.0005438229 0.0004776684 0.0004635639 0.0004012192 0.0003623586 0.0003473387 0.0005240372 0.0005007238 0.0004926589 0.0004991811 0.001527482 0.001946395 0.002146861 0.002445884 0.001075084 0.0007555123 0.000472053 0.0004589084 4.965164e-005 4.804729e-005 4.44076e-005 3.784411e-005 2.581798e-005
0.07519074 0.06889244 0.06069853 0.04332542 0.01589371 0.006886223 0.002015767 0.001011139 0.0004801714 0.0005717596 0.0005478762 0.001709103 0.007375973 0.01241216 0.02514909 0.02247858 0.0219427 0.0159348 0.01488973 0.004402232 0.004168972 0.004435068 0.001928228 0.004629256 0.00377184 0.003835351 0.003046947 0.002670191 0.00239317 0.002164456 0.001981482 0.001867236 0.001667464 0.001449963 0.001219778 0.0003276767 0.0002390607 0.0001907767 0.0001829443 0.0003617364 0.0003439157 0.0003455111 0.0003656528 0.000448994 0.0004721374 0.0005557172 0.000728182 0.0006901302 0.0007776933 0.0009951723 0.001255875 0.001326766 0.0008609889 0.0002349073 6.550161e-005 0.001865136
0.04077952 0.03629662 0.04512131 0.03537844 0.01660552 0.009131079 0.006175132 0.002412944 0.000522006 0.0005162311 0.0005556727 0.001077653 0.007696684 0.01403645 0.0270188 0.02939297 0.02961874 0.02330232 0.01405695 0.009084444 0.005814865 0.007923203 0.003724358 0.005688908 0.004998461 0.004458462 0.004083859 0.003605308 0.003249299 0.002934737 0.002635839 0.002444232 0.002125232 0.001777662 0.001393799 0.0003518446 0.0003735276 0.0002158182 0.0001394728 0.0002743318 0.0002599315 0.0002701042 0.0003045227 0.0003963121 0.0004351015 0.0004632517 0.0006051731 0.0006600069 0.0007414401 0.000919093 0.001055598 0.001376919 0.001119358 0.0004573997 0.0001994166 0.000164481
0.02764286 0.0214891 0.02672274 0.03312518 0.02625794 0.01195137 0.01724533 0.003403124 0.0007576721 0.001744835 0.001889194 0.003781787 0.003271983 0.01492645 0.01736626 0.03237985 0.03812637 0.03758711 0.04108154 0.02614495 0.01324252 0.008013968 0.002596713 0.007516792 0.006634168 0.006289053 0.005566724 0.00499543 0.004611065 0.004232928 0.003868452 0.003664275 0.003280802 0.002773525 0.002158233 0.0005360989 0.0003194591 0.0001999274 0.0001781715 0.0003233047 0.0002786274 0.0004161944 0.0002976763 0.0003796119 0.0004117942 0.0004359069 0.000509682 0.0006110909 0.000681538 0.0007768688 0.0009400132 0.001242306 0.0009088502 0.000486732 0.0002649885 0.0002316653
0.02922298 0.02214449 0.02506302 0.04212779 0.05705462 0.01657544 0.003174641 0.002758228 0.002717553 0.007013708 0.002144297 0.00242434 0.006168639 0.005015801 0.001062355 0.036438 0.04621371 0.04909597 0.05621394 0.03905419 0.01404482 0.005077656 0.003787661 0.009767991 0.008640906 0.009147918 0.007730843 0.006846527 0.006445515 0.006047405 0.005639674 0.005522819 0.005088344 0.004400692 0.003473873 0.0008777542 0.0005446244 0.0003502409 0.0002975218 0.0005087084 0.0005285077 0.0003457507 0.0003438666 0.0003999182 0.0003991518 0.0004009179 0.0004051959 0.0005372174 0.0005970744 0.0006720384 0.0008118159 0.001300344 0.0008792591 0.0005972465 0.0003216806 0.000195766
0.02567044 0.02146623 0.02890654 0.0861813 0.03625211 0.02364769 0.02027537 0.01556175 0.01541609 0.01600181 0.01088719 0.0362278 0.02725859 0.02594976 0.01819678 0.0243427 0.03147535 0.03581316 0.04564559 0.02108604 0.01535526 0.01404177 0.01321734 0.01354819 0.0115977 0.01340533 0.01126477 0.01026586 0.009795303 0.008890592 0.008426407 0.01102098 0.01030716 0.009011114 0.007141003 0.003029584 0.001905538 0.001242414 0.001037227 0.001119849 0.0009127597 0.0008487828 0.000921701 0.0003200355 0.0002527122 0.0001931382 0.0001625852 0.0001251292 0.000156643 0.0001474416 0.0001693099 0.000413535 0.0006593553 0.001009193 0.001245531 0.001924023
0.03193085 0.02732754 0.04387979 0.05522839 0.02799718 0.03876389 0.03330945 0.02285565 0.03365343 0.01161732 0.02018942 0.03047726 0.02752077 0.04044797 0.02398818 0.03644809 0.02846945 0.0284929 0.03195392 0.0202944 0.02595365 0.01858757 0.0177676 0.01687055 0.01876852 0.0165416 0.01298244 0.01238709 0.01174943 0.01082299 0.01027832 0.01370164 0.01303885 0.01137064 0.009058676 0.003859295 0.002489419 0.001636714 0.001350124 0.001362013 0.001122542 0.001024355 0.001183418 0.0002600343 0.0002066474 0.0001502985 0.0001441834 3.972036e-005 4.8553e-005 8.74787e-005 9.646082e-005 0.0003756892 0.0004314017 0.0006134573 0.0009997702 0.001648113
0.03682345 0.04764701 0.05695363 0.03776472 0.03051298 0.04307777 0.03497024 0.01599118 0.01726323 0.01421506 0.02234058 0.05549815 0.05121411 0.04324589 0.02317207 0.0431507 0.04916363 0.05159269 0.05457383 0.03211752 0.02619907 0.02785186 0.03746866 0.02754913 0.02477047 0.02519839 0.01686893 0.01561071 0.0232792 0.01859468 0.01253347 0.01654679 0.01545622 0.01337501 0.01069685 0.004636255 0.003120947 0.002060881 0.001701882 0.001622174 0.001313235 0.001152648 0.001259812 0.0002497029 0.0001915926 0.0001213619 0.0002792421 0.0002499226 2.974488e-005 2.707003e-005 2.604973e-005 0.000372912 0.0003860259 0.0002764154 0.0008502151 0.001713134
