contrib/geomasonDemos/riftland/DataFiles/RainData/130.txt
ncols         56
nrows         54
xllcorner     28.264
yllcorner     -5.7719999999999
cellsize      0.25
NODATA_value  -9999
[rows 27 to 53 of 54, columns 0 to 55 of 56]
0.4292742 0.3770564 0.2696774 0.2070968 0.1557258 0.1053629 0.1119355 0.1801613 0.2452016 0.1810887 0.2054839 0.2216129 0.2150806 0.2493146 0.2222177 0.2195968 0.2916935 0.3067338 0.3104032 0.3837097 0.4546371 0.3253227 0.3195162 0.3207258 0.232258 0.163629 0.1837097 0.238629 0.2619758 0.2172581 0.1958064 0.2240726 0.1657258 0.09459677 0.08633065 0.08213709 0.09895162 0.05064516 0.0921371 0.03516129 0.0714113 0.05205645 0.02979839 0.0196371 0.02524193 0.02560484 0.02802419 0.03213709 0.03826613 0.05749999 0.09036289 0.0852016 0.06641129 0.05068549 0.04854839 0.05399193
0.5209678 0.3522581 0.2314516 0.2060887 0.1798387 0.1026613 0.1084274 0.1696774 0.2513307 0.232621 0.1978628 0.2195968 0.2579435 0.2171774 0.1950807 0.19625 0.2429839 0.2613709 0.2837096 0.3902419 0.3606452 0.2974194 0.4048387 0.3907258 0.3354839 0.3433065 0.2714919 0.2472984 0.2748387 0.2924597 0.2372581 0.186371 0.1293145 0.07629032 0.08258065 0.08745968 0.06983871 0.06366935 0.1281452 0.09157258 0.08556452 0.03487904 0.01979839 0.01596774 0.02677419 0.02919355 0.02850806 0.03580645 0.03745968 0.02887097 0.02439516 0.04608871 0.05532258 0.02225806 0.02455645 0.0275
0.4463709 0.4310888 0.3381855 0.2267742 0.1503629 0.09600805 0.1082661 0.1865322 0.2541936 0.1977419 0.1469758 0.1994758 0.2038306 0.2104839 0.22 0.222379 0.22625 0.2502823 0.2369758 0.2775 0.3301613 0.2838709 0.2932258 0.2905242 0.4442338 0.3718145 0.3457661 0.3168548 0.2355645 0.2069758 0.1978226 0.1541935 0.1246371 0.06076613 0.07576613 0.08008065 0.0703629 0.06721774 0.09721775 0.06653226 0.0416129 0.02145161 0.01403226 0.01641129 0.01116935 0.01447581 0.02040322 0.02483871 0.02737903 0.03020161 0.03375 0.04080645 0.07596774 0.06798387 0.06298386 0.03536291
0.4525 0.3241936 0.3282661 0.2244355 0.1583065 0.1472984 0.122621 0.1762096 0.1991532 0.1463306 0.1318145 0.1752822 0.1543548 0.2024597 0.2920968 0.2329032 0.3072178 0.2769355 0.273629 0.2310081 0.2795564 0.2554839 0.1462903 0.1945968 0.297621 0.2883467 0.2594355 0.2597581 0.2257662 0.2124194 0.197379 0.1964113 0.1025403 0.08677419 0.1104032 0.1116936 0.06350806 0.06681451 0.09237903 0.06709678 0.04741935 0.03423388 0.01951613 0.01415323 0.01495968 0.008185484 0.006774193 0.01314516 0.01096774 0.007499999 0.01991935 0.04415322 0.05645161 0.05028226 0.05479838 0.02116936
0.345121 0.2351613 0.2708064 0.2049193 0.1175403 0.1165726 0.1346774 0.2145161 0.2601613 0.1701209 0.1790726 0.2847177 0.1760081 0.209879 0.2227823 0.1701613 0.2326613 0.3643951 0.3474999 0.3108872 0.2958064 0.2259274 0.1344758 0.1491129 0.1784677 0.09403227 0.1024194 0.1893951 0.2807258 0.1587097 0.1888306 0.185242 0.1084274 0.06745967 0.06693549 0.107621 0.1182661 0.1008468 0.08838709 0.04350806 0.05350807 0.04379032 0.02056451 0.01116935 0.01048387 0.006532258 0.003467742 0.009274193 0.01100806 0.008830644 0.009193549 0.03798387 0.04741935 0.07354838 0.06495968 0.03068548
0.2941532 0.2289113 0.1778226 0.1422177 0.1306855 0.09145162 0.1145565 0.2717339 0.2238307 0.1567339 0.1732661 0.2093952 0.1921774 0.1681452 0.1145161 0.2070968 0.2621774 0.3087097 0.3576613 0.4085484 0.3316935 0.2130242 0.1149193 0.1264516 0.126129 0.1483871 0.1657258 0.3598387 0.3979838 0.156371 0.1412903 0.1063306 0.09637097 0.07495968 0.05310484 0.08685484 0.1140726 0.1384274 0.045 0.03407258 0.03762097 0.025 0.0178629 0.01415322 0.009274193 0.004838709 0.006209677 0.008749999 0.007943547 0.006774193 0.007419354 0.01326613 0.03516129 0.04649194 0.05254032 0.03040322
0.3509677 0.2279838 0.1783871 0.148871 0.1130242 0.1339113 0.1456855 0.2395968 0.1889113 0.1341129 0.123871 0.1091532 0.138629 0.1455242 0.1892339 0.2372581 0.2716129 0.3308468 0.4954032 0.4429033 0.305121 0.1547178 0.1038307 0.1870565 0.2169355 0.2716129 0.2469758 0.2175 0.2220161 0.1896371 0.1239113 0.04923387 0.04895162 0.07383064 0.1000403 0.1164113 0.0933871 0.0916129 0.07318549 0.06459678 0.07653225 0.04350807 0.01084677 0.006008064 0.006008064 0.004032258 0.004717742 0.00108871 0.009556451 0.01383064 0.01358871 0.01814516 0.03407258 0.01641129 0.006129032 0.006814516
0.3983065 0.2581854 0.1590725 0.1540726 0.1077823 0.1910081 0.1185081 0.1378629 0.153629 0.1647581 0.1277823 0.2474597 0.2035887 0.1859274 0.2410484 0.2114113 0.2541129 0.3729436 0.4728629 0.4370968 0.298871 0.1615323 0.1020565 0.1410484 0.1759274 0.2531451 0.2591935 0.164879 0.1096774 0.1135484 0.06939515 0.05189516 0.06544354 0.07669355 0.1196774 0.06919354 0.04971774 0.03419355 0.07729839 0.06637097 0.06104839 0.0266129 0.008185483 0.006209677 0.004475806 0.004435483 0 0.004395161 0.006169355 0.007016128 0.02709677 0.0108871 0.03693548 0.0157258 0.0009677419 0.003104839
0.3584273 0.2689516 0.2017742 0.2425 0.1832258 0.1704839 0.1406049 0.2066532 0.1181048 0.1531451 0.1290726 0.2418548 0.2047984 0.1902823 0.2616935 0.292621 0.3067742 0.3952419 0.4500806 0.3659678 0.2771774 0.1314113 0.07987904 0.1315726 0.1427016 0.186129 0.1542742 0.1255242 0.07108872 0.04927419 0.02564516 0.05064516 0.0341129 0.05483871 0.06794354 0.02524193 0.02193548 0.03298387 0.08282258 0.07137097 0.05108871 0.02024193 0.003427419 0.01278226 0.003508064 0.003830645 0.002943548 0.01818548 0.03020162 0.01540322 0.01100807 0.02580645 0.0308871 0.007096774 0.003669355 0.001370968
0.416129 0.3471371 0.1972177 0.1823387 0.1791533 0.1644758 0.1297581 0.1709677 0.1654032 0.1385081 0.07221773 0.1454839 0.1509677 0.2065322 0.1920161 0.2780242 0.496492 0.437379 0.3836693 0.3014517 0.2135484 0.1234677 0.09116935 0.09193549 0.1194758 0.1480645 0.1206452 0.100121 0.09737903 0.0732258 0.05 0.04685484 0.05262096 0.0475 0.03439517 0.01205645 0.009435483 0.01508064 0.06862903 0.04870968 0.01987903 0.01375 0.001854839 0.003508064 0.004677419 0.001572581 0.0006854838 0.01826613 0.02693548 0.01987903 0.02814516 0.05157258 0.06217742 0.0001612903 0 0.0006451613
0.3385888 0.3772177 0.2003629 0.1203629 0.1104436 0.1339113 0.1158468 0.1881048 0.2186694 0.2006048 0.06947581 0.136371 0.1122984 0.1012903 0.2004032 0.2602822 0.4854839 0.4983064 0.3054033 0.2052016 0.1167742 0.07620968 0.1342742 0.1780242 0.1740323 0.1780242 0.1230242 0.1476613 0.1103629 0.05991936 0.0521371 0.04004032 0.04758064 0.02145161 0.02556452 0.02209677 0.007217742 0.01375 0.0178629 0.02116936 0.00483871 0 0.001774193 0.00141129 0.0003629032 0.0006048387 0.00141129 0.004354838 0.0004032258 0.009435483 0.01923387 0.01471774 0.01282258 8.064516e-005 0.0002419355 8.064516e-005
0.3389516 0.2295161 0.1224193 0.1050807 0.07693548 0.1525403 0.1192339 0.1872581 0.1160484 0.1009274 0.04657258 0.07891129 0.1175403 0.1177419 0.1949193 0.2893952 0.3819758 0.4124193 0.2642742 0.1770161 0.1669758 0.1828226 0.1972177 0.1579839 0.1925403 0.1699597 0.1879435 0.1427419 0.09133064 0.05193548 0.02379032 0.02766129 0.02479839 0.01326613 0.01375 0.01693548 0.009112902 0.0103629 0.003790322 0.005201613 0.003185484 0.003467742 0.002741935 0.001612903 4.032258e-005 0.0008870967 8.064516e-005 0.02883065 0.02302419 0 0 0.002137097 0.008629031 4.032258e-005 0.0001612903 0.0004435484
0.4098791 0.2035888 0.1143145 0.1047177 0.07584677 0.1364516 0.1967339 0.1406451 0.216492 0.1578629 0.1133468 0.1418548 0.1354435 0.1074194 0.18125 0.2137903 0.3129032 0.2616935 0.2058064 0.1134274 0.106371 0.08673387 0.1547984 0.2189919 0.1574597 0.1510081 0.1421371 0.09193548 0.04330645 0.02625 0.01008064 0.02955645 0.01633064 0.004677419 0.004798387 0.00673387 0.008548386 0.003024193 0.002096774 0.007903226 0.001290323 0.002137097 4.032258e-005 0.0005645161 0.00766129 0.006491935 0.005040322 0.0001209677 0.009193548 0.006129032 0.002540322 0.00141129 0.003830645 0.007298387 0.0006854839 4.032258e-005
0.3279838 0.2619355 0.1672984 0.1756452 0.150121 0.1052016 0.09181452 0.09116935 0.1060081 0.13625 0.1466129 0.2720161 0.1593952 0.1471774 0.1929839 0.2756855 0.218629 0.1744758 0.1160484 0.100121 0.07258064 0.06705645 0.1160081 0.1358468 0.1717339 0.1769758 0.1382661 0.05318548 0.02560484 0.003266129 0.001733871 0.01483871 0.01649194 0.004435483 0.01491935 0.004112903 0.006733871 0.003346774 0.002540322 4.032258e-005 0.003629032 8.064516e-005 0.0002016129 0 0.01165323 0.07600806 0.04967742 0.001451613 0.001814516 0.0009274193 0.0003629032 0.002620968 0.009435483 0.006491935 0.0006854838 0
0.3094758 0.2228226 0.1392339 0.1795564 0.1391935 0.1029032 0.09064515 0.2334677 0.1705242 0.1300807 0.1437097 0.2151613 0.1741532 0.09407258 0.1145161 0.1442742 0.2072177 0.1581048 0.09754033 0.06915324 0.1304032 0.1191129 0.1364113 0.1335484 0.1134274 0.1132258 0.04544355 0.02129032 0.0158871 0.008669354 0.005362903 0.008951613 0.008830644 0.001532258 0.00266129 0.003064516 0 0.002540322 0.001693548 0.001532258 0.001008064 0 0 0 0.005967742 0.01354839 0.03685484 0.004475806 0.001330645 0.003588709 0.01229839 0.01004032 0.02455645 0.007782258 0.0001612903 0
0.2641936 0.2021774 0.1012903 0.0625 0.1351613 0.1210887 0.1278226 0.1715323 0.1524597 0.1864113 0.163871 0.2283064 0.2233871 0.1310484 0.07274193 0.1252016 0.2401613 0.2435887 0.1541129 0.09560484 0.07758065 0.06943547 0.04258064 0.05951612 0.07790323 0.06786291 0.03274193 0.01177419 0.02068548 0.03705645 0.01741935 0.008588709 0.006733871 0.0005241935 0.002016129 0.05258064 0.07451613 0.01850807 0.005362903 0.002258064 0.001774193 0.0002822581 0.0004032258 0.0004838709 0.009274193 0.0133871 0.03346774 0.01568548 0.008185484 0.04681452 0.03141129 0.01016129 0.01326613 0.01342742 0.002741935 0.0003225806
0.2781048 0.1814516 0.07495968 0.07076614 0.09350806 0.1453629 0.1689113 0.1689113 0.1272177 0.1315726 0.120121 0.2143146 0.2945565 0.2372581 0.1552419 0.1088306 0.1407661 0.1736694 0.2057258 0.1066129 0.06310484 0.05443548 0.04842742 0.05379032 0.06556452 0.0578629 0.0221371 0.01782258 0.02379032 0.01608871 0.005846774 0.00375 0.008709677 0.00407258 0.0003629032 0.02995968 0.3145161 0.02197581 0.01068548 0.002540322 0.01068548 0.004879032 4.032258e-005 0.00391129 0.01552419 0.01189516 0.02637096 0.02830645 0.02415323 0.1028629 0.045 0.01512097 0.0153629 0.02298387 0.04866936 0.05330645
0.3720565 0.1718951 0.07649194 0.06701613 0.1446371 0.1887097 0.1628629 0.1682258 0.1171371 0.07250001 0.09689517 0.1334677 0.2590322 0.2454839 0.2123387 0.1616532 0.1231451 0.19125 0.1495161 0.0775 0.05479838 0.03673387 0.03532258 0.0421371 0.02475807 0.02947581 0.008064516 0.0006451613 0.007137096 0.01439516 0.004153226 0.001895161 0.001370968 0.002379032 0.001975806 0 0.008185484 0.002298387 0 0.02205645 0.01967742 0 0.002983871 0 0.001814516 0.01185484 0.02145161 0.04209677 0.0719758 0.08931451 0.05403225 0.01205645 0.03637097 0.04854838 0.06552419 0.04814516
0.3332661 0.1352419 0.0480242 0.03165322 0.1083468 0.2904435 0.1589113 0.1506855 0.1305645 0.105 0.1056855 0.08508063 0.1302016 0.1702016 0.112621 0.1055645 0.1123387 0.1778629 0.08072581 0.05923387 0.05346774 0.02318548 0.02125 0.02254032 0.01592742 0.004596774 0.004435483 0.01431452 0.003225806 0.007177419 0.01572581 0.002620968 0 0 0 0 0.0004838709 0.0004838709 0.0025 0.01229839 0.01141129 0.00125 0.002016129 0.006612903 0.007983871 0.003951613 0.003870968 0.0303629 0.06217742 0.08907258 0.04794355 0.04112903 0.06298387 0.08096774 0.05209677 0.06471775
0.1991532 0.1043952 0.06165322 0.07911291 0.06979838 0.10625 0.1368951 0.2014113 0.1706855 0.1015726 0.127621 0.07637096 0.05959677 0.09491935 0.180121 0.1852822 0.0960887 0.1149194 0.05737903 0.03875 0.05209677 0.03967742 0.03020161 0.01237903 0.009959676 0.005604839 0.008709677 0.01528226 0.01274194 0.002459677 0.004233871 0.01879032 0.00125 0 0 0 0 0.001693548 0.002701613 0.01141129 0.009193548 0.01185484 0.03540323 0.06971774 0.02185484 0.01153226 0.0116129 0.009274194 0.01278226 0.07653226 0.08008065 0.07552419 0.05225806 0.08459678 0.08233871 0.04137097
0.1895564 0.1408468 0.09399194 0.08725807 0.05366936 0.04810483 0.08306451 0.1618952 0.1761694 0.1475403 0.1308468 0.1005242 0.08963709 0.1164113 0.1065323 0.1254839 0.07774193 0.06096775 0.05725806 0.03975806 0.03391128 0.02604838 0.04137097 0.0358871 0.0794758 0.0766129 0.02721774 0.03971774 0.02955645 0.008669355 0.003709677 0.0002419355 0 0 0 0.0008870967 0.002016129 0.002379032 0.009798386 0.01774194 0.009556451 0.04375 0.06024193 0.08633064 0.01391129 0.007016129 0.01705645 0.0253629 0.02318548 0.03810484 0.01104839 0.04016129 0.06556452 0.03201613 0.03229838 0.0378629
0.1968952 0.1279032 0.0875 0.09584676 0.0876613 0.05923387 0.09217741 0.1259677 0.1327823 0.2014516 0.1408468 0.1070968 0.08923388 0.08754032 0.06278226 0.09092741 0.06149193 0.0530242 0.03774193 0.0346371 0.01528226 0.02766129 0.0241129 0.04491936 0.01508064 0.01491935 0.004838709 0.02024193 0.02044355 0.0003629032 0.0008870967 0.0025 0.006975806 0.00108871 0.003346774 0.005725806 0.01834678 0.01024194 0.0103629 0.007903226 0.03459677 0.02887097 0.04665323 0.06068548 0.01705645 0.008024193 0.01044355 0.03016129 0.02443548 0.02064516 0.01608871 0.02173387 0.03366936 0.03967742 0.05782258 0.05669355
0.1212097 0.1001613 0.1250807 0.118871 0.1125806 0.09778226 0.03717742 0.05262097 0.07495967 0.147379 0.1714516 0.1116129 0.1269758 0.1204839 0.1218548 0.1083064 0.09322579 0.07504031 0.03899193 0.0253629 0.01407258 0.01955645 0.01842742 0.01544355 0.01217742 0.007983871 0.008306451 0.001612903 0.004717742 0.01104839 0.01326613 0.001693548 0 0.004637097 0.01205645 0.009193548 0.005241935 0.003266129 0.004758064 0.02241936 0.02270161 0.01653226 0.03524194 0.04181452 0.01620968 0.003266129 0.009314516 0.01814516 0.003266129 0.01233871 0.02302419 0.03983871 0.07080646 0.06899192 0.07048388 0.0521371
0.143871 0.1110484 0.1258468 0.1619355 0.1195564 0.04423387 0.03028226 0.07762096 0.1384677 0.23 0.1520564 0.09471773 0.1404435 0.1493145 0.143629 0.1478226 0.09375001 0.0728629 0.05524193 0.0275 0.01770161 0.0125 0 0.008669355 0.02004032 0.009919355 0.009758065 0.01173387 0.01552419 0.01721774 0.008669355 0.001209677 4.032258e-005 0.002298387 0.006935483 0.008669354 0.008548386 0.009919354 0.008387096 0.01149193 0.01358871 0.01040323 0.02270161 0.0328629 0.06528226 0.00532258 0.0008870967 0.007580644 0.007459677 0.04229839 0.0375 0.05721774 0.08887097 0.07846775 0.03866936 0.01141129
0.2021371 0.07314517 0.09120968 0.1891532 0.1107258 0.05830645 0.0876613 0.1391129 0.1690726 0.1764516 0.1275 0.08939516 0.06221774 0.1039919 0.07899193 0.1000403 0.07125 0.07576613 0.05104839 0.04201613 0.04201613 0.04983871 0.00907258 0.002419355 0.004637097 0.004112903 0.006975806 0.0103629 0.01762097 0.01822581 0.02076613 0.01798387 0.01282258 0.01040323 0.006693548 0.003387097 0.0003225806 0.03056451 0.003508064 0.01233871 0.01169355 0.03798387 0.03935483 0.003709677 0.0006854838 0.007016129 0.0005645161 0.001330645 0.01620968 0.04217742 0.03665323 0.03032258 0.07504032 0.09020161 0.0607258 0.04076613
0.2078629 0.1082661 0.08693548 0.1495161 0.1146774 0.07004032 0.115121 0.2006049 0.2814113 0.1759274 0.1883871 0.1425806 0.1325 0.07455643 0.05455645 0.07766128 0.04596774 0.04951613 0.05342742 0.05173387 0.02762097 0.02701613 0.01189516 0.002258064 0.005846774 0.002580645 0 0.007096774 0.007217742 0.01455645 0.005443548 0.006169355 0.0007258064 0.01620968 0.002258064 0.003104839 0.02834678 0.04983871 0.03427419 0.03850807 0.03310484 0.08875001 0.08443549 0.02512097 0.01540323 0.01375 0.02362903 0.007822581 0.01717742 0.05911291 0.06895161 0.06177419 0.08693548 0.0783871 0.07060484 0.09314516
0.2213307 0.1662097 0.09943549 0.1057661 0.1130645 0.05745968 0.07395161 0.1009274 0.1257661 0.127621 0.1335081 0.1497177 0.1086693 0.07016128 0.04520162 0.1109274 0.08209677 0.04314516 0.02556452 0.05834677 0.02366935 0.004032258 0.002137097 0.0121371 0.009596773 0 0.0025 0.0004838709 0.001209677 0.0002419355 0.002741935 0.005766129 0.006733871 0.001169355 0.0001612903 0.04181452 0.05181452 0.02399193 0.02939516 0.0321371 0.01935484 0.1118952 0.05745967 0.01354839 0.02346774 0.03403226 0.04951613 0.05766129 0.03806451 0.07681451 0.08931451 0.1124597 0.1345161 0.07193548 0.06064516 0.05556452
