contrib/geomasonDemos/riftland/DataFiles/RainData/132.txt
ncols         56
nrows         54
xllcorner     28.264
yllcorner     -5.7719999999999
cellsize      0.25
NODATA_value  -9999
[rows 26 to 51 of 54, columns 0 to 55 of 56]
0.006768378 0.01100371 0.01196808 0.01148443 0.007594456 0.01115304 0.008202447 0.009323339 0.003250779 0.002540824 0.002965995 0.005933566 0.00654144 0.006324131 0.005781393 0.009242387 0.008866247 0.008932829 0.007066874 0.00993679 0.00866486 0.005559387 0.004589222 0.01136254 0.01504198 0.01635939 0.005561146 0.002828615 0.006348766 0.01101741 0.003140191 0.003768064 0.004054042 0.006977926 0.007594326 0.01211865 0.01266119 0.0129598 0.01196236 0.009371021 0.009809647 0.009634551 0.00832793 0.005131907 0.004233098 0.003090645 0.00379471 0.003564853 0.003135084 0.003063397 0.002129327 0.007669453 0.002810959 0.0006352849 0.006455954 0.003706452
0.01633694 0.02157406 0.02433249 0.02337107 0.01160137 0.02383973 0.0106094 0.01502071 0.01258196 0.007460465 0.01524088 0.01585395 0.01188445 0.01400872 0.0156201 0.02085054 0.02227728 0.02058419 0.0200419 0.02063036 0.006922835 0.007072275 0.009548357 0.02532617 0.01671881 0.01646761 0.01293904 0.01161885 0.009651631 0.008842604 0.01088959 0.01287213 0.01422792 0.01674978 0.02014499 0.02658382 0.03025575 0.031109 0.02916114 0.01829565 0.01850035 0.01703657 0.01406287 0.008238077 0.01065992 0.009565922 0.004315783 0.004325065 0.003875264 0.003501496 0.003042712 0.003216313 0.0116983 0.004236395 0.005424817 0.02074986
0.03988521 0.02066071 0.01794221 0.02717492 0.0232686 0.007518107 0.01026212 0.02510814 0.02226699 0.01124546 0.01277983 0.02850326 0.03789494 0.01588615 0.01944619 0.02691134 0.0407201 0.02482085 0.03449567 0.04033164 0.01092436 0.01157483 0.03350737 0.05987841 0.0284065 0.03575259 0.03110303 0.0162755 0.01390476 0.01179224 0.0130668 0.02171712 0.01594376 0.02048143 0.021427 0.02741327 0.03070614 0.03113072 0.02973229 0.02430402 0.01960636 0.01875537 0.03201972 0.01893272 0.00922868 0.01105337 0.008605327 0.005047977 0.004708728 0.004081505 0.003758627 0.004244654 0.005805256 0.009421507 0.0005983223 0.0005336151
0.03787889 0.02509034 0.01506529 0.0113135 0.005826941 0.007288234 0.01733309 0.05873791 0.03871912 0.01502488 0.01167207 0.02694876 0.0161214 0.04352023 0.03915234 0.03989287 0.04857246 0.02577977 0.03510937 0.04300552 0.0188736 0.01889307 0.01929809 0.03268863 0.03058697 0.04670907 0.04722252 0.02155084 0.01609286 0.01435365 0.01727317 0.01724789 0.01926128 0.0283336 0.02273563 0.02640951 0.0301492 0.03543771 0.03041846 0.02329167 0.01876221 0.04252317 0.04874212 0.02080797 0.00685788 0.007187909 0.0069208 0.006059682 0.004924502 0.005086472 0.003697028 0.002606567 0.003811475 0.005904081 0.002315292 0.0005878594
0.03151856 0.02922914 0.02507082 0.02998136 0.005479989 0.007164699 0.0159724 0.0197104 0.02587521 0.03040334 0.03797636 0.04292417 0.0189591 0.02216169 0.01682588 0.03217482 0.04528885 0.03760835 0.06562869 0.04741378 0.1053897 0.04620345 0.0211495 0.03207178 0.03855941 0.03671767 0.03588989 0.02933746 0.01838923 0.01771581 0.0179555 0.01862373 0.0189304 0.02495984 0.02635199 0.02432042 0.02945741 0.02945386 0.02687828 0.02163446 0.01709051 0.01602899 0.01377425 0.008445103 0.006806555 0.007748889 0.007060567 0.007069366 0.004973597 0.004636021 0.01229203 0.002813268 0.002052822 0.008493387 0.00113892 0.001239439
0.04879614 0.04042994 0.05490811 0.02198785 0.01219641 0.01217471 0.02271356 0.02473307 0.01946175 0.02177005 0.02104847 0.02828586 0.04334397 0.03080398 0.01053805 0.05215214 0.08902378 0.103512 0.09632658 0.08461099 0.1156278 0.05529257 0.04167444 0.04525002 0.03600891 0.03723546 0.02164188 0.02528588 0.01888563 0.01721158 0.01821393 0.01834208 0.0195697 0.02744132 0.02817449 0.03082751 0.04771269 0.02249638 0.01856795 0.01338831 0.01326794 0.01306154 0.0114891 0.02651556 0.0140768 0.006674329 0.006099619 0.006520689 0.005753522 0.01974314 0.01063517 0.004691189 0.008618895 0.01094806 0.001030843 0.001918464
0.03688225 0.05514191 0.0274002 0.011723 0.01789391 0.01992259 0.02595394 0.03648968 0.01939678 0.01885557 0.03028373 0.03761991 0.06815249 0.03041891 0.05036886 0.07103673 0.173755 0.1729668 0.087718 0.0625483 0.04326074 0.04647409 0.02755371 0.03374443 0.04449654 0.04708946 0.03951971 0.02836812 0.02878375 0.02044888 0.01952298 0.02650162 0.01872921 0.02425923 0.02849157 0.01884184 0.01973489 0.01946892 0.01823705 0.01170859 0.01168985 0.01152655 0.01134243 0.01737621 0.01778774 0.006828957 0.006269684 0.01017919 0.01750356 0.0169289 0.01102665 0.003493509 0.00252997 0.002214495 0.001324062 0.00214768
0.1123332 0.07207613 0.02194771 0.01905642 0.01693478 0.02473157 0.01871074 0.02310792 0.01648702 0.02035002 0.02209324 0.03348571 0.04604044 0.02597495 0.04635133 0.09162508 0.1837923 0.1912884 0.1342163 0.08626664 0.05496262 0.03352274 0.03189243 0.03414716 0.04464574 0.07062051 0.05443249 0.03143264 0.03074867 0.02245259 0.01785642 0.02213291 0.03051303 0.02521705 0.01768411 0.01629161 0.01644778 0.01559763 0.02207346 0.01413798 0.01100132 0.01022958 0.009564343 0.00947989 0.00791565 0.007060214 0.006344344 0.07226681 0.03692188 0.008559192 0.01114773 0.002931508 0.002503665 0.00201264 0.003640488 0.0007128622
0.08230662 0.06503432 0.03236457 0.03113338 0.02548486 0.02208183 0.01685558 0.027893 0.02221987 0.01782992 0.02068165 0.0325087 0.04580822 0.0371051 0.04138036 0.1088339 0.09092598 0.1184894 0.1047378 0.09752751 0.070066 0.03218996 0.06663518 0.03734988 0.0392164 0.07004762 0.04218695 0.0383799 0.03403313 0.03025331 0.02391796 0.01992884 0.05122862 0.0178447 0.01681554 0.01536236 0.01712665 0.026827 0.0169978 0.01115254 0.01273725 0.009414319 0.009126008 0.01237129 0.007642057 0.007427187 0.006631366 0.05556879 0.04356702 0.004856911 0.004146002 0.002718954 0.004264114 0.001451428 0.001252546 0.001980783
0.09396717 0.05994547 0.03259828 0.03631804 0.03393904 0.03578312 0.02492839 0.03578253 0.02747583 0.02815713 0.03814985 0.06562289 0.05719491 0.06607886 0.08307242 0.06446628 0.1104805 0.1166885 0.1335903 0.09501544 0.06798683 0.05453918 0.03794585 0.02599908 0.05890889 0.09733034 0.06978438 0.02251506 0.02630008 0.01092914 0.01279662 0.006371302 0.005054349 0.008006969 0.01209065 0.004749559 0.004865872 0.004925192 0.01753101 0.0179699 0.005630123 0.0043224 0.005455323 0.0209177 0.03621136 0.004393573 0.03750014 0.03633991 0.02381663 0.006627137 0.006260503 0.002219479 0.003058556 0.001213431 0.001161613 0.003448757
0.1349051 0.08000436 0.04929535 0.04883585 0.05207008 0.04126544 0.02750161 0.01737795 0.02148332 0.02464226 0.03727359 0.05310087 0.08023137 0.0980957 0.09765133 0.09975691 0.1033747 0.0942985 0.08101161 0.06728419 0.04775301 0.03970695 0.0316598 0.04080679 0.09162406 0.1046971 0.1176272 0.03862539 0.0164126 0.009234441 0.006218934 0.00666343 0.005002441 0.004914111 0.01034637 0.004761704 0.004292144 0.0102587 0.02449698 0.00534402 0.005126499 0.00380753 0.005078699 0.0349997 0.01785853 0.003772397 0.01217831 0.1014205 0.04000487 0.009315684 0.02295219 0.02238483 0.009813451 0.001054787 0.001027779 0.0004752845
0.1121882 0.07657817 0.04528494 0.03249346 0.03998779 0.04533679 0.02748557 0.0181722 0.02715418 0.03042616 0.03548042 0.05796218 0.06125233 0.06933475 0.09556691 0.1327105 0.122349 0.09987851 0.0506632 0.03542547 0.04970435 0.04009297 0.03995189 0.07256494 0.1245438 0.06899946 0.02110531 0.02498053 0.01936464 0.01194334 0.005965014 0.007241745 0.005844292 0.004808363 0.004724999 0.004769339 0.006517617 0.005294774 0.005090212 0.02699554 0.006528194 0.004896116 0.004784821 0.02857689 0.007301241 0.003631579 0.04034809 0.09299589 0.06998663 0.01918272 0.05307525 0.03374688 0.00289911 0.00500463 0.0009717022 0.0004505175
0.06145161 0.06951957 0.03488598 0.04158665 0.03567458 0.05056737 0.04211343 0.01779543 0.02191429 0.01797236 0.03196592 0.04750913 0.04731073 0.03751421 0.06357013 0.1339868 0.09574194 0.06516355 0.04310498 0.04226181 0.07679053 0.05596256 0.06245587 0.08322101 0.1332164 0.04018708 0.02960211 0.02392806 0.04119428 0.02051476 0.006323241 0.005971202 0.006088374 0.005068879 0.004923427 0.005288614 0.006087083 0.01850525 0.01798825 0.0143555 0.006809493 0.005853143 0.005052526 0.0147708 0.01475713 0.0127839 0.03812311 0.0366208 0.01618462 0.01724626 0.05144558 0.007316983 0.004643934 0.001039652 0.0009952576 0.0004513608
0.07687096 0.02866129 0.04116119 0.06810439 0.05259806 0.05333431 0.02909081 0.02463115 0.02063423 0.02678817 0.02803845 0.03962947 0.03586133 0.03639063 0.05556976 0.05633472 0.06155157 0.04425727 0.04485378 0.0593814 0.07266644 0.07386303 0.07685491 0.1089515 0.0929817 0.0360643 0.03658682 0.03868039 0.01713331 0.01264458 0.01116359 0.01921533 0.0103324 0.006488382 0.006446854 0.006794888 0.008033092 0.008460857 0.01002001 0.03106608 0.0220169 0.01889953 0.01282558 0.01385068 0.01837177 0.01488345 0.006122004 0.03616858 0.04642562 0.06995416 0.02826404 0.01294587 0.009580109 0.001099862 0.001036433 0.0004146689
0.07452419 0.02683871 0.01707258 0.03509317 0.04227659 0.03747693 0.03015565 0.02666511 0.02361764 0.02988914 0.02248173 0.01726112 0.02209639 0.03140727 0.05717161 0.05659414 0.04840405 0.02500706 0.03869745 0.0417306 0.08192233 0.08835121 0.1446425 0.1430879 0.05819256 0.05332615 0.029375 0.02015919 0.01776428 0.009629183 0.01346112 0.02015281 0.008773621 0.00714008 0.00689334 0.007438714 0.007854128 0.007845108 0.01309301 0.02677284 0.0209578 0.02071847 0.02236139 0.01974015 0.01952636 0.0124681 0.009683919 0.01508368 0.0404959 0.06216159 0.009860413 0.01466693 0.001325035 0.001145306 0.001060387 0.0004172829
0.06508064 0.04079838 0.02533871 0.03781452 0.05016692 0.04319498 0.04072819 0.05769732 0.04676794 0.04830887 0.05498514 0.03647849 0.03259518 0.03589039 0.04045923 0.05651743 0.05144748 0.0322201 0.03072424 0.03967008 0.07388036 0.1043978 0.1318333 0.1221617 0.0897809 0.08635045 0.03730971 0.01475648 0.007082367 0.006981838 0.01022567 0.02467011 0.01641338 0.00717341 0.008661161 0.007888404 0.008309246 0.01067358 0.02456324 0.02095944 0.01928798 0.02110894 0.02345943 0.02676816 0.02118098 0.01521863 0.01595145 0.008606821 0.01871728 0.01099044 0.00663813 0.002672223 0.001594452 0.001349827 0.001231179 0.0004738258
0.05636289 0.03774193 0.02993548 0.03344355 0.02953226 0.04485799 0.04621686 0.06791103 0.07386892 0.06509594 0.05147845 0.03922779 0.03813633 0.0459286 0.0364318 0.04332541 0.09056317 0.0607175 0.04464428 0.04528463 0.05838509 0.08210857 0.06928733 0.0860955 0.09381007 0.0499373 0.031105 0.01812883 0.006714001 0.01295925 0.02613373 0.01640265 0.0109011 0.008610051 0.01561395 0.01734424 0.01814177 0.01145896 0.03555037 0.02176157 0.01990602 0.01788467 0.024105 0.03595463 0.02831516 0.02109825 0.01133858 0.007354401 0.005420446 0.004717596 0.003918685 0.00320597 0.002055693 0.001713315 0.001542942 0.0005815388
0.05083064 0.02281452 0.01616129 0.02694355 0.02664474 0.05092318 0.05171875 0.06119147 0.05947194 0.06875822 0.06498031 0.04961047 0.04137876 0.06409875 0.06879077 0.05828078 0.06125858 0.05423721 0.03906333 0.04420648 0.06195286 0.07201754 0.05790706 0.08874997 0.07144711 0.04952958 0.03506592 0.02697038 0.05971551 0.05549176 0.01984734 0.01802524 0.007489373 0.01791105 0.02431409 0.02846714 0.1467014 0.03391331 0.03913824 0.02318785 0.02156984 0.01821761 0.02268453 0.04791783 0.04231833 0.03551036 0.03793524 0.03114175 0.01602216 0.005469061 0.013587 0.00276407 0.001061666 0.0008785612 0.0007839924 0
0.04433065 0.02712903 0.01942233 0.02360114 0.02922685 0.03328286 0.0444595 0.05336366 0.06092014 0.06968051 0.07251987 0.05338586 0.0501034 0.05964524 0.07431636 0.04703154 0.07180377 0.05237269 0.04978881 0.04511685 0.07618206 0.108298 0.07632757 0.07684734 0.08636977 0.06871203 0.03454016 0.01809308 0.05032901 0.04727269 0.02377627 0.0387392 0.01250947 0.02527522 0.03408422 0.01584877 0.02853988 0.03034925 0.04291455 0.019036 0.01956612 0.02461722 0.01539613 0.02518309 0.04215491 0.03198815 0.02203573 0.02076295 0.007404261 0.006426631 0.01123599 0.008368013 0.004345556 0.001018535 0.0009097121 0
0.08762374 0.0428615 0.03234926 0.0272325 0.03231873 0.03703304 0.03982256 0.05737557 0.07639627 0.08945442 0.08393993 0.06241818 0.0801143 0.07548171 0.08360481 0.05992074 0.08139827 0.05861047 0.05362165 0.0918368 0.07286684 0.07016405 0.06985582 0.0826805 0.05799042 0.04223416 0.04296439 0.03451054 0.0441871 0.04060549 0.05386711 0.0243582 0.01260162 0.02264221 0.02718908 0.0109449 0.009051264 0.02307268 0.03398358 0.01754757 0.02055785 0.03354632 0.01522006 0.02240971 0.05367967 0.048447 0.01435186 0.01280041 0.009450071 0.007357648 0.006395404 0.001813366 0.001490975 0.001147947 0.001137715 4.032258e-005
0.06281527 0.05146792 0.03495394 0.0336 0.03604643 0.05293271 0.0456969 0.08458574 0.08461075 0.0879839 0.07267072 0.06950933 0.07755559 0.07890801 0.06529003 0.06045706 0.05670319 0.06212854 0.09736072 0.07566016 0.06267732 0.08277266 0.06182515 0.04409271 0.03185591 0.02450274 0.02426405 0.05262571 0.04925898 0.03320981 0.03996594 0.02992437 0.01397063 0.01943486 0.02498665 0.0107362 0.01046279 0.01473945 0.02994317 0.01987066 0.04306917 0.05260723 0.0159646 0.01805741 0.0470143 0.03107501 0.01719624 0.01224373 0.0150027 0.008190432 0.007254073 0.002109029 0.001801942 0.001147947 0.001137715 4.032258e-005
0.04728267 0.04434288 0.03144193 0.03696245 0.03902555 0.05306596 0.06997248 0.06747096 0.06854973 0.07200061 0.07560419 0.07430161 0.06759457 0.05713865 0.05880754 0.06913882 0.07042764 0.08720298 0.1309657 0.1096429 0.07892784 0.07446533 0.04609243 0.05885081 0.04701893 0.05495189 0.08963236 0.04804209 0.05627705 0.015626 0.02733307 0.02420271 0.02409743 0.01145836 0.02215634 0.02105448 0.01368614 0.01667134 0.03682658 0.04432341 0.069038 0.03968522 0.008140679 0.05579896 0.05361429 0.03452641 0.01358781 0.01845364 0.01973621 0.008930554 0.007945659 0.0103629 0 0.0007258064 0 0
0.04291929 0.03431705 0.02919405 0.04807295 0.04158954 0.05993204 0.0891894 0.07172989 0.04676411 0.07401601 0.0944898 0.08620632 0.0763607 0.06751803 0.0658931 0.07694026 0.08255225 0.09432907 0.1175544 0.05824804 0.05173722 0.05368043 0.05041176 0.09444229 0.1024873 0.1574595 0.1110069 0.04100808 0.02497894 0.02302228 0.01579908 0.02408538 0.03686688 0.02464763 0.02218686 0.02292767 0.01856975 0.0142431 0.01733258 0.05117466 0.07660239 0.02256618 0.03138034 0.06711685 0.02211207 0.02595059 0.015975 0.01068861 0.01280729 0.01158283 0.009237025 0.0009677419 8.064516e-005 0 0 0
0.04999529 0.03022064 0.02659563 0.04331136 0.03955027 0.03988542 0.07121339 0.08125605 0.0629001 0.05401852 0.0916551 0.07512255 0.07742983 0.08161411 0.086434 0.0915515 0.1072912 0.09284246 0.1080852 0.05642667 0.0483911 0.05355721 0.03727401 0.1000114 0.1283063 0.1148672 0.08280045 0.06162921 0.04338051 0.03845828 0.02320987 0.01606293 0.03673006 0.03870935 0.03874318 0.03787931 0.03961061 0.02601035 0.01188514 0.01675103 0.03067748 0.0412767 0.04983256 0.0502083 0.06240617 0.03761886 0.01944855 0.01992157 0.01042127 0.01032163 0.02365132 0.0001612903 0 0.0004838709 4.032258e-005 0.0008870967
0.05499086 0.03560568 0.02731824 0.0363805 0.03658198 0.02504241 0.03551793 0.07880545 0.08098147 0.07546021 0.06431165 0.09305244 0.09991477 0.09937774 0.09479209 0.09225835 0.1159521 0.09509714 0.1012709 0.076689 0.05208007 0.04833833 0.05317048 0.09991127 0.1241633 0.05835259 0.04943998 0.06157927 0.05704601 0.06109827 0.03069306 0.01643165 0.03809642 0.02765729 0.0341993 0.04576341 0.05505737 0.03935965 0.02556328 0.0118578 0.02111374 0.03010482 0.04107064 0.03989049 0.03152994 0.03257143 0.04292234 0.02255286 0.01729691 0.01864521 0.01038227 0 0.0004435483 0 4.032258e-005 0.001854839
0.0602843 0.04525392 0.0537352 0.08258348 0.04868117 0.02844919 0.0259209 0.0681408 0.0717053 0.08722616 0.07443168 0.06851982 0.1192902 0.1105273 0.08968058 0.08426458 0.1227482 0.1442433 0.09705848 0.06843223 0.1003142 0.125836 0.1518749 0.168485 0.1638542 0.07357471 0.05238436 0.05120873 0.04405529 0.04308377 0.02897896 0.02059059 0.0222219 0.01599309 0.02505175 0.03536919 0.04201083 0.03794713 0.03026656 0.04345464 0.01784992 0.01589492 0.01727294 0.03680682 0.006981362 0.0224517 0.0170478 0.007190575 0.004230332 0.02004478 0.007434836 0.004395161 0.0004435484 0 0.0002016129 0.0002016129
