contrib/geomasonDemos/riftland/DataFiles/RainData/132.txt
ncols         56
nrows         54
xllcorner     28.264
yllcorner     -5.7719999999999
cellsize      0.25
NODATA_value  -9999
[rows 0 to 25 of 54, columns 0 to 55 of 56]
0 0 0 7.102783e-006 0.0002916825 0 0 0 0 0 3.714157e-005 0.0007508458 0.005682087 0.008986826 0.01083144 0.01264965 0.01160522 0.009148705 0.008112363 0.008013315 0.008344434 0.02867537 0.02432092 0.03087254 0.03744346 0.03343547 0.06219483 0.05261577 0.06785261 0.08249547 0.05597251 0.03299535 0.03434657 0.01938107 0.01081465 0.00947926 0.006486619 0.005873965 0.006397258 0.008830167 0.004830699 0.01749578 0.02245501 0.002210288 0.003826681 0.002097604 0.0005898722 0.0002536517 0.0001327839 0.0001011799 8.01187e-005 4.433058e-005 4.513341e-005 4.425231e-005 0.0003426184 0.0001993444
0 0 0 7.098411e-006 6.400127e-005 7.108829e-006 0 0 0 0 0 2.131371e-005 3.007659e-005 0.01705095 0.01876498 0.01418539 0.01139002 0.009598259 0.008235727 0.007916347 0.01587779 0.01037864 0.01432325 0.02194271 0.02584619 0.03265985 0.04078923 0.03409224 0.04259223 0.05248431 0.0435999 0.0342694 0.04389121 0.020676 0.01310032 0.01376246 0.011 0.007706496 0.008278478 0.01339122 0.01782451 0.01584617 0.007955735 0.002333226 0.002240847 0.0008690957 0.0006974869 0.0003533912 0.0002949066 0.0001889666 0.0001033688 5.567874e-005 5.556478e-005 5.366486e-005 4.931439e-005 4.744372e-005
0 0 0 0.0001066233 2.132437e-005 0 0 0 0 0 6.275156e-005 1.979216e-005 0.002398091 0.0159065 0.02961411 0.02397914 0.02969318 0.01170846 0.006123536 0.011664 0.01173313 0.01164059 0.009300257 0.01590048 0.0158386 0.02727227 0.04965305 0.04282827 0.03270514 0.03842061 0.04171184 0.04847055 0.03850907 0.01665458 0.01318144 0.02068199 0.02221708 0.01769394 0.007825007 0.007051121 0.01685272 0.004093042 0.003718255 0.003802916 0.00233318 0.001244426 0.00292088 0.0004578972 0.0003416491 0.00013906 0.0001327354 6.907139e-005 6.61553e-005 6.226472e-005 5.691754e-005 5.412647e-005
0.0003128559 0.0003131389 0.0001422219 7.102433e-006 0 7.105935e-006 0 0.0003145058 0.0005841421 0.0006356765 0.0007951285 0.0001500434 2.83617e-005 0.0007203186 0.007267393 0.005886629 0.004799375 0.008855795 0.02391918 0.008756028 0.008143161 0.008854675 0.01429384 0.03161989 0.0279703 0.05040647 0.03629718 0.02642732 0.06937622 0.03828952 0.03617994 0.04014259 0.03390325 0.03899742 0.04865171 0.04729963 0.02847162 0.01888044 0.02000339 0.009897044 0.007794901 0.008963822 0.01422444 0.008626587 0.003886765 0.00412455 0.007058786 0.001112542 0.001430479 0.0002510785 0.0002349093 7.955248e-005 7.416495e-005 6.845009e-005 6.17807e-005 5.488987e-005
0.005338778 0.003839966 0.002805397 0.0008408195 0.000206261 0 0.0006827192 2.128779e-005 0.0008999869 0.00112432 0.001128268 1.852366e-005 2.608283e-005 6.310474e-005 0.001080542 0.002523673 0.004892737 0.003471373 0.006077873 0.007672395 0.007487885 0.01051529 0.02874548 0.02932681 0.0658588 0.07348493 0.03773368 0.03487431 0.05230741 0.03189855 0.03685581 0.05383757 0.05473351 0.06725041 0.05342752 0.03487453 0.02498852 0.01291484 0.01432426 0.03361372 0.01783192 0.01412079 0.01129432 0.006504384 0.003818502 0.002432782 0.00398289 0.0005762557 0.0004000185 0.0002999321 0.0002778386 9.228127e-005 8.473672e-005 7.66464e-005 6.903261e-005 6.099341e-005
0.009296654 0.007224983 0.005450923 0.01341503 0.006768647 0.002070106 0.003242185 0.0004473267 0.000426013 0 0.0001853947 1.563049e-005 0.001246114 8.52962e-005 0.0002365908 0.001294845 0.002727288 0.006073175 0.006344643 0.01040218 0.009855387 0.01704114 0.01713407 0.02952168 0.03131566 0.03245475 0.03654608 0.03940806 0.03871033 0.02603847 0.03967265 0.03152557 0.01954039 0.02086784 0.01831779 0.01130748 0.006275664 0.006094875 0.01930605 0.01760105 0.02034267 0.005654553 0.003460947 0.003477501 0.003237976 0.001163826 0.0009609212 0.000625189 0.0004484025 0.0003454286 0.0003161099 0.0001038752 9.350137e-005 8.384645e-005 7.58184e-005 6.71651e-005
0.008610038 0.01040949 0.005661295 0.008359581 0.003205562 0.01154881 0.00914 0.002613672 0.0001364531 0.000302819 0 1.148747e-005 9.155917e-005 0.0001185928 0.000258181 0.0003987674 0.0009176867 0.002641569 0.002706223 0.01017345 0.01214717 0.01556084 0.02114294 0.0257585 0.05718926 0.03739899 0.02934606 0.03946142 0.04432818 0.01928269 0.01371565 0.02029719 0.02274169 0.04258559 0.00677555 0.01008797 0.006661473 0.0128155 0.01119536 0.006345189 0.008716211 0.003788662 0.003089998 0.002764454 0.001791541 0.001208726 0.001005279 0.00066667 0.0004925881 0.0003868202 0.0003512167 0.0001131694 0.0001003975 8.952289e-005 8.199445e-005 7.357634e-005
0.004849491 0.005091768 0.006427563 0.01635639 0.006304393 0.006976525 0.01131846 0.008444875 0.003860675 0.002696954 0 1.581085e-005 9.237569e-006 0.0002299053 0.001496 0.001807383 0.001289046 0.001075396 0.003330881 0.008368616 0.005786134 0.04112276 0.05784706 0.05706635 0.04942115 0.03470696 0.03887425 0.02133883 0.02932881 0.02538622 0.01382659 0.0329785 0.03597309 0.03610784 0.01194624 0.007402474 0.009797087 0.02953276 0.005863744 0.001961512 0.00146694 0.001474652 0.001197488 0.0005464507 0.0008942041 0.0003782219 0.0003163687 0.0002688496 0.0001868289 0.0001490459 0.0001348763 6.735373e-005 5.864806e-005 5.190986e-005 4.799166e-005 4.880108e-005
0.003202257 0.004137475 0.003383168 0.005479251 0.006702271 0.007804275 0.005043013 0.01036224 0.007376847 0.005133005 0 2.816068e-006 0.0003997696 0.0001177085 0.003497831 0.002548852 0.0001679134 0.002192175 0.01274651 0.01667988 0.02810579 0.04442613 0.0529966 0.02476166 0.0274895 0.04161999 0.0233555 0.006536114 0.007808815 0.02054418 0.006138421 0.01264884 0.01707886 0.003428286 0.01065784 0.007465061 0.01007167 0.006285261 0.002978807 0.002216046 0.002141988 0.001788779 0.001186582 0.0005491438 0.0004653805 0.0008388856 0.0003314355 0.0002599683 0.0002014765 0.0001636167 0.0001466626 7.273137e-005 6.239702e-005 5.499078e-005 5.099439e-005 5.246919e-005
0.003805898 0.006825487 0.006665078 0.003770417 0.007329635 0.004257538 0.005951946 0.003594299 0.009851447 0.007681814 0.002596138 0.003601457 0.000842797 3.381229e-006 0.001259698 0.0003905348 0.0001534503 0.009716509 0.01800046 0.02634538 0.0104451 0.01013072 0.03703327 0.04355489 0.0278981 0.01761139 0.006831349 0.004947152 0.002005027 0.002597153 0.002155446 0.00327447 0.005356852 0.003766891 0.007253049 0.002531988 0.001733961 0.004363728 0.003330418 0.001902423 0.002101841 0.001616296 0.001145726 0.0005311724 0.0004522312 0.0006591816 0.0003245944 0.0002563988 0.0002007063 0.0001627939 0.0001457311 7.190331e-005 6.073483e-005 5.308992e-005 4.89606e-005 5.019986e-005
0.002553927 0.01016963 0.01005623 0.004463243 0.01064882 0.002826059 0.006408739 0.005584427 0.007405558 0.001977683 0.002172233 0.001568228 0.0002546115 4.470262e-005 0.001553031 0.001613621 0.000326703 0.00227788 0.003669255 0.004353463 0.003215363 0.002128459 0.01551422 0.02819305 0.02529251 0.01057459 0.006339476 0.003014725 0.002251166 0.003944181 0.002776164 0.00472713 0.002480609 0.008468784 0.01064356 0.00285887 0.001725117 0.002392372 0.001735129 0.001594413 0.001401321 0.00121643 0.001076763 0.000496652 0.0004195253 0.0003553223 0.0002987453 0.0002347969 0.0001831017 0.0001487339 0.002657536 0.003007821 5.364563e-005 4.607602e-005 4.199854e-005 4.211832e-005
0.007915044 0.01030669 0.01032324 0.002635893 0.006505139 2.263312e-005 0.001118607 0.000188697 9.807027e-005 0.003846939 0.003129279 9.147482e-005 0.002069082 8.253029e-005 0.0008174113 8.01183e-005 0 0.001933168 0.00400562 0.005187106 0.001318455 0.002342008 0.01173788 0.01293567 0.01244625 0.02043099 0.007924858 0.006013387 0.00641312 0.0004547545 0.0003706946 0.0004775308 0.0005660325 0.002416186 0.0004192306 0.003106816 0.001122034 0.001130152 0.002675897 0.001489615 0.001557204 0.001505676 0.001334496 0.0006428046 0.0005387253 0.0004516567 0.0003789634 0.0002905107 0.00022539 0.0001817453 0.0001591265 9.629305e-005 7.877678e-005 6.678752e-005 5.933915e-005 4.229237e-005
0.008632584 0.005994838 0.01373234 0.003928902 0.002422323 0.00272561 0.003752593 0.0008158018 0.0003548055 0.003414233 0.000367336 0.0009399971 0.0007603746 8.100512e-006 0.0009836921 0 7.567681e-005 9.47696e-005 0.00326025 0.001201508 0.004203229 0.005458143 0.006716219 7.340508e-005 0.002234013 0.002922619 0.001560177 0.00100323 0.000249142 0.0002488371 0.0001775314 0.01130665 0.01445537 0.0002206564 0.0003841861 0.0005461681 0.0006153609 0.0006913698 0.0007728937 0.001362352 0.001429359 0.001407936 0.001235794 0.0005931022 0.0004927241 0.0004077577 0.0003419988 0.0002606178 0.0002011062 0.0001608355 0.0001396737 8.257638e-005 0.0001177268 5.480827e-005 4.717171e-005 3.218493e-005
0.02450101 0.007308571 0.01290204 0.008256075 0.003547891 0.005446391 0.003714829 0.006351603 0.001312976 0.001540939 0.001317889 0.002955994 0.0008844861 0.0008902744 0 0 0 0.001915872 0.0005535121 0.001202952 0.003097817 0.002356713 0.003259813 1.077795e-005 0.0008527081 1.580949e-005 4.737495e-005 1.720185e-005 1.871559e-005 2.076532e-005 2.330996e-005 0.01936061 0.0001220494 0.0001161333 0.0001609493 0.0003729766 0.002116717 0.005650862 0.0006248105 0.001100849 0.001226494 0.001218971 0.001067231 0.0005079649 0.0004184527 0.0003455516 0.0002879278 0.0002659555 0.0001681315 0.0001334259 0.0001153421 6.756673e-005 5.366313e-005 4.357974e-005 3.67304e-005 2.428801e-005
0.02036135 0.009798222 0.01113727 0.008302002 0.006158637 0.007864006 0.009786271 0.01037868 0.003339423 0.002678071 0.003675273 0.001893821 0.002053274 4.731e-005 0.002222777 0.0008529281 0 0.00182227 0.01091932 0.002387032 0.003804659 0.004363849 0.003594002 1.124925e-005 0.001270186 1.333956e-005 1.420957e-005 1.330587e-005 1.390583e-005 1.521084e-005 5.386357e-005 0.001722469 0.001656015 0.002386656 0.0002947957 0.00454615 0.0006522064 0.0004124807 0.0004813287 0.001902 0.001468077 0.0009425596 0.004706748 0.003385275 0.0003172581 0.0002591541 0.0002185122 0.000219346 0.0001265695 0.0001000721 0.0001885733 6.059093e-005 4.027327e-005 3.264792e-005 2.796677e-005 1.892451e-005
0.01381886 0.00507884 0.005004983 0.007975335 0.01085303 0.005525298 0.006505983 0.01164515 0.004448916 0.00418419 0.005397316 0.003373202 0.0007597997 8.177037e-006 0.003564987 0.002554557 0.0001689456 0.00417423 0.01787224 0.001125447 0.003372279 0.0003673374 0.001330462 2.684485e-005 2.557802e-005 2.502209e-005 2.464969e-005 1.818366e-005 1.780912e-005 0.001080002 2.128709e-005 0.006918965 0.008129583 2.13636e-005 3.100646e-005 4.925338e-005 6.101615e-005 7.262443e-005 8.393422e-005 0.000161187 0.0001800764 0.003103867 0.002656608 0.01918679 0.01166525 4.608678e-005 3.872939e-005 3.251262e-005 0.0002689202 0.0005563298 0.0006579318 0.0005453438 0.0004035141 0.0001765845 2.434017e-005 4.465257e-006
0.01484526 0.02290641 0.01077034 0.006553 0.006597136 0.006807247 0.01106514 0.01854232 0.009083968 0.007624646 0.003219155 0.002037398 0.001660985 0.0003909137 0.00292124 9.912421e-005 0.0006503805 0.0006524553 4.473604e-005 0.003167117 0.003447001 0.00217493 0.0006543045 2.798052e-005 0.003201409 1.942803e-005 1.67498e-005 0.0004355316 8.585494e-006 0.001160303 0.002877833 0.01341149 0.002238959 9.890838e-006 1.58705e-005 2.640425e-005 3.355882e-005 4.00002e-005 4.578951e-005 8.686516e-005 9.669319e-005 0.009180965 0.001066904 0.003476018 2.879968e-005 2.285289e-005 1.921108e-005 0.0003410143 0.002554174 0.004714476 0.004043082 0.003332156 0.0009537308 0.0006739314 0.0004458956 0.00470484
0.01240151 0.0199113 0.02330479 0.01169302 0.006105922 0.01492551 0.01581025 0.01357712 0.008979756 0.0162004 0.002090691 0.002895262 0.00286965 0.00183643 0.0003632788 0.005582033 0.003999539 0.002916968 0.0003469727 0.005866797 0.001018777 0.003121204 0.002469985 0.0004402815 0.005279055 3.88507e-005 3.063946e-005 0.001198989 0.00019493 0.00109696 0.007414849 0.02724559 0.01860909 0.001786439 3.540749e-005 6.482813e-005 0.0001276141 9.433689e-005 0.001729925 0.0001321416 0.003700874 0.002501787 8.072863e-005 3.273503e-005 2.04952e-005 1.331276e-005 0.0002677747 0.0007596414 0.004121024 0.003625691 0.001636981 0.001558348 0.001291324 0.0009633965 0.0006949753 0.0003665639
0.01093108 0.01215964 0.01775303 0.01988108 0.01904052 0.0127357 0.01930003 0.01168916 0.007607833 0.003865896 0.002891244 0.006306479 0.003593549 0.001404711 0.0002633716 0.00150632 0.005455041 0.002951986 0.0001924275 0.002817287 0.0003489634 0.0001801903 0.0001596478 0.0001180011 0.0001003676 8.289568e-005 6.621451e-005 0.003767034 0.003405634 0.004537965 0.001763312 0.007557722 0.02444965 0.002343986 0.004769695 0.0001639766 0.0002193638 0.000232883 0.0002039274 0.0002956896 0.000249098 0.0002783155 0.0004359832 0.0007275776 0.0008790953 0.0009172656 0.00133323 0.001734309 0.002218655 0.002447868 0.002313731 0.002175002 0.001839755 0.001426537 0.002779872 0.0007475193
0.01807452 0.009836911 0.01363164 0.009790684 0.006492544 0.00378314 0.01112389 0.003131935 0.002961098 0.001603158 0.00123964 0.007939532 0.002124409 0.002299614 0.002462685 0.001257824 0.001858476 0.003399227 0.003504712 0.0007887008 0.0003815246 0.0003586157 0.0003186789 0.0003518856 0.0003030161 0.0002532365 0.000202852 0.0001659573 0.0001102454 0.0004942004 0.0001052223 0.002342187 0.01135821 0.01375911 0.008211473 0.0117562 0.002726755 0.001740006 0.001518894 0.001028047 0.002529119 0.001952783 0.001969695 0.002183049 0.003396768 0.001490788 0.001679125 0.001913837 0.002136447 0.0021943 0.002026384 0.002629735 0.005655408 0.001780825 0.001405541 0.0008965057
0.008639948 0.01322091 0.01399673 0.00842895 0.01003467 0.004879185 0.005993135 0.002478978 0.001962542 0.001888402 0.001103911 0.005928656 0.0009303056 0.0002001666 0.0006149383 0.0006827082 0.0005130289 0.0006087397 0.0005209686 0.003359956 0.0006277692 0.0004701067 0.0004202685 0.0004673783 0.0004073887 0.0003391987 0.0002717841 0.0002240175 0.000149721 0.0001222888 0.0008493813 0.0001679223 0.009152824 0.02177756 0.006562635 0.006912712 0.002216913 0.002318891 0.002026998 0.003034945 0.002277618 0.002575161 0.002536159 0.005228301 0.002294056 0.001771558 0.00190209 0.002205792 0.00237672 0.002402509 0.004247732 0.002804754 0.005505612 0.008565026 0.001453715 0.0009091393
0.01576402 0.01580422 0.0156579 0.01079623 0.02435032 0.01527359 0.009074145 0.009706038 0.005408166 0.001731156 0.0001300313 0.007300507 0.00240663 0.004722058 0.0004422595 0.0007669459 0.0008140745 0.00171504 0.004109152 0.004609731 0.001493408 0.0007249969 0.0006441151 0.0007135932 0.0006103778 0.0005072699 0.0004112735 0.0008370955 0.000239101 0.0002368037 0.000343117 0.0004033765 0.002752221 0.01311164 0.006114543 0.002644819 0.003324199 0.006391249 0.003039364 0.002288118 0.003200267 0.003511597 0.003309189 0.002581103 0.002299718 0.002051692 0.002136182 0.007648133 0.009767341 0.008669049 0.004055153 0.002836472 0.002448198 0.001919971 0.001378987 0.005805482
0.03251867 0.01891228 0.01726882 0.02684947 0.03782972 0.02014201 0.02115706 0.03078216 0.01252068 0.00542453 0.002347723 0.007432354 0.01022014 0.003283132 0.0007412427 0.003596085 0.004439322 0.004202481 0.004588712 0.004394619 0.004269113 0.004965694 0.005211286 0.001097089 0.001024034 0.0007521298 0.001918744 0.0005308854 0.001453824 0.00121688 0.001633607 0.00402137 0.006002618 0.008491996 0.007474264 0.00402804 0.004892766 0.008055615 0.004480388 0.003196296 0.004197059 0.00458384 0.004235846 0.003106855 0.003149013 0.004927643 0.01271432 0.009006806 0.006418348 0.003043213 0.01094018 0.008263365 0.005580671 0.00360158 0.0010267 0.00304478
0.02328089 0.02174897 0.02126752 0.02562072 0.02055208 0.02473709 0.02913188 0.04380089 0.01009848 0.004965364 0.003071948 0.00308588 0.001798146 0.001429291 0.002397066 0.003235942 0.002803984 0.004575307 0.01063715 0.003757336 0.003447605 0.002266 0.004266033 0.005545367 0.002520985 0.002082255 0.00171494 0.001573607 0.003142401 0.0009978687 0.001290166 0.002512445 0.007906013 0.005284892 0.01137715 0.008317791 0.009403253 0.01219167 0.008646166 0.006565948 0.00704536 0.006873598 0.005986024 0.00373652 0.006700823 0.01644195 0.005477934 0.004788598 0.006658337 0.003692768 0.01654325 0.00220512 0.002232631 0.001093359 0.0006030732 0.0001366236
0.02038467 0.02399065 0.01858522 0.0208658 0.01408653 0.01212913 0.02133491 0.0306627 0.007084438 0.005341652 0.004694961 0.00597815 0.003232371 0.002590044 0.003363184 0.004331108 0.004581723 0.005235266 0.006398138 0.0050149 0.007133942 0.002790361 0.005999197 0.01165256 0.004918956 0.003828268 0.002132081 0.0009095317 0.002968061 0.00329881 0.001325838 0.003082119 0.003600054 0.004973729 0.0112341 0.01240543 0.01159657 0.01272663 0.01061553 0.008080497 0.008248302 0.007915864 0.006795342 0.004318871 0.007575807 0.003181779 0.002328695 0.002685273 0.002825842 0.00237589 0.009837079 0.002042947 0.0014909 0.0009143392 0.0003396362 0.0001669829
0.007923836 0.01390831 0.01119735 0.01496456 0.01031976 0.006492462 0.01317105 0.00732412 0.002967298 0.002808608 0.002557727 0.005484138 0.00636092 0.003479889 0.002201942 0.003929508 0.003996545 0.01178132 0.006488966 0.004477821 0.004858189 0.003594225 0.006742636 0.00907064 0.01159891 0.01569184 0.003222731 0.001388876 0.02127537 0.01726781 0.002514969 0.003635495 0.00347155 0.006985028 0.01094502 0.02181046 0.01264248 0.01293974 0.01172683 0.008981926 0.009112419 0.008784779 0.007572195 0.004619295 0.003473563 0.002670798 0.004561962 0.003330475 0.002409366 0.00224715 0.001922457 0.001924243 0.001322064 0.001125323 0.002210982 0.0002087205
