contrib/geomasonDemos/riftland/DataFiles/RainData/133.txt
ncols         56
nrows         54
xllcorner     28.264
yllcorner     -5.7719999999999
cellsize      0.25
NODATA_value  -9999
[rows 0 to 26 of 54, columns 0 to 55 of 56]
0.004634526 0.00508579 0.007839589 0.01392579 0.01576274 0.01248263 0.01696894 0.01810457 0.01126428 0.009327994 0.04484003 0.02882308 0.07208137 0.06582221 0.0239028 0.05766854 0.02197531 0.009457268 0.002874084 0.003952968 0.009077441 0.01438075 0.02293954 0.02354204 0.01671131 0.0130666 0.0246774 0.04212279 0.05251976 0.04730415 0.05098494 0.04001049 0.06146428 0.04747597 0.03338282 0.03147636 0.03353179 0.02238086 0.02185795 0.02193345 0.01467041 0.01942298 0.01924953 0.01456451 0.01680457 0.01815549 0.01559686 0.0116329 0.01932965 0.01056784 0.006247109 0.01461952 0.003612919 0.005401737 0.01164554 0.02170814
0.002725521 0.002614531 0.00488359 0.008643677 0.02305457 0.01149003 0.01298534 0.04157346 0.0111478 0.006613417 0.01689619 0.03552549 0.03010143 0.01535081 0.004195286 0.01117096 0.008915535 0.01694801 0.01102707 0.01237683 0.01181888 0.0126524 0.0159031 0.02502017 0.02672954 0.03512267 0.05674559 0.07282784 0.07855466 0.09150825 0.06377847 0.05241434 0.076167 0.06629923 0.05071957 0.03413785 0.03431318 0.02254183 0.0214166 0.01659298 0.02020493 0.01346802 0.01066782 0.01380777 0.01165536 0.0116758 0.02163871 0.01116714 0.01600415 0.01215498 0.004391465 0.003952435 0.001044974 0.00186203 0.004758444 0.0120653
0.00795871 0.003472313 0.003671296 0.006795674 0.008742757 0.009162528 0.01019959 0.01037774 0.03127629 0.006893578 0.009945493 0.01809123 0.01055902 0.006369248 0.008046288 0.008607456 0.007582192 0.008055352 0.01501008 0.01055975 0.01429209 0.02128521 0.01666945 0.0309912 0.03523766 0.0624285 0.0830438 0.07270274 0.08006191 0.08593106 0.07492007 0.05181963 0.08950127 0.09908516 0.06160625 0.05489241 0.04542029 0.02238742 0.01044931 0.01077621 0.02636496 0.01436823 0.02443157 0.01448885 0.01275677 0.01275645 0.02109952 0.005572692 0.00313663 0.004457488 0.00244783 0.002198065 0.0001058557 0.001915965 0.002517996 0.001150203
0.02185402 0.01438231 0.01298463 0.01779751 0.009867723 0.006503498 0.01038471 0.02337335 0.120167 0.009388005 0.00610907 0.01362108 0.01276685 0.01807992 0.01608983 0.01255346 0.009897104 0.01390607 0.02083312 0.01783201 0.05360242 0.02758822 0.01874122 0.05636472 0.08741812 0.08790503 0.1039431 0.07956891 0.07239667 0.08699318 0.08191435 0.05431579 0.06449967 0.06662628 0.03228736 0.03846204 0.02867848 0.01891905 0.01091454 0.01528686 0.01759724 0.01224401 0.01625623 0.01206083 0.02662132 0.02056747 0.04131769 0.007556212 0.00651072 0.001833493 0.0003146842 0.0008964474 0.0007201746 0.0007988175 0.001687433 0
0.03199903 0.02369445 0.02673441 0.01723953 0.007543699 0.005926934 0.006164604 0.02511389 0.101211 0.01091126 0.006215955 0.008655172 0.007720438 0.01923201 0.01137719 0.009843481 0.02217948 0.01948763 0.0466396 0.01852416 0.0247668 0.02201569 0.01490211 0.04513248 0.04589797 0.06031041 0.08247639 0.06120596 0.06266683 0.05457672 0.06059692 0.06618891 0.06084593 0.07106626 0.03032838 0.02622966 0.02737076 0.006705396 0.01474246 0.02235022 0.02253111 0.02165384 0.02438066 0.01435766 0.01174154 0.008121461 0.01589122 0.004040726 0.002057394 0.0009881707 0.0008155139 0.0008594001 0.0003135967 0 0 0
0.05129367 0.04458649 0.03936602 0.02052569 0.01100115 0.01398301 0.01258591 0.008541708 0.0118941 0.02537501 0.009415346 0.007501302 0.01634041 0.04666724 0.01008448 0.01530908 0.03528684 0.03516885 0.03677384 0.03768785 0.02877809 0.03604677 0.05964429 0.04410929 0.08711436 0.0790103 0.04374864 0.05240423 0.06118051 0.0557702 0.0626081 0.08482534 0.08883655 0.05527836 0.02571996 0.01199112 0.01621608 0.01265264 0.0122108 0.02163916 0.01413198 0.009415902 0.004593142 0.008028598 0.03245721 0.03224842 0.02194271 0.006798407 0.002958203 0.001289454 0.0002066696 0 7.729707e-005 0 0 0
0.08338357 0.08491346 0.06401329 0.02869792 0.01783043 0.03118978 0.02548651 0.008703083 0.01909893 0.112846 0.01546061 0.01118191 0.01165514 0.02038532 0.0196363 0.02680109 0.05272982 0.03968634 0.09041607 0.03828911 0.04826171 0.04984019 0.09784415 0.06148634 0.119688 0.06732301 0.05276624 0.06241787 0.07230626 0.06849552 0.04477369 0.05950578 0.05028358 0.04859693 0.01822147 0.01494239 0.01838642 0.01415301 0.02657993 0.01969956 0.01343097 0.008873151 0.009931098 0.01286528 0.0159664 0.04368027 0.02520932 0.001941423 0.000901423 0.0004322667 0.0006337796 2.51519e-005 0.001712203 0.003142201 0 0
0.1116099 0.0992303 0.1012078 0.05756292 0.02401526 0.00849802 0.009159414 0.00824545 0.006533058 0.03009811 0.01454055 0.03074831 0.03114025 0.04631687 0.05923627 0.04724712 0.051507 0.06521872 0.07442334 0.08041678 0.07974233 0.06222806 0.1313211 0.07721149 0.08289041 0.07075985 0.0527852 0.04688403 0.02884992 0.0516431 0.03925197 0.02766969 0.02263196 0.04203699 0.03051179 0.02756583 0.01520412 0.02673801 0.01724698 0.01839312 0.01267408 0.01337763 0.01294179 0.02970359 0.02469155 0.03534522 0.02106992 0.003994978 0.0006375487 0.001340714 0.0001237548 0.006519462 0.0009086372 0.0004485048 0.004461884 0
0.1774881 0.2094986 0.2097064 0.1069817 0.06406237 0.02249969 0.007224721 0.01562667 0.02672352 0.02529457 0.1009687 0.04814012 0.05869627 0.1051439 0.06675013 0.06215285 0.04882558 0.07433511 0.08195302 0.07376653 0.05569214 0.04745689 0.04099167 0.04182609 0.04206647 0.0362432 0.02059787 0.02255457 0.01864477 0.02168805 0.02585719 0.03165998 0.02228125 0.02956299 0.02991151 0.03910726 0.01935846 0.01543117 0.01980732 0.02067277 0.02580311 0.02358291 0.02109437 0.04042347 0.04215152 0.01906494 0.002181525 0.00109145 0 0 0.0002512989 0.007710062 0.0004159095 0.000103318 0.0001894948 0
0.205522 0.2846293 0.3263325 0.1515329 0.0771663 0.03864192 0.02180078 0.01480803 0.04628937 0.02855304 0.06917846 0.07537359 0.077309 0.1481506 0.06111672 0.06184004 0.05579723 0.08881826 0.09117586 0.0522352 0.04306031 0.01969075 0.0213239 0.03417087 0.03515913 0.05244898 0.02328159 0.02793184 0.02658643 0.02581043 0.02141315 0.02297598 0.01998709 0.02388978 0.02736601 0.02206264 0.02180323 0.01860168 0.01834387 0.03182396 0.02582825 0.029202 0.01933369 0.04538137 0.04669067 0.006153283 0.003323648 0.003917053 0.006402708 0.002394161 0 0.000695507 0.0005773621 0 0.01108432 0
0.1839395 0.2370215 0.2563193 0.1421872 0.07354558 0.05310046 0.02879163 0.03593174 0.05951981 0.04663027 0.08685376 0.04832126 0.111462 0.06626726 0.04390985 0.03656589 0.03227912 0.06147099 0.07527874 0.05749831 0.04364252 0.02764782 0.02429069 0.03237037 0.02329791 0.02229065 0.03216628 0.02473034 0.01960966 0.02074131 0.01525527 0.0160769 0.02288244 0.03211967 0.02248589 0.02131953 0.03322102 0.02102307 0.01789938 0.01598954 0.01462996 0.02267548 0.02281622 0.02546379 0.0306193 0.01469005 0.006805595 0.01839591 0.03497908 0 0.0003901611 0.0006846318 0 0 0 0.0002313563
0.1198177 0.1259716 0.09612164 0.06394988 0.04331376 0.05384552 0.03567929 0.03640517 0.04682638 0.04684119 0.03519332 0.05910705 0.07319826 0.05368015 0.04981391 0.0603491 0.04987477 0.06519873 0.08240061 0.07393616 0.04927285 0.06505937 0.07732268 0.1096743 0.1149753 0.07519095 0.07444111 0.03369007 0.02564801 0.03200681 0.03400491 0.03227947 0.02188814 0.02386712 0.02560124 0.02869395 0.03682787 0.02679025 0.0272764 0.01617631 0.01339883 0.01788909 0.01152617 0.01691118 0.04152446 0.01506396 0.004814891 0.02284533 0.004869867 0.002886624 0.001581809 0.001021123 0.0009276027 0.0008432074 0.0008001226 0.0007149004
0.136362 0.156467 0.09655741 0.04808151 0.03697465 0.06164493 0.06761369 0.06397479 0.05638883 0.05349711 0.03716387 0.0914188 0.07505408 0.05553252 0.05705238 0.06008078 0.07922664 0.06965163 0.1067545 0.06219625 0.08416669 0.1012462 0.1003679 0.09672539 0.111747 0.1118148 0.09072846 0.05382429 0.05019937 0.1106076 0.06969161 0.03448997 0.04506358 0.04908415 0.04016694 0.03204742 0.07317437 0.0416888 0.02004898 0.02101969 0.01838147 0.01047408 0.01317237 0.01921486 0.01201172 0.02281645 0.03846559 0.03367608 0.03173824 0.0537477 0.01606222 0.0007168525 0.0007150561 0.0007143323 0.0007134231 0.0007150251
0.1250754 0.2109531 0.1365511 0.1031445 0.06120182 0.06379736 0.07498282 0.06610501 0.09858111 0.08666497 0.08930031 0.09006335 0.06346405 0.07357402 0.06021517 0.07960368 0.08997108 0.09101054 0.08708388 0.07109231 0.09371777 0.105662 0.08381613 0.1189369 0.1196094 0.1396757 0.07483551 0.0770043 0.05960868 0.07513386 0.04459469 0.02040091 0.03738834 0.05145159 0.03506988 0.01931646 0.0417323 0.05510519 0.01694946 0.02958175 0.02596943 0.008569368 0.01533365 0.01609151 0.01493985 0.04062578 0.02779252 0.02296792 0.0007297868 0.004274286 0.0007203749 0.0007144776 0.0007104524 0.0007132897 0.0007141143 0.0007138827
0.1262747 0.1666037 0.1184378 0.1205789 0.1210445 0.09610321 0.04914294 0.06891753 0.1353966 0.1506492 0.1339645 0.09832303 0.08236495 0.08129884 0.09455511 0.1266338 0.09496566 0.1065444 0.1094484 0.1368506 0.04087962 0.05962687 0.08591826 0.1868961 0.1132753 0.09615764 0.04728303 0.06824969 0.03865962 0.03515021 0.02539533 0.02546185 0.03417999 0.02658433 0.02015816 0.04305488 0.02637758 0.02891038 0.02252282 0.03144675 0.03480899 0.01965119 0.0245292 0.06285704 0.02501362 0.01634487 0.02587481 0.01600686 0.0007310533 0.0008430215 0.0007216603 0.001543931 0.001076981 0.0007115796 0.0007120515 0.0007150313
0.1141869 0.1997162 0.2014635 0.2085825 0.2023675 0.1504419 0.05969216 0.0790706 0.1140287 0.2672628 0.2095677 0.1118556 0.08839048 0.09411536 0.09004172 0.08109544 0.1047286 0.09177992 0.07652989 0.1326212 0.04280837 0.0436105 0.06310729 0.1242871 0.1052643 0.09125554 0.03986385 0.02067729 0.01698134 0.01527168 0.01885255 0.008790444 0.01600651 0.008869012 0.01434795 0.02382055 0.0167395 0.01725252 0.01632658 0.03778715 0.01647502 0.01554089 0.02364066 0.06152896 0.04817622 0.02180069 0.02173343 0.01286737 0.001437119 0.001376368 0.001363951 0.004561489 0.001096898 0.0007097655 0.007435563 0.000713025
0.1450628 0.1193382 0.1972819 0.3705251 0.3220175 0.2051958 0.06470887 0.0854285 0.1782998 0.2587361 0.114282 0.1585865 0.2171544 0.1498965 0.1344625 0.08468429 0.07778367 0.04482608 0.05406718 0.05739718 0.08744169 0.05728891 0.06769975 0.06766385 0.09541361 0.1011846 0.04599188 0.01531751 0.004094036 0.002841278 0.009215184 0.01581771 0.00889507 0.008061242 0.007662295 0.00673022 0.01264165 0.01767218 0.01411794 0.03718952 0.02978942 0.01437244 0.02507269 0.02449541 0.09312496 0.03144312 0.01002501 0.01151941 0.001503594 0.009618058 0.001414998 0.01434751 0.01765944 0.001081262 0.01140743 0.005587796
0.07930952 0.05842551 0.1471024 0.4332793 0.2330657 0.1666555 0.0886621 0.08167812 0.1234017 0.1607725 0.1441451 0.1464203 0.2420194 0.1448769 0.1007944 0.09821749 0.1410774 0.0350808 0.02731387 0.04673007 0.07405467 0.0622412 0.05902736 0.06648805 0.0512807 0.04080552 0.02980389 0.01133315 0.004283015 0.005373803 0.007240363 0.01119566 0.01849059 0.01377408 0.01155798 0.01100716 0.03612012 0.01780848 0.01495174 0.05108257 0.06062264 0.02933762 0.03649002 0.04170578 0.04195124 0.02850352 0.001371339 0.00139282 0.002161578 0.002836356 0.004905367 0.01196041 0.001414022 0.001743572 0.002128161 0.01017978
0.1668575 0.09619315 0.1347349 0.1829335 0.2005457 0.1491655 0.09274521 0.1033598 0.1445637 0.1167029 0.1219686 0.1495038 0.2216534 0.2262429 0.1918151 0.100433 0.08736613 0.06736697 0.05500166 0.07229106 0.08272213 0.07411316 0.03405868 0.04783182 0.06143132 0.09179728 0.03684132 0.01844542 0.01252015 0.005988703 0.005276257 0.007839441 0.01410596 0.0128998 0.01520524 0.01473506 0.010155 0.01882794 0.02606926 0.05103407 0.05180627 0.03917925 0.01471462 0.01844137 0.009395653 0.01886407 0.001397069 0.002196848 0.01394845 0.001374696 0.001358418 0.01702494 0.003137766 0.00434329 0.009425198 0.0286104
0.2552973 0.2299979 0.1785281 0.169264 0.1327178 0.1630939 0.1350147 0.1078514 0.1542393 0.1994854 0.1519333 0.1381717 0.2636638 0.1674814 0.1754464 0.1267199 0.05823606 0.1084646 0.1259853 0.08528344 0.06247308 0.04036031 0.04337819 0.02443356 0.02587065 0.0322101 0.008769622 0.006942641 0.006750139 0.008480506 0.009322196 0.006836664 0.013819 0.01876887 0.009497125 0.01264891 0.01382226 0.01968418 0.02747315 0.04497153 0.03950447 0.03038887 0.005864343 0.01387522 0.01498834 0.008666316 0.004881009 0.005105648 0.005149412 0.004942155 0.004890046 0.008922501 0.01321428 0.02630972 0.01700767 0.03179245
0.348067 0.2588857 0.2401726 0.1653999 0.1864094 0.1787624 0.1530864 0.1743241 0.2208019 0.1963191 0.1494137 0.1114412 0.1066453 0.1037838 0.08293686 0.1415292 0.058555 0.09085692 0.1162683 0.1455852 0.06791399 0.05510166 0.05001164 0.05552979 0.0750462 0.04210192 0.0174813 0.00607305 0.005343516 0.006983221 0.004702035 0.00550235 0.007497263 0.02476019 0.02913455 0.03293166 0.01905021 0.01537696 0.01736753 0.04635267 0.02991023 0.0244594 0.007454935 0.01592828 0.005047217 0.007179284 0.004389348 0.005082296 0.004952983 0.005220757 0.005043768 0.02867882 0.02830316 0.02964812 0.03922392 0.03491019
0.2896915 0.2460769 0.2373412 0.1670075 0.1159886 0.2009174 0.2204266 0.1503854 0.1715353 0.1381353 0.08655337 0.09723208 0.09206017 0.09229003 0.05506285 0.1241539 0.106621 0.1544059 0.133084 0.1734235 0.1323219 0.07924889 0.09867537 0.05585903 0.1214228 0.0360711 0.02708536 0.02405571 0.0352841 0.008331652 0.00982936 0.009698035 0.008214024 0.02458529 0.02605195 0.0593933 0.05027213 0.02084725 0.01581748 0.04797617 0.03955197 0.02272193 0.01093842 0.007502298 0.005613817 0.01018247 0.00442549 0.005329566 0.005889507 0.006067537 0.02331406 0.05371857 0.03444348 0.03984596 0.05736941 0.08828306
0.1867798 0.2220104 0.1815601 0.2247314 0.1667402 0.2377273 0.3531227 0.20308 0.1854122 0.07841827 0.03056781 0.07207925 0.1006393 0.1138447 0.07437371 0.09613933 0.1589373 0.1655952 0.1415575 0.1548463 0.232843 0.1707216 0.08144178 0.1046859 0.05424602 0.04972444 0.01795212 0.0203853 0.01617793 0.008760051 0.011488 0.01080616 0.007961997 0.01148242 0.02104231 0.0246683 0.01661017 0.04005646 0.04530194 0.03145488 0.0331477 0.01885444 0.009960422 0.009589386 0.006656847 0.006232897 0.005453744 0.006853537 0.01878641 0.006734542 0.007679914 0.02578054 0.02023495 0.02855167 0.05808866 0.07713655
0.2381063 0.4410042 0.2350923 0.1830678 0.2321549 0.2570207 0.3171724 0.2883976 0.1140671 0.08378875 0.0672003 0.1157413 0.199658 0.1187247 0.08941841 0.1131322 0.1294151 0.1146618 0.1266057 0.1539265 0.1903203 0.1441274 0.1059711 0.1307631 0.05753407 0.04015588 0.02617534 0.02146053 0.02758122 0.01470506 0.01738453 0.01208219 0.01115436 0.0334334 0.03203109 0.05544075 0.03318839 0.06357393 0.05790239 0.04264477 0.0358697 0.03233767 0.03622943 0.02646882 0.007058592 0.005071955 0.005249391 0.01008217 0.009779882 0.01024631 0.007189369 0.02429618 0.02483772 0.01696047 0.1045356 0.06785681
0.2284768 0.2533129 0.3821307 0.2190267 0.1792943 0.1811196 0.2763481 0.1692997 0.1200749 0.1006851 0.08990065 0.1249793 0.1370592 0.1268699 0.07177842 0.07947931 0.1263864 0.1619946 0.1424532 0.11976 0.1894071 0.1159082 0.1270841 0.1504199 0.06593177 0.04057545 0.04369632 0.03623987 0.03648146 0.03186717 0.02536777 0.02922242 0.01846559 0.0202237 0.01943914 0.04460781 0.04834941 0.05562955 0.0371626 0.03580393 0.03707955 0.03178583 0.04241438 0.02386921 0.008340104 0.005981819 0.006063817 0.008352037 0.01450418 0.009566616 0.01422632 0.0181622 0.02773781 0.0305185 0.09095102 0.07865888
0.1764818 0.3019885 0.2718641 0.2544975 0.2097682 0.1238603 0.1966583 0.142362 0.11986 0.05585513 0.1117537 0.1533964 0.1210663 0.1231034 0.1074044 0.104138 0.1516307 0.2270381 0.2001499 0.1478924 0.1363917 0.1135702 0.09106516 0.1332347 0.08651021 0.07959657 0.05355915 0.06027498 0.05308765 0.07987288 0.03252182 0.0308688 0.02487109 0.02330946 0.03256771 0.04389735 0.05775251 0.04625224 0.0443407 0.03666233 0.04249202 0.02364623 0.01890501 0.01797957 0.02253329 0.02349768 0.03882002 0.02478704 0.008362366 0.008707184 0.03330722 0.0617205 0.0248327 0.04975899 0.05805026 0.007130023
0.2804762 0.3263463 0.3447757 0.3038986 0.2393988 0.1931252 0.2371798 0.1632203 0.1051808 0.1029703 0.2633403 0.2205293 0.08237483 0.06483739 0.1362044 0.2027874 0.2440078 0.1818269 0.1735023 0.12739 0.1144873 0.1141877 0.1295758 0.09942973 0.1086425 0.09362736 0.05793605 0.07180402 0.09077032 0.06023196 0.04185313 0.08090451 0.0339836 0.025651 0.03225355 0.04673392 0.0616156 0.04509152 0.04216625 0.03336163 0.03406729 0.04188192 0.02157474 0.02362876 0.04148833 0.02808093 0.04471754 0.07621032 0.04693457 0.02356523 0.0876967 0.1345747 0.04868608 0.006650037 0.06168041 0.0343781
