contrib/geomasonDemos/riftland/DataFiles/RainData/134.txt
ncols         56
nrows         54
xllcorner     28.264
yllcorner     -5.7719999999999
cellsize      0.25
NODATA_value  -9999
[rows 27 to 53 of 54, columns 0 to 55 of 56]
0.4274559 0.4164387 0.2531555 0.3260443 0.2916441 0.2904513 0.1576977 0.1669444 0.1666028 0.1870204 0.2414906 0.3981148 0.248656 0.1673716 0.1502545 0.2010179 0.1428612 0.05810154 0.148969 0.1005741 0.1079546 0.078632 0.108695 0.07352196 0.0556406 0.02798335 0.02019563 0.01568859 0.01117979 0.01006982 0.01048416 0.009909373 0.01001765 0.01106947 0.01319684 0.01896926 0.02192822 0.02317467 0.01980355 0.01229134 0.01094541 0.01029761 0.008422783 0.003197723 0.01367415 0.01055884 0.001272612 0.002293379 0.001502052 0.001448012 0.001473299 0.0007626351 0.0007730701 0.0008154837 0.0009341499 0.0005937406
0.3764377 0.3332541 0.1932514 0.2221681 0.2020621 0.1854897 0.1664702 0.1922856 0.2526883 0.1928397 0.2534058 0.3996533 0.2214912 0.1321237 0.1191128 0.1865437 0.1983746 0.2144869 0.1664207 0.09290138 0.1092374 0.1156773 0.164621 0.09572022 0.05090047 0.03322078 0.0242338 0.01796438 0.01284412 0.01048241 0.01213231 0.02173663 0.01163835 0.01254405 0.01471702 0.02191971 0.02328875 0.02391136 0.02221749 0.01369485 0.01157147 0.00987063 0.007808619 0.0032701 0.01029688 0.001216227 0.0115004 0.001887129 0.003151384 0.001221683 0.001242872 0.0006193839 0.0005691929 0.0006120047 0.0006314055 0.0005277867
0.333534 0.2676834 0.1813795 0.1870472 0.234147 0.1715385 0.1825628 0.1865696 0.1620795 0.1391112 0.2083049 0.2212308 0.2069337 0.1159305 0.09470881 0.1350278 0.1767921 0.2021431 0.2196272 0.1630114 0.1778161 0.1407424 0.08732321 0.06272221 0.05301429 0.04062215 0.03220163 0.02038688 0.01415204 0.01387662 0.01514212 0.01503455 0.01386464 0.01480799 0.01689449 0.02647033 0.02972193 0.0302406 0.02749397 0.02290744 0.01370354 0.01027246 0.007670309 0.003147443 0.001784833 0.003171392 0.002989785 0.001393934 0.003638335 0.0009849091 0.001014855 0.0004654145 0.0004773714 0.0007398246 0.0006039716 0.0004486958
0.3035966 0.181765 0.1470969 0.2817726 0.1967296 0.1250376 0.1445794 0.1188485 0.1302696 0.1120799 0.1635714 0.1828963 0.1781856 0.1315135 0.1002281 0.1213795 0.1913199 0.2611607 0.2948675 0.1835828 0.174215 0.2123333 0.0811025 0.05792771 0.04484468 0.04052078 0.04644967 0.05131861 0.0172263 0.01554132 0.01666808 0.01790506 0.01683023 0.01773508 0.01936704 0.02642837 0.03522499 0.02948659 0.0219765 0.01844815 0.01132052 0.009141603 0.007064927 0.002843462 0.001527912 0.0008087122 0.000734269 0.001006589 0.004418074 0.009833802 0.0008065676 0.0003580565 0.0003720552 0.0004661068 0.0004689665 0.0003573147
0.2921056 0.2101336 0.2256043 0.2445656 0.1205786 0.0967414 0.1228513 0.1974664 0.2087738 0.2049739 0.2108172 0.2569151 0.257292 0.2433068 0.184036 0.1885618 0.3012177 0.3927613 0.3061397 0.1240843 0.1120251 0.1069283 0.05715651 0.05615508 0.06418414 0.05562374 0.07069326 0.06141214 0.02749229 0.01513098 0.01610609 0.02887171 0.02687335 0.03338272 0.03476854 0.0393695 0.05334957 0.02701115 0.02298921 0.01115944 0.009083037 0.007261966 0.005542662 0.001024604 0.0005047233 0.0002276241 0.0002021606 0.0002224503 0.0002087998 0.0003153722 0.004588995 0.00224347 0.0002578572 0.001199692 0.0009921957 0.0002052713
0.3535073 0.3152606 0.1741409 0.1861925 0.1564648 0.1199189 0.1742616 0.3751796 0.2743171 0.2265498 0.2007824 0.2573275 0.3000614 0.2954821 0.3117189 0.3690908 0.3857153 0.3654796 0.2201241 0.1547454 0.1181432 0.0801209 0.06753097 0.07128023 0.0832335 0.06610446 0.05986492 0.0486296 0.02667243 0.01524309 0.01864524 0.03559912 0.03169163 0.03749348 0.04123865 0.03607003 0.0308457 0.02967494 0.02607942 0.01313947 0.008755155 0.006650671 0.005011151 0.0008961959 0.0003990111 0.0001566837 0.0001153051 0.0001187073 9.191898e-005 8.538255e-005 0.001104939 0.01136027 0.00495329 0.0001430797 0.0001473758 0.0001303029
0.3892492 0.2511919 0.1441394 0.1613517 0.1560772 0.1440153 0.1958518 0.3064257 0.2905174 0.1709251 0.1847425 0.2857336 0.3700926 0.394556 0.3348613 0.3446189 0.3348407 0.2454755 0.1756584 0.1401062 0.09230232 0.1532979 0.1137905 0.0962617 0.09199642 0.07272667 0.06725767 0.0556886 0.03565311 0.02134017 0.02422607 0.03755213 0.04594765 0.04059562 0.03693632 0.0324768 0.03106204 0.02880869 0.02538306 0.01368332 0.009114539 0.006486497 0.004835637 0.0008456413 0.0003547891 9.470189e-005 7.44198e-005 6.801225e-005 4.187661e-005 3.47137e-005 0.0001507312 0.01522701 0.01065854 0.001440466 8.848473e-005 8.137248e-005
0.3692192 0.2210414 0.1513977 0.1839123 0.2027403 0.181157 0.1796143 0.2581789 0.2554426 0.1572165 0.2670534 0.3676636 0.3515959 0.302662 0.352334 0.419266 0.4062225 0.4055144 0.2463029 0.1627038 0.1325862 0.1044369 0.120832 0.120584 0.09744503 0.08423652 0.06900553 0.0512687 0.05164551 0.04138538 0.03804201 0.04487947 0.06996326 0.03961112 0.035318 0.03909262 0.03721738 0.03134508 0.02530273 0.01722373 0.01556666 0.006681432 0.005149503 0.001129897 0.0003728602 0.0001042663 7.995421e-005 0.000397752 0.0003912096 2.719806e-005 0.0001004451 0.002173934 0.005420863 0.01038711 0.003990777 0.001964937
0.4197852 0.2980756 0.2307197 0.2135181 0.2541409 0.3041688 0.202418 0.1946587 0.2210758 0.257078 0.2821948 0.3591242 0.4101011 0.3987309 0.443131 0.4323122 0.4802298 0.3668212 0.2948906 0.1307218 0.09949984 0.1121411 0.1403268 0.1067311 0.1228585 0.112575 0.06625099 0.07582704 0.05700544 0.02675611 0.02397209 0.03288096 0.03827537 0.03878542 0.04426141 0.04582847 0.03144035 0.03317587 0.02118162 0.01234886 0.0153657 0.007972878 0.003774428 0.0007716811 0.0002959829 8.620917e-005 6.462617e-005 0.001695982 1.374314e-005 7.570266e-006 8.880531e-006 5.410573e-005 0.001638119 0.0009041983 0.002574801 0.004033739
0.4474676 0.3408602 0.1562841 0.2299029 0.267744 0.3128434 0.2614127 0.2522046 0.2258545 0.2462427 0.2678224 0.3342636 0.4821991 0.3791908 0.4342624 0.490252 0.5017487 0.4607189 0.2782624 0.1291687 0.06593479 0.0837983 0.07844866 0.1029409 0.06985135 0.1096507 0.0763951 0.08849225 0.05624611 0.01676656 0.01738855 0.04032885 0.03018193 0.02961815 0.05003703 0.03942643 0.04040605 0.04330955 0.03291867 0.0225435 0.009943802 0.01798085 0.01600534 0.0007084683 0.0003105644 9.352559e-005 6.880275e-005 0.005453206 1.262073e-005 0.001324171 4.556554e-006 0 0.0002273635 0.008815342 0.00115177 0
0.3222227 0.3072908 0.1519097 0.2026768 0.2401636 0.2643721 0.3431409 0.3505262 0.2507567 0.2786417 0.2842675 0.293331 0.3383034 0.3241425 0.3129125 0.298281 0.3540948 0.3174246 0.1996645 0.1030623 0.1176103 0.1062342 0.1254215 0.09407745 0.05040142 0.06648485 0.05708984 0.1040979 0.07149333 0.0275015 0.02263801 0.03765149 0.03389355 0.03929227 0.04076846 0.05236739 0.0475087 0.03172075 0.03185673 0.02511578 0.014141 0.01810913 0.01695853 0.0007660242 0.0003899217 0.001422302 0.0001315442 5.765412e-005 5.766714e-005 0.002203303 1.330266e-005 0.001190718 0.001373725 0 0 3.635943e-005
0.3347757 0.4228438 0.1950628 0.26443 0.2228322 0.2259857 0.3346193 0.3442978 0.2928652 0.2880668 0.2643818 0.2730984 0.3098323 0.2641325 0.2895579 0.250202 0.3046336 0.3182545 0.2409379 0.1316621 0.06731535 0.1332613 0.1685259 0.1311151 0.07875534 0.06536371 0.04590814 0.04782545 0.06519585 0.0584193 0.04096517 0.03085566 0.03132844 0.05772352 0.05960981 0.07544275 0.06171194 0.02732345 0.02400854 0.01990797 0.03609779 0.03093509 0.01748229 0.002125371 0.0005297305 0.0003256604 0.0002528987 0.0001159831 0.0001829493 4.307208e-005 3.50219e-005 0.0003701738 0 0 0 0
0.510361 0.515628 0.3058813 0.2613442 0.2392559 0.2552222 0.3028353 0.3418783 0.2708749 0.2313213 0.208699 0.2009714 0.256068 0.2252617 0.2755202 0.2069769 0.1527327 0.2541909 0.2005374 0.1509926 0.08798792 0.1294629 0.133935 0.1926567 0.1762444 0.08849692 0.04358266 0.06938407 0.09082748 0.03421745 0.02207566 0.02352645 0.03111336 0.03182345 0.03354797 0.05028887 0.04062701 0.01788163 0.0136493 0.01782145 0.02729375 0.01631438 0.0235728 0.004688282 0.003346707 0.00239885 0.001891718 0.0009274486 0.002371941 0.003634259 0.0003043218 0.0002421398 0.0001727928 0.0001204479 0.0002326075 0
0.5351495 0.4185432 0.3101326 0.2322277 0.2814038 0.3475162 0.2485868 0.3193524 0.2561479 0.2535835 0.2275755 0.2252515 0.2752321 0.226103 0.2374045 0.148602 0.09985019 0.1073305 0.1770009 0.1277234 0.1088977 0.1159098 0.1047396 0.2154512 0.1904257 0.1051224 0.06516234 0.08044883 0.07334284 0.04844934 0.01519263 0.0374654 0.03811505 0.0306247 0.02933379 0.05455932 0.04505996 0.01823111 0.01373158 0.01330145 0.02826278 0.02578431 0.01563265 0.009956357 0.004184597 0.00312095 0.005373929 0.01597202 0.01213212 0.0009686226 0.0007484643 0.0003355739 0.000239681 0.002175838 0.0001206375 0
0.536744 0.4211305 0.3659881 0.3615452 0.3190494 0.2863114 0.254629 0.3819588 0.2508476 0.2698451 0.2660129 0.2410187 0.2531602 0.2259683 0.2086474 0.1466937 0.1223676 0.09636604 0.1583786 0.135263 0.1064235 0.1128372 0.105256 0.1701428 0.2305766 0.1484114 0.1114398 0.0824096 0.07493602 0.05138572 0.0238534 0.04028118 0.07994488 0.04456032 0.04877366 0.05276049 0.04398522 0.02481462 0.01726513 0.01526455 0.02250118 0.03032149 0.02959408 0.009576232 0.01662106 0.008009993 0.01683714 0.002923291 0.001100628 0.0007867015 0.0006447938 0.000511058 0.0003639359 0.0002837666 0.0001983146 0
0.6058769 0.4021887 0.3261508 0.3920175 0.3775313 0.2983342 0.2948048 0.3279483 0.3197795 0.2347511 0.2513686 0.2285563 0.1524755 0.194001 0.2403791 0.2148386 0.1596818 0.1197037 0.1325758 0.155314 0.1404479 0.113988 0.1435194 0.2463233 0.2155539 0.1629626 0.1437888 0.100626 0.09095963 0.06466792 0.05602868 0.04954297 0.05300017 0.05907635 0.04151504 0.05359645 0.06737084 0.0461517 0.02973048 0.02183566 0.01600387 0.02056072 0.02627965 0.01202356 0.00761625 0.02327375 0.01315523 0.007976698 0.001521179 0.001246996 0.0009722723 0.0008435308 0.0005439796 0.0005152621 0.0003909018 0
0.5464241 0.392871 0.2603043 0.331167 0.4310324 0.3244959 0.3291622 0.2921612 0.3089868 0.2889176 0.2321941 0.2288277 0.1589427 0.2900463 0.3295924 0.2618232 0.2636079 0.2085555 0.1595612 0.2781588 0.236689 0.1763689 0.1974814 0.23785 0.1944831 0.1288859 0.108513 0.1307388 0.1658188 0.1003524 0.06202901 0.02889214 0.04824795 0.08219759 0.08643491 0.1044709 0.2127417 0.06197183 0.0149809 0.01983692 0.02642928 0.02567374 0.01586731 0.0112258 0.01387479 0.02393623 0.02282536 0.01240756 0.003517703 0.001880915 0.001798518 0.0004913775 0.0003492569 0.0002527622 0.0003131616 0.002008928
0.5742487 0.4467114 0.3187308 0.3031215 0.3374532 0.4152603 0.3051257 0.3195317 0.4572978 0.3615997 0.3546332 0.3401685 0.3869654 0.3015375 0.3480365 0.3466558 0.3458536 0.285688 0.2055091 0.2234534 0.2692408 0.3059537 0.3232693 0.286745 0.2624442 0.157965 0.1320137 0.09474996 0.1035531 0.08171758 0.07310929 0.04103429 0.06050887 0.08729456 0.07438979 0.09598332 0.07203761 0.0314863 0.01200721 0.01371697 0.03491388 0.05310606 0.01986272 0.008739305 0.007885817 0.021817 0.01694078 0.004398989 0.002946585 0.002364909 0.006645902 0.006946811 0.0004332429 0.0003173481 0.0002676786 0
0.6215167 0.5994019 0.5128869 0.4514567 0.4721383 0.4397882 0.3806045 0.4456133 0.4737567 0.3508963 0.3727398 0.3585765 0.4944964 0.3610795 0.3267633 0.2895113 0.310399 0.261649 0.2091714 0.2597388 0.2759173 0.3259217 0.3043483 0.2648531 0.2082106 0.1643531 0.08254591 0.08099975 0.05965269 0.07889055 0.07166393 0.0433754 0.06154286 0.05926154 0.04296305 0.03466418 0.03118249 0.04459186 0.01782838 0.02176025 0.04364734 0.05654335 0.01360412 0.01607127 0.02063044 0.01695976 0.01041549 0.01971263 0.005972138 0.003415265 0.003014649 0.00144558 0.001416224 0.000375191 0.0003760252 0
0.6510813 0.6484143 0.6091705 0.4849596 0.4432681 0.3616275 0.3774322 0.3444491 0.4016027 0.3398479 0.3501778 0.3269995 0.319173 0.3717948 0.3172886 0.2855341 0.225886 0.229485 0.2655614 0.2563887 0.3236907 0.3750269 0.3054096 0.1824789 0.2449152 0.1824607 0.1085314 0.1155855 0.06624572 0.06473221 0.08411482 0.08599543 0.1029737 0.05935753 0.03752595 0.03306006 0.03358254 0.02720483 0.02390014 0.01883284 0.01325797 0.01000988 0.008652433 0.03934602 0.01960048 0.01449348 0.009542023 0.0126522 0.01818956 0.01193202 0.00435772 0.005593135 0.006380789 0.000375191 0.0005479916 4.464286e-005
0.5919026 0.6636765 0.6324061 0.5978172 0.5446805 0.4258673 0.4330408 0.4086532 0.5070462 0.3758101 0.333927 0.3215511 0.3538502 0.5094594 0.3477314 0.3039574 0.2742365 0.3032602 0.3271241 0.2564797 0.2681304 0.296613 0.2533044 0.1839916 0.2545579 0.1869432 0.1178742 0.1241191 0.09716371 0.07515953 0.06718574 0.09483016 0.1310058 0.1057783 0.08447261 0.02823366 0.03669213 0.04278847 0.03611498 0.0779297 0.07040194 0.06537671 0.07331005 0.06442253 0.04211118 0.01489827 0.009672212 0.01161331 0.006588816 0.006056544 0.005321152 0.02379464 0.005401786 0.0003125 0.0005357143 0.0004017857
0.6205649 0.6385518 0.6395656 0.582154 0.5142934 0.4727479 0.4670615 0.5026753 0.574243 0.4166448 0.3282314 0.3085006 0.3052219 0.2719374 0.2867585 0.2940601 0.3376227 0.4861958 0.4004862 0.3183104 0.262587 0.1994794 0.1695025 0.1636382 0.1617531 0.1836419 0.1231665 0.1362739 0.1359213 0.1019376 0.1479453 0.129994 0.1263718 0.1249905 0.1434813 0.05903801 0.03260711 0.0220959 0.04005459 0.04399046 0.06998225 0.0499856 0.06773332 0.05161551 0.03116205 0.01559005 0.0154687 0.02378979 0.02658677 0.02392879 0.007489137 0.01633929 0.006517857 0.007008929 0 0.004419643
0.6158901 0.6071111 0.6624347 0.5881228 0.4641678 0.4102438 0.4195948 0.3717589 0.42952 0.4398374 0.4549036 0.3005264 0.3245025 0.2812679 0.2849598 0.3667091 0.3612498 0.5169384 0.4777658 0.3516137 0.2559356 0.174076 0.1572746 0.138046 0.1614894 0.1526889 0.1868925 0.1840772 0.1628964 0.1726902 0.1903571 0.1397223 0.1219998 0.07313402 0.1189509 0.1390153 0.09377534 0.05943542 0.04275364 0.05693191 0.06229333 0.03279445 0.04384083 0.02122442 0.01768112 0.01429183 0.02290528 0.02326496 0.0186601 0.03511163 0.03200008 0.01508929 0.007633928 0.009866072 0.0090625 0.002633929
0.5710502 0.6166317 0.6585429 0.5757854 0.5206359 0.3574798 0.3839093 0.330223 0.3911132 0.4024936 0.3733506 0.2707995 0.3004267 0.3151227 0.3124413 0.5423099 0.4899748 0.5253615 0.3825848 0.3041796 0.2760814 0.2080741 0.1655233 0.1566819 0.205956 0.2348336 0.1722634 0.1885113 0.150197 0.1702044 0.1972089 0.1441332 0.111522 0.1462702 0.1290306 0.1529418 0.1428554 0.1380055 0.0989994 0.1143384 0.1134636 0.08329482 0.05921974 0.03090745 0.02469095 0.05082387 0.04625889 0.04179595 0.02680294 0.03592385 0.03474711 0.01821429 0.009776785 0.01875 0.03459821 0.01299107
0.5743288 0.5292315 0.6011873 0.5682727 0.5078605 0.4042454 0.3190499 0.3387744 0.3656956 0.3582706 0.3512269 0.2647258 0.2865363 0.2758217 0.3121829 0.4599521 0.5018859 0.4317302 0.3941612 0.2707369 0.2479408 0.1832532 0.1775457 0.1971714 0.199876 0.1868008 0.1594853 0.2089133 0.1903458 0.1928311 0.1945301 0.1863411 0.156318 0.1804592 0.1511634 0.15543 0.1813315 0.1648077 0.1405254 0.1336454 0.1193948 0.09478976 0.06436209 0.07835335 0.05159274 0.04541815 0.04669642 0.02462497 0.05614595 0.04145872 0.03480849 0.02241071 0.002366071 0.008392856 0.01924107 0.01482143
0.6020496 0.5605121 0.5588689 0.5582216 0.5123856 0.5089696 0.4605567 0.4215294 0.3747574 0.3533141 0.3307488 0.2807385 0.2133748 0.2185306 0.2117694 0.3276317 0.3486611 0.320324 0.3536643 0.2893219 0.273383 0.2026607 0.2320432 0.2904945 0.2453824 0.2051063 0.1840363 0.2244475 0.2781799 0.2320156 0.2613772 0.2543708 0.1929392 0.1911762 0.1554649 0.216744 0.2104787 0.1749416 0.1198754 0.1521295 0.1576688 0.1376691 0.08054887 0.08474811 0.06350806 0.06772687 0.058555 0.03875454 0.05170114 0.05906709 0.07017495 0.02089286 0.018125 0.01111607 0.02919643 0.013125
0.5767418 0.573541 0.5517792 0.5300884 0.4610053 0.4442217 0.4345708 0.4042682 0.3953487 0.3351412 0.3876445 0.2890842 0.2248202 0.2434128 0.2608318 0.3524869 0.3630662 0.3494474 0.3271914 0.25217 0.2647326 0.2113682 0.2050066 0.2601616 0.2501096 0.2674838 0.2213524 0.205806 0.2393505 0.2190026 0.2682761 0.2643895 0.2064734 0.2382611 0.2442164 0.2926754 0.2584198 0.2289656 0.1674061 0.2037747 0.1610714 0.1254015 0.09294061 0.08654205 0.08294895 0.06458544 0.07307887 0.05660263 0.06318416 0.07291275 0.0779994 0.04285714 0.03098214 0.03151786 0.04705357 0.02870536
