contrib/geomasonDemos/riftland/DataFiles/RainData/134.txt
ncols         56
nrows         54
xllcorner     28.264
yllcorner     -5.7719999999999
cellsize      0.25
NODATA_value  -9999
[rows 0 to 26 of 54, columns 0 to 55 of 56]
0.003309662 0.00125755 8.852904e-005 0.001872033 0.0008932556 0.001674221 0.005751043 0.000943417 0.001383928 0.0003839286 0.0004107143 0.001544643 0.001973214 0.003830357 0.001857143 0.002919643 0.004883928 0.005410714 0.004946429 0.00919643 0.007544643 0.008187501 0.0100625 0.009705357 0.009053572 0.01608036 0.02316071 0.02776696 0.01717383 0.01049678 0.01180638 0.01965094 0.02024422 0.01443288 0.01800542 0.00782616 0.009466553 0.007985819 0.0151535 0.00773839 0.009075934 0.01033089 0.01654377 0.008033517 0.006215421 0.001355672 0.002121168 0.005307274 0.0008623414 0.001166758 0.0006400188 0.0006480205 0.001380964 0.003947787 0.0006466479 3.259821e-005
0.0009185343 0 0.002402169 0.009870246 0.006132291 0.004234415 0.0067513 0.001910938 0.001320801 0.0004216782 0.0002422002 0.0008411652 0.001053571 0.003428571 0.001982143 0.002508929 0.002919643 0.009955358 0.008428572 0.007035714 0.01105357 0.01035714 0.01008036 0.02167857 0.02416964 0.02100893 0.02459821 0.01570053 0.02187387 0.01392156 0.01823646 0.01696848 0.02018689 0.01179426 0.005509445 0.01184028 0.01093642 0.01164902 0.02314158 0.01379838 0.01085478 0.01281163 0.009527677 0.007972674 0.00578713 0.003004663 0.001028963 0.00396813 0.001732521 0.001472824 0.0007924281 0.001055366 0.0005595312 0.0004325524 0.000227432 4.956638e-005
0.007344964 0.004288926 0.002303726 0.003164043 0.004680741 0.003967439 0.0003224066 0.000335411 0.001187645 0.0007030213 0.001014894 0.001772645 0.001195302 0.00391479 0.0008688691 0.002053915 0.004083912 0.008658065 0.00551509 0.00825 0.01114286 0.01734821 0.02427679 0.0275625 0.02961607 0.02158035 0.01617857 0.0140993 0.01180662 0.00855731 0.01501208 0.03357521 0.03273759 0.02193443 0.009547561 0.01261213 0.0177411 0.01284849 0.01314803 0.008355259 0.01605865 0.02179332 0.01497469 0.006188652 0.006108542 0.003484329 0.002540249 0.001905512 0.001217833 0.001089178 0.0009678634 0.0005260365 0.0005885419 0.0003856616 0.000512969 0.01000716
0.008822769 0.002907063 0.0008045541 0.002327175 0.0002189849 0.003317463 0.00282033 0.003218023 0.009852377 0.003027913 0.002317887 0.005550187 0.002672086 0.001243523 0.001449149 0.002374191 0.009393138 0.0132948 0.004096552 0.009511591 0.009066704 0.01245244 0.01846883 0.02266577 0.02165863 0.02236374 0.02340398 0.01222652 0.01604164 0.01485342 0.01992917 0.03813849 0.03474233 0.02946682 0.02360767 0.01573798 0.01727775 0.0192715 0.01613092 0.01205316 0.02505273 0.03477645 0.01898682 0.01081451 0.009379774 0.009790038 0.01375541 0.006885678 0.001456746 0.001332925 0.001192863 0.0007673173 0.0006788067 0.0005912922 0.000512242 0.006686368
0.001920411 0.0001906946 0.000475709 0.002666912 0.001042447 0.002128305 0.002489631 0.005433898 0.01092714 0 0.002533907 0.007298744 0.004772956 0.007148029 0.002649142 0.005873819 0.01636769 0.01017159 0.004770773 0.01259561 0.01045371 0.01587965 0.01455416 0.01226372 0.01577885 0.01742042 0.02421964 0.01611682 0.01278254 0.01287051 0.02361 0.03804978 0.03142928 0.02649783 0.02184391 0.01199994 0.01154989 0.01079373 0.01163198 0.01471964 0.01992007 0.02400502 0.02222026 0.01567093 0.006320673 0.004713539 0.006148357 0.002688682 0.001635713 0.001510577 0.002035769 0.002990671 0.0008021902 0.0007126649 0.000622746 0.005498129
0.0003364838 0.0006486356 0.0005524754 0.002172444 0.001530257 0.00406958 0.002153995 0.003149903 0.003896145 0.003850563 0.003695209 0.006635496 0.005173999 0.002897867 0.005635876 0.02077011 0.01282546 0.0130008 0.009195887 0.01465799 0.01522918 0.02308044 0.01675441 0.01738518 0.01165432 0.01682055 0.0184168 0.01753992 0.01940016 0.01606059 0.01964922 0.02557779 0.02676688 0.02458636 0.01449818 0.01044152 0.00947083 0.01157193 0.01697786 0.02248411 0.01934813 0.0100479 0.009885864 0.002530333 0.002662571 0.002445817 0.001599106 0.001933222 0.00295011 0.001804988 0.001519343 0.003313174 0.001401054 0.0008280388 0.0007138283 0.0002969702
0.01424719 0.004061944 0.0008972249 0.004014465 0.007560156 0.001039386 0.001964911 0.002501038 0.001694748 0.006338015 0.01425411 0.01127967 0.009317325 0.004254223 0.008280439 0.007381038 0.009103364 0.01141081 0.01815245 0.02059108 0.02087352 0.0130979 0.0203758 0.02016175 0.02463288 0.03111797 0.0218942 0.02545366 0.022456 0.01778437 0.01409973 0.02570504 0.01644439 0.02266978 0.01420663 0.01149642 0.01286915 0.0129619 0.01457979 0.01777363 0.01396633 0.01034231 0.009095089 0.002836102 0.002251375 0.002024567 0.001518635 0.002022182 0.0020193 0.001902951 0.007157761 0.004351882 0.004057856 0.004689536 0.0007861786 0.0003328532
0.012335 0.0120502 0.004327958 0.004157961 0.002345385 0.000923033 0.00153259 0.0019582 0.004906904 0.005404277 0.009522622 0.009993675 0.009681967 0.0061188 0.004438957 0.004741978 0.00934775 0.01079852 0.01939731 0.04068455 0.03493316 0.01831719 0.02163381 0.01525523 0.01459401 0.0246632 0.03325418 0.02160762 0.01306405 0.01679984 0.01938868 0.02167382 0.02715981 0.01379103 0.01163855 0.01066923 0.00607913 0.01739063 0.007861403 0.01352236 0.007258644 0.007013639 0.007362861 0.003260766 0.006495508 0.006661465 0.001665334 0.001519568 0.001413972 0.001310805 0.001224576 0.01458943 0.004722629 0.01371053 0.002988226 0.001931564
0.01196719 0.01907055 0.01141932 0.01227351 0.009921651 0.003237857 0.005297223 0.004011828 0.01587532 0.008205878 0.01147712 0.01476531 0.009268352 0.0101087 0.005175552 0.007846851 0.0148295 0.01576363 0.01677822 0.035098 0.03946042 0.03464651 0.0175239 0.009642429 0.02467983 0.01957723 0.01603183 0.01128636 0.01383557 0.01085057 0.01603899 0.01300143 0.01179346 0.0113345 0.009323753 0.01195157 0.01057219 0.01388733 0.005589311 0.00495749 0.007889356 0.00825774 0.01235881 0.002530005 0.002283496 0.002116945 0.001783993 0.001583101 0.001472161 0.001368503 0.002375559 0.01358503 0.008010298 0.01867978 0.003727925 0.001928162
0.009953015 0.01145102 0.01709945 0.02336652 0.02029094 0.01444021 0.004251981 0.006804457 0.01099143 0.009611299 0.008733081 0.006424863 0.003602364 0.005205043 0.002854748 0.00694156 0.01552012 0.01477227 0.01012962 0.01674914 0.01905682 0.02587168 0.01573354 0.006225411 0.02684969 0.02525889 0.02049854 0.01146143 0.01614092 0.008824241 0.01021019 0.00448835 0.008352307 0.02266171 0.01848317 0.01189978 0.01381501 0.01203306 0.002973856 0.002663529 0.002799831 0.002841766 0.002887636 0.001925734 0.001894344 0.002509799 0.002329655 0.001562394 0.001462816 0.001366268 0.003672925 0.01736579 0.01911802 0.01257115 0.003914352 0.008494242
0.02059531 0.01190385 0.01138823 0.02261063 0.02364642 0.01607245 0.01281788 0.009721523 0.006677089 0.007360849 0.007238289 0.006890231 0.007471832 0.01718629 0.007421922 0.003879987 0.01010556 0.01841851 0.01254559 0.01611958 0.01367632 0.01493033 0.01329547 0.005165083 0.008912725 0.01640796 0.02095357 0.008664443 0.007753086 0.004981103 0.001842818 0.003877476 0.00496529 0.01300383 0.01339396 0.009517721 0.01020566 0.004161666 0.003416446 0.00243413 0.00258936 0.00303485 0.002905925 0.00469497 0.001840491 0.001710982 0.001612282 0.004688971 0.002850023 0.003466243 0.006331174 0.01500999 0.004032146 0.005325933 0.0009263674 0.0004504535
0.03456097 0.01698563 0.01807196 0.03120985 0.01704673 0.02997375 0.01901067 0.01080088 0.005448964 0.01186441 0.01592126 0.01673888 0.01535183 0.009687498 0.009202511 0.01957508 0.01004438 0.009472353 0.01230371 0.01498053 0.00666355 0.01683766 0.00696271 0.001293894 0.0008726083 0.006257762 0.009489977 0.001181326 0.0002959927 0.0004768545 0.005192469 0.003668356 0.001424282 0.006109821 0.001421518 0.007973962 0.008053731 0.006382483 0.003595696 0.005062812 0.004200526 0.003442582 0.004858244 0.004164853 0.001618447 0.004176178 0.001995073 0.007479476 0.004335181 0.008625228 0.01487624 0.01064128 0.002260031 0.006866108 0.009732924 0.008090811
0.06248669 0.0328804 0.02989434 0.05019967 0.05471779 0.03081864 0.01330718 0.007067196 0.01152322 0.01968201 0.03270003 0.03005244 0.02144443 0.01116722 0.02731891 0.03553317 0.03187358 0.01240885 0.004712051 0.003862828 0.001280849 0.007198935 0.0004801281 5.353425e-005 3.645791e-005 0.001969304 0.003895075 0.0006043682 0.0006350819 0.005744201 0.005366493 0.004961423 0.001076603 0.0004756501 0.004901832 0.002394456 0.003583731 0.003761787 0.002818471 0.008884318 0.009695097 0.008170237 0.007114767 0.002452572 0.001984877 0.002231143 0.003295525 0.003661426 0.006937577 0.01126074 0.01436687 0.01145193 0.001883407 0.003171923 0.005754216 0.005229906
0.1115052 0.0624537 0.04255499 0.03010782 0.02084007 0.03702306 0.0274514 0.01656888 0.02830086 0.02175261 0.01709529 0.03826184 0.03395374 0.02304798 0.02098462 0.05665241 0.06124624 0.02724942 0.008807324 0.005442408 0.0198139 0.007314084 0.001755975 0.0009336898 3.598076e-005 2.32895e-005 0.002046786 0.002952545 0.003267205 0.00684026 0.005852847 0.004891022 0.004552159 0.000327055 0.001029962 0.002725706 0.00600007 0.001101375 0.003154089 0.006073366 0.006422284 0.00715727 0.003481863 0.003546258 0.00816275 0.005598046 0.009542794 0.01268582 0.02162373 0.02719594 0.01687921 0.008134337 0.0008401973 0.000804904 0.001195005 0.005515594
0.1361989 0.1129133 0.08445282 0.06050291 0.04159978 0.0452735 0.05874895 0.03629409 0.03357524 0.04362869 0.0341191 0.04197132 0.04611399 0.06259424 0.03787225 0.04082925 0.03107086 0.01558999 0.04293677 0.02550316 0.01983692 0.001806354 9.707198e-005 0.003520284 4.753842e-005 2.684304e-005 4.79638e-005 0.0001815606 0.001366791 0.0004614432 0.0001380839 0.002683161 0.0009858997 0.001356065 0.0003419196 0.002615572 0.000799719 0.0008471391 0.002263498 0.005232906 0.002803137 0.002933649 0.001786979 0.001169185 0.00572936 0.0067071 0.02589903 0.02438005 0.02168165 0.03201064 0.01193111 0.0008454527 0.0007811387 0.0007495983 0.000757542 0.004605968
0.1652514 0.1440206 0.08960774 0.06823276 0.04545762 0.08860086 0.1146745 0.05728785 0.04022286 0.05019531 0.03715051 0.03283798 0.0449518 0.06189442 0.05594226 0.03769949 0.02519345 0.02988281 0.02572778 0.005437565 0.001912678 0.00800317 0.0003553803 0.0002022448 0.0006062504 0.0001362708 4.789009e-005 5.865221e-005 5.032434e-005 5.590401e-005 7.572419e-005 0.0001431573 0.0006679547 6.901918e-005 0.0001012753 0.0001885013 0.0002322238 0.00030003 0.0003913417 0.002331977 0.00615026 0.003372476 0.009893581 0.007359182 0.007073753 0.002311053 0.03628571 0.05407539 0.02364012 0.003303524 0.004377217 0.001956967 0.002201066 0.004221089 0.0004865087 0.007507444
0.1087001 0.07995554 0.08840787 0.07885786 0.05632449 0.1281966 0.1218407 0.05277185 0.07477307 0.1129653 0.05656669 0.04109688 0.05944028 0.06761421 0.1014944 0.04731751 0.01012143 0.01749265 0.01499969 0.007393732 0.002441558 0.001905315 0.0004330995 0.0002459371 0.0001260226 0.0001910069 4.856749e-005 5.157663e-005 3.560831e-005 4.443127e-005 3.633163e-005 0.0003942628 3.339559e-005 3.098874e-005 5.005824e-005 0.001320386 0.01060322 0.002743978 0.0002595535 0.0007792067 0.002478502 0.005963007 0.008797729 0.01174519 0.01052473 0.001420524 0.004690623 0.0246725 0.005889022 0.0007588938 0.002501853 0.00154551 0.01383102 0.01502999 0.01061493 0.006449566
0.0710952 0.1017118 0.1706633 0.1125176 0.06482986 0.09703621 0.1183568 0.06926036 0.09406478 0.08705656 0.05232976 0.06338726 0.0644649 0.1179815 0.1384989 0.03457892 0.01571866 0.02135525 0.01149573 0.013266 0.002469181 0.0007831328 0.0005984227 0.0003451912 0.0001841887 9.179863e-005 7.393352e-005 0.0002793583 5.288758e-005 3.865541e-005 0.0003561873 0.001577547 0.002852533 0.0003042961 0.0001292469 9.755376e-005 0.001503731 0.01115665 0.001139148 0.003479608 0.002022434 0.002695315 0.005880043 0.01664065 0.02592718 0.01212709 0.0025024 0.0005954802 0.001214231 0.001009223 0.004988091 0.01132637 0.0006470241 0.01490364 0.02435828 0.01904605
0.1638984 0.1793311 0.1641142 0.138108 0.1083875 0.08866001 0.08797433 0.1068311 0.08601587 0.1013739 0.1094182 0.07999472 0.09754397 0.1673739 0.1231656 0.03748492 0.01863933 0.02098296 0.0228743 0.004729442 0.001631881 0.002248504 0.0008498104 0.0004995569 0.0003297897 0.0001492877 0.0001242887 0.0007618667 0.0001016514 0.0001275721 0.0005656344 0.0005516362 0.00115259 0.0002389557 0.0002494159 0.0002310245 0.000247467 0.001879331 0.004409302 0.009294254 0.006347183 0.01126861 0.02564504 0.03095428 0.03890605 0.0183343 0.008184887 0.01352645 0.01813606 0.01239784 0.008240175 0.005828135 0.008545154 0.02016357 0.03884927 0.02354252
0.3097723 0.3196909 0.2942939 0.2262277 0.195358 0.117214 0.1296767 0.0973769 0.0808694 0.05011671 0.07569288 0.112788 0.08105428 0.1372495 0.09403718 0.05134322 0.0452457 0.01633539 0.03211538 0.02006764 0.01747213 0.001754706 0.001383106 0.001272899 0.001241262 0.0003018034 0.0002583832 0.0004504404 0.0003461072 0.0002814204 0.0003239668 0.001679578 0.001139935 0.0009000789 0.001116492 0.001313976 0.00126506 0.002314899 0.007046571 0.0122242 0.006280458 0.0143209 0.02775781 0.01677232 0.01140346 0.01171929 0.01287966 0.01438231 0.0127727 0.01238344 0.009135089 0.001851188 0.01512621 0.02191216 0.02769063 0.02054703
0.3750331 0.3941786 0.3313538 0.2592194 0.2580452 0.1767726 0.1190457 0.09112295 0.07386184 0.06493508 0.1057996 0.126374 0.1716588 0.1820324 0.09329608 0.07104874 0.0517071 0.03366039 0.02760547 0.02464007 0.01333884 0.003108859 0.002293543 0.005661237 0.001686932 0.0005144862 0.0003769457 0.0008853278 0.0004580001 0.0003944226 0.0004144513 0.0001483859 0.0005685527 0.002395947 0.001723073 0.00115185 0.001655412 0.002266796 0.01121013 0.01449335 0.01239555 0.008941173 0.01540171 0.01990147 0.02114065 0.01441849 0.007106781 0.002130635 0.01879261 0.01412959 0.01669873 0.04119394 0.02779092 0.02278204 0.0307661 0.0353008
0.4024612 0.3719153 0.3296771 0.2669269 0.2333962 0.2760823 0.2614436 0.1963027 0.08311874 0.09522897 0.102547 0.1294312 0.1722819 0.1332569 0.08398554 0.06145506 0.04551233 0.07253153 0.02926126 0.01655089 0.007126524 0.004266627 0.01073021 0.01089537 0.005509602 0.0004973679 0.0004273337 0.001110553 0.000857046 0.000680747 0.0006226177 0.0003051409 0.0003326701 0.001892813 0.0007585001 0.00164456 0.002172981 0.006122712 0.01521101 0.01476491 0.009583144 0.004239726 0.01215724 0.006483731 0.002113006 0.004186952 0.002921669 0.01587187 0.02549624 0.02207063 0.04399808 0.03956901 0.01773244 0.02286783 0.03481594 0.03745404
0.3663657 0.3399439 0.3549115 0.2578984 0.1957734 0.1874119 0.2904847 0.2454759 0.1049975 0.1325839 0.1169582 0.1687738 0.2037928 0.1356373 0.09271591 0.08227056 0.05708205 0.0622129 0.03414004 0.03346291 0.01165679 0.01353829 0.005473481 0.01217265 0.00609946 0.0007163919 0.0006483336 0.001315811 0.001183282 0.001700391 0.00207215 0.0006966501 0.0008010784 0.01271312 0.001574593 0.00252174 0.003073397 0.01363402 0.0132388 0.01115598 0.006970856 0.004714223 0.005068872 0.003206004 0.002778106 0.004025972 0.005175449 0.0271822 0.02736424 0.01864934 0.02784463 0.02173305 0.01199721 0.01525112 0.01328632 0.01638497
0.3536347 0.3288087 0.3054202 0.2441944 0.1767844 0.2017891 0.3034626 0.1726098 0.1373939 0.09806401 0.06634764 0.08803827 0.1581284 0.1114485 0.09976216 0.05873106 0.02906304 0.02805113 0.04199106 0.03255829 0.02326181 0.01063319 0.009193275 0.01333589 0.003265979 0.002289394 0.002256503 0.00169297 0.005047917 0.003793621 0.002352079 0.001387629 0.001576439 0.00482199 0.002537787 0.005108764 0.006041391 0.009382986 0.006298807 0.01219837 0.008522057 0.00414017 0.003912918 0.003832599 0.005095438 0.007521033 0.002538543 0.006860432 0.02094838 0.005305985 0.005542162 0.009475787 0.007064704 0.0005941992 0.003497771 0.008657878
0.3152874 0.3402562 0.2612077 0.2252118 0.168963 0.160098 0.1294717 0.2562261 0.1415384 0.05104613 0.05645109 0.0619192 0.07499226 0.09618456 0.08242204 0.04835797 0.03525725 0.06324704 0.04098326 0.0239573 0.01804729 0.01675995 0.02235313 0.02252679 0.006109886 0.004185402 0.002351401 0.002098407 0.01010019 0.003669759 0.003760653 0.002052021 0.003276321 0.002516737 0.003197177 0.006454095 0.007433417 0.007623356 0.02120425 0.01230318 0.006118813 0.004721211 0.003668343 0.00497655 0.004316087 0.002387563 0.001816725 0.002209197 0.002164396 0.002097522 0.002063098 0.004636321 0.0005962622 0.0005805506 0.002383349 0.003222513
0.3697102 0.3008693 0.2474407 0.3682497 0.324561 0.2076117 0.1499729 0.1109712 0.06542426 0.04167104 0.08114449 0.09661949 0.1280843 0.1322979 0.1237953 0.08662496 0.074113 0.03534773 0.02249119 0.02328998 0.020955 0.02468394 0.02859335 0.02733493 0.02490987 0.02849611 0.005650443 0.003818596 0.01230443 0.01161237 0.006527277 0.002752198 0.002446729 0.003666007 0.003719795 0.007152043 0.008312988 0.00849019 0.007726067 0.006106799 0.005606719 0.005802509 0.006229938 0.003400297 0.002369703 0.003804957 0.003291479 0.003266619 0.002037126 0.001976525 0.005310799 0.005281074 0.0005650022 0.001061138 0.002322598 0.0005201082
0.3665005 0.3421551 0.2675325 0.3468253 0.3276877 0.1871115 0.131061 0.07818483 0.07752222 0.09686488 0.1056649 0.2068698 0.2316214 0.1438894 0.182192 0.1232815 0.0605001 0.04079751 0.04162972 0.0642968 0.05105507 0.02497253 0.0369815 0.06413981 0.05694583 0.02347566 0.008763033 0.01829969 0.02412931 0.01359613 0.00375459 0.005747756 0.00304831 0.00337234 0.005039434 0.01049533 0.008808135 0.008934062 0.008134024 0.006438064 0.007099104 0.005085994 0.004078383 0.003474079 0.003363014 0.001818941 0.004872263 0.008530735 0.001802581 0.001745817 0.001735981 0.007729423 0.002452013 0.0005036797 0.00220876 0.0004724613
