contrib/geomasonDemos/riftland/DataFiles/RainData/137.txt
ncols         56
nrows         54
xllcorner     28.264
yllcorner     -5.7719999999999
cellsize      0.25
NODATA_value  -9999
[rows 27 to 53 of 54, columns 0 to 55 of 56]
0.3699077 0.3600766 0.307018 0.4081626 0.2440369 0.2384764 0.1941635 0.2488573 0.1810511 0.2382843 0.1638433 0.2415334 0.1819193 0.18683 0.2064097 0.1750246 0.1888212 0.2729368 0.3610726 0.3911329 0.3600251 0.4561982 0.3946037 0.266206 0.2870257 0.2290295 0.2173057 0.2426609 0.2257274 0.2238661 0.2090785 0.2457996 0.2113403 0.1761039 0.1324739 0.1222627 0.09726033 0.09360562 0.08745427 0.06137403 0.05690514 0.0527658 0.04169686 0.02169579 0.0212508 0.02541555 0.01346519 0.01650549 0.01842752 0.02060512 0.03583657 0.07976515 0.08553962 0.07262054 0.08385655 0.09161855
0.4642064 0.3965373 0.2951522 0.2814869 0.2367363 0.2525736 0.2288836 0.2751965 0.2061972 0.1729154 0.1580974 0.1539677 0.1257384 0.1506327 0.1562832 0.1440161 0.1423046 0.2087344 0.3057235 0.2865621 0.3207291 0.4100134 0.4350528 0.3326282 0.3048847 0.3036318 0.2936891 0.2491022 0.2651153 0.2176919 0.1997489 0.2076849 0.1931572 0.15893 0.1362162 0.1212561 0.1174159 0.1037963 0.0991933 0.06554419 0.06055024 0.05293244 0.04326349 0.0221002 0.02756311 0.02537182 0.04137949 0.01461369 0.01983597 0.02288694 0.02712795 0.05680364 0.06948813 0.04782834 0.08632235 0.07418533
0.4537682 0.459528 0.4779565 0.3816134 0.2530331 0.1908402 0.1785299 0.271457 0.2137937 0.1674501 0.1444096 0.1486807 0.1309255 0.1498802 0.1157274 0.1472247 0.1268239 0.1374797 0.3182623 0.3052187 0.3203005 0.2997233 0.3318208 0.3074784 0.3634541 0.4131314 0.3119918 0.2771921 0.2574007 0.2210485 0.1968347 0.1623187 0.1655149 0.1455732 0.1418839 0.1226676 0.1118715 0.1221479 0.1539021 0.09101641 0.06120619 0.06214998 0.04311071 0.02587348 0.02674646 0.02488462 0.03188123 0.01354061 0.0192218 0.02476338 0.03634517 0.03938922 0.04316831 0.0397245 0.07726403 0.07269108
0.4809866 0.4013146 0.4190058 0.306776 0.1963755 0.1679312 0.1613772 0.1742302 0.1676368 0.1374683 0.1425849 0.155418 0.1608711 0.1213681 0.1046127 0.1275948 0.1195511 0.1620707 0.2620187 0.3153211 0.480552 0.4171865 0.3800083 0.3281403 0.3083514 0.3179004 0.3018968 0.2621161 0.2857997 0.2225953 0.2050114 0.2084034 0.1660846 0.1372256 0.1442399 0.1379934 0.1486397 0.141937 0.1631054 0.1252216 0.1007996 0.06083727 0.04305252 0.0215427 0.01431379 0.01073753 0.01248444 0.01862431 0.01975649 0.03253216 0.03932888 0.05189192 0.05416049 0.05332036 0.09401922 0.08856854
0.5072776 0.4272007 0.3632503 0.3073783 0.2232103 0.1945747 0.133401 0.1508601 0.1417339 0.1016509 0.08964649 0.1441041 0.140207 0.1314906 0.1651628 0.1287318 0.1949582 0.2388867 0.27269 0.3161137 0.4384907 0.42257 0.3361757 0.2996639 0.3129619 0.2815181 0.2430167 0.2363998 0.2775502 0.2151837 0.2051673 0.2105896 0.1871482 0.1578744 0.1523528 0.1853953 0.2106144 0.1835164 0.152207 0.1577768 0.09561073 0.05738304 0.04229623 0.01558986 0.013509 0.0131847 0.01859767 0.02497478 0.02477236 0.04082116 0.05800208 0.09240402 0.08626223 0.1675675 0.1164583 0.04752492
0.5280299 0.5237811 0.3450069 0.2131325 0.1428971 0.09535931 0.1219715 0.1201229 0.1024489 0.09585103 0.07612976 0.1134494 0.1140066 0.1406633 0.1742884 0.1955655 0.3043316 0.4328715 0.3367649 0.2916077 0.5047045 0.5092325 0.3626495 0.2982332 0.3203475 0.2884076 0.2826065 0.2833016 0.2808443 0.2200782 0.1883796 0.1856514 0.1872208 0.1755641 0.1566331 0.2002665 0.1942318 0.1708043 0.1341925 0.07316595 0.06456885 0.05300356 0.04062466 0.0132976 0.01138077 0.01496229 0.01366186 0.01944707 0.02427375 0.05108742 0.06530105 0.07210027 0.08083592 0.09766731 0.08556315 0.02762865
0.4560089 0.3823387 0.2085144 0.1705789 0.1264135 0.1020354 0.1511471 0.1205392 0.09571868 0.1166616 0.08924204 0.1020165 0.1152418 0.1361801 0.2279327 0.2480863 0.3693379 0.3610913 0.3433304 0.4046412 0.4352499 0.4713644 0.3766063 0.3508047 0.3228105 0.3243867 0.2982889 0.2826487 0.3010857 0.2814654 0.2064852 0.1893141 0.1889326 0.1695499 0.1519437 0.2087714 0.1729477 0.1386003 0.1245345 0.06763114 0.05641059 0.05093367 0.03829576 0.01216074 0.009008209 0.01960785 0.03744141 0.02199967 0.02427318 0.0381675 0.0394715 0.06972692 0.07079934 0.1098626 0.04384629 0.01349173
0.5137507 0.3404641 0.2096066 0.1664079 0.1211501 0.1558462 0.1764312 0.1061608 0.07974245 0.08263515 0.09304811 0.1011105 0.1149199 0.1257852 0.2098124 0.2542778 0.3964612 0.4345216 0.3903481 0.3396427 0.3813068 0.4175269 0.3085918 0.286318 0.3798872 0.3130385 0.3016705 0.2583859 0.2358529 0.22252 0.1919274 0.1684811 0.1590119 0.1583603 0.1510522 0.1683507 0.1481614 0.1232452 0.1095871 0.05961558 0.04967726 0.04139433 0.03629109 0.01181236 0.02091281 0.03738633 0.02773816 0.03160135 0.03779729 0.04288316 0.03697315 0.05770938 0.043952 0.04706951 0.02287596 0.01624873
0.5839326 0.4749973 0.2232967 0.195358 0.149324 0.1298134 0.1171623 0.1252552 0.116116 0.1233778 0.1317369 0.1255221 0.1451998 0.175262 0.2261223 0.3344812 0.3430476 0.3615482 0.3416753 0.281737 0.2951116 0.290956 0.3081158 0.4136176 0.5126162 0.3885323 0.2880609 0.2433514 0.2043001 0.1726703 0.1480701 0.1578918 0.1372539 0.1359713 0.1346954 0.1435609 0.1245756 0.105305 0.09041828 0.04559957 0.03097535 0.03134691 0.02310751 0.01086877 0.01015192 0.0385194 0.02269386 0.05370927 0.06351209 0.07194101 0.07458819 0.08965182 0.07090706 0.0546029 0.04200603 0.01908708
0.5056125 0.345173 0.1835152 0.1568543 0.1540817 0.1175813 0.1052047 0.1361327 0.1465394 0.137941 0.1360434 0.1385069 0.1604164 0.1706582 0.255821 0.3799137 0.3656624 0.4177604 0.4050979 0.3472982 0.3453187 0.2962121 0.3426862 0.5752448 0.6153315 0.3416669 0.2620892 0.2413515 0.1928259 0.1334938 0.1313211 0.1565652 0.1311924 0.1369065 0.1223493 0.122606 0.1125015 0.1011071 0.08668897 0.0359211 0.02683634 0.02409519 0.02080202 0.0152738 0.01445207 0.03648032 0.034855 0.07837586 0.08899522 0.1438134 0.1046229 0.1184498 0.08459666 0.07255647 0.06536289 0.03228663
0.52689 0.2762567 0.1302185 0.1312273 0.1207933 0.1280351 0.1225436 0.1482895 0.1562482 0.158911 0.1585091 0.1698284 0.1678849 0.1927297 0.2713695 0.2920594 0.3599433 0.3832523 0.3759922 0.3538086 0.3127071 0.3076428 0.3751685 0.5116854 0.3524122 0.2617635 0.2090046 0.1934859 0.1866682 0.1376616 0.1086353 0.1860049 0.1368954 0.1166094 0.1116334 0.1050429 0.09549094 0.0823267 0.0702915 0.02647587 0.0228956 0.01863311 0.02543472 0.01822482 0.01909721 0.02427171 0.0388414 0.06482571 0.08796305 0.1058502 0.1407525 0.1105881 0.09156238 0.0897712 0.1022387 0.05263113
0.4704071 0.1981341 0.1186988 0.1537901 0.1189208 0.1507374 0.1497397 0.1466648 0.1138839 0.1324322 0.1403782 0.1777627 0.1847701 0.2038588 0.299227 0.2465293 0.2233436 0.2789895 0.3071574 0.2635642 0.278304 0.2466459 0.3317384 0.3370852 0.2311834 0.1874454 0.1785748 0.1635709 0.144069 0.1210768 0.1243673 0.1457063 0.1163245 0.09741081 0.09164844 0.08715224 0.08451051 0.06806313 0.05414021 0.02027256 0.01551185 0.01487918 0.01983893 0.01655906 0.0232139 0.03909051 0.04912028 0.08280194 0.09790102 0.1358 0.1402003 0.138806 0.1202316 0.1489761 0.1180018 0.1140591
0.3322154 0.1797979 0.1034224 0.1633281 0.1243425 0.1247614 0.1330087 0.1467034 0.1295384 0.1457403 0.1553241 0.1229661 0.1495979 0.167942 0.2381703 0.2071388 0.16388 0.199519 0.2154673 0.1778445 0.1996869 0.1875885 0.2123921 0.1959992 0.1941278 0.1596412 0.1355879 0.1161127 0.09895295 0.09798118 0.1279486 0.1081484 0.07119721 0.0501148 0.04370776 0.03522285 0.04067699 0.02540175 0.01975815 0.01162209 0.009568326 0.01144804 0.01599659 0.04436085 0.05824317 0.07888032 0.09854596 0.1136206 0.1326006 0.1611947 0.1627492 0.2067135 0.2010303 0.1896606 0.1610404 0.1981196
0.3564387 0.1389524 0.090312 0.1411472 0.1291942 0.1294186 0.1380424 0.1497479 0.1558301 0.1793588 0.1634161 0.1180802 0.1167622 0.1324477 0.1524042 0.1193931 0.09682807 0.1384733 0.1157786 0.120087 0.1204644 0.1741439 0.139137 0.1566438 0.1539379 0.1491688 0.1266024 0.09760997 0.08149285 0.07377067 0.0664799 0.09149788 0.06251682 0.04502011 0.04897557 0.02629092 0.01895041 0.0190531 0.01631538 0.008665573 0.00657899 0.01308294 0.01870307 0.0571721 0.0721852 0.08393967 0.1070619 0.1151882 0.1358253 0.1699528 0.1897837 0.2088643 0.1868057 0.1890476 0.1816833 0.1932156
0.3446331 0.1354607 0.07473566 0.1179398 0.1360257 0.1527905 0.1432233 0.1689894 0.166768 0.2028142 0.155142 0.09856897 0.09641757 0.09714745 0.1060895 0.07986637 0.08157907 0.06713954 0.09383936 0.1244308 0.114732 0.1372572 0.1321149 0.1363261 0.1097498 0.1052296 0.09985618 0.07885799 0.0704884 0.05125807 0.04168049 0.06191712 0.0333142 0.03411048 0.03534717 0.02592501 0.01864437 0.01578393 0.0119879 0.007698335 0.007199376 0.0106432 0.01861312 0.04967974 0.07554215 0.09396034 0.1189684 0.1394359 0.1367692 0.147789 0.240129 0.2090956 0.2035878 0.2214976 0.2060363 0.1835798
0.399508 0.1998869 0.1446698 0.1421952 0.1689888 0.1503931 0.1786833 0.1628387 0.1468365 0.1183655 0.1194829 0.08885908 0.093379 0.1120434 0.09937575 0.08077765 0.06677131 0.07382599 0.07748859 0.08542565 0.08885194 0.08253209 0.08417088 0.08719581 0.08692951 0.07552108 0.07255799 0.05974487 0.06597209 0.04802422 0.04225077 0.03069467 0.02752716 0.02957238 0.023491 0.04264238 0.02835045 0.01989196 0.00920502 0.006775275 0.01102603 0.02260863 0.05141972 0.04916136 0.06842545 0.09411936 0.1233455 0.1472104 0.139428 0.1500583 0.2319293 0.2017858 0.1970381 0.2325797 0.2420784 0.1677369
0.3663808 0.2145923 0.1739663 0.1300889 0.1139475 0.1137401 0.09889231 0.1015702 0.09598016 0.07652657 0.08251663 0.1021958 0.09645729 0.08403607 0.06271051 0.07674773 0.09306601 0.07636946 0.05806887 0.06930397 0.05041522 0.0622642 0.0622322 0.07333013 0.08938224 0.0559943 0.0513102 0.06297903 0.04260202 0.02687277 0.02607214 0.02404588 0.01978941 0.02550318 0.03110926 0.04830726 0.1619591 0.05751684 0.01739713 0.01166452 0.005408912 0.01278467 0.01741341 0.04977885 0.0700856 0.102249 0.1336669 0.185109 0.1793742 0.2135728 0.1937424 0.1924467 0.2097015 0.2869647 0.2503628 0.1427419
0.2268534 0.1739274 0.1148887 0.09207698 0.07038611 0.08452017 0.0787848 0.06919459 0.07825658 0.0818288 0.1363382 0.1286887 0.1274627 0.1022762 0.08883242 0.09861945 0.09057072 0.06109669 0.05295233 0.06704289 0.0576325 0.05513356 0.05173713 0.04658261 0.08202456 0.05571448 0.03643027 0.02731605 0.01425249 0.01534663 0.01749329 0.02200677 0.03357992 0.05186932 0.04504538 0.0318664 0.02501581 0.01289993 0.02058017 0.006556799 0.01930242 0.01432558 0.01413181 0.04919951 0.07366291 0.09282655 0.1009609 0.1436122 0.1649902 0.1398785 0.1470172 0.1719483 0.2176752 0.261712 0.214644 0.1418548
0.2351762 0.1317999 0.08377648 0.09101375 0.07150637 0.07451289 0.06041117 0.05851884 0.07332629 0.05204117 0.06280908 0.1209198 0.1057705 0.07504738 0.07923682 0.08046367 0.08987156 0.07851291 0.06500218 0.09061623 0.08908793 0.03870318 0.02856429 0.04940787 0.04829187 0.03637464 0.0351683 0.02416681 0.01184125 0.01066899 0.01467044 0.01631536 0.0177615 0.0128274 0.0126041 0.02948857 0.02072542 0.04103872 0.02631584 0.01738908 0.0196955 0.01486927 0.01565279 0.05365788 0.07404165 0.09527723 0.1166217 0.1499551 0.2068407 0.1396348 0.1269955 0.1566261 0.1967156 0.1785466 0.1630085 0.1609677
0.1530223 0.09560798 0.06645813 0.06166191 0.08085506 0.06560775 0.05705391 0.06246828 0.05754242 0.04268995 0.05581529 0.08652586 0.1017876 0.06867256 0.07888002 0.08973235 0.07726675 0.09867655 0.07917476 0.06678715 0.05353735 0.03204764 0.02272683 0.03584274 0.02708687 0.03635966 0.03839666 0.01957446 0.0436945 0.0452168 0.01235968 0.01549762 0.01848987 0.04125036 0.01792653 0.01383402 0.02208842 0.02369903 0.01762479 0.02636357 0.0297253 0.01607415 0.02072095 0.057607 0.08074071 0.09823035 0.1333058 0.142848 0.134226 0.1351803 0.1362368 0.1505588 0.1887068 0.1717772 0.1543485 0.1568549
0.09613433 0.06680572 0.04563728 0.07671047 0.09786762 0.1065548 0.08704737 0.05882575 0.05559433 0.05442286 0.07539152 0.08397732 0.0827564 0.0591034 0.07390516 0.08943494 0.07181321 0.07780833 0.04317103 0.05937296 0.03104575 0.02367806 0.02327714 0.0270363 0.05345554 0.04163848 0.02502676 0.03525035 0.04718406 0.03790713 0.03515289 0.01022597 0.005358167 0.02089539 0.01948167 0.01471824 0.01417485 0.01975398 0.02012174 0.01552692 0.01638139 0.01959099 0.03915996 0.07443914 0.09382193 0.1261731 0.2324561 0.1382044 0.1266238 0.1263182 0.1982441 0.2683065 0.1978226 0.1828226 0.2190726 0.2199597
0.08925208 0.03677298 0.04097165 0.08226648 0.1119222 0.1397626 0.08094668 0.05989346 0.06335238 0.04885552 0.04512085 0.06178924 0.06103378 0.04244302 0.07452027 0.07434481 0.05896038 0.06768512 0.0252134 0.02849343 0.02089583 0.02880357 0.03445039 0.04178414 0.05435676 0.0212247 0.01478199 0.01840376 0.02562676 0.02739678 0.01208264 0.004381952 0.009976284 0.01573715 0.02162243 0.0193139 0.02075647 0.01257906 0.0269463 0.02328834 0.03567419 0.03072295 0.04328672 0.07320228 0.1058583 0.1431581 0.215409 0.1303449 0.1232024 0.1263974 0.1906257 0.2185484 0.1954838 0.2366129 0.257379 0.2560484
0.05996564 0.06140633 0.07935166 0.1209246 0.1212857 0.09527874 0.07186347 0.06518043 0.04343182 0.03841393 0.03637946 0.04850566 0.03818611 0.03338838 0.05819795 0.04946062 0.0330983 0.05180808 0.01626873 0.01553636 0.01831959 0.03506357 0.02971238 0.02381778 0.02505021 0.01256618 0.005627235 0.01814871 0.01460351 0.01174646 0.009938525 0.008283931 0.02352007 0.008599811 0.01004191 0.01740183 0.01485499 0.02696642 0.02136723 0.02506633 0.03551855 0.03459049 0.0565464 0.07040247 0.09726014 0.1928664 0.2030827 0.1429162 0.1351622 0.1337076 0.1356313 0.2202822 0.1454032 0.1967339 0.2318145 0.264879
0.03844955 0.05190941 0.1005162 0.1381922 0.12692 0.08414533 0.06480433 0.0669188 0.05407751 0.04145595 0.03454622 0.03894006 0.024298 0.0278333 0.0316317 0.04621053 0.03580295 0.02265871 0.0199898 0.01984038 0.0192153 0.03060289 0.0180143 0.0131822 0.00683783 0.005002647 0.004336305 0.01090892 0.01599267 0.02419361 0.03014864 0.02704605 0.009811452 0.005602682 0.006835165 0.01067146 0.0183799 0.02052273 0.02724151 0.02400378 0.02820805 0.05302606 0.07168788 0.09282257 0.1317147 0.1854787 0.1423538 0.1494568 0.1197124 0.1819289 0.1698699 0.2044355 0.211129 0.1866935 0.2325806 0.1905645
0.04995912 0.06972306 0.1092403 0.1347898 0.1033704 0.08127484 0.06130027 0.05824563 0.0535543 0.03267626 0.02662411 0.0446265 0.03480342 0.02954383 0.03022239 0.0414473 0.02535022 0.02499624 0.0187737 0.01872075 0.02439341 0.01603452 0.009514176 0.005768261 0.01419963 0.01040091 0.01095917 0.01409421 0.01084814 0.01575608 0.0201086 0.02235022 0.02030147 0.01346743 0.01340141 0.0227834 0.02817171 0.02568918 0.04148093 0.07487679 0.07675425 0.09906469 0.1212337 0.1307911 0.1681246 0.2665691 0.1611272 0.1338449 0.1443585 0.1975445 0.2161195 0.2132661 0.2543145 0.1952419 0.2420564 0.26625
0.08442646 0.07675169 0.07225238 0.07846238 0.07321729 0.08716062 0.07255676 0.08085594 0.03555007 0.02990667 0.02952392 0.0247847 0.02633632 0.02585978 0.03651231 0.04264606 0.02977882 0.02436381 0.02227893 0.0230684 0.01915327 0.0162995 0.007586599 0.007545824 0.01138645 0.0108362 0.009032386 0.0192769 0.01992046 0.01096626 0.00661663 0.009594993 0.01381773 0.008594145 0.01168638 0.02279275 0.02701951 0.03589214 0.0512625 0.071654 0.1092833 0.1190718 0.1121609 0.09099165 0.1336987 0.192846 0.1837205 0.1427121 0.1410919 0.1920414 0.1629139 0.1767339 0.2089113 0.2804032 0.3004033 0.2923387
0.04749573 0.04929431 0.05822087 0.06150723 0.05869102 0.0700957 0.09217568 0.07255876 0.08023073 0.03722635 0.02205903 0.01672866 0.01756113 0.02450354 0.03309762 0.02973177 0.03616334 0.03069373 0.02192401 0.02905036 0.0209837 0.01296372 0.008048361 0.008194444 0.01028191 0.01206391 0.008041131 0.01439581 0.01569555 0.006431683 0.002134478 0.02335378 0.01678308 0.01448362 0.0251698 0.03004135 0.04899716 0.1031196 0.07357659 0.1251688 0.1548372 0.1960262 0.08903541 0.09046265 0.1227016 0.150876 0.161629 0.1802861 0.1953882 0.1850477 0.1703108 0.1596371 0.2077016 0.2635887 0.294879 0.2247984
