contrib/geomasonDemos/riftland/DataFiles/RainData/139.txt
ncols         56
nrows         54
xllcorner     28.264
yllcorner     -5.7719999999999
cellsize      0.25
NODATA_value  -9999
[rows 0 to 24 of 54, columns 0 to 55 of 56]
0.1020516 0.09382724 0.07448556 0.07603688 0.07290928 0.06390187 0.08524655 0.1056387 0.06921308 0.05309724 0.0518095 0.1166717 0.1328983 0.1742572 0.1217254 0.1157893 0.121665 0.08811427 0.07057068 0.1191591 0.134455 0.123606 0.0624981 0.06161924 0.04726098 0.05830542 0.06786835 0.1515097 0.2001788 0.1379266 0.1708143 0.1857883 0.1904734 0.1869471 0.1707999 0.1719638 0.1499329 0.1323112 0.1356431 0.09980424 0.07565276 0.08606374 0.06156319 0.08280413 0.09694267 0.131177 0.1273894 0.07690449 0.04486272 0.04092544 0.02597293 0.01007838 0.006408019 0.005727526 0.005925756 0.003960544
0.09272125 0.08072671 0.05323948 0.06896105 0.06229227 0.05707268 0.0896702 0.1075957 0.08862639 0.05633034 0.05080191 0.06946067 0.1057374 0.1090832 0.05760832 0.1061036 0.1097691 0.08121351 0.08845977 0.08278231 0.07653948 0.07862602 0.06675398 0.07770894 0.0895699 0.08475631 0.09214187 0.1128165 0.1095903 0.121754 0.1198214 0.1632507 0.1496631 0.1630513 0.1817625 0.163847 0.1609092 0.1448651 0.1210127 0.07720983 0.06205923 0.07590377 0.08134161 0.08484452 0.07810457 0.07544889 0.05759861 0.06643247 0.05306918 0.03645409 0.0166791 0.008846555 0.007019235 0.004573232 0.003877996 0.003978958
0.0688035 0.07433328 0.07597609 0.07569351 0.07967685 0.07469315 0.05374492 0.06209616 0.08315821 0.08940343 0.07035634 0.06753762 0.08270863 0.09935347 0.0678772 0.06960218 0.05852492 0.06595853 0.03973019 0.04894645 0.06702458 0.07324614 0.07007503 0.0669991 0.07432329 0.06713294 0.09193684 0.1043802 0.1176443 0.1446854 0.1037616 0.1326798 0.1422212 0.1547236 0.1529728 0.1606798 0.169103 0.141761 0.08917727 0.05652094 0.06080958 0.05167508 0.08110027 0.1326186 0.07529187 0.07343967 0.103204 0.05922427 0.01927821 0.0182865 0.01289652 0.005782145 0.005363075 0.004646307 0.003220931 0.002327154
0.08969619 0.09416033 0.07464306 0.05473028 0.05111166 0.0397123 0.0284336 0.052655 0.0717829 0.09625801 0.06358963 0.0601522 0.07797877 0.08376187 0.05393229 0.07035325 0.04764993 0.05143509 0.06778864 0.07178877 0.06360894 0.07610115 0.07542689 0.1517397 0.1352779 0.1396859 0.1483525 0.1134763 0.09719229 0.08631171 0.07660983 0.09686121 0.1276972 0.1285294 0.1149802 0.09650934 0.08234831 0.08647258 0.05318275 0.05722826 0.05395719 0.07417986 0.1104537 0.1689375 0.08121334 0.05547308 0.05660938 0.02900304 0.02047556 0.02140673 0.01379847 0.008102531 0.005122688 0.004171611 0.003482325 0.001899692
0.07988703 0.07039879 0.05781451 0.05422178 0.04747886 0.0491197 0.06100101 0.06619421 0.09102736 0.0896074 0.04267398 0.06686253 0.09942959 0.07566313 0.06538013 0.07154229 0.08248182 0.09251243 0.07720381 0.09313902 0.09340601 0.1047017 0.1288674 0.1663839 0.1250377 0.1303215 0.09003362 0.06951123 0.07585063 0.05318163 0.07202423 0.08144559 0.1019428 0.1373928 0.1287326 0.09600074 0.07924054 0.05129098 0.04182472 0.05215824 0.06491503 0.08234421 0.08955665 0.08861985 0.03901349 0.02198948 0.02378598 0.02821412 0.02805437 0.01796453 0.01227454 0.005314829 0.003968928 0.003004516 0.002448715 0.001256518
0.1110513 0.09241413 0.06556042 0.06178928 0.07764047 0.07115834 0.08796098 0.09125093 0.09388794 0.09191222 0.0724267 0.07380283 0.06224153 0.06186025 0.07079218 0.1010912 0.0827385 0.08161052 0.09300146 0.1221527 0.105808 0.09909367 0.1097723 0.1154663 0.1027249 0.08895557 0.05511644 0.07165141 0.06131482 0.05379362 0.04775584 0.06871475 0.07512958 0.09990286 0.09496208 0.06457914 0.04694375 0.03599688 0.03760004 0.04231319 0.06934723 0.09642599 0.05649302 0.03689915 0.05350925 0.01576103 0.01577105 0.01598042 0.0177198 0.0108905 0.009215174 0.004263449 0.00301215 0.00214111 0.001699319 0.0008227806
0.1036776 0.098519 0.08449048 0.07757866 0.09690486 0.08146989 0.06262032 0.0563022 0.07243127 0.06649474 0.03701394 0.05157107 0.04289443 0.05124023 0.08490334 0.07379992 0.08877486 0.08435955 0.08919217 0.1037233 0.1006066 0.09876783 0.07462072 0.07405621 0.09774876 0.05561279 0.02606859 0.03069909 0.03806573 0.03871895 0.0185917 0.04907093 0.05151268 0.06350119 0.04358438 0.03322475 0.03335158 0.03669975 0.0342373 0.0541887 0.06991932 0.05841882 0.04396301 0.02166593 0.01400915 0.01226702 0.01044257 0.0114381 0.009814528 0.008887626 0.006840863 0.005333376 0.002283279 0.001620144 0.002710101 0.003310176
0.0928307 0.1040321 0.1161526 0.1212372 0.1663553 0.08905418 0.07485542 0.05325468 0.05399697 0.045662 0.03197026 0.05358657 0.07711265 0.07448507 0.09167803 0.08147858 0.1121582 0.07329825 0.08979505 0.1569404 0.1236837 0.1192493 0.05398415 0.06845716 0.05354699 0.03409019 0.01699823 0.02769 0.0251395 0.05138547 0.04928187 0.04309702 0.04131398 0.04893057 0.03004707 0.03729003 0.0344524 0.04513895 0.05021261 0.02867989 0.02213839 0.02285229 0.01898798 0.008462333 0.004931896 0.004208718 0.004217927 0.002414699 0.002494755 0.002086199 0.00142172 0.0008155425 0.0005596185 0.0003881845 0.000306657 0.0003821675
0.08931041 0.07625416 0.104253 0.09509828 0.08441764 0.06499827 0.05199958 0.0480711 0.05529292 0.05138565 0.02828298 0.05094455 0.07137018 0.114947 0.138239 0.1301651 0.1619043 0.1349074 0.1661446 0.2656725 0.1517319 0.08899456 0.04265179 0.04555466 0.04300846 0.05720468 0.05287108 0.03809598 0.0120855 0.01734199 0.02022391 0.03947072 0.04375347 0.03771926 0.04002841 0.04492971 0.03914748 0.03243935 0.0311668 0.01963932 0.01668644 0.0112642 0.01013481 0.00630195 0.005415397 0.003439134 0.008041924 0.002489377 0.002195685 0.0007580896 0.0006155968 0.0003528846 0.0002410202 0.0001686356 0.0001357822 0.0001769994
0.09549898 0.09533935 0.1144365 0.05843766 0.03452773 0.03194534 0.03987145 0.07928512 0.05972969 0.06293222 0.03387332 0.06024962 0.07475272 0.09613712 0.1516955 0.253772 0.3153819 0.2245147 0.2043353 0.1570288 0.0866894 0.04039457 0.01655885 0.01369358 0.01165175 0.03353681 0.03722282 0.02362392 0.01253214 0.0113823 0.01527241 0.02724766 0.03155835 0.07511014 0.05276692 0.03658099 0.03161329 0.02191852 0.01874732 0.01659959 0.01078144 0.008922994 0.007289766 0.002497051 0.003594183 0.001819861 0.001802144 0.001849525 0.002487963 0.0002103077 0.000173283 0.0001026961 7.483328e-005 5.785898e-005 5.132201e-005 7.726913e-005
0.0986627 0.1086044 0.08331731 0.05849088 0.0563687 0.04023543 0.04318509 0.06442938 0.06590808 0.05116385 0.05565717 0.06714731 0.1240548 0.1489343 0.1348691 0.2289634 0.2434509 0.2225673 0.1920027 0.0662052 0.03094478 0.01234495 0.01598884 0.006553171 0.005424033 0.005794054 0.01816746 0.03343454 0.006911414 0.01012972 0.008150522 0.01323643 0.02631496 0.05679049 0.02585475 0.02216202 0.02174623 0.02276757 0.01694106 0.01252833 0.007762203 0.005545312 0.005385434 0.002325348 0.003273472 0.004062627 0.001546277 0.0019944 0.004137873 0.0006741991 0.0008771355 0.005212783 0.0002574785 6.194142e-005 5.639758e-005 8.809171e-005
0.08896335 0.09464648 0.06075527 0.05410217 0.0483714 0.05668817 0.05364357 0.08946397 0.09701478 0.09449156 0.08152016 0.07075612 0.1143382 0.1459728 0.1274224 0.1880495 0.1140804 0.1177415 0.09207778 0.05906072 0.118303 0.007942941 0.003856496 0.008352223 0.02420512 0.01004854 0.008717311 0.008700461 0.005516449 0.003093096 0.009247826 0.006002211 0.00708673 0.01241114 0.01054191 0.01444969 0.01798374 0.01948156 0.01582013 0.008742893 0.003511876 0.001043382 0.0009963983 0.00081703 0.0005587364 0.0009017435 0.0008404924 0.0004659623 0.001525503 0.001689984 0.0002918773 0.0008456334 0.003230992 0.001873418 0.0004930164 0.0004541894
0.1206079 0.1681727 0.140299 0.1154859 0.07116158 0.06480965 0.04245303 0.06685746 0.08136534 0.06617152 0.08967229 0.107946 0.1126751 0.1192841 0.2065744 0.1907883 0.1455896 0.09853531 0.05548253 0.0701816 0.08239251 0.02569591 0.01899682 0.01006776 0.01979477 0.008305482 0.006001754 0.01044973 0.0009130975 0.001020223 0.001158389 0.002960509 0.005481879 0.004120132 0.00835854 0.006710432 0.01385354 0.01579135 0.01594662 0.008553557 0.01120901 0.003760714 0.001155471 0.0001301602 7.745562e-005 5.000978e-005 4.834924e-005 0.001173411 0.0004603507 0.001240973 0.0007757297 0.0005602297 0.0005728343 0.0005635667 0.0005332889 0.0005014148
0.115618 0.1724 0.1868867 0.149444 0.1124073 0.0600039 0.04270095 0.06120495 0.06175844 0.06406696 0.07031486 0.07317364 0.1241493 0.1553274 0.2035897 0.2189468 0.1445224 0.09775271 0.08457198 0.1013139 0.2247633 0.1182585 0.03637331 0.01001328 0.001339049 0.002763991 0.005001833 0.001763081 0.000312615 0.0003623269 0.004111069 0.002282791 0.001397055 0.001440208 0.002354611 0.007170049 0.0135849 0.01625842 0.01956898 0.01129696 0.01041067 0.007286134 0.008862455 0.005540388 0.004142899 0.003393402 0.002408653 0.003151007 0.002800996 0.002618379 0.002349439 0.001742878 0.001267092 0.0007499456 0.000557668 0.000533893
0.1178198 0.1602599 0.1805447 0.1634248 0.1320442 0.1218884 0.06970165 0.06844582 0.05250586 0.07911855 0.0956196 0.08232497 0.1007333 0.1405827 0.1012964 0.1098743 0.1369802 0.1484808 0.1436304 0.08060919 0.07200277 0.08268949 0.02975537 0.003147295 0.001294158 0.003065591 0.0002959986 0.0002838077 0.001015662 0.006134726 0.001173773 0.0008970164 0.001025888 0.001051668 0.00334607 0.007318192 0.008603379 0.009397123 0.01374433 0.01176977 0.0198588 0.01365768 0.007662596 0.006341327 0.009789393 0.004440335 0.003949527 0.004474546 0.005225273 0.004000152 0.002655275 0.001828625 0.001188635 0.0006485285 0.0006098191 0.0005911641
0.1317045 0.1716302 0.260498 0.1897097 0.1491726 0.1485808 0.09782274 0.1087751 0.08614622 0.1339076 0.08523151 0.08260071 0.08590649 0.1145474 0.1194564 0.07361177 0.1065364 0.08881638 0.08308454 0.1347268 0.08180435 0.0918347 0.08046658 0.0322492 0.009737386 0.001526555 0.0009949587 0.0002833305 0.0004101412 0.0001998361 0.0002348939 0.008061105 0.001132363 4.533547e-005 0.007481055 0.007819997 0.008944144 0.009827393 0.01032422 0.007738999 0.01675272 0.01599286 0.01294912 0.007487738 0.006535771 0.005480369 0.004551195 0.005109211 0.006967099 0.006221136 0.004575453 0.002597244 0.0008828278 0.0006166082 0.0006071645 0.0006855959
0.1064335 0.1541818 0.2084586 0.1912703 0.1566844 0.1240449 0.09963024 0.1129941 0.09953769 0.1237151 0.07461245 0.111734 0.1243284 0.119193 0.1099371 0.08820524 0.074319 0.08229373 0.1273549 0.1132275 0.07996874 0.07451879 0.07756289 0.03112391 0.01232177 0.00218298 0.001726307 0.001481829 0.005453283 0.0001021702 0.001761262 0.006809696 0.003619972 6.023024e-005 0.002705923 0.006727717 0.009016779 0.009868399 0.01397038 0.007711042 0.007871008 0.009800892 0.008033812 0.009408189 0.007105548 0.007761553 0.004560476 0.004660015 0.003732328 0.005216847 0.005331601 0.00387714 0.003647442 0.00215322 0.001162369 0.000889626
0.1375566 0.177262 0.1833951 0.1960636 0.1378665 0.09134026 0.08876324 0.1220501 0.1159855 0.08070128 0.07733434 0.1104993 0.09827843 0.09864362 0.1169851 0.1804262 0.1355738 0.1347515 0.08497258 0.09380478 0.07871182 0.05851592 0.09434152 0.04223016 0.01435001 0.004388029 0.003886633 0.003069397 0.004833 0.0002719724 0.0002100125 0.01580054 0.0133586 7.017895e-006 0.002161761 0.006089959 0.008380068 0.009230204 0.009674733 0.007216446 0.007462443 0.007469981 0.007407829 0.007463588 0.006384062 0.00515433 0.004108477 0.003980738 0.002844392 0.001838198 0.001213227 0.0004699614 0.0005512935 0.0005964796 0.0006360672 0.001779237
0.1608284 0.1894566 0.1203828 0.1485445 0.1058848 0.08651144 0.0849618 0.09948281 0.1174101 0.09967633 0.07587611 0.05990405 0.09574024 0.1165684 0.1332768 0.1565203 0.1470999 0.1207112 0.05052866 0.09049671 0.1094949 0.06599105 0.1021587 0.04963702 0.03667057 0.02235954 0.01052125 0.001505513 0.0009204851 0.0007020943 0.0005481896 5.787764e-005 0.0243827 2.00849e-005 0.005119881 0.00507684 0.007306822 0.008166098 0.008433905 0.00620503 0.006398372 0.006325453 0.006266812 0.00633156 0.005345101 0.004154203 0.003147799 0.002691849 0.002227971 0.0005193001 0.0001809031 0.0004138476 0.0004929521 0.0005439189 0.0006194566 0.001059378
0.2006469 0.1948691 0.1275499 0.1247486 0.09450906 0.08332993 0.07874933 0.08318865 0.1010994 0.1008074 0.05038604 0.07037859 0.09051335 0.1537521 0.1875745 0.1486276 0.1211585 0.1040127 0.1353972 0.1369789 0.1296007 0.141676 0.058084 0.03181764 0.03662374 0.02597735 0.01239097 0.008613244 0.006680065 0.005296262 0.004209841 0.001683282 0.01048154 0.0006052425 0.0006680416 0.002428904 0.003974047 0.004493161 0.004550647 0.004384429 0.004565788 0.004643208 0.004670721 0.004690084 0.003837642 0.00348514 0.001849241 0.0008708513 9.411654e-005 0.0001330427 0.0001847869 0.0001969669 0.0002406044 0.0002700923 0.0003184896 0.0003951575
0.1766113 0.1806835 0.1605129 0.1258201 0.0987379 0.1166107 0.1036716 0.08877995 0.09253383 0.05196619 0.05640225 0.07891672 0.08357432 0.1175492 0.1122452 0.1407504 0.07916719 0.1173502 0.131519 0.1890636 0.1415054 0.1082963 0.04443146 0.02958056 0.02350851 0.0220789 0.0112059 0.012244 0.008900849 0.0114985 0.006171151 0.002291726 0.001408963 0.004620616 0.0006045509 0.001004181 0.002456707 0.002919323 0.006037132 0.006407206 0.00307566 0.004523643 0.003321983 0.00323603 0.002357072 0.001777711 0.0004003149 4.567329e-005 6.328806e-005 9.738912e-005 0.0001483059 0.0001665772 0.0002086897 0.0008019055 0.0007930782 0.003876263
0.1463324 0.1447625 0.1111827 0.08439891 0.05225346 0.03971717 0.07617283 0.09518468 0.06714529 0.06376231 0.0404677 0.05903287 0.04927957 0.06179192 0.0834249 0.1326514 0.09397432 0.1661038 0.2388227 0.17419 0.09570493 0.05561703 0.05521884 0.04718756 0.03822346 0.04364609 0.02623083 0.03893071 0.01678178 0.01666502 0.01492022 0.008168675 0.003361327 0.00245479 0.001782715 0.001605873 0.0005802496 0.001046418 0.003724893 0.00107193 0.001414474 0.001737998 0.001912761 0.001777398 0.002692265 0.0002298476 0 3.015002e-005 4.196363e-005 7.126499e-005 0.0001178148 0.0001370999 0.0001755621 0.0003446204 0.002066286 0.002271291
0.129358 0.154772 0.1181123 0.09903583 0.09757844 0.04714508 0.03803267 0.07284708 0.06047149 0.04800955 0.02101774 0.02149157 0.02427142 0.06369849 0.06492245 0.1454263 0.1044977 0.1287092 0.1186109 0.1109374 0.08867069 0.06888421 0.05460688 0.07171832 0.07256975 0.04219643 0.04177604 0.03996175 0.03040861 0.03074714 0.02605315 0.01152751 0.006638948 0.005246988 0.004156104 6.840108e-006 2.335866e-006 7.415721e-008 0.0006472628 0 0.001702462 0.000760488 0.0009152114 0.0007500161 0 0 0 2.187009e-005 3.061177e-005 5.429851e-005 9.284787e-005 0.0006804799 0.002259105 0.01046082 0.0005042413 0.001005836
0.1903049 0.2093528 0.1059006 0.1355843 0.1182494 0.09088079 0.08214311 0.05691929 0.03563323 0.02992073 0.04058937 0.01356192 0.04373071 0.09413596 0.08123537 0.1195783 0.06572057 0.1143798 0.1344054 0.07656602 0.07720114 0.1147467 0.07243029 0.114161 0.1115122 0.1093823 0.08901933 0.09425772 0.0754601 0.07749225 0.06147918 0.02593255 0.01862576 0.01510851 0.01173433 0.0007886894 0.0001707497 0.003309709 0.005443591 0.003300514 0.00191389 0.0008015114 0.001789007 0.0009310191 0.001407412 0.001441329 0.001646935 0.005295873 0.004708737 1.380174e-006 2.524226e-006 0.002957896 0.0007014643 0.001458358 0.003512779 0.002480763
0.1692976 0.1404044 0.1133626 0.09580179 0.08199576 0.05536519 0.07812194 0.05232608 0.03843639 0.02935062 0.05533239 0.02271955 0.03350599 0.05722431 0.05657922 0.08076409 0.03200803 0.0627621 0.1147281 0.08461057 0.07067284 0.09277577 0.08508451 0.09770216 0.1089384 0.1277313 0.1048154 0.1198515 0.09863394 0.09503148 0.07571283 0.04019395 0.0296394 0.04364802 0.03136656 0.006183515 0.0007595989 0.00451291 0.003848094 0.001534918 8.93871e-005 7.067235e-005 5.081796e-005 0 0 0.0003508549 0.001391191 0.00883988 0.007362621 0.005096719 1.602848e-006 0.0001998726 0.006331228 0.004661091 0.002912526 0.001330724
