contrib/geomasonDemos/riftland/DataFiles/RainData/139.txt
ncols         56
nrows         54
xllcorner     28.264
yllcorner     -5.7719999999999
cellsize      0.25
NODATA_value  -9999
[rows 25 to 49 of 54, columns 0 to 55 of 56]
0.1847159 0.1700394 0.1386585 0.07980103 0.1023194 0.1339447 0.05670715 0.1376062 0.07622002 0.02329203 0.05665267 0.04670999 0.08168928 0.03821867 0.03151524 0.05371552 0.03189046 0.05436562 0.128045 0.1063062 0.07499502 0.1215845 0.08829609 0.1045289 0.1224895 0.1281299 0.1000567 0.126645 0.13782 0.1101037 0.08788048 0.04913189 0.0480573 0.07527342 0.03348169 0.01078865 0.005268577 0.004358082 0.0008583975 0.001561788 0.0001534115 0.0001227774 0.0001231871 0 0 3.009229e-005 0.001277841 0.004072115 0.003754421 0.002785658 0.001518752 3.154155e-005 4.182132e-005 0.01030153 0.01808496 0.00756444
0.1560704 0.1414053 0.1228195 0.1121605 0.1130572 0.1178756 0.07433847 0.08612698 0.04553653 0.04372582 0.02489547 0.05365552 0.06477185 0.04037844 0.02730852 0.09309313 0.06080422 0.06456368 0.09098283 0.1742806 0.06587721 0.09095567 0.08607898 0.08717015 0.1021592 0.1212955 0.1099637 0.1308625 0.1736749 0.1219195 0.1047745 0.04705582 0.04524433 0.06864227 0.06098314 0.01272204 0.001770407 0.003744668 1.961962e-005 0.002825463 0.003827137 0.001314046 0.0001503365 0 0.0003300078 0.001332253 0.00167675 0.001485901 4.628125e-006 0.001436935 0.002246819 0.02228142 0.03163512 0.01358363 0.02123961 0.0004689812
0.1186433 0.1181369 0.1355179 0.1023131 0.1267672 0.1523489 0.05525845 0.0440941 0.03997372 0.02299037 0.02831275 0.06286991 0.06723916 0.0623666 0.05706737 0.07520993 0.05420531 0.08139743 0.0736905 0.1326992 0.110385 0.05861829 0.05725725 0.1064694 0.1149723 0.1193675 0.1257639 0.1577864 0.1465732 0.1378795 0.1126654 0.06957962 0.06631082 0.04487794 0.02880027 0.004225657 0.00351505 0.004267152 0.000193279 0.0005818324 0.0005006609 0.0004069922 0.0002976031 1.726949e-005 0.001418395 0.001846541 1.502191e-005 7.450592e-005 0.000101849 0.0002041735 0.0003797751 0.0005309808 0.004303078 0.03366645 0.02031559 0.01210267
0.1472596 0.117446 0.1165536 0.1176684 0.1233822 0.07934749 0.05519862 0.02614881 0.02881282 0.02905516 0.01871975 0.04442923 0.06525205 0.06741154 0.06737269 0.05832455 0.04226525 0.04348681 0.06555182 0.08424034 0.05878471 0.1294683 0.07984812 0.1069012 0.1138634 0.1138707 0.1361675 0.1657013 0.1525667 0.1274626 0.1116393 0.08224244 0.05602867 0.03902362 0.0302726 0.00382098 0.002045698 0.0002778412 0.000247687 0.001475344 0.0006421698 0.003723682 0.008792587 2.24398e-005 0.0005586572 0.001797464 0.003013811 0.0001036733 0.0001414875 0.0002834092 0.0005247378 0.009906208 0.00915923 0.05119353 0.06642915 0.01962559
0.1031272 0.1064404 0.1026942 0.1055941 0.09841468 0.05787751 0.06593683 0.02348055 0.01031332 0.02059742 0.0241456 0.04211429 0.04523702 0.05017377 0.04651057 0.03796289 0.03772735 0.03744027 0.04422756 0.05547732 0.07410648 0.06244691 0.0453275 0.09497189 0.1171894 0.1520022 0.1478064 0.1708836 0.1699791 0.1291911 0.1146228 0.06539232 0.04431263 0.02871416 0.02249595 0.01452753 0.01128051 0.0003406837 0.002338794 0.00220566 0.0007712884 0.000632078 0.0004782077 2.997466e-005 1.558227e-005 0.0007266804 6.293793e-005 0.0003102265 0.0004217066 0.0006630367 0.00481909 0.001275747 0.02157525 0.03757685 0.05706161 0.01894838
0.1228699 0.1643834 0.1877458 0.09179828 0.04530782 0.04313061 0.02646458 0.01780436 0.03046727 0.01499572 0.009124613 0.03393825 0.03578674 0.02698643 0.02417309 0.0319598 0.03619788 0.03796653 0.02996738 0.0422177 0.1076925 0.06638215 0.03523436 0.06612545 0.08728948 0.1538559 0.1433385 0.1326122 0.1473945 0.1037555 0.08732107 0.06694207 0.06416637 0.02722209 0.01737273 0.01188199 0.02676935 0.0009554238 0.0009103807 0.001049506 0.0008897998 0.0007328961 0.003154179 3.997217e-005 2.581633e-005 0.001212931 0.0001410321 0.007159476 0.0009367118 0.001330715 0.001853816 0.002282679 0.002812061 0.01693044 0.04461623 0.03274038
0.2114974 0.2204595 0.08866924 0.03114923 0.02461364 0.01592965 0.02257654 0.03351862 0.02650104 0.01855609 0.01871876 0.03704476 0.03548462 0.03508125 0.03550058 0.04447076 0.0486042 0.0523012 0.06566904 0.1139011 0.08306762 0.04772637 0.03848911 0.05507709 0.06188692 0.08979166 0.09332899 0.09261249 0.138883 0.09588055 0.06216808 0.05127991 0.03493504 0.0218382 0.0124242 0.01643137 0.03884359 0.006650446 0.005178869 0.002048745 0.002372864 0.0007069178 0.00391621 0.04676226 0.01890427 0.0001508677 0.0003560135 0.002434621 0.003269532 0.0120534 0.006426314 0.007947455 0.01579736 0.02389989 0.02708297 0.03654355
0.1532532 0.2278055 0.0513158 0.009736389 0.01741844 0.0168841 0.01998896 0.01387361 0.01276334 0.009327614 0.009404466 0.03637469 0.03628333 0.03735296 0.04178861 0.1027549 0.1561337 0.11139 0.07197528 0.066184 0.04693219 0.04088064 0.02720406 0.04215989 0.05225381 0.06223649 0.06045308 0.07466348 0.09203448 0.09108297 0.07702713 0.03775804 0.0242987 0.02817094 0.01132155 0.008929346 0.01112751 0.005355458 0.003977833 0.003434238 0.01016897 0.002325778 0.0006706792 9.767877e-005 7.553422e-005 0.0002040678 0.0004808808 0.003246277 0.004496347 0.007230382 0.01755365 0.01031294 0.02689747 0.02822559 0.02946778 0.03649465
0.183491 0.1807827 0.03755867 0.02081682 0.007408311 0.00909374 0.009442588 0.009860036 0.008901918 0.007327449 0.007756094 0.03949259 0.05086865 0.04091388 0.0535256 0.1138524 0.1211144 0.08960312 0.08408558 0.05778881 0.02935627 0.04611448 0.02308073 0.03304939 0.04034436 0.05731675 0.1083829 0.06555583 0.07157271 0.04898991 0.04479988 0.01839093 0.0229039 0.009363219 0.007225662 0.005096986 0.003435253 0.002220568 0.00169584 0.003013388 0.002159503 0.0009636102 0.001125935 0.0002371964 0.0002736607 0.000478491 0.0008481011 0.005370532 0.008860027 0.01805407 0.01465021 0.01851046 0.02172955 0.02456496 0.02938044 0.04949957
0.1678339 0.1946137 0.0433613 0.05743415 0.01361831 0.02178942 0.01504486 0.007171062 0.009603502 0.008636718 0.01087327 0.03728427 0.04131188 0.04331243 0.05380832 0.09551983 0.108596 0.07848364 0.06088841 0.03395844 0.02407007 0.03668758 0.01797774 0.03223835 0.04260357 0.04728235 0.05908833 0.05359988 0.04288816 0.03425322 0.03936131 0.01451197 0.03206854 0.00704822 0.006765279 0.004970436 0.003940667 0.002513782 0.001863352 0.001262991 0.001650306 0.001150197 0.001930217 0.0005347676 0.0006487892 0.0009640564 0.001878966 0.008479657 0.009823103 0.01188356 0.01980154 0.01896455 0.01819814 0.01238619 0.03106003 0.05566318
0.3268902 0.1279452 0.06046016 0.04269058 0.04484356 0.01501269 0.01170412 0.01021376 0.01206476 0.0125776 0.01111207 0.03074159 0.03455256 0.06630282 0.1082116 0.108816 0.06466196 0.04529221 0.02729175 0.02387393 0.04137147 0.05405611 0.02125784 0.02451858 0.03843174 0.08969279 0.09870063 0.09576643 0.03266272 0.02307238 0.007953177 0.01511165 0.01564897 0.0115255 0.01184531 0.00851998 0.007054818 0.005057523 0.00613866 0.009455289 0.015358 0.0005667006 0.003279106 0.005817995 0.003014964 0.00449606 0.009419932 0.01794031 0.02183655 0.02268383 0.02897109 0.03501685 0.03229647 0.04156769 0.04789287 0.08177754
0.3633035 0.130055 0.04521905 0.03634265 0.02732881 0.01370915 0.01782524 0.01205525 0.0104494 0.01252217 0.01028403 0.03077454 0.03658051 0.08773301 0.09515581 0.09672944 0.07264183 0.04804544 0.02388946 0.01410886 0.003200765 0.005696183 0.03716444 0.04321586 0.07703123 0.1210037 0.09134948 0.03465224 0.01649334 0.008662371 0.005617297 0.01485833 0.01601247 0.01055923 0.01599608 0.007702598 0.006803681 0.005863413 0.003593812 0.000459491 0.000696966 0.0003128394 0.003216405 0.01967437 0.02470906 0.0132701 0.01088933 0.02072514 0.02397109 0.02519458 0.03551932 0.03440218 0.05146056 0.0455884 0.05967092 0.1181578
0.3094262 0.175705 0.03533784 0.0236086 0.01132132 0.009684619 0.009015008 0.009702718 0.01025588 0.01486918 0.01886543 0.02991154 0.03178258 0.04955559 0.09460474 0.05898823 0.04521958 0.03434743 0.01694681 0.01568099 0.01037539 0.01530051 0.07305562 0.04148873 0.07836781 0.07904811 0.03947159 0.0153231 0.009769722 0.007049507 0.005792946 0.007835104 0.007700604 0.007496906 0.006578689 0.006281182 0.005440453 0.004789718 0.003323075 0.0005520935 0.00456267 0.007835803 0.0009425673 0.003868007 0.006115044 0.008311536 0.01054938 0.02287395 0.02454219 0.02796331 0.03032581 0.05381371 0.05649837 0.04130224 0.07363353 0.09931192
0.2828535 0.085399 0.02253305 0.01558855 0.0299373 0.01393511 0.008809909 0.01094041 0.009800574 0.01540151 0.02882627 0.03536537 0.03454635 0.05967728 0.04277762 0.02692265 0.02218029 0.01761466 0.01291918 0.01166413 0.03643161 0.02446811 0.08549608 0.02237469 0.03599407 0.0699431 0.0204199 0.01010795 0.009218125 0.002695134 0.004167224 0.006199619 0.00661945 0.006496064 0.006507487 0.007019056 0.007721866 0.003488696 0.003483655 0.002638177 0.002433403 0.004318112 0.00114727 0.00468749 0.006198385 0.009375214 0.01085141 0.02785066 0.02803427 0.03317856 0.03946207 0.05484062 0.04325862 0.05829858 0.08223826 0.07913128
0.2128016 0.06679419 0.02531022 0.02650279 0.01645567 0.01522383 0.0107274 0.01096278 0.01331565 0.01444635 0.02556328 0.02966992 0.03190969 0.01373941 0.01061537 0.0118607 0.009426647 0.007523546 0.006422302 0.003257319 0.02683582 0.04403254 0.03253315 0.01248712 0.02960251 0.01494296 0.01630695 0.005148845 0.004736163 0.004591877 0.003492612 0.004629638 0.003591353 0.004245355 0.002992017 0.001720593 0.001358411 0.001082401 0.0008969879 0.004704455 0.0002192667 0.0006979818 0.00268567 0.01243267 0.01669107 0.01923182 0.02172746 0.03484575 0.03905326 0.05651206 0.06242782 0.04950313 0.06229674 0.08311269 0.1042279 0.08579621
0.1535039 0.03611267 0.02866673 0.01695282 0.008927242 0.009111569 0.01091463 0.01430476 0.020281 0.04853861 0.02546246 0.01220926 0.01199145 0.0117305 0.02114294 0.01455436 0.01022653 0.006136053 0.004639457 0.004758287 0.002591359 0.002295768 0.001638108 5.249157e-005 0.05036836 0.003956879 0.01012197 0.001994733 0.003998233 0.007650039 0.00494747 0.003167449 0.004083073 0.00387093 0.002336873 0.001276827 0.0009336395 0.0007277757 0.000659354 0.002043064 0.0001919671 0.001027567 0.002440318 0.01265908 0.01594282 0.0195882 0.03459683 0.04123396 0.05319095 0.05511728 0.05767328 0.03887044 0.0645601 0.09018701 0.08728395 0.08736208
0.1195603 0.02235497 0.009227209 0.009607465 0.008595805 0.009152378 0.008466691 0.009840854 0.01673366 0.05176452 0.01726632 0.01053183 0.009883393 0.009144227 0.009026319 0.01213999 0.006327357 0.00670809 0.01025355 0.01312983 0.009528744 0.0002841236 4.948596e-005 1.730557e-005 0.0006093035 0.004195594 0.0005774585 0.0003362329 0.001711173 0.006939505 0.002702343 0.003923068 0.003599226 0.002491893 0.001929024 0.001038907 0.0007477344 0.0006295043 0.0006899899 0.0003294585 0.0002984102 0.001184579 0.002239829 0.01260973 0.01900034 0.02301397 0.02623863 0.03863493 0.03864919 0.04649033 0.06454906 0.04424892 0.055507 0.08088034 0.08560361 0.09154219
0.1014411 0.07091455 0.007300626 0.007425969 0.007966463 0.009933623 0.009567623 0.008773165 0.009639834 0.009623605 0.009592185 0.008939973 0.008168954 0.007165978 0.008414471 0.007077667 0.005084362 0.003268644 0.01161349 0.000852159 0.0003677182 5.307924e-005 4.686414e-005 1.752305e-005 1.483116e-005 2.527368e-005 4.901415e-005 0.003411523 0.002989156 0.005276429 0.008328903 0.002020587 0.002114121 0.002090429 0.001785473 0.001012909 0.006436738 0.002833579 0.0009872535 0.008249096 0.004154045 0.001389879 0.002617515 0.01317903 0.01766832 0.02073915 0.02934939 0.03654912 0.03307423 0.06683048 0.08249912 0.05196687 0.05502419 0.08980034 0.09979182 0.08164845
0.1166959 0.1293911 0.0501372 0.008564784 0.006819527 0.008813414 0.007751717 0.0126549 0.02647657 0.02954338 0.01520771 0.005104238 0.005039028 0.005477767 0.003841238 0.002503466 0.001553489 0.0008387698 0.0006243322 0.0003532396 0.001289792 5.419055e-005 0.0005871619 0.0004827747 0.0005371036 0.0002094659 0.0005631691 0.0008561959 0.001097734 0.00670899 0.002377247 0.001700492 0.0017407 0.00263515 0.002011252 0.003259676 0.049001 0.002923954 0.001438278 0.002586942 0.003191933 0.005212511 0.008712417 0.01662457 0.02545515 0.03245827 0.03331868 0.02981821 0.03126936 0.06471904 0.08088195 0.05510838 0.07823745 0.07791486 0.09532555 0.08306452
0.1069241 0.1352342 0.07218396 0.006168065 0.01339284 0.00651163 0.01053018 0.01327962 0.009696665 0.01706698 0.004202662 0.004714118 0.006281434 0.003775038 0.002396599 0.001352964 0.0008392545 0.0005144916 0.000383425 0.0002209425 0.003662792 4.763017e-005 4.784503e-005 0.0002192908 0.00025264 0.0001428965 0.004826965 0.00221183 0.002285902 0.0014467 0.003059932 0.001398606 0.001474688 0.003903294 0.001728471 0.001441358 0.002276256 0.0021428 0.002664388 0.007138124 0.004647681 0.005143713 0.006788154 0.01717407 0.02238362 0.02944457 0.04344267 0.03333545 0.03425421 0.04491784 0.06447112 0.06660739 0.0915811 0.05955921 0.09107909 0.07318548
0.1083026 0.09875328 0.03404189 0.006040869 0.02351085 0.008321119 0.006214655 0.009554887 0.03914899 0.02381342 0.03761707 0.004350804 0.003794923 0.002920285 0.001876645 0.001007016 0.0009392824 0.0005683296 0.004880376 0.001023906 7.083227e-005 3.908249e-005 4.157675e-005 0.0002541351 0.0006132016 0.0001376541 0.0002384679 0.005937837 0.001414832 0.0009020487 0.01691519 0.001454836 0.001412047 0.001320584 0.00132704 0.002978399 0.002595967 0.002910724 0.003684428 0.005412356 0.003456005 0.004860798 0.007469079 0.01813225 0.02287154 0.03044591 0.03623625 0.04234434 0.06603629 0.05373374 0.06071724 0.06331346 0.06449065 0.07642905 0.09248041 0.05274194
0.06063632 0.08304479 0.02707062 0.006026037 0.0170199 0.006483859 0.005883361 0.00619205 0.01720227 0.02550228 0.02793923 0.004692888 0.00563672 0.002852021 0.001695524 0.004103293 0.002154378 0.0008862564 0.0007143202 0.0001040968 5.260999e-005 2.870233e-005 3.198503e-005 0.0002402552 6.892291e-005 0.0001165108 0.0003667893 0.0005241094 0.002963355 0.0007853478 0.001009778 0.001256305 0.001326785 0.001262113 0.001316514 0.001084577 0.001126557 0.001901753 0.003713126 0.003361008 0.004811058 0.009598023 0.0106317 0.01972258 0.0237735 0.03282026 0.04683616 0.0505796 0.05466286 0.07155796 0.05902587 0.05840058 0.04792968 0.08969355 0.08972748 0.07415324
0.03270746 0.03755733 0.02248663 0.01852032 0.01781316 0.02585568 0.01450375 0.02077649 0.04715971 0.02496823 0.02299232 0.003220415 0.01340725 0.003963165 0.001597709 0.001197168 0.002345158 0.003802425 0.001604462 0.0002150441 0.002073993 0 0.0006175387 0.001054508 0.009641076 0.0002271117 0.001945734 0.001105891 0.002357684 0.0005771626 0.0005764402 0.0006397684 0.001496152 0.002040979 0.001715519 0.0006240378 0.000668295 0.001088096 0.002269142 0.005643697 0.01133055 0.00642439 0.008267501 0.02105384 0.0236764 0.03365671 0.03710585 0.04599043 0.03892451 0.06707186 0.05019214 0.07637098 0.05947581 0.05528226 0.09379032 0.09120969
0.00744909 0.005432907 0.01558014 0.02228101 0.01436949 0.02787903 0.01377277 0.04160179 0.06041231 0.009420021 0.008113878 0.002974285 0.003355627 0.002267306 0.001396774 0.0006503855 0.00173207 0.001657058 0.0005942968 2.122516e-005 0 0 0.0006433207 0.0002228952 7.420612e-005 9.366383e-005 9.6571e-005 0.0002724728 0.0003578285 0.0008489927 0.001020721 0.000571162 0.0006351368 0.000711147 0.000797434 0.0006410419 0.0007033052 0.001225737 0.003382966 0.004681859 0.005467245 0.007293801 0.01520999 0.02328748 0.02529547 0.02854394 0.04789719 0.039217 0.03548953 0.05090766 0.04929394 0.06431451 0.04875 0.03814516 0.06782259 0.07225806
0.003013149 0.003008579 0.009870878 0.01834168 0.01382718 0.02837298 0.01764921 0.06152217 0.04815134 0.02196716 0.007732753 0.002838584 0.002244422 0.002154361 0.004841912 0.001015119 0.001946241 0.001125652 0.0005937589 5.860011e-005 0.0003743937 0 0 0.0001147261 2.012303e-005 3.990149e-005 0.0002098468 0.000210796 0.0002774821 0.0003451175 0.0004152741 0.001054157 0.0005555074 0.0006466167 0.0007608024 0.0006344289 0.0007143946 0.001252125 0.00368101 0.007233026 0.03357543 0.01727986 0.01430766 0.02767804 0.03042192 0.02599045 0.03409511 0.04661494 0.037807 0.04025075 0.05518525 0.05834677 0.04524194 0.03548387 0.06737904 0.04661291
