contrib/geomasonDemos/riftland/DataFiles/RainData/16.txt
ncols         56
nrows         54
xllcorner     28.264
yllcorner     -5.7719999999999
cellsize      0.25
NODATA_value  -9999
[rows 0 to 27 of 54, columns 0 to 55 of 56]
0.0208511 0.0157422 0.006060936 0.005370997 0.005361078 0.005344105 0.009155519 0.01737342 0.01560751 0.00790001 0.009905572 0.02944598 0.03380375 0.0253048 0.02590766 0.04116071 0.05969607 0.06067265 0.06777476 0.04993849 0.04607481 0.06648235 0.06972941 0.06396195 0.1061952 0.1345322 0.1089494 0.1287447 0.1209527 0.13511 0.1159391 0.1347208 0.1108241 0.1039632 0.09797639 0.06352656 0.06343298 0.05646712 0.04635875 0.04025506 0.03922629 0.04306845 0.0456277 0.05216587 0.05943448 0.058137 0.06014732 0.07471991 0.08200789 0.08514501 0.09515765 0.1240887 0.1238029 0.1287265 0.129948 0.1035154
0.04615374 0.035462 0.01942648 0.01057234 0.008247582 0.02883919 0.02561905 0.01522205 0.01442471 0.01219563 0.01481913 0.03421767 0.03197857 0.03468191 0.02915737 0.04855687 0.06283065 0.09371503 0.08325322 0.05072251 0.06168482 0.06459256 0.05444143 0.07532904 0.08698602 0.1283859 0.1516046 0.1577314 0.1096503 0.1171439 0.1298104 0.1367557 0.1192381 0.1078579 0.1075042 0.07828636 0.07532559 0.06459588 0.05315879 0.04695299 0.04692692 0.04855393 0.0527448 0.05742017 0.06685652 0.06401111 0.07022136 0.08287217 0.08718134 0.1015556 0.1147795 0.1152432 0.117624 0.1209249 0.1155486 0.09309492
0.07947246 0.06454845 0.03810852 0.02622089 0.0271426 0.02658448 0.01454036 0.02388565 0.01629302 0.01350897 0.01680819 0.03906061 0.04003369 0.05600324 0.05514525 0.06906371 0.06218801 0.07009151 0.07890718 0.05569185 0.06818957 0.06608956 0.05989152 0.0720662 0.09034148 0.1103063 0.142336 0.1475937 0.1174178 0.1336371 0.1283767 0.1752322 0.1290142 0.13475 0.1379907 0.09476039 0.1017355 0.07606953 0.06306042 0.05428747 0.0560203 0.06296515 0.06152021 0.06838205 0.07089075 0.07429569 0.07735575 0.08699755 0.09467458 0.1131814 0.1089546 0.1302979 0.1222201 0.1126183 0.1126481 0.087773
0.1086387 0.08858573 0.0740535 0.06115066 0.05692922 0.04560747 0.03670723 0.02419033 0.02397622 0.01293166 0.00456701 0.01634732 0.01682858 0.01677889 0.03725687 0.04640245 0.04486216 0.04575069 0.05183622 0.07119218 0.07781687 0.07914475 0.06793933 0.07443931 0.09538901 0.1140265 0.1368692 0.2032209 0.181789 0.1609129 0.1505863 0.2399482 0.2080961 0.1919395 0.1898041 0.2062633 0.1686583 0.1261783 0.09331959 0.08712026 0.1043399 0.09610548 0.08631423 0.1026551 0.09746546 0.1090339 0.1289769 0.1408904 0.1380263 0.1380913 0.1451315 0.137999 0.1155101 0.1084911 0.1020019 0.0499342
0.1150154 0.1039561 0.08850925 0.08605721 0.07004533 0.05490971 0.05281176 0.02595009 0.01961995 0.008581641 0.01329665 0.0160055 0.01796388 0.01999134 0.05664749 0.03954296 0.04179761 0.03679403 0.03937108 0.0513191 0.05463603 0.07079933 0.07340328 0.08417169 0.09286418 0.1065604 0.1211907 0.167264 0.1635792 0.1478516 0.1469282 0.2369294 0.2225941 0.1977732 0.1807913 0.180212 0.1882838 0.1259459 0.1023173 0.093629 0.1227225 0.110461 0.1034993 0.1143631 0.1148645 0.136959 0.1504428 0.1400842 0.1611186 0.1551411 0.1496156 0.1155103 0.1374589 0.1278185 0.112876 0.05309548
0.1398069 0.1151747 0.1279259 0.1358218 0.1009771 0.09653785 0.09110314 0.03347113 0.01870212 0.02594029 0.02593808 0.02215425 0.02188371 0.02153949 0.03734058 0.04349076 0.03669794 0.03652015 0.03812194 0.0593712 0.05801247 0.05805265 0.06878927 0.09292212 0.1060455 0.1111787 0.1273516 0.1565462 0.159097 0.1587573 0.1593852 0.2335894 0.2219561 0.2105981 0.2231659 0.20811 0.1653519 0.126711 0.1199284 0.1033034 0.1177918 0.1138495 0.1004727 0.1188171 0.1217072 0.1335852 0.1422929 0.1529882 0.164587 0.1653977 0.1593807 0.1226287 0.1466351 0.1364874 0.1221146 0.06186922
0.1673341 0.1478796 0.1862456 0.1901781 0.1397066 0.1601845 0.1075419 0.03330934 0.03938859 0.05599995 0.03128811 0.02949981 0.03313348 0.03906551 0.0352626 0.0448663 0.03756686 0.03820449 0.03915217 0.05077181 0.06524479 0.08639228 0.09905188 0.1237173 0.1311271 0.1413213 0.1530213 0.1575177 0.148393 0.1538099 0.1720894 0.2761998 0.2594995 0.2305638 0.2294489 0.2178017 0.1772452 0.143163 0.134074 0.1175903 0.1148527 0.1077883 0.1252525 0.1404909 0.1419623 0.1565452 0.1624398 0.1536902 0.1647144 0.1752415 0.1621914 0.1379526 0.1525005 0.182967 0.1672391 0.07965022
0.1423398 0.1585886 0.2361476 0.1588432 0.1396951 0.1117437 0.1062889 0.07087729 0.0579286 0.07404238 0.04729639 0.04887786 0.03911091 0.04902834 0.05664489 0.05624947 0.08253899 0.04301227 0.04660697 0.06583219 0.06382657 0.06865726 0.08094992 0.0953182 0.109455 0.09987322 0.113571 0.118529 0.09928762 0.1002804 0.09829667 0.1725197 0.1638069 0.1402839 0.1236505 0.168275 0.1447069 0.1076218 0.1168642 0.1079356 0.1114143 0.1182907 0.1331416 0.1447631 0.1532691 0.1634147 0.1548774 0.09134015 0.110938 0.119335 0.1308598 0.1207957 0.1436988 0.1848404 0.2225589 0.1028591
0.1412867 0.13933 0.1397328 0.134377 0.1263488 0.09784918 0.1035405 0.1050774 0.08924256 0.1278382 0.08921371 0.05348016 0.05489989 0.05221923 0.09473152 0.08712118 0.06704457 0.09508365 0.04918525 0.07162056 0.05896806 0.06529645 0.07895285 0.09629068 0.09981512 0.0930071 0.1072359 0.1096285 0.09954795 0.09015334 0.09382337 0.141595 0.1381402 0.1714429 0.137495 0.1471304 0.1473399 0.1370951 0.1058153 0.1097135 0.1335068 0.1201791 0.1215512 0.1601322 0.1470419 0.1579233 0.1665297 0.1067303 0.1006702 0.1086536 0.113543 0.09108781 0.09805914 0.1447248 0.2144332 0.09389997
0.1680733 0.1532278 0.1487025 0.1240116 0.1139163 0.1031164 0.1134999 0.1323059 0.1185453 0.1323997 0.1105861 0.07733507 0.0690645 0.07002354 0.08291676 0.08908062 0.08387185 0.06760886 0.06288704 0.07743294 0.07220425 0.06259046 0.07394718 0.1089341 0.0955366 0.08119708 0.1112123 0.09682973 0.09284607 0.1000566 0.08543244 0.1393406 0.1244912 0.14274 0.1225873 0.102897 0.1150533 0.09870955 0.09881387 0.1114692 0.1126052 0.1160825 0.129532 0.1503116 0.153346 0.1457013 0.1507124 0.1131503 0.1034698 0.1034 0.1214368 0.07886533 0.08312946 0.1151659 0.1321506 0.07177716
0.1420386 0.1574391 0.1286555 0.1220701 0.1303127 0.1415872 0.1389095 0.177047 0.1664181 0.1469462 0.139769 0.09742565 0.09550657 0.103462 0.1084718 0.1086197 0.1198755 0.1043712 0.06895021 0.07377049 0.07428793 0.07062275 0.08199129 0.09499618 0.08990696 0.1181845 0.09154733 0.06928588 0.08280876 0.08639515 0.07947986 0.1160874 0.1184764 0.1018191 0.1118262 0.1196232 0.0774667 0.0766661 0.08043356 0.10072 0.1167725 0.1117102 0.1266631 0.1412375 0.1430428 0.1282339 0.1215058 0.1039042 0.1018292 0.1036885 0.1080663 0.07763986 0.08034561 0.09275482 0.1056919 0.07554256
0.2321954 0.1889848 0.2012372 0.2464844 0.1972467 0.2209672 0.1974898 0.1599232 0.1449609 0.1298676 0.0982753 0.1064496 0.1048113 0.1215547 0.1371588 0.1555946 0.1406672 0.1466031 0.1186378 0.08204551 0.0549074 0.04847034 0.03979688 0.04216755 0.04961067 0.06666887 0.04870927 0.04424101 0.03756371 0.04136079 0.04154744 0.03253279 0.03633382 0.05105398 0.04706496 0.0894663 0.07684195 0.06206945 0.05976051 0.08841208 0.1014058 0.09810399 0.1127203 0.1094719 0.09720892 0.1084627 0.1057786 0.1009019 0.09284148 0.09195754 0.09181837 0.02515444 0.02391469 0.0235436 0.02603248 0.03179123
0.2300331 0.2122777 0.2151991 0.1928605 0.1589891 0.1705385 0.1955778 0.1649118 0.1655652 0.1262895 0.09923261 0.1164203 0.1009012 0.1305591 0.1152598 0.160363 0.1557083 0.1332283 0.1174285 0.07416348 0.05531998 0.04544673 0.02167336 0.03433549 0.05115779 0.04193628 0.07964509 0.03592646 0.03218545 0.03367032 0.03554788 0.02975586 0.03898166 0.04526335 0.04292711 0.06273518 0.06076203 0.05443342 0.04942076 0.08667252 0.0911148 0.1054608 0.1083235 0.1033105 0.09634969 0.1059248 0.111188 0.1074298 0.0913347 0.09047004 0.09364836 0.02654113 0.02765135 0.03166731 0.02959244 0.03577218
0.3335282 0.2415643 0.2509353 0.232167 0.1836544 0.181626 0.189219 0.1698348 0.1973943 0.1388507 0.1568636 0.1464914 0.1090269 0.1080111 0.1195426 0.1645883 0.1548772 0.138204 0.1233525 0.08889617 0.06394465 0.05652725 0.03982858 0.05722438 0.05781225 0.03338845 0.0459045 0.02836923 0.0305958 0.02896927 0.02800957 0.02635707 0.04151736 0.05621277 0.05181832 0.07371652 0.05565099 0.04849233 0.04466614 0.08931822 0.09543882 0.1107589 0.09853233 0.1108356 0.09837172 0.1050133 0.1108277 0.1001675 0.1020497 0.09438587 0.1019422 0.05379616 0.03503599 0.03978485 0.03773704 0.04074802
0.2419344 0.2483771 0.2818353 0.2328931 0.1673955 0.1318811 0.1817387 0.2077683 0.2095013 0.2306909 0.2186075 0.1495321 0.121409 0.1045642 0.1279694 0.1668615 0.152041 0.1474733 0.1305878 0.07070784 0.05687762 0.05354664 0.05273511 0.05184873 0.06014891 0.05099465 0.02641009 0.02438878 0.02327904 0.02471768 0.03205237 0.02771672 0.02853978 0.03031802 0.03928605 0.0507849 0.04570026 0.04264662 0.04975864 0.09197738 0.09991632 0.1015342 0.1106191 0.1217588 0.1027844 0.1011013 0.1082844 0.09535665 0.1141912 0.1091973 0.1208222 0.05833916 0.03702714 0.0408145 0.04976796 0.05076382
0.1777501 0.1898722 0.1842982 0.1284892 0.09261713 0.06511159 0.08172313 0.2224125 0.2156716 0.226602 0.1896966 0.1029988 0.07465953 0.06596245 0.1060324 0.1399188 0.1227919 0.1543134 0.1374162 0.06854098 0.0568869 0.05227474 0.05258099 0.04446322 0.0400301 0.02565071 0.01725274 0.01267336 0.01240859 0.01873845 0.01820137 0.06939458 0.03820459 0.04535217 0.05304246 0.04352323 0.04931165 0.0529384 0.05668575 0.08348469 0.09544901 0.1016264 0.1031446 0.06848227 0.06818195 0.07395245 0.08145348 0.09103329 0.1254905 0.153783 0.1189621 0.06789034 0.05216472 0.06346535 0.09216642 0.10401
0.1781401 0.1460284 0.1332263 0.09700025 0.09185033 0.07446826 0.05600677 0.1904632 0.1879442 0.1679738 0.1263479 0.07473151 0.08134449 0.107368 0.1358742 0.1575331 0.1492212 0.2029417 0.2136485 0.1165515 0.09313001 0.0639554 0.04295185 0.04126218 0.02661172 0.0204966 0.01846953 0.01424016 0.03085448 0.02352288 0.01730003 0.0414739 0.03952178 0.04391222 0.05161812 0.04498839 0.05102996 0.05754432 0.05581288 0.09344789 0.1022982 0.1031762 0.1032981 0.08354603 0.07268018 0.08939712 0.09451386 0.1016369 0.108446 0.1163487 0.1302546 0.06411783 0.05978791 0.06113002 0.1397161 0.1119045
0.1624825 0.1281373 0.1010772 0.0993224 0.07458871 0.06373441 0.07577972 0.1183625 0.1334939 0.1250071 0.1120584 0.1010704 0.0860371 0.1390847 0.1182992 0.199369 0.2006031 0.2009967 0.2039188 0.1698597 0.07997459 0.06496157 0.03471597 0.03483117 0.03287657 0.02949574 0.02304439 0.02739911 0.01719459 0.02090272 0.02423772 0.0375757 0.04069392 0.04686592 0.05454215 0.04712685 0.05279769 0.06583629 0.05931697 0.09205068 0.1060708 0.1053965 0.1056277 0.08635253 0.08985317 0.09401315 0.0955759 0.1591319 0.1344249 0.1131731 0.1189287 0.05837352 0.06254821 0.09171016 0.1349872 0.1315871
0.1360852 0.1110462 0.09290245 0.1007334 0.08914858 0.08202329 0.08382779 0.09135494 0.07806368 0.106529 0.1470911 0.1110405 0.1205544 0.1125708 0.1431997 0.151858 0.2091509 0.2303776 0.239487 0.1826298 0.1349891 0.1142603 0.05188974 0.05529111 0.04607634 0.03988306 0.03677776 0.03290831 0.02372064 0.02255621 0.02417517 0.04100731 0.04522444 0.05055993 0.05819841 0.04969901 0.05533234 0.05861747 0.05939216 0.08895463 0.09791461 0.1024777 0.1038354 0.09307348 0.09666816 0.1111824 0.1175995 0.2100148 0.1727978 0.147369 0.1288096 0.06481075 0.08033241 0.09812984 0.1219293 0.1752847
0.1252354 0.139259 0.1645786 0.1244453 0.1246473 0.1236414 0.1191326 0.07433549 0.05497667 0.06716225 0.09141961 0.173712 0.1911579 0.1988267 0.1730018 0.1343095 0.1700014 0.1699028 0.2318771 0.2218021 0.1711293 0.1689341 0.1768793 0.1096039 0.07840399 0.08050185 0.08416115 0.08480664 0.08339094 0.05627365 0.05963068 0.06757583 0.0726697 0.07302807 0.08213425 0.07259975 0.07565673 0.08490662 0.07644702 0.1142235 0.1213835 0.1253466 0.1421197 0.1402883 0.1360345 0.1480179 0.169452 0.1365721 0.1495124 0.1773204 0.1889633 0.1682168 0.1577169 0.139683 0.1484819 0.1796464
0.1031656 0.1472046 0.2400628 0.1512698 0.1235893 0.1034272 0.07367089 0.06131569 0.05805684 0.0650968 0.05196403 0.1328394 0.1355328 0.1665336 0.1596157 0.1124095 0.1628766 0.1849302 0.260481 0.2382957 0.2103965 0.1898595 0.1838696 0.101945 0.0829433 0.09417176 0.09848468 0.1061458 0.12942 0.08686612 0.07588961 0.08698752 0.08224165 0.08235644 0.09254283 0.08608063 0.08631705 0.09086315 0.0803292 0.1147926 0.127134 0.1330661 0.139622 0.1454029 0.1349017 0.1447911 0.156349 0.1500478 0.1559064 0.2054725 0.2652027 0.2241705 0.175224 0.1408449 0.1289549 0.1394706
0.1190636 0.1591761 0.1924996 0.1661435 0.1017404 0.06843969 0.06635473 0.07789492 0.05059023 0.04102135 0.0462202 0.1253991 0.1197433 0.1182557 0.1292286 0.1377999 0.1294889 0.1857098 0.2272546 0.2258892 0.2480606 0.2341578 0.185366 0.1193881 0.1008478 0.1073291 0.1215462 0.1563526 0.134003 0.1105249 0.09750348 0.1107132 0.1025711 0.09716118 0.1003441 0.07772337 0.09237641 0.0966661 0.09782128 0.1310207 0.1342919 0.1332104 0.1434731 0.1359213 0.1350438 0.1468865 0.1580959 0.1529124 0.147376 0.1679102 0.227163 0.2056836 0.153519 0.1340002 0.1200987 0.150942
0.1464547 0.140128 0.1455501 0.1394699 0.1403812 0.1010028 0.06423266 0.0579317 0.03583654 0.03257893 0.04133802 0.1070149 0.09356701 0.1551998 0.1585065 0.1107926 0.1469239 0.1366945 0.1743975 0.2336612 0.2354301 0.307886 0.1378707 0.1605749 0.1304986 0.130425 0.1453806 0.185151 0.1658476 0.1312378 0.1247348 0.134674 0.1248735 0.1184776 0.1159875 0.08587805 0.08633199 0.0880948 0.1081895 0.1530499 0.1480589 0.1331089 0.1366424 0.1366784 0.1390761 0.1429455 0.1623373 0.125047 0.1212949 0.1462481 0.2007311 0.1873573 0.1429885 0.1319199 0.1342693 0.1440765
0.1813344 0.1844643 0.1393628 0.1058918 0.1360338 0.09607086 0.07161343 0.06756134 0.0619707 0.04891924 0.02599787 0.05112909 0.08073805 0.1359521 0.1225236 0.1282802 0.1615559 0.2074267 0.2463171 0.1719322 0.1730338 0.1708336 0.1398754 0.1662838 0.1480761 0.1561637 0.1547108 0.180208 0.1832078 0.1728305 0.2087888 0.2175249 0.1530688 0.1457124 0.1414245 0.1272805 0.1196615 0.1221967 0.1417952 0.1224195 0.1204633 0.1159893 0.1148547 0.03975836 0.03885158 0.04579735 0.05110202 0.05728869 0.07652643 0.07963464 0.1476154 0.1295945 0.2024118 0.1513346 0.09720772 0.1054588
0.2055902 0.2111562 0.1240612 0.09650458 0.09480587 0.07105899 0.08038299 0.06783577 0.08111762 0.06098156 0.02593979 0.03851343 0.05102131 0.08247083 0.05941325 0.1147842 0.1404781 0.1835629 0.2472582 0.1541917 0.158657 0.1654284 0.1309172 0.1727786 0.1665443 0.1605459 0.1485501 0.168145 0.1944709 0.1717106 0.1944844 0.2174218 0.1606811 0.1483141 0.1429965 0.1379551 0.146474 0.1312871 0.1381297 0.1258889 0.127251 0.1263752 0.1252191 0.04087409 0.03867485 0.04030453 0.04360724 0.06297224 0.07672425 0.0715171 0.08014071 0.09318077 0.1549755 0.1231802 0.1258391 0.1551535
0.1783873 0.1897885 0.1594045 0.1064682 0.1145248 0.1053906 0.06963244 0.09605394 0.08904061 0.05453205 0.03498835 0.06778888 0.04458621 0.1318911 0.120268 0.1413496 0.129103 0.168315 0.251098 0.1653824 0.1351851 0.1224447 0.136862 0.1918609 0.1860693 0.1802323 0.1626427 0.1779354 0.1974994 0.2005818 0.1793462 0.1856846 0.1697913 0.1537748 0.1494133 0.1422538 0.1554111 0.1454466 0.1337493 0.1265647 0.1277407 0.1344522 0.1318527 0.06626668 0.04001465 0.03961796 0.06823845 0.05841142 0.06564703 0.09202389 0.0943919 0.103647 0.07003971 0.09331495 0.1154674 0.09878261
0.2138777 0.1766627 0.1652265 0.07694625 0.1012817 0.1167524 0.07118338 0.09020395 0.0625346 0.03760182 0.04923579 0.06781374 0.07474096 0.1043389 0.09614943 0.195182 0.206982 0.2253585 0.2521281 0.191527 0.1514605 0.1345575 0.1408793 0.2150575 0.2303662 0.1978118 0.1765634 0.205873 0.187179 0.2058638 0.1977537 0.1851464 0.1704439 0.1558429 0.1463503 0.1359883 0.1403526 0.1419697 0.1336757 0.1390066 0.1460057 0.1360281 0.1671911 0.0898619 0.04910154 0.05294127 0.05300666 0.0467577 0.07309014 0.07805695 0.1545346 0.1209401 0.0808835 0.07605098 0.08741582 0.1263865
0.189828 0.1122353 0.07128179 0.1077813 0.06789824 0.06727636 0.05237821 0.08726935 0.1377463 0.1180032 0.1226308 0.1791062 0.1892908 0.1821934 0.09773293 0.160004 0.2432101 0.1889403 0.1765063 0.174954 0.1874326 0.2677212 0.2855495 0.303642 0.3337745 0.2926422 0.2714546 0.2126178 0.2092115 0.1995042 0.1710713 0.1587336 0.149969 0.1413253 0.1364684 0.1382937 0.1426422 0.1457431 0.1418061 0.1636303 0.1739489 0.1770857 0.1883569 0.1212821 0.1109179 0.1100783 0.08134281 0.06769801 0.07220419 0.07100629 0.1090984 0.1577751 0.1857725 0.187531 0.1676319 0.2523737
