contrib/geomasonDemos/riftland/DataFiles/RainData/2.txt
ncols         56
nrows         54
xllcorner     28.264
yllcorner     -5.7719999999999
cellsize      0.25
NODATA_value  -9999
[rows 0 to 27 of 54, columns 0 to 55 of 56]
0 0 0 0 0 0 0 0.004659683 0.006585337 0.007593526 0.01001726 0.002594869 0.002406891 0.002291136 0.001678453 1.26819e-005 1.314889e-005 1.525372e-005 1.89167e-005 0.002572718 0.006336481 0.00669526 0.007462547 0.007952478 0.00204058 0.006994959 0.008865091 0.01666935 0.01996003 0.02430579 0.01935711 0.03926074 0.02687212 0.02380695 0.02987958 0.05871325 0.08756663 0.09015175 0.1067515 0.1442244 0.1660229 0.1561961 0.1313704 0.1308893 0.1376143 0.1002498 0.07647856 0.06328502 0.04952235 0.0398525 0.03505766 0.02249104 0.03593516 0.03336106 0.0206053 0.003932479
0.0005258239 0.0005997341 0.00068041 0 0 0 0 0.004824156 0.006736868 0.008691728 0.009817688 0.004386154 0.003317938 0.002746371 0.00250368 1.624626e-005 1.56797e-005 1.718669e-005 2.091396e-005 0.006155976 0.007113868 0.00826396 0.008641575 0.008850202 0.01079728 0.003050963 0.01317092 0.02285829 0.02323032 0.01860973 0.02747507 0.03602036 0.02812346 0.02657873 0.04440139 0.06428676 0.08282827 0.0967861 0.110196 0.1680908 0.1827436 0.1636227 0.1571145 0.1426096 0.114785 0.1071243 0.08285241 0.07415158 0.05273065 0.04027876 0.03480956 0.02354839 0.02555908 0.02306354 0.01867173 0.005320851
0.001152685 0.001301808 0.001466913 0 0 0 0 0.005504911 0.007517803 0.008648138 0.0115471 0.00515133 0.004816896 0.003398757 0.003237845 1.753152e-005 1.734876e-005 1.909464e-005 2.29718e-005 0.006945956 0.008530791 0.009588025 0.01057453 0.008654949 0.009619164 0.006860959 0.01561434 0.01128492 0.05142955 0.02357473 0.03781778 0.05066384 0.04034543 0.03840352 0.04188665 0.07617712 0.09251929 0.09621309 0.1137336 0.1586143 0.184277 0.1821427 0.1940729 0.1697734 0.1250055 0.1023755 0.09006342 0.07522806 0.05178852 0.0433501 0.0373746 0.02777354 0.02698104 0.01829952 0.02046764 0.007622356
6.777522e-005 2.532312e-005 2.837044e-005 4.589203e-006 6.411829e-006 7.098022e-006 8.849944e-005 0.008448852 0.00823076 0.007151464 0.006404418 0.007430404 0.006150125 0.005155846 0.004212192 1.2176e-005 1.224949e-005 1.359707e-005 1.61003e-005 0.004895387 0.004697973 0.004364465 0.003917121 0.02870951 0.03309625 0.03311483 0.0360468 0.01402189 0.02549101 0.02706358 0.01882008 0.02718936 0.03933259 0.04180767 0.04518494 0.08828025 0.1132176 0.1187295 0.1239735 0.1450373 0.164493 0.1966019 0.1994041 0.17773 0.1408165 0.105517 0.09933937 0.07789933 0.05354313 0.04724287 0.03385556 0.02038434 0.02576969 0.02047529 0.02177057 0.02783646
2.313905e-005 2.586101e-005 2.899267e-005 6.397971e-006 4.492893e-005 8.643063e-005 0.0001326465 0.006201798 0.00531213 0.005173068 0.004575872 0.00468112 0.003822481 0.00306645 0.002339047 1.284251e-005 1.336654e-005 1.487937e-005 1.745534e-005 0.004376236 0.004056137 0.004173974 0.002753675 0.03075116 0.03580641 0.0497761 0.04191162 0.008553993 0.01167312 0.01265949 0.01694157 0.03301264 0.03842669 0.0480082 0.05093567 0.09241761 0.1198863 0.1172417 0.1473335 0.1708417 0.1795764 0.1855589 0.1821237 0.1636611 0.1298783 0.1181817 0.1033164 0.07455252 0.05037679 0.03577398 0.03491232 0.02590184 0.02354367 0.02813843 0.02252285 0.02481434
2.210733e-005 2.465522e-005 0 4.166102e-005 8.237328e-005 0.0005207994 0.001098603 0.003517763 0.003307184 0.002880337 0.002938312 0.002376867 0.001815389 0.001269376 0.0008117882 8.43641e-005 6.01778e-005 4.641866e-005 4.338277e-005 0.003961065 0.007671566 0.003800964 0.003781181 0.03992547 0.04065409 0.07247359 0.0680118 0.01361612 0.008082169 0.01162513 0.02513294 0.03666958 0.04511151 0.05899014 0.0690692 0.1048614 0.1180077 0.1219251 0.1415695 0.179827 0.1865094 0.169515 0.1461109 0.1375477 0.1159098 0.1026215 0.07785096 0.060676 0.0435841 0.03335082 0.03267534 0.03484496 0.02732411 0.02496722 0.02241772 0.02452967
2.097111e-005 0 0 0.0003910937 0.001280998 0.001856823 0.003420026 0.002103275 0.001910887 0.001604978 0.001744084 0.0003739073 0.0003747495 0 0 0.0001238779 0.0001536571 0.0001042966 9.20208e-005 0.004711929 0.00518962 0.004722292 0.005069264 0.03970418 0.09621126 0.1074837 0.06220569 0.01959638 0.01414104 0.01812893 0.01783313 0.0299083 0.03951363 0.06954428 0.07370594 0.1113173 0.1237369 0.1216795 0.1344545 0.1611409 0.1624857 0.1592058 0.1366709 0.1248193 0.09917155 0.08576839 0.06468425 0.04831783 0.03805605 0.03585745 0.03426457 0.04376741 0.02495287 0.02516031 0.02113193 0.02339608
0.001267218 0.003141664 1.724542e-005 0.0007131387 0.0006923843 0.0006689061 0.0006341517 0 0 0 0.000743425 0 0 0.0001585016 0.0006286107 0.000934469 0.0009852818 0.0005142094 0.0004466744 0.00247219 0.007928343 0.008670202 0.01520303 0.02098084 0.02164079 0.03111286 0.0254279 0.02367343 0.007086691 0.009560263 0.02815839 0.02661253 0.01764805 0.02532898 0.04523452 0.1007813 0.1564467 0.1053713 0.0887343 0.1113572 0.124272 0.1222056 0.1175584 0.09504441 0.0946968 0.07423645 0.04817751 0.03884842 0.04764327 0.03117522 0.03009487 0.03222828 0.01286458 0.01812059 0.02573644 0.03077593
0.001760391 0.007465877 0.003797937 0.0009376468 0.0009955358 0.001300702 0.0029252 0 0 0.0001104478 0.0002985425 0 0 0 0.0002675736 0.001919486 0.001199834 0.0006673262 0.001987698 0.01033052 0.0108248 0.02623194 0.009951961 0.01277499 0.02378069 0.01106561 0.007800228 0.01918145 0.02155644 0.03534847 0.0548913 0.05291492 0.03313741 0.02819653 0.04705039 0.09332654 0.09338091 0.08143765 0.1004028 0.1087365 0.1336283 0.126894 0.1086132 0.09896828 0.08377568 0.06653786 0.04165677 0.05138879 0.04385646 0.03670507 0.02875642 0.05043143 0.02947195 0.0230601 0.0152937 0.02215116
0.0003397865 8.911359e-005 0.001681373 0.002990317 0.003304119 0.003522083 0.003649174 0.0002389951 0.0003569863 0.000542214 0.001099631 0.0005184862 0.0005260386 0.0007168789 0.0007177923 0.001864554 0.001527942 0.001227184 0.0008670792 0.001521347 0.004893945 0.01591633 0.02741416 0.01600261 0.01172367 0.02899612 0.03639378 0.04072179 0.06083049 0.05572364 0.0838408 0.04118003 0.0371933 0.03148952 0.04692758 0.08667948 0.0893821 0.08820178 0.105128 0.1038854 0.1031948 0.1221457 0.1195333 0.08712346 0.0890106 0.06054465 0.04183841 0.05596044 0.04680701 0.02363527 0.02240973 0.04008828 0.0618494 0.02469604 0.01637552 0.02602397
0.0004346774 0.000144733 0.003960256 0.005032699 0.006833251 0.004853155 0.005412848 0.003176624 0.001021242 0.001497673 0.002024435 0.000804031 0.0008533405 0.0008571545 0.0008988483 0.002909163 0.002257971 0.001896871 0.001545297 0.001479181 0.007315021 0.02001727 0.02047314 0.01115976 0.01172806 0.02328817 0.02297031 0.05564085 0.0640827 0.06218479 0.07906925 0.03427426 0.04081406 0.02821535 0.05254592 0.1469093 0.1044315 0.09209 0.112394 0.1120847 0.106863 0.09856148 0.1045896 0.08423921 0.08274746 0.05648798 0.04824983 0.04489912 0.03449717 0.02510702 0.0174532 0.02476947 0.04126821 0.01629691 0.01863706 0.0267474
0.0001026616 0.003573019 0.005949638 0.01151557 0.01659424 0.007658656 0.007037968 0.006657785 0.006323164 0.009764591 0.01731479 0.01161689 0.01173092 0.008415035 0.008486109 0.0161783 0.01082596 0.008340674 0.008095134 0.002978856 0.001518174 0.007820477 0.005103443 0.009947121 0.01236384 0.009559504 0.02214542 0.02047204 0.02009359 0.03063317 0.03937968 0.05179379 0.05093362 0.05566609 0.06723065 0.1501014 0.1198862 0.1251855 0.1682557 0.126265 0.1143379 0.1110672 0.1074145 0.09911373 0.09200176 0.05484032 0.05750789 0.04371063 0.02878626 0.02581769 0.02287275 0.01844798 0.01940831 0.02093965 0.0267672 0.04534464
0.001090928 0.001947387 0.004718963 0.01200488 0.008866635 0.009119149 0.01451876 0.01190587 0.01334721 0.01357853 0.01860517 0.01741859 0.01410366 0.01299071 0.01551429 0.01891437 0.01459752 0.01013713 0.008524333 0.004478304 0.003578079 0.01548148 0.005263901 0.01126812 0.008138525 0.007389833 0.01269188 0.01340344 0.01641457 0.02003299 0.02847801 0.04363048 0.04281067 0.04582532 0.05808274 0.114897 0.1185918 0.1181166 0.1230653 0.1221408 0.1148471 0.1117158 0.1145257 0.1207575 0.09080686 0.05924506 0.05882926 0.03634762 0.03405789 0.02408138 0.02123472 0.01729926 0.01674189 0.01757895 0.02202253 0.04139775
0.001008089 0.00184822 0.007718391 0.01916349 0.01901868 0.018449 0.01890926 0.007567931 0.009894617 0.01598973 0.04545675 0.03963007 0.03174575 0.02598169 0.01987912 0.02026413 0.01770451 0.01403306 0.01037315 0.0080323 0.004758869 0.01147225 0.008203372 0.01090896 0.01152615 0.007495338 0.01052085 0.005575771 0.01175442 0.01901851 0.0260635 0.03949641 0.04655097 0.05928551 0.063558 0.1073811 0.142724 0.1293254 0.1225262 0.1271859 0.1301378 0.1339659 0.1174596 0.1154794 0.1089791 0.07468358 0.0641676 0.03691324 0.03312706 0.03085459 0.02451518 0.01724578 0.01765726 0.0165243 0.02028348 0.03891696
0.001517677 0.00284749 0.004657862 0.03523068 0.03116918 0.02752001 0.02736877 0.009653962 0.01321801 0.02539909 0.06442309 0.05148675 0.05788907 0.05771894 0.02641824 0.03351189 0.01971936 0.01921259 0.01503828 0.01462407 0.00958016 0.004691785 0.005887305 0.02014906 0.01164194 0.0130386 0.0152532 0.005804956 0.007030315 0.01840948 0.02522116 0.0376902 0.04737366 0.106001 0.06466848 0.1293962 0.1616815 0.1421949 0.1321594 0.1429543 0.1414316 0.1236777 0.1196417 0.129163 0.1258684 0.08987051 0.07058967 0.03980687 0.02949173 0.03134643 0.02300453 0.01966112 0.01800844 0.01691247 0.01890988 0.04009461
0.001843704 0.001689377 0.004527672 0.05822719 0.05619899 0.05926735 0.06510476 0.0430421 0.03918115 0.06925248 0.08446115 0.07859089 0.123318 0.1434243 0.1080999 0.03149186 0.02372364 0.02053499 0.02017305 0.00848495 0.007625226 0.007127221 0.0043258 0.0275329 0.01499557 0.01045752 0.01070749 0.00971752 0.003003966 0.004629035 0.004855862 0.02572988 0.03071148 0.03291183 0.04597401 0.07791313 0.09978642 0.1204822 0.1231172 0.1063766 0.09962489 0.1081775 0.111102 0.1357449 0.1152793 0.1181439 0.09649943 0.04137674 0.03004686 0.02548296 0.02243215 0.01142113 0.0139989 0.0118626 0.01508172 0.028344
0.001042347 0.00141141 0.001786155 0.04250032 0.04730404 0.05317888 0.05757029 0.05346478 0.04315421 0.08740567 0.08693875 0.09490393 0.1041742 0.1395089 0.113919 0.03810232 0.02703741 0.02090814 0.01578882 0.01401187 0.01417344 0.009109844 0.007470573 0.02967362 0.01955419 0.01191349 0.01107156 0.004711733 0.00323083 0.003417507 0.004855724 0.02135316 0.02909762 0.03423123 0.04012321 0.0661661 0.07924989 0.0849885 0.08758216 0.09493382 0.09974205 0.1050928 0.1094855 0.1481243 0.1087895 0.09688289 0.1255396 0.08224316 0.04431149 0.03282526 0.02368192 0.01010609 0.01097522 0.0118099 0.01187216 0.0257904
0.002944126 0.004541967 0.004187826 0.03948126 0.04367332 0.05202216 0.06521903 0.05988563 0.05152212 0.05141871 0.07101044 0.07688165 0.08567347 0.09569332 0.06652264 0.03570222 0.03084205 0.02016816 0.02239901 0.02889935 0.03069046 0.01108797 0.005268058 0.03481145 0.03347109 0.02326566 0.01652873 0.005837629 0.004482235 0.004498227 0.005904669 0.0233188 0.02988275 0.04212699 0.05293449 0.06881985 0.08146837 0.07669794 0.07668962 0.09006245 0.08828474 0.09637511 0.114532 0.1693969 0.1456847 0.08977684 0.05851053 0.0504425 0.08541843 0.03771304 0.02236452 0.0215421 0.00951863 0.008393003 0.01046669 0.02403335
0.01079384 0.00589188 0.008060733 0.03297004 0.03985076 0.05175924 0.06582659 0.07318133 0.08389102 0.05515154 0.04287899 0.06352326 0.06570301 0.1017794 0.06470802 0.01986708 0.01787626 0.01965012 0.03165314 0.03747609 0.03307689 0.01670012 0.009690057 0.06156551 0.0443124 0.02394447 0.02123381 0.008064868 0.006500027 0.006373194 0.007558041 0.02683643 0.03046623 0.04284125 0.05198899 0.07107083 0.07227923 0.08104261 0.08071619 0.08234619 0.08193958 0.08072377 0.07554322 0.1323494 0.1412091 0.0609914 0.04898285 0.04201767 0.0327352 0.02702193 0.03127455 0.08755939 0.01557058 0.009569058 0.01103936 0.02281182
0.03319032 0.01668563 0.01278955 0.05297568 0.04300286 0.03530301 0.03709994 0.1081178 0.1447541 0.1072583 0.09624439 0.1751407 0.1701266 0.167069 0.1555222 0.04046163 0.04657835 0.07228295 0.05440739 0.04816391 0.04596369 0.03460624 0.03209784 0.03633135 0.0347411 0.03313502 0.03021727 0.02027527 0.01566954 0.01497597 0.01685777 0.03677283 0.04238982 0.05039316 0.06098648 0.06511942 0.07080614 0.07449736 0.08149137 0.09601739 0.08647702 0.0763732 0.06793019 0.08584604 0.08010969 0.07042591 0.06579438 0.04232612 0.03334777 0.03721705 0.03997441 0.02398028 0.0178069 0.01534301 0.01410951 0.01478579
0.03643297 0.02660904 0.01430037 0.05040369 0.0481407 0.09101157 0.09290534 0.1602791 0.1266844 0.1234492 0.08404954 0.2062713 0.2356015 0.1629915 0.1211434 0.04488205 0.04676531 0.0471164 0.1090835 0.07403377 0.07517654 0.0471218 0.03872279 0.04287986 0.03979159 0.03804808 0.03697821 0.02990317 0.04083481 0.02874273 0.0185694 0.03563961 0.04050378 0.0486982 0.07284232 0.06021001 0.06743027 0.07126413 0.08009853 0.1059954 0.08677365 0.07922058 0.06400068 0.06131725 0.05640668 0.05311731 0.05511104 0.03608421 0.0300839 0.03271947 0.03518354 0.01836686 0.01640538 0.01686945 0.01799445 0.01410829
0.05124326 0.03461444 0.02718407 0.05541859 0.05807801 0.1241103 0.1696281 0.1416222 0.203128 0.08897541 0.04803481 0.2019332 0.1916662 0.1187555 0.1256385 0.05050609 0.05691695 0.05942356 0.07844204 0.07860263 0.107274 0.05725096 0.04620561 0.05197142 0.04495126 0.04362617 0.04885722 0.03781466 0.03111922 0.03104668 0.0259707 0.03912244 0.04320562 0.0488812 0.06007009 0.06134237 0.06617339 0.07080274 0.07725019 0.1067445 0.09651959 0.08337495 0.08546001 0.06169507 0.05376303 0.04436462 0.0412209 0.03024219 0.02770201 0.02647065 0.03425599 0.01865293 0.01667089 0.01477145 0.02174195 0.01279779
0.06533043 0.05303295 0.04516875 0.07879127 0.08818624 0.1331621 0.2062761 0.1121716 0.09650513 0.03970406 0.03551373 0.1412275 0.1371358 0.1126107 0.1608611 0.06910487 0.06353223 0.09985851 0.1173014 0.06243432 0.1167184 0.0988517 0.07953656 0.07198822 0.06061912 0.05186938 0.05920944 0.05768135 0.05094065 0.03930051 0.03762441 0.05078512 0.05450624 0.05775334 0.06672402 0.06003737 0.06808433 0.07078046 0.07895003 0.1170135 0.1047677 0.1124968 0.06715661 0.05494492 0.04879716 0.03891974 0.03320657 0.02605056 0.02579786 0.03454075 0.04738614 0.02500474 0.01827972 0.02270441 0.02606242 0.009528182
0.05569762 0.03934718 0.03970053 0.09897069 0.1349883 0.14233 0.1713577 0.1002894 0.05136662 0.03765815 0.03369472 0.06522572 0.07834961 0.08570663 0.09327759 0.08011691 0.08054353 0.09740676 0.09171273 0.07600756 0.07382102 0.09303193 0.1049488 0.09710347 0.08144425 0.07841932 0.07496526 0.08900048 0.102952 0.1111712 0.08260664 0.07262481 0.0715117 0.07367715 0.07780784 0.06774653 0.07151649 0.0725377 0.0738473 0.08285502 0.0782383 0.07290844 0.05739754 0.02081572 0.01598202 0.01319236 0.01135833 0.009344785 0.01142172 0.02191475 0.01181325 0.01959613 0.01278832 0.01459579 0.01825015 0.009191197
0.06391021 0.04893606 0.04547828 0.08796509 0.1392712 0.1547402 0.1795783 0.08019228 0.04099825 0.03235135 0.03630458 0.06886018 0.1230918 0.1042214 0.1182164 0.08690079 0.08844791 0.09268834 0.09030263 0.08207241 0.08442304 0.08657271 0.08049472 0.09141421 0.09558525 0.090001 0.0894869 0.1088338 0.122026 0.106436 0.108379 0.07898821 0.07865459 0.08427191 0.08798469 0.07438343 0.07801459 0.07735081 0.07452257 0.07457127 0.09346507 0.1162716 0.06820359 0.01974106 0.01492029 0.01173281 0.009861307 0.008535143 0.006477452 0.005505841 0.0102815 0.02440862 0.02105928 0.01187294 0.01677098 0.01976609
0.06612778 0.05736462 0.06050451 0.1158481 0.1318046 0.1821919 0.1846571 0.08849929 0.0465364 0.03360115 0.03409775 0.07883984 0.1113934 0.1220931 0.1315569 0.09737138 0.1025246 0.1034181 0.1010768 0.08722336 0.07823697 0.08108049 0.08534876 0.09981046 0.1018724 0.1133744 0.1069561 0.1287203 0.1432557 0.1064466 0.09668102 0.08193056 0.08620043 0.1012671 0.1009613 0.08190279 0.08772258 0.09208717 0.08595327 0.07397543 0.08071357 0.07884018 0.06894991 0.02239413 0.01494146 0.01126765 0.009647338 0.008156801 0.006434902 0.005519649 0.00783401 0.03046323 0.01800288 0.01629105 0.01334172 0.02189602
0.1022395 0.07398303 0.07999826 0.1881091 0.1532554 0.1465289 0.1371289 0.09416012 0.07061159 0.03837528 0.04331963 0.09206913 0.1225461 0.1348582 0.1239815 0.108582 0.1147591 0.1186484 0.1140765 0.09328473 0.08984965 0.08161174 0.08952986 0.1003376 0.1127386 0.1053225 0.1044354 0.1208403 0.1013924 0.09579518 0.08942151 0.09016709 0.09261702 0.1001949 0.1096235 0.09642969 0.1020834 0.1381883 0.09336527 0.08164071 0.0764151 0.06621598 0.05667359 0.02270603 0.01619439 0.01193198 0.009782922 0.01178444 0.00847568 0.005937913 0.009497124 0.03827992 0.03836195 0.08887916 0.04172248 0.01624393
0.1332595 0.08479983 0.05890243 0.08508979 0.06474171 0.05477134 0.07785866 0.0441859 0.02941905 0.03416733 0.06088438 0.09503214 0.1190673 0.1110186 0.1120628 0.1242523 0.1228106 0.1128185 0.1179281 0.1024791 0.09199011 0.08694278 0.09315729 0.1039734 0.1122912 0.1165249 0.1147809 0.1214999 0.1200346 0.1165783 0.1198336 0.1134414 0.1158049 0.1234182 0.1359659 0.1380683 0.1477553 0.1457591 0.1363059 0.1151996 0.1079684 0.09193687 0.07455833 0.03570534 0.02470224 0.01894823 0.01806224 0.01333696 0.00791481 0.005657692 0.005477852 0.00889195 0.01367828 0.02148087 0.02724808 0.04263869
