contrib/geomasonDemos/riftland/DataFiles/RainData/21.txt
ncols         56
nrows         54
xllcorner     28.264
yllcorner     -5.7719999999999
cellsize      0.25
NODATA_value  -9999
[rows 0 to 24 of 54, columns 0 to 55 of 56]
0.1572572 0.1239469 0.09291576 0.07296908 0.07467306 0.1160499 0.1514873 0.2504228 0.32486 0.3259856 0.3207268 0.5373086 0.2201339 0.1891866 0.1839404 0.2137149 0.1627087 0.2578697 0.1255666 0.1101099 0.09805661 0.09826914 0.09346931 0.2088299 0.2242532 0.2132657 0.2247408 0.2674105 0.3146889 0.2787222 0.2758646 0.2955498 0.2630809 0.2587395 0.2709601 0.2766203 0.2337121 0.2187827 0.1754346 0.1494699 0.1511812 0.1509392 0.1414693 0.165812 0.1569139 0.1471874 0.1603161 0.1837689 0.1653397 0.1578369 0.1475613 0.09376036 0.08655787 0.07650974 0.06426544 0.03450993
0.1368686 0.1216987 0.1074744 0.08071703 0.07973271 0.08608089 0.1550603 0.2689205 0.3061716 0.2559743 0.331527 0.5930791 0.319689 0.2618397 0.393906 0.3249823 0.1888777 0.1947141 0.1372298 0.1113256 0.1007354 0.1120049 0.1652849 0.2407646 0.2014538 0.2002613 0.2150723 0.2653666 0.2584268 0.2462448 0.2544365 0.280674 0.2541001 0.2355586 0.2543603 0.2505562 0.1984248 0.1909416 0.159013 0.1540208 0.1457814 0.1482082 0.1469793 0.1614601 0.150767 0.1465979 0.156679 0.1695094 0.175099 0.1606751 0.1392273 0.07964308 0.06594137 0.05884687 0.05578649 0.02456803
0.1605285 0.1361635 0.1116159 0.09039816 0.08973459 0.09859841 0.1691616 0.3257645 0.2656964 0.2918048 0.4277445 0.7658197 0.4377511 0.3897857 0.3874763 0.5059738 0.2280963 0.19108 0.1386041 0.111945 0.09401909 0.09072086 0.1153921 0.231229 0.2063697 0.1907269 0.2155168 0.2884585 0.2440785 0.2341395 0.2336865 0.2745901 0.2402163 0.2606041 0.212679 0.2115812 0.1869754 0.1636735 0.1526952 0.1525901 0.1510359 0.1587769 0.1477641 0.1563574 0.1493174 0.1443552 0.1577527 0.1640939 0.1632002 0.143192 0.1167045 0.07129334 0.06601042 0.0578039 0.04928019 0.01943509
0.2017885 0.1529464 0.1734728 0.1775703 0.1151199 0.09427926 0.139933 0.2144119 0.2149683 0.2917152 0.5333433 0.5655802 0.3709845 0.3803845 0.685414 0.7381827 0.3893903 0.3008294 0.1836216 0.2141282 0.2247273 0.1149548 0.1124314 0.1978077 0.1780497 0.1814403 0.2294376 0.2741802 0.2432087 0.2463663 0.2366488 0.2614054 0.2701701 0.2443705 0.2641873 0.1963682 0.1758134 0.1351485 0.1219476 0.1677021 0.1636843 0.1701956 0.1634653 0.164661 0.1466093 0.1355892 0.1412988 0.1300804 0.1322945 0.1203917 0.09250724 0.05513144 0.04816804 0.0409403 0.03576463 0.02084915
0.14686 0.1983403 0.2088068 0.2291313 0.1025047 0.09934708 0.1174322 0.1346163 0.1434399 0.1586947 0.3438361 0.279231 0.2138933 0.2555071 0.4471963 0.5976454 0.3460213 0.1757479 0.1957002 0.2852776 0.217273 0.1028531 0.149252 0.1489276 0.143223 0.1704008 0.1670329 0.215278 0.2067048 0.2104388 0.2041577 0.2480504 0.2223039 0.2079026 0.2435718 0.1591513 0.1430272 0.1096286 0.1065264 0.1676191 0.1488731 0.143039 0.1504414 0.1506693 0.1401703 0.1318943 0.1335013 0.1155832 0.1121354 0.1113841 0.08521602 0.04997662 0.04576216 0.04130284 0.031123 0.01523871
0.1317386 0.172021 0.2068786 0.1772609 0.09666625 0.07682123 0.08102992 0.08418261 0.1361805 0.1496665 0.2274889 0.205252 0.2417357 0.2122547 0.4271382 0.485834 0.284716 0.2899184 0.2670611 0.3572822 0.2031036 0.1250494 0.1553087 0.1498153 0.1638919 0.1059143 0.112087 0.1686968 0.1763739 0.1805684 0.1540682 0.1949795 0.1621693 0.1631095 0.149297 0.1183839 0.1224872 0.09516659 0.1030404 0.1510573 0.1430461 0.1360776 0.1406706 0.1257781 0.121552 0.1251039 0.1164517 0.1080056 0.1011642 0.08843412 0.08052507 0.04616706 0.04323507 0.03716478 0.02833954 0.01408326
0.1841528 0.2014567 0.1820187 0.14145 0.1086491 0.09609095 0.07534056 0.06200066 0.07331478 0.1148828 0.1619086 0.1804283 0.2583751 0.3455081 0.3783513 0.4678549 0.2905639 0.2138305 0.290704 0.3514193 0.272467 0.1700157 0.1645958 0.1278964 0.1201477 0.1132035 0.1106366 0.1204752 0.1275568 0.1256478 0.1173058 0.1485113 0.1306488 0.1351497 0.1197543 0.1019399 0.09925195 0.07410062 0.08513508 0.1257559 0.1332637 0.1311558 0.1393019 0.1176263 0.1083979 0.1106241 0.1017284 0.09148739 0.07641669 0.0732787 0.07168271 0.04295241 0.04141629 0.03461297 0.02678503 0.01286762
0.1976807 0.1431016 0.1540324 0.1688181 0.119854 0.1003295 0.1168927 0.08202171 0.09347224 0.1517657 0.1492622 0.3806242 0.2779793 0.3070655 0.5546842 0.5475413 0.4652064 0.4025317 0.4831545 0.2753844 0.2706956 0.1722404 0.1455011 0.1714776 0.1844679 0.1774045 0.08479368 0.04990445 0.06144948 0.05406113 0.06354443 0.08165868 0.07330579 0.09661354 0.09307525 0.1076441 0.08602042 0.06797587 0.08778277 0.09465796 0.09662383 0.08889566 0.08640574 0.09414448 0.07834715 0.0752734 0.060333 0.04326951 0.03040876 0.02934293 0.03108635 0.008806604 0.01008578 0.007276157 0.005597822 0.01437927
0.144762 0.1268602 0.1219057 0.1312273 0.07649388 0.09944349 0.09678938 0.09004399 0.1161109 0.2296494 0.148647 0.3374342 0.2524203 0.3057756 0.3054261 0.5827292 0.3222897 0.3483148 0.2527424 0.1480854 0.2005429 0.09530031 0.07831483 0.1622621 0.1217518 0.08883307 0.03652786 0.03509287 0.03922793 0.03766862 0.03636796 0.06325091 0.06504094 0.06459321 0.08221989 0.07396156 0.07414515 0.07590493 0.07479646 0.07527991 0.0826804 0.07697909 0.07376776 0.07540457 0.06340264 0.05860487 0.04957445 0.02830929 0.02614625 0.02121737 0.02560432 0.007268818 0.006088856 0.006270189 0.008317146 0.01595131
0.1654918 0.0891945 0.1549866 0.1433395 0.08547766 0.07269954 0.05556154 0.08684674 0.07572992 0.1160923 0.1502733 0.3311156 0.2711224 0.2874037 0.2671976 0.3455169 0.3019401 0.2453327 0.2364014 0.1314966 0.1176945 0.08923194 0.0595376 0.08624763 0.0487756 0.02855125 0.02108513 0.02534389 0.02391944 0.02002806 0.02374087 0.05303113 0.0474792 0.04467134 0.04422576 0.07495057 0.08121273 0.06585992 0.07148642 0.09224094 0.06772611 0.07162406 0.06278242 0.069275 0.05573716 0.04856003 0.04140474 0.02355312 0.0210749 0.0202727 0.01836893 0.005459351 0.004477474 0.005899266 0.005232848 0.01032773
0.1364733 0.1365269 0.1530572 0.122571 0.06483696 0.05524691 0.07101022 0.08272697 0.0728082 0.1450658 0.189808 0.3358201 0.2881606 0.2465472 0.2423196 0.3034612 0.3899003 0.2282943 0.1845073 0.1867677 0.109369 0.06495389 0.04512516 0.04925638 0.02358603 0.02637342 0.02154844 0.01841282 0.01521871 0.01526604 0.01578774 0.03246444 0.03028034 0.0395629 0.0288021 0.06109277 0.06025019 0.06626745 0.06547806 0.07445918 0.06090463 0.06336013 0.05793862 0.06452505 0.05330049 0.04823569 0.04008679 0.02074253 0.01763833 0.01519179 0.0149823 0.004112778 0.003292418 0.004129542 0.005199031 0.01019097
0.1191397 0.1310208 0.1386064 0.09988736 0.1127932 0.07376384 0.09582733 0.09855455 0.09394975 0.09922543 0.124659 0.2397281 0.2297031 0.1861628 0.2018161 0.1805308 0.1693737 0.1700672 0.1995032 0.1722978 0.1333667 0.09429774 0.07496787 0.02608917 0.01886045 0.01858104 0.01242256 0.009511111 0.009022462 0.008690754 0.01028698 0.01509371 0.01734897 0.02532256 0.02305263 0.03150748 0.03819221 0.04679635 0.04066638 0.0226071 0.02843924 0.04074634 0.03276885 0.02363521 0.02083252 0.01966266 0.01953457 0.01847101 0.01646421 0.0159694 0.01461416 0.002025844 0.002393831 0.002699105 0.003333765 0.00637543
0.09961282 0.1043022 0.1188719 0.08880746 0.1204608 0.1290891 0.09058091 0.09177389 0.0746049 0.1092517 0.121612 0.2173975 0.2264869 0.1614814 0.229751 0.1784144 0.1726528 0.2867782 0.1583467 0.1415297 0.1065672 0.07881361 0.06412648 0.06247849 0.01252142 0.00800948 0.007776097 0.005091177 0.004662354 0.004778991 0.005166288 0.008834333 0.01139214 0.01381952 0.01499666 0.02330676 0.02873185 0.02337719 0.0246743 0.01642685 0.01780681 0.0226688 0.02385046 0.02127419 0.01993204 0.01290474 0.01278043 0.01176308 0.0111595 0.01103893 0.01063877 0.001526974 0.001976547 0.002535985 0.003021585 0.004256391
0.1027027 0.08598297 0.09300689 0.1233756 0.1496501 0.09392981 0.06516317 0.09469173 0.09672222 0.1393553 0.1147213 0.1851738 0.1525016 0.1328523 0.1242571 0.1196915 0.1366173 0.1789135 0.1007672 0.1054958 0.08960698 0.07994917 0.04904 0.01292246 0.01082393 0.00606899 0.007934315 0.003394713 0.002643527 0.002489163 0.002950981 0.005872197 0.007033222 0.008378179 0.009856955 0.01644694 0.01848462 0.01766125 0.01951515 0.01156054 0.01099071 0.01064523 0.01211956 0.009192189 0.008632939 0.007390487 0.007168381 0.007241423 0.007706236 0.007828739 0.008047197 0.001148612 0.00194799 0.002278107 0.003002332 0.002993887
0.1592666 0.1024308 0.1491564 0.1610732 0.1097072 0.07326245 0.0464748 0.06428257 0.1043874 0.1243926 0.1122635 0.1608571 0.1165172 0.09741076 0.07207986 0.09230009 0.1055849 0.156062 0.1343005 0.0922289 0.07084807 0.06595817 0.0339026 0.01379118 0.009173947 0.006376182 0.00491892 0.00318948 0.00246918 0.002092519 0.002382444 0.004634089 0.005679345 0.006083819 0.007115012 0.01210655 0.01223574 0.01170851 0.0126453 0.008184802 0.007513713 0.007275915 0.008299281 0.00607257 0.005653906 0.005573937 0.005662297 0.0055665 0.00630232 0.006448464 0.006803132 0.001112182 0.001804353 0.002590393 0.003167631 0.00234605
0.2976161 0.1724536 0.1885853 0.1217536 0.1008358 0.05737285 0.05565797 0.08642159 0.09729818 0.1451252 0.1692056 0.233339 0.1847705 0.1327737 0.1290457 0.1365474 0.1549663 0.1450382 0.1408032 0.1108993 0.04960511 0.02627447 0.02436548 0.01970156 0.01418384 0.01158108 0.009702907 0.001807163 0.001112661 0.0009104792 0.001095213 0.002860863 0.003202611 0.00348289 0.003700881 0.003479622 0.003649315 0.003654168 0.00347509 0.003790975 0.003563089 0.003384278 0.003275548 0.001578251 0.001506622 0.00149005 0.001534733 0.003016131 0.003845454 0.006941819 0.009500193 0.02516579 0.01836629 0.008242087 0.007698776 0.0007205436
0.1573759 0.2036543 0.2085112 0.1120843 0.09188016 0.05483665 0.05521948 0.1171877 0.1331008 0.1313408 0.1522066 0.212715 0.1779549 0.155754 0.140547 0.1284449 0.1659194 0.1433696 0.1463822 0.1268864 0.06692541 0.0573132 0.02255981 0.02416469 0.01555233 0.01216881 0.009487845 0.001775807 0.0009927328 0.0006303797 0.000691165 0.001871375 0.00199247 0.002134648 0.002294454 0.001996775 0.002125024 0.002122397 0.003085295 0.002104655 0.001928269 0.001783813 0.001665439 0.0007821731 0.0007165512 0.000683564 0.0006848893 0.001739883 0.002539888 0.003548891 0.007934988 0.00992277 0.01114442 0.0100628 0.00252672 3.616092e-005
0.1609839 0.1664468 0.1314868 0.09529033 0.07487253 0.06240681 0.0698962 0.1228153 0.1326445 0.135049 0.1572369 0.2457924 0.1830179 0.187349 0.1731222 0.1504674 0.1863615 0.1669056 0.1753466 0.1473471 0.06873937 0.03965843 0.03297596 0.03073462 0.01900511 0.01441414 0.01061812 0.002320358 0.00141309 0.000919082 0.0008514243 0.001916241 0.001785815 0.001738528 0.001776018 0.001341109 0.001343001 0.001283331 0.00116708 0.00119615 0.001054333 0.0009281471 0.0008166472 0.0003548168 0.0003458332 0.0002521456 0.0002310991 0.001210932 0.001392673 0.002316034 0.004558731 0.009219684 0.008394523 0.007531869 0.00104754 1.171116e-005
0.1977861 0.183732 0.169892 0.1821937 0.112121 0.1056052 0.08160499 0.1196239 0.1165474 0.1395496 0.1684437 0.2706382 0.2252869 0.2362263 0.2691453 0.1948 0.149968 0.178452 0.208677 0.1649054 0.1632764 0.1070593 0.05239643 0.06703966 0.03396528 0.02536709 0.01303706 0.003290692 0.002333662 0.001766258 0.00156663 0.002717683 0.002305456 0.002016567 0.001847312 0.001559579 0.001371291 0.001215894 0.001105766 0.001122343 0.0009849619 0.0008647193 0.0007541815 0.0003258353 0.0002677091 0.0002274861 0.0002047093 0.001271904 0.001538197 0.001586814 0.003444693 0.008530986 0.007483505 0.002269011 0.00388709 0.003299725
0.2484784 0.2761032 0.2841421 0.3273225 0.1499668 0.1037749 0.1087578 0.1053824 0.06914971 0.08388281 0.1248846 0.2289066 0.2306455 0.3551812 0.2067855 0.1951559 0.1580753 0.1504283 0.2501105 0.1970039 0.1692597 0.1220788 0.07008822 0.06186498 0.04116027 0.03227531 0.02609376 0.01484961 0.01133454 0.009069263 0.007911188 0.00793409 0.007146289 0.006232345 0.006617941 0.01006242 0.005676007 0.005679979 0.00584276 0.001631573 0.00142746 0.001251406 0.001081843 0.0008702339 0.0007059185 0.0005882725 0.0005165224 0.001777718 0.001366231 0.00142426 0.001744215 0.001760443 0.0009961842 0.01286674 0.0009016313 0.001327002
0.2722263 0.3006626 0.2940173 0.2477778 0.1335787 0.09396441 0.0861199 0.06708594 0.06714318 0.06945708 0.07943185 0.2013267 0.1995359 0.2243413 0.2007976 0.1909915 0.1741678 0.1797004 0.1985915 0.1744573 0.1279902 0.1021445 0.08028817 0.05802561 0.04548701 0.04089788 0.03081852 0.01811699 0.01445719 0.01181138 0.01021782 0.01006403 0.008659923 0.007284623 0.006974694 0.005999545 0.005664406 0.001136642 0.001020765 0.001524464 0.001329019 0.001151924 0.000987975 0.0007896425 0.0006310192 0.0005121485 0.0004364408 0.0004401114 0.0004494664 0.0007151546 0.0008374156 0.002335687 0.006830841 0.02304897 0.01218591 0.009852032
0.2949213 0.2963514 0.2923203 0.2708779 0.1525351 0.1035666 0.08273774 0.07298175 0.07431514 0.07781331 0.08383041 0.1616182 0.1620038 0.1852213 0.1842828 0.1707623 0.1723831 0.1855424 0.2049769 0.1528566 0.1457011 0.1198127 0.09188526 0.07185341 0.05859719 0.05288591 0.04130656 0.02321013 0.01836064 0.01556035 0.01347374 0.01314339 0.01068073 0.009280855 0.008450538 0.006408294 0.005814432 0.005579515 0.005810383 0.001650288 0.001405583 0.001192958 0.001012771 0.000793395 0.0006207367 0.000492761 0.0004104743 0.0002850644 0.000213636 0.0004459024 0.0006676109 0.002750267 0.00720787 0.002827363 0.008163325 0.01407988
0.2809485 0.2972727 0.2758424 0.2997651 0.1983911 0.1287196 0.1103572 0.15471 0.07165153 0.06056816 0.06773417 0.1525985 0.1465797 0.1551353 0.1812581 0.2053903 0.1953943 0.1704632 0.2101838 0.1989715 0.1584609 0.1480892 0.1328355 0.08209108 0.06922808 0.0553893 0.04989265 0.0288127 0.02296893 0.02012082 0.01752459 0.01721507 0.01411414 0.01157681 0.01057412 0.007141673 0.006220732 0.005775505 0.001427698 0.00204332 0.001662712 0.003652541 0.001147868 0.0008855268 0.0006777218 0.0005265655 0.000438031 0.0003029447 0.0003414791 0.0004830919 0.000669334 0.004000745 0.002788506 0.002616367 0.002509268 0.007021953
0.2549763 0.301203 0.3067215 0.2207264 0.1625114 0.104307 0.116261 0.1662212 0.07855009 0.0571123 0.05056841 0.1187457 0.09390628 0.1210573 0.1357279 0.1559358 0.1815156 0.1690446 0.2049641 0.2088765 0.1763494 0.1567932 0.1737249 0.1105832 0.08855473 0.06894805 0.05511971 0.04284018 0.03924906 0.0333157 0.0270038 0.02816349 0.02305358 0.0188205 0.0164622 0.008274223 0.006055507 0.005525715 0.00534736 0.002834449 0.002398577 0.00159927 0.001331411 0.0006558497 0.0004938916 0.0003771945 0.0003125358 0.0004906699 0.001039252 0.001559612 0.002490267 0.008077047 0.01228339 0.01228143 0.01299416 0.01068033
0.2148104 0.2312452 0.2565511 0.18827 0.1234991 0.1113973 0.1206709 0.06719135 0.0602738 0.03487453 0.04119844 0.08957976 0.08899447 0.1169764 0.1028473 0.1057747 0.1146644 0.1287483 0.134789 0.1772544 0.1568295 0.1576078 0.1709473 0.1047659 0.0946063 0.08351218 0.06247067 0.04779343 0.04624461 0.04533439 0.03404238 0.0334572 0.02760397 0.02242864 0.01795172 0.008941771 0.005643657 0.005265094 0.004905973 0.003209996 0.002249111 0.001785467 0.001477131 0.0007157768 0.00053099 0.0004002877 0.0003322168 0.0005065949 0.001100549 0.001250729 0.00281074 0.007862533 0.01659693 0.01754027 0.01303347 0.01269706
