contrib/geomasonDemos/riftland/DataFiles/RainData/21.txt
ncols         56
nrows         54
xllcorner     28.264
yllcorner     -5.7719999999999
cellsize      0.25
NODATA_value  -9999
[rows 25 to 49 of 54, columns 0 to 55 of 56]
0.1682874 0.1786 0.1750532 0.1454672 0.1223509 0.1079812 0.1200229 0.07041666 0.06247834 0.04260369 0.04231397 0.09243899 0.08561904 0.08424546 0.07674726 0.09006647 0.09740089 0.09780328 0.1096801 0.1832002 0.1709906 0.1549716 0.1473293 0.1072417 0.1024602 0.08959486 0.07496021 0.05606291 0.05531158 0.05502125 0.0402453 0.03802451 0.03192808 0.02588567 0.02047237 0.01076221 0.006300277 0.004463408 0.003890969 0.00325298 0.002558929 0.002048186 0.001713115 0.0008463294 0.0006453477 0.0005133543 0.009213048 0.005135191 0.0005591204 0.001422037 0.002484847 0.01166732 0.01625696 0.01515862 0.01745169 0.01870181
0.1872178 0.2076838 0.2199292 0.1908274 0.1315916 0.09031752 0.08015373 0.06303599 0.07296947 0.04841295 0.05534213 0.09841982 0.07997754 0.07054146 0.07225614 0.08751653 0.09748688 0.1017958 0.1149799 0.2066515 0.1807349 0.1606159 0.1469488 0.1123014 0.1003483 0.09266369 0.07751356 0.06321909 0.05104699 0.0492266 0.03971209 0.04240998 0.04031438 0.02586521 0.02096814 0.01094763 0.006488414 0.004585891 0.003915718 0.003671173 0.00293311 0.002387085 0.002039995 0.00195052 0.002534496 0.0007107062 0.02056541 0.002603426 0.001407511 0.0020123 0.002396868 0.01987098 0.01665936 0.02100154 0.02291348 0.02738673
0.2960278 0.3661107 0.260672 0.1802173 0.1172156 0.1109868 0.08769695 0.06140745 0.07817221 0.06494251 0.08087555 0.09935512 0.08469611 0.07326141 0.0646157 0.0714978 0.07305881 0.07443374 0.09696815 0.1291118 0.1476775 0.173008 0.1644395 0.1286017 0.1234471 0.1126487 0.1265819 0.06575247 0.05494146 0.04972494 0.04730387 0.03791309 0.03848376 0.0280143 0.02239028 0.01236727 0.007873666 0.006196605 0.004928043 0.004531049 0.003662163 0.00363724 0.003193721 0.002666918 0.006140518 0.009080847 0.005128045 0.004883967 0.004446615 0.004409297 0.005290036 0.007260263 0.01740209 0.0192919 0.02203289 0.02395521
0.2679918 0.2682116 0.18171 0.1136428 0.1844817 0.09708888 0.07701892 0.07047305 0.07384937 0.0708759 0.06825653 0.09373955 0.08804083 0.07717714 0.05850393 0.06547388 0.06305709 0.06166616 0.06910017 0.1075932 0.1220664 0.1530114 0.1499669 0.1297014 0.1478838 0.1174231 0.122611 0.07335682 0.05486906 0.0518495 0.04446132 0.04219361 0.03638151 0.02833032 0.02336668 0.01294171 0.008843011 0.00621191 0.005398999 0.004993505 0.004060741 0.003398721 0.003090263 0.002997596 0.007023436 0.009019864 0.01567915 0.005293427 0.004768834 0.005995009 0.007134686 0.01318397 0.01592802 0.01112336 0.0226338 0.01740837
0.2072034 0.2543098 0.1582124 0.08633637 0.09043562 0.07682589 0.07861912 0.07023875 0.08356009 0.08657178 0.06748437 0.1018506 0.1063652 0.08147583 0.06296488 0.06828745 0.06249327 0.06664792 0.06299196 0.08054046 0.08391006 0.08946601 0.105161 0.1220168 0.1426344 0.1311844 0.1268313 0.0781467 0.06208901 0.05051902 0.0438772 0.04172754 0.03385199 0.02859796 0.02312232 0.01296117 0.009350832 0.006286286 0.005464775 0.005144334 0.00423834 0.003615507 0.003432708 0.003305894 0.002894188 0.00776101 0.009583633 0.00590764 0.006842637 0.007207024 0.008232655 0.01182296 0.01334849 0.01030262 0.01834966 0.01633627
0.1863291 0.1634019 0.1616884 0.09699216 0.09605624 0.04938338 0.05545047 0.08084038 0.09099066 0.06943724 0.09937252 0.1131676 0.09029888 0.09086856 0.07257878 0.06828493 0.06233814 0.07359862 0.06389037 0.07381348 0.07432983 0.07957058 0.08261836 0.1188952 0.1406246 0.1285918 0.1291257 0.1028784 0.06693024 0.04866757 0.0456651 0.04692956 0.03486533 0.02997612 0.02461668 0.01647083 0.02108293 0.006448695 0.005211356 0.004947673 0.004124544 0.003895479 0.003839183 0.004571751 0.00410747 0.004701041 0.005532514 0.007607658 0.008370226 0.01264188 0.009206355 0.0138362 0.008593776 0.01222989 0.01681923 0.01568918
0.1467227 0.1363913 0.1085168 0.1140801 0.08192783 0.0640355 0.05791412 0.1021631 0.1190864 0.1148291 0.1184744 0.1112266 0.101866 0.1042009 0.07823283 0.1182939 0.1235165 0.09708098 0.08823991 0.09932447 0.06976482 0.07215002 0.07989525 0.1295217 0.1394585 0.1538638 0.1481845 0.08953054 0.09020796 0.05344196 0.04601146 0.04286652 0.03464273 0.0264097 0.02140114 0.01528312 0.04242215 0.006819883 0.006406247 0.004254259 0.003583907 0.005928293 0.006016831 0.007856952 0.007296431 0.008265532 0.008201731 0.01212912 0.0108679 0.01208798 0.01403396 0.02536797 0.01492629 0.01552716 0.01700602 0.02608586
0.1801511 0.1424385 0.1095077 0.09369495 0.0797326 0.05764959 0.07058621 0.1062782 0.08873963 0.09225377 0.08951557 0.1012438 0.1035508 0.08354703 0.06252481 0.1239929 0.1184598 0.1208019 0.1136985 0.08122888 0.06684051 0.07082283 0.07607581 0.1242981 0.1272631 0.1393849 0.1359423 0.09093051 0.07106656 0.06017502 0.04601633 0.0392049 0.03200586 0.02779927 0.01930437 0.01443214 0.00804083 0.005934898 0.005803768 0.004070648 0.00350564 0.00620115 0.006413306 0.008076737 0.00885672 0.008878514 0.008988756 0.02252671 0.02045458 0.01472254 0.01670848 0.01483442 0.01478004 0.01555032 0.01792188 0.02623594
0.1896666 0.1748605 0.1436145 0.08454895 0.1049868 0.102823 0.08701377 0.08831675 0.07687912 0.07754976 0.07914603 0.09218609 0.08866887 0.06988751 0.05819474 0.1268145 0.125392 0.1344634 0.1169819 0.06897774 0.07028633 0.05973628 0.0590426 0.08154383 0.1245925 0.1195302 0.09638277 0.06859845 0.06518384 0.05798315 0.05402892 0.03348464 0.03423473 0.02142977 0.0160794 0.01074334 0.00753204 0.005737497 0.005129185 0.003869782 0.003456768 0.00656036 0.007124101 0.008851566 0.009814153 0.009664882 0.01009895 0.01522647 0.03105738 0.0156497 0.01657985 0.01495364 0.01625262 0.01905806 0.02146004 0.02183644
0.2158203 0.187584 0.1723538 0.1101745 0.1151741 0.1202507 0.08712353 0.08076609 0.08688813 0.07160455 0.06925157 0.0958803 0.07673106 0.07046805 0.05830168 0.1296639 0.1230513 0.1316341 0.1359704 0.06727417 0.05226752 0.04988076 0.04992982 0.07508269 0.1185805 0.1091442 0.08337842 0.06088427 0.05408097 0.04613124 0.03900564 0.02982701 0.03305148 0.01799267 0.01354683 0.008961145 0.005833947 0.00429863 0.00418754 0.003585951 0.003475936 0.007215533 0.008374369 0.01015197 0.01001137 0.01138151 0.01163016 0.01753935 0.03317676 0.01988135 0.02010989 0.01862468 0.02027977 0.01940474 0.02274616 0.03112679
0.2196748 0.1833527 0.1884339 0.1479179 0.1222002 0.1202838 0.08629607 0.07319427 0.06424984 0.06653833 0.07407753 0.09356727 0.08889259 0.09235166 0.08714936 0.1127499 0.1011174 0.1054548 0.1188764 0.05355567 0.03730911 0.04520925 0.04924398 0.1390521 0.1579344 0.1238004 0.1050157 0.05249302 0.0397451 0.03332577 0.02964949 0.01924275 0.01234809 0.0104523 0.008802704 0.003936836 0.00236935 0.001840114 0.001956459 0.002814932 0.002962818 0.005028792 0.006549914 0.01255616 0.01336061 0.01441316 0.01559234 0.01614675 0.0183537 0.02074321 0.02183236 0.02346163 0.02798467 0.02980331 0.02930063 0.03568641
0.2511916 0.230642 0.2004212 0.1128834 0.09795023 0.09429803 0.09001485 0.06748436 0.05518181 0.04872648 0.06097243 0.07896069 0.07988682 0.08792498 0.07733145 0.09589983 0.0905832 0.09592248 0.1030543 0.04204409 0.03166258 0.03480867 0.04065456 0.1182184 0.1183534 0.117561 0.08768865 0.05027469 0.04159717 0.03047414 0.023806 0.01567443 0.009139333 0.008079805 0.008268489 0.002966233 0.00160724 0.001308481 0.001604992 0.002580986 0.002975111 0.005556803 0.007572739 0.01376692 0.01513765 0.01634644 0.0174792 0.01824721 0.02152766 0.02373399 0.02430872 0.02605033 0.02775284 0.02979071 0.03370821 0.04852264
0.2136578 0.1726898 0.2151783 0.09001318 0.08446262 0.07851938 0.07198985 0.07594431 0.07136173 0.06242297 0.05411531 0.07830843 0.0772396 0.07636617 0.07284466 0.09540668 0.07967636 0.09244177 0.1152628 0.03724184 0.02592891 0.03242656 0.03241046 0.09279751 0.08534905 0.09556528 0.05545779 0.04136016 0.0332544 0.02873388 0.02309677 0.01102467 0.007473727 0.006734631 0.005442203 0.002413332 0.001245689 0.001133451 0.001558681 0.002738451 0.003339142 0.006326358 0.008931647 0.01550377 0.0182254 0.01973886 0.02076762 0.0217437 0.02483427 0.02666517 0.02722126 0.0331501 0.03347323 0.03070459 0.03418794 0.02254167
0.2043807 0.1704733 0.1673264 0.07638892 0.07358172 0.06929757 0.06800038 0.06959939 0.06002081 0.05116108 0.05197358 0.07942619 0.07871494 0.07585034 0.0725549 0.08903035 0.08916379 0.1065524 0.09813171 0.04128923 0.02749679 0.03415292 0.03534297 0.06484628 0.06561741 0.04580187 0.05181068 0.02862178 0.02534915 0.02153463 0.0189027 0.009517835 0.009532548 0.004586264 0.004801504 0.002295377 0.001226625 0.001230871 0.001823209 0.004022984 0.0040478 0.007476724 0.01076596 0.01866682 0.02155121 0.02329834 0.02475454 0.02421999 0.02840851 0.02892119 0.03052322 0.03228617 0.03709694 0.02863995 0.02503062 0.016875
0.1810936 0.1073933 0.07839868 0.07368138 0.07269681 0.07830156 0.06791867 0.06698128 0.06304997 0.05674698 0.05584598 0.06936675 0.07011298 0.07542052 0.06970084 0.07079322 0.06839166 0.05916975 0.05689229 0.04315057 0.02565666 0.0336377 0.02955871 0.0254376 0.03463545 0.02869203 0.03515459 0.01227385 0.0156155 0.01346767 0.008489992 0.008329996 0.005775496 0.004102561 0.003389055 0.00244759 0.001881209 0.002069777 0.003177835 0.006459179 0.006953336 0.01118344 0.01595593 0.02687758 0.03069488 0.03381548 0.03632157 0.04171381 0.04440288 0.05412315 0.04493649 0.04867997 0.04681847 0.03508667 0.03473223 0.01404167
0.1165585 0.09226318 0.04973187 0.06582272 0.07796841 0.08106647 0.07317005 0.07449172 0.06356311 0.0786677 0.0619358 0.06413785 0.06420085 0.06486844 0.06918024 0.05862544 0.05648872 0.0447468 0.03530407 0.02581258 0.02137708 0.02561842 0.03126888 0.03211882 0.03182993 0.02344146 0.02310124 0.009982578 0.00941823 0.01016476 0.006872414 0.006725998 0.004808 0.003509924 0.002990622 0.002406715 0.002006615 0.002366093 0.003661634 0.007242553 0.007958957 0.01255088 0.01811947 0.03093953 0.03722042 0.03916455 0.04166277 0.04598951 0.05067013 0.04872911 0.0510935 0.05241999 0.03682115 0.0374788 0.03624221 0.01016667
0.09415361 0.07689259 0.05958031 0.06299647 0.07282037 0.08145611 0.07823464 0.08112309 0.06854894 0.07237146 0.05523401 0.06593072 0.05910145 0.054004 0.05336188 0.06667078 0.043939 0.02956526 0.02531078 0.02312295 0.01907338 0.02282767 0.02579951 0.02220908 0.02956739 0.01605343 0.01454692 0.008236307 0.007709092 0.006831571 0.01060277 0.0058858 0.004328201 0.003363689 0.00303225 0.002617497 0.00250818 0.003084873 0.004482392 0.009888542 0.009919602 0.01390349 0.01979317 0.03384602 0.04091921 0.04349615 0.04471651 0.05354721 0.05358586 0.0563775 0.06174363 0.04180382 0.03820887 0.03711636 0.03417478 0.02283333
0.09709316 0.05807493 0.046638 0.056359 0.05790562 0.06242479 0.06330021 0.08012404 0.06861895 0.05673777 0.0549009 0.05926232 0.05293397 0.04831596 0.05315868 0.04367998 0.03361979 0.03141515 0.02538034 0.02709527 0.01792416 0.01625541 0.01505411 0.01569504 0.02141166 0.01140002 0.01042561 0.007173837 0.006699405 0.00745439 0.007545736 0.005515195 0.004447719 0.003660969 0.003532883 0.004387718 0.007783248 0.004119792 0.005397928 0.01095025 0.0120002 0.01604481 0.02114796 0.03604498 0.04357281 0.04652829 0.04996124 0.05719009 0.06062884 0.06409203 0.07102587 0.04674972 0.03958321 0.04552003 0.03774604 0.03558333
0.1052302 0.06374118 0.04941868 0.0248709 0.03432202 0.06475196 0.0475685 0.06218008 0.06509621 0.06582308 0.0522595 0.05550274 0.04495594 0.05070833 0.04740307 0.03459591 0.02794258 0.03658517 0.03273676 0.02663406 0.01387198 0.007240027 0.008083177 0.008226157 0.00393883 0.003125316 0.002817522 0.003823517 0.00360385 0.008333107 0.002571787 0.006910372 0.006237211 0.006019135 0.006472192 0.009531414 0.03241868 0.008430419 0.009711941 0.01198546 0.01387255 0.0180248 0.02474248 0.03947922 0.04686353 0.05582422 0.05934836 0.0710756 0.07273352 0.07959496 0.06315511 0.024625 0.015375 0.01204167 0.02216667 0.02591667
0.1071029 0.09101538 0.05022739 0.04206987 0.06843749 0.04919377 0.02542139 0.03448791 0.04102443 0.04083951 0.04373595 0.04678642 0.03873897 0.04144451 0.03589914 0.02497227 0.02127282 0.01955193 0.01855158 0.01370785 0.01203225 0.005170184 0.005158174 0.002587751 0.002856702 0.002242542 0.002038622 0.003244465 0.003221271 0.003331171 0.001885376 0.006692197 0.006356971 0.00659479 0.006327641 0.006743258 0.009756146 0.008962397 0.01072217 0.01318401 0.01502375 0.01910119 0.02581345 0.04112556 0.04955978 0.05984654 0.06612961 0.07857312 0.07836027 0.07592419 0.07090741 0.01558333 0.01141667 0.02816667 0.01858333 0.01258333
0.1130122 0.07309083 0.04264329 0.05552963 0.06085594 0.06215936 0.03429914 0.04909994 0.05287829 0.04131067 0.03933486 0.04865338 0.03990511 0.03113828 0.02709314 0.02023475 0.01668193 0.01289426 0.0129695 0.01007561 0.009023012 0.003975306 0.00394249 0.00181683 0.001723878 0.001599801 0.001604839 0.003093162 0.002934366 0.003093014 0.003414387 0.00642075 0.006497407 0.006846884 0.007043217 0.008059008 0.01065241 0.01133457 0.01304679 0.01642013 0.01911023 0.02279403 0.02803937 0.04465134 0.05121629 0.05728728 0.0629406 0.08005565 0.09602729 0.08043168 0.08378431 0.017 0.0115 0.013625 0.01420833 0.006416666
0.0805585 0.05165982 0.03412354 0.02797866 0.03191632 0.06731825 0.04436804 0.04524058 0.04766132 0.03931216 0.03180805 0.04669922 0.04014838 0.02820033 0.02726015 0.02041858 0.01540058 0.01159964 0.009370058 0.007582462 0.003428143 0.003164988 0.003407923 0.001346627 0.001350162 0.001543453 0.001682043 0.006381 0.002903624 0.006464856 0.003312115 0.00623549 0.006635114 0.00734563 0.008204918 0.01085688 0.01231932 0.0139324 0.01587216 0.02049917 0.02330536 0.02771945 0.0319465 0.04868352 0.05566869 0.06414477 0.06275441 0.07707041 0.0738629 0.08091205 0.08733375 0.022 0.01858333 0.01954167 0.010875 0.007041667
0.0551166 0.04349362 0.04220839 0.03889709 0.03650824 0.05862157 0.06195648 0.03492028 0.03293549 0.03576284 0.02301047 0.03193291 0.03293276 0.02924463 0.01918644 0.02070869 0.01676892 0.01484751 0.01331708 0.0121868 0.003911875 0.002872118 0.002882781 0.00130218 0.002021346 0.001933889 0.00328715 0.001385488 0.007854523 0.008071867 0.001739776 0.004794738 0.005254787 0.006550602 0.007604205 0.01506754 0.01694112 0.02105201 0.02475676 0.03897009 0.04446119 0.04992849 0.05432149 0.05603104 0.06015372 0.06322804 0.06278133 0.03625 0.03533333 0.03045833 0.05216666 0.02470833 0.018625 0.028625 0.03095833 0.00875
0.07082073 0.05583553 0.04816617 0.05749325 0.02825709 0.02659001 0.05394253 0.05030631 0.06310257 0.04662553 0.03606065 0.030893 0.02637494 0.01845361 0.0158563 0.01693918 0.01351402 0.01086822 0.01149676 0.005253111 0.003170558 0.002393104 0.002248027 0.001841493 0.001130522 0.0010705 0.001071745 0.001090787 0.001460643 0.001372175 0.001643923 0.004510035 0.005358901 0.006969985 0.007826116 0.01492761 0.01805608 0.02144208 0.02761245 0.0439604 0.04849625 0.05354539 0.05783762 0.06111187 0.05967039 0.06281587 0.06393079 0.021625 0.0215 0.02945833 0.02945833 0.020875 0.0215 0.0225 0.027875 0.01045833
0.07248785 0.05122475 0.0671969 0.04551894 0.05894208 0.04971258 0.05446233 0.07801849 0.05375248 0.02409346 0.01486139 0.03011101 0.02854965 0.02034004 0.01590783 0.01983388 0.01371253 0.009270939 0.007307605 0.00366088 0.002570814 0.002108474 0.00200325 0.0007997909 0.001153826 0.0007476875 0.0009265529 0.0007824576 0.0008027058 0.002034004 0.001362901 0.004123278 0.00501855 0.006785269 0.008201136 0.01665236 0.01929312 0.0232362 0.02840815 0.04702948 0.0512955 0.05472783 0.06018389 0.06075698 0.06058471 0.06782621 0.06301458 0.01575 0.01708334 0.028 0.02116667 0.02079167 0.020875 0.02233333 0.02470834 0.01095833
