contrib/geomasonDemos/riftland/DataFiles/RainData/22.txt
ncols         56
nrows         54
xllcorner     28.264
yllcorner     -5.7719999999999
cellsize      0.25
NODATA_value  -9999
[rows 26 to 51 of 54, columns 0 to 55 of 56]
0.24041 0.234476 0.2196743 0.2231755 0.2088618 0.2286172 0.1320554 0.1173025 0.09683972 0.1001954 0.1134634 0.1722784 0.1628013 0.1628454 0.1642691 0.1666662 0.1606601 0.1740333 0.1881966 0.2381282 0.213075 0.219742 0.2084444 0.2304605 0.2209661 0.201025 0.208851 0.1707363 0.1762176 0.1706318 0.1436064 0.1302131 0.1114002 0.1030633 0.09373798 0.04736317 0.04669048 0.0342415 0.03229434 0.02725542 0.02940231 0.03145177 0.030509 0.03164902 0.0304846 0.02867099 0.03319372 0.02750205 0.02586947 0.0253617 0.02501695 0.03619232 0.03668131 0.03350811 0.0430011 0.04003414
0.3422989 0.2829174 0.2693263 0.2005108 0.1593713 0.2048407 0.1448824 0.1040836 0.1051901 0.08838204 0.1104395 0.2313472 0.1864905 0.167096 0.1623666 0.1634023 0.1530064 0.1541198 0.1835547 0.2103771 0.2202645 0.2215623 0.2357178 0.2524484 0.2545595 0.2186617 0.2234615 0.2004898 0.2019363 0.1875402 0.1627626 0.1317271 0.1104776 0.09449706 0.08515336 0.05594149 0.0538349 0.04537244 0.04215648 0.03899727 0.03878214 0.03870801 0.03558328 0.02972897 0.02772252 0.0273793 0.02575568 0.02502365 0.02416061 0.02386906 0.02377767 0.0236774 0.03515511 0.04254719 0.03685759 0.03262157
0.3096985 0.2609712 0.2436871 0.2176981 0.1744418 0.1452655 0.100101 0.0825054 0.08635918 0.0710625 0.093284 0.1753921 0.1431821 0.1529728 0.1591243 0.1510563 0.152861 0.1635002 0.1779766 0.2166127 0.2158509 0.2447274 0.2323906 0.261224 0.2545784 0.2548967 0.216671 0.2026552 0.2050741 0.2049907 0.1700298 0.1424066 0.1108022 0.09135176 0.08742771 0.06033311 0.0531062 0.04917842 0.04606992 0.0404423 0.03814371 0.03769252 0.03445295 0.0285996 0.02653565 0.02607072 0.02428524 0.02282306 0.02201656 0.02552899 0.0259009 0.0227799 0.02957091 0.03266309 0.04208975 0.03021917
0.25701 0.2336912 0.2338467 0.1530001 0.1344807 0.08593357 0.08546968 0.07817575 0.06147128 0.05413596 0.07396904 0.13271 0.1223417 0.1391095 0.1371371 0.1488617 0.1507514 0.1531477 0.1797704 0.2006363 0.2004134 0.1909763 0.19762 0.253703 0.2463809 0.2395969 0.2160428 0.2002669 0.2170509 0.1970612 0.1732351 0.1563029 0.09997438 0.08455892 0.07675875 0.05190117 0.04891398 0.04407144 0.05252901 0.03706657 0.03713961 0.03664375 0.0332608 0.02680726 0.02334472 0.02152011 0.02182851 0.02090956 0.01990197 0.02333387 0.01922412 0.01951258 0.02142087 0.0290094 0.03274883 0.028714
0.2845885 0.2698729 0.2389686 0.126999 0.09355798 0.06501646 0.0915122 0.06635104 0.05676349 0.05336614 0.05513006 0.1233232 0.1202668 0.1245033 0.1270933 0.1414916 0.1513354 0.1566929 0.1700468 0.2059916 0.1992538 0.1797188 0.1813807 0.2622086 0.2421254 0.2390408 0.2127017 0.2023781 0.2019823 0.1733088 0.1596633 0.1273008 0.09117059 0.07960875 0.07683924 0.0531933 0.05833923 0.04679807 0.03677556 0.03461639 0.03469275 0.03424664 0.03080912 0.02476909 0.02120699 0.01906941 0.01871763 0.01847938 0.01766144 0.01708496 0.01713822 0.01743042 0.01768906 0.01857417 0.02000175 0.02720296
0.3162194 0.1762745 0.116241 0.0843516 0.08506577 0.073296 0.08169724 0.07460179 0.07037031 0.07532877 0.07967851 0.1214991 0.1291258 0.1221377 0.1264952 0.1579927 0.173969 0.194614 0.2080388 0.2250385 0.2038683 0.1748962 0.1608696 0.2369471 0.2279661 0.2178901 0.1911709 0.142765 0.1338753 0.1106551 0.1075891 0.08580212 0.07009863 0.06312563 0.05995661 0.06985253 0.09110377 0.06087688 0.05272843 0.0376386 0.03278363 0.03236592 0.02875656 0.01956824 0.01737719 0.01625698 0.01583384 0.01571839 0.01504195 0.01444937 0.01435218 0.01591735 0.01590124 0.02061177 0.01651028 0.01568033
0.2646793 0.1618796 0.102888 0.06461018 0.07119496 0.05875799 0.06816612 0.07643239 0.06049375 0.06770825 0.06986298 0.1161642 0.1160575 0.1220391 0.1266893 0.1745806 0.1778871 0.205929 0.2428895 0.2236122 0.1814299 0.1493607 0.1333231 0.1876572 0.187206 0.1831454 0.2162302 0.1251914 0.1227769 0.09253819 0.07698371 0.07762685 0.06012329 0.05972226 0.05001702 0.05897812 0.0571525 0.05315655 0.05967225 0.03311187 0.0305904 0.03022904 0.02658713 0.01808045 0.01581942 0.01434836 0.01424977 0.0140835 0.01347049 0.01294151 0.01291626 0.01589835 0.01721022 0.01865878 0.01518398 0.01423575
0.2187228 0.1598293 0.1132317 0.07289501 0.05923891 0.05334296 0.06324882 0.06042933 0.05786485 0.07019186 0.06555149 0.1127372 0.1136379 0.1176703 0.1237586 0.1756625 0.2016616 0.2389505 0.2499644 0.2053727 0.1745963 0.1272575 0.120358 0.1597208 0.154985 0.1768939 0.2100718 0.1032612 0.08527388 0.07376381 0.06985022 0.06951898 0.05918594 0.04640816 0.04566881 0.05859048 0.05740749 0.05548759 0.05721293 0.03220048 0.02807389 0.02796356 0.0246355 0.01717409 0.01507058 0.01378873 0.01367318 0.01354077 0.01305039 0.0127138 0.01261925 0.01511736 0.01493662 0.01754769 0.01448388 0.01566202
0.2443879 0.2067707 0.1349594 0.07282241 0.05590991 0.06095738 0.05915856 0.060005 0.0565187 0.05993665 0.06034959 0.1152464 0.1151106 0.1186626 0.1232095 0.1883039 0.2219846 0.2462304 0.2230964 0.1589153 0.1533521 0.1220519 0.1078014 0.1447785 0.1467555 0.1571269 0.1413192 0.08467252 0.06977304 0.06580458 0.05948997 0.05819391 0.05542518 0.04479018 0.04279624 0.05394644 0.05674908 0.05037778 0.04551817 0.02421037 0.02501513 0.02535324 0.02272343 0.01659601 0.01486972 0.0137173 0.01381638 0.01380061 0.01337922 0.01295038 0.01296189 0.01541133 0.01811035 0.0194779 0.0149027 0.01418791
0.1785642 0.2040858 0.106101 0.07582595 0.05209754 0.05500785 0.0469201 0.06190968 0.05179989 0.05394672 0.05738368 0.1272878 0.1471001 0.1647648 0.1818115 0.3074033 0.3015566 0.2990883 0.2417421 0.1167917 0.09767574 0.07206219 0.07581557 0.1546905 0.2560083 0.1882369 0.1461475 0.07005698 0.05645733 0.05137795 0.04934679 0.0568202 0.04284327 0.04474929 0.03770681 0.04846367 0.04338163 0.036204 0.02992133 0.02037808 0.02171745 0.02281911 0.02115739 0.01706566 0.01601073 0.01496277 0.01510466 0.01701975 0.0163171 0.01696852 0.01783963 0.0212503 0.02097183 0.0214079 0.02183184 0.01810069
0.2231326 0.1471532 0.08911955 0.0722639 0.04787516 0.04497487 0.0407844 0.05666824 0.05053892 0.04646213 0.05171931 0.1114359 0.1261561 0.1460866 0.1664582 0.2724219 0.286574 0.2795117 0.2172579 0.1013353 0.07235461 0.0536221 0.05859029 0.1435913 0.1670697 0.1423078 0.1372366 0.05519054 0.05167446 0.0463715 0.04348711 0.04796526 0.04215716 0.03901281 0.03464398 0.04201757 0.03489093 0.02777161 0.02411199 0.01725797 0.01887247 0.02039848 0.01849123 0.01668121 0.01583516 0.01511232 0.01624897 0.01731406 0.01668074 0.01734228 0.0179901 0.02060798 0.02028803 0.02061342 0.02085641 0.02517122
0.1650368 0.1219363 0.08335354 0.05145059 0.04199367 0.05323063 0.04418769 0.04099667 0.05062483 0.04104186 0.05644552 0.1155886 0.1145404 0.1297384 0.1633431 0.2698275 0.2684193 0.2705719 0.2102404 0.07799203 0.05552907 0.04385294 0.07048869 0.1390166 0.1300648 0.1326081 0.1146193 0.04734291 0.0459788 0.04563887 0.03954313 0.04104999 0.0409041 0.03853828 0.02930377 0.03502673 0.02828731 0.02403791 0.01918849 0.01450386 0.01642552 0.01845617 0.01711838 0.01612286 0.01575545 0.01605054 0.01647935 0.01762838 0.01703985 0.01768556 0.01753231 0.02699279 0.02301387 0.0228439 0.02078607 0.009190284
0.1739762 0.1024066 0.07445288 0.03879479 0.03553709 0.03933466 0.04238157 0.03530808 0.03678019 0.04538684 0.05685381 0.0952789 0.1027982 0.1276449 0.1599907 0.2566031 0.2397504 0.2235349 0.2232939 0.0714175 0.05200872 0.04643872 0.06963881 0.1285942 0.1309664 0.1224465 0.1140913 0.04302059 0.0424026 0.03966019 0.03651235 0.03835738 0.03405018 0.02736478 0.03165363 0.02950241 0.02427801 0.01947945 0.01535604 0.0121191 0.01415086 0.01579829 0.01586998 0.0153743 0.01526175 0.01584302 0.0163728 0.01755982 0.01701511 0.01769117 0.0176113 0.02096095 0.03363252 0.02212969 0.004229272 0.006356275
0.1715779 0.06019279 0.03105625 0.04225139 0.03425301 0.03027863 0.03209112 0.03683921 0.03889425 0.04889598 0.0559251 0.08719268 0.09610614 0.1134893 0.1186722 0.186658 0.1648265 0.1694037 0.1413173 0.08643557 0.05966781 0.06642018 0.09073037 0.2112443 0.1723587 0.140484 0.1244786 0.02960094 0.02406353 0.02219494 0.02033711 0.02715965 0.02187108 0.01984426 0.01959469 0.01485554 0.01202004 0.01067461 0.009936316 0.007879664 0.008983864 0.01127145 0.0118251 0.01976703 0.0199933 0.02008363 0.02047236 0.02997392 0.03947265 0.03228695 0.02941071 0.0235763 0.02320033 0.01723343 0.015924 0.01072874
0.1348113 0.04555909 0.02493222 0.04056833 0.04854087 0.03751074 0.03427764 0.04508723 0.03628047 0.04291339 0.04930621 0.07311928 0.08033981 0.09046812 0.1243897 0.1522122 0.1352791 0.1250251 0.1062257 0.06369504 0.0572336 0.05721555 0.08084554 0.1687736 0.1235523 0.1068631 0.09942125 0.02363408 0.01981656 0.01730013 0.01539985 0.01980245 0.01724959 0.01670216 0.01236764 0.01097002 0.009082897 0.007450182 0.00742243 0.005753158 0.006688022 0.009448026 0.01056766 0.01885241 0.02060131 0.0200776 0.02053956 0.03405492 0.02223977 0.03020148 0.02945013 0.02506423 0.01190421 0.01577038 0.01593324 0.006275304
0.1215015 0.05205622 0.03250011 0.06241446 0.04181515 0.03943533 0.0371286 0.03861955 0.03456454 0.04504379 0.05943521 0.07118889 0.07580704 0.0835003 0.09151545 0.1282538 0.1222765 0.118777 0.09958002 0.05272549 0.05315656 0.05073391 0.07553742 0.1193718 0.08909848 0.08429781 0.07741009 0.02084268 0.01669646 0.0137182 0.01155966 0.01583926 0.01336848 0.01113925 0.01014155 0.008154959 0.006306527 0.005621277 0.006158865 0.00474599 0.005351913 0.008410751 0.009968735 0.01864525 0.02460836 0.03183719 0.02076235 0.02319373 0.02268006 0.0222969 0.02883663 0.01122007 0.01293999 0.01462201 0.01832429 0.003036437
0.114119 0.05190957 0.03460654 0.04313606 0.04008747 0.03193608 0.0365007 0.03775828 0.0323816 0.03997841 0.04929132 0.06572968 0.06586733 0.07650169 0.1038598 0.09768805 0.09078961 0.08547768 0.09686268 0.05296287 0.04055759 0.04488109 0.05854559 0.08260247 0.06354079 0.05766594 0.05242809 0.01818345 0.01427493 0.0132676 0.01192841 0.01262899 0.01061599 0.008619851 0.007413353 0.00841101 0.01654745 0.006127477 0.005764326 0.004874568 0.005154627 0.008349867 0.01022036 0.02351311 0.03685891 0.0385319 0.03192004 0.02456369 0.02288168 0.02449684 0.02201156 0.01434969 0.01433601 0.01457452 0.01470342 0.008137652
0.07803918 0.0485587 0.03356807 0.02556169 0.02323221 0.01729107 0.02220539 0.005686169 0.009428832 0.01255019 0.01206999 0.06936754 0.08252963 0.07029126 0.05238448 0.04298132 0.03885347 0.03655288 0.02967516 0.02693172 0.0269585 0.02578389 0.02550397 0.01211352 0.01004674 0.008058094 0.006663436 0.004865389 0.008355052 0.006342214 0.00534248 0.006886487 0.005873728 0.005406234 0.004644553 0.01331885 0.05091427 0.008067922 0.004913421 0.008057633 0.01035792 0.01364026 0.01479154 0.04150066 0.04376739 0.08377375 0.05601209 0.04055299 0.02338124 0.02552535 0.01524917 0.0348583 0.02781377 0.02384615 0.02647773 0.01279352
0.06754583 0.03665124 0.02584546 0.02545171 0.01842893 0.03000098 0.03889222 0.01097511 0.006655346 0.00742959 0.02818982 0.0583587 0.04922864 0.04555903 0.04524691 0.02818447 0.02650014 0.0253809 0.02290356 0.02138537 0.02145922 0.02207395 0.0215743 0.007931808 0.006733465 0.005632195 0.004720695 0.004120713 0.008546576 0.003144936 0.001499968 0.00495665 0.004046927 0.003159295 0.003276395 0.006327372 0.004907123 0.004094793 0.00480002 0.009061429 0.00950275 0.01152183 0.0142513 0.03844465 0.04515289 0.0767721 0.05035551 0.0491278 0.03435868 0.02024895 0.01933547 0.04352226 0.03874494 0.03546559 0.04267206 0.009676113
0.05968672 0.02850487 0.05052426 0.009980493 0.01413269 0.0266985 0.02502882 0.01049949 0.02115099 0.03197713 0.01357003 0.04222254 0.03976201 0.03763998 0.03911018 0.01997428 0.01941485 0.02283794 0.01782169 0.01800093 0.01808315 0.01795612 0.0177163 0.00562976 0.005207954 0.004679226 0.0039324 0.002478435 0.003016721 0.004535857 0.001078569 0.003843043 0.002838931 0.002543877 0.002605058 0.004338163 0.004084042 0.004909305 0.006437416 0.0100001 0.01179791 0.01411549 0.01661715 0.04140364 0.0439517 0.0543134 0.05325403 0.06420502 0.045844 0.02741821 0.02788689 0.05959514 0.05044534 0.04850202 0.05238866 0.01194332
0.04067466 0.01739804 0.0201523 0.01414994 0.009596937 0.0153233 0.01378433 0.01221153 0.02268733 0.02578628 0.01516534 0.03730755 0.03511832 0.03331476 0.03290896 0.01608651 0.01437737 0.01736448 0.01418038 0.01456548 0.01457722 0.01419236 0.01361696 0.004381482 0.004120473 0.004327868 0.006099853 0.00307482 0.00176017 0.001756873 0.000904789 0.003005719 0.002292455 0.00241133 0.003055263 0.005361594 0.005492216 0.006736995 0.008422416 0.01353495 0.01501229 0.01832286 0.02047815 0.04594238 0.05237884 0.06645393 0.05611481 0.07308152 0.04609355 0.03546218 0.03457249 0.06842104 0.06348178 0.0637247 0.07417004 0.01672065
0.04265884 0.01775063 0.0346508 0.05103044 0.02286578 0.01296334 0.01275124 0.02773248 0.02563198 0.025964 0.03007537 0.02195941 0.02239655 0.01523817 0.01371232 0.01062951 0.01026824 0.008947478 0.008466233 0.009870321 0.009647749 0.009301094 0.008558162 0.002275044 0.002788383 0.001832443 0.001532136 0.0008648629 0.0006392036 0.0005752906 0.0005098166 0.004612409 0.004883327 0.005631775 0.006571073 0.009160941 0.010504 0.01374556 0.01582907 0.03369415 0.03377584 0.03635525 0.03929284 0.05023889 0.06548677 0.06244723 0.05778757 0.04801619 0.04226721 0.031417 0.03850203 0.04975709 0.05781376 0.06477734 0.07036437 0.03728746
0.04766104 0.03617444 0.04088868 0.09471489 0.03177267 0.009699333 0.02699439 0.02691607 0.01774971 0.01423931 0.01773049 0.01903325 0.01485261 0.01309701 0.0122411 0.007903674 0.007534342 0.00570559 0.005715611 0.006757536 0.0065275 0.006246916 0.005686746 0.00209866 0.001410219 0.001179699 0.0009705603 0.0005635032 0.0009596765 0.0003919258 0.0003418585 0.003334408 0.004880304 0.005882813 0.007085315 0.01119559 0.01227095 0.01609764 0.01878707 0.03396153 0.03764822 0.04254303 0.04508163 0.06453115 0.07462506 0.06527654 0.07360002 0.03842105 0.0397166 0.03688259 0.03838056 0.04121458 0.06465587 0.05591093 0.06080972 0.05797571
0.07576681 0.04759254 0.07607976 0.07569821 0.02276505 0.01512802 0.02838147 0.01999678 0.01172209 0.01114391 0.01202888 0.02006404 0.01665462 0.01459847 0.01147241 0.005789987 0.005535526 0.005051959 0.003817933 0.004657191 0.004637039 0.004271188 0.003766562 0.0009940843 0.0009373252 0.0007062586 0.0006011156 0.0004686462 0.001082988 0.0001282259 0.00131985 0.003231043 0.003753484 0.006144333 0.007506049 0.01120875 0.0135178 0.01668557 0.0205877 0.03535805 0.05012924 0.04878059 0.0490827 0.06350041 0.06556366 0.06046487 0.08396996 0.03765182 0.04242915 0.03736842 0.04238866 0.04263158 0.06170041 0.06793523 0.08562753 0.05299596
0.06604414 0.05877934 0.0566956 0.07128452 0.03650596 0.01657581 0.01524448 0.01504573 0.01234264 0.009935605 0.01178377 0.01803893 0.0254907 0.02609648 0.01521733 0.005018438 0.003600856 0.003522459 0.002919842 0.005533219 0.003630584 0.00328016 0.002790872 0.0007032681 0.002185072 0.0005659789 0.0007791024 0.0002549671 0.001100436 0.003080902 0.0002180607 0.00347306 0.003980147 0.006512538 0.007934872 0.01190645 0.01770889 0.0198655 0.02160074 0.04176274 0.04296043 0.04789384 0.05330178 0.05791553 0.06334455 0.07201958 0.05867896 0.04534413 0.03303644 0.03538461 0.0408502 0.04218623 0.03886639 0.06117409 0.09076923 0.07477733
0.04016566 0.06424822 0.08007824 0.1019662 0.04776204 0.0297532 0.0276616 0.08922529 0.03506298 0.01830243 0.01228383 0.02267888 0.01995039 0.02395597 0.02134562 0.005072187 0.003033597 0.003207528 0.002458054 0.004130884 0.003695037 0.001494521 0.001391673 0.001445955 0.001344524 0.001235721 0.001822616 0.0001977131 0.0001285853 0.000783182 0.0002458405 0.003807616 0.001885983 0.003171701 0.005278987 0.01740381 0.03429223 0.03204968 0.0324258 0.04210163 0.04864071 0.04783437 0.05828601 0.07779185 0.07314902 0.06926949 0.0570273 0.03732794 0.04356275 0.04465587 0.03663968 0.04506073 0.05048583 0.05870445 0.1044939 0.0594332
