contrib/geomasonDemos/riftland/DataFiles/RainData/22.txt
ncols         56
nrows         54
xllcorner     28.264
yllcorner     -5.7719999999999
cellsize      0.25
NODATA_value  -9999
[rows 0 to 25 of 54, columns 0 to 55 of 56]
0.2248467 0.2020713 0.2011487 0.1806726 0.2235829 0.1622711 0.206787 0.2165268 0.1522441 0.1429841 0.206554 0.1812617 0.1916149 0.1814474 0.1821096 0.2687845 0.3416502 0.3989457 0.4078517 0.256919 0.191071 0.1737535 0.1647764 0.2795168 0.263135 0.2665588 0.2563594 0.3292495 0.2892303 0.2565937 0.2474449 0.2837002 0.2918865 0.2603354 0.2516772 0.2403907 0.2419773 0.2464577 0.2370671 0.2182314 0.1792748 0.1546083 0.1472375 0.1718906 0.1643748 0.1521402 0.1677911 0.1950148 0.1810994 0.1558736 0.1321633 0.1234127 0.1326906 0.1171047 0.1631056 0.113193
0.2235443 0.2023789 0.2123809 0.2554309 0.2443983 0.2460068 0.2596228 0.2311554 0.1641339 0.1748374 0.1937436 0.1678111 0.1637713 0.1711858 0.1709868 0.1961774 0.2627014 0.3154424 0.3558495 0.2574968 0.1925343 0.1940982 0.1928511 0.2615387 0.3026608 0.2936561 0.2815475 0.3154774 0.3005988 0.2489772 0.22407 0.2662437 0.2581993 0.2569228 0.2453359 0.2599033 0.2462475 0.2605345 0.2184762 0.184664 0.1577564 0.1466542 0.1494447 0.149233 0.1363188 0.1358619 0.1474236 0.1631298 0.1473715 0.1322881 0.1263562 0.1114241 0.1139938 0.09842514 0.1103884 0.08512738
0.2372501 0.2154868 0.2700374 0.3100156 0.2019346 0.2698492 0.3153908 0.2230605 0.207153 0.197325 0.1940177 0.164029 0.1642203 0.1809746 0.179959 0.2235806 0.2062056 0.22991 0.2872618 0.2500832 0.1963692 0.1979085 0.2118188 0.269321 0.3020575 0.2847294 0.292391 0.3167588 0.272041 0.2414894 0.2254405 0.2486117 0.26443 0.2543749 0.2949259 0.2700766 0.2414179 0.2583045 0.2195109 0.2082519 0.158092 0.1698696 0.1606998 0.1498095 0.141541 0.1343838 0.1331301 0.1398745 0.1396975 0.1349961 0.1332459 0.1115048 0.1182369 0.1058162 0.09165437 0.07396554
0.2681618 0.2173529 0.2325011 0.324308 0.2843573 0.2749445 0.3022583 0.2158219 0.2191812 0.248579 0.2142301 0.3148012 0.246731 0.2619697 0.2603191 0.2242675 0.2637635 0.2934895 0.2729803 0.2910551 0.2778666 0.2829002 0.2911988 0.3361695 0.3372281 0.3432318 0.3346252 0.2874715 0.258073 0.2682481 0.2290364 0.2762423 0.3128661 0.2958136 0.3085929 0.3315533 0.2659558 0.2517892 0.2214333 0.2287879 0.2194868 0.2072955 0.1783884 0.1725007 0.1442683 0.1267662 0.1396407 0.1976596 0.1730009 0.1732836 0.1694725 0.111476 0.1037251 0.07124444 0.06347007 0.03730156
0.2510044 0.231571 0.2203689 0.2988651 0.2631334 0.2592275 0.2478986 0.2928765 0.2267153 0.2011595 0.2643078 0.3328566 0.2187902 0.1995543 0.2003731 0.1876276 0.1888066 0.1926803 0.2095256 0.2663783 0.2666436 0.2584475 0.2800128 0.2945019 0.3041972 0.2894744 0.2770115 0.2820689 0.2494196 0.2465093 0.266171 0.3090311 0.3818807 0.3169818 0.293216 0.3332948 0.2599664 0.2483445 0.2137969 0.1994742 0.2398222 0.2373957 0.1944681 0.1773923 0.1482139 0.1405357 0.1352518 0.1799845 0.19251 0.1711512 0.1795708 0.1500508 0.1072659 0.07086685 0.05480589 0.02927117
0.2311208 0.2343314 0.235929 0.2520423 0.2391973 0.2211811 0.2210976 0.2197291 0.2921965 0.2628862 0.2594987 0.2991707 0.2195916 0.1617779 0.1750649 0.1596665 0.1670369 0.1822387 0.1824893 0.2475667 0.2454645 0.248644 0.2640071 0.2664948 0.2497984 0.2324256 0.2138161 0.2152617 0.2224868 0.2212074 0.2534629 0.2918999 0.2924001 0.3040135 0.2619437 0.2995047 0.2385632 0.227141 0.2019454 0.2113489 0.2260983 0.1980142 0.173615 0.1770502 0.168753 0.1383044 0.1230492 0.1705371 0.1788103 0.1687027 0.161339 0.1427024 0.07153561 0.05735561 0.05204519 0.03317512
0.1900622 0.2338521 0.2479516 0.3003291 0.240035 0.1930357 0.2000431 0.2309998 0.2945123 0.2755522 0.2888331 0.2567734 0.1782489 0.1681613 0.156619 0.1482948 0.1957735 0.2148103 0.1797652 0.2441468 0.2283277 0.2357191 0.220465 0.2485979 0.2183405 0.2069378 0.1837821 0.1684707 0.1755246 0.1943548 0.1909569 0.2338686 0.2532504 0.2848356 0.2559533 0.2704077 0.2594289 0.2418547 0.2158065 0.2007572 0.1951749 0.17189 0.1643111 0.1729714 0.1686172 0.1609445 0.1611419 0.1825432 0.2095747 0.1715229 0.1618574 0.1036028 0.08090819 0.0756928 0.096861 0.04052217
0.2666692 0.2421845 0.276124 0.2429109 0.2144392 0.1942882 0.199283 0.3952044 0.3487729 0.3592282 0.3355344 0.3153788 0.2632052 0.1941991 0.1754583 0.2445721 0.2440086 0.2203003 0.2113531 0.2322178 0.211536 0.2090139 0.2377269 0.1563593 0.1221596 0.1009749 0.1188181 0.09611317 0.1226281 0.08584301 0.08951838 0.1524081 0.1933149 0.2452956 0.2073275 0.2212784 0.251154 0.182729 0.172867 0.1702596 0.1550167 0.1500528 0.1393198 0.1164675 0.1269819 0.1493061 0.1468877 0.1940755 0.1890185 0.1238908 0.1268337 0.1155679 0.1250371 0.1178963 0.1265147 0.04671876
0.1731809 0.1831845 0.220066 0.2208789 0.1883006 0.2037792 0.258042 0.3761374 0.3231396 0.3104334 0.3502233 0.3119946 0.2406821 0.2584643 0.2365424 0.2335498 0.180776 0.163739 0.2070621 0.2379329 0.2000558 0.2269921 0.2341925 0.1499 0.1002467 0.09464254 0.09335794 0.08126489 0.1389378 0.09107603 0.05941974 0.1333141 0.1515517 0.1582283 0.1600006 0.1833861 0.2201351 0.1576132 0.1492728 0.1771448 0.161911 0.1571561 0.1385453 0.105356 0.1059974 0.09939765 0.1352877 0.2243079 0.1787459 0.177974 0.1168483 0.1166267 0.1182534 0.1204854 0.1569481 0.06812215
0.1939103 0.1934847 0.2336695 0.2216334 0.2260461 0.2939445 0.3163118 0.3701129 0.336762 0.2762465 0.2870285 0.3390069 0.2597958 0.2830531 0.2855552 0.224084 0.1719448 0.1452468 0.2032043 0.2215726 0.1939528 0.2220475 0.2219196 0.1261643 0.07863872 0.06040653 0.06754064 0.08000145 0.1046137 0.1128383 0.0663836 0.122749 0.1576875 0.1260423 0.1448545 0.1724997 0.1612482 0.1390447 0.1309732 0.1706191 0.1596255 0.1533588 0.128628 0.1153722 0.1132038 0.09262849 0.1114867 0.1634611 0.1944405 0.1746903 0.1305402 0.1145153 0.1175436 0.1241119 0.1449411 0.04496825
0.2377126 0.2530992 0.2171741 0.3262446 0.325469 0.2828285 0.3390788 0.4073611 0.3642784 0.283515 0.2995831 0.386625 0.3700108 0.3392096 0.3374197 0.2174212 0.1886788 0.2265715 0.208192 0.2047067 0.1976408 0.19532 0.2014713 0.1367375 0.09066567 0.05820972 0.08145148 0.07694777 0.08471883 0.06620804 0.05458856 0.1008504 0.1308926 0.1117993 0.1259353 0.156955 0.132407 0.152053 0.1541826 0.175229 0.1680386 0.145688 0.129189 0.1286822 0.1155114 0.1038946 0.09645569 0.1272586 0.1869347 0.1423798 0.1218188 0.1222431 0.1213591 0.1514078 0.1649583 0.09833965
0.2704117 0.2650054 0.2726337 0.4161705 0.3830528 0.3433104 0.3337578 0.2700908 0.2476888 0.3373292 0.4039859 0.3725829 0.3409872 0.3046943 0.2465862 0.1978113 0.1766361 0.2824694 0.2838876 0.220589 0.1991812 0.171948 0.1620996 0.1033443 0.06748535 0.05041836 0.0656535 0.05227948 0.04364402 0.0432109 0.04236947 0.06734613 0.07882307 0.0799836 0.08437039 0.09312414 0.1154623 0.1212436 0.119401 0.1701327 0.152934 0.1443371 0.1459876 0.1843523 0.1644354 0.1694327 0.1722473 0.1590014 0.1660856 0.1529248 0.1447519 0.1225133 0.1148702 0.1105119 0.1036494 0.06606314
0.295691 0.2595547 0.3201334 0.3770559 0.3249627 0.3180137 0.2837117 0.2373508 0.2076738 0.2401932 0.3913687 0.3620055 0.2690707 0.2399847 0.2068251 0.1806186 0.2020361 0.2838938 0.2649763 0.2002185 0.1654675 0.1391288 0.1238912 0.05956869 0.04583239 0.0364756 0.0453719 0.02671012 0.03584638 0.04501712 0.04489398 0.05900751 0.07056454 0.07014645 0.07203728 0.07393856 0.09786268 0.1038833 0.09644618 0.1710598 0.1476654 0.1406583 0.1423057 0.1726181 0.1559113 0.158022 0.1957937 0.1809073 0.165316 0.1581211 0.1750014 0.130463 0.1228944 0.1091398 0.09799557 0.06016751
0.3001593 0.2972023 0.3050852 0.3897379 0.3488436 0.3151574 0.2724864 0.199643 0.1984084 0.2522484 0.4060546 0.3098992 0.2194152 0.1994265 0.1651184 0.2052292 0.1953091 0.2094743 0.205164 0.1493247 0.1276406 0.1195787 0.09944888 0.06320626 0.04049032 0.03794958 0.0320713 0.02216551 0.02964845 0.02621509 0.0306277 0.04858638 0.05626458 0.06096311 0.06824552 0.07016119 0.08095865 0.09687401 0.0982734 0.1583519 0.1539367 0.1506029 0.1739261 0.158701 0.1529249 0.147118 0.1682169 0.1735096 0.17624 0.1803281 0.1791135 0.1314661 0.1173346 0.09352795 0.09170241 0.05724993
0.3192746 0.3696508 0.3162115 0.3910367 0.2927905 0.2216732 0.2494606 0.2599832 0.2363101 0.2593535 0.2961762 0.2711253 0.2122692 0.1643165 0.1520365 0.1945295 0.1771016 0.1925041 0.2017756 0.1248264 0.09062497 0.09565578 0.09715866 0.0588824 0.05052627 0.02820015 0.02249797 0.01612827 0.01507309 0.02501776 0.02831972 0.04767607 0.06603789 0.05520454 0.07375769 0.06929226 0.06201933 0.08089797 0.08319633 0.1440656 0.1418335 0.1490178 0.1795251 0.1615777 0.170038 0.1551259 0.1559862 0.210454 0.1926391 0.1815163 0.1726041 0.1195389 0.1063025 0.09559624 0.09462172 0.0577147
0.3089306 0.3198958 0.3225745 0.2928068 0.2664334 0.2129122 0.2440498 0.2453981 0.253808 0.2313612 0.1823703 0.2401251 0.2526689 0.1859992 0.1935369 0.1431172 0.1302611 0.1624551 0.1560616 0.1493466 0.1261619 0.1158678 0.09469134 0.06942842 0.04193634 0.0304224 0.02846131 0.01011423 0.00915573 0.0349769 0.03329541 0.02061027 0.04023114 0.02882166 0.02375459 0.02908881 0.0391125 0.03356844 0.03552402 0.05771956 0.07027753 0.05966436 0.09136727 0.2228834 0.2459014 0.1494769 0.1308479 0.1260528 0.1157627 0.107927 0.1007566 0.05361132 0.05098592 0.04241338 0.04258562 0.04219496
0.3073858 0.269317 0.2987697 0.3614709 0.2719636 0.1897731 0.1850645 0.2204323 0.2669697 0.2299364 0.2031298 0.2378057 0.2208384 0.1957002 0.1712296 0.1578614 0.1473518 0.1615856 0.1331812 0.1437527 0.1348146 0.1277676 0.1040824 0.06472168 0.04246671 0.03714335 0.03398107 0.016917 0.006373106 0.02780247 0.03520068 0.01064922 0.02482205 0.02385145 0.01035765 0.01469781 0.03525845 0.04267687 0.04153387 0.06120798 0.06681535 0.08525272 0.1166553 0.1666096 0.1581867 0.1509465 0.1236663 0.1184156 0.1103233 0.09341371 0.1066698 0.05743332 0.038736 0.03573971 0.03131669 0.03574992
0.2924069 0.2916907 0.3061963 0.3616069 0.2964155 0.2278433 0.2587314 0.2718526 0.2932411 0.2638749 0.2160125 0.298921 0.2383449 0.2251964 0.1907413 0.2016521 0.1771796 0.1765423 0.1737917 0.1799067 0.1461709 0.1309098 0.1122465 0.06528589 0.04137593 0.04023865 0.02359569 0.00824787 0.01719059 0.006594558 0.005588164 0.005326251 0.007436745 0.006704211 0.008922046 0.01049447 0.03283774 0.04415 0.0392011 0.05164267 0.06384403 0.08298831 0.1073892 0.1918629 0.1406183 0.1328241 0.1325908 0.1182811 0.1097886 0.101755 0.1066728 0.04855659 0.03796982 0.04562989 0.04799208 0.03435995
0.3934299 0.3923244 0.3594669 0.2804298 0.2227806 0.2672462 0.275794 0.2926753 0.3191079 0.2670906 0.2325447 0.2654448 0.2826176 0.2434317 0.213128 0.3058921 0.2470647 0.2420896 0.2397475 0.2011719 0.1975941 0.1766514 0.1366377 0.08414488 0.05903997 0.05797684 0.04410783 0.01072131 0.006882988 0.005675081 0.007100361 0.00792676 0.007825814 0.009059299 0.009942926 0.008580735 0.008433244 0.03607919 0.02594972 0.06441933 0.07797329 0.08872671 0.09304543 0.1766941 0.1557888 0.12045 0.1624262 0.1249925 0.112771 0.1050295 0.1082846 0.04638195 0.04948038 0.06356723 0.04844429 0.0346543
0.3387507 0.2945439 0.2718122 0.3115098 0.2675789 0.3320242 0.2633327 0.2486915 0.239928 0.2280348 0.2088556 0.2170562 0.2189917 0.2048645 0.2366558 0.3107628 0.3188486 0.3436564 0.4092892 0.3118962 0.2449875 0.1945226 0.1518608 0.115366 0.09776194 0.0808056 0.07257012 0.04112974 0.03353359 0.02903467 0.02705389 0.03202449 0.03435841 0.03046926 0.03218701 0.007282881 0.004072696 0.02210386 0.03518603 0.07461636 0.0996368 0.1096341 0.1175212 0.1464526 0.1324168 0.139038 0.134799 0.08182646 0.07263177 0.06683397 0.05921587 0.05609871 0.05821374 0.05817404 0.06002954 0.03223995
0.2960417 0.3044792 0.2813379 0.3022704 0.2733683 0.2576225 0.2540838 0.2287322 0.1764509 0.1588849 0.1474311 0.1652543 0.1603514 0.1865074 0.1953854 0.3108003 0.3132397 0.330351 0.4086282 0.3800362 0.2715968 0.1944909 0.1367698 0.1278259 0.1075611 0.09774087 0.09790029 0.05138283 0.04321301 0.03794535 0.03469722 0.0359848 0.0351579 0.03779889 0.03203678 0.006791004 0.008803009 0.009610919 0.01928279 0.07296143 0.0937436 0.1125467 0.1062551 0.1196154 0.1191304 0.1264232 0.1033861 0.07691095 0.0709803 0.06943591 0.05242082 0.06284734 0.05222913 0.06085128 0.05453755 0.03412841
0.2826108 0.2522129 0.2678875 0.3114544 0.2233593 0.2110196 0.2260716 0.2045981 0.1334608 0.1170109 0.1147593 0.1853253 0.1484276 0.1630831 0.2009289 0.2949073 0.3175313 0.3078299 0.3549269 0.405661 0.3290968 0.2499792 0.1797183 0.1330954 0.1271636 0.1087543 0.1101203 0.0945091 0.05618605 0.05023994 0.0461968 0.04435848 0.04010831 0.04331718 0.03456726 0.005973406 0.005626013 0.007586803 0.02656426 0.07431132 0.08125979 0.08459701 0.08711877 0.1123758 0.105912 0.1028818 0.1028016 0.07678851 0.05868284 0.05255122 0.0481673 0.06512262 0.05120909 0.05050408 0.05140546 0.03384132
0.2541301 0.2761244 0.2942902 0.2956504 0.2076737 0.179564 0.2027355 0.1679016 0.1226228 0.108923 0.1139631 0.1988457 0.1706854 0.1851626 0.1879898 0.2854019 0.2870772 0.3016606 0.3511258 0.4020122 0.3754179 0.2615448 0.2210637 0.1621705 0.1567042 0.1424276 0.1215534 0.1028622 0.0805328 0.08292795 0.0768372 0.06371764 0.06158951 0.05584776 0.04249239 0.006603583 0.006064845 0.005934373 0.01520684 0.06287836 0.07516488 0.0882179 0.08153261 0.1077847 0.1022174 0.1032081 0.1216471 0.07437469 0.05832574 0.04224618 0.04161194 0.05427393 0.04810876 0.04841411 0.04880632 0.03379638
0.2283301 0.250628 0.2439757 0.2353902 0.1919755 0.1479316 0.1340565 0.1092309 0.1098004 0.1065643 0.09976631 0.1798162 0.1956045 0.2011346 0.2020127 0.1803162 0.169173 0.1847287 0.1950725 0.2479483 0.2558348 0.2137727 0.2179734 0.2048684 0.1953192 0.1918047 0.1744646 0.1385043 0.1442703 0.1312725 0.1263767 0.1132022 0.09479067 0.08356731 0.0705462 0.03666684 0.0339957 0.0330742 0.03411731 0.03145853 0.03446335 0.03881884 0.04015731 0.04564353 0.04529617 0.04403229 0.05000715 0.04041549 0.03748867 0.03776611 0.0552724 0.0615232 0.04162536 0.04154096 0.04205286 0.04593587
0.2407456 0.2151288 0.2534657 0.2910529 0.1620308 0.1206029 0.1049293 0.09952479 0.1210814 0.109158 0.1151034 0.1722138 0.1986376 0.185321 0.2087696 0.1723686 0.1748463 0.1591856 0.1826009 0.2188871 0.195376 0.2000827 0.2935026 0.2272856 0.2111514 0.196582 0.1836289 0.1537676 0.1641321 0.1597932 0.1605241 0.1395415 0.1057955 0.09274941 0.08143377 0.04108268 0.03644506 0.03544188 0.03472497 0.02891904 0.03086574 0.03344103 0.03410022 0.0411674 0.04101371 0.04004638 0.03920414 0.03373499 0.0330221 0.03126064 0.03770073 0.05133541 0.04320582 0.03926988 0.03987663 0.0425254
0.194719 0.2056246 0.242607 0.2546338 0.170906 0.1493542 0.1105586 0.1056795 0.1208126 0.09106707 0.1145225 0.1700574 0.1620093 0.1712845 0.1765224 0.1697401 0.1576683 0.1533209 0.1764193 0.2143091 0.1961913 0.2034424 0.2151311 0.2309545 0.223693 0.2022012 0.1881026 0.1670676 0.1805785 0.1840735 0.1472829 0.1329976 0.1241813 0.1053666 0.08676705 0.05074458 0.05173067 0.03529777 0.03455743 0.02822998 0.03007927 0.03226439 0.03165917 0.03668857 0.03428601 0.03276014 0.03470058 0.0310044 0.02922924 0.02808097 0.03565688 0.04436977 0.04080923 0.04385949 0.04394308 0.0520083
