contrib/geomasonDemos/riftland/DataFiles/RainData/30.txt
ncols         56
nrows         54
xllcorner     28.264
yllcorner     -5.7719999999999
cellsize      0.25
NODATA_value  -9999
[rows 25 to 49 of 54, columns 0 to 55 of 56]
0.0731537 0.09870491 0.06230554 0.06664062 0.07734042 0.08191318 0.1012458 0.09299015 0.07948145 0.0547025 0.05894388 0.08544018 0.09930085 0.08887045 0.0737415 0.07946012 0.06837544 0.06877184 0.06839283 0.07734918 0.07896981 0.08261738 0.09061579 0.1032644 0.1164529 0.1150273 0.1177715 0.09064361 0.08902166 0.08525959 0.07187659 0.04586716 0.04381142 0.03718431 0.03120975 0.0212697 0.008654648 0.006709626 0.006212879 0.006530947 0.005965547 0.005610288 0.005744344 0.005353088 0.005685074 0.008682793 0.007186189 0.01223115 0.008272887 0.005550953 0.006123198 0.009432974 0.00619149 0.01934209 0.02831977 0.03413544
0.07975773 0.08339968 0.08963934 0.06976205 0.07817844 0.07268874 0.08455996 0.0741085 0.06891295 0.04541903 0.04518162 0.08280535 0.08818578 0.07532275 0.06388374 0.06452052 0.06686255 0.06987551 0.0691288 0.07685289 0.072362 0.07956681 0.08823812 0.09834497 0.09918299 0.09973476 0.0979998 0.1231854 0.09595899 0.07794025 0.07295762 0.05102547 0.04813991 0.04022229 0.03365424 0.03051702 0.01171993 0.006310609 0.00577656 0.005999545 0.005402929 0.005048747 0.005697558 0.005603458 0.006058862 0.006192384 0.007317564 0.007147993 0.006399835 0.00672247 0.006401388 0.02246197 0.01920556 0.03896318 0.02107616 0.007123082
0.1418459 0.1539035 0.1545708 0.09344888 0.09613357 0.08293086 0.0685972 0.08032019 0.07285783 0.06117044 0.05184649 0.06547903 0.0757153 0.07441469 0.06814996 0.06645826 0.07016089 0.07644454 0.07080317 0.08560487 0.07873425 0.08970286 0.0872254 0.1148948 0.1315716 0.1235789 0.1256911 0.1073716 0.09328736 0.07721585 0.07609492 0.05962982 0.06112462 0.04443063 0.02537596 0.01848111 0.0119372 0.004842379 0.004328827 0.004353056 0.003818078 0.003730337 0.004583476 0.005502696 0.006100927 0.006863141 0.006705505 0.006600765 0.007772723 0.007097743 0.007288206 0.03271008 0.04801067 0.1272793 0.0820299 0.04316876
0.1371968 0.1314057 0.1332581 0.09086443 0.08680049 0.07727149 0.07400209 0.09144682 0.05764485 0.0541121 0.06934348 0.06365488 0.05817349 0.06381081 0.07165271 0.0708175 0.07907526 0.08728677 0.08092913 0.08024827 0.08101908 0.08719073 0.09648153 0.1494832 0.1596944 0.1633576 0.1422695 0.1225093 0.09419841 0.0896335 0.07779258 0.06833033 0.09468153 0.05629165 0.0298733 0.01181041 0.008819517 0.004480714 0.003980632 0.003908263 0.003350658 0.003243167 0.004503328 0.005477074 0.006174561 0.00779709 0.009367801 0.009366359 0.007226405 0.00949486 0.01301246 0.02742588 0.06407195 0.08894174 0.09945897 0.06116139
0.1363988 0.1085438 0.1306258 0.07541197 0.04947074 0.04818598 0.05690502 0.04842753 0.0422549 0.04828217 0.03594347 0.05456139 0.05089043 0.05879366 0.07323679 0.07729736 0.08435858 0.08678018 0.07859237 0.07558564 0.07392171 0.07840136 0.08611274 0.1273145 0.1769314 0.1722207 0.145741 0.1101495 0.1020578 0.09122161 0.06821944 0.06847736 0.07540096 0.04763284 0.04323711 0.02319072 0.01041697 0.004635918 0.004054223 0.003925817 0.00328658 0.003113268 0.004433781 0.005445287 0.006090076 0.007013435 0.00845728 0.008845693 0.009215999 0.01499162 0.01344931 0.01307496 0.02483108 0.030698 0.04845253 0.0172466
0.1200732 0.1137854 0.1148922 0.06888878 0.04711004 0.03106469 0.02570531 0.03428486 0.03765761 0.0336063 0.03122777 0.04704679 0.04658248 0.04972837 0.06344657 0.06889857 0.08078018 0.0860369 0.07788245 0.08634514 0.07747449 0.07924522 0.09944598 0.1150407 0.1447326 0.1512453 0.1095101 0.1173518 0.1147809 0.09220769 0.07473607 0.08255866 0.06423947 0.04730495 0.04298909 0.03558148 0.02464462 0.005283675 0.01260282 0.008291865 0.003575214 0.003659167 0.005077056 0.00616571 0.006665716 0.008324526 0.009557766 0.0164508 0.02733751 0.045739 0.04848827 0.04210393 0.0638116 0.0430247 0.1076761 0.05980482
0.1163698 0.0876914 0.07146451 0.04393049 0.0290131 0.02723106 0.02671778 0.03063613 0.02880527 0.02765396 0.0287901 0.04102502 0.0455085 0.05611458 0.07272207 0.1010985 0.1126005 0.1097471 0.101193 0.09737043 0.09922298 0.09923048 0.1234182 0.1199408 0.1247623 0.1241489 0.134966 0.1264295 0.115003 0.09693067 0.08934002 0.08607212 0.06743404 0.04317897 0.03413194 0.04073105 0.1268135 0.01128806 0.01025426 0.01001957 0.003411659 0.004027843 0.005503337 0.006090866 0.007061676 0.009118604 0.009399487 0.02140137 0.02507289 0.02580761 0.05643501 0.05015048 0.07917038 0.08653504 0.09018359 0.0636357
0.102911 0.09222362 0.05150453 0.02615627 0.02611308 0.02534459 0.02523631 0.02617316 0.02395415 0.02114365 0.02516713 0.03621202 0.04217608 0.04894172 0.07093209 0.1300339 0.156404 0.1711658 0.14157 0.115323 0.114074 0.110238 0.1046392 0.1073213 0.1306915 0.1423853 0.1602039 0.1235299 0.1346797 0.1002577 0.08721367 0.0809508 0.05666994 0.05358405 0.02730964 0.03451006 0.02990589 0.02162804 0.0124682 0.01100106 0.007391817 0.004907962 0.006481707 0.008348082 0.007820837 0.01074626 0.01186023 0.02531481 0.0291474 0.0272372 0.07142738 0.1021534 0.09810345 0.02839624 0.06296095 0.06669969
0.103704 0.06102933 0.03383103 0.02547511 0.02302187 0.01918821 0.01857947 0.0174636 0.01769573 0.02004854 0.02131992 0.0322385 0.03716366 0.04757198 0.0784681 0.1392267 0.1707238 0.1537862 0.1233913 0.1059445 0.09833958 0.09326785 0.09868186 0.1169627 0.1599313 0.1888864 0.1639607 0.1238845 0.115369 0.08704277 0.07519394 0.05218562 0.03813718 0.04120297 0.02967292 0.01723532 0.01676834 0.01465744 0.01396228 0.01225626 0.01159133 0.01335377 0.009315585 0.01060426 0.01111202 0.01167972 0.01390309 0.02761504 0.02889065 0.02667729 0.1132355 0.05542316 0.08673069 0.07061773 0.03984012 0.06403945
0.09176015 0.04378464 0.03296386 0.02448148 0.02176605 0.0172396 0.01488926 0.01273311 0.01449808 0.01606512 0.01961495 0.02770762 0.03234559 0.05127291 0.08668967 0.1427624 0.165764 0.160612 0.121418 0.0864995 0.08778837 0.08047745 0.07894853 0.09968106 0.1547764 0.1586131 0.1468477 0.1023904 0.07540912 0.06091641 0.05434336 0.04812369 0.0401566 0.03863641 0.02747111 0.02140759 0.01763724 0.01522669 0.01069814 0.008236152 0.006904904 0.0112424 0.01449894 0.02361897 0.02628701 0.01606457 0.01799653 0.02974574 0.0318337 0.04905343 0.06936637 0.03964799 0.1136235 0.07454307 0.04930986 0.04070614
0.1094883 0.04834053 0.02123098 0.01340174 0.01428732 0.01251539 0.01081378 0.009796604 0.01357545 0.009958117 0.01245256 0.01928619 0.02449003 0.05116118 0.07534103 0.1457135 0.1606133 0.1479499 0.1203044 0.09460462 0.06205143 0.05313541 0.048482 0.05475619 0.1068102 0.1221398 0.1178243 0.09123182 0.06121087 0.04915327 0.04616611 0.04609421 0.04053973 0.03907566 0.03212924 0.02311508 0.01622726 0.01310186 0.01242094 0.008113615 0.009238598 0.01239251 0.02021158 0.04714545 0.03006811 0.03191268 0.03622662 0.05139317 0.0524901 0.05904956 0.06408416 0.07112667 0.08898569 0.07751292 0.07235664 0.05997739
0.07320371 0.03765781 0.01544844 0.008795709 0.009407741 0.00812535 0.007813244 0.00654675 0.01083365 0.00802635 0.009716121 0.01555957 0.01723162 0.03601025 0.0545103 0.1024428 0.1062144 0.1119584 0.1155004 0.09827178 0.07638677 0.04343292 0.04278578 0.04805557 0.07424384 0.08868506 0.08059841 0.09010887 0.05972353 0.04732572 0.04317057 0.04272091 0.03446802 0.03663812 0.02544517 0.01884664 0.01549104 0.01397265 0.01364918 0.009675634 0.01142171 0.01736946 0.03001285 0.0455677 0.03526862 0.03975625 0.04602917 0.06656577 0.06567847 0.07877605 0.07885565 0.07383256 0.07520546 0.08077182 0.09298366 0.07065207
0.03598187 0.02024752 0.01509481 0.008849136 0.00587752 0.005935449 0.005613905 0.005045801 0.005924636 0.007307617 0.007831743 0.01149668 0.01429049 0.02312298 0.0220046 0.06567956 0.09077483 0.08994309 0.07524316 0.08012868 0.05617379 0.03585516 0.02870096 0.03521272 0.04782287 0.06523228 0.07175751 0.07378196 0.05605458 0.04569061 0.04515454 0.03785277 0.03166277 0.0298344 0.02295032 0.01767778 0.01650623 0.01530482 0.01563451 0.01820589 0.02204465 0.02709038 0.03061436 0.04494578 0.0453582 0.05639916 0.06550062 0.07706596 0.07158234 0.09145726 0.0914221 0.07827558 0.07272471 0.07284696 0.1028286 0.06370834
0.02290892 0.00731556 0.005252596 0.006344562 0.004808941 0.004716317 0.004534652 0.004091291 0.004211859 0.005155609 0.007722349 0.01222512 0.01448734 0.03981164 0.04422777 0.07241643 0.0744812 0.07348038 0.05867783 0.05965769 0.04579324 0.0218325 0.02279957 0.03361087 0.04417998 0.05507657 0.07164849 0.05471782 0.04750002 0.03972808 0.03837462 0.03403109 0.02566538 0.02233677 0.02015108 0.01683198 0.01695356 0.01960001 0.01812587 0.0157974 0.02436247 0.02621195 0.03188158 0.05478717 0.05656402 0.08952086 0.08647814 0.1075789 0.1025865 0.09249312 0.1012072 0.1187275 0.106122 0.09292506 0.07275842 0.07104166
0.0177558 0.006521819 0.003835984 0.00385851 0.002819417 0.002638911 0.002619234 0.00241238 0.002653392 0.002794672 0.003865747 0.005789199 0.007097951 0.03388435 0.04017784 0.0458195 0.0464508 0.03922471 0.0576371 0.06634643 0.01845777 0.01028389 0.01338231 0.01472234 0.04354488 0.03037236 0.01188239 0.02486035 0.02499242 0.02435718 0.02204561 0.0320879 0.02927949 0.02347563 0.0226445 0.01704388 0.01526273 0.01593284 0.01995955 0.02987488 0.02877866 0.03067144 0.05250109 0.1012013 0.1147706 0.1252926 0.1133141 0.147385 0.1451011 0.1334883 0.1230758 0.1384414 0.1378295 0.08084249 0.08160131 0.05720833
0.01408802 0.005482754 0.00308564 0.003715179 0.002629662 0.001855856 0.001820164 0.001713712 0.002827732 0.00234186 0.002741844 0.003588893 0.004208011 0.004828457 0.005009937 0.01137591 0.0147554 0.01744032 0.004570303 0.008013658 0.006324856 0.00701444 0.006730028 0.01386039 0.01942123 0.008477992 0.006111342 0.01715335 0.01801985 0.02068542 0.01963141 0.02797126 0.0212913 0.01823154 0.02571994 0.01875599 0.01412783 0.01366096 0.0267242 0.04144642 0.0437417 0.04183518 0.0610122 0.1127465 0.1294505 0.1342321 0.13514 0.1835343 0.196691 0.1623877 0.1353492 0.1369742 0.07386071 0.08714828 0.08870776 0.04383333
0.02080707 0.005592469 0.002275305 0.002294043 0.001878403 0.001430994 0.001357995 0.001162491 0.001128372 0.001373517 0.001684513 0.002763201 0.002967351 0.003187958 0.003207385 0.002018966 0.002287755 0.002165298 0.002441503 0.005032684 0.005878097 0.01077587 0.004880582 0.008724296 0.01206715 0.003952393 0.00622137 0.01534744 0.01602317 0.01549382 0.01575938 0.02621282 0.01963113 0.01902824 0.01976313 0.02120949 0.02528528 0.02153235 0.03621968 0.02834244 0.04275836 0.05059433 0.06580899 0.1144176 0.1576283 0.1777805 0.1676299 0.241368 0.2784079 0.1533261 0.1524577 0.09503466 0.0793354 0.09879091 0.09193707 0.06216667
0.01530064 0.009120679 0.002531877 0.001729295 0.001492031 0.001347745 0.001451063 0.001066752 0.0010477 0.001174256 0.00148403 0.002316742 0.002815109 0.002753735 0.002774582 0.001763697 0.00195402 0.00188767 0.002100107 0.003778042 0.004397395 0.00463979 0.003957551 0.002100413 0.004492834 0.006145939 0.00465138 0.01175935 0.01292378 0.01403391 0.02304631 0.01958168 0.01917202 0.0179766 0.01981847 0.02878178 0.07746497 0.02552575 0.02329202 0.03704996 0.05377536 0.05378931 0.07306758 0.1478983 0.1878076 0.2089437 0.2161048 0.207767 0.233967 0.2059351 0.2054805 0.1153673 0.08938131 0.07921764 0.0853399 0.05558332
0.05122537 0.03174555 0.01021751 0.0007678513 0.000686523 0.0006300955 0.0006498074 0.0001752337 0.0001735242 0.0002679748 0.0002253806 0.001550062 0.001905607 0.001880099 0.001922618 0.001980303 0.00296316 0.002120972 0.002289339 0.00195671 0.0076483 0.002552052 0.003302045 0.001085502 0.001272444 0.001482215 0.001735966 0.002766214 0.003105101 0.003273455 0.01582875 0.01981925 0.01891424 0.02648541 0.02490672 0.06320108 0.2039231 0.03474392 0.03139654 0.05156409 0.04873811 0.0626091 0.08248724 0.1580945 0.1975482 0.2371427 0.2231383 0.2379578 0.2962122 0.3038179 0.1759959 0.08366667 0.04750001 0.03045833 0.0395 0.03575
0.02319392 0.03297969 0.009962757 0.0003527905 0.0001661946 0.000147608 0.000147631 0.0002731718 0.007258149 0.008777861 0.001832521 0.001281765 0.001425446 0.001587028 0.001571684 0.001646562 0.001691762 0.001762429 0.001839884 0.001517992 0.001585685 0.001900052 0.002465379 0.0008256636 0.0009678766 0.001180568 0.001466656 0.002439468 0.002799132 0.003032274 0.003493077 0.02025306 0.02063813 0.01997209 0.03233741 0.03558103 0.0385641 0.02948721 0.03675004 0.04796985 0.0560573 0.07717748 0.09518789 0.154867 0.1963446 0.2425139 0.2393223 0.2633097 0.2825768 0.2365239 0.2017754 0.07295834 0.04604167 0.04508333 0.039 0.03225
0.03055187 0.01209101 0.001354579 0.0001761382 0.0001948893 0.0001317283 0.0001326248 0.0001422298 0.0002415129 0.0003305176 0.001738997 0.001057743 0.001395049 0.001224014 0.001280984 0.001348491 0.001404255 0.001447501 0.001470027 0.001183594 0.001212411 0.001437194 0.001883792 0.0006340788 0.0007480726 0.0009530231 0.001240636 0.002140783 0.00250468 0.002770507 0.002994476 0.01868819 0.01891173 0.02198697 0.02646172 0.03028066 0.03247978 0.03776871 0.04790602 0.0581246 0.07127073 0.08901768 0.1027358 0.1852567 0.2080368 0.2242903 0.227275 0.2905724 0.3008426 0.2343826 0.2173216 0.08425 0.0455 0.04995833 0.047625 0.03375
0.01509516 0.01263601 0.0009878497 0.0001877569 0.0001368763 0.0002893363 0.0001190133 0.0001252417 0.0001879305 0.0001906396 0.001439212 0.0008917869 0.0009411303 0.0009961349 0.00104028 0.002153827 0.002059898 0.00117416 0.00119624 0.0009629741 0.0009857235 0.001183371 0.001554563 0.0005292216 0.000625233 0.0008151392 0.001188002 0.001869545 0.002218567 0.002496502 0.0033367 0.01892104 0.02196773 0.02723534 0.03149901 0.03538395 0.04069063 0.05464015 0.07165897 0.07449608 0.08649847 0.100528 0.1221553 0.2030263 0.239197 0.261644 0.2446393 0.2631976 0.220456 0.2220549 0.2155757 0.07720833 0.06099999 0.054 0.04225 0.03750001
0.001142781 0.004583771 0.000764074 0.0002427639 0.0001095211 0.0002183165 0.001570708 0.0001074754 8.073696e-005 0.0001787438 0.0001977523 0.000735721 0.0007003502 0.0006566461 0.0006846587 0.0007010533 0.0007239342 0.0007478451 0.0007645062 0.0006827968 0.0006984333 0.000846291 0.00112676 0.0003044557 0.0003619002 0.0004837662 0.0006548529 0.001114355 0.001326384 0.003497592 0.00726479 0.0184236 0.02554678 0.03657749 0.03118839 0.04668811 0.06042496 0.07652778 0.09296149 0.1169655 0.1427616 0.1640512 0.2100119 0.2405377 0.2852371 0.3229045 0.2612347 0.129375 0.1679583 0.1570416 0.1304583 0.0795 0.05866667 0.06445833 0.06308333 0.04833333
8.489569e-005 0.003418288 0.0018488 0.002442484 0.0001544388 8.276803e-005 7.823388e-005 7.06402e-005 6.588037e-005 0.0001522685 6.496333e-005 0.0004312013 0.0004697661 0.0005685312 0.0004871793 0.0005133835 0.0004927845 0.0009017792 0.000527842 0.0004755129 0.0004898602 0.0006054231 0.0008188856 0.001795462 0.0002719695 0.0003743608 0.0005266909 0.002769203 0.006438376 0.008386726 0.01186876 0.02021294 0.03938434 0.03968445 0.0429914 0.0697754 0.06772912 0.08246675 0.08815993 0.1349851 0.1699449 0.2052854 0.2403615 0.2774149 0.3332274 0.3425261 0.2839078 0.151875 0.173375 0.196125 0.1265417 0.04812501 0.043875 0.042625 0.03579167 0.04370834
7.382501e-005 0.004586935 5.732428e-005 0.000948727 9.085321e-005 7.306927e-005 0.0004504943 5.893986e-005 6.093391e-005 4.986812e-005 4.922518e-005 0.0003140563 0.0003199843 0.0006725226 0.0004920611 0.0004495197 0.0003297676 0.0008177809 0.001309209 0.0003248491 0.0003384076 0.0004275355 0.0005883628 0.0001655682 0.0001997159 0.001579522 0.004386231 0.007278431 0.01073905 0.01265633 0.01571357 0.02306699 0.03363843 0.0425364 0.05418528 0.06802384 0.07497266 0.1125473 0.09848251 0.1618518 0.1896471 0.2316891 0.2719887 0.3471628 0.360358 0.3426539 0.3128043 0.1285417 0.1775834 0.2009167 0.128375 0.065625 0.06537501 0.03554166 0.03470833 0.04508333
