contrib/geomasonDemos/riftland/DataFiles/RainData/30.txt
ncols         56
nrows         54
xllcorner     28.264
yllcorner     -5.7719999999999
cellsize      0.25
NODATA_value  -9999
[rows 0 to 24 of 54, columns 0 to 55 of 56]
0.1372586 0.1056649 0.09787846 0.08767398 0.07290197 0.07635999 0.09429769 0.09166551 0.07022198 0.06205022 0.06010016 0.05279264 0.05101613 0.059323 0.1156277 0.05501747 0.02810374 0.03541094 0.05306724 0.1325438 0.1377492 0.1333002 0.095641 0.09793204 0.08391131 0.09505001 0.1355472 0.1895849 0.1743258 0.1377012 0.1252116 0.1378378 0.1391724 0.1205843 0.1655971 0.1873126 0.1556508 0.07940401 0.09174737 0.06492436 0.1134796 0.09950928 0.04866201 0.05486988 0.1004771 0.1247335 0.1326419 0.06849585 0.06153299 0.05203238 0.03009086 0.01441586 0.01250773 0.01747875 0.02580031 0.0166328
0.1014603 0.1075952 0.1600844 0.1232888 0.09985971 0.08745902 0.1018691 0.1065552 0.09672608 0.08219842 0.07725672 0.06455538 0.05265923 0.05470167 0.07339521 0.1423043 0.06224872 0.05856257 0.06859419 0.1067719 0.1224277 0.1406207 0.08688262 0.08510449 0.06618673 0.06959624 0.087443 0.118508 0.1518496 0.1000467 0.08591433 0.09919886 0.1186735 0.1131898 0.1151488 0.1394248 0.1096143 0.05924905 0.06017486 0.07853407 0.06514121 0.07180994 0.05697959 0.04180444 0.06287209 0.08180042 0.074022 0.06541155 0.09970459 0.08900066 0.03532065 0.01650686 0.01342613 0.007541513 0.01949711 0.01519689
0.1536711 0.1584258 0.1259484 0.1427119 0.1161494 0.08085647 0.1122611 0.1329538 0.09535668 0.1273364 0.05993817 0.05694784 0.07677488 0.05579705 0.04810284 0.0668852 0.06165328 0.04835914 0.05781204 0.08907259 0.08361621 0.06995391 0.06141714 0.102149 0.07949317 0.07257109 0.07304125 0.07653366 0.08904801 0.06253816 0.05745174 0.05229276 0.0897032 0.08781444 0.07412703 0.07344627 0.06352215 0.04815678 0.05089933 0.06263801 0.0551849 0.04309227 0.05668924 0.05733074 0.04593152 0.0470583 0.03617972 0.04335388 0.0543929 0.0973853 0.0399095 0.01720474 0.005512777 0.01073989 0.01799461 0.01286707
0.07870291 0.09381023 0.1448355 0.1403268 0.09442382 0.08488554 0.08778696 0.1551913 0.1244748 0.1342076 0.09730037 0.09897022 0.06763095 0.07696387 0.1188235 0.07019082 0.1215385 0.05684387 0.04856604 0.06591696 0.0767502 0.06430244 0.05823187 0.1324557 0.09640326 0.06914969 0.09537842 0.1045984 0.1000149 0.0923718 0.0739638 0.06025752 0.07077023 0.07894135 0.1025361 0.1018985 0.09311334 0.075276 0.05448025 0.04592075 0.07663544 0.07216226 0.06884706 0.0798125 0.04907428 0.03647063 0.04167176 0.03281555 0.03337197 0.0590804 0.008486239 0.003851701 0.006669594 0.01608836 0.01001263 0.01178349
0.1033404 0.09668363 0.2214385 0.1466478 0.1330602 0.09938684 0.05814462 0.07927462 0.09734687 0.09804215 0.08609184 0.09525328 0.08744366 0.1159202 0.1131132 0.08684967 0.1307697 0.08579065 0.04245632 0.04795435 0.05485254 0.02667672 0.04265997 0.06546327 0.06719001 0.08570671 0.1041202 0.09947304 0.0799106 0.08334588 0.06846298 0.07181381 0.09565878 0.1238418 0.1346404 0.1222165 0.1108328 0.1005675 0.05656004 0.06157577 0.1056158 0.1505037 0.105059 0.07491333 0.03307588 0.03186709 0.02886791 0.02158159 0.02370875 0.0146221 0.007894449 0.003033192 0.006539683 0.006479782 0.008490008 0.01006576
0.1588123 0.1491704 0.1542332 0.1822374 0.1884383 0.1000421 0.07123418 0.05321426 0.1384904 0.191086 0.1614121 0.1339812 0.1084657 0.1344114 0.1152484 0.1065179 0.1196756 0.07053869 0.06679764 0.09400732 0.06188603 0.04421644 0.03839913 0.08124875 0.07533366 0.05215815 0.05321784 0.04817924 0.05091576 0.05381915 0.05199444 0.06694083 0.07928874 0.09927133 0.1186377 0.09518563 0.1100712 0.07090583 0.0402244 0.04610028 0.06751363 0.1105289 0.0617625 0.02816967 0.02392015 0.02179623 0.0176244 0.01260007 0.005109832 0.007255455 0.008995442 0.004123342 0.008473379 0.007007135 0.005644885 0.007919957
0.1692853 0.2228947 0.1841002 0.1696648 0.2175557 0.1245398 0.1129297 0.08774763 0.133658 0.09559586 0.1512322 0.1036059 0.07378634 0.07916783 0.09972557 0.1065902 0.1023345 0.07821672 0.07193235 0.08222082 0.08004689 0.06159331 0.04353792 0.06952525 0.05711614 0.05010495 0.02597531 0.03409492 0.04578981 0.04013916 0.04198176 0.0673273 0.0599529 0.08051749 0.05605543 0.04547708 0.06882009 0.0377584 0.03012125 0.03353774 0.04984899 0.02956164 0.02131945 0.03473865 0.0258405 0.009887577 0.006430937 0.003609148 0.002784762 0.004329765 0.006859649 0.00397036 0.007024433 0.0102637 0.005197903 0.004903466
0.1973151 0.2481578 0.2637214 0.2437726 0.1724678 0.1283411 0.1443795 0.1973186 0.175775 0.1393704 0.0758477 0.09575986 0.08600206 0.09734573 0.08388941 0.1141506 0.1356786 0.1348511 0.07944584 0.1020534 0.1114828 0.0909664 0.04260024 0.05180319 0.03882496 0.03151347 0.02001018 0.04373243 0.06147034 0.05271764 0.04717291 0.04147189 0.05686272 0.05508912 0.04355227 0.03920006 0.02555362 0.02365682 0.03146426 0.02494563 0.02925174 0.01237002 0.01376314 0.009505677 0.004658692 0.005203994 0.001259567 0.001941842 0.003236094 0.0004533814 0.0004035394 0.0001927534 0.0001645856 0.0007680868 0.0006859002 0.002358484
0.1874299 0.2011927 0.2057447 0.1769768 0.1725005 0.1621839 0.1866134 0.2004569 0.1987876 0.1089692 0.1320507 0.1568533 0.08460876 0.06001008 0.04724731 0.152846 0.148254 0.1917599 0.0852044 0.1025931 0.1101329 0.09640702 0.05297078 0.04682555 0.02909247 0.02798594 0.03169559 0.03943364 0.03643455 0.03846247 0.03302782 0.03363621 0.03538617 0.01703931 0.01976052 0.02185395 0.01035195 0.0101178 0.01122054 0.004594958 0.003867959 0.00563976 0.00575956 0.004360913 0.00195805 0.001488877 0.001719651 0.002275852 0.003967352 0.001741453 0.001348495 9.305946e-005 7.73321e-005 0.0007709966 0.0004804615 0.001673795
0.1561511 0.1760586 0.2093862 0.1662192 0.1577704 0.1440172 0.2139594 0.2383851 0.1870972 0.1588344 0.1118326 0.11146 0.05927842 0.05697772 0.07877528 0.08592696 0.09175498 0.1005617 0.09979741 0.125197 0.09327321 0.05359156 0.04012258 0.03519716 0.02851997 0.023709 0.0528929 0.04378908 0.01965585 0.01810164 0.006317575 0.005537006 0.01359409 0.01581644 0.01110788 0.02209895 0.01261765 0.01177619 0.006502188 0.0005852688 0.0005819835 0.0005644389 0.000796411 0.0003573827 0.0006728311 0.00166759 0.001521439 0.001014783 0.002065838 9.956839e-005 0.0004833486 3.629233e-005 2.763397e-005 0.0002928252 0.001756652 0.002574652
0.1395473 0.1229517 0.1638793 0.1656175 0.1759414 0.1599722 0.1728546 0.1789902 0.1698488 0.127599 0.09629413 0.07615002 0.07654427 0.05255298 0.08369023 0.09695702 0.08445744 0.1204522 0.08188051 0.08242857 0.0453479 0.06396127 0.03680279 0.04989067 0.04176936 0.0375473 0.03431531 0.02754678 0.02096075 0.01262844 0.01347915 0.004448466 0.008387002 0.01137943 0.008726372 0.004848775 0.003383289 0.001694451 0.003551843 0.001049226 0.0007476441 0.0004783469 0.001657328 0.001115972 0.001485314 0.001001693 0.002756604 0.0004496914 0.0001097094 8.807852e-005 7.356205e-005 3.129977e-005 2.318584e-005 1.737379e-005 0.0005447232 0.002197984
0.1576077 0.1196902 0.1273201 0.194722 0.19251 0.1620638 0.1212509 0.1355743 0.1654639 0.1204997 0.08275398 0.08491331 0.1221904 0.08961473 0.08975418 0.07680213 0.06127989 0.09712522 0.1199231 0.105113 0.07019085 0.04599897 0.0491902 0.05111662 0.04304175 0.03524468 0.03587744 0.03794263 0.01629083 0.005065195 0.00105881 0.0009039181 0.002655762 0.004712624 0.003696674 0.002182921 0.002310216 0.001621399 0.0006008698 0.003472356 0.003463515 0.004190607 0.005181474 0.003082048 0.003374354 0.003151416 0.002243504 0.002714081 0.002225385 0.001809915 0.001483312 0.0005656005 0.0004003014 0.0003355183 0.0002269837 0.0003158181
0.1496867 0.1991515 0.1263355 0.1151779 0.122038 0.1635251 0.1122902 0.1339023 0.1820375 0.1392023 0.09363367 0.09749377 0.1004363 0.0970839 0.08235395 0.09959303 0.09342452 0.1004054 0.08729694 0.1034268 0.09833811 0.06635544 0.05112347 0.03999514 0.03483346 0.04615457 0.03226082 0.03107684 0.006403961 0.001146036 1.659257e-005 0.0007888477 0.001542617 0.001283045 0.001369488 0.000362195 0.0004226013 0.0004513931 0.0004533118 0.00259859 0.002604949 0.00253562 0.002419375 0.002292228 0.002497469 0.002377977 0.001764028 0.002179636 0.001845733 0.001838098 0.001746414 0.0004509074 0.0008004186 0.000200005 0.0001491957 0.001024571
0.1610982 0.1507498 0.2562077 0.1315837 0.1221638 0.1649804 0.1123881 0.1253149 0.1602741 0.1228257 0.1307003 0.1362705 0.120323 0.1017495 0.09411043 0.1144423 0.08398639 0.08955641 0.07723865 0.1131187 0.1022246 0.08280447 0.02570112 0.02338336 0.01586824 0.01222807 0.01226023 0.006413752 0.001387005 0.0001694077 0.0005778142 0.0007021056 0.00133675 0.0008809008 0.001144735 0.0003371051 0.0003615877 0.0003903212 0.0003903941 0.00223558 0.002232695 0.002531973 0.002081311 0.001983977 0.001973022 0.001835915 0.001612885 0.002036628 0.001736117 0.001458653 0.001164322 0.0004265033 0.0002772589 0.0001792773 0.0001302259 0
0.2437635 0.10965 0.1932977 0.1450808 0.126747 0.1567991 0.1485625 0.1211449 0.1114905 0.1104669 0.09251179 0.1258232 0.089321 0.0787446 0.08152635 0.1064584 0.110625 0.1306572 0.1196835 0.1217113 0.09533366 0.04939102 0.02551081 0.02892021 0.02756574 0.0177708 0.005465625 0.001465776 0.01254744 0 0.0003255088 0.001266774 0.001012949 0.001008454 0.001500352 0.0003399677 0.0003958647 0.0004244322 0.000422946 0.002403819 0.002388527 0.002317391 0.002203295 0.002083823 0.001961595 0.001831066 0.001671496 0.002159762 0.001887811 0.001610308 0.001304896 0.0004873986 0.0003327644 0.0002263483 0.0001697461 0
0.1116057 0.1161863 0.1784752 0.1382532 0.1425113 0.1329199 0.1214483 0.1473719 0.1471041 0.1138765 0.110439 0.116526 0.1118639 0.1118119 0.08595718 0.09495746 0.1369381 0.1309752 0.131478 0.1268296 0.1100348 0.05490938 0.03871159 0.04165689 0.03788704 0.02616162 0.0121047 0.002294039 0.009413081 0.0002137537 0.0002803135 0.001254523 0.001350816 0.00167805 0.002103342 0.002651711 0.00307148 0.00327078 0.003243214 0.004287384 0.004234448 0.004112157 0.003997444 0.002541724 0.002397551 0.002394877 0.002055531 0.002733009 0.002463049 0.002015493 0.002135157 0.00187175 0.001924385 0.000579621 0.0002776835 0.001567109
0.100186 0.1399866 0.1789062 0.1551934 0.1584016 0.120469 0.1579892 0.1539881 0.1303811 0.1363893 0.1196165 0.1085605 0.1326715 0.1227341 0.1052753 0.0977712 0.1147291 0.1009874 0.1188881 0.1540113 0.1172881 0.08812317 0.03878385 0.05432695 0.03829599 0.02521661 0.0161019 0.008006895 0.003916243 0.0002835959 0.0003450241 0.001329583 0.001531061 0.001858956 0.002433189 0.002873833 0.003310317 0.003508643 0.003468373 0.004554117 0.004486747 0.004339905 0.004094172 0.00297413 0.002674872 0.002838747 0.00216499 0.003023191 0.002903501 0.002601323 0.001802425 0.002091334 0.001443155 0.001072355 0.0005276009 0.0003824305
0.1032323 0.1357192 0.2422841 0.1816777 0.144247 0.1446055 0.1229157 0.159879 0.1186915 0.1151425 0.1171033 0.1087805 0.1000586 0.09589515 0.09079757 0.0903843 0.109858 0.1235534 0.1443495 0.2098962 0.1658541 0.1133681 0.07424217 0.07245665 0.04814981 0.04209571 0.02075261 0.0063757 0.001332332 0.0008367183 0.0008629576 0.002347252 0.002334891 0.00251082 0.002863354 0.003344995 0.003688165 0.003823905 0.003770751 0.005024697 0.004927491 0.004668665 0.004414003 0.003010604 0.00284339 0.00266036 0.002832028 0.003811663 0.003553036 0.002808496 0.00208285 0.001156616 0.001556285 0.001848105 0.0008323226 0.002282205
0.09797507 0.1186546 0.1944204 0.180407 0.1606332 0.1475092 0.118992 0.1122425 0.113281 0.1074719 0.1044652 0.08904995 0.07403247 0.07500322 0.09193999 0.08785836 0.1196094 0.1433081 0.1502764 0.2064917 0.1923277 0.1258213 0.1047185 0.0854753 0.04343647 0.03475141 0.02710134 0.004141332 0.005870725 0.001697297 0.001399112 0.004121946 0.004035695 0.003606306 0.003767659 0.004044225 0.004199151 0.004235488 0.004145658 0.005510187 0.005403695 0.005109072 0.00482429 0.004066104 0.003881151 0.002910693 0.002755566 0.003748326 0.004783537 0.003440432 0.003124705 0.00260945 0.001339314 0.001561931 0.0006581159 0.0003290056
0.09017858 0.06585438 0.0885933 0.134724 0.1243871 0.09785501 0.08100308 0.1084531 0.1035331 0.08719905 0.08105966 0.07745618 0.08352729 0.09120312 0.08768649 0.1117365 0.1159655 0.1281933 0.1443384 0.1605999 0.1629688 0.1345415 0.1116945 0.07371312 0.05084614 0.04442381 0.02746676 0.01367546 0.01364993 0.01083214 0.008215262 0.008135911 0.007078203 0.006522743 0.006470831 0.004755124 0.005002161 0.006454833 0.006602376 0.006543572 0.006413861 0.006064923 0.005934181 0.006053464 0.006070726 0.004996505 0.004668211 0.00711546 0.004792844 0.004513472 0.004036188 0.007623355 0.009039253 0.01045318 0.005594594 0.01159951
0.07793973 0.06933983 0.08386262 0.1209098 0.07852781 0.08525507 0.09447233 0.1262249 0.1070757 0.07326715 0.06292393 0.07100239 0.0738702 0.08302308 0.07046305 0.09240256 0.1296736 0.1510412 0.1519575 0.1665354 0.1305739 0.1359838 0.1504053 0.08696583 0.05177488 0.0479263 0.0363423 0.01851688 0.01546881 0.01344489 0.01268996 0.01076996 0.008936448 0.008056466 0.007703685 0.00543305 0.005219834 0.005050864 0.006948574 0.007006221 0.006914462 0.006659958 0.006409538 0.006513047 0.005659876 0.005435541 0.005243385 0.007170171 0.006573513 0.00518674 0.004465569 0.005515463 0.005601667 0.005555611 0.003580375 0.01203929
0.08225098 0.0704163 0.1145416 0.1102041 0.07821881 0.06035217 0.07254487 0.1029687 0.09329406 0.08005088 0.07064801 0.0667574 0.07654662 0.07195728 0.09705232 0.1095696 0.1296971 0.1474473 0.1486315 0.1792365 0.1545841 0.1489217 0.1370043 0.1011685 0.06487636 0.05490841 0.0504602 0.03024722 0.02252406 0.01620211 0.01413182 0.01472623 0.01173545 0.01025003 0.009408787 0.006297207 0.005708033 0.007390387 0.005151056 0.007168712 0.006933337 0.006729808 0.006480996 0.005948307 0.00574643 0.005532859 0.005409786 0.007251674 0.006390201 0.005115267 0.004575674 0.003512472 0.003757905 0.01292693 0.002235676 0.002799775
0.1000953 0.08674005 0.1085631 0.1207708 0.07507785 0.06938656 0.06435427 0.07562546 0.06602934 0.07347615 0.052326 0.05502534 0.05865057 0.08429319 0.09966747 0.1294837 0.129887 0.1085061 0.121612 0.1558075 0.1389497 0.1829739 0.1581933 0.1032508 0.08622073 0.06284714 0.05792749 0.04095457 0.03364579 0.02219939 0.01885636 0.01931417 0.01701325 0.01370846 0.01275336 0.007299286 0.006150656 0.005449905 0.007760074 0.007559518 0.006956207 0.006562311 0.006415191 0.006123935 0.006062999 0.00568143 0.00522451 0.006155685 0.005717094 0.00552714 0.004989482 0.003606405 0.003576595 0.01283204 0.00296803 0.006369749
0.1074472 0.1023094 0.08608277 0.09611124 0.0989184 0.07521363 0.08770778 0.08045266 0.06966013 0.08287057 0.09657802 0.08422546 0.0750912 0.08218663 0.08129639 0.08389708 0.09180678 0.09668963 0.09487472 0.1054101 0.1045978 0.1199472 0.1204542 0.1398675 0.1227944 0.08328672 0.06917605 0.0631291 0.0462127 0.04508273 0.03389252 0.02850156 0.02303254 0.01945536 0.01741389 0.01816725 0.01605075 0.008411684 0.006344162 0.007547482 0.007474679 0.006052666 0.006869663 0.008007368 0.00863554 0.007689799 0.007279382 0.005297464 0.006244662 0.008938613 0.008855132 0.04376903 0.01172931 0.007399587 0.01889651 0.01718118
0.07260902 0.1085672 0.08410437 0.07055357 0.08636709 0.07722589 0.08215905 0.07989304 0.07102232 0.07110063 0.07309729 0.07911713 0.09507155 0.08468445 0.07592589 0.0786647 0.07260547 0.07699038 0.08499327 0.09645581 0.09390298 0.09609256 0.1010791 0.1258497 0.1239719 0.09860597 0.09363443 0.07810509 0.06246416 0.06457986 0.05618241 0.0372212 0.02953004 0.0251712 0.01990206 0.01215232 0.008508462 0.006971282 0.006395704 0.006805312 0.006281228 0.005929936 0.005709183 0.004879953 0.005213847 0.01029134 0.006390779 0.005485083 0.006723937 0.004843709 0.006443381 0.07031625 0.005007609 0.01039852 0.03707667 0.06605683
