contrib/geomasonDemos/riftland/DataFiles/RainData/31.txt
ncols         56
nrows         54
xllcorner     28.264
yllcorner     -5.7719999999999
cellsize      0.25
NODATA_value  -9999
[rows 25 to 49 of 54, columns 0 to 55 of 56]
0.1093048 0.09386312 0.07998938 0.06829558 0.07660908 0.08494996 0.07725262 0.05357323 0.04845103 0.04084766 0.03818252 0.04755422 0.05280159 0.06398692 0.05332641 0.06036052 0.05443329 0.05288677 0.05942051 0.07709965 0.09117776 0.08107519 0.09706798 0.1092218 0.1329064 0.1525451 0.125513 0.1284995 0.1217656 0.1189696 0.08128764 0.07872943 0.04852641 0.04769769 0.03703768 0.01531563 0.01011233 0.006784305 0.005547584 0.004193842 0.003294357 0.005237413 0.00487736 0.006219264 0.006696679 0.00670717 0.006817031 0.006194008 0.006064203 0.005574488 0.005198692 0.005091981 0.004775938 0.02642947 0.0211575 0.0189617
0.0777877 0.0882327 0.09214622 0.07859596 0.08505634 0.08767831 0.06720942 0.03760494 0.04720282 0.05043488 0.03972545 0.04795896 0.04508681 0.04500089 0.04396235 0.06117877 0.05728423 0.06330223 0.08021613 0.07962366 0.08726282 0.08116516 0.08141979 0.111195 0.1067244 0.1000109 0.107373 0.1179021 0.1446787 0.1217099 0.1291453 0.07926256 0.07423847 0.05190014 0.03513452 0.0169381 0.01160926 0.007973338 0.00783864 0.006836012 0.007279437 0.008755477 0.005468671 0.006755171 0.007152201 0.007146329 0.006960353 0.006660392 0.006504231 0.00604465 0.005722962 0.03839816 0.02446409 0.005288359 0.05077341 0.007938622
0.08533692 0.06524109 0.08983748 0.06617896 0.06875949 0.0755414 0.05440098 0.03685359 0.03710951 0.03902225 0.04333202 0.04761735 0.04716792 0.0425423 0.03887891 0.05154759 0.0545824 0.06298073 0.06765676 0.08602852 0.1013873 0.1010805 0.1047749 0.1299715 0.1148753 0.1207486 0.1173069 0.1287479 0.1380787 0.1524541 0.1437206 0.1061902 0.105216 0.05403699 0.04467809 0.02826232 0.02414379 0.01612228 0.01025831 0.008287264 0.005724134 0.005838425 0.006502167 0.005841696 0.006102577 0.006041824 0.005711492 0.008090788 0.005418873 0.005210351 0.006466585 0.01491733 0.04662291 0.03917234 0.02517098 0.01371284
0.1122244 0.09074039 0.08186676 0.0612289 0.0676055 0.07537609 0.06008803 0.03623961 0.03081888 0.02892363 0.03090887 0.03788276 0.03673264 0.03807817 0.0416045 0.03874763 0.05000085 0.05499407 0.05664268 0.06700906 0.08861141 0.08804285 0.1053928 0.1212735 0.1330043 0.1527283 0.1628664 0.1949121 0.1874977 0.1880642 0.1321735 0.09834912 0.09457635 0.07193819 0.04825075 0.02313375 0.01529679 0.01072438 0.008797482 0.007207699 0.006585646 0.006396229 0.006983658 0.006270278 0.006645744 0.006372127 0.006210758 0.00590244 0.006046898 0.005724648 0.006097706 0.0133857 0.03219945 0.03419258 0.0552055 0.02326322
0.1060923 0.1011419 0.1006443 0.04540784 0.03895246 0.04770543 0.04803026 0.02680475 0.0212913 0.01917046 0.01973598 0.02328168 0.02613628 0.03519032 0.04067562 0.04362666 0.04585288 0.04443284 0.04696187 0.06083879 0.07607201 0.07802764 0.08911152 0.09163444 0.1450676 0.2003128 0.1930289 0.2325054 0.1948238 0.1893026 0.1447028 0.1180258 0.09060352 0.08239962 0.05638727 0.03087796 0.01585608 0.01119279 0.009194828 0.007539853 0.006900418 0.006643099 0.007191797 0.00638769 0.006419967 0.006409445 0.006834226 0.006350436 0.006432224 0.006485787 0.006862336 0.01073027 0.01099603 0.02423131 0.04970485 0.02695534
0.1044782 0.1007024 0.1179273 0.03664677 0.02504651 0.01913877 0.01840835 0.0149143 0.01290085 0.01466478 0.02046936 0.02445279 0.02636816 0.03137881 0.03573958 0.03005875 0.03493208 0.03928824 0.04240237 0.05126554 0.06480698 0.06504107 0.07189469 0.09552918 0.1600625 0.1972137 0.1955973 0.2096036 0.1903027 0.1786087 0.1357835 0.125189 0.1214427 0.1004432 0.0591767 0.02259596 0.02664768 0.01104148 0.01026424 0.007497742 0.006926245 0.006747222 0.007378858 0.006584053 0.006683807 0.006894541 0.007360149 0.007242901 0.007786856 0.008412445 0.009025545 0.01632616 0.01977384 0.02160401 0.02076547 0.02959043
0.07214724 0.07967602 0.05383324 0.01792438 0.01227813 0.009664563 0.009780371 0.009578374 0.009489874 0.009300875 0.01377402 0.02148387 0.02120645 0.02285856 0.02375939 0.01705937 0.02295545 0.02644634 0.02647736 0.05288858 0.06127612 0.07047723 0.08039188 0.07762643 0.1233346 0.1717329 0.1908753 0.1745402 0.1606761 0.1337356 0.109829 0.1026259 0.09822623 0.1265913 0.06166248 0.03568798 0.05200189 0.01327457 0.01093497 0.006948241 0.006609368 0.006507994 0.007290065 0.007679795 0.008146594 0.009476745 0.01051878 0.01951815 0.01724014 0.01516889 0.01881301 0.0263982 0.02711425 0.01797897 0.01992947 0.035224
0.0510075 0.0527778 0.03254398 0.01144049 0.007963778 0.008180779 0.008344701 0.006576716 0.00584645 0.006125432 0.008495172 0.0129384 0.014719 0.01807184 0.02112921 0.02025865 0.02550227 0.0396277 0.03179583 0.04391523 0.0533028 0.06962005 0.08377699 0.08058813 0.1031328 0.218674 0.2039997 0.1743902 0.1298959 0.1290752 0.1287067 0.1094294 0.105607 0.08368517 0.04367553 0.02710663 0.02057488 0.01290694 0.01066431 0.006783057 0.006549586 0.006633965 0.007512104 0.007927475 0.008446899 0.0102818 0.009924519 0.01296979 0.01439761 0.01552412 0.01707424 0.01790529 0.0171591 0.02519257 0.02289383 0.03222179
0.04338296 0.04193366 0.01420756 0.006737484 0.006239038 0.006258176 0.006631666 0.005418645 0.004585438 0.004697267 0.006337248 0.01063616 0.01242788 0.02031552 0.02403357 0.02786411 0.0615805 0.04665129 0.05630462 0.05433629 0.0495071 0.05524925 0.07279378 0.07893944 0.1174202 0.1785199 0.1499972 0.1398765 0.1217907 0.1039983 0.1115426 0.07952584 0.07126366 0.0613195 0.03932879 0.02540171 0.01701397 0.01249352 0.01019278 0.006485062 0.006592738 0.007593067 0.009172643 0.008611497 0.01087474 0.01133374 0.01282119 0.01473153 0.01623605 0.01796364 0.01960521 0.01624905 0.02272124 0.04318996 0.03531221 0.02959374
0.02990292 0.02741675 0.01741579 0.00645304 0.007457684 0.006618191 0.005471322 0.004189133 0.004348441 0.005069642 0.006045151 0.008873371 0.01134059 0.01624255 0.02776801 0.05116246 0.05397551 0.05959631 0.06015759 0.06233666 0.05037811 0.0714813 0.07047755 0.0572737 0.1193954 0.1553831 0.08970774 0.1089413 0.1069738 0.09113083 0.06638317 0.05880377 0.04725399 0.0434742 0.03488985 0.02036089 0.01420659 0.01052794 0.00933939 0.005933475 0.006439584 0.007442798 0.009484831 0.009556641 0.01061278 0.0122589 0.01404756 0.01891975 0.01965945 0.02153262 0.02261257 0.01505461 0.02726534 0.03187083 0.03282131 0.02339092
0.0403398 0.03012072 0.01510986 0.00860105 0.005771439 0.00504793 0.004374275 0.003989111 0.003125915 0.003516527 0.004562936 0.009922737 0.01544606 0.02791073 0.02304043 0.05763004 0.06343531 0.04399007 0.03222374 0.0321039 0.02921868 0.04032237 0.05426586 0.06099004 0.08010508 0.1140404 0.06622594 0.09088378 0.08447748 0.06176537 0.05467908 0.03949839 0.03131245 0.02653109 0.02242459 0.01488859 0.01079037 0.007981519 0.007154502 0.005807249 0.006298692 0.007567555 0.01019698 0.01382656 0.01585432 0.01860421 0.02220169 0.0288706 0.03262502 0.03787048 0.03875915 0.03726286 0.04543646 0.05492442 0.04705778 0.03724396
0.03131237 0.02054294 0.004708647 0.004963033 0.004620955 0.00380427 0.003843164 0.002748315 0.002472743 0.002729126 0.003577986 0.007862781 0.009199094 0.01392575 0.04143427 0.06296758 0.06097929 0.02398163 0.008662289 0.02062949 0.028896 0.03464207 0.02926078 0.03575282 0.07883883 0.081046 0.07732755 0.07452591 0.05762461 0.05933144 0.04698545 0.03173092 0.02489761 0.02059637 0.01773078 0.01133278 0.008854297 0.006765096 0.006002403 0.004760624 0.006006148 0.008129034 0.01139244 0.01598024 0.01873856 0.02210503 0.02623375 0.03520235 0.04897418 0.04715975 0.04974995 0.04094451 0.03979452 0.04483783 0.03833625 0.02639898
0.0330601 0.02273674 0.00707604 0.003404498 0.003313187 0.003283438 0.002933046 0.002212164 0.002005714 0.002158984 0.002656558 0.004024753 0.01014449 0.01841538 0.02175497 0.03554034 0.0303475 0.03053098 0.01390999 0.0220997 0.01355119 0.01706254 0.02304598 0.02394287 0.06817964 0.08393007 0.07062587 0.07474704 0.05943585 0.0462263 0.0398553 0.0251594 0.02018753 0.01638848 0.01330114 0.009093391 0.006027873 0.005164301 0.005007707 0.004514392 0.006267345 0.008758249 0.01251828 0.0179407 0.02133499 0.02532001 0.02962007 0.0373075 0.06228378 0.06737208 0.04872065 0.04344522 0.04384996 0.04439028 0.05095318 0.01991935
0.02556693 0.0209105 0.005212257 0.002847091 0.002693706 0.002518559 0.002302294 0.001719999 0.001783299 0.001641155 0.002183743 0.006941616 0.01397413 0.01743774 0.01801401 0.04098922 0.02642643 0.01889982 0.007739555 0.00994545 0.01063783 0.01335103 0.01880593 0.02779323 0.0465499 0.06551392 0.04785759 0.05297105 0.04676201 0.03903418 0.03119712 0.02055206 0.01683035 0.01372922 0.01182491 0.00732838 0.005104744 0.004097818 0.004216149 0.004881635 0.006416891 0.009171514 0.0134049 0.01951565 0.02362854 0.02777588 0.03253247 0.04140916 0.06254692 0.07588037 0.05200355 0.04460149 0.04737287 0.04696714 0.04021887 0.01733871
0.02162392 0.01693199 0.003169423 0.001474045 0.001294943 0.001169649 0.001168445 0.0005006557 0.0004918799 0.0004628819 0.003477026 0.01200786 0.016757 0.01752841 0.01986239 0.02151316 0.01966968 0.02837284 0.007256413 0.003466486 0.005356898 0.004684122 0.007883007 0.009449198 0.01296691 0.009148245 0.008218898 0.01874066 0.02412562 0.02015378 0.01615478 0.0156851 0.01215992 0.009465811 0.008160385 0.005403184 0.003899524 0.003273026 0.003569456 0.004853113 0.00654367 0.00950283 0.01435079 0.0263397 0.03309214 0.04306726 0.04376877 0.05479713 0.076882 0.07945807 0.06413905 0.07733211 0.07532213 0.05716181 0.0571845 0.01375
0.02128975 0.01331287 0.003744939 0.001108475 0.0009021531 0.001146063 0.0006648488 0.0002921945 0.0003922607 0.0002581259 0.0003179318 0.003248704 0.009829887 0.01433924 0.01717462 0.01749722 0.01373027 0.009120283 0.0006283253 0.001854199 0.001942476 0.002755966 0.004581361 0.01727161 0.007342148 0.006994553 0.01030639 0.01631071 0.01959971 0.01164963 0.01034021 0.0114248 0.008999828 0.007470375 0.005965755 0.004034068 0.00297063 0.002860435 0.00345387 0.004983271 0.006983836 0.01014373 0.01599454 0.03791155 0.04366917 0.04887768 0.05323425 0.06377961 0.07745784 0.06765193 0.06997044 0.07434175 0.06037335 0.06501013 0.06095161 0.01512097
0.01990217 0.008918294 0.002454408 0.0008627904 0.0008494056 0.0005148345 0.000422668 0.0001781277 0.0001291484 0.0001263054 0.0001707408 0.0003899667 0.0005094438 0.005974506 0.007780787 0.008420466 0.006999723 0.001882924 0.001948413 0.001653028 0.002869255 0.003000239 0.002420252 0.005482583 0.003097464 0.004583193 0.004461221 0.009301089 0.01006596 0.008667308 0.00785917 0.00843607 0.006824964 0.005927368 0.004922063 0.003287182 0.003278975 0.003275848 0.003549539 0.006577269 0.009130501 0.01288756 0.02335823 0.04546186 0.05091634 0.05340512 0.06394085 0.06999081 0.06878321 0.08950526 0.07344436 0.05796633 0.06104099 0.0629398 0.05452899 0.01512097
0.02127741 0.01240789 0.001508768 0.0007423616 0.0005675309 0.0008086312 0.000375596 0.000162033 0.0001223263 0.0001162135 0.000144496 0.000313435 0.000364547 0.0003630165 0.0003561058 8.082081e-005 0.0002394078 0.0001062459 0.002766743 0.002476688 0.00109613 0.001327954 0.001801887 0.004741833 0.001800818 0.001493966 0.001796034 0.00788901 0.007191129 0.007853736 0.008426549 0.006868823 0.005803375 0.005480372 0.004330635 0.005124022 0.0109887 0.004127699 0.007344846 0.01036649 0.0111982 0.01372534 0.01846463 0.03679983 0.03949849 0.0425812 0.04797385 0.05162463 0.06101525 0.07432967 0.08219174 0.06095388 0.06821834 0.06592816 0.05600592 0.01060484
0.03094009 0.02778168 0.01048981 0.003769888 0.002225607 5.553856e-005 4.772639e-005 4.596637e-005 3.677031e-005 3.390412e-005 3.770531e-005 0.0001599404 0.000174918 0.000168655 0.00014169 3.094436e-005 0.0006776149 1.450753e-005 2.825598e-005 3.232795e-005 0.0002775308 6.94488e-005 0.0001121517 0.004574582 0.0003826131 0.0004455255 0.0004895522 0.001065397 0.001156553 0.001330004 0.001221861 0.004998691 0.004887044 0.007217307 0.006979675 0.01239623 0.08136649 0.01364213 0.00969308 0.01256462 0.01281442 0.01253789 0.01691187 0.03569378 0.04042499 0.05121394 0.0544116 0.05624256 0.06195531 0.08986949 0.06305832 0.04645161 0.04334677 0.03399194 0.02810484 0.02197581
0.01548383 0.01392198 0.005114732 0.0007329208 0.001122105 4.613579e-005 4.071078e-005 4.093747e-005 3.462928e-005 3.081132e-005 2.937946e-005 0.0001078342 0.0001024564 9.064264e-005 7.256796e-005 0.0001273432 0.0002767589 5.235281e-006 9.974409e-006 1.138083e-005 1.50596e-005 2.720832e-005 4.777522e-005 0.0002929089 0.0001775753 0.0002198904 0.0004363608 0.0007448654 0.001409867 0.001066098 0.001059751 0.007097673 0.008361866 0.008112349 0.007975616 0.008675237 0.007991951 0.006116859 0.006934855 0.008699517 0.009625296 0.01291587 0.01779142 0.04867592 0.04114557 0.04859358 0.05682356 0.06421134 0.06686112 0.06029361 0.05587595 0.04008064 0.02915322 0.01943548 0.01842742 0.0228629
0.006109994 0.004959863 0.001741708 0.0005782277 4.733877e-005 3.790731e-005 8.633907e-005 3.513122e-005 3.056659e-005 2.652374e-005 0.0005292037 7.341247e-005 5.893883e-005 4.55977e-005 0.0002702639 2.344311e-005 0.001339703 5.117429e-007 8.155193e-007 8.619538e-007 1.094196e-006 5.493562e-006 1.407354e-005 0.0002095424 6.332505e-005 9.316115e-005 0.0003785479 0.0003598229 0.0004417334 0.001037014 0.002826222 0.007417235 0.006495389 0.005960769 0.006669343 0.006603963 0.007005227 0.007694805 0.008871543 0.0104004 0.0134151 0.01493166 0.01887797 0.05148336 0.04105531 0.0464646 0.05682893 0.06877492 0.07502081 0.06475852 0.05512422 0.02641129 0.02383064 0.02528226 0.02262097 0.02245968
0.002843762 0.0007011669 0.0001445681 5.245625e-005 3.936722e-005 3.095279e-005 0.0001848957 2.832978e-005 2.440166e-005 2.1033e-005 1.790569e-005 5.650503e-005 4.413191e-005 0.0004114886 2.476878e-005 1.632036e-006 7.157715e-007 3.954372e-007 6.723877e-007 7.298598e-007 9.456697e-007 4.502218e-006 1.141979e-005 3.744308e-005 5.158018e-005 7.673443e-005 0.0001118154 0.0003026907 0.0009605882 0.00258494 0.003803912 0.005064449 0.00731288 0.007276784 0.007769622 0.007889804 0.008836308 0.01015914 0.01182175 0.01338311 0.01665818 0.01795082 0.02082731 0.04173099 0.04517281 0.04571804 0.05428421 0.06163923 0.05042597 0.05630051 0.0617432 0.02834677 0.02092742 0.02818548 0.02616935 0.02100807
0.004616062 0.002938327 0.00309787 2.674046e-005 1.931419e-005 1.459063e-005 0.0001344683 0.0001119582 1.126543e-005 9.5574e-006 7.922434e-006 0.002398405 0.002422948 8.263207e-005 6.985104e-006 0.0001675066 0 0 0 3.187793e-006 3.823378e-005 1.867068e-005 0.002440445 0.0009066377 5.008347e-005 7.576423e-005 0.0001128791 0.0002250793 0.001563673 0.002782879 0.004537196 0.005590417 0.006714811 0.007877223 0.009116919 0.01095797 0.01226752 0.01420468 0.01652907 0.02558654 0.03095908 0.03020705 0.03500284 0.0640354 0.05478035 0.06788483 0.06601107 0.03556452 0.04895161 0.04987903 0.06983871 0.02858871 0.02407258 0.02774193 0.03604839 0.03580645
3.065202e-005 2.598252e-005 2.079304e-005 8.965807e-005 1.445522e-005 1.023778e-005 8.946407e-006 9.041724e-006 0.001628162 0.002343864 0.0006950428 0.0015562 0.000891495 0.0001257047 3.042148e-006 0.0003571112 0 0 0 2.49306e-006 3.739077e-005 0.0004073475 0.00136995 0.004334678 3.46562e-005 5.425238e-005 8.407651e-005 0.0007256626 0.002237802 0.003425985 0.005125936 0.005791153 0.006945019 0.008213609 0.009715506 0.01198621 0.01392936 0.01632526 0.0196576 0.02830791 0.03220328 0.03355676 0.03678868 0.06641556 0.05964856 0.06468491 0.06903459 0.03665322 0.05947581 0.05508065 0.04633064 0.02903226 0.03306451 0.01915323 0.01149193 0.01717742
0.000788042 2.211161e-005 0.0005341882 1.758783e-005 1.907949e-005 7.908911e-006 6.758703e-006 1.417249e-005 0.00141273 4.079545e-006 3.087969e-006 5.714435e-006 2.648719e-005 1.126475e-005 9.435832e-007 0 0 0 0 2.009019e-006 3.684063e-005 9.768107e-006 5.99777e-005 1.758058e-005 2.422995e-005 3.912925e-005 6.2731e-005 0.001344378 0.002852787 0.003964198 0.005492537 0.005854194 0.0069618 0.008297115 0.00997614 0.01285425 0.01512733 0.0178125 0.0208982 0.02953024 0.03667416 0.04371466 0.0490224 0.06452654 0.06474548 0.07084292 0.07193478 0.04145161 0.06173387 0.03766129 0.02737903 0.02762097 0.02725806 0.01879032 0.02516129 0.01790322
