contrib/geomasonDemos/riftland/DataFiles/RainData/31.txt
ncols         56
nrows         54
xllcorner     28.264
yllcorner     -5.7719999999999
cellsize      0.25
NODATA_value  -9999
[rows 0 to 24 of 54, columns 0 to 55 of 56]
0.1893045 0.2131031 0.2599421 0.2391877 0.1915512 0.163938 0.1610844 0.1175608 0.1531064 0.2060298 0.2113928 0.189957 0.1694844 0.1474708 0.1336166 0.1693339 0.1059583 0.1227969 0.1581762 0.2324 0.1332842 0.1674359 0.2317461 0.2166728 0.2145872 0.1496584 0.1228537 0.1456221 0.2196541 0.2365199 0.2300422 0.2015276 0.2208989 0.1874555 0.2601715 0.1952896 0.1383466 0.1205105 0.08888898 0.0621111 0.1170349 0.06522524 0.05198971 0.1059905 0.1556848 0.1568715 0.1030742 0.084222 0.05167165 0.01943061 0.003636335 0.003060756 0.003536226 0.001815881 0.001853035 0.0004941739
0.2208145 0.249539 0.2815353 0.2396593 0.205033 0.2007607 0.1867701 0.245675 0.2110913 0.221683 0.2040449 0.1909144 0.1848328 0.1607889 0.1400102 0.1489402 0.1140746 0.1399586 0.1777423 0.2039247 0.1741343 0.176595 0.1516226 0.1504933 0.206364 0.1129355 0.08891638 0.1221472 0.1333838 0.183999 0.1668211 0.1873715 0.1824349 0.1832545 0.1568869 0.1543775 0.163443 0.1588344 0.08016485 0.0553786 0.09112421 0.09934962 0.08580054 0.135366 0.2314922 0.1295703 0.08693817 0.05733036 0.0592251 0.01660714 0.00198687 0.001794198 0.003980822 0.002701943 0.004020737 0
0.2533108 0.2411475 0.2434466 0.1923295 0.186084 0.1764942 0.1905012 0.2167958 0.2122169 0.2055546 0.1323745 0.1339912 0.1408138 0.1249948 0.1017846 0.1183159 0.1497548 0.1562873 0.1506844 0.1289025 0.1634156 0.1678847 0.1866557 0.1650877 0.1989548 0.09939931 0.114128 0.08929585 0.1151148 0.1168801 0.1133564 0.1238053 0.182546 0.1833214 0.1599199 0.106494 0.150018 0.1946848 0.1468478 0.1420514 0.1538056 0.153636 0.1462422 0.2208987 0.1992016 0.1446609 0.1250788 0.06669606 0.05189193 0.002153012 0.00404815 0.003416623 0.001417733 0.003148811 0.005703758 0
0.2301274 0.1583099 0.1656287 0.1472497 0.1432836 0.1723714 0.1798623 0.1957655 0.1667829 0.190612 0.1441168 0.1343386 0.1213107 0.1026354 0.08107696 0.1078126 0.1181988 0.1443187 0.1576446 0.1616411 0.1573057 0.115698 0.1428281 0.1945615 0.2615946 0.1781208 0.1717595 0.1438572 0.09229064 0.1038962 0.1124494 0.1372093 0.1757866 0.2560636 0.2240649 0.1976986 0.2247094 0.1930049 0.1441085 0.1522079 0.1448685 0.1755813 0.2311673 0.2190026 0.2349129 0.1632001 0.1021565 0.03073347 0.01650379 0.004410758 0.004066447 0.003374072 0.003071421 0.002742358 0.002441219 0.004176957
0.1994013 0.1554621 0.144498 0.1681615 0.1635437 0.1762547 0.1543171 0.1908402 0.1730464 0.1878338 0.1686962 0.1657747 0.1476782 0.1209373 0.0876953 0.1320455 0.129173 0.1123711 0.1346412 0.2327726 0.2532557 0.1903263 0.1065281 0.1473277 0.2401907 0.1446623 0.08259009 0.0732964 0.1154468 0.1062604 0.1237787 0.1427425 0.2215234 0.3355458 0.3597522 0.1997138 0.1595167 0.1776886 0.1334892 0.1251999 0.1402583 0.1686673 0.1839644 0.1914584 0.131152 0.05613927 0.01509099 0.0129201 0.007842231 0.003671431 0.003338699 0.003432896 0.00239815 0.003440405 0.01066783 0.02161215
0.1756709 0.2122101 0.2725561 0.2237822 0.1537904 0.1863315 0.1693857 0.1777069 0.1536365 0.1440787 0.1326702 0.153715 0.1463003 0.1457215 0.1233529 0.1562785 0.1786243 0.128972 0.1153147 0.1491477 0.1695563 0.1288883 0.08346552 0.1905436 0.1865844 0.1991132 0.1250475 0.06423392 0.114686 0.1002477 0.09623633 0.1199245 0.160947 0.2033781 0.2587025 0.1463063 0.1291015 0.09265649 0.03520909 0.06421282 0.09474376 0.07887028 0.1230878 0.1969565 0.03943495 0.006839503 0.004087269 0.003577851 0.003259909 0.002976138 0.002659717 0.005438417 0.006387538 0.008115746 0.01208652 0.01547232
0.1968673 0.2349905 0.2703374 0.2696039 0.2102871 0.2023392 0.1742069 0.152808 0.1509703 0.1451476 0.1093744 0.131151 0.1122487 0.118731 0.1450852 0.1730285 0.1753705 0.1788218 0.1385899 0.1225022 0.1335367 0.145704 0.1164499 0.1819474 0.1468011 0.1125397 0.0855502 0.08545657 0.1090814 0.06985876 0.07420276 0.109973 0.1740715 0.1664665 0.1068747 0.07594642 0.06859009 0.05319609 0.02971062 0.06459112 0.08095606 0.03486168 0.03769201 0.026992 0.02949077 0.003472026 0.003202185 0.002784499 0.002905714 0.002987539 0.004984164 0.008041689 0.01137186 0.01413684 0.01848211 0.01975337
0.1955082 0.1983631 0.1888373 0.1993024 0.1981399 0.203217 0.1522888 0.1529621 0.1443279 0.1301152 0.1046877 0.1247162 0.09710054 0.1252726 0.1816722 0.1967742 0.1621957 0.1662062 0.2067876 0.1749925 0.1865651 0.1696545 0.1331708 0.150646 0.1022003 0.07884835 0.07025871 0.07566804 0.05767104 0.05391163 0.1693278 0.1956904 0.1570996 0.09013902 0.08005561 0.03726098 0.03850631 0.0171149 0.05849634 0.08210175 0.06419779 0.006766005 0.004133241 0.003976341 0.003997319 0.001689954 0.001559401 0.001150006 0.001936101 0.007960058 0.01075469 0.01338556 0.01607269 0.01836806 0.02068348 0.02263005
0.1649579 0.1603314 0.1663039 0.2071573 0.172112 0.1565455 0.139233 0.1618641 0.1649728 0.1490193 0.08997753 0.1238702 0.1123625 0.1243929 0.1979658 0.1844718 0.1762162 0.2210987 0.2368381 0.1985252 0.1566303 0.1276476 0.119432 0.1220743 0.08282565 0.02701468 0.02959098 0.04637798 0.02540893 0.03314483 0.05795452 0.05914354 0.04947863 0.05949232 0.08978257 0.03710251 0.02953056 0.009695737 0.01657298 0.02494383 0.01616361 0.006404564 0.006055179 0.007253941 0.005506355 0.001041358 0.0009367387 0.001991261 0.009231382 0.01717906 0.01743985 0.01831734 0.02041734 0.02216663 0.02377606 0.02509584
0.1066903 0.103894 0.1311154 0.1668831 0.1546006 0.1425591 0.1280251 0.1336674 0.0990611 0.1178327 0.107064 0.1030013 0.147487 0.1618763 0.2020336 0.1442929 0.181449 0.1847011 0.1733608 0.1831335 0.1359132 0.1072437 0.08674888 0.09401876 0.08186489 0.01921063 0.02223982 0.04494917 0.01736795 0.0278913 0.03087732 0.04521777 0.03345579 0.0288334 0.02758334 0.02532814 0.01310989 0.009372827 0.01401777 0.01236062 0.004709765 0.005058946 0.00421319 0.005733792 0.0007152918 0.0006502162 0.002264905 0.006700075 0.01666571 0.02301355 0.02298953 0.02104095 0.02247174 0.02379574 0.0249009 0.02587258
0.1155773 0.1052421 0.1085491 0.1225993 0.1321189 0.1396669 0.1332488 0.1212539 0.1256282 0.142214 0.1074851 0.1460915 0.182953 0.2161828 0.240491 0.1463874 0.1463236 0.1882337 0.1345171 0.1113963 0.1269233 0.1182953 0.07781927 0.09938893 0.08154637 0.03285447 0.03463702 0.01827112 0.009129671 0.003421895 0.02579387 0.02526208 0.01277058 0.008418938 0.0023694 0.000659344 0.00667115 0.0007093633 0.01004238 0.002555246 0.005394297 0.003510617 0.001456129 0.0009477047 0.0007754127 0.0008646268 0.004689823 0.01004367 0.01905029 0.0234838 0.02013397 0.02172477 0.02252271 0.02338958 0.02398719 0.02456372
0.1026511 0.07374381 0.07423211 0.08755858 0.1120485 0.1061673 0.1062018 0.1442441 0.1372427 0.1393064 0.1140492 0.1033424 0.1100941 0.1950984 0.1732775 0.1693392 0.1602398 0.1475895 0.1366411 0.1202646 0.09269106 0.07601906 0.05592477 0.05364521 0.02851463 0.02747085 0.02287228 0.02079524 0.005498242 0.002207481 0.001945888 0.003794609 0.005354896 0.003822244 0.00259185 0.0007564816 0.003909733 0.01007322 0.00679802 0.01163235 0.01033892 0.008109669 0.007724611 0.007262039 0.006896651 0.007618562 0.009059541 0.01575985 0.01357094 0.01506064 0.0134729 0.01562349 0.01554402 0.01566056 0.01565458 0.01539878
0.1212358 0.1020127 0.08043823 0.1047657 0.107094 0.1153558 0.1089781 0.1409217 0.1385286 0.157172 0.1637459 0.1613157 0.135848 0.1346869 0.1100272 0.1122244 0.07776786 0.08997945 0.08348601 0.1255567 0.1056566 0.06247479 0.02491117 0.02124907 0.02796001 0.01418482 0.02355122 0.02529175 0.004624826 0.001537106 0.001087211 0.001459747 0.001553853 0.001178541 0.001608796 0.001823856 0.008233779 0.004518514 0.001581753 0.005793353 0.006274325 0.00640753 0.006196138 0.005888062 0.006113988 0.007809001 0.009109525 0.01223827 0.01135603 0.0126685 0.01299905 0.01599237 0.01465885 0.01452561 0.01430643 0.01402295
0.1397875 0.1287313 0.1175054 0.1196311 0.1513039 0.1573758 0.1169666 0.1167884 0.1482109 0.152767 0.1425437 0.1628366 0.1357508 0.1026192 0.0768882 0.07009847 0.08524763 0.08666386 0.09540398 0.1337168 0.1061529 0.07820559 0.05388421 0.03703862 0.02656269 0.009795113 0.01048901 0.006285235 0.002893411 0.001232257 0 0.0007592515 0.0004895304 0.0007210446 0.001067531 0.001405936 0.00111989 0.0005220447 0.0006004438 0.004693641 0.005224459 0.005429932 0.00531543 0.005109102 0.005972477 0.007577784 0.008708554 0.009559522 0.01048769 0.01157732 0.01149799 0.01629384 0.01586826 0.01286858 0.01253155 0.01219026
0.130408 0.1286363 0.1153164 0.1548988 0.1593978 0.1332992 0.1141373 0.167325 0.1705576 0.1616907 0.155644 0.1446018 0.1313246 0.1153028 0.1095199 0.1189543 0.1129028 0.1313616 0.1012817 0.09072189 0.08943247 0.08768852 0.07732844 0.0655124 0.02266066 0.009196971 0.01974943 0.01771198 0.005830748 0 0 0.0004138271 0.0004815445 0.0006753244 0.002572954 0.001602559 0.0004027881 0.0004850987 0.0005651369 0.004442493 0.004981237 0.005223002 0.00515339 0.005004309 0.005939619 0.007296357 0.008228272 0.008949461 0.00947982 0.01108936 0.009743414 0.01119326 0.01081082 0.01048127 0.01015176 0.009887985
0.1327425 0.1622861 0.1066962 0.1270753 0.1158626 0.1161494 0.1131898 0.1579043 0.1646341 0.1206337 0.1100714 0.1087823 0.1166484 0.1111205 0.09959618 0.1088492 0.104421 0.074986 0.07876181 0.09494185 0.1024797 0.07868903 0.06174387 0.03202512 0.01382255 0.007173993 0.006789526 0.009961998 0.003112806 0.001080607 0.001485264 0.0004888406 0.000511499 0.0006767711 0.0009846663 0.00203508 0.002494108 0.003024769 0.003597821 0.00710329 0.008003975 0.00843545 0.008430857 0.005999933 0.006046679 0.007158866 0.007671095 0.008403182 0.008646889 0.008780679 0.008341996 0.008960078 0.00856117 0.008216292 0.007979651 0.00873768
0.1437824 0.1269 0.1251249 0.1027203 0.09413597 0.1181051 0.09785058 0.1651204 0.1944854 0.1150598 0.1225148 0.1066792 0.08514564 0.07415875 0.08383135 0.1297244 0.1107084 0.07175814 0.07091166 0.1122502 0.1144614 0.07263954 0.07720025 0.05269049 0.01920596 0.01160226 0.006496111 0.003061828 0.003067391 0.00145934 0.0007175183 0.0005302814 0.0005024725 0.000625476 0.001022622 0.00193961 0.002256551 0.002761677 0.003364898 0.006671592 0.01229666 0.008159212 0.008138079 0.005847559 0.005861693 0.006038419 0.007490537 0.007996738 0.007538852 0.0075752 0.007027743 0.007249755 0.006875089 0.006499864 0.006355654 0.006098909
0.1697454 0.1565365 0.1457173 0.1717232 0.1339755 0.1265222 0.08982724 0.1465019 0.1516139 0.1188688 0.1183163 0.09221056 0.05555147 0.0572568 0.0711089 0.1061934 0.1066317 0.0960997 0.09136802 0.1041616 0.07947119 0.08943764 0.1038252 0.07945254 0.03109985 0.02064861 0.007717039 0.002657046 0.001705733 0.002129731 0.002802558 0.007752641 0.001246746 0.001199233 0.00115179 0.002015084 0.002240041 0.002525581 0.003163954 0.006056069 0.00692575 0.007415841 0.007491965 0.005500597 0.005602311 0.005510909 0.005874249 0.007673655 0.006859178 0.006860879 0.006367241 0.006570284 0.006037866 0.005686418 0.005530881 0.005249245
0.2397389 0.1669149 0.1364653 0.156637 0.1506567 0.1408498 0.1685421 0.2052523 0.1606982 0.1249887 0.08987746 0.07077434 0.04707135 0.05554933 0.0651458 0.08670855 0.1177989 0.0798654 0.0782745 0.09877825 0.07443389 0.08090572 0.1053463 0.08951117 0.04466394 0.02609091 0.0156533 0.00314678 0.002485096 0.00200407 0.002470898 0.008798187 0.01153672 0.01038289 0.009128404 0.004719008 0.005893167 0.003850533 0.0027785 0.00530081 0.00599687 0.006385182 0.006470082 0.004839486 0.00476147 0.006597397 0.006010423 0.006489875 0.008334916 0.006474097 0.005935521 0.006968502 0.005521432 0.005165365 0.00497763 0.005234152
0.2291063 0.1675359 0.1568509 0.1871921 0.1418449 0.1405841 0.1441375 0.1182347 0.09473328 0.07483138 0.06903189 0.06154589 0.05610759 0.05944736 0.06119973 0.07238348 0.07021161 0.06866734 0.08618776 0.1194497 0.08354123 0.07557022 0.08022604 0.07226496 0.04551688 0.04024322 0.02680501 0.01697448 0.01434206 0.01216714 0.01182658 0.01026102 0.008077866 0.006454761 0.006221939 0.001844105 0.001408337 0.001292469 0.001485246 0.003746788 0.004181422 0.004421195 0.004490163 0.005237615 0.006238936 0.006754268 0.006637486 0.006036198 0.005723566 0.005267484 0.004663857 0.004427995 0.003799368 0.003448221 0.003281135 0.004116439
0.1856928 0.1387752 0.1207666 0.1719933 0.1591782 0.1295182 0.1148712 0.09904595 0.08445042 0.07043698 0.07603164 0.07779013 0.06278519 0.0652344 0.07471552 0.07480109 0.06914931 0.06207065 0.07114695 0.0987888 0.08740588 0.09443544 0.09438244 0.08257709 0.05639555 0.04015834 0.03385142 0.02182251 0.02131659 0.01767709 0.01459669 0.01413564 0.01250143 0.01012149 0.007536629 0.002135672 0.001443951 0.00115036 0.001273986 0.003105603 0.003382362 0.003552786 0.003610596 0.004815254 0.00576199 0.006199504 0.006249786 0.005427053 0.005034429 0.004479526 0.003890415 0.003698867 0.003131441 0.00353316 0.002756196 0.003976066
0.197965 0.1550565 0.1234183 0.1655857 0.1374213 0.1146127 0.1083681 0.08037898 0.06801796 0.07278097 0.04778124 0.03923384 0.03863996 0.05181053 0.05235087 0.06930259 0.07890905 0.07895078 0.0716834 0.0892391 0.1095629 0.1289145 0.1252283 0.1080393 0.08645512 0.05890206 0.05335623 0.03724552 0.03166467 0.02691802 0.02675654 0.02567769 0.02030412 0.02030085 0.01747628 0.007773313 0.00337125 0.001361118 0.001353101 0.003017066 0.003001813 0.002997602 0.003024042 0.004381299 0.005142764 0.005484296 0.005351217 0.004755594 0.005601751 0.005729284 0.003322349 0.002998702 0.002508635 0.002334966 0.002242988 0.002800562
0.1860117 0.1162244 0.1273895 0.1171471 0.1035179 0.08981369 0.1391073 0.05780218 0.05505179 0.05121831 0.03658855 0.02635686 0.03537022 0.04502925 0.05388664 0.06796145 0.07900327 0.09152718 0.0888398 0.09151708 0.1190995 0.124492 0.141932 0.1353159 0.114026 0.08757386 0.08820195 0.06900641 0.04973625 0.04407474 0.03706826 0.03243292 0.02880966 0.02720697 0.0266406 0.01156716 0.00577032 0.003305933 0.001733114 0.003459818 0.003641071 0.002791303 0.003887514 0.005018187 0.005576737 0.005646766 0.005327654 0.004346659 0.003949836 0.004297481 0.00384596 0.004712098 0.006666559 0.002477948 0.002371772 0.003130813
0.1265601 0.1092402 0.09807011 0.08489735 0.1065531 0.07885116 0.05332666 0.04214269 0.04151788 0.04237366 0.04145281 0.04681018 0.04501626 0.05615273 0.06256355 0.06255662 0.07196707 0.0794206 0.07303569 0.07860806 0.07794537 0.0991808 0.1058314 0.1288395 0.1286705 0.1297921 0.1175863 0.09009309 0.06687485 0.05146918 0.04344453 0.04617989 0.03823024 0.03633564 0.02803352 0.01337739 0.01443561 0.005551461 0.00407139 0.003308357 0.00262282 0.002687012 0.004000389 0.005816598 0.005699698 0.005870332 0.00571782 0.005282976 0.005081732 0.00471597 0.005446127 0.01236628 0.02012028 0.003771842 0.005209154 0.03026268
0.09051625 0.09566303 0.08708537 0.07083266 0.08870312 0.09180589 0.05096204 0.03940354 0.03725327 0.03975654 0.03645225 0.04378395 0.0494643 0.05933821 0.05793742 0.06596417 0.06083672 0.06058059 0.05902663 0.07029457 0.09279003 0.09562423 0.09195974 0.1165211 0.1295888 0.1307869 0.1420145 0.1264602 0.08955763 0.07159638 0.05836779 0.0669197 0.04435371 0.04211329 0.02766136 0.01330529 0.0087069 0.005780633 0.004793876 0.003682515 0.002660075 0.003265075 0.00445705 0.005712241 0.00626759 0.006358846 0.006154548 0.005774686 0.005644526 0.005142284 0.004722218 0.004941841 0.004326307 0.004220555 0.004121209 0.02374753
