contrib/geomasonDemos/riftland/DataFiles/RainData/33.txt
ncols         56
nrows         54
xllcorner     28.264
yllcorner     -5.7719999999999
cellsize      0.25
NODATA_value  -9999
[rows 0 to 25 of 54, columns 0 to 55 of 56]
0.1525585 0.156956 0.146298 0.135152 0.1064488 0.10061 0.1478149 0.2946452 0.2666682 0.1488112 0.1447638 0.1587961 0.1595533 0.1331271 0.1035969 0.2416412 0.2488715 0.2131614 0.2195825 0.3238161 0.3111584 0.2042104 0.1166895 0.1748147 0.1298365 0.1483679 0.1427764 0.1808857 0.1871962 0.1812685 0.1668463 0.2051945 0.2511652 0.2318261 0.245334 0.3054563 0.2951549 0.2536536 0.2865179 0.2490553 0.1421326 0.1147015 0.09386609 0.1242065 0.1458923 0.1210653 0.1685005 0.2315376 0.2298828 0.1749669 0.1552998 0.1316741 0.1206581 0.08722098 0.1324929 0.1300583
0.1670507 0.1568922 0.1524676 0.1472019 0.1204425 0.127112 0.1947154 0.283996 0.1507685 0.1091994 0.1291911 0.1919553 0.1313922 0.0620293 0.05177157 0.1376349 0.2233768 0.1907312 0.2342029 0.2957205 0.1723067 0.1407454 0.1142182 0.1483776 0.1821409 0.1210427 0.09766398 0.1490135 0.150304 0.1529813 0.110164 0.1639603 0.2077227 0.270067 0.2267071 0.2879671 0.2576538 0.2924615 0.2458893 0.2393745 0.1562591 0.1039686 0.1017046 0.1407408 0.1185455 0.08028784 0.1726637 0.2689978 0.2867353 0.190262 0.13721 0.1222151 0.1387257 0.07330447 0.07875853 0.09133682
0.1511749 0.1483519 0.1354668 0.1347534 0.1498795 0.1551688 0.1564959 0.1413326 0.1276546 0.09817697 0.1176752 0.1888349 0.1289304 0.1131205 0.108176 0.1713068 0.1754733 0.1545611 0.1570873 0.1811012 0.08847008 0.1050107 0.1345419 0.1995466 0.2472156 0.1120757 0.1381457 0.1706482 0.1286731 0.1145742 0.1028596 0.1687596 0.2173653 0.2381525 0.266187 0.3216364 0.3468522 0.2879043 0.1855548 0.2485159 0.178952 0.1561069 0.1676054 0.1114956 0.1112005 0.09264315 0.11025 0.2045173 0.1518089 0.1210711 0.1071002 0.07621264 0.06797325 0.02199743 0.04362086 0.02725871
0.1585619 0.1621444 0.1472633 0.1330926 0.1651847 0.1825211 0.1680316 0.1562526 0.1470497 0.1158605 0.1008565 0.110256 0.08232365 0.08314101 0.1059669 0.2183019 0.1418214 0.282705 0.1521771 0.2726629 0.1264085 0.1375549 0.1840747 0.2051509 0.1807885 0.08993643 0.0934203 0.111789 0.1137709 0.139592 0.1263755 0.1705295 0.1819991 0.212946 0.291829 0.3433727 0.335662 0.3095921 0.1462897 0.1959079 0.167081 0.246679 0.1794958 0.2256611 0.1859102 0.104658 0.1186036 0.1553189 0.1146037 0.05972287 0.05290256 0.02375265 0.02771037 0.03137977 0.0134737 0.01142733
0.1354586 0.1563189 0.1189485 0.1222799 0.1730687 0.1496463 0.1458016 0.1356992 0.1596035 0.1424425 0.110249 0.1264083 0.1282951 0.1253343 0.1466863 0.2173546 0.1821936 0.2443547 0.1839863 0.3357698 0.2698419 0.1409764 0.223694 0.1813102 0.1440702 0.09149022 0.05530885 0.0958534 0.09338249 0.1026344 0.1101916 0.1279549 0.1840007 0.2381336 0.2353057 0.2611308 0.248057 0.148798 0.1038144 0.1299186 0.1212598 0.152193 0.09437753 0.09343169 0.09733704 0.1089944 0.1033445 0.1112394 0.1399138 0.09725776 0.03640563 0.01542779 0.01313544 0.01189043 0.01218764 0.01276598
0.1303518 0.1299554 0.1174966 0.1179357 0.1310245 0.1423589 0.1250764 0.09833878 0.1106186 0.2330546 0.1159776 0.1428558 0.1064292 0.1187277 0.1707624 0.275242 0.1804785 0.16175 0.1299369 0.299227 0.2597964 0.1390218 0.2126676 0.1061136 0.1310655 0.1013945 0.05659171 0.1101327 0.1334351 0.08791821 0.08796711 0.1136789 0.1218673 0.1458603 0.15909 0.158686 0.122426 0.07659685 0.05256734 0.162095 0.128167 0.1003218 0.06315929 0.09099656 0.1522416 0.1497436 0.1250344 0.1558885 0.1420734 0.0452935 0.008283407 0.009535418 0.01137589 0.01622289 0.01878093 0.01484559
0.1486936 0.1569207 0.1505907 0.1260345 0.1438436 0.1121016 0.1137358 0.08415543 0.08797869 0.2108176 0.1707251 0.09444737 0.07650306 0.08666757 0.1188519 0.2569719 0.2203656 0.1564075 0.1006644 0.1945592 0.2059308 0.1380171 0.06920972 0.07893437 0.1191627 0.07686819 0.05811285 0.06749784 0.07711158 0.09065183 0.07139134 0.09471332 0.1018809 0.1440242 0.1176768 0.12152 0.09774526 0.03599487 0.06793457 0.111546 0.1348986 0.04989402 0.05787338 0.08514474 0.069189 0.1210483 0.1054108 0.1003632 0.09498483 0.01039366 0.008213191 0.01270201 0.01498797 0.01675343 0.01755623 0.01782742
0.2013796 0.2068439 0.1750872 0.1322279 0.1205407 0.1187443 0.1173795 0.1006468 0.12399 0.1758205 0.1331552 0.108699 0.09773099 0.09949691 0.09261093 0.1375813 0.1364959 0.1215798 0.1124047 0.1418192 0.1491373 0.09175566 0.08924743 0.1100925 0.0830735 0.05102681 0.05363215 0.05556937 0.06345008 0.07424545 0.07528604 0.09249603 0.1408102 0.1489044 0.08791124 0.08363273 0.06545588 0.06686868 0.07150473 0.08635684 0.07013799 0.06800298 0.09207962 0.06291753 0.05386677 0.06336448 0.04928366 0.05032129 0.00584564 0.009581469 0.02084074 0.02816141 0.02180104 0.02269614 0.01905697 0.01896147
0.1873917 0.1893624 0.1635477 0.1954271 0.1813879 0.1248075 0.1336846 0.0985724 0.1226618 0.1594921 0.1346177 0.1460613 0.1260315 0.1002769 0.09542745 0.1191039 0.1006085 0.09771456 0.1066308 0.1695539 0.1150989 0.06607836 0.03787955 0.05307431 0.03826131 0.04061868 0.03643858 0.04264029 0.038922 0.0474782 0.0492875 0.06255044 0.1016959 0.06488815 0.07053582 0.07213975 0.05852595 0.06265894 0.04621966 0.05362496 0.06799556 0.0734902 0.0300754 0.03158676 0.02727293 0.02157895 0.01724221 0.02746786 0.01586428 0.01473525 0.02013856 0.04283409 0.03733778 0.02617703 0.02225383 0.02198557
0.1749621 0.1626379 0.1258144 0.1221558 0.18129 0.1629215 0.1471186 0.1092481 0.1130493 0.1278701 0.115972 0.1217369 0.1304314 0.1203007 0.09137084 0.09446183 0.08354166 0.08017621 0.07753672 0.1258552 0.103822 0.04602879 0.02098903 0.03990544 0.02646785 0.03015232 0.02296943 0.01899184 0.0217773 0.01482068 0.01191433 0.01099159 0.03650466 0.05116716 0.08225818 0.07953686 0.08150831 0.06862088 0.03984928 0.0630471 0.05735131 0.04181625 0.01984187 0.01734146 0.01634383 0.02020103 0.01253157 0.01363462 0.01792852 0.02136887 0.02025416 0.04110103 0.03223652 0.0335762 0.02578987 0.02517869
0.16175 0.1955439 0.1503514 0.1628793 0.2035217 0.1641072 0.1477371 0.1421742 0.1038291 0.1107567 0.1149904 0.1181762 0.1293211 0.1137878 0.09796323 0.1071817 0.09516601 0.07599041 0.06597014 0.07298069 0.04100325 0.04351875 0.03602791 0.0202859 0.01661411 0.01150719 0.01056481 0.01027974 0.01199618 0.004324641 0.001668045 0.005375095 0.02386847 0.01764391 0.01209785 0.03626934 0.05732832 0.05904139 0.04875154 0.01868201 0.02205476 0.018101 0.006243205 0.004430709 0.006375767 0.01359928 0.01062352 0.014418 0.01849763 0.0218678 0.02511168 0.02761447 0.02907046 0.02961774 0.03051833 0.02994128
0.1927746 0.2312858 0.2241855 0.2300363 0.2327584 0.1866785 0.1946139 0.155215 0.1185108 0.1133382 0.1196391 0.1317777 0.1338537 0.1232058 0.1231885 0.1143714 0.1052795 0.07524382 0.08177694 0.0561696 0.02904716 0.04236639 0.03860311 0.02205342 0.01856707 0.0137387 0.01167573 0.002587512 0.003928804 0.002627696 0.002421177 0.008613228 0.01269112 0.02013795 0.01946367 0.02530661 0.04314896 0.02965167 0.02233039 0.05851869 0.06089931 0.06565493 0.05555648 0.05122985 0.05174774 0.04948111 0.04604089 0.05257408 0.04664167 0.0415172 0.03750635 0.03006843 0.02780165 0.0261241 0.02581338 0.0226018
0.1713043 0.2149081 0.2294104 0.2296029 0.1951801 0.169527 0.2305132 0.165364 0.1311674 0.1028768 0.103837 0.1136585 0.1180821 0.1173439 0.1146251 0.1251551 0.1043982 0.1109365 0.09527961 0.0684734 0.06551731 0.05358068 0.03658982 0.02690206 0.03462595 0.03435432 0.008670359 0.002592872 0.002398622 0.001789366 0.002855411 0.009142669 0.01001797 0.01823924 0.01817919 0.01354677 0.01304915 0.009626113 0.009271896 0.051604 0.05640482 0.05878424 0.05900511 0.05610671 0.05640257 0.05395687 0.04991845 0.05507357 0.04889732 0.04340477 0.03907504 0.03161009 0.02918547 0.02751768 0.02716827 0.02389765
0.2380759 0.2598641 0.2281087 0.1917063 0.1784722 0.1655531 0.1409778 0.1744196 0.1177318 0.1145531 0.1123778 0.1075727 0.1060592 0.08608053 0.09737768 0.1224741 0.1244755 0.1283468 0.0814776 0.08107895 0.08835131 0.06020669 0.03630329 0.03124828 0.01798248 0.01282447 0.006694318 0.00230417 0.000638854 0.0006691068 0.000861987 0.006504037 0.01075664 0.01615717 0.01695899 0.008603835 0.006900025 0.007588003 0.01743393 0.05885992 0.05921821 0.06156774 0.06290433 0.05978161 0.0600667 0.05760802 0.05310033 0.05738632 0.05078296 0.04510544 0.04048763 0.03286598 0.03027787 0.02846061 0.02791404 0.02470333
0.2417645 0.2523293 0.2369927 0.2420804 0.1704743 0.1336749 0.1099735 0.1646849 0.1255584 0.111436 0.08911978 0.09474479 0.09526224 0.0884373 0.09847344 0.09455237 0.1283703 0.1199723 0.07606735 0.05551047 0.02830253 0.0346253 0.01418209 0.02395713 0.009219834 0.006728528 0.005115535 0.00231344 0.0003167743 0.001071424 0.000752014 0.005235577 0.007533483 0.00969836 0.01668353 0.003167573 0.009208485 0.01266997 0.02129877 0.05583587 0.06047671 0.06362054 0.06437457 0.06563084 0.06284945 0.06044328 0.05584032 0.05920449 0.05248879 0.04664714 0.04176557 0.0341161 0.03132707 0.0293636 0.02858115 0.0252491
0.2108325 0.1940642 0.2008129 0.2573493 0.1772238 0.1379774 0.1128518 0.1644196 0.1601527 0.1681781 0.1128479 0.1459231 0.1226981 0.07081904 0.06685632 0.08124039 0.1472764 0.1275758 0.1101783 0.07625175 0.02516945 0.02287344 0.0140066 0.01149942 0.006193312 0.004290613 0.003518631 0.001080458 0.0001473278 0.0001457973 0.0003403675 0.005214011 0.006959396 0.01010674 0.01461076 0.01776151 0.02489254 0.03400886 0.04206827 0.07065831 0.08011657 0.08494225 0.0860134 0.06848255 0.06780118 0.06544571 0.06003856 0.06158853 0.05442952 0.04828925 0.0429838 0.03418073 0.03128214 0.02912429 0.0281868 0.02560631
0.181735 0.1606046 0.1814203 0.2081235 0.2226987 0.2003429 0.1328892 0.1975083 0.1845341 0.159892 0.1537947 0.1714668 0.1257579 0.07859334 0.122979 0.1202565 0.09492831 0.1068974 0.09053341 0.07094543 0.05170816 0.04999828 0.02471413 0.01306901 0.0094391 0.003760231 0.004609216 0.0009288383 0.000126465 0.0001199212 0.000279283 0.004290176 0.005755981 0.01014788 0.01280728 0.0158397 0.02376258 0.0320507 0.04107605 0.06803253 0.07776204 0.082954 0.0847256 0.06763366 0.06870019 0.06658653 0.061262 0.06251509 0.0550831 0.04883208 0.04338134 0.03446915 0.03129553 0.02894109 0.02777446 0.02505002
0.1575173 0.1848764 0.1526742 0.2269298 0.1880103 0.1583999 0.1316791 0.1451261 0.1289908 0.1155451 0.1332197 0.108954 0.09920995 0.1587362 0.1008072 0.1504299 0.1461401 0.1070796 0.1170245 0.1011246 0.09451082 0.07284647 0.03249614 0.02294158 0.009197033 0.006426722 0.005315748 0.001324244 0.0003055996 0.0002711744 0.0003743435 0.004665073 0.005602697 0.01009727 0.01146025 0.01407291 0.02293739 0.03071324 0.03944293 0.06371303 0.07291379 0.07812037 0.08046422 0.07201698 0.0669748 0.0651388 0.06025854 0.0613554 0.05442765 0.04836201 0.04303461 0.03411825 0.03084359 0.02844241 0.02709383 0.02398666
0.1724205 0.1976846 0.1490681 0.2153496 0.1920153 0.1590087 0.145617 0.1339879 0.1174634 0.1060663 0.1097708 0.08967841 0.07704771 0.1520828 0.1396262 0.1394071 0.1602597 0.1436861 0.1586058 0.1599319 0.1495744 0.09154369 0.04689265 0.05842156 0.01995371 0.01366136 0.01293886 0.001450446 0.001172367 0.0006499632 0.002174032 0.007163146 0.006506042 0.007964462 0.01052806 0.01404812 0.02199187 0.02890536 0.03694423 0.05739717 0.06583426 0.07084803 0.07356782 0.06303894 0.06470764 0.06215674 0.05815515 0.05905175 0.05362271 0.04761868 0.04261262 0.03387954 0.03065159 0.02836217 0.02690424 0.02337192
0.1726526 0.1739312 0.2487177 0.2787087 0.2430936 0.172966 0.1595604 0.1134852 0.09643787 0.1100108 0.09527484 0.09473623 0.1672598 0.2325492 0.1951006 0.263362 0.2585489 0.2036756 0.2751084 0.2415711 0.2087522 0.1305742 0.06028095 0.0697092 0.03544724 0.02554071 0.01970265 0.01455658 0.0130294 0.01213312 0.01102006 0.01167879 0.009909361 0.010697 0.01291731 0.01041913 0.01683508 0.02206176 0.02853408 0.04599743 0.05288333 0.0574566 0.06025047 0.06773034 0.0702856 0.06799284 0.06312025 0.06098975 0.05510756 0.0495107 0.04378625 0.03537975 0.03029564 0.02685571 0.02471875 0.02489907
0.189542 0.1664071 0.2698047 0.2876447 0.2570453 0.1807986 0.1625851 0.1671266 0.09063696 0.09467542 0.09004948 0.08293577 0.1779948 0.3287191 0.3230419 0.3824952 0.3123064 0.2985489 0.3292515 0.2456028 0.2162166 0.1698044 0.05566574 0.0529666 0.04466336 0.02928346 0.02268803 0.01869078 0.01777214 0.0144094 0.01301554 0.01253962 0.01107318 0.01086774 0.01216122 0.009219056 0.01464459 0.01896048 0.02501736 0.03929821 0.045466 0.04983322 0.05304049 0.05995322 0.06372149 0.06234476 0.05816583 0.05675079 0.05225292 0.04734431 0.04244343 0.03450927 0.03020807 0.02712488 0.02488407 0.02435959
0.1685757 0.2258012 0.1884806 0.2407628 0.2442781 0.1750219 0.1140135 0.1162429 0.09718336 0.08898523 0.1022518 0.1131235 0.2238362 0.24226 0.2908807 0.3002873 0.3064621 0.3021805 0.4428581 0.2669207 0.2137923 0.1644662 0.1200643 0.0997733 0.06031748 0.04440529 0.03169921 0.0257965 0.02520655 0.02096006 0.01737641 0.01641714 0.01399457 0.01257945 0.01274219 0.008414526 0.01293256 0.01656478 0.02223707 0.03403169 0.03964034 0.04370011 0.04690636 0.05419075 0.05693736 0.05604432 0.05319361 0.05243328 0.0491153 0.04514154 0.04085733 0.03354331 0.03212367 0.02751679 0.02528974 0.02456453
0.165878 0.1610326 0.1477164 0.2411252 0.156079 0.09173253 0.1088796 0.1908572 0.1138026 0.07397548 0.08086185 0.1201953 0.1574899 0.182375 0.1581168 0.2471402 0.3019952 0.3175429 0.3388037 0.2930371 0.2883504 0.2603398 0.1833856 0.1236502 0.09464042 0.07612653 0.04551948 0.04531588 0.02914047 0.03434899 0.02537945 0.02598508 0.02060862 0.01603381 0.01578541 0.008772488 0.01251666 0.01558261 0.02147071 0.03097764 0.03709567 0.03935754 0.04232617 0.04792502 0.05053658 0.0519561 0.05771764 0.05200539 0.0496363 0.04347735 0.04134608 0.03653032 0.03475655 0.02766412 0.0254563 0.02332557
0.1854973 0.1434807 0.1655862 0.2541758 0.1488521 0.08275411 0.1036287 0.1711979 0.1237991 0.07702792 0.05943449 0.05677214 0.07927588 0.1432049 0.1571939 0.2156028 0.2232707 0.2018016 0.1460483 0.2472865 0.3810182 0.3612196 0.1999982 0.1615955 0.1244824 0.09042279 0.06337614 0.0508442 0.0447339 0.03467727 0.0256 0.03560485 0.03143622 0.02511343 0.0230155 0.01223888 0.01347661 0.01536633 0.02008313 0.02745499 0.03033301 0.0343426 0.03582525 0.03950434 0.0437701 0.05101299 0.05346179 0.05696324 0.05851133 0.05390638 0.03886554 0.0361778 0.03419009 0.02883598 0.0316059 0.02573862
0.1565632 0.1671445 0.1521421 0.2565035 0.1533768 0.09829643 0.1001866 0.1439255 0.08958928 0.06265467 0.03346856 0.05012681 0.05880774 0.06895429 0.1028599 0.1418958 0.1078958 0.1198059 0.10237 0.1629757 0.2064755 0.3007354 0.2384608 0.1285206 0.1527652 0.1097688 0.09696325 0.07003836 0.06003045 0.05894907 0.0367954 0.04269736 0.03569141 0.03023096 0.02480607 0.01297275 0.01281588 0.01395629 0.0180725 0.02351208 0.0264699 0.02875884 0.03265001 0.0397547 0.04024652 0.04559862 0.05651991 0.05646553 0.0681342 0.07429432 0.05934468 0.07634745 0.03697021 0.04126028 0.04672401 0.03660486
0.1566144 0.1349044 0.1465845 0.1620722 0.1516718 0.149654 0.1092711 0.09300772 0.0427549 0.0342661 0.03851593 0.08645064 0.09501341 0.1039105 0.08801057 0.09091339 0.06945579 0.06757075 0.1010282 0.1278765 0.2549449 0.2527941 0.1664873 0.1463697 0.1124617 0.09939545 0.07924006 0.09226805 0.07497136 0.07348084 0.0483965 0.06356833 0.03879828 0.0343602 0.02647744 0.01590458 0.01336984 0.0140507 0.01897305 0.02103486 0.02341179 0.02531439 0.02981427 0.03367535 0.03876379 0.03627446 0.05189994 0.05446886 0.06384149 0.06355513 0.04956493 0.05614207 0.0317324 0.03256635 0.044803 0.03068712
