contrib/geomasonDemos/riftland/DataFiles/RainData/33.txt
ncols         56
nrows         54
xllcorner     28.264
yllcorner     -5.7719999999999
cellsize      0.25
NODATA_value  -9999
[rows 26 to 51 of 54, columns 0 to 55 of 56]
0.1425611 0.1435983 0.1358037 0.1736561 0.1375664 0.1571724 0.1220755 0.08374101 0.05834776 0.04814271 0.0562644 0.1050936 0.0855837 0.08345667 0.07352196 0.09865513 0.08048224 0.07385566 0.09889598 0.1388376 0.2276525 0.2014905 0.1852713 0.1393029 0.0817971 0.07708276 0.09085053 0.1015029 0.07931863 0.08075054 0.0633047 0.06514476 0.05223745 0.03964809 0.02978703 0.0150427 0.01112446 0.01149809 0.01906507 0.02098446 0.02414171 0.02581793 0.02584747 0.03017475 0.03021339 0.03844518 0.05029473 0.05634051 0.05870266 0.04696897 0.04033375 0.04865107 0.03989442 0.04454377 0.04330794 0.05181893
0.1722554 0.1479031 0.162866 0.1615797 0.1258191 0.09962275 0.0651859 0.1051687 0.1032833 0.08122319 0.1211943 0.1277155 0.08203146 0.07071888 0.06253492 0.07201086 0.08851328 0.08968975 0.1240583 0.1543554 0.1445519 0.15293 0.1461011 0.1167287 0.1073693 0.09857015 0.1064909 0.114599 0.09246872 0.09186748 0.09187317 0.06494335 0.05700762 0.04081737 0.03112649 0.02244958 0.01323653 0.02103549 0.02333923 0.02595336 0.03477676 0.03826672 0.03364795 0.03745345 0.03472466 0.04467501 0.04500385 0.04498325 0.04345452 0.05157446 0.03386306 0.03376131 0.03181463 0.05181915 0.04814756 0.04954202
0.1402786 0.1898395 0.1641513 0.1588562 0.1456822 0.105132 0.05983848 0.1234697 0.1297662 0.1038819 0.0690171 0.09837923 0.09507565 0.06814033 0.04549555 0.03280495 0.03219644 0.1011906 0.1020703 0.120825 0.1642102 0.1670211 0.123943 0.1612511 0.1413638 0.1330338 0.1264703 0.1132656 0.1064945 0.09095613 0.08673895 0.06968007 0.04986155 0.03945743 0.03299018 0.02554336 0.02537087 0.02948827 0.03370785 0.03414859 0.02654727 0.02549258 0.02757856 0.02485451 0.02652739 0.03005762 0.03572702 0.04158367 0.03764534 0.04121082 0.0283561 0.0330397 0.04564637 0.04305995 0.08102705 0.07231431
0.1712119 0.1560284 0.1285313 0.1152492 0.114955 0.05741647 0.08968552 0.138852 0.1115002 0.08590183 0.06548478 0.07934919 0.07246633 0.04531128 0.03941622 0.0483169 0.0740307 0.05067113 0.04016287 0.1020935 0.09061084 0.1298619 0.1286502 0.2124473 0.1734669 0.1477796 0.1549586 0.1170157 0.1082616 0.09530664 0.08304315 0.08150979 0.06588805 0.03758805 0.03152756 0.02998256 0.02776199 0.02667194 0.03334084 0.03297458 0.01794579 0.02151198 0.02179731 0.02326608 0.02229397 0.03431775 0.03591518 0.03137012 0.02634732 0.03688531 0.02716503 0.06111065 0.05856265 0.05237752 0.04329538 0.06651273
0.2529815 0.1604662 0.138321 0.09731957 0.07864249 0.07430993 0.09188412 0.08592817 0.08970241 0.07478832 0.04960648 0.06002544 0.05094498 0.08426938 0.08536676 0.05744611 0.03859934 0.01837746 0.02068792 0.06288715 0.06686791 0.07482327 0.05898011 0.1903775 0.1536623 0.1599014 0.1268792 0.1248552 0.1088125 0.08437428 0.07722359 0.08413785 0.06023536 0.0373668 0.03600733 0.06227173 0.07057051 0.02670664 0.02375718 0.02206 0.02370626 0.01775739 0.02503074 0.0219103 0.03291772 0.04783675 0.03568684 0.0330815 0.02604663 0.02624562 0.04016796 0.05897617 0.05682448 0.04578394 0.04065967 0.04181368
0.2129472 0.1574675 0.1080223 0.08204047 0.07341355 0.0705495 0.06233885 0.06778301 0.09105051 0.05457707 0.04079887 0.0546214 0.06875674 0.08218419 0.04577733 0.03775577 0.03001366 0.04006457 0.03388902 0.06861058 0.07611493 0.08646607 0.0929193 0.1376007 0.1501581 0.112407 0.08426665 0.09369865 0.1108276 0.08242758 0.06653717 0.06777409 0.0590441 0.05047496 0.02869166 0.06340885 0.1321346 0.02707456 0.02488748 0.03338156 0.0259288 0.02611003 0.03760972 0.04664565 0.04884261 0.03735471 0.03489492 0.03338657 0.02652659 0.04985457 0.071103 0.06410399 0.05310356 0.04742084 0.02993408 0.04939009
0.1919866 0.1685016 0.07092578 0.04949948 0.0431253 0.04022917 0.04944934 0.08545577 0.06405769 0.04394565 0.03844416 0.03717758 0.04966505 0.0453774 0.04963031 0.05853485 0.04959273 0.06666983 0.05750437 0.0607156 0.08657011 0.08476925 0.09555233 0.1047063 0.1491783 0.1326239 0.08231534 0.1247045 0.1489104 0.09222896 0.06808718 0.05577887 0.06591919 0.04903213 0.02549353 0.03845771 0.04351562 0.02599427 0.02706138 0.03154549 0.03192561 0.03272237 0.03870064 0.03524575 0.04014011 0.03656146 0.03608358 0.02637328 0.04425451 0.06392042 0.07043969 0.07608592 0.05901986 0.05228344 0.04218071 0.03191172
0.2238864 0.1506905 0.06381041 0.04098375 0.03519868 0.02936697 0.05942482 0.09799127 0.05935667 0.03964443 0.03537384 0.04902009 0.04989989 0.03599014 0.03222973 0.03919072 0.07233369 0.04732239 0.04073649 0.0471824 0.07189891 0.07899011 0.09029637 0.1031248 0.1795368 0.1606906 0.1194616 0.1054529 0.09443638 0.103135 0.08041212 0.06091562 0.0500747 0.04924165 0.02472176 0.01904521 0.02052891 0.02502961 0.02231141 0.02631837 0.03512746 0.04489569 0.04954796 0.05149277 0.04785842 0.03355704 0.03939106 0.04140188 0.05591853 0.06627051 0.06332531 0.06396388 0.04669146 0.04207604 0.04040793 0.03552061
0.2143334 0.1299604 0.06776323 0.04630291 0.03973737 0.03469018 0.04053793 0.06206112 0.04263397 0.037543 0.02450462 0.0446532 0.05862302 0.0465797 0.04701268 0.07690741 0.07324873 0.05426283 0.05977672 0.04584658 0.05631256 0.05702192 0.06309789 0.09895888 0.1713143 0.1602634 0.1057659 0.07513112 0.07580605 0.07769918 0.06246531 0.05197483 0.03668268 0.03982765 0.02198245 0.01532195 0.01011369 0.01249709 0.0111088 0.01763952 0.03413665 0.04166242 0.03366853 0.06261974 0.05545448 0.04946044 0.05229782 0.05860547 0.04692453 0.06561778 0.06323092 0.06875245 0.0470077 0.05617186 0.04938956 0.02329495
0.1720831 0.1547626 0.08167837 0.05909013 0.05374453 0.04609244 0.04753255 0.04249274 0.02894191 0.02694992 0.02957443 0.04146866 0.04495964 0.05187893 0.06567381 0.09667061 0.0724423 0.06123598 0.0530473 0.02867922 0.03268037 0.04219675 0.04102335 0.104821 0.165421 0.1424206 0.07446559 0.05066621 0.04524647 0.04263128 0.03689329 0.02957428 0.01922423 0.01965132 0.01294523 0.0105465 0.007690039 0.007256056 0.01003974 0.02194774 0.03009408 0.03463769 0.03901587 0.05243287 0.04886733 0.06647303 0.05807107 0.04278916 0.07274744 0.0792546 0.06283246 0.07843413 0.07712352 0.08509021 0.08043694 0.04451272
0.133964 0.131563 0.07463645 0.06428298 0.04381184 0.03209669 0.02893455 0.03747033 0.02644773 0.0261128 0.03292128 0.0394339 0.03339495 0.05344963 0.04835312 0.06877497 0.06576735 0.0363107 0.03141576 0.02101547 0.01922214 0.03337742 0.05445148 0.09804559 0.1141819 0.1229093 0.06770851 0.04178023 0.0421248 0.03637587 0.02979675 0.0252416 0.02306129 0.01593554 0.01235575 0.009364128 0.007005964 0.007379554 0.0106724 0.01595617 0.02177574 0.02881235 0.0324169 0.03853287 0.0368877 0.05436478 0.05355321 0.03272707 0.04730309 0.09772544 0.07579121 0.09448797 0.08410951 0.08332121 0.08469617 0.07450075
0.1354384 0.105548 0.04422356 0.03172981 0.03072608 0.03784817 0.02969897 0.02629018 0.01970189 0.02202345 0.02777739 0.03210502 0.03369987 0.02581105 0.03136754 0.05618577 0.04018161 0.04021997 0.02530035 0.02000503 0.02309984 0.04028104 0.06530395 0.1085349 0.09705915 0.06387973 0.02776816 0.03545861 0.0642049 0.04274045 0.02620951 0.01759855 0.02242246 0.01355006 0.01017692 0.008482935 0.008269582 0.008877967 0.01250691 0.02021157 0.02154229 0.02712364 0.03399093 0.03991933 0.05419822 0.04505597 0.04792828 0.04289034 0.05277711 0.05792147 0.07577235 0.06699841 0.04840844 0.0604977 0.09094459 0.044875
0.1351655 0.09554382 0.02697914 0.02058239 0.02023913 0.02590827 0.02454047 0.02721819 0.0201159 0.01914008 0.02090128 0.03042633 0.03907038 0.04192061 0.06170072 0.06173827 0.04054629 0.03748042 0.02498262 0.0155573 0.01160174 0.02923981 0.06328721 0.09890436 0.06373917 0.04454352 0.02271764 0.02834185 0.03310045 0.02884831 0.02356591 0.01682649 0.01409594 0.01190968 0.01037901 0.009698225 0.008784252 0.01066789 0.01515302 0.0216047 0.02692297 0.03299634 0.04135635 0.04902161 0.05452694 0.04205175 0.04524153 0.05545037 0.0656627 0.05202913 0.06145298 0.05566033 0.02619303 0.06580325 0.04564571 0.05820833
0.1333091 0.1001109 0.01892829 0.02114887 0.02363225 0.02712141 0.02665299 0.01738063 0.01906501 0.02250122 0.02499775 0.02267027 0.02601047 0.03950758 0.05331375 0.06667361 0.03591088 0.02747469 0.01789082 0.02376589 0.00996787 0.02537089 0.0547118 0.08525547 0.05631476 0.03936409 0.01800613 0.01702761 0.01440162 0.01256006 0.01100819 0.01507697 0.01229095 0.01101529 0.01106871 0.0111203 0.01208743 0.01485292 0.02043488 0.03241475 0.04283549 0.05116372 0.05339563 0.06174359 0.06191986 0.06404917 0.06242182 0.07361929 0.07320988 0.04712274 0.04796437 0.06146823 0.03242356 0.02504969 0.04059539 0.05083333
0.1161739 0.06754231 0.01805248 0.02934044 0.02623892 0.02367174 0.02066179 0.01698683 0.01911249 0.03054606 0.02801305 0.02049064 0.02903945 0.03471117 0.03572386 0.03095603 0.0395502 0.01131974 0.01254305 0.01191823 0.008909984 0.01347659 0.02617373 0.04281848 0.03213431 0.04138524 0.0258219 0.01663247 0.01145138 0.01067996 0.009634288 0.01325748 0.01201373 0.01308413 0.01212013 0.01232827 0.0142559 0.01771426 0.02381385 0.04104613 0.05115984 0.05612429 0.05868075 0.06241776 0.06439632 0.07289909 0.06377727 0.06075574 0.04743406 0.03659347 0.07962744 0.05832621 0.02270143 0.02360595 0.03858105 0.04775
0.092906 0.0466471 0.01045586 0.02996745 0.02318067 0.01791991 0.01562035 0.0156975 0.01919696 0.01721703 0.0235404 0.02068974 0.02322496 0.08265995 0.02811535 0.01801331 0.0197429 0.007627822 0.007502832 0.03118289 0.01828141 0.01361333 0.02028856 0.02940615 0.01622934 0.01215741 0.01029948 0.009766322 0.009298968 0.008803244 0.008282065 0.0131295 0.01501556 0.01580412 0.01684596 0.01425922 0.01616773 0.02137168 0.02818993 0.04520342 0.05471225 0.0616997 0.06814329 0.06936253 0.07262448 0.07691691 0.08491025 0.05153845 0.03293635 0.03548631 0.06323193 0.03448205 0.02240566 0.02085452 0.02600265 0.03279166
0.110558 0.07129633 0.01310878 0.02177675 0.02226359 0.01725587 0.01702885 0.01831119 0.0185202 0.01901451 0.02057652 0.02335226 0.01979498 0.02414144 0.04134733 0.01370789 0.03289513 0.0124765 0.007316917 0.02651136 0.02309975 0.01290178 0.01279087 0.01773169 0.01105051 0.01045355 0.009011754 0.009726504 0.00813572 0.0105743 0.01598162 0.01233323 0.01442769 0.01668845 0.01913983 0.02178108 0.03753183 0.02546998 0.03389272 0.05125174 0.06099729 0.0666499 0.07067056 0.0695876 0.07627942 0.09983204 0.0736987 0.04141433 0.03541841 0.03679114 0.07768623 0.03579137 0.02283727 0.02351023 0.02126937 0.02475
0.1063117 0.05075622 0.004563723 0.003747144 0.002180237 0.002221164 0.001901392 0.007177596 0.007379989 0.003786999 0.00909904 0.01912319 0.02436553 0.06357699 0.08840737 0.01551424 0.01191171 0.01001465 0.01948943 0.02360162 0.01891203 0.01252807 0.009213788 0.004356095 0.003560619 0.002501897 0.002102176 0.002236965 0.002231504 0.006969356 0.002806379 0.008733886 0.01218928 0.01528159 0.01740189 0.0407124 0.1922116 0.03925203 0.04492069 0.07541782 0.08924147 0.1046257 0.1028575 0.07783974 0.08781824 0.1117038 0.08961581 0.06398393 0.05613852 0.06902114 0.04128601 0.03529166 0.026625 0.02304167 0.032875 0.03470833
0.07890572 0.03079253 0.004478155 0.002355341 0.00230362 0.001050663 0.001692277 0.005745959 0.007040955 0.002487825 0.005239888 0.01563486 0.0293885 0.03491708 0.02272986 0.01567123 0.01416235 0.01247133 0.01779816 0.01244628 0.01073764 0.009530201 0.009571887 0.002095556 0.002201564 0.00197466 0.002856674 0.001936081 0.001935311 0.001945579 0.001988221 0.01012344 0.01123847 0.01305192 0.0175104 0.0327871 0.03487212 0.04311637 0.05355905 0.08528934 0.1000289 0.1069978 0.101042 0.08634406 0.1020234 0.1090486 0.08286347 0.06065666 0.05062358 0.05094821 0.0493606 0.036625 0.03283333 0.03845834 0.0545 0.05216667
0.0585234 0.02060767 0.001918361 0.004204751 0.003306071 0.002495704 0.001720325 0.006320746 0.002928245 0.001871621 0.001159675 0.0121959 0.01737697 0.01671127 0.01323212 0.01857785 0.01320687 0.007533048 0.004915012 0.009141773 0.01371005 0.009042063 0.005212612 0.001577095 0.001629069 0.001640022 0.00163712 0.001704874 0.001762852 0.00175126 0.001862431 0.01042685 0.01191232 0.01477068 0.02134247 0.03261358 0.04043785 0.04818885 0.05619494 0.09183922 0.1058119 0.1099165 0.1027076 0.09236556 0.09545993 0.09624688 0.0785099 0.05728856 0.07510674 0.05579942 0.04933092 0.03945833 0.037 0.063625 0.06554167 0.06166667
0.04650876 0.01944515 0.002493174 0.004565564 0.00328345 0.004293326 0.0033604 0.002521684 0.003392585 0.004946506 0.00187353 0.0105715 0.009687109 0.008865861 0.008644952 0.01259264 0.01218733 0.006388093 0.004656452 0.009156047 0.01137263 0.00868739 0.004637244 0.001378506 0.001433345 0.001397824 0.001773871 0.001477342 0.001487424 0.001586549 0.00347149 0.01068956 0.01191239 0.01546056 0.02100782 0.0363899 0.04268309 0.04894062 0.05915413 0.09182125 0.1066683 0.111124 0.1087969 0.0878417 0.0790706 0.08518464 0.07619064 0.06097699 0.06196759 0.0556615 0.04598508 0.04645833 0.06866667 0.07366666 0.06433333 0.05775
0.04207008 0.01392739 0.007300312 0.002669101 0.001642386 0.00352416 0.001848553 0.002901713 0.00145922 0.002092808 0.004134906 0.001040378 0.002209879 0.001665178 0.0009063324 0.01287725 0.013658 0.01189151 0.00144074 0.001502879 0.0008841834 0.0008526568 0.0008338773 0.0008911039 0.001825786 0.006482924 0.005183986 0.001786193 0.001000512 0.001184713 0.004343667 0.01057201 0.01262501 0.02022922 0.02494533 0.04450759 0.05487485 0.0615514 0.05994328 0.09136696 0.1033713 0.1057797 0.1012685 0.08123076 0.07860789 0.08456541 0.08124045 0.042875 0.04712499 0.05383332 0.03216667 0.0565 0.06741667 0.06729167 0.06016666 0.04770833
0.03691508 0.01044174 0.006831596 0.001598088 0.002014296 0.008293572 0.004347829 0.02081239 0.01186508 0.00161979 0.005298922 0.002229691 0.002912738 0.002939436 0.00222845 0.03364579 0.006467483 0.0007859946 0.002680386 0.000868406 0.0008157268 0.003532457 0.01049735 0.0134676 0.004578238 0.002839357 0.002417655 0.0007849075 0.0008118389 0.002890819 0.006551765 0.01149447 0.01414796 0.01798452 0.0261983 0.04307808 0.05171191 0.05422565 0.06536897 0.08922343 0.1004447 0.1052872 0.1036117 0.08275544 0.08115491 0.07907807 0.07969347 0.02866667 0.03183333 0.033125 0.02104167 0.03845833 0.05466666 0.05145833 0.043375 0.04220834
0.02125896 0.01042143 0.0004745472 0.006437073 0.001237465 0.001767702 0.00474784 0.03033445 0.02518295 0.009903378 0.007218009 0.005356939 0.003230809 0.008464664 0.0102663 0.03199022 0.001794347 0.000729057 0.001713924 0.003634093 0.001612026 0.01373621 0.02150033 0.0176393 0.003152171 0.001077723 0.00783499 0.003710677 0.0006583596 0.004285166 0.008322237 0.012192 0.01484849 0.01830327 0.02301791 0.0403934 0.04625908 0.05286274 0.05926568 0.09134682 0.1196844 0.1037882 0.0989569 0.0836826 0.08364048 0.08280097 0.08721907 0.010375 0.01454167 0.01108333 0.005125 0.02154166 0.04375 0.04354167 0.04008333 0.02941666
0.02293827 0.01309104 0.001362461 0.001352903 0.001244269 0.002423412 0.005058568 0.03098424 0.03374354 0.01709189 0.008684222 0.01374092 0.01279147 0.006537206 0.009674037 0.02751957 0.005154371 0.003511243 0.009021052 0.01397895 0.005020346 0.005136072 0.006530321 0.003574052 0.00670789 0.0003733032 0.0004030585 0.001791862 0.003375022 0.006294794 0.009868587 0.01237898 0.0148137 0.01804279 0.0226707 0.0356644 0.04435433 0.0508981 0.05686494 0.08208138 0.09612186 0.1005255 0.1024031 0.08770867 0.08287308 0.08364091 0.07048797 0.004625 0.009 0.01695833 0.004041667 0.021625 0.02633333 0.03554166 0.03833333 0.03475
0.03087836 0.009654132 0.01423518 0.01794133 0.001611853 0.004449556 0.005990612 0.01810844 0.02310785 0.002008995 0.001853754 0.001904096 0.003736837 0.002104115 0.007297126 0.01833845 0.006894459 0.00139623 0.001029624 0.0003051535 0.0006622854 0.0002227765 0.0001932795 0.0005313995 0.0003768865 0.001491567 0.00614665 0.008744826 0.01019818 0.006738121 0.008396174 0.01059214 0.01370136 0.01634788 0.02157024 0.03701582 0.03971579 0.04320137 0.04387588 0.08180103 0.0923159 0.099717 0.1177673 0.0995717 0.09596429 0.09640308 0.0822864 0.004333333 0.01133333 0.01729167 0.01979167 0.0265 0.02658333 0.03458333 0.03895833 0.02595833
