contrib/geomasonDemos/riftland/DataFiles/RainData/34.txt
ncols         56
nrows         54
xllcorner     28.264
yllcorner     -5.7719999999999
cellsize      0.25
NODATA_value  -9999
[rows 26 to 51 of 54, columns 0 to 55 of 56]
0.210644 0.1356427 0.1669069 0.1679929 0.1072118 0.09546392 0.1361242 0.2197673 0.197992 0.1807954 0.172563 0.2449134 0.2098558 0.1925429 0.2261891 0.2048849 0.1901666 0.2078018 0.2325226 0.1571044 0.1448945 0.1750288 0.1804285 0.2334147 0.2202445 0.2221135 0.2121631 0.2263651 0.1751035 0.15728 0.1268872 0.1072991 0.08749866 0.0827928 0.06282541 0.04567211 0.05882258 0.06647897 0.0503334 0.04494173 0.04417299 0.04049812 0.02889182 0.00664593 0.005609603 0.007978603 0.007527243 0.006369669 0.007719284 0.006111633 0.009451923 0.01510779 0.02024263 0.02321455 0.02423683 0.02799585
0.1915953 0.151444 0.1456003 0.1717074 0.1489351 0.1126366 0.1221119 0.2116924 0.1986461 0.1996532 0.1993064 0.2330737 0.2210235 0.2137021 0.2429881 0.2434607 0.216759 0.2090265 0.2175697 0.1935386 0.1786652 0.1848268 0.1970065 0.2105711 0.2044239 0.2115911 0.2146366 0.2138509 0.1743612 0.1561997 0.1281434 0.1018271 0.09691422 0.06446376 0.05326004 0.04400636 0.03424269 0.03164965 0.03784922 0.05567959 0.04545778 0.03975446 0.0162933 0.01213701 0.01065805 0.01027797 0.01070645 0.008695821 0.01128941 0.01199878 0.009920407 0.01074559 0.01977324 0.04069705 0.03464377 0.03771431
0.2226916 0.2048768 0.1466151 0.2061099 0.1654506 0.1291456 0.1340887 0.2094688 0.246426 0.2567383 0.2444341 0.2627857 0.233857 0.2411372 0.2601594 0.2311939 0.224769 0.2116549 0.2140863 0.1967426 0.1896695 0.2106487 0.2235185 0.2252944 0.2792171 0.2578154 0.2228596 0.2276008 0.2000638 0.1695416 0.1295452 0.1141881 0.1026843 0.06020185 0.0521035 0.03895056 0.03250744 0.03005096 0.03241372 0.02785377 0.03569371 0.02526252 0.017467 0.01325241 0.01258969 0.01069719 0.01035297 0.01231995 0.00918 0.009095815 0.009137661 0.01600502 0.02850342 0.04424632 0.03674894 0.03987145
0.2496271 0.2082765 0.1938241 0.2052077 0.1654986 0.1453959 0.1685192 0.2599536 0.2391566 0.2678325 0.2404196 0.2645265 0.2422709 0.2428311 0.2366936 0.2270529 0.2385148 0.2141491 0.1998099 0.1895835 0.192488 0.1999976 0.2245525 0.2617927 0.3272055 0.2850848 0.2401468 0.2243193 0.1827996 0.1653856 0.1334819 0.1204773 0.103023 0.0662434 0.06268938 0.04891706 0.04314074 0.04871596 0.03680915 0.02878503 0.02497035 0.02210939 0.01833853 0.01495157 0.01307374 0.01124467 0.01161498 0.01189046 0.02136442 0.0144318 0.01243518 0.02011472 0.02388366 0.03255102 0.02534736 0.02347347
0.2223194 0.2517106 0.2491774 0.2062804 0.1682202 0.1593646 0.1839329 0.2458964 0.2642511 0.2953453 0.2659515 0.2600247 0.2380349 0.2380387 0.2524994 0.247181 0.2032815 0.1951771 0.1883086 0.2037442 0.2479907 0.1931457 0.1840389 0.2502694 0.2359474 0.2471776 0.229506 0.2182463 0.18007 0.161607 0.1397453 0.1399603 0.09988357 0.0744867 0.0728832 0.07660213 0.06276431 0.04671356 0.03174566 0.02851807 0.02778885 0.02156311 0.02103797 0.01450642 0.01499111 0.01451236 0.01534633 0.0229769 0.02121535 0.0179383 0.01837933 0.02338468 0.01821594 0.01800949 0.02780314 0.005228375
0.3042055 0.3245678 0.2987783 0.2381035 0.1905775 0.1860795 0.1806507 0.2526988 0.2761374 0.3356007 0.3290849 0.2845966 0.2608201 0.2563824 0.2366585 0.1796397 0.1776004 0.1883795 0.2388183 0.2657674 0.2719702 0.2117827 0.2021577 0.2373355 0.2974713 0.2544395 0.2239644 0.2040016 0.1710854 0.1365149 0.1198684 0.152643 0.08678073 0.06537328 0.06243058 0.08693687 0.09343107 0.04709347 0.0369255 0.02503416 0.02126318 0.02116702 0.01991872 0.01277016 0.01313331 0.01202708 0.02993843 0.0281425 0.02701479 0.0236069 0.02355655 0.03052919 0.02950429 0.01646936 0.0122731 0.01084086
0.3222751 0.2781424 0.2083325 0.1836709 0.1688874 0.1818909 0.2148888 0.2785706 0.3117339 0.3269503 0.3057191 0.2662788 0.2555704 0.2363661 0.2155197 0.2009896 0.2216886 0.2656339 0.2839875 0.2114951 0.2067538 0.2130867 0.1853564 0.2323382 0.2909034 0.2939879 0.2810736 0.242505 0.1783081 0.1268217 0.1053237 0.09201372 0.07391055 0.071911 0.05939743 0.05641637 0.04227082 0.03373352 0.03310893 0.02746696 0.02448759 0.02286932 0.02034184 0.01634663 0.01643595 0.02446784 0.02879717 0.0395593 0.03659782 0.03180261 0.0363875 0.02481101 0.01828614 0.01326105 0.015772 0.005088438
0.3693569 0.258888 0.1924643 0.1610058 0.1444634 0.1772959 0.2340977 0.3022361 0.3139296 0.317848 0.2944982 0.2615073 0.2307007 0.2214284 0.2026536 0.192513 0.2483063 0.2931176 0.2780761 0.2313513 0.1724334 0.1646098 0.1587465 0.1503802 0.2678052 0.2073752 0.2082357 0.2073823 0.1738239 0.1347345 0.09623917 0.08971675 0.08634498 0.06694599 0.04879512 0.04253491 0.03234929 0.02792755 0.02631805 0.02247409 0.02210336 0.02154712 0.0207394 0.01950362 0.01929165 0.028399 0.03356917 0.04439008 0.05158174 0.05805251 0.07884752 0.08563244 0.08406584 0.03035193 0.01783765 0.01336032
0.3826057 0.2839885 0.2101007 0.185192 0.176588 0.1898645 0.208353 0.2637725 0.2758322 0.2552782 0.2611305 0.2396386 0.2265736 0.2031914 0.1885429 0.1796278 0.2386968 0.2594146 0.2447855 0.2040323 0.1492781 0.1408306 0.1356655 0.1419192 0.2528598 0.1868299 0.1723074 0.1639813 0.1325054 0.1060661 0.08363414 0.06942427 0.06451757 0.05583595 0.03711101 0.03550307 0.02924846 0.0236269 0.02190736 0.01983327 0.01940213 0.01975038 0.02080126 0.0608405 0.07295998 0.05202179 0.04551534 0.05739045 0.06709421 0.1046113 0.1165749 0.1656166 0.1741995 0.1430507 0.02463114 0.0330083
0.4277048 0.3752857 0.3032177 0.2400983 0.2036347 0.2414065 0.2398315 0.257418 0.2627437 0.2439519 0.2175369 0.2218719 0.2167025 0.2011145 0.1643776 0.1821137 0.2929446 0.2805847 0.2016339 0.1561635 0.1210792 0.1045388 0.1004112 0.2286446 0.3006948 0.2838345 0.1433614 0.1160279 0.09897689 0.07125666 0.06272364 0.04186626 0.03922583 0.03283675 0.02733221 0.02032168 0.01738032 0.01536564 0.01423921 0.01228501 0.01207409 0.01488791 0.01720728 0.04254724 0.0523696 0.06216953 0.07928583 0.1058321 0.1143563 0.1145797 0.1060782 0.1747325 0.2143682 0.2112278 0.09291644 0.01333335
0.4407982 0.3794402 0.2670947 0.2151697 0.2027406 0.1790341 0.2277653 0.2432017 0.2225141 0.1842937 0.1790636 0.1738285 0.1857245 0.1835833 0.1918195 0.1958029 0.2614136 0.2904846 0.2194685 0.15954 0.1327078 0.09690627 0.09036639 0.2493927 0.1588996 0.1580984 0.1017429 0.07961483 0.08274815 0.06531271 0.04845499 0.05891089 0.04197551 0.03248176 0.02839767 0.01942369 0.01432016 0.01349008 0.01376607 0.01441901 0.01268297 0.01216106 0.01646289 0.02258971 0.04109517 0.1073639 0.1418914 0.1739749 0.1269585 0.09595598 0.1007833 0.1762588 0.1790062 0.1536781 0.07195358 0.008521714
0.3790215 0.3335635 0.1971494 0.1801939 0.1593711 0.1433996 0.191183 0.2233474 0.1782022 0.1718719 0.1540599 0.1595986 0.1723045 0.1629446 0.1774334 0.1774336 0.2125337 0.2190044 0.2279579 0.2059404 0.1752989 0.1089311 0.1152449 0.1120944 0.1022909 0.1029258 0.09001541 0.06724197 0.06862088 0.05708733 0.04229984 0.02650009 0.02261455 0.04203574 0.02579819 0.021656 0.01433631 0.008521126 0.009063402 0.01008823 0.01125835 0.01492983 0.01614424 0.03190151 0.04988764 0.1087509 0.1398035 0.1207487 0.09144534 0.1027428 0.1101934 0.1481241 0.1164148 0.0923861 0.08315569 0.05177419
0.4021392 0.2532938 0.2378249 0.1741766 0.1668318 0.1720698 0.1721929 0.1849884 0.1506869 0.1520747 0.1288414 0.1346264 0.143354 0.1408118 0.1516339 0.1059571 0.2054848 0.1695353 0.2635004 0.2162985 0.185978 0.156014 0.1457629 0.09452078 0.06928524 0.05819703 0.08133383 0.07960715 0.05336361 0.03825498 0.03008243 0.02143629 0.0248296 0.02655853 0.02629775 0.01488355 0.009323515 0.007538841 0.007968907 0.007771823 0.008405276 0.01163273 0.01747101 0.0303611 0.03156685 0.05522922 0.06754832 0.06567461 0.09034807 0.1144458 0.133702 0.1224445 0.1177942 0.1086057 0.1049266 0.1153629
0.3991941 0.3000738 0.2603751 0.1880707 0.1715139 0.1762477 0.1725268 0.2104484 0.1778119 0.149454 0.1246768 0.1127616 0.1256325 0.1181719 0.1255524 0.09631759 0.1877813 0.3114166 0.2675601 0.2426617 0.1952121 0.1353928 0.1579868 0.0801439 0.04496292 0.03755797 0.06320956 0.04993709 0.02673819 0.01891552 0.01396109 0.01462858 0.01490169 0.01294258 0.008749356 0.006002157 0.004968729 0.005065553 0.006534082 0.02470093 0.02319028 0.01468582 0.01838695 0.02509329 0.04286572 0.05861801 0.05651017 0.0807705 0.1093844 0.1239983 0.1312538 0.1038638 0.06685678 0.08400732 0.09395675 0.04951612
0.3424645 0.2679478 0.150617 0.1906507 0.1579015 0.1385374 0.1506471 0.1704632 0.1770025 0.1733392 0.1379069 0.1071668 0.1142179 0.1328126 0.1119917 0.1503424 0.2642097 0.205647 0.2476143 0.1332909 0.1129707 0.06510402 0.0820528 0.07400055 0.06125072 0.0504716 0.03981904 0.0347848 0.0184934 0.01664065 0.01025387 0.01151737 0.01407331 0.006669679 0.005835908 0.004232503 0.003578176 0.004382517 0.005294472 0.02314768 0.03089156 0.03152419 0.02154878 0.06181141 0.08491859 0.07719596 0.04852377 0.06394468 0.07135113 0.1251258 0.154752 0.0886696 0.09607441 0.1141241 0.1250222 0.08201613
0.3433808 0.2016987 0.1243096 0.1468508 0.1361874 0.1330036 0.1457688 0.1756489 0.1853004 0.1789348 0.1551045 0.1265581 0.1005211 0.08121075 0.07396332 0.08808836 0.1920957 0.2454696 0.1698214 0.1266722 0.07256287 0.05562796 0.04700477 0.04477894 0.04006471 0.03874757 0.05590548 0.03256315 0.0220882 0.01424928 0.008251084 0.009536003 0.007637287 0.006637824 0.004866159 0.006697295 0.002988644 0.003442519 0.00519547 0.01157791 0.01350025 0.01484853 0.02888272 0.03267128 0.05670178 0.05321539 0.04898499 0.05087756 0.0675512 0.0860459 0.08058097 0.09394287 0.1048184 0.1388748 0.1646247 0.07298387
0.2593691 0.1794388 0.1182497 0.1330989 0.132805 0.1298864 0.1199059 0.1383512 0.1259229 0.1244389 0.1444462 0.1474957 0.09895466 0.07108068 0.08256833 0.1235444 0.1382957 0.186969 0.1416302 0.08428468 0.05905899 0.04301933 0.03075827 0.01884305 0.01866085 0.03407577 0.07999428 0.03240798 0.02108598 0.01297957 0.0106213 0.007085515 0.004956232 0.005043464 0.004337013 0.005560163 0.01730232 0.004810758 0.006138572 0.02899758 0.03806583 0.02927807 0.05202715 0.04870715 0.06744319 0.08366372 0.06245999 0.04418897 0.05147175 0.07810118 0.1085047 0.1431251 0.1482525 0.1498689 0.1426075 0.1237903
0.190338 0.1576109 0.09798503 0.08713909 0.08867232 0.1195717 0.06850839 0.04806894 0.04432832 0.05226273 0.06165566 0.09768865 0.07904263 0.0502689 0.07173421 0.1380837 0.1279979 0.06317466 0.1217756 0.06598314 0.03495334 0.0294375 0.02624498 0.01736099 0.01924326 0.02730706 0.02420293 0.007789091 0.005531651 0.008840309 0.002262838 0.002936509 0.002260453 0.002701855 0.002112961 0.01626243 0.07839587 0.007801144 0.008319331 0.0178136 0.03567515 0.02246692 0.05245304 0.1391709 0.126397 0.08524899 0.1046828 0.06438426 0.06962336 0.07458232 0.1076757 0.1329032 0.1297984 0.1386694 0.1625 0.1112097
0.2303894 0.1559085 0.09694557 0.102641 0.1040465 0.1149903 0.07447872 0.05943183 0.04637257 0.05273993 0.03908908 0.06712792 0.06378077 0.0485038 0.04601744 0.08165935 0.06021743 0.03682772 0.05399705 0.04045355 0.03064614 0.02579319 0.01981318 0.006451236 0.006576962 0.02052108 0.01605438 0.007939517 0.00211087 0.002163684 0.001274834 0.002377405 0.001779481 0.001382093 0.001537176 0.01106064 0.01745592 0.008425694 0.009418068 0.01589292 0.01947878 0.02173724 0.03637172 0.131528 0.1991173 0.1863922 0.1896774 0.09390148 0.08113186 0.07746476 0.1081729 0.08846775 0.09834677 0.1245161 0.1160081 0.08870967
0.2729022 0.1732397 0.0951535 0.1013479 0.07400604 0.1199214 0.07520968 0.09236906 0.05669533 0.04727687 0.03345994 0.04217271 0.04962091 0.0415732 0.04332669 0.04819459 0.03533166 0.02715287 0.02314679 0.01812767 0.01781708 0.01962704 0.0169782 0.008250754 0.007807393 0.005371192 0.004804516 0.01138296 0.004062264 0.0007204368 0.000685688 0.001287054 0.0009053388 0.0009840273 0.001671931 0.01418222 0.01050427 0.008340113 0.01004615 0.01982668 0.02272698 0.03297614 0.04973326 0.1283693 0.1758889 0.1234629 0.1034766 0.1187887 0.1109404 0.1026912 0.123631 0.1047984 0.1066129 0.1233468 0.09955645 0.07834677
0.2742404 0.2017274 0.1949981 0.1032002 0.09877334 0.09679261 0.073701 0.06626392 0.05105824 0.03713113 0.05344335 0.04079971 0.04371928 0.06647804 0.07470195 0.05468349 0.02767123 0.02238388 0.02080341 0.01875773 0.01744807 0.01865282 0.0177979 0.01019796 0.00491628 0.003265562 0.007608877 0.007733209 0.00740093 0.0004575299 0.0006824006 0.001452956 0.0009503894 0.001312057 0.001981892 0.005062488 0.006375486 0.008139098 0.01089651 0.0191973 0.02529077 0.06892455 0.1119642 0.1159064 0.1280008 0.07871134 0.05645258 0.09645838 0.09424093 0.1186833 0.1485398 0.1157258 0.1167742 0.1186694 0.1245564 0.09608871
0.2127998 0.2624037 0.1894159 0.05646471 0.05337111 0.04790127 0.04421961 0.05873519 0.04693424 0.03366959 0.04066979 0.03062012 0.02401679 0.03506458 0.04312614 0.03081867 0.0208032 0.01700155 0.02156511 0.01878634 0.01347296 0.01208394 0.009078595 0.01057678 0.02376226 0.003572482 0.003410968 0.01694934 0.01418945 0.0007833845 0.000284994 0.001080557 0.001182914 0.001576482 0.002203354 0.006021919 0.009130324 0.01898551 0.02175198 0.0413327 0.05066809 0.07874732 0.08513182 0.0986185 0.1105729 0.09588286 0.05107386 0.0382258 0.0635887 0.1114113 0.1668951 0.06987903 0.06572581 0.06681451 0.06983871 0.0794355
0.1813169 0.1386254 0.1354558 0.06300687 0.0810383 0.07674854 0.09822848 0.07064565 0.06490251 0.03233958 0.04605978 0.03802674 0.03087621 0.02324216 0.02207147 0.02844851 0.02907401 0.0178848 0.01738925 0.01365443 0.01488395 0.0124423 0.00695374 0.005562346 0.0100637 0.003228614 0.001361924 0.01204956 0.007490014 0.00034076 0.000163676 0.0009210223 0.001054313 0.001529827 0.002492629 0.007975687 0.008659892 0.01090217 0.01513228 0.03086179 0.04710738 0.07187413 0.07445979 0.1081064 0.06011988 0.06568019 0.03833646 0.02733871 0.03987903 0.05778226 0.03939516 0.01596774 0.02842742 0.03967742 0.04508065 0.03084677
0.1529776 0.1198328 0.1470895 0.1554788 0.1451227 0.110636 0.08896574 0.06997032 0.06838316 0.04869677 0.06092034 0.03106163 0.02901634 0.02276227 0.03213958 0.02537751 0.01745918 0.01602263 0.01116793 0.007346939 0.008963448 0.01125743 0.006527136 0.001057902 0.001116803 0.001520417 0.002815146 0.0006907723 0.0002071834 0.000151083 0.0001010844 0.000855776 0.001026109 0.00165385 0.002710544 0.007442028 0.009436256 0.01346798 0.02501857 0.03420107 0.03867394 0.04595024 0.04387711 0.05278925 0.05386602 0.02556883 0.02761262 0.01362903 0.01245968 0.01298387 0.01125 0.01012097 0.009758064 0.01520161 0.02129032 0.02233871
0.1007888 0.1026074 0.2031259 0.1439808 0.1200442 0.142048 0.1739817 0.1266785 0.03919338 0.04360108 0.04778877 0.02629349 0.01791519 0.01853977 0.02229384 0.02344091 0.01884831 0.01583948 0.0154619 0.01159107 0.009372602 0.01033739 0.007028317 0.003707094 0.003591438 0.001944462 0.001768556 0.001979773 0.0005260263 0.001747873 0.001055811 0.0008768746 0.001082498 0.001751305 0.002849035 0.007843617 0.0115685 0.01223502 0.01417719 0.02451285 0.03627033 0.06338599 0.04907819 0.02319023 0.02171763 0.02177515 0.02196245 0.003225806 0.004354838 0.003064516 0.003548387 0.007177419 0.008629031 0.004354838 0.004596774 0.00766129
0.1362215 0.0973319 0.1630735 0.2432132 0.1524808 0.1055187 0.09010593 0.1092969 0.0313206 0.03151454 0.02398787 0.02636873 0.02613492 0.02514492 0.01971183 0.01876148 0.01782868 0.01336723 0.009197018 0.006135323 0.00755768 0.008177332 0.007864975 0.004141359 0.002425685 0.001550645 0.003211551 0.005835907 0.0004942509 0.0007913532 0.0009720621 0.0007899397 0.0009929084 0.001625187 0.00263092 0.001581028 0.001975319 0.002911814 0.004465422 0.0387 0.04141669 0.03597147 0.04457677 0.0371615 0.02727369 0.02662008 0.0265508 0.004193548 0.004879032 0.001814516 0.002056452 0.0006451613 0.003104839 0.002419355 0.001572581 0.001491935
