contrib/geomasonDemos/riftland/DataFiles/RainData/34.txt
ncols         56
nrows         54
xllcorner     28.264
yllcorner     -5.7719999999999
cellsize      0.25
NODATA_value  -9999
[rows 0 to 25 of 54, columns 0 to 55 of 56]
0.1659098 0.1446033 0.1539874 0.1369521 0.1327403 0.1642389 0.1548367 0.1595898 0.2007242 0.1206209 0.1610831 0.2614123 0.2296949 0.1513748 0.1146431 0.1153156 0.1010664 0.06448795 0.0639708 0.1097311 0.1056497 0.09436564 0.09139465 0.1392171 0.1511235 0.1457023 0.1070993 0.1297922 0.1051631 0.08951833 0.07722556 0.07655875 0.09365319 0.1001131 0.07766946 0.08196507 0.04916542 0.04186886 0.01989167 0.01968441 0.01067024 0.01595015 0.01469236 0.02536716 0.03661766 0.03110369 0.03919208 0.03560593 0.06236016 0.07549223 0.07563123 0.08636735 0.08824021 0.08271054 0.07947729 0.06339288
0.2141619 0.1983193 0.1524004 0.1841653 0.1930664 0.1897079 0.1798015 0.163174 0.2663427 0.1612654 0.09413107 0.1021673 0.1149126 0.08905859 0.08411781 0.09999418 0.129923 0.1182403 0.1297168 0.1192416 0.09664834 0.1061383 0.1154855 0.1382341 0.1304409 0.1210185 0.1067599 0.1325146 0.1317647 0.07529137 0.0709229 0.108204 0.1023879 0.09884258 0.09274463 0.07680193 0.05260734 0.03513969 0.03614299 0.03236209 0.02345222 0.02154857 0.02743232 0.02937932 0.0289511 0.02642892 0.03873046 0.04291799 0.05304505 0.06684837 0.07994649 0.07695451 0.1086114 0.1116075 0.06992524 0.04634855
0.2022125 0.2407184 0.1965492 0.2244503 0.2025196 0.1603544 0.1764597 0.1581052 0.2025835 0.116804 0.07004274 0.07203793 0.08954433 0.09994838 0.1551813 0.1384752 0.1626865 0.1768028 0.1628665 0.126514 0.1120865 0.1086367 0.1222951 0.1283302 0.1316857 0.1088945 0.1111218 0.1199068 0.1145731 0.1129233 0.06798976 0.1240625 0.1308626 0.1307355 0.1163345 0.1014796 0.07591098 0.08986364 0.05524798 0.03971065 0.03948944 0.03629252 0.03950844 0.02628887 0.02458093 0.03540417 0.0399936 0.0514917 0.06021607 0.08266062 0.1131105 0.08109368 0.08322766 0.07455657 0.0796173 0.04074196
0.1998989 0.1989047 0.2155678 0.2765827 0.1985909 0.1633596 0.186081 0.1622481 0.1673591 0.1526254 0.109123 0.09922887 0.1043438 0.1402406 0.1758219 0.1559592 0.1506544 0.1315713 0.1220509 0.1534487 0.1306614 0.129672 0.1297895 0.1482583 0.1265025 0.119289 0.1433598 0.1757952 0.1438816 0.1111936 0.08800698 0.1128629 0.1221868 0.1121966 0.12252 0.1072666 0.09448946 0.08157214 0.05183593 0.07026752 0.0749739 0.05869069 0.04769881 0.05578066 0.07125559 0.05401507 0.04921542 0.06458803 0.07555998 0.09151345 0.0907209 0.07792258 0.1055967 0.07036311 0.07360912 0.05524638
0.201955 0.182512 0.2248742 0.3701846 0.2768013 0.1668516 0.2114133 0.185827 0.1695972 0.1626482 0.1354775 0.1164311 0.1211187 0.1201551 0.1000629 0.120229 0.1506139 0.1544406 0.1063822 0.1241246 0.1109377 0.1092111 0.1313669 0.1793409 0.1683822 0.1454011 0.1236845 0.1260549 0.1169564 0.09543601 0.08475413 0.1277059 0.1110208 0.1056727 0.125479 0.1072401 0.08249977 0.04302373 0.03319443 0.05820031 0.08209709 0.0829842 0.07187171 0.0898598 0.09381183 0.08696785 0.07557534 0.08502667 0.1009654 0.1070627 0.07984678 0.07029738 0.06634579 0.05265078 0.05730044 0.04178767
0.1822297 0.1437261 0.1373534 0.1993314 0.2651479 0.1991114 0.1908554 0.1777856 0.1124592 0.09907753 0.09705331 0.08590832 0.1060123 0.09401247 0.06809719 0.1248914 0.1062921 0.1645135 0.07499202 0.08268487 0.07955846 0.08696231 0.1251937 0.1906744 0.1998967 0.1635858 0.1287133 0.1593634 0.1138424 0.1085839 0.1170645 0.1323729 0.1134076 0.1304157 0.1214149 0.115626 0.08186739 0.04459032 0.03987341 0.05656496 0.07239255 0.07860801 0.08363529 0.1062576 0.1254957 0.09982295 0.09890681 0.09590509 0.09493703 0.08004702 0.07075109 0.06661616 0.06047929 0.05903777 0.05025246 0.0479655
0.212198 0.1956533 0.1554594 0.1616537 0.2546673 0.2337745 0.1742938 0.1393254 0.1223565 0.0783717 0.08115894 0.1303266 0.09855091 0.09294204 0.074421 0.1131686 0.1022766 0.100014 0.06640492 0.07362681 0.09573491 0.1021918 0.1072267 0.1517501 0.1481141 0.1657454 0.1597641 0.1088378 0.08932181 0.109686 0.155412 0.1259086 0.1279719 0.1503109 0.1202757 0.1017169 0.08283869 0.04564655 0.04802855 0.06731506 0.08495183 0.08950188 0.09054888 0.09883809 0.1109186 0.08912364 0.08198218 0.1124202 0.07287068 0.0649683 0.07691932 0.07172343 0.06837691 0.0689534 0.06600858 0.06256796
0.2212188 0.2619276 0.1620242 0.1436065 0.2348712 0.164841 0.1190173 0.1789448 0.1437605 0.1355804 0.17025 0.1363084 0.1049594 0.09463786 0.1014035 0.1275107 0.1224944 0.1023896 0.0944508 0.09256639 0.1093786 0.1121677 0.1089126 0.1416065 0.1384354 0.1412231 0.1303378 0.1281766 0.1555659 0.1760812 0.161064 0.1544156 0.1848667 0.180385 0.122283 0.09534282 0.08730691 0.07099671 0.06326122 0.05720348 0.07532331 0.1127656 0.1055802 0.1098067 0.1120801 0.0935453 0.09487919 0.08166227 0.08282607 0.08412021 0.08481944 0.08021929 0.06867225 0.07167006 0.08016096 0.08451749
0.2191909 0.1907419 0.1468912 0.1586808 0.1545314 0.1641473 0.1333299 0.1308978 0.1581404 0.2204579 0.1641255 0.1301031 0.1194637 0.1370705 0.1324595 0.141123 0.1069711 0.09258734 0.09677275 0.1077797 0.1376853 0.110287 0.1028861 0.1133223 0.107799 0.1044936 0.07894514 0.1220798 0.1417152 0.1215872 0.1147989 0.1290286 0.1494724 0.1342444 0.1342668 0.1061898 0.07023196 0.0788208 0.08411787 0.07515018 0.08702736 0.1052167 0.144694 0.1483567 0.1186302 0.1006164 0.08143348 0.0997733 0.08018266 0.06842543 0.06739312 0.06098706 0.07166111 0.08836679 0.08867437 0.06284802
0.2365079 0.2293091 0.1756314 0.1193614 0.1284055 0.1251642 0.09810051 0.1063331 0.1297989 0.167713 0.1338835 0.1431645 0.1599051 0.1964273 0.1538623 0.1214914 0.1144539 0.1074226 0.1126668 0.1432861 0.1325679 0.116785 0.1237137 0.1157669 0.07577748 0.07402153 0.04405365 0.06417564 0.09105583 0.05305669 0.05162517 0.06462663 0.1064452 0.1102319 0.1102275 0.1049555 0.07289094 0.0836269 0.08859379 0.07328685 0.08353515 0.07489488 0.09428582 0.09936772 0.1046242 0.08968479 0.0815485 0.06708281 0.05583326 0.05199909 0.07516908 0.05476026 0.06205478 0.06505032 0.04900078 0.03980278
0.2107352 0.1906766 0.1580859 0.1187299 0.153024 0.1834439 0.1145281 0.1545012 0.1695617 0.1553394 0.1384205 0.1628473 0.1555536 0.1831726 0.1537723 0.1356401 0.1362494 0.1264975 0.1199435 0.1473192 0.1391847 0.1373988 0.122957 0.1145543 0.06119893 0.05054102 0.05134248 0.02460255 0.04177042 0.0325652 0.02916262 0.04640375 0.08370056 0.08311298 0.05804184 0.09272151 0.0742414 0.07195576 0.08030027 0.06745592 0.06420849 0.06516244 0.0741784 0.08092377 0.06894248 0.05492328 0.0484572 0.03901381 0.04512626 0.0504951 0.06174639 0.06502388 0.05498799 0.04170059 0.03128241 0.02570427
0.2303889 0.2457091 0.1749524 0.1769462 0.3030435 0.2010737 0.1733728 0.2154456 0.1866107 0.149494 0.1419168 0.1608711 0.167959 0.1750531 0.1608057 0.1758318 0.1793422 0.1658133 0.1616822 0.1681263 0.1794859 0.1687604 0.1428118 0.1223255 0.08499821 0.06368453 0.04578489 0.03845309 0.04035073 0.03130016 0.03462657 0.03581819 0.04799779 0.05628971 0.08162448 0.07358678 0.06513861 0.05645119 0.06784786 0.08244763 0.0686345 0.06835943 0.06478316 0.06268238 0.0566902 0.05171178 0.04569201 0.04683071 0.05810383 0.05689386 0.05154781 0.05578295 0.04951128 0.03693067 0.03216011 0.02543934
0.2734123 0.2693294 0.2373584 0.3078528 0.2603234 0.1856429 0.1745869 0.2008807 0.2013197 0.189211 0.1559631 0.1557689 0.170527 0.1700877 0.2052854 0.2182067 0.2043506 0.2042942 0.1920595 0.1854847 0.1671812 0.1475375 0.1358801 0.1158783 0.0795271 0.05313507 0.03952032 0.0376216 0.03684865 0.0310784 0.03497699 0.04366458 0.02644872 0.03316338 0.03773955 0.05136957 0.06163571 0.04889542 0.05729338 0.06760644 0.06075051 0.0529107 0.05718754 0.06659936 0.05945801 0.04903513 0.05382416 0.0609321 0.06052738 0.05474528 0.04862735 0.04538701 0.04418189 0.03163618 0.02906956 0.01922068
0.2736204 0.3057983 0.304543 0.3567232 0.2385981 0.1777857 0.1765338 0.2000235 0.184268 0.1755813 0.1629997 0.1780316 0.2118155 0.2066121 0.237574 0.2563834 0.2371359 0.2146327 0.2078964 0.2249634 0.1664001 0.1434721 0.1367328 0.1383438 0.0754572 0.04463246 0.03186252 0.02396931 0.02816532 0.04537181 0.02546773 0.02395706 0.02124012 0.02285361 0.0246478 0.04180073 0.0458222 0.03622138 0.03961789 0.06672885 0.07025237 0.05847188 0.05935567 0.05982409 0.06192412 0.05808894 0.05803661 0.06012432 0.05477334 0.05410885 0.04519132 0.02915739 0.02944743 0.02995959 0.0269552 0.02033983
0.2779057 0.2772754 0.3683512 0.4027458 0.2533631 0.2107746 0.2218233 0.1876733 0.233215 0.2082789 0.1701145 0.1795021 0.2356824 0.2386453 0.2692706 0.2786247 0.2555441 0.2405874 0.1988145 0.1411649 0.1182613 0.121179 0.1492733 0.1453364 0.08466373 0.04422485 0.0481697 0.0183319 0.03115572 0.03809968 0.0129649 0.01783306 0.02103755 0.01595915 0.02267002 0.01883498 0.0191338 0.01261686 0.01281154 0.03949839 0.05313255 0.06274737 0.05139065 0.06275576 0.07321355 0.05896782 0.04328965 0.05086143 0.05218257 0.05604615 0.05292578 0.03514697 0.03095407 0.03437776 0.02554335 0.02392917
0.2722665 0.3093228 0.351303 0.3532183 0.2671843 0.1778723 0.2220302 0.2549763 0.2173105 0.2413458 0.1995521 0.1837755 0.2172042 0.2257338 0.2354712 0.2573168 0.2474981 0.2200222 0.1818111 0.151325 0.1569284 0.1511799 0.1326784 0.1529291 0.1093255 0.05491472 0.04600096 0.02706051 0.01762921 0.02075939 0.01226335 0.01870333 0.0217994 0.01891039 0.02584607 0.02758777 0.02150254 0.01771599 0.01931168 0.03611413 0.04307201 0.05054576 0.04968374 0.06308617 0.07935021 0.08047401 0.06322572 0.05095835 0.05244547 0.0596812 0.04677497 0.03982016 0.03611004 0.02947537 0.02419234 0.02623555
0.2137613 0.2403752 0.2453033 0.228076 0.2207413 0.2147799 0.2189719 0.2825334 0.2682842 0.2193425 0.2039502 0.1906005 0.2056597 0.221926 0.19255 0.1881983 0.2116505 0.2031027 0.2045484 0.2073908 0.1938726 0.1600132 0.1255845 0.1453437 0.1057007 0.07413714 0.04715355 0.04434321 0.02601497 0.01435257 0.01323847 0.01828785 0.01880255 0.02124382 0.01882423 0.01754624 0.01734229 0.01717716 0.01895415 0.03450824 0.04786337 0.05277682 0.05392025 0.04098843 0.05607349 0.06264389 0.07482799 0.06114238 0.05014427 0.04176047 0.03161984 0.02593929 0.02445727 0.02732542 0.02699749 0.04061035
0.1881042 0.2047901 0.1914666 0.1938322 0.2242253 0.2407435 0.2191569 0.2587465 0.2955511 0.2368586 0.2105939 0.1992816 0.2244928 0.2592689 0.2122944 0.2026097 0.2176658 0.231154 0.2479866 0.2394334 0.2313779 0.1798343 0.131056 0.1333914 0.09584329 0.09443102 0.07217975 0.05876012 0.04367762 0.02417979 0.01515108 0.01908233 0.01892067 0.01826483 0.01829975 0.01324835 0.01341318 0.01521685 0.01749474 0.03299183 0.06021652 0.07234461 0.04907796 0.03610108 0.03925297 0.04569464 0.06668368 0.05376001 0.04503942 0.03749697 0.03193739 0.02696053 0.02739055 0.02366657 0.03757565 0.05988359
0.2133045 0.2190921 0.1822027 0.1991614 0.2205172 0.2252247 0.2356848 0.2533589 0.2157975 0.2425004 0.2016363 0.1917122 0.2033038 0.2209996 0.221007 0.2630062 0.2576832 0.2617417 0.3002239 0.322083 0.2417372 0.1671606 0.1194043 0.1225474 0.112942 0.1081749 0.08675347 0.0673423 0.0519942 0.04022596 0.01971374 0.02257057 0.02065282 0.02002763 0.01828546 0.01274841 0.01248333 0.01420873 0.0151522 0.0276771 0.02982354 0.04484354 0.05166026 0.04670655 0.04818154 0.04286578 0.03829252 0.0327276 0.03881345 0.03797655 0.0348538 0.03939091 0.04060038 0.03777272 0.04004082 0.03993367
0.2428626 0.2085972 0.2187342 0.194879 0.156772 0.1964448 0.2532198 0.2273148 0.1901788 0.2112514 0.1685793 0.1668555 0.1738715 0.2104203 0.2654933 0.2765032 0.2950004 0.287682 0.3034732 0.2767502 0.225489 0.1837083 0.13583 0.1253399 0.0961778 0.08676811 0.07939536 0.07630064 0.06258785 0.0529201 0.04786963 0.03248868 0.02823297 0.02492047 0.02337196 0.01090175 0.009214307 0.009937982 0.01165558 0.02400856 0.02897389 0.04531753 0.06514849 0.04396253 0.05031393 0.03780776 0.02948211 0.02632393 0.02691773 0.02530378 0.03137884 0.04707022 0.03492143 0.04514007 0.04597012 0.06772961
0.2153924 0.3185092 0.3244126 0.2444673 0.1972882 0.1988895 0.2347865 0.2288741 0.2040032 0.1970957 0.1643803 0.1648734 0.1810597 0.2184651 0.2073916 0.2592567 0.2749006 0.3019521 0.3429625 0.2769542 0.2238225 0.2197299 0.1526369 0.1357101 0.1109392 0.08800106 0.08682126 0.08650566 0.07997886 0.06317158 0.0443734 0.0438551 0.03808352 0.02569016 0.02309608 0.01053557 0.008507967 0.008361632 0.01006431 0.0185625 0.02238229 0.05090576 0.05631641 0.04212001 0.043302 0.02854702 0.02812884 0.02367642 0.0290653 0.03397502 0.0288864 0.03033433 0.03601108 0.04402338 0.06202214 0.1048376
0.2409315 0.2741385 0.2651657 0.2497539 0.2284399 0.2123566 0.2635494 0.2742447 0.2002621 0.1837053 0.1708263 0.1644356 0.1797251 0.1894623 0.1781427 0.238405 0.2636289 0.2780866 0.2805367 0.2717293 0.2555862 0.2250232 0.1851693 0.1626205 0.1473267 0.1073073 0.09497815 0.08744407 0.0833773 0.07197373 0.04015996 0.04853963 0.04379267 0.03124146 0.03140924 0.01032609 0.009195265 0.008019359 0.008750304 0.01670907 0.02289156 0.03428047 0.02349877 0.02440858 0.02280866 0.02212383 0.01791083 0.01759158 0.02452553 0.02366161 0.03408105 0.05102219 0.08650235 0.08737353 0.07288111 0.1038703
0.2963343 0.2799965 0.2380666 0.2265395 0.2251707 0.2420647 0.2829745 0.3109998 0.2932244 0.1921598 0.1486937 0.1431051 0.1911567 0.1995822 0.1878934 0.2107909 0.2431832 0.24922 0.2198861 0.233342 0.2208728 0.2389242 0.2127239 0.2257483 0.210554 0.1528466 0.1154967 0.1027494 0.08681364 0.06156543 0.04801259 0.05038732 0.04340557 0.04543632 0.03768737 0.01296531 0.01099377 0.00948303 0.009404933 0.01833645 0.01981252 0.01971702 0.01510893 0.01554878 0.01417894 0.01351127 0.01378809 0.01707452 0.02467768 0.02900866 0.03123566 0.04639723 0.1043801 0.1194548 0.06607769 0.07846448
0.2586342 0.2454855 0.2006975 0.2075858 0.2178175 0.2405072 0.2997772 0.3363919 0.2604834 0.1884235 0.1711921 0.1710497 0.175159 0.1951273 0.1955649 0.2047282 0.1932223 0.1916401 0.190565 0.1779357 0.1723601 0.2035471 0.1735896 0.3042934 0.3226802 0.2319248 0.1449205 0.1426175 0.1301174 0.09774344 0.08957967 0.07107074 0.05394599 0.04936919 0.04717151 0.02790146 0.02218602 0.01560497 0.01561207 0.01692219 0.01483514 0.01451904 0.01344102 0.007382044 0.006283725 0.0058543 0.005848391 0.006917117 0.01464284 0.01970835 0.0207863 0.04529946 0.08241001 0.0499624 0.05551056 0.05976395
0.2297819 0.188647 0.1541346 0.1735428 0.1844012 0.1738371 0.1712746 0.2468574 0.1836276 0.2407262 0.2632042 0.1997566 0.1787825 0.2073544 0.2190913 0.1957995 0.1864907 0.1970581 0.1960356 0.1556105 0.1839703 0.2431289 0.1918222 0.2464401 0.2297025 0.2417189 0.168555 0.1548958 0.1703286 0.1505502 0.1179651 0.09287915 0.06694535 0.05992732 0.05244246 0.05967481 0.04578891 0.02505803 0.02068367 0.01953111 0.02870967 0.01925896 0.02404908 0.01780612 0.005929942 0.004305187 0.003849366 0.002544797 0.002917364 0.008736896 0.01723251 0.0287544 0.03046879 0.0255813 0.02951864 0.02502485
0.2187675 0.1695255 0.1556014 0.1736188 0.1597905 0.1534026 0.1373123 0.1662465 0.1572314 0.1968613 0.2559949 0.2260916 0.1841246 0.1814355 0.2018379 0.2028895 0.1924165 0.2155472 0.1631261 0.1717482 0.1694319 0.2544605 0.2149107 0.2447504 0.2275154 0.2243257 0.1948868 0.1916822 0.17537 0.1591507 0.130486 0.09784675 0.07377004 0.07116907 0.0586816 0.06331568 0.06311034 0.05692232 0.0418643 0.03764658 0.03755596 0.03209194 0.01672059 0.007613649 0.004547065 0.003836798 0.005704565 0.003517214 0.004082248 0.005313978 0.02604939 0.02111829 0.01360448 0.0231244 0.03048006 0.02366617
