contrib/geomasonDemos/riftland/DataFiles/RainData/36.txt
ncols         56
nrows         54
xllcorner     28.264
yllcorner     -5.7719999999999
cellsize      0.25
NODATA_value  -9999
[rows 27 to 53 of 54, columns 0 to 55 of 56]
0.1309348 0.1562336 0.1429187 0.184295 0.1734345 0.1862664 0.2030384 0.1941179 0.1859585 0.1462053 0.1516958 0.1579279 0.1786055 0.1880129 0.1723082 0.1495197 0.1689433 0.1706008 0.1289918 0.1354402 0.1257441 0.1237749 0.1192804 0.1541128 0.1165146 0.08854224 0.07005992 0.05611547 0.06559341 0.06370115 0.05617782 0.06827487 0.05267211 0.05629585 0.06696329 0.08937564 0.09420265 0.08908702 0.08200581 0.06147815 0.05425914 0.05530321 0.04879387 0.02966034 0.04032873 0.03681133 0.02617558 0.01385544 0.02296034 0.02226836 0.03620615 0.04617823 0.03858268 0.04503072 0.03871675 0.05639255
0.1979359 0.1816053 0.1259255 0.1723611 0.1785337 0.1892197 0.2208194 0.2087906 0.2341577 0.1714535 0.1612894 0.1673307 0.1841699 0.1946295 0.1754933 0.1735889 0.1927806 0.1907488 0.1711416 0.179674 0.1647827 0.1681202 0.1644141 0.1726582 0.1416926 0.1307069 0.09269815 0.06301524 0.07578978 0.06485932 0.05890646 0.05968233 0.05947657 0.06209688 0.07277857 0.09531087 0.1038183 0.1047559 0.101861 0.07095181 0.06528101 0.06371813 0.06359376 0.03830973 0.04098208 0.05080929 0.05134681 0.02371777 0.03577698 0.04914203 0.04804543 0.05078797 0.05504966 0.0339702 0.05195927 0.09621643
0.2448645 0.2029854 0.1778294 0.1993737 0.2007102 0.1843024 0.2197966 0.1844802 0.1914685 0.1810414 0.162014 0.1867398 0.1903721 0.2083375 0.1690339 0.1919026 0.1827491 0.2101954 0.2038568 0.2114569 0.1945231 0.2250348 0.1821447 0.1849013 0.1708973 0.2033224 0.1145638 0.0813519 0.08520993 0.06675801 0.05830218 0.09347901 0.0740637 0.06388352 0.07146373 0.0948411 0.115645 0.1304013 0.117231 0.07641664 0.07040808 0.0671434 0.07010751 0.04160168 0.03070805 0.03765603 0.03838838 0.02229685 0.02059376 0.04268092 0.04530945 0.04397543 0.0826907 0.08506043 0.08623623 0.1512915
0.2389451 0.2295682 0.1776258 0.1554887 0.1742036 0.1554468 0.1641833 0.1714821 0.1846336 0.1744876 0.1588628 0.2071827 0.2181972 0.2008747 0.1825105 0.1572101 0.2041012 0.1972192 0.2330103 0.2595088 0.2399018 0.2183663 0.1717423 0.1661411 0.2258818 0.259113 0.1543455 0.1232193 0.09616728 0.07956121 0.07089624 0.09110904 0.0825757 0.07885017 0.0738217 0.08678345 0.1013246 0.1274742 0.1324859 0.07361778 0.06819592 0.05992715 0.05324157 0.03527016 0.03058437 0.03454293 0.0388878 0.03838826 0.01776773 0.01920865 0.05247273 0.05918159 0.06318317 0.07689878 0.0812441 0.04832141
0.2258789 0.1713584 0.1339361 0.1626991 0.1615608 0.1450328 0.1407086 0.1805707 0.1932163 0.2114076 0.1946435 0.2063159 0.2186285 0.2300586 0.195337 0.21208 0.2033813 0.2400732 0.2584195 0.2532423 0.2514935 0.2586544 0.2066104 0.1592744 0.2181787 0.3134655 0.1566859 0.1366373 0.1190925 0.0977409 0.09123664 0.07127682 0.07073879 0.07664055 0.07526809 0.1084379 0.1216568 0.0930035 0.09966148 0.08516204 0.08345583 0.07956339 0.04852156 0.02236868 0.01453998 0.05104098 0.09482986 0.05718495 0.0293708 0.01483997 0.02447904 0.0258992 0.04563081 0.05015934 0.04899392 0.02591251
0.2233382 0.1376119 0.1332019 0.1609403 0.1514558 0.1370901 0.1324938 0.1803273 0.1909855 0.1844884 0.1954125 0.2106194 0.210294 0.1865482 0.2080312 0.2340415 0.2594853 0.2820316 0.2996646 0.2912486 0.271758 0.2691199 0.2232018 0.1726183 0.199487 0.1957123 0.2086706 0.187934 0.1429403 0.0967883 0.09060404 0.07756245 0.0665906 0.07042356 0.08009872 0.09636506 0.09943087 0.08286861 0.09231911 0.08993756 0.08919504 0.07185052 0.04472781 0.03958608 0.01984479 0.1093124 0.1357491 0.06028867 0.05364819 0.04748325 0.02311663 0.02021439 0.04492275 0.0744629 0.06903824 0.03034258
0.2328011 0.1737848 0.1335561 0.1482299 0.116925 0.1275422 0.1382706 0.1677733 0.1823878 0.1795051 0.1943322 0.2003646 0.2078037 0.2011597 0.2226464 0.2395766 0.2724003 0.3163208 0.3129894 0.3112567 0.2793563 0.2519362 0.2416567 0.1826486 0.1982556 0.2474516 0.2362552 0.2018797 0.1717316 0.1107601 0.09814993 0.09087377 0.07085928 0.08322229 0.08290416 0.09878029 0.08348185 0.09132041 0.07941967 0.07641216 0.08164006 0.0858233 0.06856612 0.06662912 0.03429303 0.05754974 0.126881 0.0592062 0.07554686 0.06126914 0.03394278 0.04865178 0.07251251 0.09815522 0.05976728 0.0252234
0.2341714 0.1411664 0.1182467 0.1552199 0.1328948 0.1354757 0.1331261 0.1653781 0.1816661 0.1772386 0.1858449 0.19921 0.2212606 0.212072 0.2471583 0.2556729 0.3400035 0.3944575 0.3774836 0.3396269 0.2597553 0.2022489 0.201022 0.1917482 0.2534178 0.304003 0.2261086 0.200663 0.157074 0.1568824 0.133521 0.1130769 0.08314682 0.07642045 0.07443716 0.0848134 0.08639544 0.09109769 0.08521745 0.0799488 0.09575695 0.1085858 0.1078736 0.09575216 0.07784534 0.06982472 0.1042897 0.1410773 0.1016874 0.05540086 0.05183199 0.09564837 0.1131422 0.06514777 0.03858244 0.0117471
0.2551992 0.1772141 0.1487055 0.1700176 0.1459882 0.1261812 0.110477 0.1403893 0.1453093 0.163256 0.191775 0.2101899 0.2262432 0.2459927 0.2575883 0.2974066 0.449169 0.4657331 0.3703599 0.3439561 0.2343367 0.1796725 0.1588164 0.1863361 0.336507 0.2936945 0.259951 0.2128406 0.1442134 0.1082645 0.1050488 0.0866771 0.07268984 0.08112568 0.0761411 0.08805811 0.09176947 0.09062567 0.1031877 0.1155744 0.1032306 0.1325531 0.1231267 0.09004318 0.08742455 0.05924022 0.06854406 0.08759515 0.05915865 0.04749178 0.04558927 0.09416223 0.1102745 0.06285883 0.01862099 0.001652765
0.3028066 0.2194582 0.1375335 0.1574666 0.1293068 0.1113162 0.09348746 0.1054775 0.142476 0.1588644 0.1554228 0.179727 0.2112219 0.2089735 0.2526233 0.2774389 0.3637061 0.3933128 0.2922669 0.2430076 0.1836412 0.1822947 0.2151216 0.2375508 0.306102 0.345769 0.206413 0.1918254 0.1463933 0.09650715 0.1158432 0.0953356 0.09646845 0.07356413 0.07621317 0.08845268 0.105549 0.1124573 0.1205853 0.1163418 0.1154333 0.1335021 0.1015009 0.08464596 0.1030036 0.06383547 0.0637602 0.07243924 0.05169152 0.07006196 0.09821006 0.09689177 0.09950178 0.05026443 0.01303625 0
0.2730243 0.2370688 0.1006306 0.1101831 0.1213748 0.1225103 0.1091663 0.1111915 0.1186066 0.153484 0.1399921 0.1871904 0.200658 0.1973989 0.2403945 0.2684282 0.3025451 0.2905531 0.2471361 0.1922887 0.1889404 0.1881172 0.230155 0.2746983 0.3186836 0.3544551 0.2364527 0.1890538 0.1532693 0.1186751 0.1386301 0.09486207 0.08507616 0.0767575 0.06874619 0.0949453 0.1248404 0.1402702 0.1508443 0.1464568 0.1250509 0.1105534 0.1103854 0.09697461 0.1138034 0.1566618 0.1615885 0.1547323 0.07487982 0.08354256 0.08059371 0.08012259 0.06534437 0.02442447 0.01695368 0.0006854839
0.2521788 0.1830789 0.1022195 0.1168918 0.1228796 0.1382299 0.1119956 0.1053144 0.1235833 0.1402377 0.1551666 0.2020759 0.1766307 0.2055539 0.2472161 0.2414842 0.2737538 0.2218717 0.2604867 0.1799016 0.1891577 0.1969869 0.2774733 0.2205317 0.3637207 0.3038174 0.2036497 0.2146041 0.1504113 0.1448758 0.1595506 0.1142678 0.07286307 0.07488731 0.08680866 0.1138644 0.1459475 0.1499355 0.1540099 0.1979671 0.1600549 0.1537316 0.1679015 0.1172008 0.1042777 0.115043 0.1652973 0.1501474 0.07561467 0.06020637 0.0515297 0.06223068 0.02941378 0.01416548 0.01427014 0
0.2255495 0.2132191 0.1519198 0.1153023 0.1129714 0.1061032 0.08320867 0.08474794 0.1149544 0.1304565 0.1504897 0.1726255 0.1581862 0.1531944 0.1642468 0.1840955 0.1923238 0.1913741 0.1894742 0.2079009 0.1885561 0.1692045 0.2909454 0.2270076 0.2964457 0.2446554 0.2034023 0.1851344 0.1894069 0.1297622 0.1474233 0.1155881 0.08593573 0.08731264 0.1049118 0.1092937 0.1478757 0.1727301 0.1840451 0.2078599 0.1812218 0.1892532 0.190735 0.1274482 0.1209609 0.1420234 0.1634972 0.2086129 0.1367315 0.0531217 0.02379945 0.0264271 0.01928876 0.0136792 0.01330523 0.0006451613
0.2267471 0.2216723 0.1657421 0.128444 0.1139548 0.1220437 0.08715648 0.09800861 0.1123069 0.12576 0.157666 0.1974009 0.1701113 0.1438427 0.1574244 0.178358 0.1883694 0.1451022 0.1540215 0.1854795 0.1421039 0.1861448 0.2500566 0.1922942 0.2148585 0.2086965 0.2356124 0.1777498 0.1665286 0.1097152 0.1220685 0.1055055 0.1126979 0.1124826 0.1321763 0.1232468 0.1402683 0.1818391 0.247301 0.2851595 0.2738051 0.2194014 0.1696643 0.1051414 0.1118526 0.1464175 0.1438698 0.1054324 0.07779978 0.04152102 0.03347277 0.02079268 0.01506665 0.01406175 0.0137372 0.006169355
0.2525755 0.2081077 0.1936971 0.2105206 0.213461 0.1595349 0.1471699 0.1488797 0.1319481 0.1501117 0.1828347 0.1953163 0.2028414 0.1750887 0.1301857 0.1320053 0.1610852 0.1932631 0.2003438 0.2287481 0.297131 0.3236045 0.2880513 0.2153738 0.1760986 0.2133544 0.2119301 0.1549063 0.1248863 0.1000387 0.09510647 0.08891801 0.0881209 0.1123261 0.1091807 0.1122792 0.1262395 0.1707217 0.219318 0.2536488 0.2486502 0.2406243 0.1463464 0.1079852 0.1079435 0.08707559 0.09673838 0.07731727 0.03292646 0.02631959 0.0241561 0.0175555 0.0153277 0.01487306 0.01312698 0.0005241935
0.2575227 0.215849 0.1960559 0.2176678 0.2627009 0.2063013 0.1831108 0.2088657 0.1859661 0.2001553 0.1926675 0.2152576 0.2167396 0.2039638 0.2142177 0.1881845 0.2034315 0.1862195 0.2250283 0.3080519 0.284057 0.2939086 0.2486829 0.2203113 0.2597072 0.2788315 0.2288626 0.1717406 0.1462092 0.1501156 0.1478359 0.08702802 0.06184354 0.06967326 0.08056232 0.1006191 0.1910254 0.1768709 0.1783242 0.1825839 0.1833925 0.1907644 0.1497589 0.09670175 0.1296791 0.1148876 0.09566504 0.037781 0.02346516 0.0206597 0.02670369 0.01735288 0.01658743 0.01335491 0.0139976 0
0.1913639 0.1690312 0.1890937 0.1879595 0.1957164 0.2245625 0.2218244 0.2264467 0.2304708 0.2060628 0.1941507 0.1754577 0.2288656 0.2746162 0.2514701 0.2224938 0.2002751 0.1321686 0.1701549 0.289126 0.1875263 0.2069923 0.1970259 0.1937427 0.2934977 0.2865641 0.2359872 0.1887624 0.1891034 0.241986 0.1926868 0.0824047 0.0378078 0.05102176 0.05668361 0.09198833 0.2847403 0.1429658 0.1128091 0.1543159 0.2140706 0.2098863 0.1532303 0.1191905 0.1304726 0.1282493 0.08899322 0.05017964 0.03974885 0.03406681 0.04222315 0.01137097 0.01141129 0.0001612903 0.003669355 0.004516128
0.2033429 0.1719694 0.21253 0.1788108 0.1900904 0.2376292 0.1930982 0.2184603 0.2960443 0.2549996 0.1763073 0.1804035 0.2468894 0.2479081 0.2173061 0.2042584 0.1580414 0.1472399 0.1787054 0.2226154 0.209466 0.2227861 0.2436445 0.2162102 0.271598 0.3186898 0.1976619 0.1863368 0.2378206 0.1754581 0.1677119 0.08051962 0.06706947 0.07904162 0.0697139 0.07559606 0.09871439 0.09758518 0.09603662 0.1572827 0.2102962 0.1931642 0.1522442 0.1408505 0.1297029 0.1064852 0.07603223 0.04770527 0.04038749 0.03639439 0.03880306 0.02455645 0.01189516 0.002137097 0.01096774 0.005040322
0.2465188 0.2049645 0.2574318 0.2479475 0.1489253 0.2107444 0.1909686 0.1866955 0.2247614 0.2720845 0.2332166 0.2079402 0.2279326 0.2644397 0.2243459 0.1928186 0.1701028 0.1448087 0.1395159 0.1290412 0.2046967 0.204743 0.1832798 0.2078644 0.2298777 0.198123 0.1733231 0.1790233 0.1955905 0.2254671 0.165077 0.09373338 0.07022514 0.04915088 0.05013693 0.06904359 0.07741441 0.09654693 0.1271916 0.1529246 0.1906217 0.1771246 0.1520866 0.1361735 0.1268941 0.09794513 0.06704038 0.05052568 0.04549614 0.03894161 0.03942175 0.01754032 0.0008870967 0.005725806 0.01314516 0.01116935
0.2617757 0.2122571 0.3302589 0.2616535 0.1617565 0.174602 0.2337257 0.1848029 0.2136828 0.2763996 0.2911347 0.2683029 0.2799247 0.3194683 0.2532313 0.2252063 0.1946086 0.1797444 0.163843 0.1929978 0.2217536 0.2535882 0.2359467 0.2177658 0.184683 0.1964333 0.1969686 0.2066281 0.2351762 0.2611845 0.2044827 0.1652464 0.1231246 0.08692825 0.06714656 0.07304057 0.08437456 0.09578919 0.1180086 0.1442785 0.1650155 0.167263 0.1422204 0.1303525 0.1032509 0.09102894 0.06909643 0.05226706 0.04732107 0.0450855 0.04295179 0.00532258 0.01548387 0.006532258 0.01096774 0.004798387
0.1717512 0.1894121 0.2552716 0.2384904 0.169756 0.1679896 0.209002 0.2066601 0.2255465 0.2213216 0.2456403 0.1999932 0.239803 0.2468172 0.2152686 0.2015261 0.1637224 0.17651 0.1546873 0.1771317 0.2214977 0.1857325 0.1688787 0.1660914 0.2108927 0.1963009 0.1399888 0.1348665 0.2082711 0.2897143 0.2080093 0.2272278 0.1396136 0.1166393 0.07593755 0.1026666 0.08866055 0.07972571 0.1873171 0.1353462 0.1214139 0.1272705 0.1082626 0.1165782 0.09722512 0.06699213 0.07452171 0.02221774 0.01947581 0.02532258 0.02133065 0.02129032 0.05927419 0.04451613 0.01697581 0.004153226
0.1631114 0.1569607 0.2474155 0.2488312 0.1533424 0.1339089 0.1964791 0.2240992 0.2602994 0.2850175 0.2707809 0.2002093 0.2022739 0.1965956 0.2180274 0.2136416 0.1989283 0.1734215 0.1739066 0.2081834 0.1972823 0.1746124 0.1776934 0.1438397 0.2378661 0.2603971 0.169295 0.1617791 0.227141 0.1904451 0.1665711 0.1647592 0.1685949 0.1442448 0.1457277 0.1037536 0.1182287 0.09034755 0.1563489 0.1513765 0.1519793 0.1106504 0.09625667 0.09459727 0.09654733 0.08338963 0.08788287 0.01403226 0.01798387 0.03951613 0.04625 0.02975806 0.09649193 0.0791129 0.04943548 0.01237903
0.2125239 0.1796292 0.247989 0.2029475 0.1807928 0.1830839 0.1960584 0.2459645 0.2468576 0.2594376 0.2547401 0.1833957 0.2045079 0.1690892 0.2062992 0.2271627 0.2347748 0.198581 0.2038584 0.2363854 0.209704 0.185338 0.1641499 0.1834391 0.2011937 0.2129312 0.1727436 0.1985749 0.2675683 0.2762452 0.1762879 0.2064164 0.2219087 0.1785421 0.1589772 0.1478029 0.1825058 0.1327711 0.1111828 0.116092 0.1652334 0.1290684 0.09929446 0.09733744 0.1220237 0.1058095 0.07651019 0.01068548 0.01141129 0.02552419 0.04625 0.02471774 0.03145161 0.07713709 0.08262096 0.04580645
0.2977178 0.2608729 0.2405434 0.2436572 0.2010324 0.1962352 0.1890792 0.2161984 0.2163939 0.2564868 0.2360449 0.1877137 0.1833261 0.1910141 0.2230134 0.2192301 0.2438718 0.2284169 0.2327784 0.2444494 0.2386679 0.2161489 0.1636112 0.197954 0.2244022 0.1988045 0.2749585 0.2881727 0.2060781 0.2023465 0.2521121 0.2646774 0.2669287 0.214961 0.1858677 0.1809626 0.1991071 0.2002131 0.1884566 0.1230542 0.1386382 0.1215479 0.1024246 0.09839711 0.1240998 0.115806 0.08014726 0.0007258064 0.01076613 0.01282258 0.02 0.0166129 0.02564516 0.04185484 0.06810483 0.06157257
0.2718219 0.2757663 0.2772698 0.2275384 0.1580396 0.1286515 0.1436113 0.2096366 0.1858037 0.2057514 0.1761968 0.1891753 0.2361717 0.2350778 0.2309241 0.225527 0.213872 0.234339 0.264376 0.2358555 0.2129808 0.2378986 0.1638597 0.2008848 0.220503 0.2174197 0.2438958 0.2649358 0.238094 0.1923464 0.2546546 0.2668819 0.2192943 0.2095828 0.1959397 0.1968049 0.200967 0.2352931 0.1469581 0.1400647 0.1437362 0.1379125 0.1047436 0.09577059 0.1043629 0.1012112 0.07397018 0.003508064 0.01004032 0.008951612 0.006532257 0.01096774 0.01814516 0.02935484 0.06245968 0.04979838
0.2292734 0.2185331 0.1959709 0.2292738 0.1685686 0.1189393 0.1154565 0.1997343 0.2351324 0.1952253 0.1647737 0.1952095 0.1800472 0.2250046 0.2743473 0.2650385 0.2310172 0.2527682 0.2643112 0.2215077 0.2155855 0.2081421 0.1716874 0.2003643 0.2014342 0.2196941 0.2681952 0.2763832 0.2118365 0.2115442 0.229442 0.2807358 0.2344539 0.2263821 0.2339387 0.2702925 0.2883014 0.3385937 0.2549034 0.2019017 0.2015359 0.1476972 0.1214226 0.09996069 0.09546398 0.08165515 0.07231475 0.01685484 0.02427419 0.01463709 0.007137096 0.0191129 0.02060484 0.03564516 0.03548387 0.0266129
0.18955 0.2049633 0.2119494 0.2556182 0.1835842 0.1604559 0.1621286 0.2468609 0.2501275 0.2159095 0.2066614 0.2031033 0.1922358 0.2024812 0.2318571 0.2649598 0.230349 0.2231598 0.2502424 0.2397258 0.2244575 0.2276069 0.2049627 0.2070928 0.1739928 0.1912766 0.2240762 0.2483277 0.2050385 0.2434368 0.2085678 0.2741158 0.2594459 0.2636067 0.2798436 0.3435499 0.3969029 0.415212 0.3432237 0.2414497 0.1750732 0.203955 0.1655305 0.0947548 0.08538534 0.09642991 0.0997119 0.05741935 0.02108871 0.01866935 0.01419355 0.01701613 0.02028226 0.0303629 0.02927419 0.01979839
