contrib/geomasonDemos/riftland/DataFiles/RainData/36.txt
ncols         56
nrows         54
xllcorner     28.264
yllcorner     -5.7719999999999
cellsize      0.25
NODATA_value  -9999
[rows 0 to 26 of 54, columns 0 to 55 of 56]
0 0.0003850564 0 2.417542e-005 1.631543e-005 0 0 0 0 0 0 0.005700859 0.0113942 0.01013105 0.002733835 0.0008819064 0.0006901113 0.00032888 0.0004365916 0.0008916841 0.002270978 0.001842577 0.006323184 0.02802414 0.009222457 0.02185034 0.0439349 0.04567919 0.09640095 0.06268512 0.05089345 0.04917148 0.05714863 0.03966189 0.07805457 0.04228741 0.04151524 0.04001871 0.07610175 0.1002248 0.07612953 0.05745419 0.03294807 0.03419279 0.09391756 0.09788028 0.0753991 0.03238549 0.04150388 0.03674315 0.01328295 0.01402627 0.04403873 0.05915781 0.05131687 0.01485173
0 0 0 0 0 0 0 3.385201e-005 1.74737e-005 0 0 0.0009908993 0.006701613 0.01721709 0.01282421 0.006006333 0.0006950744 0.0002772629 0.001352579 0.0009746617 0.0003282783 0.0009960178 0.009164032 0.01170315 0.02467659 0.04581309 0.02573941 0.01987454 0.03856475 0.02901943 0.03826058 0.03770239 0.06669342 0.04433496 0.04083343 0.05866081 0.06609797 0.05359823 0.08534058 0.05231101 0.1283658 0.05448161 0.0185974 0.04126223 0.04441532 0.06900777 0.04168328 0.01278283 0.01189224 0.02669813 0.03747626 0.04145215 0.06527948 0.04527505 0.02732219 0.01485904
0.002933453 0.0008817631 0 0 0 0 0 4.21786e-005 0.003820975 0.002085974 0.0008285357 0.006329647 0.002734635 0.001531292 0.003818623 0.004051349 0.0009323346 0.001817871 0.001764512 0.0007077536 0.005671216 0.004084413 0.005305427 0.007083362 0.01903589 0.0366352 0.02259536 0.01771171 0.0469841 0.03893892 0.02925785 0.04959547 0.05330243 0.02864355 0.063124 0.06623163 0.07127712 0.07365255 0.07449822 0.06373017 0.1499894 0.07929673 0.05465207 0.03503427 0.06425736 0.03949535 0.06988725 0.02298266 0.01478508 0.01925589 0.05638291 0.0456675 0.02065991 0.01268451 0.01170486 0.01198341
6.983329e-007 1.673328e-006 3.418874e-006 0.0002035275 0.0002208459 0.0006728899 1.825115e-005 0.003551722 0.008362836 0.004943882 0.001100881 0.01065479 0.003526179 0.001561435 0.001751377 0.004306556 0.004272943 0.002267381 0.005254636 0.008463643 0.002900124 0.005001912 0.007598086 0.01391515 0.01324231 0.02849431 0.03362477 0.01999173 0.05394718 0.03052084 0.03511073 0.04797359 0.03411184 0.01953883 0.1089215 0.0879792 0.06528164 0.06840017 0.05379648 0.05168891 0.06938401 0.04158357 0.0396914 0.02046846 0.02707898 0.09561716 0.1657447 0.02585761 0.01499422 0.02955247 0.0394693 0.02405269 0.02779993 0.01034251 0.01010886 0.009671216
9.792199e-007 2.342604e-006 0.000990233 0.0006889604 0.001351179 0.0005347285 0.0003036159 0.002747463 0.001666898 0.004018494 0.007436428 0.004931604 0.002537556 0.001946068 0.003861068 0.004972008 0.005831484 0.007783558 0.009261653 0.01446719 0.01170086 0.01310829 0.01166873 0.01501156 0.02409874 0.02725084 0.03049874 0.03481892 0.05084912 0.04719248 0.05152098 0.06816041 0.02359223 0.02414807 0.1066906 0.07136437 0.08740579 0.04984278 0.04473926 0.05135711 0.02569899 0.07030559 0.05287461 0.01358594 0.01983032 0.06169756 0.09298508 0.0249689 0.01045541 0.01626196 0.0264332 0.02737737 0.05283954 0.0154671 0.00661227 0.00967529
0.001502836 0.002842934 0.003781893 0.005897298 0.01121468 0.002391574 0.001335818 0.002104945 0.0001088357 0 0.006691455 0.01093759 0.004091369 0.002784028 0.005092845 0.0102446 0.01150345 0.02175796 0.01997635 0.02008332 0.01230119 0.03086645 0.01352062 0.01221096 0.0183675 0.04294859 0.0676026 0.07431562 0.09445608 0.09295789 0.07716914 0.08287011 0.03627043 0.02177641 0.07651129 0.05238219 0.08995189 0.08465794 0.0615249 0.04430183 0.05256691 0.04549747 0.02448467 0.009001954 0.05568057 0.0607863 0.03951633 0.04090001 0.03153101 0.01870758 0.02757415 0.03858833 0.04491861 0.03455287 0.003883387 0.004278289
0.004337482 0.006807765 0.01048932 0.01287438 0.01411955 0.06308631 0.000715197 0 0 4.071342e-005 0.02754864 0.03410004 0.004484588 0.004278273 0.008624639 0.01495779 0.023217 0.04301303 0.03991333 0.04012571 0.04255664 0.0345569 0.03179121 0.02654991 0.01817523 0.06352934 0.06975459 0.05802712 0.09497096 0.09507955 0.06691426 0.07534099 0.04827455 0.1062911 0.04557649 0.04520974 0.04882737 0.09173295 0.1076245 0.03888666 0.0466603 0.007972817 0.004362337 0.01704407 0.03327157 0.04533903 0.02983197 0.04651456 0.03270436 0.02607595 0.02442172 0.02685961 0.0247195 0.0240427 0.02564768 0.01676129
0.01274923 0.01365406 0.009362911 0.00314577 0.002022506 0.0110894 0.0002710401 0.002910357 0.001448287 0.00321818 0.01334603 0.0294611 0.003383973 0.00950482 0.01227827 0.008179938 0.03407807 0.03760038 0.04202978 0.06370981 0.0749695 0.06552709 0.06688699 0.08387005 0.04048498 0.0538122 0.09848021 0.08706968 0.1076423 0.0896248 0.0847209 0.05633152 0.04781901 0.065506 0.03023206 0.02307724 0.02561199 0.03777717 0.05930038 0.01460231 0.007501139 0.02400709 0.0170139 0.008878909 0.02783915 0.04114549 0.02904292 0.07232532 0.06687443 0.04147277 0.0402333 0.01687528 0.01372808 0.01855806 0.003678472 0.0218179
0.02054092 0.01826151 0.01879705 0.009036912 0.002200609 0.006184778 0.006149725 0.003697097 0.002487485 0.003849284 0.03219525 0.02726819 0.003115223 0.0120441 0.01711837 0.02538807 0.04721226 0.04160895 0.04608775 0.05991735 0.06327639 0.06295329 0.05163961 0.04492088 0.05297536 0.0439418 0.06710482 0.03557891 0.04427921 0.06106155 0.07044651 0.06347282 0.05364205 0.02704759 0.01898855 0.03904763 0.03361751 0.02223454 0.01876425 0.01038477 0.0547251 0.05135095 0.007489261 0.00137535 0.01890882 0.04440182 0.01035415 0.04712443 0.0854583 0.04919354 0.05652622 0.05882768 0.04428237 0.006993337 0.01602379 0.007926498
0.1437897 0.03562795 0.03199765 0.008984402 0.009536856 0.01280177 0.01122598 0.006446207 0.004894909 0.007602798 0.01015475 0.005396061 0.01880659 0.01045991 0.01004664 0.02229282 0.02663442 0.02945072 0.0244063 0.06143706 0.05144058 0.03964772 0.03899305 0.03418929 0.01776259 0.02417588 0.03713578 0.01507911 0.01006183 0.01793853 0.07270616 0.04890198 0.03019901 0.04138807 0.02907305 0.06880102 0.07645051 0.1088467 0.04101945 0.007784183 0.04874068 0.07446229 0.01856418 0.04215034 0.04286873 0.03915297 0.008901013 0.01339155 0.0140615 0.04706599 0.06357355 0.08029637 0.04262367 0.02407374 0.01095866 0
0.1478753 0.0388198 0.05090813 0.01195084 0.008491769 0.01677825 0.01452295 0.01169962 0.00837541 0.0115974 0.008545992 0.007342467 0.01019158 0.01132066 0.01087587 0.01977785 0.02848578 0.02375993 0.0249832 0.05504734 0.06172334 0.04374789 0.02465845 0.01152886 0.002917327 0.01126098 0.009445499 0.02657153 0.008755506 0.02491507 0.05157832 0.02848297 0.021234 0.02159426 0.0217827 0.04216811 0.05091248 0.04740523 0.02277586 0.02236136 0.03499408 0.03678546 0.01760953 0.01359099 0.005585171 0.009255414 0.01979552 0.01431928 0.01143854 0.008073429 0.01810174 0.06880756 0.03239378 0.01208232 0.01351183 0.00924265
0.02805874 0.04634112 0.04181332 0.0150595 0.01306901 0.0266481 0.01830336 0.01623589 0.01208059 0.01261722 0.01313095 0.009273091 0.008743309 0.01008432 0.009332994 0.01555479 0.02244117 0.0150985 0.01865597 0.05284375 0.04088172 0.02648726 0.01574758 0.0109925 0.02521536 0.03041279 0.03038614 0.01369935 0.03020811 0.05251492 0.05966466 0.02014089 0.01735915 0.01616045 0.01065106 0.01384493 0.01675951 0.01459942 0.05290659 0.01637881 0.02051986 0.01430385 0.01604394 0.01293405 0.01171334 0.01224368 0.01194913 0.01335848 0.01609419 0.009457299 0.005656396 0.01281803 0.01741132 0.03455947 0.02321594 0.02370001
0.02248529 0.05686158 0.06225474 0.02267959 0.01702759 0.02709134 0.02582638 0.02117307 0.01528798 0.01461466 0.02422556 0.0336846 0.01062364 0.006304889 0.008241595 0.01225147 0.01520602 0.01678962 0.01529534 0.0433153 0.03440484 0.02599364 0.01219979 0.03894888 0.03995876 0.02743998 0.02762592 0.02167082 0.03736398 0.04404827 0.04613506 0.03228653 0.03811809 0.03838689 0.01495233 0.02015341 0.03401678 0.03714475 0.04175961 0.01338263 0.0260127 0.01439785 0.01365737 0.01199988 0.0115325 0.01003998 0.009754894 0.01045585 0.009981458 0.00976948 0.007206427 0.002288952 0.001492696 0.005333519 0.009795959 0.01475265
0.03259898 0.03890112 0.04526202 0.03846086 0.02553323 0.02313177 0.04963506 0.02424508 0.01922673 0.01903283 0.0350615 0.04066637 0.01224108 0.008865031 0.008599407 0.01972968 0.01814369 0.0142763 0.01252381 0.02589528 0.0137485 0.01321121 0.01357474 0.04533281 0.0267933 0.04319301 0.04247202 0.04307161 0.0605582 0.06184655 0.05888861 0.02136878 0.04263534 0.02378174 0.04500706 0.05568857 0.06745207 0.07638723 0.0202088 0.0158577 0.02631914 0.01979801 0.02044376 0.01255228 0.01078649 0.01500849 0.01549142 0.01190681 0.009724041 0.009985581 0.005684205 0.0022839 0.002021646 0.005112887 0.004616199 3.159983e-005
0.02163718 0.02466248 0.04218148 0.03200823 0.02671179 0.02323508 0.0827593 0.03147984 0.02379447 0.02250355 0.04531408 0.02840669 0.01440995 0.01257261 0.01285281 0.02565979 0.02409197 0.0163221 0.02229908 0.02205842 0.01506976 0.02912263 0.01872236 0.0414259 0.02519087 0.0452261 0.05860476 0.06522164 0.08525658 0.07825026 0.05036621 0.0162805 0.01585853 0.01825809 0.04673201 0.07363601 0.08973547 0.08165222 0.02237492 0.03586678 0.03858291 0.02292487 0.01785597 0.01207757 0.01216725 0.02495166 0.02822352 0.016135 0.008680526 0.02371026 0.01133613 0.002267359 0.001452796 0.0009078713 0.0006605447 0.0001493088
0.03239163 0.01843866 0.01956732 0.02709443 0.02321249 0.02176099 0.02819869 0.03028816 0.02999208 0.02928346 0.02966349 0.03263043 0.02590951 0.02165691 0.02275999 0.02868117 0.015809 0.01227304 0.07209961 0.01302633 0.02066518 0.01804875 0.01077659 0.0335255 0.05539452 0.03332199 0.05663117 0.04896907 0.06374812 0.06131114 0.03539828 0.01337735 0.01637083 0.03099514 0.03839728 0.04423951 0.05635015 0.03554279 0.01012306 0.04244017 0.0294671 0.02306761 0.02358205 0.01602277 0.01611209 0.03857215 0.02835142 0.028885 0.009223921 0.007698942 0.007270044 0.003253277 0.001421507 0.0008640777 0.0006276849 0.0001253334
0.06716638 0.05544864 0.008908974 0.03271142 0.02609365 0.02356582 0.02476364 0.03479507 0.03429247 0.03440286 0.03607322 0.04467314 0.03231066 0.0270272 0.02527842 0.02302526 0.01679817 0.01222582 0.01377557 0.02091698 0.01670616 0.03026465 0.01693377 0.02571301 0.06443461 0.06061897 0.04290561 0.03950468 0.04630225 0.04618732 0.01114553 0.01129074 0.02046095 0.02580911 0.02149334 0.02654703 0.03906548 0.02368141 0.02728744 0.04140542 0.02629809 0.02747051 0.02980303 0.0271993 0.01912486 0.02228454 0.01563052 0.01538782 0.009596067 0.007268577 0.01042498 0.008068448 0.002680127 0.0009792433 0.004697443 0.004645657
0.02875013 0.02325597 0.01786585 0.03693119 0.03565236 0.03186411 0.03663542 0.03970413 0.03828342 0.03426352 0.03330325 0.04828752 0.03645082 0.029323 0.027673 0.02547613 0.0243052 0.01476079 0.0135606 0.02076212 0.01895912 0.01853898 0.01354785 0.02302961 0.03942401 0.04822686 0.03384717 0.02563969 0.02509145 0.02745175 0.02271624 0.01898056 0.02520004 0.0220998 0.01947135 0.0140635 0.01388099 0.03019913 0.01301387 0.01764475 0.01832615 0.02711727 0.03052455 0.02484229 0.02334605 0.02140268 0.009243765 0.01267749 0.01017314 0.007936523 0.007455887 0.006143037 0.01229956 0.01277268 0.04143908 0.05332639
0.03638389 0.03202013 0.01929477 0.03744464 0.03618439 0.04012194 0.05316466 0.04394266 0.0404725 0.03695196 0.03391758 0.04269854 0.03902815 0.0338893 0.03248878 0.04085721 0.02802141 0.01393959 0.01861358 0.02727965 0.045248 0.03259833 0.0212679 0.03352022 0.02723875 0.02353437 0.02908205 0.03421123 0.02037722 0.01927212 0.02069911 0.0131183 0.01742448 0.02202252 0.01786552 0.01109986 0.008772304 0.0157152 0.01634715 0.01923252 0.01755919 0.02092106 0.03454034 0.07051928 0.09322541 0.01823899 0.01651082 0.03795818 0.01366789 0.01144877 0.01092788 0.07997262 0.0596298 0.06945329 0.03545395 0.05158136
0.140989 0.06915129 0.01829448 0.03136593 0.03126555 0.04207271 0.04882609 0.04746668 0.02864857 0.02763715 0.02316671 0.03266528 0.04486528 0.0461239 0.04242072 0.03986741 0.02884444 0.01963284 0.01682362 0.02052792 0.02416892 0.04492171 0.03261347 0.05770217 0.03926365 0.03013269 0.03823031 0.04971851 0.02235945 0.03222897 0.02998262 0.01566184 0.01250718 0.01247686 0.01609484 0.009670117 0.009539301 0.01324693 0.02700639 0.02524025 0.01476804 0.01765394 0.02364166 0.07930208 0.08718082 0.04327122 0.009871018 0.01152739 0.008445623 0.009841895 0.02036165 0.07463305 0.01499197 0.02170064 0.01294494 0.02111047
0.1372293 0.06592176 0.04582902 0.06469576 0.047865 0.04906119 0.05302291 0.04779514 0.03378582 0.03774333 0.02713076 0.0520848 0.05658823 0.06627309 0.05784538 0.05252666 0.03648461 0.03272194 0.02925136 0.02018742 0.02309945 0.03988678 0.02617299 0.04349896 0.03785297 0.0320811 0.04872405 0.04246639 0.05555029 0.02764235 0.01867517 0.01309976 0.01328391 0.02117899 0.02923595 0.02032539 0.01085106 0.009520188 0.0265707 0.02224862 0.0169111 0.01328983 0.01309314 0.01681764 0.06403714 0.04969389 0.009084106 0.009153367 0.008175475 0.007421305 0.01541092 0.0460836 0.05367908 0.01714236 0.00955428 0.01134568
0.05406172 0.04760202 0.08398166 0.09252449 0.06714725 0.05111751 0.04789107 0.04609251 0.0410094 0.0356666 0.03251451 0.05616737 0.06390339 0.08541886 0.09439815 0.08472177 0.05381661 0.0686459 0.05121139 0.03160369 0.03980741 0.04342648 0.0275866 0.02846391 0.0290158 0.03263291 0.03791808 0.03239753 0.0159461 0.01557842 0.01411272 0.01728208 0.02190614 0.02819084 0.02272243 0.0145405 0.01611583 0.0133137 0.01212633 0.01932215 0.01539735 0.01175577 0.01319595 0.01174438 0.01059788 0.03157908 0.009932024 0.01078157 0.00762575 0.01340611 0.01499916 0.03088136 0.03249977 0.0190636 0.01612449 0.007073442
0.1182761 0.08514006 0.1063679 0.1165592 0.1014279 0.1094404 0.08481224 0.06545313 0.05456675 0.04550474 0.04042365 0.05733353 0.07124554 0.088266 0.08703778 0.06884536 0.06081108 0.08457911 0.1051882 0.07451149 0.04168802 0.03756132 0.02482291 0.0253625 0.04226725 0.04723738 0.03533522 0.0206121 0.01861753 0.02318022 0.01504036 0.018345 0.02666193 0.03431473 0.03287581 0.01395892 0.01071981 0.01079018 0.01281224 0.0177829 0.01568281 0.01582814 0.01260911 0.01203767 0.01097698 0.01100537 0.014028 0.01955483 0.008874009 0.0155852 0.03536563 0.02227428 0.008105178 0.007578158 0.01378337 0.01814376
0.1401119 0.2724868 0.1126634 0.1261775 0.1322558 0.1453355 0.137785 0.1831097 0.1079864 0.07026841 0.05389454 0.07645693 0.07387349 0.07668053 0.07700306 0.07258938 0.07902013 0.110603 0.1196292 0.06079699 0.0426315 0.03195625 0.02966172 0.02392686 0.02220554 0.02276836 0.01516099 0.02078196 0.02256294 0.01220244 0.01132659 0.02309918 0.02475261 0.02928316 0.03469444 0.03117123 0.02615739 0.02363315 0.02239786 0.02057974 0.01991627 0.02009202 0.01994644 0.01877886 0.01780878 0.01497489 0.02077179 0.01927233 0.01318794 0.03507442 0.09005929 0.05550867 0.01229346 0.03664734 0.05134105 0.05773407
0.1438517 0.3506163 0.2210538 0.1274976 0.1405633 0.1712473 0.1794626 0.1813185 0.146981 0.07316842 0.04939728 0.0870128 0.08728734 0.08707117 0.08739004 0.0875965 0.0723421 0.06902961 0.09422117 0.06307265 0.0357397 0.04129265 0.04092664 0.0348128 0.02328734 0.01728573 0.01375261 0.0325551 0.05241666 0.02867059 0.02125646 0.02799493 0.03114513 0.03373452 0.03906484 0.04750374 0.04116298 0.02820942 0.02932584 0.02439113 0.02678666 0.02796844 0.02868039 0.01924328 0.01820521 0.009388015 0.009665869 0.01330189 0.01475298 0.02792925 0.0464322 0.01931163 0.0135869 0.0378875 0.01975387 0.03552643
0.2167233 0.1998917 0.106673 0.1382035 0.1549321 0.1936813 0.183217 0.1445354 0.1119987 0.08809057 0.0720774 0.1107221 0.1351711 0.1120387 0.1183548 0.1119517 0.09024695 0.07542418 0.07017667 0.07371079 0.04968563 0.04082699 0.05079959 0.05276631 0.05270135 0.03986261 0.02078102 0.03656518 0.06356081 0.05655348 0.01696634 0.03645511 0.03839758 0.040296 0.05095712 0.05120189 0.06699506 0.03769746 0.03246356 0.02909122 0.03109793 0.02932938 0.02468495 0.01569825 0.01095272 0.008768195 0.01135918 0.01168008 0.009863145 0.01522342 0.04158081 0.0555853 0.01665869 0.01408419 0.02426956 0.02471262
0.2043224 0.1480701 0.128145 0.1460039 0.1528707 0.1515402 0.1684625 0.1782978 0.1173205 0.1049438 0.1248312 0.1581481 0.1845013 0.1528117 0.1418895 0.1354849 0.1454857 0.1234877 0.09480689 0.09004657 0.07815892 0.06470428 0.07909688 0.09114996 0.08028112 0.05418438 0.05293458 0.04160969 0.07482129 0.06892356 0.03492257 0.04411413 0.03795093 0.04070945 0.04597727 0.0502192 0.06741485 0.04794601 0.04222609 0.03557532 0.03285187 0.03017807 0.02846342 0.02330302 0.02172237 0.01588889 0.01253034 0.009785877 0.02132387 0.01775236 0.0236726 0.07214023 0.03788505 0.03682182 0.03541011 0.03264638
