contrib/geomasonDemos/riftland/DataFiles/RainData/37.txt
ncols         56
nrows         54
xllcorner     28.264
yllcorner     -5.7719999999999
cellsize      0.25
NODATA_value  -9999
[rows 0 to 26 of 54, columns 0 to 55 of 56]
0 5.031483e-006 0 3.554602e-005 0 0 0 0 0 0 0 0 0 0 0 0 0 0 0 0.0004409886 0.0003781382 6.04792e-005 7.993623e-006 0.001593143 0.01157398 0.01107189 0.004578939 0.02509925 0.09010722 0.0961452 0.06323423 0.02118117 0.02463734 0.02451862 0.04352051 0.03259284 0.01734676 0.007347351 0.009570381 0.003666511 0.003267569 0.00313543 0.002045434 0.002447643 0.007909055 0 5.526893e-005 0.00103171 0 0 0 0 0 0 0 0
0 0 1.512253e-005 0 0 0 0 0 0 0.0003849143 0 0 0 0 0 0 0 0 0 3.850016e-006 0.0003609986 0.0003263497 1.508838e-005 0.002283142 0.0140957 0.01422607 0.01016046 0.02447238 0.04662582 0.05100134 0.04941702 0.014241 0.03790532 0.02614039 0.0129178 0.02898348 0.01546762 0.001678895 0.02761093 0.008186512 0.00431371 0.006188875 0.002000226 0.01718556 0.008665645 0.002849117 0.0004242661 0.001165381 0 0 0 3.405609e-005 0 0 0 0
5.036394e-006 0 0 1.016226e-005 0 0 0 0 0 0 0.001364948 3.480057e-005 0 0 0 0 0 0 0 8.448851e-006 1.164097e-005 0.0007616355 0.0003151765 0.00762823 0.0100553 0.01429431 0.01556598 0.03640452 0.02463713 0.02214338 0.01885581 0.02536885 0.02866367 0.023584 0.01762622 0.04455507 0.02035635 0.005743526 0.0228816 0.03594479 0.01130722 0.01293444 0.0371369 0.02242061 0.006462303 0.003646448 0.008437563 0.007557284 0.0008213207 5.99567e-005 0 0.0004380989 0 0.0002372587 0 0
0 0 3.0273e-005 5.077447e-006 3.047304e-005 2.540381e-005 4.252934e-005 0.0005710246 0.001065922 0 0 0 3.822448e-005 0 0 3.83632e-007 0.0001906055 4.352742e-006 1.175799e-005 0.001884756 0.0005430961 0.002023008 0.002144256 0.006780382 0.01827689 0.0163011 0.02906983 0.05249006 0.02177183 0.0317928 0.02842369 0.02898168 0.02398514 0.01727741 0.04677735 0.08087113 0.02393119 0.02367161 0.02569316 0.03496361 0.03449029 0.06701417 0.09466486 0.02939009 0.007385789 0.01486383 0.0529803 0.004319529 0.000679448 0.0001858348 0.0001695958 0.0001562707 0.0001404103 8.983439e-005 7.749848e-005 9.727794e-005
0 0.0001111037 3.023852e-005 5.089461e-006 3.558135e-005 0 0.0003298718 0.00147524 0.0007552798 9.582287e-005 0 0 0.0003019762 0 0 5.37042e-007 7.536786e-007 5.895754e-006 1.577605e-005 0.00575317 0.001501419 0.002461833 0.0008504728 0.004506786 0.006141105 0.00382543 0.01159038 0.02299628 0.01251285 0.01350164 0.01295198 0.02110718 0.05223388 0.06780731 0.07061671 0.08024037 0.05505037 0.009268322 0.004687595 0.01149236 0.03388761 0.08559932 0.08015268 0.0328714 0.005878707 0.006766511 0.01337571 0.0005831668 0.0005511246 0.0001951941 0.0001732155 0.000152583 0.0001299159 9.712609e-005 0.001409177 5.03716e-005
2.518467e-005 0.0001665786 3.023852e-005 0.000117132 0 0.0001838235 0.001083236 0.001542865 0 0 2.631856e-005 0 0 0.0001075664 0 6.873828e-007 9.357084e-007 3.969641e-005 1.921414e-005 0.01663065 0.003729854 0.001922703 0.000974606 0.003674927 0.004203735 0.005098673 0.0110728 0.008693198 0.01253511 0.01104803 0.01088515 0.01789165 0.04867055 0.05513588 0.04975926 0.05219137 0.04198168 0.02428456 0.00982867 0.0717541 0.08400162 0.07173391 0.03404478 0.02617366 0.01070734 0.002078485 0.001811103 0.003732635 0.0002336024 0.0005126616 0.0001749388 0.0006998992 0.0001242783 0.0001004528 0.002438756 4.848466e-005
0.0003890147 0 0 2.034918e-005 0.0001528692 0.0002862997 0.001059868 0 0.000157519 0.0002157167 0 0 0 0 0 8.325531e-007 1.08886e-006 8.293643e-006 2.196998e-005 0.01508715 0.009870851 0.003519202 0.001576468 0.004719727 0.003891925 0.008419622 0.01045495 0.01424984 0.01849054 0.01607412 0.02289669 0.03233435 0.04074573 0.09560202 0.0596341 0.04144128 0.04499356 0.03885732 0.02935228 0.05251209 0.05747389 0.04742389 0.02042147 0.007349655 0.003959144 0.002709329 0.00085785 0.002780426 0.0007333022 0.0002041025 0.0001761137 0.0001506272 0.0004977976 0.001899425 7.808494e-005 4.663074e-005
4.587491e-005 6.881748e-005 0.0001146866 0.0001759367 0.0001988899 0.001432577 0.002023397 0.0001225403 0.001013466 0.0003813428 3.390757e-007 8.160227e-007 1.065829e-006 0.0002755925 0.0004934245 0.0001252697 0.0007729344 0.0006219791 0.006172005 0.01110762 0.02162447 0.01133959 0.002867008 0.003298878 0.003440134 0.008653088 0.01109433 0.02595823 0.03816438 0.05540999 0.0439359 0.05197868 0.04854754 0.1071732 0.06527917 0.02770359 0.02410853 0.06944598 0.1119947 0.07582253 0.0517475 0.03922594 0.02211497 0.007461698 0.005999946 0.00577483 0.001969075 0.002242 0.0003633493 0.000311864 0.0002683386 0.0001491186 0.0001197951 0.0005815299 7.460978e-005 4.49613e-005
2.293204e-005 0 0 0.0003059838 0.000604822 0.002231046 0.003146393 0.0004559143 0.0002712421 8.562649e-005 4.770641e-007 1.15087e-006 1.503133e-006 2.158645e-006 0.0002708811 0.0007618709 0.0005701584 0.002013625 0.02117302 0.008246374 0.004354695 0.00329532 0.0009783451 0.004169561 0.01055985 0.005813916 0.005128405 0.0224244 0.07346053 0.0688502 0.05779541 0.06645412 0.03017527 0.0645109 0.03964348 0.03071195 0.06656561 0.07237224 0.09533641 0.06037387 0.02779838 0.04156109 0.0150469 0.01138304 0.00819198 0.005715887 0.001997835 0.002728994 0.00266375 0.0003164196 0.0002721955 0.0001500817 0.0001180956 9.23925e-005 7.244663e-005 4.32414e-005
2.293623e-005 0 0.0001606278 0.0002524866 4.590107e-005 0.002653792 0.001463251 2.813567e-007 1.067912e-005 0.0001079 1.075823e-006 2.519472e-006 2.775212e-005 0.0001401471 4.819487e-006 1.545423e-006 0.0004669931 0.002353669 0.003139827 0.003266925 0.00109315 0.001845936 0.007356419 0.008130861 0.01510214 0.006043135 0.008353527 0.02593881 0.08886835 0.06241928 0.03688267 0.03488584 0.02095638 0.04286682 0.06907988 0.1382132 0.1367501 0.09281384 0.04476885 0.04127836 0.03306586 0.02279747 0.0273172 0.01512578 0.01590318 0.009243623 0.003012472 0.003551451 0.003952086 0.000318538 0.0002722181 0.0001472595 0.0001132194 8.646806e-005 6.77365e-005 3.957546e-005
7.647588e-006 0 0 3.824151e-005 0 0.001754905 0.000612158 9.085085e-006 0.0002145125 0.0002693134 2.141649e-006 4.911199e-006 6.227818e-006 0.0004125816 7.755661e-006 2.2863e-006 2.452991e-006 0.001831319 0.002572087 0.002394881 0.004525706 0.005842105 0.01034917 0.01730336 0.02595818 0.0136178 0.007424571 0.01703233 0.02907223 0.03598049 0.03115182 0.01752947 0.02639017 0.0228721 0.04475109 0.062906 0.1310885 0.138532 0.06566285 0.04367549 0.02728593 0.02082991 0.02721101 0.02392706 0.0292851 0.01769133 0.0112877 0.008879685 0.005375331 0.001125282 0.0005055789 0.0001429575 0.0001054548 7.789746e-005 5.974227e-005 0.0005507731
0 0 3.060094e-005 0 1.008477e-005 0 3.140269e-005 2.252468e-005 3.816672e-005 8.202733e-005 0.0001763535 0.0001382872 0.0001736352 0.0001945978 0.0005010769 0.0004832087 1.280763e-005 7.641739e-005 0.001147503 0.006082016 0.003781151 0.01298491 0.01680571 0.0199686 0.01815297 0.01942834 0.01941837 0.02675728 0.02914648 0.04279782 0.03634375 0.03687353 0.04403817 0.03051554 0.01786263 0.03847353 0.07000499 0.05986551 0.03128169 0.02471647 0.03421657 0.01573217 0.01564549 0.02095314 0.009990725 0.01311337 0.008467595 0.01012431 0.008160323 0.004796145 0.003808165 0.001605635 0.001126273 0.0007871889 0.0005913193 0
0 3.824202e-005 1.529959e-005 0 0 0 0 4.921032e-005 0.0002326587 0.0001495574 0.0001319779 0.0002421643 0.001501567 0.001046657 0.0003552277 0.002290654 1.549229e-005 0.0007279196 0.0009406002 0.001666782 0.01230825 0.02129912 0.01371185 0.01595038 0.01455557 0.02079729 0.02168944 0.04903932 0.06267259 0.07279862 0.03711503 0.04592104 0.04014055 0.03065501 0.01634814 0.02193463 0.04976549 0.05196327 0.01535219 0.01255002 0.02604565 0.01158539 0.009216944 0.02018939 0.01195692 0.01145686 0.01175234 0.01329511 0.008592166 0.005923143 0.003755486 0.001676061 0.00140623 0.0006867119 0.0005012554 0
0 1.52978e-005 1.529959e-005 0 0 1.798687e-005 3.167453e-005 3.774331e-005 5.94528e-005 8.067043e-005 0.0003235941 0.001102175 0.002438332 0.002278898 0.000489609 0.002596135 0.004489771 0.002868129 0.005664115 0.01467399 0.01751411 0.02831221 0.02071945 0.02600494 0.01717564 0.01570483 0.02528695 0.03908144 0.07810845 0.08116291 0.0367917 0.0334447 0.04417007 0.03228417 0.02732112 0.02557043 0.02199646 0.0312406 0.02807929 0.01466123 0.01132532 0.01058387 0.007481288 0.008372305 0.009848093 0.02251241 0.006548269 0.01012203 0.0100913 0.008237726 0.007572765 0.001491241 0.003051219 0.0006102038 0.000438474 0
7.651302e-006 2.294849e-005 0 0 0 0 0 4.432553e-005 5.948131e-005 0.0001471978 0.0001624721 0.0009180546 0.001995508 0.001937151 0.0007039411 0.0007700357 0.007531699 0.01332895 0.0232198 0.00768551 0.007922289 0.01373657 0.009670489 0.02533438 0.02249839 0.02619909 0.02680806 0.04386979 0.09532863 0.06948809 0.04904295 0.03796142 0.02583275 0.02325322 0.03611647 0.02840396 0.01925206 0.0262155 0.01962681 0.02561211 0.01276859 0.01019662 0.009297371 0.01372296 0.0119827 0.03980591 0.02101364 0.0115477 0.01304412 0.01136647 0.009179527 0.001904624 0.0009049274 0.0009778014 0.0004017725 0
3.352345e-007 0.0003294206 3.156975e-007 1.800171e-006 1.805899e-006 3.066222e-006 1.291478e-005 0.0001214055 2.538345e-005 3.88148e-005 0.0001397689 0.0005597242 0.0006521852 0.0004754225 0.0006681127 0.0009677156 0.003919227 0.01582029 0.03130263 0.01027463 0.005056995 0.009379977 0.007991991 0.0355619 0.03468663 0.01653178 0.02310329 0.03932336 0.04500604 0.03404467 0.02741387 0.03140158 0.02757831 0.02687775 0.04353303 0.0373411 0.02506889 0.0407574 0.04760275 0.03924679 0.03949589 0.02241001 0.0259833 0.0268959 0.01641995 0.01343274 0.01320376 0.009432135 0.01029354 0.01070615 0.01057422 0.006861082 0.005797564 0.001377329 0.0003371895 0.002207973
0.0002911664 0.0009501444 0.0004666858 2.516186e-006 2.532224e-006 0.009215459 0.001280997 0.0007351287 2.820678e-005 4.288241e-005 0.0002225339 0.0003710226 0.0003584152 0.0005956162 0.0008676552 0.001370152 0.002494592 0.01718712 0.01087363 0.005208462 0.007555215 0.006332173 0.007454604 0.01724873 0.03542633 0.01429297 0.01579199 0.02837356 0.02901468 0.029563 0.03415218 0.0313376 0.03103363 0.03119495 0.03744112 0.05154446 0.04326623 0.04499491 0.05414762 0.03924223 0.04722698 0.03409255 0.01261459 0.02562856 0.02803181 0.01410539 0.01142268 0.011651 0.008005917 0.007900481 0.007922697 0.006084179 0.008645566 0.003960105 0.001479416 0.002322905
0.007167435 0.0009604035 0.0002408015 0.0003217124 0.0001108946 0.0008405421 0.001666334 0.0001066641 0.0001019357 0.0001146062 0.0001473778 0.0004956993 0.001075948 0.0006560886 0.0007048905 0.002479607 0.007668262 0.01838147 0.009567615 0.01190988 0.01444135 0.007776602 0.009498074 0.01008223 0.01251348 0.024977 0.02754774 0.03142404 0.02928424 0.04460006 0.06207278 0.05345426 0.03994613 0.03255999 0.03219544 0.04990157 0.04643368 0.05547005 0.04487171 0.0447822 0.04022286 0.03493387 0.0278693 0.02981096 0.02733279 0.02787792 0.01978651 0.01621845 0.01036628 0.00714542 0.006099952 0.00628706 0.006615454 0.007635009 0.00423191 0.004728801
0.003138523 0.0004445537 0.002080725 0.002600545 0.0004631102 0.00134727 0.002783539 0.0002114938 0.0002369532 0.0003082904 0.0006176739 0.002186643 0.001391221 0.002538616 0.00179585 0.005085968 0.006325745 0.01174133 0.0190687 0.01846278 0.009176103 0.006155238 0.01605108 0.03246919 0.01353987 0.01765056 0.02422909 0.01796992 0.01821731 0.02752143 0.06082987 0.0747522 0.0633695 0.04151864 0.04561587 0.05012516 0.05083684 0.04034439 0.03381266 0.0319537 0.02409167 0.01900057 0.0215961 0.02486776 0.02267934 0.0206286 0.01505408 0.01781485 0.01714311 0.009107239 0.004953975 0.005871094 0.007444068 0.008977757 0.007000779 0.003386635
0.005422625 0.00515878 0.002783914 0.002782741 0.0009905824 0.006064016 0.006275635 0.00117327 0.001286186 0.001759786 0.001941611 0.004585685 0.007568124 0.004393407 0.005129052 0.00564767 0.007314299 0.009419112 0.01533665 0.02710345 0.0144979 0.01357529 0.01273213 0.02586565 0.02889507 0.02509427 0.02696911 0.02954791 0.0260255 0.02959118 0.03743198 0.04879583 0.04989781 0.05613787 0.05318827 0.05591895 0.04614059 0.04428672 0.03296147 0.05640513 0.06384347 0.0635621 0.03603126 0.0193726 0.02296305 0.00764633 0.01292792 0.01181398 0.008992622 0.003105189 0.002870352 0.003495519 0.003108479 0.006688227 0.009421779 0.004251641
0.009844465 0.02247686 0.009641879 0.004301077 0.002109886 0.007676402 0.009490233 0.002242077 0.003454925 0.002851026 0.007001041 0.01268093 0.009760197 0.008025868 0.01278776 0.008847914 0.01082124 0.01186138 0.01813886 0.02499666 0.0389587 0.02642573 0.02603218 0.02261383 0.0269822 0.03172792 0.03100396 0.0300978 0.0295944 0.02840483 0.03309985 0.03982658 0.05205524 0.05367525 0.06817681 0.08563732 0.05842392 0.04473314 0.03781278 0.06247846 0.08104476 0.07240256 0.04553144 0.02246039 0.02063787 0.006669345 0.005652048 0.004757757 0.003182546 0.002270334 0.005855985 0.008151916 0.005835781 0.003234386 0.005585526 0.005359231
0.00714157 0.006633154 0.004859137 0.001681052 0.001760583 0.002053311 0.002107977 0.002534104 0.002877648 0.003215406 0.003279841 0.004936438 0.006134094 0.01354582 0.008701405 0.01288104 0.01580101 0.02125085 0.02870275 0.04764009 0.05318056 0.02739034 0.01796841 0.03022146 0.03933588 0.0356905 0.03504904 0.03926589 0.04968406 0.03885082 0.03726166 0.05357593 0.04420034 0.05417183 0.08726169 0.09702379 0.06541807 0.0563404 0.05543487 0.06157801 0.04698808 0.04466169 0.05083109 0.03471249 0.03899868 0.02146805 0.0129974 0.007463208 0.004542877 0.009501809 0.01987703 0.02731523 0.01951523 0.01220525 0.005476928 0.007272514
0.005316184 0.009238302 0.006124315 0.003560193 0.003383422 0.002360697 0.002579432 0.003687351 0.004020682 0.00426162 0.005601052 0.008079291 0.007544435 0.01593162 0.01808841 0.02733754 0.02161888 0.03021885 0.0304512 0.0587479 0.06470319 0.04007945 0.02934134 0.03270819 0.04689736 0.04469224 0.04193792 0.06372926 0.064546 0.06265321 0.07330334 0.08065522 0.05836703 0.06963956 0.08368291 0.06088574 0.03762468 0.03687583 0.03928539 0.03507092 0.03678154 0.0403699 0.04167333 0.04458658 0.0870201 0.02130216 0.01714792 0.008244851 0.0025715 0.001443521 0.02033063 0.02415021 0.02859546 0.01620513 0.008669609 0.01372675
0.01323876 0.01854331 0.02585994 0.01032131 0.01223287 0.009214854 0.004448299 0.005083191 0.007525532 0.006072005 0.007384865 0.01172977 0.01350936 0.01765464 0.03051554 0.03776942 0.02993111 0.03583837 0.03290121 0.04065531 0.04866395 0.05887739 0.05505335 0.04596402 0.0475629 0.0577262 0.05122901 0.06294405 0.06666335 0.06371839 0.06243853 0.08149491 0.07432338 0.08551365 0.09876972 0.1436955 0.08981065 0.04464624 0.05310844 0.04872208 0.04197389 0.0408261 0.03322884 0.0158555 0.01410804 0.01296968 0.01106254 0.004182487 0.00319995 0.0003272658 0.01326837 0.01750037 0.01242023 0.01665289 0.005686977 0.01022324
0.02003777 0.02804488 0.03931852 0.02367496 0.01701337 0.01821573 0.006240945 0.006471808 0.008731244 0.01150643 0.009560657 0.01462162 0.0172098 0.02525722 0.04283469 0.03732335 0.02915594 0.03919008 0.04031331 0.0467799 0.05704921 0.06141708 0.05107094 0.05890534 0.05697157 0.0710148 0.07613187 0.0768441 0.08477724 0.06740575 0.0753614 0.08466809 0.07783759 0.09499228 0.09355241 0.1144801 0.09127523 0.06345049 0.04414971 0.049408 0.04830715 0.03828165 0.02216947 0.01115111 0.01204783 0.01748141 0.01516294 0.005205934 0.004348227 0.003707956 0.05588159 0.09934825 0.05573384 0.01091109 0.007049381 0.01973404
0.02507908 0.02501646 0.03042559 0.02667818 0.02061737 0.02105819 0.01179701 0.007546222 0.009248463 0.01110616 0.01235217 0.02257218 0.02441145 0.02566633 0.03184888 0.03450589 0.04923504 0.05192684 0.04153947 0.04513023 0.08216677 0.1030311 0.1024151 0.1074175 0.08364337 0.09164357 0.08456577 0.09575814 0.1363171 0.1138023 0.09456778 0.1080509 0.1045727 0.1114903 0.1211105 0.1205242 0.08798207 0.07600746 0.04905871 0.05440477 0.04614773 0.0352187 0.02655288 0.01243005 0.0164621 0.02162366 0.0220471 0.009475744 0.00543596 0.003375768 0.01118089 0.08363223 0.06918769 0.01520844 0.009651382 0.0250321
0.0235068 0.02853247 0.03359182 0.007830053 0.006435229 0.009140749 0.02257995 0.02138045 0.02136855 0.01310402 0.01459503 0.02465145 0.02689841 0.0313515 0.03758872 0.04592654 0.07679544 0.07358802 0.0632761 0.05853808 0.1063393 0.1126228 0.1084031 0.09980524 0.09971663 0.1054396 0.1000026 0.1129611 0.1474585 0.1273246 0.0991464 0.11379 0.1013082 0.1084928 0.1179024 0.1197818 0.1032429 0.06876566 0.05548896 0.04877855 0.04443477 0.04342629 0.03247518 0.01995559 0.01773641 0.02497752 0.03479912 0.03157652 0.01822735 0.004911827 0.005008898 0.02965239 0.008531075 0.00548849 0.009331133 0.009071184
