contrib/geomasonDemos/riftland/DataFiles/RainData/37.txt
ncols         56
nrows         54
xllcorner     28.264
yllcorner     -5.7719999999999
cellsize      0.25
NODATA_value  -9999
[rows 27 to 53 of 54, columns 0 to 55 of 56]
0.0304533 0.0476742 0.04143499 0.01467975 0.01182714 0.01073596 0.02345985 0.01814056 0.02535978 0.01699715 0.02036919 0.03022762 0.03317777 0.04000459 0.04970087 0.06426749 0.09140524 0.07173807 0.07163356 0.08884884 0.09392104 0.1384614 0.1227519 0.1471786 0.1570299 0.1574514 0.1590188 0.1553555 0.1527132 0.1481434 0.1345571 0.1229331 0.1122972 0.1037484 0.1027479 0.1077626 0.1238628 0.1237483 0.1077105 0.07968512 0.07035569 0.06897987 0.05033868 0.02167197 0.02248072 0.02653017 0.02832601 0.0105159 0.003931778 0.00112466 0.0007012475 0.002800747 0.009056299 0.008313026 0.007199577 0.0002867227
0.03965339 0.04294733 0.04488839 0.01826974 0.01952775 0.01714078 0.01084484 0.01259162 0.01631332 0.02055825 0.02472493 0.03554317 0.04347337 0.05048605 0.06350601 0.08880868 0.1048788 0.08798963 0.08934577 0.1042973 0.1023971 0.1273899 0.1396251 0.1823278 0.2349899 0.1977775 0.1921693 0.194217 0.1897091 0.1767235 0.1495316 0.1182285 0.1159268 0.1104893 0.1187461 0.1436498 0.129432 0.1450492 0.131807 0.1017788 0.08023286 0.06911184 0.05489681 0.0240845 0.02461207 0.01622774 0.02124258 0.0125956 0.007521737 0.001020159 0.0008798558 0.0008010031 0.009483835 0.0005478298 0.004625015 0.0001303903
0.04773702 0.05151561 0.03764394 0.01480712 0.01027767 0.01554218 0.01548023 0.01483768 0.01955446 0.02216692 0.03205553 0.0506875 0.05605867 0.05729317 0.06443036 0.07737091 0.08691981 0.1014891 0.1004438 0.1120648 0.124607 0.1385258 0.1467318 0.2019439 0.2324002 0.2578217 0.237713 0.2282797 0.2109637 0.2058768 0.1807806 0.155112 0.12828 0.1216538 0.1295237 0.1542882 0.1541346 0.1445013 0.1585068 0.1245245 0.09686912 0.07572959 0.05792525 0.02615494 0.01683559 0.01127664 0.02130995 0.01175562 0.009346365 0.005858772 0.00798081 0.004129651 0.006936979 0.0006444353 0.005933241 0.0001029856
0.05082474 0.05352326 0.02804422 0.01097868 0.0102923 0.009944242 0.01395282 0.01382892 0.01942907 0.02942422 0.04009539 0.06481678 0.06585051 0.06506073 0.07652208 0.08211969 0.08395362 0.0864798 0.1188289 0.1279799 0.143437 0.1548197 0.1493406 0.2168985 0.2634902 0.2586215 0.2973459 0.2770781 0.2331789 0.2324397 0.2087714 0.1829899 0.1556642 0.1443205 0.1329294 0.1588219 0.1785474 0.1716893 0.1477013 0.1121526 0.09436227 0.09875786 0.06303498 0.02655655 0.01838439 0.01480179 0.01660767 0.009793478 0.01230225 0.02604259 0.02847918 0.05983298 0.02079412 0.003119392 0.0006734601 0.0001159422
0.06863638 0.06860229 0.04446059 0.01597854 0.01027787 0.008969828 0.01211879 0.01459464 0.02098632 0.03281558 0.04682348 0.07430395 0.07521662 0.08054719 0.08484703 0.07870039 0.06745465 0.07724186 0.09822567 0.1568739 0.1753291 0.1954393 0.1973935 0.2165402 0.2658558 0.256005 0.2633097 0.2852186 0.2744191 0.2639539 0.2431326 0.1690559 0.1527711 0.1460972 0.1399547 0.1824523 0.2315437 0.163533 0.1288015 0.09056856 0.08313789 0.06738774 0.05753409 0.01339929 0.008209749 0.01526927 0.01686501 0.02080348 0.02857383 0.03825919 0.0547431 0.1458474 0.07629317 0.01477681 0.0001875206 0.0007065816
0.08446045 0.06680974 0.04874032 0.02250349 0.01446344 0.01792466 0.01497286 0.01930956 0.0286358 0.03830145 0.05175488 0.07565562 0.08958085 0.08580589 0.1019948 0.1097836 0.1629541 0.1306851 0.1375334 0.1592927 0.186679 0.2045302 0.2007217 0.2156624 0.2415132 0.3197329 0.2943815 0.3228954 0.3312022 0.2944543 0.2572467 0.1949813 0.1739416 0.1749021 0.1771608 0.1917449 0.2008918 0.1644707 0.1375901 0.106005 0.08179751 0.07050405 0.0561605 0.01668604 0.00778559 0.01259 0.022273 0.03615147 0.02190201 0.02166755 0.01644452 0.03404441 0.05076984 0.03159032 0.01325246 0.0003484302
0.09199734 0.04975043 0.03530269 0.02756138 0.01758393 0.02146529 0.02667979 0.03148706 0.04613072 0.04232055 0.05399464 0.08250297 0.1004767 0.104959 0.1245933 0.170605 0.2031806 0.182258 0.1728468 0.1977759 0.2047599 0.2087345 0.1965668 0.2155529 0.2677025 0.31105 0.2964897 0.3239815 0.3711653 0.3559651 0.2935339 0.2257401 0.2128595 0.2181525 0.2141116 0.2191997 0.1918104 0.1613618 0.1419905 0.1004824 0.08159224 0.0875693 0.06179288 0.02142164 0.01146031 0.01417688 0.02444525 0.03740655 0.027214 0.02330294 0.0219527 0.0002556678 0.0008806694 0.02255146 0.02413988 0.002905064
0.1002996 0.09297794 0.07593064 0.03395203 0.02586813 0.02892528 0.03201645 0.03806444 0.05482308 0.05601465 0.06710334 0.1071363 0.1156669 0.1160312 0.1320203 0.2016558 0.1941398 0.2081444 0.1933873 0.2071618 0.2121247 0.2020824 0.1925836 0.2049246 0.2401253 0.2837915 0.3243542 0.3246427 0.3477584 0.3823363 0.3304297 0.2823236 0.2567963 0.2733268 0.2661279 0.2773314 0.2217428 0.1860106 0.1730959 0.1437623 0.1141441 0.09058457 0.0910726 0.02619122 0.01435471 0.01203989 0.02299304 0.04683778 0.03917838 0.02817047 0.0567445 0.2889355 0.02085632 0.03008096 0.007501325 0.002408281
0.08595259 0.07168151 0.06322781 0.04397025 0.02958188 0.02568877 0.04038996 0.04823886 0.06252448 0.08029278 0.09263653 0.1287463 0.1445429 0.1607535 0.17385 0.1932953 0.2275811 0.2067461 0.1910286 0.1551229 0.1744222 0.1606044 0.1529087 0.1861611 0.2109638 0.25445 0.3046886 0.3194893 0.3230117 0.3356555 0.3107795 0.3514147 0.3457305 0.377607 0.3680581 0.3391322 0.3066607 0.2417443 0.2167398 0.1460541 0.1252244 0.1031779 0.07687271 0.04414511 0.02272282 0.01576442 0.01145727 0.01933157 0.03184106 0.02783666 0.009375257 0.02175785 0.00082121 0.01369203 0.0007203515 0.007627691
0.1023594 0.08137409 0.05001183 0.05277192 0.04937079 0.03939292 0.04407363 0.05537251 0.06023243 0.07566691 0.09300288 0.1518117 0.163324 0.183027 0.1758148 0.1616567 0.210529 0.2282977 0.174621 0.1517137 0.1415422 0.1298726 0.124562 0.147723 0.176978 0.2546141 0.3238944 0.3338706 0.3234226 0.3417239 0.3314432 0.3659096 0.377068 0.384057 0.3947356 0.3705287 0.3371491 0.2896727 0.2402112 0.1644067 0.1445351 0.1133272 0.08717279 0.04422516 0.02599652 0.01920742 0.01028902 0.027451 0.02965054 0.02953054 0.008971197 0.0009838964 0.002089928 0.0006961029 0.0007003381 0
0.1095084 0.07473428 0.06175464 0.05668716 0.05824864 0.07308261 0.07396819 0.06003821 0.06690732 0.07523841 0.1036685 0.1403922 0.1708589 0.188247 0.1949445 0.1556412 0.1785838 0.2348248 0.1963887 0.1292725 0.1172063 0.1159204 0.1288231 0.1710842 0.1830776 0.2522898 0.3315934 0.3080147 0.3322343 0.3324033 0.3882594 0.4035065 0.3823423 0.4002281 0.4122097 0.3982506 0.3668845 0.3086677 0.2525501 0.1648053 0.1446322 0.1227385 0.0891713 0.04823301 0.02545477 0.02361425 0.0168696 0.01985354 0.01907053 0.0176857 0.02404166 0.005039212 0.007464722 0.0006487846 0.0006332726 0
0.115686 0.09260919 0.06266178 0.08093347 0.06530447 0.1009995 0.1243893 0.08288845 0.08266593 0.07434539 0.08810072 0.1170968 0.1436004 0.1521026 0.1445832 0.1501213 0.1488258 0.1588596 0.1778573 0.1406615 0.1030446 0.1116576 0.1337325 0.1702138 0.2113836 0.2510549 0.2707724 0.2999005 0.34868 0.3462329 0.3788337 0.415354 0.3805809 0.4174874 0.3922434 0.3953243 0.372847 0.3098165 0.2676791 0.1812611 0.147176 0.1273201 0.0858484 0.03964812 0.03232617 0.0250939 0.02648488 0.02010962 0.02531966 0.02979819 0.01657342 0.01196001 0.005454402 0.0006185152 0.0006119938 0
0.1447407 0.09757157 0.06307052 0.09132443 0.09661304 0.1266954 0.1640035 0.1292805 0.1027308 0.1083114 0.08093989 0.1021009 0.1066626 0.1383338 0.1404458 0.1380043 0.1366896 0.1353437 0.1321621 0.1176872 0.1415149 0.12473 0.1322911 0.1811723 0.220133 0.234715 0.267181 0.2844402 0.3365455 0.3720292 0.388052 0.3312498 0.3178931 0.3446992 0.3428262 0.2979673 0.2750321 0.2418339 0.2182586 0.1772852 0.1468317 0.1256475 0.1034706 0.06530759 0.03906227 0.03261375 0.02343711 0.0197593 0.02077624 0.01890642 0.007037607 0.003256373 0.001654285 0.0006124473 0.0006156399 0
0.1425581 0.1059045 0.06748572 0.06437278 0.1032949 0.1233292 0.1649892 0.1446133 0.1180126 0.1075814 0.09941421 0.1122947 0.1237381 0.1296185 0.1355809 0.1362264 0.1294877 0.140596 0.13882 0.1145902 0.117021 0.1004127 0.1269423 0.156315 0.1949528 0.2034882 0.1793291 0.2678729 0.278529 0.3301921 0.3536959 0.3179411 0.2995087 0.2904285 0.2761661 0.2749001 0.2463092 0.225712 0.2119423 0.1804827 0.161373 0.185077 0.1364008 0.06741033 0.04378738 0.02918131 0.02275434 0.01361107 0.01076641 0.004115201 0.001755329 0.001217499 0.0007894435 0.000577929 0.0005913434 0
0.1554203 0.1038777 0.07721803 0.07502028 0.0923669 0.07730392 0.1037638 0.1410681 0.1248173 0.1437734 0.1262748 0.1228616 0.135371 0.1427789 0.134399 0.1622366 0.1400178 0.1507223 0.1295477 0.1365063 0.1435443 0.1111744 0.1422275 0.1364386 0.1517669 0.1631324 0.1570389 0.2155557 0.2667277 0.3042209 0.3311892 0.2756253 0.2791206 0.2623423 0.2473043 0.2350603 0.2227038 0.2063327 0.2163171 0.1943752 0.152802 0.182893 0.1678082 0.07928323 0.04386624 0.02693375 0.02247945 0.009192597 0.004079268 0.004761058 0.002870702 0.001383848 0.001155487 0.0005506108 0.000552659 0
0.1149284 0.09860729 0.1195794 0.1249441 0.1186539 0.08212865 0.09189873 0.1292826 0.1202723 0.1273317 0.1682657 0.15089 0.1476763 0.1356454 0.1553059 0.2030554 0.1764901 0.1725097 0.1814375 0.2001565 0.2053555 0.1508349 0.157045 0.1818434 0.1628141 0.161413 0.161872 0.2322674 0.2249872 0.2875815 0.3249446 0.2769355 0.2632998 0.2340283 0.2194536 0.2215712 0.2543562 0.1924888 0.1899083 0.1913884 0.1638558 0.1289342 0.129042 0.07250945 0.04856547 0.02569496 0.01929018 0.007736311 0.004149195 0.002276733 0.001923215 0.006153749 0.001283649 0.0005506108 0.000552659 0
0.1151468 0.1022224 0.1238374 0.1244311 0.1136429 0.1235183 0.1252532 0.1182219 0.1395989 0.1414541 0.157383 0.163105 0.1557326 0.1282654 0.1256827 0.203455 0.2207058 0.2018847 0.1983366 0.1893835 0.1781942 0.1840858 0.2017662 0.1776718 0.1595184 0.1303457 0.107298 0.1741778 0.2115436 0.2312394 0.2906274 0.2302499 0.2279899 0.1967388 0.1767789 0.2087261 0.3388592 0.1824994 0.1475725 0.1437329 0.1318783 0.1080563 0.1007758 0.08181766 0.0552977 0.02979825 0.02290463 0.008716423 0.005048282 0.002976448 0.003842318 0.01431452 0 0 0 0
0.1488221 0.1213049 0.1300015 0.1285782 0.1045564 0.1317007 0.1619023 0.1634431 0.1781225 0.1719612 0.177959 0.1875031 0.1879243 0.1707456 0.1562214 0.1735416 0.1767967 0.1867072 0.1898212 0.1639564 0.1556707 0.2024364 0.2113335 0.2131688 0.1578706 0.1897862 0.1495886 0.1332612 0.1870757 0.219309 0.1575035 0.2064538 0.2222437 0.2032 0.2087232 0.1696031 0.1781946 0.1644678 0.1424837 0.1340224 0.1215682 0.1080517 0.08972771 0.06000882 0.04639434 0.03421023 0.02453147 0.009005588 0.005059486 0.003054398 0.002766282 8.064516e-005 0.009758064 0.0001209677 0 0
0.1830115 0.1421897 0.1272962 0.1261496 0.1054632 0.1724195 0.2007854 0.1873473 0.2040733 0.2043574 0.2132618 0.1767965 0.1567678 0.178924 0.1745446 0.1780116 0.1760092 0.1639461 0.1642349 0.1590078 0.1676069 0.1675006 0.1802051 0.2923358 0.2434015 0.1581195 0.1260436 0.165353 0.1546773 0.1803754 0.1098258 0.1734883 0.1853153 0.1940772 0.1649882 0.1507447 0.1390674 0.1527155 0.1406229 0.1244478 0.1189036 0.0996132 0.09022703 0.0600918 0.04262268 0.03539596 0.02993687 0.01113777 0.006370855 0.003287634 0.003300929 0.004153226 0.002540322 0.0002016129 0 0
0.151576 0.15436 0.1327739 0.1172424 0.09475024 0.1276062 0.1849154 0.2094077 0.2429581 0.2352036 0.2236238 0.1959387 0.208479 0.1612172 0.1682749 0.18472 0.2138859 0.2205132 0.1851786 0.1898768 0.1589623 0.1516153 0.1544434 0.2325565 0.2456837 0.1703307 0.1721514 0.1820712 0.2484655 0.2387333 0.1011201 0.1615426 0.1684074 0.2032162 0.2205829 0.1693572 0.1463154 0.1269212 0.1318541 0.1180398 0.1061036 0.09317345 0.09086805 0.06513435 0.04661036 0.04119921 0.03381173 0.02053267 0.0168584 0.007481268 0.005998651 0.005564516 0 0 0 0
0.1767046 0.1564393 0.1781583 0.1552224 0.1245679 0.09777872 0.1631091 0.1544265 0.2000628 0.2177533 0.208874 0.2016507 0.1976614 0.2245794 0.1692813 0.1570993 0.1855515 0.1969527 0.173602 0.1842739 0.1760211 0.1509596 0.1265694 0.1577391 0.2010947 0.1415879 0.152697 0.1747061 0.2177905 0.1923882 0.160745 0.1713202 0.173184 0.1801122 0.2036352 0.1788759 0.1523339 0.1161877 0.1477599 0.1288456 0.1365886 0.1016694 0.09379748 0.07420587 0.05373336 0.04264706 0.03172127 0.01741935 0.04165323 0.04141129 0.01407258 0.004919354 0 0 0 0
0.249902 0.2077553 0.198038 0.1667074 0.07227717 0.08772232 0.1481684 0.1443928 0.1469444 0.166307 0.1976231 0.2223588 0.2434537 0.2247852 0.2044326 0.1848027 0.1894415 0.1756396 0.1993949 0.1963523 0.2090886 0.1834616 0.1365293 0.1350723 0.1785979 0.1940165 0.1693886 0.1865824 0.2315706 0.2490083 0.2281003 0.2326218 0.2252151 0.1962521 0.1750922 0.17399 0.1539499 0.1274536 0.1264813 0.1286284 0.170466 0.1341994 0.09569697 0.07711527 0.06064506 0.04306799 0.03223668 0.0166129 0.01915323 0.01858871 0.009798386 0.0004838709 4.032258e-005 0 0 0
0.2559452 0.2049276 0.1961841 0.1794947 0.1522964 0.08889908 0.1107441 0.1266007 0.1938882 0.1882269 0.1958636 0.2249248 0.2190118 0.2164177 0.2145764 0.1999957 0.2079079 0.1846811 0.1822449 0.2863233 0.2023904 0.1753531 0.1570736 0.1772899 0.1851282 0.1933015 0.1780634 0.1956282 0.223107 0.2426691 0.2315256 0.2603041 0.249075 0.2369924 0.1857163 0.1887568 0.1921561 0.1347596 0.09524117 0.1120773 0.1268737 0.1204208 0.1226539 0.06828925 0.05332456 0.03907147 0.03763705 0.01125 0.02979839 0.01709677 0.01951613 0.004959676 8.064516e-005 0 0.0002419355 0.006854839
0.2578728 0.2291368 0.2256597 0.1757573 0.1604884 0.141606 0.1206939 0.1213312 0.183677 0.1644404 0.1737342 0.1941685 0.2460222 0.2621907 0.2504996 0.2364316 0.2156769 0.255728 0.2231269 0.197787 0.1958422 0.1856581 0.1756283 0.2114752 0.2030353 0.2066975 0.2585492 0.1981888 0.1915511 0.2342903 0.2444586 0.2529295 0.2506291 0.2351675 0.2094192 0.2170162 0.2015028 0.1524979 0.1251553 0.1043997 0.1061026 0.08920221 0.1202672 0.06656601 0.04959005 0.04254441 0.04024639 0.006491935 0.02870968 0.02620967 0.01983871 0.006653225 0.00516129 4.032258e-005 0 0.0004032258
0.2051234 0.2113843 0.2511135 0.2348134 0.1821339 0.1415772 0.08692519 0.09077017 0.126465 0.1255494 0.1587538 0.1939168 0.217558 0.2726979 0.2478534 0.2283241 0.2177729 0.2231882 0.2681256 0.2342975 0.2368283 0.2140955 0.2351107 0.2445087 0.2374209 0.2390128 0.2903017 0.2718783 0.2326312 0.2444579 0.2255993 0.2637014 0.2359538 0.240916 0.2030676 0.1924856 0.1975051 0.1845431 0.1486056 0.0990032 0.08346481 0.08140965 0.07874236 0.07155579 0.05265167 0.0358442 0.03814062 0.02237903 0.02568548 0.0175 0.01350806 0.009637096 0.01346774 0.004153226 0 0
0.2041556 0.1945968 0.2306843 0.2114471 0.1235192 0.1129071 0.09050719 0.0867857 0.1226185 0.1653188 0.1752215 0.2065409 0.2358638 0.2700101 0.2928056 0.224419 0.1823077 0.1951747 0.20806 0.1871299 0.1628711 0.2365158 0.2613041 0.2434733 0.2466887 0.2630332 0.2965901 0.277095 0.2457365 0.2333838 0.2379135 0.2464167 0.2697539 0.2576352 0.2300319 0.2196038 0.2254309 0.2368436 0.2207632 0.1231229 0.08606644 0.07999378 0.07256163 0.0663325 0.04730516 0.037053 0.0357266 0.02185484 0.01693548 0.01209677 0.01830645 0.04266129 0.03020161 0.01419355 0.00516129 0.0001209677
0.2101236 0.2174409 0.1943475 0.2004591 0.1794046 0.1579309 0.1220903 0.1182938 0.1360791 0.1560441 0.1918625 0.1683675 0.1891358 0.2185141 0.2514436 0.2307792 0.1678494 0.1712609 0.2356232 0.2788415 0.1976541 0.2258861 0.2331446 0.2288602 0.2538945 0.3555702 0.3315269 0.3235298 0.2932671 0.2747969 0.271367 0.2837396 0.2852148 0.2681514 0.2733984 0.2570164 0.2247142 0.2482731 0.2707272 0.1541209 0.1079797 0.08324752 0.06954736 0.0624686 0.03805497 0.03530972 0.04153071 0.02995968 0.03080645 0.02798387 0.01879032 0.03040322 0.01419355 0.01737903 0.01810484 0.01979839
