contrib/geomasonDemos/riftland/DataFiles/RainData/40.txt
ncols         56
nrows         54
xllcorner     28.264
yllcorner     -5.7719999999999
cellsize      0.25
NODATA_value  -9999
[rows 0 to 27 of 54, columns 0 to 55 of 56]
0.07485022 0.08091569 0.05728721 0.06274004 0.06296187 0.07897423 0.08793048 0.05598082 0.07392793 0.05739527 0.1085623 0.09179825 0.05087555 0.05060787 0.07998182 0.08073597 0.05442215 0.05316404 0.09473189 0.05417226 0.04782712 0.06214803 0.1147638 0.1836534 0.1467566 0.1745469 0.1534408 0.1401883 0.1349126 0.1397847 0.1445148 0.1758332 0.1667681 0.1418863 0.1186773 0.1195131 0.1153708 0.08605794 0.09843533 0.0824923 0.05777204 0.05737453 0.0565691 0.07714374 0.07848794 0.07570569 0.07832748 0.06820246 0.06239635 0.06012852 0.07007676 0.07913358 0.08585105 0.07989605 0.07115097 0.155766
0.09942941 0.09304222 0.06481078 0.05981702 0.06178285 0.06343965 0.09100829 0.09729795 0.0684358 0.06917152 0.07645378 0.07991184 0.05302341 0.04052728 0.05863602 0.09414921 0.07104099 0.07399508 0.05806774 0.03740846 0.04015514 0.05966587 0.1610662 0.1508026 0.1513261 0.1567393 0.1382543 0.1731678 0.1819276 0.2346768 0.2351864 0.208562 0.2165413 0.1592579 0.1314192 0.1411253 0.1820066 0.1399411 0.09964907 0.07687183 0.06756259 0.07551888 0.08283436 0.08678104 0.08974585 0.08291171 0.08825478 0.0704571 0.06631736 0.0843882 0.1062419 0.1198273 0.0795792 0.07154341 0.0672169 0.0905315
0.06908673 0.07052804 0.08099197 0.0676465 0.06236081 0.06765644 0.06229704 0.04802903 0.0264899 0.06820196 0.08382116 0.04689549 0.02011325 0.03465652 0.05286335 0.06571989 0.07602262 0.07226778 0.05053679 0.04207241 0.03881216 0.04837837 0.1421185 0.1624912 0.1268435 0.1433539 0.1736011 0.2216366 0.2047151 0.2247602 0.1806915 0.2129497 0.2295831 0.2142162 0.1950486 0.1746478 0.2116921 0.1907511 0.1325214 0.09373423 0.08495498 0.08911963 0.09858961 0.08760857 0.08547191 0.08937243 0.09773621 0.1028881 0.1355527 0.1503798 0.1679601 0.1469014 0.07484653 0.06954219 0.0693098 0.05924579
0.09516636 0.07463044 0.07829639 0.07280392 0.05885589 0.06059376 0.05303308 0.07505256 0.1447466 0.08881851 0.1049292 0.04892416 0.02819779 0.02676952 0.04236516 0.05246675 0.07798956 0.07207634 0.08077154 0.04694804 0.06528013 0.07080436 0.07882895 0.1068277 0.1057169 0.150661 0.1674228 0.2892983 0.2554389 0.207505 0.2213729 0.2678244 0.2465172 0.2047075 0.2207641 0.2045359 0.2306219 0.1682006 0.1204482 0.1075462 0.1268149 0.1175744 0.09717365 0.09848097 0.1007507 0.09282909 0.1061875 0.162502 0.1868766 0.2024996 0.2188405 0.1720992 0.1161146 0.1209878 0.09897062 0.1141664
0.09470874 0.07785604 0.08198775 0.07798775 0.06923828 0.07301705 0.08027989 0.08862889 0.05898615 0.04438308 0.05684649 0.02881247 0.01931173 0.02545438 0.03963481 0.06930841 0.07758855 0.09047977 0.05986774 0.06316416 0.07159016 0.09035182 0.07727681 0.08923339 0.0992007 0.1769699 0.1736415 0.2098744 0.2101774 0.157954 0.1959391 0.3000038 0.3191918 0.2532022 0.2575749 0.2239268 0.2043502 0.1653398 0.1288034 0.128134 0.1650996 0.1820226 0.1438971 0.1333887 0.1280176 0.113425 0.1442602 0.1930999 0.2348505 0.1693161 0.1948641 0.1812405 0.1197857 0.1541985 0.1180695 0.08497259
0.09039505 0.08975121 0.1068237 0.09599345 0.09396498 0.08144155 0.1239317 0.09118482 0.07176007 0.04124986 0.03932475 0.03123602 0.04613919 0.03816947 0.08428523 0.1284597 0.1144693 0.07619559 0.05222294 0.06298593 0.06992521 0.08569239 0.1009252 0.09780128 0.1002299 0.1220105 0.143341 0.1716744 0.1955482 0.1593107 0.1875675 0.2621066 0.3219347 0.278242 0.2353949 0.2333492 0.2175576 0.1840744 0.1450775 0.1524921 0.1818986 0.1603606 0.1583008 0.1567941 0.168774 0.1747826 0.1738359 0.2114874 0.2042965 0.2253481 0.1635238 0.2075249 0.1554056 0.154171 0.1491056 0.1452476
0.08008423 0.0944662 0.09864742 0.1100996 0.1044304 0.1658926 0.08680714 0.09658177 0.07798337 0.03420128 0.03314222 0.05959496 0.07786427 0.09885113 0.07959526 0.1133583 0.1104312 0.09933578 0.07244828 0.07954171 0.07873341 0.08838034 0.07213086 0.08577076 0.1012546 0.118885 0.1316443 0.1494083 0.185258 0.204748 0.2088493 0.2648004 0.296469 0.2542515 0.2414292 0.2253273 0.2385951 0.185392 0.149125 0.1825297 0.2107865 0.1862666 0.1738772 0.1941418 0.2047789 0.2183245 0.1913827 0.2308043 0.2223335 0.182161 0.209636 0.3273371 0.2568991 0.2580816 0.2199652 0.2019233
0.08560401 0.09398455 0.08708695 0.1458907 0.1136127 0.1273542 0.08181071 0.06729405 0.06142215 0.05137189 0.05558044 0.07659858 0.07052164 0.08332156 0.05706747 0.06959388 0.08584596 0.07799969 0.0715616 0.07923078 0.07140823 0.08506686 0.08326148 0.09293321 0.1261909 0.1193998 0.1398002 0.1984021 0.2239601 0.2269191 0.3037649 0.3390982 0.3275652 0.31681 0.3786463 0.2683003 0.2462738 0.2797697 0.1967513 0.1911423 0.22405 0.2223036 0.2009502 0.2130516 0.2191439 0.245006 0.1994449 0.2274278 0.1840058 0.1344097 0.1307138 0.1950435 0.2689102 0.3294595 0.2965979 0.2721687
0.1090902 0.1120229 0.09906416 0.1043748 0.1120384 0.160526 0.1107069 0.07539466 0.07463162 0.07362898 0.07224102 0.06983525 0.0601148 0.06103471 0.06200222 0.08073967 0.0819336 0.07054264 0.06979145 0.0548393 0.07925469 0.1186859 0.1302062 0.09317832 0.1252602 0.1331967 0.1476641 0.1465857 0.1672605 0.1959879 0.2615306 0.3289815 0.3203131 0.2782223 0.2206387 0.2332729 0.3209031 0.2879421 0.2099885 0.2131518 0.2552418 0.2156657 0.1860025 0.1923323 0.1965878 0.2252541 0.2217647 0.3608783 0.2280222 0.1644199 0.1474224 0.2091781 0.1846943 0.3555302 0.4190235 0.3365395
0.1142503 0.09825286 0.07975878 0.1156276 0.1225854 0.132147 0.1075042 0.09667823 0.08883778 0.09243311 0.07795077 0.08425134 0.0621702 0.07829458 0.07057677 0.09089486 0.07962655 0.08044916 0.05907497 0.05134309 0.1293265 0.1393543 0.1388304 0.1187169 0.1166362 0.1187162 0.1311696 0.1172567 0.1141619 0.1279955 0.2159649 0.2892576 0.2976853 0.2531044 0.2422882 0.2868038 0.2947804 0.3564262 0.2171085 0.2046031 0.2173251 0.2253169 0.1636143 0.1745369 0.1808974 0.2389604 0.2190313 0.2873927 0.2384325 0.1473221 0.1698651 0.183108 0.1590883 0.2561669 0.335425 0.253038
0.07745887 0.07536697 0.08801076 0.09006754 0.1112196 0.116817 0.1025746 0.08050893 0.07705036 0.1016558 0.1004731 0.08254389 0.05655785 0.06949806 0.09268725 0.09156726 0.08366619 0.08174126 0.05252527 0.03308751 0.0883562 0.1369454 0.1335718 0.1651098 0.1178595 0.1247309 0.09274902 0.1042112 0.07652365 0.1398198 0.2103282 0.2946244 0.2372199 0.2087651 0.2655649 0.2863965 0.2942719 0.2469676 0.1754685 0.1774545 0.1785733 0.1931535 0.1892521 0.2093128 0.2116658 0.2553307 0.2637059 0.395633 0.2511219 0.1608053 0.1410764 0.1577079 0.1431321 0.1693533 0.1732591 0.09865652
0.1361693 0.1158726 0.1439045 0.1214926 0.09337045 0.1166885 0.1396135 0.09875361 0.08741966 0.1112387 0.1254789 0.1168333 0.08768123 0.08157437 0.0929843 0.0994053 0.08947268 0.07256663 0.05452525 0.04346722 0.08807582 0.1373948 0.1551718 0.1211648 0.1023046 0.09418401 0.0894934 0.08669167 0.08605964 0.1200173 0.1354697 0.1370524 0.1352794 0.1560757 0.163888 0.1841972 0.2110779 0.1441854 0.1843323 0.1670574 0.165871 0.177727 0.2150948 0.2701565 0.2651401 0.3065866 0.3060587 0.3594189 0.2265399 0.1845741 0.1419229 0.1277123 0.0941091 0.09801817 0.09172247 0.03789684
0.1484761 0.1583879 0.1423298 0.1270855 0.1182008 0.1351689 0.1386663 0.1070767 0.09542774 0.09682738 0.1012317 0.0938025 0.104279 0.09022707 0.09486488 0.1174251 0.1092954 0.09589347 0.06838225 0.07745274 0.06941759 0.07153504 0.07428946 0.07678085 0.06374232 0.06423056 0.06959883 0.08486406 0.06536404 0.06369086 0.05796689 0.07185861 0.1008284 0.1242011 0.1315549 0.1267535 0.2110742 0.1452029 0.1239664 0.178273 0.1588489 0.1725563 0.197787 0.2362815 0.2647993 0.2982933 0.3103961 0.2626315 0.2293588 0.1807398 0.1204541 0.08581972 0.08354501 0.08104412 0.07699747 0.02902703
0.1344228 0.1286595 0.1303171 0.1607857 0.1542743 0.1286599 0.116755 0.09160995 0.09484845 0.09272902 0.1021518 0.09667975 0.09974205 0.1081684 0.1094456 0.1431901 0.1205559 0.0975627 0.07701682 0.09143495 0.1181611 0.1077824 0.08258855 0.07694281 0.07381961 0.04568152 0.05471309 0.06041608 0.05871161 0.0406768 0.0377856 0.05415999 0.06903607 0.08960181 0.1010425 0.1014537 0.1442245 0.1382076 0.1116538 0.1716481 0.1915433 0.1897721 0.185905 0.2297561 0.2651119 0.2071684 0.2136168 0.1960333 0.1758368 0.1614099 0.126195 0.06593793 0.0519607 0.03643293 0.02036788 0.02793338
0.1242821 0.1601457 0.1606764 0.173819 0.1210217 0.1412604 0.1442153 0.0981131 0.09728571 0.1046128 0.1096872 0.1111903 0.09922604 0.09886605 0.1232329 0.1453442 0.1280881 0.1378495 0.1371083 0.1217992 0.1068565 0.1304146 0.1261068 0.08127838 0.06249441 0.02771926 0.04466483 0.0491315 0.03614968 0.02757697 0.02429782 0.03006945 0.03620486 0.05814242 0.07790479 0.08192384 0.119045 0.1289768 0.1048867 0.1596249 0.1784842 0.1595643 0.1781151 0.2205347 0.2321359 0.1813314 0.1709006 0.1600898 0.165492 0.1469441 0.112126 0.05241589 0.03010551 0.02225574 0.04242383 0.03263994
0.21426 0.1931015 0.2205729 0.1910477 0.1381366 0.1832812 0.1763623 0.1187657 0.1222398 0.1091714 0.1177651 0.1178342 0.1130261 0.1096613 0.1192767 0.1955227 0.1732622 0.1941883 0.1960759 0.178873 0.1347392 0.1331671 0.1026754 0.09066426 0.07675616 0.06186976 0.06843547 0.06700612 0.05657631 0.05997672 0.03719737 0.03087767 0.04124868 0.05983132 0.09188797 0.1158346 0.119647 0.1393096 0.1579104 0.1732533 0.1762118 0.1986366 0.1897001 0.186618 0.1863103 0.1486596 0.125026 0.1305988 0.1854165 0.2015004 0.1497463 0.04996288 0.04257363 0.07217739 0.1388272 0.0425149
0.215677 0.1863613 0.2537875 0.2023115 0.1651838 0.1984443 0.1515495 0.12327 0.1281469 0.1133444 0.1093032 0.1139698 0.1134366 0.1231451 0.1304991 0.1878718 0.1832319 0.1817963 0.2143504 0.2092732 0.170461 0.1768061 0.1057663 0.09053645 0.07576278 0.0890196 0.08362443 0.08420156 0.06791501 0.05864891 0.04655335 0.03467346 0.04601072 0.07436918 0.0929573 0.09789669 0.1161489 0.1478356 0.1619189 0.1825693 0.1948628 0.1708704 0.183847 0.1723128 0.1786137 0.1770091 0.1189154 0.133519 0.2160988 0.2245055 0.2154823 0.1023974 0.06704532 0.06241158 0.1367924 0.05189581
0.1801187 0.222398 0.2845269 0.1866357 0.1540056 0.144189 0.1704389 0.1284815 0.1347558 0.1156722 0.1117569 0.1288909 0.1484846 0.1551173 0.144359 0.1873078 0.1827323 0.1933554 0.2313484 0.2629374 0.2029916 0.1864355 0.1420804 0.0742415 0.07540603 0.0639627 0.06013601 0.08084892 0.09217163 0.07316101 0.05843657 0.05636162 0.04913576 0.0654087 0.09446728 0.1063805 0.1257627 0.1589464 0.1295208 0.1436575 0.1745771 0.1786751 0.1953694 0.2452307 0.1785401 0.1476068 0.1464578 0.1404593 0.1931531 0.2170667 0.1989275 0.1843702 0.1717887 0.1836436 0.134764 0.07066921
0.2195138 0.2287895 0.3055594 0.2657686 0.1845616 0.1384929 0.1772693 0.1416961 0.1264167 0.1003015 0.1253868 0.1638878 0.1645578 0.1673283 0.1703811 0.1902945 0.1710705 0.1829369 0.2281809 0.2729554 0.224011 0.1477358 0.1259043 0.1039682 0.06179676 0.06249674 0.06962393 0.055527 0.0629717 0.0624117 0.04845439 0.06061881 0.06084802 0.07587998 0.1026181 0.0975465 0.1042298 0.1110713 0.107161 0.1409963 0.1589369 0.1735459 0.2034643 0.2167492 0.1778575 0.155461 0.1626029 0.1491109 0.214944 0.2130629 0.2387553 0.206162 0.2430007 0.2198491 0.1592347 0.0730978
0.2416941 0.2682447 0.2750455 0.2353211 0.1897798 0.1478928 0.155016 0.1295341 0.1074937 0.1105056 0.1329826 0.2434764 0.2162288 0.1699713 0.2045743 0.2000816 0.2086808 0.2317463 0.274675 0.2393436 0.214716 0.2185956 0.1162199 0.1246552 0.09620926 0.0806799 0.0745847 0.05115376 0.0488848 0.06367031 0.06360102 0.06763878 0.07189802 0.09080754 0.1237249 0.1045373 0.08939871 0.08365781 0.1452255 0.1554507 0.1787321 0.1880212 0.1781007 0.1767563 0.1595486 0.1559188 0.131155 0.1382097 0.1687154 0.1723844 0.1934736 0.1368206 0.1447244 0.14754 0.1027427 0.08455452
0.2707941 0.2594366 0.1966502 0.2004248 0.163306 0.1489474 0.1558046 0.149545 0.1321386 0.1517266 0.1546923 0.2063021 0.2002811 0.1933723 0.2413755 0.1915399 0.2876643 0.3092445 0.3197023 0.2411514 0.2022067 0.2020073 0.1666321 0.1420759 0.114453 0.09187526 0.08953548 0.06527173 0.05226113 0.06805421 0.05687257 0.07610605 0.1155089 0.111262 0.1210474 0.1152551 0.1099095 0.1023884 0.1274638 0.1698388 0.18683 0.1977145 0.1856239 0.2025793 0.2068001 0.1875988 0.1364295 0.134279 0.1807788 0.1925829 0.1918736 0.1415489 0.1403596 0.1571992 0.1198896 0.1153444
0.2449101 0.2600324 0.1808292 0.1493555 0.1556848 0.1446103 0.1224982 0.1587195 0.1515557 0.1472332 0.1366803 0.1806733 0.1947008 0.180686 0.1893785 0.1752701 0.2451834 0.2731737 0.3075213 0.2346034 0.2003764 0.1841206 0.1813 0.1616019 0.1232078 0.1125751 0.1254389 0.128636 0.06920887 0.06593069 0.06192081 0.08779719 0.1257471 0.1485029 0.1457399 0.1448693 0.1256792 0.1598703 0.1619494 0.1647101 0.2085456 0.1962872 0.1633175 0.1684456 0.1972325 0.1615991 0.1472732 0.1362275 0.1733525 0.1958479 0.1849896 0.1466383 0.1314832 0.1229457 0.1210511 0.1256312
0.2463155 0.2436803 0.1931525 0.1399152 0.1449099 0.1162349 0.1023978 0.1168132 0.1272169 0.1033846 0.111265 0.1532991 0.1557602 0.1584221 0.2262203 0.2070827 0.1891202 0.2142514 0.2541646 0.2443852 0.2190857 0.2274617 0.1933176 0.1644681 0.1533471 0.1463237 0.1541501 0.1629753 0.1105186 0.08672255 0.08846924 0.09098474 0.1149821 0.1547149 0.1546302 0.1266997 0.1164341 0.1442618 0.1669592 0.1884397 0.2125936 0.1820485 0.1566416 0.1743057 0.1555369 0.1490225 0.2029714 0.1425606 0.1435099 0.1572942 0.155905 0.1810857 0.1761678 0.1504236 0.1757513 0.1357952
0.1724907 0.2225164 0.1959045 0.162189 0.116141 0.08933602 0.08757009 0.1222295 0.09826621 0.07540056 0.140302 0.1632696 0.1822632 0.1789097 0.2391555 0.2279314 0.1973673 0.2028749 0.2313863 0.2238327 0.2191613 0.2350068 0.2160117 0.1773712 0.1462841 0.1632996 0.1764585 0.1776622 0.1708925 0.1613742 0.1311898 0.1270034 0.1548987 0.1726769 0.1860317 0.1572117 0.1451228 0.1508712 0.1652752 0.1588492 0.1622781 0.1759687 0.1784016 0.1740102 0.1183708 0.10364 0.09841013 0.1472932 0.1501707 0.1240188 0.1483379 0.2022173 0.1812565 0.1979458 0.2100102 0.2147356
0.2160973 0.2116072 0.1894901 0.1857756 0.1893186 0.109016 0.1184745 0.1372363 0.1030921 0.08596835 0.09963957 0.1715377 0.1945063 0.211822 0.2260793 0.2205133 0.2278735 0.2204428 0.2199308 0.2541196 0.226881 0.2380903 0.2143873 0.2052221 0.1831792 0.1411726 0.1582874 0.1782366 0.1810385 0.1741685 0.1496315 0.1634192 0.1686161 0.1890767 0.1890089 0.1926053 0.1802498 0.1484691 0.1494098 0.1549759 0.1663692 0.2128664 0.1846691 0.1216879 0.1212688 0.09276258 0.1609118 0.1501026 0.1131136 0.1158893 0.2061591 0.2720308 0.2024645 0.2305068 0.1976735 0.165688
0.1714776 0.1861236 0.1511617 0.2076028 0.2053623 0.1462023 0.1279064 0.1350105 0.09804936 0.07971532 0.1005794 0.2186508 0.1811107 0.1996628 0.2649996 0.2949002 0.2603121 0.2348103 0.2504665 0.3092732 0.3090762 0.2451775 0.2371756 0.2169131 0.1918368 0.1616232 0.1555586 0.1902588 0.2174653 0.2518075 0.2109443 0.2086511 0.1822558 0.1912867 0.2034809 0.2254874 0.1936317 0.1675894 0.1537433 0.1469033 0.1429168 0.1613798 0.1608007 0.1043542 0.09088429 0.06548896 0.09323726 0.1070917 0.08259051 0.1222289 0.1614165 0.153622 0.2036113 0.2177641 0.1943275 0.1624286
0.1601254 0.1811585 0.1545585 0.1889784 0.1796639 0.1899661 0.1382913 0.1662768 0.1301161 0.110259 0.1144327 0.2445677 0.2687723 0.2816591 0.2332542 0.292891 0.3358553 0.3367984 0.3243095 0.3113138 0.2871182 0.2656501 0.2084356 0.209719 0.1841002 0.1741109 0.1793083 0.229782 0.2023321 0.2489136 0.2284513 0.2391714 0.2157305 0.2059992 0.2207138 0.1985029 0.19281 0.1815379 0.1841068 0.1846605 0.1642101 0.174794 0.183462 0.1059248 0.08496748 0.05471964 0.05972278 0.06814536 0.07083888 0.09921634 0.1291393 0.1509367 0.2251019 0.2184123 0.1903239 0.1249647
0.1774047 0.1593076 0.1565056 0.1639156 0.1795017 0.1434108 0.1655447 0.2266806 0.1891658 0.1388572 0.1417353 0.2385566 0.2441992 0.240093 0.2768532 0.3938863 0.3861816 0.4464718 0.4188533 0.2803579 0.2736151 0.2500866 0.2282191 0.2148226 0.1952446 0.1797383 0.19617 0.2200424 0.2183715 0.2167581 0.2134913 0.243984 0.2656369 0.2645445 0.2690802 0.2074458 0.2141952 0.2222309 0.2412314 0.2203942 0.2250259 0.2033855 0.1921044 0.124965 0.1108324 0.1035086 0.08532245 0.09860354 0.09562922 0.1076574 0.1309144 0.1304339 0.1367496 0.179533 0.1722393 0.1437049
