contrib/geomasonDemos/riftland/DataFiles/RainData/41.txt
ncols         56
nrows         54
xllcorner     28.264
yllcorner     -5.7719999999999
cellsize      0.25
NODATA_value  -9999
[rows 0 to 26 of 54, columns 0 to 55 of 56]
0.1270956 0.1607815 0.1442116 0.1350735 0.1814789 0.1371149 0.1301314 0.1006565 0.07218829 0.06234206 0.07320156 0.1695647 0.133853 0.09316355 0.1219213 0.08786437 0.0713308 0.09747082 0.1626316 0.1727927 0.1213326 0.1148713 0.1561269 0.1831202 0.217855 0.3229606 0.3051291 0.3408573 0.4579562 0.3485143 0.3019776 0.384912 0.3729869 0.4530931 0.3912045 0.3550783 0.3209658 0.2837606 0.2758804 0.2804924 0.2256653 0.1926134 0.2035852 0.1880227 0.206127 0.1961922 0.1802277 0.158048 0.1988091 0.2088531 0.238953 0.2037981 0.148414 0.1145658 0.09536217 0.07387083
0.1085191 0.1425559 0.1475445 0.1349254 0.1461718 0.1621542 0.1698865 0.1375615 0.09841404 0.07677883 0.1181751 0.1982111 0.1620948 0.1259279 0.1160445 0.1055068 0.08826479 0.08721371 0.09300045 0.1016318 0.1249146 0.1838622 0.1645804 0.2046855 0.215588 0.2571719 0.3083985 0.4331867 0.4065068 0.408159 0.366484 0.3797297 0.4347628 0.506537 0.4925002 0.3771947 0.3565271 0.3364622 0.2787474 0.2647538 0.2380008 0.2261062 0.1947012 0.167741 0.172323 0.1705838 0.1351923 0.1122811 0.1321084 0.1846609 0.2345884 0.2270447 0.1238476 0.08030539 0.06707748 0.0467502
0.1356168 0.1620578 0.1419153 0.1529327 0.1337841 0.138014 0.2107771 0.2081657 0.1501304 0.09175956 0.1372516 0.2325162 0.2043691 0.1713496 0.1425145 0.09957037 0.08821715 0.08266307 0.08517306 0.1128564 0.1544828 0.2810484 0.2439869 0.284699 0.2593727 0.2961912 0.3234335 0.3792883 0.482257 0.4365012 0.3621005 0.3681991 0.3985814 0.5103682 0.4212835 0.337101 0.3400536 0.3021558 0.2760949 0.2625331 0.2763934 0.2690471 0.2071862 0.1557569 0.1342796 0.1197268 0.1136434 0.1112097 0.1719824 0.2104896 0.206771 0.1763561 0.1175602 0.07058324 0.06163287 0.08397647
0.1501852 0.1372192 0.14056 0.1658973 0.1605754 0.1262326 0.1480502 0.1443025 0.1707754 0.1480785 0.1307384 0.163903 0.1767623 0.2085185 0.1965331 0.1079946 0.07543345 0.07590245 0.09807718 0.1155568 0.1491677 0.2124272 0.1840988 0.1988595 0.237706 0.2548171 0.2441264 0.3328412 0.3376345 0.3061607 0.3051901 0.318718 0.330297 0.3570671 0.4550337 0.356657 0.3180262 0.2982743 0.2785449 0.2899031 0.3071083 0.2955481 0.2561868 0.2089601 0.1836869 0.1572077 0.1416379 0.189559 0.1715467 0.1641809 0.1446473 0.1398295 0.1057965 0.08807193 0.06618506 0.1550666
0.124349 0.1456174 0.147265 0.1720407 0.1752167 0.1558505 0.1506071 0.1321272 0.1413895 0.1767564 0.1444974 0.2016237 0.1499787 0.1864935 0.1613672 0.1387845 0.1384417 0.1064615 0.1006341 0.09648239 0.09122632 0.1416317 0.1488505 0.1971148 0.2008905 0.181938 0.2146181 0.2877471 0.2534684 0.2355769 0.2681586 0.2951469 0.3257932 0.3658368 0.355305 0.373761 0.3035085 0.2548522 0.2777678 0.268674 0.3291239 0.3019687 0.2849019 0.2592797 0.2564638 0.2541771 0.2436382 0.2500946 0.1977733 0.1377236 0.08584457 0.07309081 0.0889083 0.09969924 0.0551182 0.1115819
0.1538079 0.161213 0.1400456 0.1604181 0.1582 0.177738 0.1741674 0.1705567 0.1824775 0.2661833 0.2232997 0.1901111 0.1732384 0.2117435 0.1785978 0.1730679 0.1767423 0.1755694 0.104427 0.09724947 0.0741333 0.1421551 0.1274042 0.1601096 0.1452916 0.1731963 0.2237247 0.3133608 0.2581425 0.1982872 0.1723713 0.2936357 0.37676 0.3737864 0.4230203 0.3498622 0.2794815 0.2381791 0.2556328 0.2863256 0.285844 0.2815028 0.2764586 0.2716052 0.2550145 0.2445063 0.2323239 0.2220902 0.1518218 0.09616759 0.07499025 0.06636785 0.08523289 0.06143588 0.0548755 0.06220301
0.138215 0.1379064 0.1211241 0.1239313 0.1117086 0.1385316 0.1636084 0.1673868 0.1952149 0.270428 0.1720508 0.2126573 0.1541749 0.1677923 0.2045825 0.1672948 0.1728336 0.1446639 0.1094338 0.08027888 0.06451181 0.1031764 0.1242233 0.1345819 0.2093709 0.1393618 0.178801 0.2557491 0.2651975 0.2146562 0.1928564 0.2399633 0.2673975 0.2781349 0.3067947 0.2851084 0.2654152 0.2177526 0.2197159 0.266973 0.2852848 0.2538972 0.2709339 0.2288603 0.1964768 0.2226979 0.2361208 0.1622532 0.1286442 0.07309333 0.08223429 0.06394938 0.08885035 0.05825145 0.05170725 0.05293695
0.13131 0.1405999 0.1098545 0.1207812 0.1203591 0.1293365 0.1679801 0.1879983 0.1987234 0.1945131 0.1583219 0.1636424 0.1622496 0.1504265 0.1778729 0.1714334 0.1885192 0.1370022 0.1288305 0.1003306 0.0748648 0.08792919 0.08368199 0.122691 0.1166842 0.06795853 0.1192811 0.1875609 0.2272682 0.2024855 0.2600357 0.2748642 0.269516 0.2913775 0.284438 0.2256364 0.1798423 0.1587683 0.1802384 0.2131074 0.2034916 0.1879221 0.2143491 0.1442188 0.1351216 0.192773 0.2039719 0.1556935 0.09139922 0.0804274 0.07835671 0.06366924 0.04682992 0.02178205 0.02902045 0.04878845
0.1388779 0.1388136 0.144892 0.139516 0.1460024 0.1945666 0.1716251 0.1812301 0.190967 0.2038483 0.2031446 0.1717041 0.1581129 0.1903877 0.197084 0.1950702 0.1850524 0.1482192 0.0913334 0.07234348 0.07863654 0.09913244 0.08005464 0.09425645 0.07325447 0.04085882 0.06769418 0.1007666 0.1520229 0.2025456 0.275814 0.3132608 0.239795 0.1781586 0.1510662 0.1524618 0.145592 0.1719612 0.1508345 0.1556511 0.137384 0.1423382 0.1193319 0.1023846 0.1175467 0.137863 0.1263005 0.1128029 0.08388131 0.06826276 0.06837996 0.03805588 0.02548818 0.01856115 0.02298259 0.03827923
0.1053552 0.1021313 0.1045364 0.1206954 0.1655932 0.2072996 0.155321 0.1826401 0.2208979 0.2381193 0.2314659 0.1693715 0.1800281 0.187546 0.179679 0.1883448 0.2526731 0.1809804 0.09746435 0.0800441 0.0818536 0.07427769 0.06665851 0.08448888 0.06733564 0.02111842 0.03393932 0.06969053 0.1047833 0.1333735 0.224001 0.2334279 0.1546617 0.1126263 0.1154765 0.1250938 0.1510433 0.1151925 0.09878641 0.1361221 0.1272091 0.1083531 0.1000069 0.09316132 0.07640457 0.07061376 0.09576547 0.07727548 0.06544917 0.0578194 0.07225483 0.05925773 0.01494197 0.01078532 0.01822874 0.03431524
0.1036679 0.09081987 0.06191289 0.1620619 0.1618063 0.1241636 0.1326909 0.1447476 0.1904948 0.2021724 0.2072356 0.1774965 0.1766973 0.1931838 0.1505531 0.1593719 0.2151098 0.1877538 0.1139947 0.05461847 0.06134095 0.07969134 0.0846783 0.08224548 0.03692765 0.02155979 0.0199463 0.03335235 0.05028579 0.05677203 0.09329455 0.1294355 0.09536678 0.08558277 0.09427156 0.1032568 0.1019352 0.07598199 0.0931062 0.1335824 0.1001573 0.09549487 0.09148112 0.1056699 0.05624447 0.04821979 0.04334948 0.04136258 0.04048498 0.03679397 0.0312331 0.02050178 0.01030163 0.005645473 0.01090073 0.01912113
0.09512911 0.0865403 0.09107101 0.1637138 0.1896867 0.1738483 0.1537986 0.1512451 0.1883362 0.2051191 0.2126073 0.1832428 0.1678924 0.1630897 0.1505215 0.1498742 0.1470292 0.1679788 0.1311058 0.06934899 0.06782778 0.07032735 0.08170847 0.06988337 0.06613708 0.05915678 0.03689159 0.03565669 0.04180817 0.04861782 0.05371861 0.0684083 0.05541597 0.07319803 0.06814056 0.0411616 0.04376903 0.04881365 0.05992047 0.09476561 0.08515128 0.08278977 0.08389744 0.07430939 0.07193871 0.06075647 0.05237505 0.05983657 0.06051265 0.06362183 0.04305281 0.01479309 0.01168327 0.01771255 0.01660544 0.013096
0.1134709 0.1016451 0.1406873 0.2034128 0.2009742 0.1948227 0.1705511 0.1520609 0.1714324 0.1950828 0.208867 0.1846796 0.2142768 0.197263 0.1602064 0.1478677 0.1490058 0.1515224 0.118909 0.1191806 0.05832224 0.04962476 0.06089216 0.05983318 0.05060158 0.02947433 0.02273007 0.02385226 0.02383776 0.01728322 0.02666789 0.03933832 0.04834082 0.05155354 0.05203846 0.02170404 0.02627744 0.03287342 0.05398045 0.07960458 0.07047677 0.06907476 0.0659584 0.06983145 0.06048072 0.0515435 0.05189067 0.05653438 0.06820443 0.04587631 0.0355226 0.01254158 0.01004736 0.01639222 0.01534635 0.01601139
0.1444098 0.1086605 0.1316756 0.1573753 0.1683637 0.1910746 0.1707412 0.163182 0.1412267 0.1705555 0.2005879 0.1769694 0.1952013 0.1607493 0.1517962 0.1583131 0.157927 0.1268594 0.1213191 0.111651 0.07792769 0.07852686 0.06598718 0.07768068 0.04292919 0.0165469 0.01710853 0.01504974 0.009822521 0.01173017 0.01539355 0.02745178 0.03259922 0.03614064 0.03823355 0.01335264 0.01888924 0.02373195 0.04651393 0.06691142 0.05522637 0.05380395 0.05224274 0.05460339 0.05076455 0.04916687 0.04695449 0.05518978 0.06043684 0.03986032 0.03101639 0.01083158 0.01187709 0.00708143 0.0145372 0.00901938
0.1298706 0.1018318 0.1338299 0.1182832 0.1318146 0.1501899 0.1609667 0.1420768 0.1750784 0.1131319 0.1507995 0.192418 0.198196 0.1441362 0.1306417 0.1553211 0.1617571 0.1357014 0.1356652 0.1276519 0.1146746 0.09169643 0.05792959 0.07760151 0.04779499 0.01692625 0.008222663 0.008661072 0.008041707 0.009151234 0.01200432 0.0212392 0.02520165 0.02785315 0.02964165 0.008116778 0.01586999 0.02011788 0.01887993 0.05090336 0.04628894 0.04731925 0.0560477 0.04752439 0.0410602 0.04475142 0.03918941 0.04865709 0.04059115 0.03289486 0.0262048 0.009999223 0.01289925 0.007471095 0.007667442 0.00770888
0.1324558 0.1065124 0.1353888 0.1149575 0.1170058 0.1191966 0.1294564 0.1316104 0.1330538 0.09762046 0.1415634 0.1673239 0.1779471 0.1493433 0.1318643 0.1554531 0.1603673 0.1707737 0.2057494 0.145844 0.164876 0.1570943 0.1016118 0.06801179 0.03665585 0.02401514 0.01341085 0.003247077 0.002635496 0.003355383 0.003685561 0.01177667 0.01496746 0.01686568 0.01791112 0.01668942 0.01773307 0.0185858 0.01758941 0.03311475 0.02710462 0.0274959 0.04354699 0.02535815 0.0282553 0.03639618 0.02405756 0.02240662 0.02055896 0.01855677 0.0158738 0.00743 0.005821594 0.005278641 0.005584519 0.004251282
0.1459635 0.1720936 0.2236984 0.1493917 0.1443468 0.1624873 0.116018 0.1294989 0.1605626 0.1433482 0.1362932 0.1543659 0.1615487 0.1514273 0.1414296 0.112434 0.1422996 0.1736255 0.1670201 0.1400918 0.1914957 0.2073939 0.1319049 0.08940952 0.05913964 0.03675989 0.02352096 0.004357441 0.001761967 0.001509996 0.001993124 0.00637586 0.007529094 0.008827258 0.015357 0.01249748 0.01096346 0.01128533 0.01633918 0.03036468 0.03057804 0.02225482 0.01888325 0.01695033 0.01962252 0.01662495 0.01631199 0.01930797 0.0181203 0.01642648 0.01336276 0.005559993 0.004313355 0.004005127 0.004848317 0.004812974
0.1808248 0.2310522 0.2281218 0.1733267 0.1324915 0.1418948 0.1055587 0.1354171 0.1204636 0.1285038 0.1240548 0.1230649 0.1279436 0.1557665 0.1574925 0.1466246 0.153915 0.1653026 0.1631765 0.1469015 0.1601715 0.1812427 0.1709225 0.1183136 0.0873637 0.04847514 0.03306428 0.01120063 0.001908676 0.001355644 0.001484171 0.004183138 0.00453154 0.005042071 0.005821667 0.006310563 0.007007302 0.007380365 0.01072589 0.01374869 0.0129447 0.0143818 0.0161445 0.01694929 0.01762626 0.01854727 0.01872803 0.02082208 0.019426 0.01771932 0.01497512 0.008680426 0.005963073 0.00570905 0.00480313 0.004169585
0.2470426 0.3941938 0.283134 0.160813 0.1328897 0.1336541 0.1114919 0.1045776 0.08467183 0.1106574 0.09216529 0.09121721 0.09340453 0.1373903 0.1505564 0.1693148 0.1972224 0.2045108 0.1745268 0.168643 0.1454895 0.1595745 0.1835918 0.1294067 0.08979145 0.06276748 0.04564232 0.01169113 0.003046401 0.002344751 0.002222896 0.005477041 0.005166571 0.005258763 0.005706064 0.00588618 0.006298447 0.006548532 0.007655683 0.01352403 0.01632938 0.02482712 0.02722354 0.02724509 0.02454365 0.02550928 0.02564521 0.02567324 0.02412147 0.02222282 0.0202694 0.01452367 0.01177986 0.006565606 0.002938377 0.003067074
0.1990158 0.1986622 0.2116282 0.1613448 0.1470679 0.1595453 0.1283265 0.09421694 0.08526447 0.08863878 0.06687288 0.06431399 0.07250214 0.1287173 0.1506525 0.2377106 0.1967622 0.2097429 0.2221461 0.1608158 0.170142 0.1785866 0.1764597 0.1359929 0.09448711 0.07856748 0.05224658 0.02808089 0.01714772 0.01409149 0.01391328 0.01533835 0.01286438 0.01037123 0.009146507 0.006107521 0.006355157 0.008888856 0.01222046 0.01806302 0.02137892 0.02371711 0.03326814 0.03468342 0.03130258 0.03207387 0.03199673 0.03092519 0.02945332 0.0278185 0.02471064 0.02594102 0.01740723 0.01643283 0.01082916 0.01641194
0.1787233 0.1440039 0.1502742 0.1188219 0.1187771 0.1141932 0.1211682 0.1038486 0.1007901 0.08776331 0.05684949 0.05486476 0.08807372 0.1184609 0.1446994 0.2157324 0.182997 0.2116868 0.1807351 0.1607143 0.1593729 0.1547129 0.1565716 0.1703344 0.1220867 0.1050192 0.09345444 0.03887566 0.02306474 0.02094007 0.01637913 0.01683722 0.01312585 0.009295093 0.008920078 0.006835527 0.00937186 0.01559148 0.02223171 0.02096581 0.02485355 0.03580167 0.03031554 0.03403698 0.03574796 0.03663699 0.03660268 0.03407556 0.03264923 0.03092149 0.02819214 0.02633082 0.02271597 0.02972305 0.01918009 0.03670546
0.1177261 0.1050425 0.09669407 0.1079541 0.1092855 0.09827697 0.09477675 0.1304113 0.1020037 0.06828796 0.04823036 0.06829235 0.118699 0.1650815 0.1518479 0.2035318 0.2107789 0.224168 0.162485 0.1754965 0.2407691 0.1877024 0.1575212 0.1910033 0.1940053 0.1752126 0.1388163 0.06995845 0.03540412 0.02756197 0.0223069 0.02525886 0.01832145 0.01516811 0.0135379 0.01329575 0.01222823 0.01847549 0.02308113 0.02435849 0.02913669 0.03133998 0.03447571 0.03935014 0.040716 0.04039774 0.04056994 0.03677905 0.03528745 0.0337734 0.03606146 0.03083829 0.02696369 0.04363308 0.03235275 0.03167471
0.1144722 0.1089742 0.09696986 0.1017712 0.1118964 0.09801324 0.08644138 0.1008361 0.07838599 0.05432168 0.06195907 0.111047 0.1253286 0.1644374 0.1781489 0.1582589 0.1835758 0.2503375 0.2022048 0.1674161 0.2560709 0.2243586 0.1868725 0.1954079 0.2020581 0.2107061 0.1533918 0.1061135 0.07285864 0.05119384 0.03926811 0.03144555 0.02801393 0.03470093 0.02766976 0.01948757 0.01812069 0.01813047 0.02281826 0.02823481 0.033673 0.03532592 0.03781593 0.04124288 0.04246658 0.04302101 0.04269016 0.0392329 0.03763382 0.03605058 0.03399227 0.03353722 0.03055205 0.03944363 0.03739109 0.03575429
0.1097434 0.1064058 0.1221552 0.1357024 0.09473159 0.0805311 0.08386163 0.08395669 0.06761387 0.0906762 0.1092465 0.147683 0.1561602 0.2128228 0.1964466 0.1705744 0.1777136 0.1906753 0.2100522 0.2058436 0.2721558 0.2910232 0.1972095 0.172352 0.1894417 0.248612 0.1618011 0.145573 0.1221362 0.1213732 0.1101412 0.07227957 0.05963413 0.05393517 0.04308443 0.03103447 0.02594006 0.02213143 0.02528557 0.03143878 0.0362421 0.03853236 0.04081573 0.04799857 0.04913056 0.04935966 0.04892771 0.04807007 0.04570055 0.04395901 0.04623058 0.04853459 0.04580333 0.04636548 0.04641986 0.03604489
0.1025943 0.111079 0.1190165 0.1210522 0.06446146 0.0504917 0.05917406 0.07593211 0.08048548 0.09212331 0.09690455 0.1302756 0.1639538 0.1742852 0.2015965 0.1953034 0.1624141 0.1478123 0.1906819 0.1977691 0.2463105 0.3017308 0.2065602 0.1684217 0.1487109 0.1545281 0.1263644 0.1169524 0.1206132 0.157364 0.1731531 0.09416866 0.06912521 0.06806214 0.04563415 0.03255405 0.02512718 0.02276369 0.02670723 0.03310268 0.03792705 0.04009878 0.04232579 0.04987241 0.05023658 0.05023343 0.04976808 0.04892185 0.04685888 0.04510442 0.04779348 0.0452021 0.03735325 0.06239723 0.05609699 0.05161862
0.0756378 0.08799503 0.1879256 0.1497734 0.08267185 0.06981175 0.09089042 0.1187962 0.112107 0.0990525 0.09497106 0.1092778 0.1277364 0.1633421 0.2054847 0.2154317 0.1985091 0.2334981 0.2555137 0.190496 0.2013083 0.2443701 0.2296016 0.2085087 0.2050981 0.185971 0.1589002 0.1705394 0.1631435 0.1393593 0.1132134 0.09690493 0.08338418 0.1017582 0.08477931 0.02975998 0.0235366 0.02422982 0.02836866 0.03510144 0.04003526 0.0419798 0.04380062 0.05036881 0.04998661 0.04989742 0.0585058 0.05387363 0.04811742 0.04934273 0.05661052 0.0511953 0.05406121 0.1348375 0.1483514 0.1803727
0.06901179 0.07027877 0.09928686 0.08380286 0.09995139 0.1057864 0.1141646 0.1401803 0.1633413 0.1286739 0.1031413 0.1072251 0.1183399 0.1351516 0.159846 0.2028297 0.1979096 0.2222738 0.2067811 0.2187263 0.2090947 0.2092574 0.2416149 0.2191423 0.1936595 0.1727555 0.1798183 0.1927104 0.1637778 0.159619 0.1346222 0.1046276 0.09594222 0.1086258 0.07596286 0.03297295 0.02607787 0.02713072 0.03136799 0.03832947 0.04326095 0.04482431 0.0460233 0.05053551 0.04973912 0.04954931 0.0616978 0.05889331 0.06387104 0.06701944 0.05417205 0.07955696 0.09780756 0.1403384 0.1674962 0.1808249
