contrib/geomasonDemos/riftland/DataFiles/RainData/44.txt
ncols         56
nrows         54
xllcorner     28.264
yllcorner     -5.7719999999999
cellsize      0.25
NODATA_value  -9999
[rows 0 to 24 of 54, columns 0 to 55 of 56]
0.2500257 0.2374266 0.2206378 0.2436584 0.218996 0.2016803 0.2164739 0.2800127 0.2452427 0.2344807 0.2560161 0.3453158 0.3158958 0.3023996 0.2167435 0.2154596 0.2071267 0.2109065 0.2052437 0.2579329 0.2073098 0.1817241 0.1620718 0.1876332 0.196815 0.245065 0.2153287 0.1893663 0.2317383 0.2567706 0.2210637 0.2078084 0.1948617 0.2059264 0.1433349 0.1447533 0.1451548 0.1618562 0.1635836 0.1191461 0.113239 0.1065316 0.1254117 0.1499519 0.1421005 0.1220824 0.1428035 0.1614279 0.1371594 0.08783302 0.06730334 0.05111763 0.03134349 0.02158207 0.008320258 0.01396371
0.2292133 0.2336394 0.2300584 0.3072336 0.262926 0.244103 0.2436773 0.4022606 0.3584645 0.3254316 0.3008366 0.3430596 0.3206578 0.4503486 0.3112077 0.2831989 0.2402444 0.1781132 0.1745804 0.210449 0.1798119 0.2013619 0.1484157 0.1672602 0.1592399 0.1452733 0.1599593 0.1893829 0.2217595 0.2255739 0.215666 0.1885282 0.1793398 0.1479978 0.1113386 0.1485275 0.170438 0.1584482 0.1391802 0.1118599 0.09185656 0.07382046 0.1216682 0.1470429 0.111965 0.1166826 0.1035898 0.0919221 0.07444747 0.05171357 0.0444586 0.04143272 0.02279414 0.01902841 0.01819653 0.01587758
0.2363494 0.257171 0.2943442 0.3269156 0.2964283 0.2874992 0.2801094 0.4000873 0.3681423 0.3456841 0.3590312 0.355547 0.3091337 0.3499356 0.3585382 0.2742047 0.2702878 0.2149185 0.173329 0.2118804 0.2519948 0.3065596 0.1547637 0.1395459 0.1887008 0.1764368 0.1486715 0.1536798 0.1853462 0.1625024 0.1307148 0.1749868 0.1900877 0.1519407 0.1096137 0.1458731 0.1927853 0.1736981 0.1555002 0.127991 0.1105741 0.09256347 0.09492075 0.1218131 0.1631245 0.1091902 0.08623327 0.07526103 0.07074338 0.04321724 0.02897441 0.03096437 0.01494132 0.0174445 0.02084241 0.03117046
0.3129064 0.3443878 0.3674523 0.3531849 0.3103895 0.2978691 0.3234327 0.3927087 0.3164111 0.3194501 0.3352758 0.3626586 0.2976115 0.3122119 0.2389282 0.2254062 0.355591 0.3326488 0.2289516 0.2658577 0.3325051 0.2349044 0.1518128 0.1836239 0.1985563 0.1430269 0.143035 0.1524219 0.1155992 0.1324346 0.1196551 0.1125498 0.101321 0.0846387 0.107262 0.1501474 0.1537845 0.1395554 0.09792534 0.08164144 0.09071739 0.1027819 0.1882158 0.213639 0.1188553 0.09009612 0.1174921 0.08866154 0.04123189 0.01941892 0.01915969 0.02262081 0.03161841 0.02164298 0.01728069 0.01509126
0.2381519 0.2808344 0.2730982 0.3019976 0.2673975 0.2636346 0.2731065 0.3663365 0.3210584 0.3046397 0.2444449 0.3208632 0.2929178 0.2771223 0.241317 0.207808 0.290129 0.3274876 0.2246335 0.2612051 0.3368993 0.2137459 0.1703099 0.1976736 0.1688776 0.1304238 0.1448638 0.1787689 0.07937068 0.1034167 0.1255148 0.1246589 0.1327152 0.119138 0.1396688 0.1467458 0.1274122 0.09821236 0.05752283 0.07071745 0.1046376 0.1490052 0.2044462 0.1545131 0.1018226 0.07278417 0.07859036 0.0455473 0.02472419 0.01877217 0.01646145 0.01819866 0.03550119 0.0183481 0.01278029 0.004282947
0.2134225 0.2271622 0.3232319 0.2926017 0.2253573 0.2193423 0.2321952 0.311993 0.3391019 0.3572226 0.2779021 0.2419632 0.2165682 0.194522 0.2485851 0.2201239 0.3057359 0.2819161 0.2449807 0.2738084 0.2160863 0.1677009 0.1694174 0.2586348 0.2561988 0.1830529 0.1270809 0.1328431 0.1065409 0.09265123 0.1136902 0.1125036 0.1189485 0.1002666 0.1234209 0.1092018 0.08153643 0.05247171 0.04387059 0.09561906 0.1533909 0.1878712 0.1830886 0.09491502 0.05875739 0.03776417 0.03754001 0.03025137 0.02383929 0.02634798 0.02762778 0.03834135 0.03928671 0.01783103 0.01428134 0.002964966
0.2936981 0.2549752 0.3117531 0.2765401 0.2527678 0.2306485 0.184319 0.1847903 0.2470374 0.2813669 0.2792947 0.2353102 0.2077683 0.1851741 0.2340609 0.2473496 0.2873265 0.2437874 0.3616099 0.3163089 0.1962964 0.1895982 0.1721625 0.1860302 0.2102348 0.1781768 0.147959 0.1239606 0.1014737 0.09077442 0.07602689 0.09093621 0.1029735 0.1182947 0.08262511 0.08276096 0.07092837 0.03326906 0.03528043 0.08430259 0.08635184 0.09980089 0.09845924 0.06387307 0.04402893 0.03028056 0.03610758 0.04007171 0.02471 0.02438501 0.02024751 0.03084287 0.02180318 0.007625601 0.0009142778 0.0005945966
0.2504136 0.2604664 0.3508811 0.3775717 0.2269998 0.207829 0.1403003 0.1777581 0.237176 0.2458795 0.2821746 0.2474416 0.2196631 0.2146807 0.1985263 0.4194636 0.4368346 0.3452153 0.3187684 0.3121884 0.3078781 0.261774 0.1880576 0.2353799 0.2149109 0.248231 0.1955557 0.1844618 0.165105 0.1596089 0.1304217 0.08056533 0.07720003 0.09322867 0.07110647 0.03597943 0.02647664 0.02130107 0.03729383 0.04367134 0.05269068 0.08356178 0.06243996 0.05301066 0.03713629 0.01359412 0.02489477 0.04480059 0.02055828 0.01707848 0.01436097 0.01970282 0.03697525 0.004373864 0.004327035 0.0008996499
0.2396161 0.2718358 0.3874284 0.4579009 0.3010512 0.2731963 0.2060997 0.2211896 0.2452778 0.2344238 0.1949773 0.232634 0.2011995 0.2052242 0.2668658 0.5193888 0.4156705 0.335219 0.2384813 0.2746247 0.2349515 0.2079283 0.1539156 0.1478476 0.1520028 0.235252 0.206663 0.2004149 0.1278649 0.09223676 0.09772593 0.05618555 0.06747778 0.05956971 0.04153316 0.01972913 0.0259221 0.02647527 0.02195285 0.0403567 0.03184752 0.03189263 0.02480304 0.05163943 0.02553457 0.01640093 0.01980333 0.02063688 0.02076409 0.01535754 0.02162264 0.04535357 0.03762988 0.005137598 0.01525312 0.01086252
0.2278698 0.3313011 0.3039424 0.4085506 0.3624751 0.3361743 0.2510009 0.2709852 0.2183408 0.179622 0.1659459 0.17531 0.2270943 0.2131622 0.3034383 0.4325151 0.2470344 0.1800596 0.2081185 0.3049669 0.2632306 0.266796 0.2148236 0.1706366 0.1843869 0.2435343 0.2128251 0.1726124 0.0955241 0.06337512 0.05306955 0.04109897 0.05629621 0.05286974 0.04770969 0.03116775 0.03968748 0.02325335 0.03445213 0.05443734 0.04899326 0.03420569 0.01426692 0.007574086 0.02030358 0.01749396 0.02496266 0.02661035 0.02491738 0.02977513 0.02288861 0.004805422 0.0001322481 0.0001149747 0.02406569 0.02512925
0.2316238 0.2608055 0.2676347 0.3226146 0.3356935 0.3399271 0.329103 0.3227126 0.2367759 0.2594442 0.1775066 0.1708833 0.1580888 0.1776944 0.2837811 0.2664357 0.1882078 0.1770279 0.159031 0.3234628 0.2431617 0.2771049 0.2588697 0.1997197 0.3364515 0.2521463 0.1698405 0.08541327 0.02414804 0.02443728 0.01288357 0.0221874 0.02953969 0.02261545 0.02251133 0.02046014 0.03265437 0.007794897 0.01821713 0.0295117 0.02617514 0.0267137 0.0136567 0.006081539 0.003684531 0.008075898 0.02258361 0.01816465 0.008987353 0.006985872 0.007719264 0.007689765 0.007994641 0.005221387 9.946618e-005 0.0006811398
0.2470322 0.2878432 0.3739072 0.2919637 0.3022681 0.3065594 0.3175257 0.2936722 0.3183297 0.293078 0.217061 0.1920663 0.1626 0.1649559 0.2062207 0.304207 0.2422452 0.1597347 0.1918206 0.2241839 0.2305629 0.2565596 0.2556641 0.1986589 0.2941933 0.2376752 0.1095499 0.02662591 0.01638164 0.0133248 0.002822873 0.004961252 0.01534164 0.01058613 0.005694356 0.005141613 0.02111479 0.0189689 0.01503381 0.01920184 0.01736945 0.02121799 0.01426463 0.008772305 0.008480162 0.007345406 0.00770951 0.01093733 0.00755524 0.006559274 0.01485569 0.005459936 0.007805496 0.00225024 0.002103581 0.002708088
0.2134466 0.2948852 0.380627 0.2906404 0.3232098 0.4084182 0.2894442 0.2761198 0.3147898 0.245501 0.2633584 0.2349303 0.1970644 0.2131395 0.192048 0.3332957 0.3102719 0.2012453 0.1954636 0.2460763 0.2833039 0.2069133 0.1915276 0.1694192 0.1147944 0.1091139 0.07263567 0.01977541 0.01001141 0.004623497 0.001422357 0.002585909 0.003353602 0.004335192 0.0045904 0.005474711 0.007457687 0.01658176 0.02060663 0.01342514 0.01331528 0.0132369 0.01365399 0.008161237 0.008030491 0.006636516 0.006010423 0.008285316 0.01460425 0.01271515 0.00544453 0.002962478 0.002455116 0.002139828 0.002397367 0.00453929
0.2631198 0.2979457 0.2613653 0.2951819 0.289484 0.2707069 0.2323795 0.2432187 0.2488378 0.2825408 0.2855441 0.2338328 0.2389301 0.1741457 0.1841358 0.4139005 0.2322501 0.1794883 0.1592167 0.3238331 0.3133134 0.2332808 0.1738307 0.1937187 0.1056201 0.07283883 0.03236092 0.007441766 0.001322269 0.001206842 0.003928767 0.002960945 0.003447633 0.003555446 0.004264122 0.003339265 0.008091546 0.009740796 0.00600341 0.00741457 0.007643798 0.007600442 0.008740513 0.008592501 0.0103386 0.006263103 0.005694007 0.007635009 0.006769047 0.006835279 0.005212919 0.002857748 0.002880272 0.002923892 0.002902694 0.003112277
0.2775232 0.2722629 0.3028186 0.2949933 0.3734625 0.2784973 0.1941562 0.2206816 0.2661135 0.3164009 0.3003911 0.2744012 0.2124421 0.1739047 0.19747 0.2889845 0.2467596 0.2138033 0.233064 0.3925962 0.2192995 0.1715305 0.2057715 0.1770511 0.07908229 0.04891505 0.02459821 0.005345426 0.002162139 0.001773709 0.003816201 0.00329576 0.003169682 0.003759579 0.004480841 0.0009216696 0.001037067 0.001116584 0.007830279 0.007670247 0.007839804 0.007743296 0.007422741 0.01164097 0.01449473 0.007468774 0.005653763 0.007512806 0.009065697 0.005894271 0.005290819 0.003519116 0.005120829 0.006511003 0.004857594 0.002917214
0.2637435 0.2384865 0.3790979 0.3101787 0.4203279 0.2809098 0.2101384 0.1850167 0.2165859 0.2626395 0.2287063 0.2332983 0.2106856 0.1663816 0.152607 0.1869875 0.1790213 0.2301656 0.209517 0.2663827 0.2051531 0.196886 0.1342984 0.1099693 0.05605287 0.02793194 0.02009591 0.01746801 0.003913711 0.005950334 0.002996969 0.004142554 0.00466205 0.005470824 0.006536135 0.006787611 0.007665134 0.01444186 0.008424634 0.012715 0.01292809 0.01273257 0.01211058 0.01313362 0.01113611 0.006819491 0.006168368 0.009248908 0.007371348 0.006573861 0.00583784 0.003908966 0.004507687 0.00450614 0.002839726 0.005546895
0.2275769 0.2506154 0.3334725 0.3508595 0.382883 0.2523479 0.2241999 0.1967458 0.2059816 0.244913 0.2136123 0.2575889 0.1838145 0.1433162 0.1461679 0.1746699 0.1138871 0.1359614 0.1827965 0.289929 0.2281443 0.1916893 0.1688679 0.1276546 0.08223206 0.02247072 0.01303918 0.01062588 0.00608004 0.009360332 0.003721264 0.005343129 0.00497513 0.00579881 0.006875588 0.007092862 0.008004162 0.01154675 0.008678 0.01306951 0.01324642 0.01300459 0.0122886 0.02098193 0.008068687 0.006788675 0.006101901 0.008179575 0.007414355 0.006540277 0.00572592 0.003741855 0.003192107 0.002676884 0.002396713 0.003375062
0.3066275 0.3081966 0.2831386 0.3262866 0.294051 0.2056767 0.2031302 0.2123523 0.2141991 0.2505725 0.2509204 0.2239378 0.1515989 0.1201182 0.1217637 0.1221275 0.1034826 0.1716196 0.1889174 0.2689025 0.2109744 0.1979872 0.1830273 0.1562333 0.09984924 0.03028731 0.0188787 0.008506876 0.003361563 0.007962293 0.005047056 0.007046117 0.006517863 0.007001396 0.007917726 0.007812591 0.008540251 0.008951022 0.009038206 0.01348712 0.01353249 0.01317454 0.01460931 0.007696582 0.007151763 0.006538526 0.006135769 0.008251601 0.007415086 0.006464313 0.005618168 0.003788259 0.003102198 0.00247655 0.002128812 0.003071293
0.4060979 0.4040417 0.2772194 0.2442892 0.2263343 0.2052252 0.2839397 0.2701351 0.2195275 0.2330884 0.2055976 0.171087 0.1451301 0.1346516 0.1403716 0.1702699 0.130339 0.1188047 0.140807 0.179059 0.1693081 0.1978693 0.1441445 0.1266493 0.1044399 0.08190379 0.04261921 0.01811882 0.005489776 0.005114096 0.009024817 0.009793594 0.009549445 0.00936933 0.009634097 0.009000377 0.009444475 0.01106494 0.009471663 0.01400438 0.01389928 0.01327791 0.01600745 0.007475659 0.006759698 0.006690303 0.006583928 0.007900596 0.007069556 0.0061678 0.005309282 0.003761969 0.003035603 0.002426928 0.00212234 0.002044816
0.3355145 0.2685252 0.2709009 0.2055617 0.2345142 0.4101128 0.3104356 0.2372703 0.2020942 0.2086964 0.2084683 0.1421139 0.1336564 0.1310375 0.1151239 0.1277665 0.1263573 0.1081929 0.1052109 0.1434556 0.1424341 0.1676115 0.1237413 0.1138428 0.1075808 0.07484921 0.0541377 0.03113281 0.02595751 0.01817184 0.01966696 0.01825783 0.01931358 0.01555637 0.01510998 0.01034042 0.01044013 0.01064794 0.01214933 0.01536841 0.01507873 0.01632912 0.01647883 0.01014419 0.008911883 0.01139883 0.01154643 0.01186955 0.01281283 0.009760639 0.004550541 0.003907889 0.003188278 0.00269676 0.002497013 0.002144618
0.34052 0.3415967 0.3689447 0.3389193 0.2854902 0.3100431 0.24745 0.1853084 0.2253512 0.2179033 0.1739894 0.1409549 0.1564912 0.1906247 0.128407 0.1206341 0.1223441 0.1118331 0.09888723 0.1785236 0.2262896 0.2202606 0.1340163 0.1464822 0.1255547 0.08993386 0.07306517 0.04366202 0.03689817 0.02758159 0.02422199 0.02281048 0.01921815 0.01767888 0.01757329 0.01145133 0.01123709 0.01097778 0.01106862 0.01591293 0.01544559 0.01878127 0.01269191 0.01029609 0.009230229 0.008453087 0.00906606 0.01384202 0.01341389 0.006062754 0.004105466 0.003691115 0.00463377 0.006024665 0.003628484 0.006256694
0.3444214 0.376404 0.3230569 0.3359923 0.2878979 0.2140665 0.2486655 0.1623958 0.1504352 0.1667376 0.1324829 0.1243173 0.1292097 0.1164868 0.118227 0.1320287 0.1210828 0.1082484 0.1145782 0.1955211 0.2672734 0.2368213 0.1929542 0.1951583 0.1772826 0.135719 0.1094799 0.07586979 0.04281443 0.0322904 0.02963516 0.02848903 0.02597923 0.0234765 0.02217448 0.01337418 0.01217589 0.01140217 0.010956 0.01609972 0.01539289 0.01412175 0.0129179 0.01065348 0.009226295 0.008221256 0.007473934 0.007012286 0.005771326 0.004587334 0.003551168 0.003838583 0.00605551 0.005642924 0.003551585 0.002058839
0.3628536 0.3249559 0.2763642 0.206919 0.2150464 0.19965 0.2661468 0.1850169 0.1615851 0.1193087 0.079715 0.128707 0.1062014 0.1090175 0.1790083 0.1866787 0.1356885 0.1036136 0.1438703 0.2110659 0.267546 0.2719876 0.2050994 0.2243006 0.2061289 0.1885617 0.1358668 0.1265184 0.08396865 0.05630597 0.03963327 0.03845648 0.03622102 0.03265021 0.03177498 0.01604659 0.01335036 0.01171795 0.01109611 0.01608316 0.0153535 0.01458776 0.01376258 0.01123656 0.009427146 0.00817966 0.007376694 0.006118054 0.004851425 0.003885598 0.003339445 0.003756765 0.005178375 0.004903889 0.004075545 0.006694777
0.2598491 0.2457344 0.2621844 0.2552489 0.2185759 0.1875854 0.2116594 0.192555 0.1537228 0.0849334 0.08149245 0.1089859 0.1225654 0.1639532 0.142517 0.1389758 0.1045175 0.1025735 0.1284403 0.1821183 0.2227252 0.2157089 0.1915051 0.188138 0.170414 0.1526845 0.1276257 0.1291098 0.141761 0.1205174 0.09682001 0.08564921 0.07025496 0.06318461 0.05296348 0.02574634 0.02172472 0.0190073 0.01746983 0.0173207 0.01560292 0.01817104 0.01379205 0.009527466 0.009436516 0.007303842 0.006867952 0.005501458 0.006340145 0.005230226 0.003553123 0.01515729 0.01500002 0.005071276 0.01025431 0.0124247
0.2928341 0.1755845 0.2113544 0.2092077 0.2182607 0.1673167 0.1987208 0.1893174 0.1469397 0.07714114 0.06276751 0.1179079 0.1464324 0.1743577 0.1479233 0.1391478 0.1272528 0.09911168 0.09681286 0.135806 0.15899 0.179627 0.1634035 0.1986218 0.2206864 0.1833131 0.143276 0.1398975 0.1581827 0.151154 0.13254 0.1125271 0.09489056 0.07889586 0.06293598 0.03300609 0.025549 0.01827173 0.01993064 0.01655454 0.01712551 0.01562149 0.01420665 0.01044109 0.008894464 0.007881644 0.007396907 0.006330145 0.005623211 0.007258698 0.004137715 0.01092841 0.01061115 0.00343401 0.009853682 0.02147361
