contrib/geomasonDemos/riftland/DataFiles/RainData/44.txt
ncols         56
nrows         54
xllcorner     28.264
yllcorner     -5.7719999999999
cellsize      0.25
NODATA_value  -9999
[rows 25 to 49 of 54, columns 0 to 55 of 56]
0.2705743 0.1651956 0.1575441 0.15114 0.2125553 0.2086334 0.2141282 0.169319 0.1271764 0.1035752 0.07301994 0.1096277 0.1326763 0.1202507 0.1152444 0.1107106 0.1090352 0.1088484 0.08873032 0.1254804 0.128424 0.1654531 0.1883724 0.2094275 0.2152828 0.2089299 0.1576455 0.2214197 0.2095964 0.1699853 0.1728257 0.1700628 0.142456 0.1085695 0.0763572 0.0327775 0.02540652 0.01559526 0.0185885 0.01722147 0.01820351 0.01573215 0.0138878 0.01058142 0.008996475 0.007972118 0.008986367 0.007191391 0.005922165 0.005097884 0.004435281 0.007010391 0.009100201 0.003809609 0.01238081 0.01670653
0.1451335 0.193383 0.1592161 0.1761284 0.1918669 0.1592859 0.1685899 0.1766298 0.1513003 0.1104246 0.1039235 0.09508552 0.1082213 0.1193955 0.1047978 0.105733 0.09923769 0.1066537 0.09661462 0.116578 0.1326542 0.1599524 0.1939982 0.1867456 0.2099647 0.2108867 0.2039685 0.2581247 0.2336902 0.2355544 0.1791597 0.1800599 0.1690418 0.1249995 0.08782119 0.04740173 0.02794499 0.01705982 0.01681266 0.0172546 0.01667774 0.01462769 0.01322455 0.01035984 0.008807166 0.007834303 0.01238297 0.01599428 0.01490697 0.01464614 0.0173016 0.0229177 0.0189252 0.01468807 0.01825964 0.01895829
0.2569437 0.2770355 0.1509572 0.1339762 0.120775 0.1055268 0.1740306 0.1580566 0.1229972 0.124354 0.1159537 0.1054322 0.1033638 0.09430908 0.1021108 0.08269577 0.1014987 0.1187174 0.1171506 0.1263916 0.1491564 0.1539727 0.1845592 0.1806828 0.2083945 0.214846 0.2055861 0.2334935 0.2404499 0.2553213 0.2283706 0.1952325 0.1555002 0.1086815 0.09256195 0.05102049 0.03095498 0.02238151 0.0170278 0.01707449 0.01647591 0.01558901 0.01328253 0.009167642 0.007722321 0.008020342 0.006691837 0.01033487 0.005531961 0.005364937 0.009309987 0.03373253 0.04472584 0.04564163 0.03079943 0.04569232
0.2470967 0.1888401 0.1461649 0.08985507 0.05771715 0.05856999 0.1046172 0.1760289 0.1321262 0.1207633 0.1135545 0.1209873 0.1061321 0.09159596 0.1072103 0.08116744 0.07736491 0.08004495 0.0893697 0.1198118 0.1527416 0.1357886 0.158032 0.2062889 0.2213774 0.2450302 0.2363578 0.2834478 0.2769795 0.2705626 0.2687226 0.211824 0.1941687 0.1179401 0.1100239 0.04852577 0.0300347 0.02028018 0.01694409 0.01617876 0.01420507 0.01217095 0.01082485 0.008391959 0.006846681 0.008256172 0.009653814 0.005061095 0.005855769 0.005507808 0.006066368 0.01620509 0.01240668 0.01552786 0.03740567 0.03267509
0.258419 0.2283943 0.1486404 0.1189651 0.1185594 0.07701676 0.09775964 0.09633866 0.09219908 0.07316357 0.07483222 0.07925006 0.08796784 0.09337972 0.09438551 0.07342493 0.06605903 0.07065141 0.0694531 0.1128283 0.1056268 0.1176995 0.1358274 0.2050446 0.2372771 0.2559537 0.2465013 0.260379 0.270308 0.2505508 0.2778584 0.2285901 0.2187373 0.1511754 0.0982938 0.05337095 0.03488879 0.02802096 0.02418708 0.01527949 0.01325531 0.0112536 0.01000807 0.007749345 0.006285051 0.006472189 0.009718776 0.00478613 0.004492574 0.003968237 0.003676375 0.005870774 0.007904418 0.0121448 0.006131 0.008984947
0.2757626 0.2126131 0.1507737 0.07646111 0.08963496 0.07545919 0.08845999 0.1307238 0.1139157 0.0666768 0.05492067 0.07973803 0.06833943 0.06439149 0.06414396 0.0659484 0.06688136 0.06175068 0.05278711 0.06869404 0.08422173 0.1147504 0.1649061 0.1860867 0.2381334 0.2643709 0.2301513 0.3003282 0.3003416 0.2497052 0.2614099 0.2433908 0.2124779 0.158526 0.09795401 0.04887617 0.05203671 0.02625709 0.02196884 0.01469996 0.0128421 0.01095418 0.009744235 0.007578438 0.006143127 0.005501482 0.00561747 0.005066966 0.00516192 0.005608689 0.004327511 0.006939767 0.007274786 0.007951647 0.0084159 0.006067974
0.2221825 0.15323 0.09904687 0.08002124 0.09991467 0.0855978 0.08383617 0.09660815 0.1139126 0.1009629 0.07846381 0.08207992 0.07790612 0.07614718 0.05805002 0.05013025 0.05876636 0.0890636 0.07336662 0.0852814 0.08927214 0.08223346 0.1033122 0.1451368 0.262713 0.2608268 0.2290988 0.2339647 0.2575184 0.2062093 0.1989287 0.1858386 0.1696477 0.1406839 0.09286667 0.05965687 0.07359244 0.0202751 0.01905569 0.01480909 0.01299505 0.0111166 0.009872449 0.007304041 0.006290779 0.005916099 0.006135445 0.007349181 0.008039042 0.008380628 0.007416387 0.008249087 0.008710245 0.007870059 0.0159653 0.01731106
0.163829 0.1270224 0.0890082 0.07914288 0.07162931 0.07844611 0.06725497 0.09661404 0.1114786 0.09194121 0.06941379 0.07072941 0.06992329 0.05829202 0.04059379 0.04027024 0.05603088 0.08262712 0.09360848 0.1072095 0.08906184 0.09100414 0.08690152 0.1053867 0.1674655 0.1858638 0.2272072 0.2270946 0.2115484 0.1980533 0.1815659 0.1796295 0.1392171 0.1251541 0.09919874 0.05833571 0.02858569 0.0162973 0.01421574 0.01408259 0.01246471 0.01071349 0.00953522 0.007081486 0.00607647 0.005779642 0.00613107 0.007833846 0.008167159 0.008225572 0.008687522 0.007973381 0.007951889 0.008335559 0.009296349 0.02939635
0.1329334 0.1143637 0.08849608 0.09524187 0.08023631 0.06136998 0.06577602 0.08924045 0.08031031 0.06482466 0.06074706 0.05485719 0.04783051 0.04665262 0.03888834 0.03291624 0.06731058 0.09022262 0.1095785 0.1017543 0.09784863 0.08639918 0.08561724 0.1003144 0.1374815 0.1358553 0.1541389 0.1925853 0.1833298 0.1578042 0.1449422 0.1493539 0.153813 0.09457877 0.07902453 0.03932289 0.02597093 0.01592682 0.01426116 0.01314854 0.01165127 0.01020353 0.009378834 0.007763479 0.00606645 0.005879131 0.006359605 0.008398865 0.009413755 0.00892749 0.009588659 0.00874424 0.008966349 0.01178823 0.02223113 0.0448974
0.1167243 0.1163404 0.1036187 0.1239094 0.103154 0.07087625 0.0802673 0.07352093 0.06509716 0.06156809 0.05724515 0.05628427 0.0601761 0.04055512 0.04440232 0.05270402 0.1064109 0.2196567 0.163042 0.1013619 0.07101604 0.07643363 0.07925159 0.09417805 0.1760899 0.1652725 0.1145144 0.140931 0.1424439 0.1282476 0.1190619 0.1035324 0.1235178 0.07314626 0.05736458 0.03492329 0.02516694 0.01511397 0.01389321 0.01418378 0.01248657 0.01068043 0.00943341 0.008851227 0.006636001 0.006320389 0.006922163 0.009957665 0.01165907 0.01095284 0.01095238 0.009086059 0.01571343 0.02830138 0.02587307 0.0380088
0.1099296 0.09837252 0.09341092 0.1122929 0.08857478 0.080409 0.05566797 0.07286882 0.07427528 0.09284861 0.0698143 0.05383262 0.04952291 0.03496692 0.06332662 0.1317479 0.1710741 0.2182149 0.1568212 0.06916768 0.05782709 0.06498973 0.07143801 0.09099854 0.1821643 0.1632713 0.1148228 0.1348977 0.1199602 0.1037433 0.08668383 0.06848992 0.05556877 0.04204978 0.03653774 0.02928623 0.02289893 0.01537847 0.01340931 0.01365687 0.013027 0.009507556 0.01402269 0.01139108 0.009661357 0.01061274 0.01239321 0.01772426 0.0167362 0.01688139 0.01766211 0.01996101 0.01822071 0.02332927 0.02551884 0.01290464
0.1128641 0.1013915 0.05759226 0.07391167 0.07510503 0.08337799 0.05186047 0.05731189 0.06677724 0.07520761 0.06706744 0.05822634 0.04142112 0.04331032 0.05705971 0.1452931 0.1814155 0.1487302 0.1640666 0.1109677 0.05212175 0.05419093 0.1132257 0.1173944 0.1168537 0.09981912 0.1128643 0.1310405 0.1069944 0.08480248 0.0708162 0.05776855 0.04670528 0.03831378 0.035185 0.02713043 0.01704191 0.01210061 0.01035762 0.00762903 0.006873229 0.006740259 0.008980243 0.01156368 0.01175684 0.01222426 0.01406115 0.02093384 0.01806771 0.01914874 0.02142661 0.02329929 0.02025139 0.01848298 0.01991352 0.03459655
0.09915528 0.09791643 0.052804 0.05463705 0.05290849 0.05489053 0.045851 0.05549259 0.05180812 0.04298946 0.04394385 0.04880374 0.04078017 0.03256073 0.07785827 0.1609427 0.1511333 0.1622513 0.1261583 0.1061646 0.04560616 0.03633393 0.1102379 0.1343807 0.06067738 0.05876151 0.09003194 0.1156034 0.1068802 0.07853666 0.06431974 0.04550344 0.03826441 0.03018188 0.02427004 0.02187118 0.01932018 0.0124256 0.01179263 0.009076546 0.006154867 0.006420297 0.009206918 0.01251367 0.01336049 0.0146253 0.01565709 0.02375438 0.02370225 0.02169565 0.02371313 0.03303859 0.03485791 0.02420452 0.02623198 0.01915322
0.08896352 0.064947 0.03330305 0.0472449 0.03975151 0.03919126 0.03903438 0.04843509 0.06080747 0.04166785 0.03602158 0.03274367 0.03050333 0.0344196 0.08946035 0.08051402 0.09757245 0.1323163 0.10282 0.07773793 0.03033559 0.04459703 0.05677592 0.06949048 0.05385386 0.07973746 0.09933041 0.1015899 0.103877 0.07870411 0.0572347 0.03453534 0.02785074 0.025529 0.01840368 0.01887931 0.01618255 0.01135899 0.007579529 0.006961694 0.005596411 0.006408038 0.01013138 0.0139958 0.01541606 0.01717616 0.01833555 0.02700857 0.02256475 0.02625412 0.03267691 0.02759263 0.03312417 0.02852562 0.0199933 0.03758064
0.09478647 0.06487633 0.03725174 0.05143395 0.03928331 0.03275912 0.04176943 0.05448079 0.0479635 0.04214539 0.03212872 0.02865019 0.03745643 0.05843927 0.08443677 0.1119981 0.135673 0.09042472 0.06057768 0.02992601 0.02145649 0.1073786 0.1037799 0.02259845 0.02543551 0.05178609 0.07119799 0.06135447 0.07452688 0.04885919 0.02487402 0.0227846 0.02101265 0.02126968 0.01580995 0.01530512 0.01123085 0.01059587 0.008141576 0.007330054 0.004366868 0.008278963 0.008149218 0.02172979 0.02283991 0.02695642 0.0308024 0.03233676 0.03515532 0.03893083 0.03374776 0.04126813 0.03972824 0.02752451 0.03419426 0.03673387
0.09627534 0.0511091 0.02460005 0.04717832 0.05772783 0.02687479 0.03990012 0.04831148 0.05882538 0.03609169 0.04113134 0.04187223 0.03824642 0.04562066 0.0652234 0.1339031 0.09563473 0.0801984 0.0301364 0.04500745 0.04337619 0.07120824 0.1407979 0.03642785 0.01469197 0.03144665 0.0405342 0.05046428 0.04014871 0.02649287 0.01580465 0.01861279 0.0174468 0.014752 0.008857799 0.009106298 0.009796733 0.01109494 0.01024579 0.01054364 0.004067489 0.005698562 0.009869639 0.02442198 0.02985289 0.03133508 0.03298901 0.03351882 0.03196703 0.03635832 0.05312116 0.04753472 0.02599169 0.03469855 0.05107294 0.03366935
0.1175192 0.05205532 0.02811604 0.04113021 0.04647595 0.04623062 0.02589004 0.03596822 0.03898382 0.03566062 0.03827583 0.04775716 0.05458498 0.05467024 0.06521332 0.07888515 0.06112779 0.03767807 0.05108442 0.03078978 0.02356054 0.01713356 0.06709857 0.02999515 0.02007868 0.06343611 0.05654341 0.04307199 0.02702275 0.01692887 0.01067775 0.01560663 0.02097663 0.01702094 0.01382767 0.009568753 0.0129145 0.01196165 0.009659352 0.01169256 0.008416395 0.006208045 0.009629449 0.02368483 0.03124274 0.03345333 0.03473995 0.03112964 0.03565902 0.03746416 0.03738192 0.03169608 0.02795835 0.0405299 0.05101626 0.02923387
0.1305791 0.05965081 0.02861546 0.03633831 0.04213757 0.03094503 0.02088351 0.01886883 0.01948792 0.02709422 0.03951912 0.04330175 0.05396039 0.05051236 0.05639173 0.04766943 0.03259913 0.04475078 0.021312 0.02244432 0.0189196 0.01561586 0.0290344 0.01089083 0.0096141 0.04394392 0.01637617 0.0222323 0.01543178 0.01975552 0.02959073 0.01283638 0.01716198 0.01620287 0.01268051 0.03215559 0.1323001 0.01627391 0.009859746 0.01218493 0.01262823 0.01023516 0.01027662 0.02200574 0.02730043 0.03440328 0.04059635 0.034486 0.03715957 0.03775203 0.04333581 0.0347368 0.03521054 0.05072208 0.0574114 0.03338709
0.1258394 0.08385842 0.03554424 0.03248706 0.03497801 0.03367839 0.01565054 0.02587798 0.01852996 0.02993131 0.04520202 0.02401262 0.0377082 0.03830779 0.04649343 0.02941315 0.03183772 0.02418634 0.01975063 0.02436486 0.02288858 0.01556214 0.01469603 0.005417883 0.005590708 0.01408831 0.009316176 0.00459566 0.001877303 0.01912919 0.02107323 0.00801744 0.01548928 0.01880665 0.02724974 0.03673899 0.2279273 0.01229491 0.0118348 0.01348668 0.01333671 0.01211805 0.01459939 0.02563124 0.03135146 0.03550433 0.03800563 0.05025415 0.0455222 0.05499643 0.04157366 0.0166129 0.04165322 0.05770161 0.05084677 0.0183871
0.07958572 0.07650798 0.03537195 0.01800476 0.01809016 0.02275259 0.01577608 0.0327016 0.02511369 0.0238592 0.01235207 0.01853074 0.03577917 0.02687163 0.03266421 0.02262576 0.02215679 0.02146974 0.02181644 0.02233054 0.0169815 0.01306977 0.01291682 0.003827133 0.007367228 0.003480171 0.01205283 0.001705142 0.001289784 0.002321308 0.001504372 0.01824003 0.02301328 0.01971361 0.01304232 0.01591241 0.03149598 0.01005066 0.01131688 0.01474423 0.01249864 0.01311375 0.01572372 0.02716488 0.033426 0.03746749 0.03990947 0.04759041 0.05769394 0.04813237 0.04370048 0.0175 0.0439113 0.04181452 0.02693548 0.02939516
0.04846051 0.0396854 0.02415109 0.01428568 0.01381421 0.0132332 0.01325755 0.02459328 0.03275595 0.02500452 0.01935557 0.01312223 0.0157092 0.01608275 0.02866127 0.0326195 0.03013063 0.02313446 0.02395993 0.01996962 0.01379982 0.01120741 0.01084877 0.003224683 0.003110484 0.002830825 0.002332122 0.004695957 0.004506183 0.01329316 0.00286901 0.01239114 0.01535232 0.01118305 0.01197911 0.00779423 0.007708678 0.009621516 0.01150639 0.0147186 0.0151996 0.01550897 0.01815139 0.03096233 0.03635253 0.0392634 0.04060419 0.04019449 0.05950823 0.0515893 0.05603922 0.03084677 0.03350806 0.0283871 0.03189516 0.0316129
0.02379243 0.01911035 0.009361589 0.00902199 0.009909019 0.01089896 0.009153205 0.01425669 0.01985812 0.01844564 0.02203674 0.009115058 0.01089971 0.01095564 0.01360521 0.0161275 0.02687373 0.02666224 0.02399423 0.01745902 0.009484421 0.009349022 0.00900719 0.00543578 0.002571462 0.002518965 0.002504779 0.001156527 0.00347513 0.005446598 0.003656297 0.009311173 0.01887202 0.01416545 0.01153359 0.0120482 0.01280714 0.01260193 0.01250809 0.01439511 0.01392286 0.01647081 0.02036816 0.03333691 0.03559813 0.03614651 0.03858274 0.04286262 0.04929192 0.05978175 0.05599677 0.04229839 0.03592742 0.0355242 0.04951613 0.02903225
0.01102682 0.01736558 0.0172563 0.01097547 0.01201926 0.007663766 0.006745144 0.007605346 0.002213654 0.005457837 0.01059509 0.005414209 0.006151255 0.005674978 0.006984303 0.00755666 0.00631809 0.00955404 0.009246984 0.00808187 0.006962659 0.006649691 0.01555579 0.006793628 0.001980442 0.002632456 0.0008715953 0.01098437 0.005674284 0.0002509427 0.001538918 0.003353284 0.008682099 0.01453158 0.02015279 0.0182947 0.02469779 0.02318858 0.01768956 0.02995842 0.02187409 0.02423824 0.02883036 0.03213575 0.03485338 0.03769603 0.04995754 0.02169355 0.02842742 0.03806451 0.02060484 0.0396371 0.02298387 0.02758064 0.03189516 0.02383065
0.00756172 0.01321784 0.0130719 0.00574014 0.007988164 0.006685331 0.006911977 0.004773592 0.001235959 0.002158714 0.004115441 0.003787168 0.003725877 0.004120548 0.003993614 0.005258596 0.004822376 0.004829792 0.007605854 0.005306769 0.005363219 0.005014847 0.004536381 0.003140238 0.0008268861 0.0007193937 0.0005845945 0.003793738 0.008577934 0.005751158 0.0008495116 0.002556533 0.003886168 0.009107011 0.01319224 0.02450473 0.036306 0.04137942 0.02587678 0.02387521 0.04081436 0.02505094 0.02683985 0.03318496 0.03569445 0.03261489 0.04578012 0.01693548 0.01814516 0.02447581 0.02729839 0.02653226 0.01141129 0.005887096 0.02173387 0.01774194
0.01260611 0.00482805 0.005547071 0.004438553 0.002131266 0.003505214 0.008084087 0.001695796 0.001958648 0.0007680531 0.0009850416 0.00241131 0.004183895 0.003619056 0.00265632 0.003824273 0.004546757 0.003973039 0.003836203 0.004080547 0.004097833 0.003788392 0.00332189 0.000846761 0.0008355266 0.0004838976 0.0003891161 0.0006669499 0.0003967617 0.002848257 0.0009830983 0.001971767 0.003078946 0.008782529 0.009605233 0.01913366 0.02196722 0.02621824 0.02810367 0.02656474 0.05528408 0.02282574 0.02905883 0.03445107 0.03536389 0.03354111 0.02832907 0.006975806 0.01060484 0.02040322 0.02217742 0.02745967 0.01717742 0.007177419 0.008185484 0.01512097
