contrib/geomasonDemos/riftland/DataFiles/RainData/50.txt
ncols         56
nrows         54
xllcorner     28.264
yllcorner     -5.7719999999999
cellsize      0.25
NODATA_value  -9999
[rows 0 to 25 of 54, columns 0 to 55 of 56]
0.0001317889 8.254415e-005 8.89551e-005 0.002085116 0.001021837 0.0001964189 0.002412377 0.0005067838 0.001045515 0.001842203 0.002607934 0.005035909 0.01436079 0.01286514 0.008538481 0.009778751 0.01034797 0.01045506 0.02035333 0.01360991 0.008721004 0.01700613 0.02544379 0.0142348 0.01507897 0.01322053 0.01319793 0.0147054 0.03342683 0.02578841 0.02316687 0.03626916 0.02211375 0.01305048 0.01158642 0.01471747 0.02178744 0.02275707 0.03011778 0.02973646 0.03038631 0.03044124 0.01989035 0.005627566 0.004690036 0.003510356 0.003249177 0.002767541 0.002506621 0.002132563 0.001940541 0.001330664 0.001188416 0.001010399 0.0008041758 7.904679e-005
0.0009575901 0.0005348312 0.001261636 0.0002767048 0.0002820725 0.0003771164 0.0005574017 0.0002058736 0.0008330942 0.00194381 0.002752845 0.00332636 0.009481408 0.003126669 0.005218482 0.0121345 0.02008821 0.01132009 0.008145272 0.008981666 0.006158013 0.008120498 0.004216231 0.01458673 0.01558985 0.01160528 0.00708694 0.0101967 0.02518064 0.01984504 0.01450841 0.02360915 0.01346664 0.01848181 0.01577209 0.01795517 0.02975081 0.02612286 0.04437321 0.02776849 0.01581695 0.01975144 0.01531049 0.008675968 0.005449336 0.00357323 0.00327318 0.003628489 0.002998957 0.002312563 0.002071609 0.001410114 0.001274531 0.001088495 0.0008649316 8.50388e-005
0.001069153 0.005115191 0.0007868224 0.0005593318 0.0005596849 0.0006778064 0.0009073046 0.002818903 0.0007058625 0.002195837 0.003200709 0.003367634 0.005430844 0.006926018 0.004651246 0.01372948 0.02194484 0.008595815 0.008712778 0.02024004 0.009799469 0.007294535 0.04906712 0.01991099 0.02089347 0.01171747 0.009713514 0.01261982 0.01316707 0.0239034 0.01349585 0.01342588 0.01641572 0.01249271 0.01456926 0.01912907 0.02658327 0.03398964 0.04895472 0.04302403 0.0340972 0.01690727 0.0485628 0.01341244 0.01060635 0.004879491 0.0050848 0.004175194 0.002550808 0.002171624 0.002022154 0.001500895 0.001260558 0.001078858 0.0008528344 8.291096e-005
0.002012862 0.002158911 0.001684892 0.00154042 0.002976034 0.002529002 0.002270321 0.006232424 0.004773268 0.001792562 0.002636953 0.003191711 0.003304405 0.00419979 0.005371341 0.01216117 0.01225983 0.01531179 0.01784359 0.03208124 0.01632843 0.01720409 0.06232161 0.05666408 0.03850752 0.01529726 0.0333794 0.02609798 0.01205044 0.01155779 0.01131297 0.01752773 0.02270072 0.01965847 0.02550489 0.02629047 0.04030119 0.04047118 0.03546786 0.02945197 0.02954443 0.04401643 0.07553326 0.02656247 0.02376008 0.008006522 0.02603148 0.004394566 0.002420668 0.002036751 0.001873527 0.001419576 0.001293554 0.001113365 0.0008785026 0.000437655
0.002459943 0.002540876 0.002535339 0.002036278 0.004015478 0.004501387 0.002871412 0.0006069862 0.002845136 0.005968576 0.00309801 0.01976696 0.01661928 0.008696117 0.006818562 0.01403438 0.01232772 0.01872299 0.02973332 0.01954134 0.008532095 0.04639955 0.04657293 0.04255786 0.03378678 0.02328838 0.02082136 0.02146633 0.01204876 0.01363475 0.01245103 0.04036169 0.0545612 0.03814022 0.03062022 0.02992641 0.03643471 0.02849073 0.02591391 0.02219386 0.02532602 0.04875032 0.01707142 0.00812245 0.007429842 0.005248074 0.005313089 0.004333529 0.002228703 0.001976232 0.001828067 0.001390229 0.001276717 0.001099504 0.0008644007 0.0004292569
0.003203423 0.003515676 0.003030951 0.002838802 0.004198093 0.01828854 0.006122085 0.0007239502 0.0008139131 0.003863853 0.008092634 0.003964366 0.02122448 0.01444345 0.009058961 0.003913822 0.01691823 0.01504017 0.02361519 0.0300114 0.04800593 0.04768587 0.05935302 0.03151357 0.03785085 0.0244508 0.02332467 0.02520113 0.01343467 0.02016039 0.02489761 0.0339313 0.05124326 0.04284231 0.03881507 0.03476586 0.03551193 0.03149158 0.02549719 0.01784271 0.02044334 0.01587354 0.01011416 0.006755686 0.005064926 0.003450831 0.002773351 0.002485019 0.002033533 0.001787031 0.001654493 0.001261478 0.001152082 0.0009949183 0.000778136 0.0003826142
0.006560094 0.004152226 0.004074062 0.003820073 0.004427571 0.004761175 0.01741883 0.001152821 0.002542693 0.001867761 0.002749481 0.003114278 0.003412326 0.01207811 0.004401375 0.004987004 0.01150931 0.01565625 0.01436199 0.02191051 0.04330735 0.02978845 0.04818803 0.01940536 0.02843373 0.01697883 0.02258189 0.03563985 0.04430193 0.02248372 0.02845287 0.03547646 0.04061998 0.0668062 0.04223365 0.03283171 0.04272393 0.03771343 0.02585659 0.01885022 0.01589309 0.01316242 0.009565371 0.006710119 0.005102008 0.002751984 0.002399778 0.002036477 0.001688317 0.00145589 0.001348052 0.001025966 0.0009482139 0.0007986243 0.0006240318 0.0003034468
0.006046812 0.001069881 0.0007379483 0.0009520883 0.001386119 0.003951865 0.007994261 0.008352342 0.007298568 0.00851587 0.01609834 0.008108966 0.01012776 0.009755968 0.009661326 0.01750001 0.02632017 0.0201265 0.009569434 0.02086481 0.03581587 0.03942833 0.04479746 0.02078405 0.03069966 0.0444512 0.0227226 0.03675049 0.0309162 0.02897031 0.034228 0.02832665 0.03504707 0.06692088 0.02733601 0.02034542 0.04343467 0.03592226 0.02498729 0.02606921 0.01514625 0.01587711 0.008901127 0.002738269 0.001683191 0.001064478 0.0009113997 0.000916595 0.0007329821 0.0006134422 0.0005848924 0.0001479768 0.0001334884 0.0001135026 8.817087e-005 0.0001218077
0.004156663 0.001606307 0.001299219 0.001238957 0.00139279 0.003392344 0.003422563 0.01102537 0.008018842 0.008641986 0.01306542 0.01307708 0.01274885 0.01728727 0.01129929 0.02707044 0.01792024 0.01750411 0.01250764 0.02369579 0.03456591 0.04129366 0.04961267 0.03202507 0.02524356 0.02850934 0.03040652 0.01321986 0.03557165 0.03984684 0.04816521 0.03413968 0.03979893 0.0264559 0.02233336 0.02097169 0.02817879 0.02679966 0.03272406 0.02078603 0.01470401 0.01169207 0.008956582 0.003657982 0.001563244 0.0008884965 0.0007402858 0.0007419331 0.0005415107 0.0004322523 0.0003938945 0.0001308215 9.051335e-005 7.648503e-005 5.898645e-005 7.885191e-005
0.004714996 0.005990924 0.002906736 0.002781909 0.002383312 0.003791961 0.007660269 0.01312878 0.01016142 0.01387831 0.01192172 0.01368796 0.01176515 0.01003704 0.008160388 0.01181023 0.01400784 0.0257004 0.01207297 0.0313862 0.03364999 0.01133975 0.0315614 0.04184406 0.03730486 0.0419801 0.03038668 0.01362425 0.02582327 0.02792827 0.03723999 0.0435747 0.0695859 0.02712546 0.03579744 0.03079955 0.02906498 0.01967166 0.01969987 0.02171296 0.01487072 0.01300779 0.008579534 0.002846331 0.002246843 0.000726942 0.000620903 0.0005606517 0.0003982158 0.0003032414 0.0002724678 6.975763e-005 6.089212e-005 5.070432e-005 3.871724e-005 5.052906e-005
0.006846983 0.00786673 0.008767511 0.007345834 0.004074052 0.002411142 0.002373819 0.01506602 0.01034138 0.01470403 0.01277283 0.01889817 0.01693134 0.009114858 0.008670484 0.009909019 0.01255041 0.02360703 0.01254456 0.02356794 0.0203733 0.001715402 0.03158353 0.02983775 0.03688623 0.02879322 0.01275052 0.01054476 0.01061319 0.005547124 0.01423953 0.03746346 0.07351445 0.0441292 0.03549235 0.02883523 0.02189078 0.01513659 0.01305423 0.01549266 0.01223024 0.01046655 0.007677591 0.002140127 0.001472688 0.0005863158 0.0004779405 0.0004418455 0.0003044653 0.0002248992 0.0002020396 5.162181e-005 4.480518e-005 3.696604e-005 2.810636e-005 3.67988e-005
0.01182922 0.03297792 0.01777929 0.01932153 0.01776598 0.01546478 0.01389576 0.01988165 0.01749006 0.01888457 0.01971491 0.02539312 0.01552059 0.01531321 0.01352777 0.01976492 0.02380665 0.02168405 0.01115151 0.01590049 0.01210216 0.002263123 0.02474568 0.004270012 0.00588945 0.02206597 0.01371164 0.006489171 0.009158331 0.02256491 0.0297103 0.03179613 0.03482192 0.04973469 0.04121463 0.02084283 0.01135781 0.004315982 0.004278774 0.01133622 0.008169635 0.006417413 0.004905126 0.0017033 0.001007289 0.000880016 0.0003446193 0.0001987692 0.0001298647 9.050606e-005 8.07344e-005 4.287659e-005 3.67249e-005 3.007307e-005 2.270029e-005 0
0.01797257 0.04577585 0.06127854 0.02825947 0.02197838 0.018521 0.01650452 0.02286887 0.02074309 0.02085486 0.02084973 0.01782343 0.01653551 0.02310125 0.02969657 0.05577003 0.0211646 0.01519624 0.01085163 0.01187722 0.02060227 0.01979506 0.01350773 0.003925 0.006743026 0.0117366 0.007318589 0.01508483 0.009589099 0.022344 0.04319599 0.02722488 0.02764198 0.02227987 0.01344791 0.009864855 0.01277206 0.01025864 0.002458118 0.00835062 0.00654539 0.005157776 0.003833728 0.001434565 0.0006577431 0.0002958732 0.0002280797 0.000124066 8.850872e-005 4.201966e-005 3.662945e-005 1.882793e-005 1.549404e-005 1.232575e-005 9.197883e-006 0
0.01940672 0.03177451 0.02644756 0.05821917 0.03219871 0.03021143 0.02388292 0.02718333 0.02377048 0.02148322 0.02127843 0.02234796 0.0234784 0.02441606 0.03763903 0.050366 0.02340059 0.01397375 0.01502952 0.009173983 0.02966829 0.02021205 0.01382523 0.003962236 0.009231186 0.004648067 0.01764611 0.02341864 0.01198162 0.01354211 0.02394905 0.02549995 0.02302968 0.0312925 0.01725289 0.002682952 0.00696131 0.005443268 0.002029596 0.006692829 0.005178792 0.003927837 0.003393501 0.000995475 0.0009106694 0.0002039814 0.0001526929 7.828575e-005 3.787492e-005 1.621837e-005 1.319677e-005 6.155976e-006 4.327717e-006 2.991902e-006 2.140745e-006 0
0.02618757 0.02647805 0.04854615 0.07934605 0.06082172 0.04426968 0.02374169 0.02935678 0.02930328 0.02526296 0.02778441 0.02526663 0.02860592 0.02805212 0.03005915 0.04108565 0.02075921 0.02192986 0.07291895 0.03499208 0.002745309 0.005151274 0.00568543 0.01289792 0.02040942 0.002744651 0.01232946 0.01092638 0.00800063 0.01115825 0.009754024 0.02737149 0.01250338 0.01841468 0.01302269 0.007152195 0.01379777 0.009347039 0.01281825 0.00912728 0.004054265 0.003074174 0.00244489 0.000773509 0.0003775569 0.0001584897 0.0001184545 6.127082e-005 3.005006e-005 1.319677e-005 1.057788e-005 4.815274e-006 3.23066e-006 2.13713e-006 1.534322e-006 0
0.05201853 0.04498721 0.03632146 0.05562142 0.07263932 0.0442307 0.0276799 0.03690383 0.03368203 0.03028745 0.02980972 0.04929407 0.04246806 0.03442041 0.03354889 0.03035014 0.03492935 0.04627764 0.107117 0.02424544 0.01485777 0.0127511 0.00895365 0.0133038 0.01492829 0.004769936 0.002415741 0.005785797 0.002398267 0.003710133 0.008169132 0.02147778 0.01121408 0.006785472 0.007518218 0.01144666 0.02193666 0.02705188 0.005755355 0.002616971 0.00194642 0.00146975 0.001100418 0.0002592814 0.0001260586 5.316781e-005 0.007544507 5.291189e-005 2.664751e-005 1.224051e-005 9.57469e-006 0 0 0 0 0
0.1155281 0.07206248 0.03955307 0.04630518 0.06447582 0.03642697 0.02860078 0.04067585 0.03492649 0.03239709 0.03275372 0.05531848 0.05351811 0.04354494 0.0443586 0.03977761 0.03464946 0.04454879 0.03252367 0.016131 0.01916036 0.01896973 0.01586499 0.006552991 0.003662246 0.002460437 0.002162208 0.001047765 0.0002127851 0.0001777025 0.001695266 0.01319859 0.007242032 0.007370327 0.007008535 0.002076953 0.004335918 0.001892945 0.002010086 0.002291068 0.00115664 0.01980509 0.0006513168 0.0001528838 7.439712e-005 3.156859e-005 2.395269e-005 3.229756e-005 1.720222e-005 8.594538e-006 6.415875e-006 0 0 0 0 0
0.1769143 0.0802108 0.04709087 0.04822596 0.09764436 0.04741323 0.02561482 0.03629261 0.03380462 0.03521202 0.03518833 0.04727901 0.04629931 0.03681243 0.03378344 0.04055953 0.04941492 0.05718912 0.03770706 0.02199929 0.01685274 0.01226638 0.01209583 0.006599103 0.006510607 0.002810384 0.002256022 0.000472642 0.0004257223 0.0002109714 0.0002362305 0.003883585 0.01103479 0.01109372 0.001702115 0.01097893 0.003748855 0.001241531 0.005899179 0.001427811 0.00191721 0.0006134084 0.0004620897 0.02462431 5.780212e-005 2.799202e-005 2.112338e-005 2.842835e-005 1.504649e-005 0.0008108133 5.176868e-006 0 0 0 0 0
0.06066409 0.06422903 0.03312588 0.07708324 0.09507436 0.03816454 0.02659665 0.03795464 0.03495368 0.03547508 0.03227177 0.04634226 0.04209627 0.04188972 0.04090963 0.05928381 0.06836875 0.05211206 0.05583296 0.05293217 0.02753867 0.01759316 0.0102866 0.005754872 0.004344051 0.004405545 0.003196646 0.0006550538 0.0005954044 0.0005182483 0.005162315 0.005259385 0.006559502 0.002043752 0.001330307 0.006207712 0.001329414 0.001247863 0.003461669 0.003611654 0.001303768 0.000698284 0.0005383834 0.0001337992 7.63487e-005 4.23257e-005 8.362814e-005 0.0001438319 0.0002902335 0.0002498819 0.0001715793 0.0004389236 0.0002955354 0.0001396504 1.673307e-005 0
0.08217459 0.05050665 0.0532575 0.1059083 0.05160656 0.03528051 0.02910426 0.04010058 0.04465508 0.04445903 0.03480794 0.04337719 0.04044364 0.03723707 0.03546677 0.03914626 0.03390846 0.03183486 0.02843706 0.02055918 0.02146691 0.01375145 0.01127558 0.01122795 0.008855873 0.007490514 0.006900934 0.006592418 0.005344626 0.004956934 0.007600121 0.006408825 0.004160992 0.003365322 0.002761642 0.01983798 0.02554166 0.001521578 0.001521973 0.01241666 0.009130993 0.003907914 0.00109614 0.0006931969 0.0004224532 0.0002886898 0.0002666301 0.0002663891 0.0003546244 0.0003056754 0.0002316127 0.0004223403 0.0003203963 0.0002007377 9.653914e-005 0
0.04790399 0.04136894 0.07146776 0.09271566 0.04117252 0.03316107 0.03140067 0.04831615 0.04745226 0.04791044 0.04559041 0.05037052 0.03916998 0.0369619 0.03832858 0.04522084 0.03349099 0.03461321 0.03254884 0.03247417 0.02955288 0.01511052 0.01910755 0.01144165 0.009713168 0.008673728 0.008083528 0.006257126 0.006299166 0.006627684 0.006579355 0.005380242 0.003861654 0.005922263 0.003430573 0.001884625 0.02497424 0.001534295 0.001384558 0.005987762 0.01546871 0.006147517 0.001129143 0.0007757233 0.0004947716 0.0003487865 0.0003422723 0.000311543 0.0003810806 0.0003041581 0.0002211594 0.0003928195 0.0002842881 0.0001680052 7.57795e-005 0
0.05782888 0.0626689 0.07105922 0.0592926 0.0309158 0.02248649 0.02585258 0.04447247 0.07918765 0.04159899 0.03666409 0.04691453 0.03688741 0.03449337 0.03684448 0.04143576 0.03891762 0.03747588 0.0279706 0.03418387 0.03162076 0.01678651 0.01644811 0.02560937 0.01434429 0.01070036 0.01032605 0.008333743 0.008020666 0.007867393 0.008181837 0.007027422 0.005873494 0.005871565 0.00606876 0.003699169 0.02489582 0.001910264 0.001623256 0.002588387 0.001932208 0.00269463 0.001347211 0.001014878 0.001241381 0.0004208261 0.000371719 0.0003025969 0.0003200153 0.0002247741 0.0001522064 0.0002937819 0.0001665669 5.574844e-005 0 0
0.0398446 0.01912687 0.0730079 0.04166127 0.02805085 0.02155375 0.02095478 0.03957613 0.03546689 0.03164447 0.03097759 0.03518676 0.03124193 0.03225721 0.03558654 0.03581819 0.04164011 0.03404469 0.03476201 0.02060589 0.03029957 0.03199688 0.02653132 0.02912598 0.02649761 0.0135341 0.01347776 0.01117495 0.01111311 0.01413199 0.0117461 0.01129052 0.009226737 0.007937852 0.007284233 0.003450781 0.002751853 0.002293422 0.002053404 0.002777569 0.002392105 0.01427064 0.001595809 0.0009411564 0.0006083268 0.0004276685 0.0003450129 0.0002646195 0.0002341272 0.000134454 7.898844e-005 0.0001790757 4.569061e-005 0 0 0.0001275518
0.06388579 0.117488 0.1200856 0.05993851 0.0363846 0.02620629 0.0187218 0.04299625 0.04194808 0.02505006 0.02378037 0.02947131 0.02926394 0.02991912 0.03543474 0.04057825 0.04519506 0.04007521 0.02607462 0.01771251 0.02352725 0.02245061 0.02895653 0.04167007 0.04454345 0.02450741 0.02112328 0.01937027 0.01777085 0.020678 0.02942576 0.0204506 0.01906875 0.01841673 0.01314442 0.006541222 0.005106883 0.003977316 0.003464821 0.003357494 0.002890979 0.002505513 0.001920681 0.0007855379 0.0005063642 0.0003248512 0.0002433636 8.213275e-005 0.0001059132 1.875804e-005 1.62616e-005 3.051854e-005 5.8243e-005 7.43293e-006 8.269849e-006 1.336698e-006
0.04507597 0.03407428 0.0661049 0.04313267 0.03589588 0.02660731 0.02194254 0.03211373 0.02881592 0.02335977 0.02232244 0.0283997 0.02874772 0.03241618 0.04251324 0.05058768 0.05203114 0.05631097 0.0329249 0.02238984 0.01659904 0.01460767 0.01536064 0.03067231 0.02831085 0.03855717 0.02626643 0.02091749 0.02156964 0.02109921 0.03449209 0.02410911 0.0200368 0.02592018 0.01763875 0.007633091 0.006118461 0.005062353 0.004051557 0.003906107 0.003346213 0.002803839 0.002209418 0.0009047246 0.0005828494 0.0003727127 0.0002798373 9.516507e-005 4.823543e-005 2.341323e-005 2.083037e-005 1.253519e-005 1.071108e-005 1.040507e-005 1.157651e-005 1.865975e-006
0.03248017 0.02966163 0.0228193 0.03087282 0.028567 0.02907536 0.02608162 0.02317112 0.02226657 0.02216905 0.02271207 0.03155921 0.0337069 0.03814027 0.04871752 0.06475932 0.05494556 0.04498066 0.03118472 0.03354337 0.03443294 0.0284122 0.02516499 0.03020781 0.05707164 0.05619645 0.03095049 0.02966072 0.07667846 0.04110229 0.02381561 0.02613636 0.02473974 0.02155701 0.01736679 0.008834152 0.00695904 0.005362237 0.004761866 0.004725071 0.003934479 0.003270531 0.002622742 0.001082775 0.0007100345 0.0004673395 0.03199618 0.0004742113 7.457779e-005 4.871585e-005 5.175713e-005 3.76913e-005 3.967552e-005 4.415625e-005 5.100646e-005 6.338158e-005
