contrib/geomasonDemos/riftland/DataFiles/RainData/50.txt
ncols         56
nrows         54
xllcorner     28.264
yllcorner     -5.7719999999999
cellsize      0.25
NODATA_value  -9999
[rows 26 to 51 of 54, columns 0 to 55 of 56]
0.03180979 0.05256438 0.03076718 0.03350081 0.03140891 0.03467537 0.03219757 0.02870544 0.03552003 0.02351912 0.03736444 0.05142006 0.06189642 0.0468542 0.04761877 0.06799129 0.07897038 0.06994751 0.03836653 0.05282781 0.05940992 0.0680171 0.07203618 0.08197866 0.05503783 0.04446985 0.03390505 0.03384883 0.06073887 0.05970976 0.02665948 0.02938589 0.02930319 0.02262151 0.0187542 0.009921195 0.007671373 0.006275247 0.005609949 0.005452113 0.004989532 0.003909894 0.003164713 0.001323597 0.0008889613 0.0006079645 0.01443442 0.0008092525 0.0001192745 9.467964e-005 0.0001088127 8.47443e-005 0.002180455 0.0001081047 0.002354544 2.095889e-005
0.05913737 0.07198593 0.05023349 0.05540324 0.04299607 0.05061553 0.03474035 0.04243909 0.04257962 0.03109778 0.04381204 0.06969761 0.07396611 0.06114599 0.06856666 0.09089984 0.115593 0.1143984 0.06203499 0.06036209 0.05446713 0.06245862 0.07885608 0.1066518 0.103914 0.0674191 0.05435199 0.04508694 0.04195701 0.03694763 0.03469488 0.03316122 0.03100095 0.02704763 0.02291894 0.01533387 0.01232978 0.009898202 0.008839421 0.007783585 0.007041635 0.006025167 0.00487132 0.00253029 0.00184397 0.001321846 0.001209299 0.0005643932 0.000391733 0.0003364353 0.0003966231 0.0004029769 0.004068641 0.007322083 0.008984792 0.0001528702
0.07585132 0.09351293 0.05963027 0.0746891 0.05435529 0.03052869 0.04549537 0.04977265 0.05562978 0.05127382 0.06128829 0.0771853 0.08200721 0.0771165 0.07373323 0.09658424 0.1013145 0.09323124 0.08505809 0.06439945 0.07103314 0.05603025 0.07859927 0.1056475 0.09966829 0.07138879 0.06257134 0.05353053 0.04748514 0.03916593 0.03945776 0.03587834 0.03275707 0.02960039 0.0251079 0.01719821 0.01341278 0.01113426 0.009978554 0.008794196 0.007612221 0.006509996 0.005251732 0.002915618 0.01210711 0.005175097 0.001532377 0.001459223 0.0004980614 0.0004451609 0.0005321883 0.003785765 0.003668489 0.003093163 0.008880524 0.0003072421
0.1151734 0.1358291 0.06386429 0.07906763 0.06302985 0.03184035 0.05583823 0.04701552 0.06854699 0.06179512 0.06309047 0.07347082 0.08893202 0.0831382 0.08055685 0.1014811 0.09155669 0.06552072 0.07759938 0.09027672 0.0568552 0.05384754 0.06101609 0.07200863 0.07778125 0.08173557 0.08520011 0.06285172 0.04794943 0.04296165 0.03813213 0.03894678 0.03492294 0.03135194 0.02710263 0.01794146 0.01508051 0.01258982 0.02002119 0.01352702 0.008349533 0.007057883 0.005752589 0.003186967 0.002205457 0.001730302 0.001372636 0.003787302 0.004796996 0.0006688634 0.0007970794 0.0008134614 0.00732592 0.01113116 0.01470088 0.0002806384
0.1377724 0.1115791 0.1184365 0.06973647 0.05272189 0.02656553 0.02880141 0.03623964 0.04464004 0.05434655 0.05129555 0.0792885 0.1054069 0.1008216 0.08888391 0.1021594 0.09648313 0.1040479 0.1115625 0.07757769 0.05882268 0.04890489 0.05553572 0.08073064 0.07102026 0.08751972 0.09950915 0.07278944 0.05692873 0.04861457 0.0392261 0.03897509 0.03590979 0.03226246 0.02772296 0.01985012 0.02855353 0.02010399 0.01597941 0.01054468 0.009272554 0.008180623 0.008470005 0.003387531 0.002306399 0.00169797 0.001558614 0.001061109 0.005906054 0.004074536 0.001189748 0.001207894 0.001362353 0.001499575 0.001663698 0.002790628
0.1025725 0.0996424 0.0652583 0.06630011 0.05729404 0.042851 0.04400586 0.05306962 0.06412159 0.06858151 0.06654111 0.09430222 0.1092616 0.1007043 0.1040236 0.1479254 0.1612777 0.1497688 0.1046881 0.06768394 0.05716754 0.05814384 0.06605969 0.07733972 0.06499869 0.07290525 0.09402584 0.07990669 0.06058264 0.04915315 0.04363662 0.04110456 0.03600586 0.03839925 0.03503081 0.04031109 0.05946282 0.02317115 0.01919656 0.01563221 0.01389455 0.01292016 0.007602029 0.002142322 0.001398314 0.00104933 0.001016006 0.001214015 0.001181408 0.02057769 0.001543016 0.0003418886 0.0003802376 0.0006687353 0.0008435654 0.007366598
0.06870969 0.07861307 0.07353245 0.06237568 0.04760161 0.04795872 0.04926694 0.06185685 0.08061478 0.07390118 0.08092921 0.09135071 0.09823944 0.1388116 0.1296831 0.2189699 0.1241804 0.1008906 0.09150299 0.0760624 0.06310352 0.06108046 0.06571765 0.07616671 0.09063953 0.09133489 0.08437977 0.07071389 0.06058088 0.05336744 0.04770043 0.04395002 0.04047369 0.03687373 0.03488235 0.0368782 0.0302258 0.024044 0.0186543 0.0161938 0.01415121 0.01553969 0.01081254 0.002345384 0.001506779 0.001101558 0.00112313 0.0107466 0.008906973 0.01543774 0.01642453 0.01611639 0.0004665148 0.003045959 0.001921888 0.0004768391
0.09148823 0.09425066 0.07920323 0.07458664 0.0563409 0.05805204 0.06073179 0.07568533 0.0804693 0.08575056 0.09136346 0.0851936 0.1077839 0.1413902 0.1456193 0.1836813 0.1350819 0.1254593 0.1416655 0.08720142 0.06235287 0.05051576 0.06198736 0.07516748 0.09700846 0.1130431 0.09085311 0.07151329 0.06176132 0.05452961 0.05381437 0.04877715 0.04884283 0.03579238 0.03078806 0.02500572 0.02230261 0.02226684 0.01838154 0.01341765 0.0104724 0.008682324 0.01203608 0.01994342 0.001748415 0.001397712 0.001420964 0.01042205 0.009314128 0.009463632 0.002575821 0.01697994 0.01212877 0.01701708 0.01479155 0.0005282463
0.07868437 0.0721789 0.07012293 0.08921228 0.09636277 0.08155955 0.0751876 0.08457351 0.09699258 0.09461462 0.08404681 0.081894 0.1117088 0.1084839 0.147607 0.1479726 0.1532708 0.183141 0.1523462 0.09237622 0.06040077 0.05117248 0.04906257 0.06359378 0.09473406 0.11662 0.1087416 0.07753248 0.07159235 0.05503958 0.05185594 0.05470317 0.04846705 0.03582999 0.02792835 0.02437055 0.02070183 0.01865558 0.01791917 0.01616163 0.01441937 0.009002497 0.008250021 0.01038441 0.0159283 0.001828635 0.002534182 0.002421753 0.01048529 0.002552327 0.002814562 0.01450491 0.0176456 0.003555791 0.0006465851 0.0005598012
0.09549692 0.07764942 0.07026418 0.09313829 0.08787014 0.08848069 0.08693729 0.09846079 0.1061056 0.09259378 0.08534297 0.07726754 0.09477396 0.09395403 0.09893981 0.1066045 0.1056076 0.1081589 0.09444736 0.06367505 0.05014639 0.04392859 0.03588674 0.04403296 0.07815652 0.1090502 0.1117511 0.07758178 0.07021414 0.0489545 0.03943903 0.03322641 0.03306132 0.02926118 0.02532232 0.02586914 0.02268805 0.01702162 0.01668735 0.01402154 0.01714114 0.01592966 0.01476178 0.01324509 0.009285803 0.00387301 0.003958233 0.004582984 0.004706841 0.004968562 0.01231515 0.01815459 0.006081839 0.01523956 0.004364076 0
0.1142619 0.08357315 0.07311461 0.09845542 0.09071039 0.09768579 0.08912847 0.1115164 0.08646531 0.07143366 0.07589021 0.08124099 0.07711571 0.08714306 0.07565274 0.05365185 0.09170361 0.07823065 0.07058161 0.07185273 0.07111648 0.03929456 0.04361938 0.06143183 0.08764815 0.09950396 0.1048141 0.1076197 0.07225926 0.05392219 0.04961245 0.04863758 0.03160842 0.02463146 0.02145935 0.02219806 0.02048259 0.01859137 0.01763156 0.0115142 0.0195577 0.01373007 0.01497476 0.01369943 0.004929741 0.007075039 0.004970257 0.005399348 0.005613863 0.01093201 0.01360292 0.02022823 0.02126331 0.01430645 0.01521393 0.0007317316
0.1144606 0.09330449 0.08217648 0.09518366 0.08310285 0.08871516 0.08439293 0.1078753 0.1015835 0.06815891 0.06687871 0.05721408 0.06220637 0.06040665 0.05710443 0.0531514 0.09592212 0.1077966 0.0840721 0.07266065 0.09189945 0.06901698 0.05462716 0.07192226 0.07607171 0.07398848 0.08667246 0.07169984 0.05903742 0.05247476 0.05495907 0.04960401 0.03597805 0.02721471 0.01931046 0.01898006 0.01713404 0.01542178 0.01719059 0.01141567 0.01074278 0.01435652 0.01941292 0.01058463 0.005898961 0.005919084 0.006937082 0.00635836 0.01403928 0.02885816 0.01984923 0.03925373 0.01657909 0.005447483 0.01883038 0.008794642
0.1337971 0.08347633 0.06752755 0.07444611 0.07677712 0.0828656 0.08440913 0.1067766 0.08930508 0.08988224 0.080169 0.05870722 0.04169452 0.03811304 0.03817765 0.01473209 0.05257363 0.0722967 0.061425 0.07132442 0.06511606 0.08246315 0.07988559 0.0770257 0.06566902 0.06006586 0.0640053 0.07131475 0.0562469 0.04848178 0.0386941 0.0285137 0.0396092 0.04098038 0.02540022 0.02574058 0.01903706 0.01550509 0.01628354 0.02294332 0.01614279 0.01113271 0.01057337 0.00765095 0.007172628 0.01782106 0.03044513 0.02387479 0.007217899 0.01793025 0.02540176 0.03224699 0.005482071 0.005533371 0.006443377 0.01133929
0.1306246 0.09803815 0.07082056 0.08795332 0.09055933 0.07325791 0.07443797 0.08350537 0.07846816 0.08452506 0.0734134 0.04717826 0.04005218 0.03909953 0.04151228 0.01423796 0.01257782 0.01748648 0.01401409 0.06447336 0.05404748 0.06135437 0.05118759 0.05743555 0.03887352 0.02667392 0.03321555 0.03939971 0.04084831 0.04686489 0.02774666 0.02118754 0.02930274 0.05970271 0.0356476 0.02570255 0.02075533 0.01239367 0.0141444 0.02205254 0.0126862 0.01069923 0.01057481 0.01150411 0.01135846 0.01130781 0.03539809 0.03210666 0.01230269 0.02551271 0.01186604 0.007706313 0.007782754 0.007799006 0.00776917 0
0.1359535 0.1020699 0.08494515 0.07115249 0.07645629 0.07833049 0.08585793 0.09135816 0.08413175 0.08882757 0.09263123 0.05556334 0.04504954 0.04218901 0.04196507 0.01228109 0.0173924 0.01282028 0.0188131 0.03133537 0.0411858 0.05108368 0.06488072 0.06089996 0.05702936 0.02847276 0.04222314 0.03551757 0.02912687 0.02506533 0.02278456 0.01804286 0.01530316 0.01716806 0.01534403 0.01324317 0.01228479 0.01490324 0.02092417 0.01753717 0.01156581 0.01213544 0.01285618 0.01300265 0.02262639 0.01993406 0.03849113 0.02992076 0.02570645 0.02598944 0.008802853 0.009614121 0.009067437 0.008896043 0.007902029 0
0.1511742 0.1072403 0.08856945 0.1058999 0.09985822 0.09973498 0.09865162 0.09146342 0.0889589 0.1097637 0.09692784 0.07149556 0.06477276 0.06870718 0.05393907 0.05071955 0.08658436 0.05233467 0.09176415 0.1022238 0.08259098 0.07344852 0.07575174 0.06412297 0.1580169 0.05315279 0.03537463 0.03498479 0.03023501 0.02296042 0.01903832 0.04728685 0.02698111 0.02057445 0.01582246 0.01159876 0.01275111 0.01356456 0.03281857 0.03395702 0.01889044 0.01619213 0.01554669 0.01522274 0.02670654 0.02407759 0.02422292 0.02324458 0.01149332 0.0082284 0.008125263 0.01332198 0.02439351 0.02387978 0.01707826 0.02580357
0.1274475 0.1069581 0.09562534 0.1080064 0.1154722 0.1057898 0.1047835 0.1124427 0.1157999 0.1142561 0.1041119 0.09649447 0.112913 0.09625366 0.09036825 0.1090002 0.1138501 0.1096173 0.1365063 0.1413892 0.09055407 0.07323129 0.1003614 0.1649974 0.1103613 0.05595247 0.03188204 0.02519076 0.01965545 0.02220828 0.03063012 0.0306631 0.01724874 0.0154168 0.03081289 0.05133402 0.08025045 0.04854848 0.0495218 0.02711137 0.02940166 0.03645059 0.02457855 0.01780152 0.02522479 0.03901018 0.0477735 0.01172669 0.009471156 0.008630468 0.008664176 0.01724273 0.0146725 0.01266901 0.02246181 0.02276786
0.1984866 0.1196913 0.1017913 0.1188623 0.07986826 0.108601 0.09849977 0.09822811 0.08481133 0.05423771 0.04775187 0.06334622 0.1076313 0.07463661 0.1023371 0.1522629 0.09168763 0.1382116 0.1901738 0.2158587 0.1134879 0.0878737 0.1240791 0.1029594 0.09519133 0.05181486 0.02403714 0.01760235 0.03233734 0.05105176 0.05618447 0.06022645 0.04828054 0.01591848 0.04830422 0.09329575 0.171526 0.04999905 0.04113201 0.02654257 0.02765085 0.03351904 0.02350896 0.02536787 0.03640159 0.03301932 0.0367079 0.02469544 0.02926758 0.01228172 0.009492457 0.01995536 0.01526786 0.0034375 0.01142857 0.008437499
0.1803145 0.1712101 0.1024009 0.1613811 0.09725254 0.06634061 0.08337644 0.08239521 0.0746318 0.07433684 0.1016983 0.103759 0.07569367 0.06751401 0.06545851 0.11666 0.1030444 0.1002478 0.1430465 0.138576 0.1072608 0.08238544 0.07852536 0.05554969 0.1309588 0.05638871 0.02628583 0.0310654 0.0377657 0.03926941 0.06885203 0.07555008 0.0564562 0.07056978 0.03702121 0.04575069 0.04278947 0.04467231 0.04544735 0.03852158 0.04254288 0.0329961 0.02686688 0.0353005 0.03075068 0.03089346 0.02860538 0.02165067 0.03612261 0.03344042 0.01178208 0.0008928571 0 0 0 0.002053571
0.1927974 0.1474054 0.09929671 0.1203073 0.1150355 0.07724836 0.05937131 0.05192759 0.08454239 0.09414424 0.1146937 0.07892617 0.09334489 0.1108675 0.09270052 0.1608364 0.1263709 0.131337 0.1126438 0.127305 0.1114333 0.07627345 0.03570536 0.0635644 0.06302095 0.05254737 0.01555014 0.03328696 0.04004553 0.04013121 0.05306242 0.06393737 0.04478396 0.03412891 0.02285238 0.02660571 0.02320351 0.05779457 0.05318691 0.03342181 0.03343904 0.03457775 0.04484357 0.05134846 0.04916973 0.04439138 0.03401943 0.02377934 0.04245438 0.04165706 0.01932738 0.0007142857 0 0 0 0
0.2055692 0.12879 0.1085154 0.104656 0.1007404 0.09496284 0.07523861 0.06431863 0.09866738 0.08526216 0.1012427 0.06521099 0.07816989 0.08618276 0.1018949 0.123775 0.1189835 0.1655412 0.1046789 0.1012194 0.1243819 0.1025556 0.03542168 0.03541087 0.03020286 0.02733799 0.01523011 0.0229913 0.0460073 0.05006548 0.04407018 0.03343769 0.05580571 0.04866536 0.08531255 0.06721263 0.04517265 0.04814425 0.06814917 0.03791331 0.0343073 0.0258972 0.0391001 0.04524993 0.03470985 0.03754546 0.02995341 0.0366925 0.03774489 0.03749486 0.0210814 0.01691964 0.006651786 0 0 0
0.1835264 0.1404804 0.1117059 0.1233542 0.08831477 0.08988242 0.05114467 0.03019827 0.04947526 0.06283914 0.07587165 0.07956163 0.08770774 0.09323451 0.09011555 0.1033745 0.1039324 0.08199625 0.09163488 0.05563948 0.05515263 0.04635619 0.03477114 0.02830832 0.02668132 0.03136719 0.03676629 0.05111431 0.03795284 0.04513009 0.06172554 0.07321569 0.07237729 0.10896 0.1478231 0.08680148 0.06642408 0.06341569 0.06131291 0.05478936 0.02463956 0.02647161 0.03091271 0.03638872 0.03740291 0.03517277 0.03180588 0.008616071 0.03008929 0.0221875 0.01473214 0.01040179 0.01941964 0.009508928 0 0
0.1732374 0.1497247 0.1165451 0.1041299 0.0959654 0.08000403 0.08339639 0.04346643 0.04326929 0.06920853 0.06157802 0.1078363 0.09773028 0.1087962 0.1268482 0.1148633 0.08296719 0.06173089 0.03983995 0.05481821 0.05237323 0.04114322 0.02665572 0.02401421 0.03385985 0.0435316 0.04338243 0.04927786 0.05205088 0.05683172 0.07149327 0.1078391 0.06699788 0.07690185 0.1170313 0.07199538 0.07677255 0.06168694 0.07614971 0.04828386 0.02846271 0.02617769 0.02791304 0.03804113 0.03817765 0.03776235 0.0382491 0.02526786 0.009687499 0.01084821 0.01848214 0.04169643 0.02517857 0.03785714 0.03169643 0
0.1696362 0.1348805 0.1498102 0.1036104 0.05194541 0.03724638 0.0431763 0.03632685 0.04294879 0.06833262 0.1001833 0.09255102 0.09444396 0.09934952 0.1073491 0.1043778 0.09627513 0.07638127 0.06016592 0.05021756 0.05038949 0.04441014 0.03562379 0.04110223 0.05870825 0.06718782 0.03993905 0.05617717 0.06570064 0.05765937 0.04565148 0.06773076 0.09215058 0.08121503 0.1043551 0.07296013 0.09135753 0.09906875 0.07510458 0.05620826 0.03594419 0.03246761 0.03322107 0.04800686 0.03968882 0.04336162 0.04119804 0.01736607 0.02232143 0.01852679 0.02651786 0.01616071 0.03285714 0.06450893 0.05727679 0.03379464
0.1680761 0.1425152 0.1459308 0.06532688 0.04674253 0.02155287 0.04325599 0.0278757 0.03481495 0.0385419 0.07543647 0.07892873 0.1158302 0.1111021 0.1295387 0.1216865 0.1219414 0.08509305 0.06680992 0.05278356 0.05643264 0.05591872 0.0465975 0.03001768 0.03496936 0.05169903 0.04747987 0.04890952 0.07340822 0.06524414 0.06606098 0.07086758 0.08420257 0.1347696 0.109545 0.07802432 0.06345642 0.0555859 0.03497826 0.03906615 0.04798765 0.03909351 0.04276494 0.04918022 0.04336614 0.04155131 0.04209301 0.02183036 0.04053571 0.02866071 0.03839285 0.0203125 0.01084821 0.02227679 0.03352679 0.0346875
0.1525629 0.1795986 0.1460836 0.0739596 0.0922787 0.05720735 0.02645404 0.02562369 0.03499343 0.05009702 0.05889509 0.06802605 0.08735593 0.1069763 0.1181166 0.1213134 0.1082668 0.08541334 0.0626919 0.04958845 0.05322289 0.0526498 0.05138494 0.03143794 0.02993965 0.03258365 0.04634155 0.05811189 0.07024337 0.06544654 0.07161201 0.07110842 0.07229181 0.07352373 0.069191 0.03285833 0.01925461 0.03022586 0.01988935 0.03550189 0.04315849 0.03686953 0.03346775 0.03386562 0.0287918 0.02925479 0.02932631 0.002366071 0.003303571 0.0309375 0.02392857 0.0009821429 0 0.006651785 0.01821429 0.03558036
