contrib/geomasonDemos/riftland/DataFiles/RainData/52.txt
ncols         56
nrows         54
xllcorner     28.264
yllcorner     -5.7719999999999
cellsize      0.25
NODATA_value  -9999
[rows 0 to 27 of 54, columns 0 to 55 of 56]
0.03082 0.03932382 0.0276977 0.01736487 0.01205731 0.01029024 0.01108476 0.01417568 0.007485329 0.01338069 0.01844594 0.03224256 0.03752971 0.03748873 0.05184992 0.05625218 0.06185288 0.06994942 0.06937426 0.08925824 0.09752917 0.09447402 0.1011069 0.1333519 0.1272556 0.1325694 0.116691 0.1457897 0.1291495 0.1210943 0.1420946 0.2082238 0.1834414 0.1649339 0.1630662 0.1987103 0.1770122 0.1252539 0.1031104 0.07384639 0.08202244 0.05944937 0.05613228 0.06450549 0.0835271 0.07287061 0.05991871 0.05780638 0.07256453 0.08870728 0.1119015 0.1353054 0.1644053 0.1564162 0.1088837 0.09907241
0.03883646 0.05743872 0.03541495 0.02270497 0.01943901 0.01238067 0.01239588 0.01745568 0.01901084 0.02551584 0.03621658 0.04701152 0.05210649 0.04250229 0.04818814 0.04513685 0.04810827 0.07212853 0.06122194 0.07609241 0.08878346 0.1153664 0.1210071 0.1205572 0.1285273 0.1211067 0.1305322 0.1348877 0.1496405 0.1217703 0.1040137 0.1887458 0.2134816 0.2002216 0.1790022 0.2052446 0.1739688 0.1314135 0.1333825 0.09278283 0.07130583 0.06208127 0.06961308 0.06648066 0.06717534 0.06476482 0.06816476 0.06541812 0.0613053 0.09139512 0.1075313 0.1076674 0.1225427 0.1233917 0.1061199 0.1116015
0.0302988 0.04283028 0.06391966 0.02589126 0.01974785 0.01599248 0.01538659 0.01559826 0.03059353 0.03610911 0.03494703 0.04513744 0.05655488 0.05829693 0.07037506 0.07286562 0.09736346 0.0992916 0.09014235 0.1045477 0.1059005 0.1243381 0.1369773 0.1299335 0.1143312 0.1011339 0.1168955 0.1786841 0.1591488 0.1517507 0.1337753 0.1736312 0.2066272 0.2104655 0.1869691 0.2315049 0.2207673 0.1454575 0.1408033 0.1413224 0.1334825 0.09539373 0.08195497 0.07908306 0.07206332 0.06934984 0.07006964 0.05660068 0.07897925 0.08129367 0.0829505 0.09256845 0.1100208 0.102818 0.1114712 0.1360768
0.02496753 0.03507648 0.03865587 0.03879422 0.02304062 0.02449984 0.02574292 0.01404062 0.03158837 0.04616395 0.03768981 0.05633494 0.06369309 0.06777152 0.09368996 0.08313644 0.09016852 0.1184374 0.1120621 0.1304093 0.1416735 0.1683898 0.182514 0.1724075 0.1410322 0.1417865 0.1812954 0.1970986 0.2151149 0.1624952 0.1879458 0.2440966 0.2644226 0.2486958 0.2340779 0.2475417 0.2618812 0.2143012 0.1779116 0.200281 0.1310547 0.1370564 0.1107565 0.08563064 0.08600362 0.07851085 0.08047219 0.1026911 0.09562621 0.118176 0.07897595 0.08191023 0.1337154 0.09935203 0.09479687 0.1120097
0.02634871 0.03621827 0.03778866 0.02859569 0.02835721 0.02830938 0.0272934 0.02062169 0.03714732 0.0399694 0.04142505 0.05807152 0.06175277 0.08471794 0.08017354 0.1071066 0.1079016 0.1231034 0.08849565 0.1079749 0.1270047 0.1543887 0.1429693 0.1725683 0.1725804 0.1665991 0.1632286 0.187164 0.1755564 0.1554829 0.1505065 0.2451533 0.302164 0.2558584 0.2495185 0.2187387 0.2085152 0.1643741 0.1519714 0.1516175 0.1390812 0.1251445 0.1148895 0.09717595 0.09397734 0.09473012 0.1043151 0.0992541 0.08573722 0.1032053 0.09044436 0.1058332 0.1276905 0.1260705 0.1221708 0.1403831
0.03475881 0.03562602 0.03901086 0.03719267 0.03768335 0.03523125 0.03273521 0.03645604 0.05008245 0.04202364 0.07231472 0.06527928 0.07696603 0.08343879 0.1029147 0.1064016 0.1076833 0.1071068 0.07804754 0.07789661 0.08464272 0.1113686 0.1293699 0.1344627 0.173197 0.1528292 0.1170303 0.1284582 0.1378807 0.1507878 0.1606702 0.2690772 0.3423103 0.3147331 0.2760958 0.187648 0.1669515 0.1283496 0.09712473 0.1277747 0.1389173 0.1387231 0.08957086 0.09317316 0.1218996 0.1069658 0.08760285 0.0775413 0.06987555 0.07762592 0.1142684 0.1180751 0.1283506 0.151982 0.1353626 0.1411039
0.04775695 0.03416235 0.04382386 0.04943942 0.04105073 0.04134724 0.03738868 0.03694369 0.05354019 0.04829348 0.04903145 0.04800975 0.05953358 0.0707403 0.08683779 0.1108558 0.08901558 0.07086729 0.0619458 0.07968104 0.08320804 0.09700177 0.09389739 0.1050645 0.1325286 0.1113871 0.08357339 0.1155613 0.1426442 0.1664527 0.1737197 0.2168527 0.2570663 0.2640714 0.2175792 0.1544112 0.1506208 0.09723836 0.09209767 0.1091334 0.1532135 0.1256595 0.08682345 0.08722988 0.122315 0.1176322 0.1110642 0.1116695 0.1189753 0.1075979 0.1183321 0.1522037 0.1520683 0.1330629 0.1441593 0.1512114
0.05466609 0.0607696 0.06050291 0.0569274 0.0495568 0.0384985 0.03401804 0.0558817 0.06866132 0.07065525 0.08028576 0.100649 0.08522627 0.09598642 0.07316887 0.0896219 0.09920232 0.08768637 0.07812501 0.07623924 0.0740936 0.07716385 0.0699184 0.05353493 0.05503558 0.09033951 0.08978143 0.1233528 0.1105521 0.1252121 0.1400039 0.2144177 0.2235588 0.2469632 0.2316714 0.1728598 0.1125263 0.06707646 0.07727699 0.09672485 0.1334705 0.0933508 0.09976132 0.08822614 0.128019 0.1168269 0.1703445 0.1643177 0.1268351 0.07844146 0.1142872 0.1370665 0.122295 0.1207184 0.1209902 0.1557479
0.05681589 0.06884563 0.06270854 0.07243019 0.0741347 0.05455718 0.05047575 0.06498284 0.06448198 0.07083965 0.07736476 0.09259243 0.100227 0.1046977 0.0989711 0.09303603 0.0873807 0.09312286 0.09113694 0.06273393 0.05764464 0.04526055 0.02948798 0.02566734 0.04214015 0.05260935 0.07248681 0.07832301 0.07647035 0.09258297 0.1300954 0.1953065 0.2830151 0.3138899 0.2654769 0.1740121 0.1668576 0.1673305 0.1698865 0.1712642 0.1286989 0.08517343 0.0901667 0.09941853 0.08984337 0.08433347 0.1146575 0.1144467 0.1288276 0.1132071 0.09295537 0.1007526 0.1392436 0.1056471 0.09262764 0.1283057
0.05501108 0.09449947 0.05357829 0.06438369 0.09663089 0.07967186 0.07618111 0.1093792 0.09819078 0.09019797 0.09469967 0.1080049 0.1135437 0.1225959 0.1050182 0.08197386 0.07915241 0.08113851 0.05392628 0.03433357 0.02859042 0.03996549 0.03158348 0.02817017 0.02273088 0.06187183 0.08374447 0.1158304 0.1229935 0.1364338 0.1629454 0.3046867 0.3620905 0.293658 0.2620869 0.1910933 0.2733347 0.1980262 0.236882 0.2315048 0.1324589 0.07235327 0.07442692 0.1138729 0.1022729 0.1438028 0.1666228 0.1395808 0.1357172 0.1324691 0.09334137 0.1340245 0.1386816 0.1155931 0.06645301 0.08699227
0.08096369 0.0722675 0.06441079 0.08488394 0.1392069 0.1371941 0.154104 0.1987775 0.1505221 0.1133787 0.1089449 0.1139894 0.1272763 0.1261418 0.1249296 0.08246982 0.07356071 0.07409754 0.07399072 0.0375432 0.03636421 0.03899661 0.04842101 0.02715868 0.03649025 0.06651996 0.09874782 0.1228861 0.1237142 0.1361101 0.2172838 0.3696476 0.3622051 0.2457682 0.1593169 0.1210101 0.1107918 0.09559868 0.1918627 0.156561 0.1179888 0.1323518 0.1268039 0.08695969 0.1003375 0.1777334 0.1492448 0.09632704 0.1151386 0.1473824 0.1541384 0.1804123 0.1786665 0.1121857 0.09950306 0.1150611
0.07008171 0.08637683 0.09278385 0.1350426 0.1934944 0.1757063 0.1820355 0.1977129 0.1886476 0.2261512 0.2256597 0.200149 0.1512793 0.1558271 0.1696067 0.1183305 0.101028 0.08750229 0.0894426 0.09056526 0.1016215 0.05224183 0.0546864 0.04598965 0.05291801 0.05768268 0.08235199 0.07349213 0.06272735 0.09170962 0.1002764 0.3232628 0.3439635 0.1523551 0.1416095 0.1700763 0.1134663 0.0769363 0.1099136 0.1737602 0.1495279 0.1656547 0.1637557 0.1182777 0.1069777 0.1757147 0.129838 0.1440568 0.1774093 0.1702279 0.1853319 0.1874887 0.1545858 0.1067061 0.1097956 0.1498996
0.05999397 0.07728682 0.1045196 0.1401494 0.178556 0.1245197 0.1164931 0.1403185 0.2003193 0.2624715 0.2203414 0.2170275 0.1244117 0.1454267 0.1815362 0.1972781 0.1858167 0.148246 0.09087078 0.06150192 0.1177153 0.0695441 0.06781743 0.06996494 0.08913227 0.05375329 0.06271908 0.05273621 0.04763592 0.08093735 0.1010886 0.1443893 0.2462649 0.1262169 0.1172725 0.1459029 0.1334237 0.1089123 0.1259024 0.178308 0.1777381 0.1445137 0.1133823 0.1307207 0.1262897 0.1902743 0.1568997 0.1437436 0.2060442 0.1750185 0.1500292 0.1606168 0.1667854 0.1397657 0.1546525 0.1282986
0.07263086 0.07080204 0.1066424 0.1423282 0.1470337 0.1209361 0.1183337 0.1306704 0.1338014 0.1459332 0.1371752 0.1797705 0.1170108 0.1172069 0.1434247 0.2053268 0.1913983 0.1528733 0.0817836 0.07233044 0.09626697 0.06441502 0.06475865 0.0782387 0.07093651 0.05106579 0.05795968 0.03552017 0.03716296 0.07426173 0.09160122 0.1096625 0.1278072 0.08785803 0.09998655 0.1393471 0.1402066 0.1547396 0.1250681 0.1776757 0.189926 0.1663984 0.1092041 0.1225653 0.1383997 0.1533694 0.118482 0.122238 0.1763342 0.1709522 0.1955544 0.1737864 0.2338513 0.1889619 0.1483913 0.132738
0.07150897 0.09026781 0.1217258 0.1193694 0.1065613 0.09881329 0.1074757 0.1670025 0.1798162 0.1593088 0.1430357 0.1498683 0.1492716 0.1350575 0.1584275 0.1875631 0.1793663 0.1407269 0.1340631 0.09181756 0.1136685 0.06251421 0.07176073 0.08378296 0.07950842 0.05035051 0.04888912 0.02791953 0.02168454 0.04718444 0.07639053 0.09438223 0.1003238 0.09362818 0.1245564 0.1870449 0.1632046 0.1257571 0.1053482 0.1695535 0.1927902 0.1348077 0.1394315 0.1718635 0.1685906 0.1626284 0.1424688 0.1594116 0.1532807 0.2004486 0.1934333 0.2034717 0.2250604 0.2253254 0.1653733 0.1447844
0.1184625 0.1151223 0.1253125 0.1236955 0.1132725 0.1036099 0.1293967 0.1386478 0.1746813 0.1513851 0.1930345 0.1826949 0.1889471 0.17723 0.1677633 0.2053467 0.2336091 0.2122897 0.1928024 0.1487215 0.1265664 0.07959408 0.08229466 0.1065828 0.0862167 0.05588917 0.03195888 0.01980037 0.02459829 0.04516682 0.06397206 0.08556531 0.09425615 0.09245901 0.1390639 0.2019084 0.1754533 0.1902694 0.1730388 0.2183301 0.2349828 0.2136208 0.2041836 0.1938036 0.2173558 0.2281489 0.2438505 0.1760711 0.1847804 0.18736 0.2122851 0.2519215 0.2254952 0.1754274 0.1986924 0.1556776
0.1318278 0.12494 0.118441 0.1479778 0.1129218 0.1109292 0.2180699 0.1378165 0.1261621 0.1358063 0.168642 0.1731042 0.1882281 0.1889249 0.1907196 0.2366294 0.2177811 0.1612409 0.1816373 0.1912972 0.1742943 0.101736 0.100088 0.1083432 0.1003394 0.07170428 0.03983606 0.02113494 0.03305426 0.04165601 0.06384885 0.09722546 0.1036172 0.08585074 0.1284386 0.1709924 0.1871427 0.1708392 0.1944881 0.2573323 0.2778155 0.2651175 0.2372844 0.1714146 0.2106169 0.2684156 0.2507975 0.2380273 0.2236166 0.2090656 0.2222022 0.1721075 0.1377875 0.1670347 0.1385817 0.1679339
0.1514044 0.1482836 0.1479837 0.1577762 0.1659709 0.1468096 0.1992203 0.1450147 0.1423038 0.1475752 0.1763322 0.200993 0.1984448 0.2615155 0.226066 0.2749902 0.228301 0.1576952 0.159616 0.2199543 0.1937798 0.1243772 0.09985652 0.08498999 0.1297399 0.086802 0.06724155 0.03271938 0.0231562 0.03848935 0.05336875 0.0834814 0.09333232 0.09895793 0.1141763 0.1781964 0.2006706 0.2158836 0.2186728 0.2597295 0.2943293 0.3036188 0.2187063 0.1838118 0.1914807 0.2361557 0.2828646 0.3190965 0.3005502 0.2404861 0.207521 0.1867388 0.1918546 0.1966257 0.1661764 0.1781543
0.1383708 0.1499855 0.1541341 0.1585158 0.1826943 0.2022235 0.1692173 0.1541987 0.1473427 0.1375434 0.1346116 0.1622294 0.1807884 0.2351449 0.2413785 0.2402905 0.212309 0.1785352 0.1521662 0.1738615 0.1658881 0.1303834 0.0977661 0.08173611 0.09517638 0.1100349 0.07584678 0.0307388 0.02253808 0.02393814 0.04259452 0.07245905 0.0864253 0.1216072 0.1460016 0.1662281 0.1690107 0.2027539 0.2274161 0.3075481 0.2914281 0.3205096 0.2983822 0.2149497 0.1862593 0.2568671 0.2703755 0.2903826 0.2705673 0.272811 0.2141688 0.1509888 0.2081605 0.1935133 0.3088011 0.2317119
0.1207214 0.1445718 0.1438299 0.2014842 0.2049701 0.1587802 0.137539 0.194781 0.1743464 0.1241872 0.1123596 0.1239937 0.1684464 0.2503764 0.3021906 0.333926 0.2679725 0.1976048 0.1578156 0.1566645 0.1376532 0.1338063 0.1446156 0.1009171 0.09164533 0.08753446 0.07738709 0.05301337 0.03015016 0.03925771 0.05363457 0.07415824 0.07673194 0.1003293 0.2210616 0.2435239 0.1979733 0.1695319 0.1963603 0.2263391 0.2218207 0.3294059 0.4434343 0.3605854 0.2685718 0.2726162 0.2939815 0.2894632 0.3018745 0.2747176 0.2480068 0.2046041 0.2243659 0.21063 0.2617347 0.1863743
0.1640237 0.181583 0.2312422 0.2497476 0.2372634 0.2096492 0.1535604 0.1952242 0.1822534 0.1341035 0.1374179 0.1362288 0.1552154 0.2597276 0.2339833 0.2556965 0.2630571 0.2309787 0.1773624 0.1729352 0.149931 0.1371906 0.1364265 0.1161666 0.1004791 0.08738934 0.07742547 0.06242365 0.04962573 0.05860666 0.07355104 0.07397399 0.08272634 0.097338 0.161958 0.2182467 0.2146964 0.200656 0.1772044 0.2108424 0.2101997 0.223565 0.2566251 0.2400111 0.238303 0.2593779 0.3007144 0.312 0.3287515 0.2933706 0.2684973 0.2608732 0.3189332 0.2679885 0.2967662 0.1874091
0.1898021 0.2295049 0.2512199 0.2816986 0.2707091 0.2419463 0.2113616 0.1956402 0.1502809 0.1347767 0.1277624 0.1287225 0.1553887 0.1824158 0.2015021 0.2205438 0.2293851 0.191986 0.1902363 0.1985452 0.1953451 0.2188117 0.1302724 0.1126533 0.1499463 0.1113163 0.1284305 0.1136066 0.06995077 0.1090576 0.1267877 0.1124242 0.1213281 0.1104367 0.1319389 0.1336192 0.1777704 0.2184927 0.2656948 0.2646842 0.2377297 0.2125276 0.2035862 0.21529 0.2313172 0.2368686 0.2826437 0.2968877 0.4049264 0.3782801 0.3646123 0.3410136 0.3170528 0.2781377 0.3164932 0.2208378
0.1938031 0.1656267 0.1733207 0.1951967 0.1828048 0.2397345 0.2661951 0.2958505 0.1826511 0.1657798 0.1164905 0.1424502 0.1660447 0.1615475 0.2172045 0.1922963 0.1738535 0.1781999 0.2040689 0.2148292 0.2242812 0.2057583 0.1740222 0.1312889 0.1522227 0.1296982 0.1026329 0.1053971 0.08193429 0.09574144 0.1183305 0.1391498 0.1194675 0.1283601 0.1747031 0.1808387 0.1881748 0.3069025 0.3285012 0.2682063 0.2762873 0.262923 0.2296101 0.2543495 0.2621059 0.2336135 0.2632006 0.3469551 0.3994438 0.3927611 0.4199485 0.4082971 0.3254403 0.3561464 0.3517598 0.3201496
0.1751496 0.1371251 0.1023359 0.1458526 0.1214405 0.1617487 0.1905195 0.2565094 0.174384 0.1855144 0.1669066 0.1673078 0.2145259 0.2216885 0.2403098 0.2146447 0.187597 0.2278314 0.259085 0.291794 0.2490987 0.2311067 0.1738397 0.1636741 0.1313664 0.1297938 0.1156273 0.1191848 0.143497 0.1486506 0.170898 0.1616078 0.1661653 0.1921426 0.2493691 0.317438 0.2713089 0.2927337 0.2721675 0.2397474 0.2556701 0.2844165 0.3162018 0.2824953 0.3495674 0.3054081 0.3629784 0.3861514 0.4508191 0.5075309 0.5095016 0.4278752 0.379884 0.4423689 0.4870541 0.4165742
0.1034549 0.1019433 0.09160154 0.1339936 0.1188643 0.108435 0.09200808 0.1269437 0.1397633 0.1707548 0.1563205 0.1918757 0.2063157 0.2331173 0.2202647 0.2193628 0.216271 0.2432383 0.2471897 0.2713918 0.2618859 0.2551564 0.2397664 0.2178016 0.1843925 0.14016 0.1315955 0.1140574 0.1431734 0.132695 0.1397166 0.1757222 0.2039786 0.2343657 0.2812144 0.3235011 0.3238666 0.2854304 0.2765848 0.3193993 0.3397281 0.286867 0.3101299 0.290573 0.3398804 0.3851205 0.4740353 0.4367497 0.4985929 0.4543006 0.5218465 0.39835 0.3633383 0.4080753 0.4039906 0.4045851
0.1190933 0.07242753 0.07996965 0.126906 0.1007299 0.08347148 0.1457302 0.1469809 0.1236315 0.1200708 0.1761712 0.221235 0.2166334 0.2372609 0.2337207 0.2449434 0.2488494 0.2795648 0.2381317 0.2794116 0.2958079 0.2245323 0.2588206 0.2808678 0.2457795 0.1800958 0.1637257 0.1370091 0.1302382 0.1282409 0.1413595 0.1887435 0.209786 0.2621837 0.3063521 0.385879 0.3921977 0.3933715 0.3451312 0.3635436 0.3615314 0.3687808 0.4242419 0.3345798 0.2932602 0.3967278 0.5492812 0.4964503 0.4838029 0.4810653 0.4916694 0.338597 0.3564041 0.3620768 0.3661531 0.3784696
0.1028989 0.0822359 0.09312201 0.1189481 0.1191518 0.1176771 0.1370188 0.1738338 0.156386 0.1284402 0.1823543 0.2379056 0.2576813 0.2344199 0.2441099 0.2582181 0.2834968 0.3239389 0.3060788 0.3157929 0.2854522 0.2412888 0.227753 0.229687 0.2366031 0.2286763 0.2327265 0.193644 0.1513554 0.1363318 0.1443528 0.2137768 0.2397554 0.2709033 0.3519399 0.3992728 0.4466606 0.3756466 0.3879211 0.4287057 0.4071133 0.4489535 0.4682764 0.3954012 0.3569505 0.4354332 0.5435656 0.5288819 0.5125975 0.5286428 0.5311182 0.3666884 0.2945341 0.317439 0.302873 0.267368
0.1511851 0.1126498 0.1074539 0.1242568 0.1554601 0.2277183 0.1736738 0.2274494 0.2572225 0.214258 0.2111399 0.2279606 0.2598859 0.2489684 0.2714049 0.2892583 0.3283321 0.3569949 0.344184 0.3327271 0.3106844 0.3238035 0.2860745 0.2703631 0.2921123 0.3033761 0.2484241 0.208653 0.1710517 0.1880686 0.190206 0.2305512 0.2554161 0.2969146 0.3553092 0.4192974 0.4850323 0.4583403 0.4798048 0.4635585 0.4472375 0.4000145 0.4231615 0.3033234 0.341647 0.3870577 0.4327807 0.3935722 0.4314525 0.4365906 0.3864632 0.3079731 0.2229889 0.291565 0.4009425 0.2699939
