contrib/geomasonDemos/riftland/DataFiles/RainData/53.txt
ncols         56
nrows         54
xllcorner     28.264
yllcorner     -5.7719999999999
cellsize      0.25
NODATA_value  -9999
[rows 0 to 26 of 54, columns 0 to 55 of 56]
0.09105872 0.08381268 0.09737249 0.05923295 0.05596205 0.05134968 0.038335 0.03488966 0.01832155 0.02213481 0.03735228 0.04060474 0.04599216 0.02944314 0.04950764 0.07619021 0.05704694 0.04086593 0.03120187 0.05793408 0.06100786 0.06725658 0.05183889 0.1030889 0.1693807 0.2440776 0.2049187 0.2454219 0.1862286 0.1492948 0.173895 0.2173606 0.2391706 0.3193898 0.2270492 0.2595082 0.228372 0.2064404 0.1503047 0.1831673 0.09707398 0.1032324 0.05200734 0.0720857 0.05517151 0.04179672 0.06266483 0.07988498 0.0756104 0.09532612 0.1247293 0.05611375 0.1083864 0.07977951 0.07496738 0.07999699
0.1489427 0.1202148 0.08842677 0.06130883 0.06266159 0.05187054 0.05068988 0.03391699 0.02216833 0.03427986 0.03562379 0.04604124 0.06171446 0.03538908 0.04327767 0.05745167 0.03425127 0.01429891 0.0256577 0.03438369 0.04817418 0.04217369 0.08155303 0.1328198 0.1392005 0.1520299 0.1846686 0.2944648 0.2405877 0.17073 0.1747823 0.1793376 0.2017356 0.2957976 0.4203736 0.3767605 0.3180351 0.1928039 0.1734403 0.141214 0.05421184 0.03751918 0.1345582 0.08021802 0.03722123 0.05800125 0.07190879 0.121833 0.08479149 0.08768013 0.05545451 0.05099232 0.1225666 0.09775984 0.08182449 0.1175016
0.1826169 0.1618404 0.1242978 0.05503791 0.06070631 0.06015814 0.04280161 0.04919681 0.07581869 0.05053593 0.06104342 0.1160553 0.07500877 0.03879612 0.03209692 0.03979158 0.028871 0.02210879 0.02312249 0.0152336 0.02917543 0.04466138 0.03904588 0.062984 0.1006827 0.1442647 0.176168 0.225976 0.2267327 0.1617285 0.1404702 0.1798264 0.2296607 0.3161769 0.3696941 0.4363454 0.3924399 0.1779387 0.1977289 0.1496872 0.09431358 0.1543566 0.1279535 0.06053515 0.05767434 0.06977631 0.06038117 0.05674769 0.07292037 0.09583761 0.06625482 0.06884675 0.07559813 0.0850968 0.04659209 0.05911146
0.125933 0.1160098 0.07867472 0.03889316 0.0440248 0.1114633 0.06457765 0.05529617 0.1024418 0.1459162 0.0898296 0.1260915 0.131791 0.05481108 0.0182493 0.01589804 0.02136079 0.01964899 0.0138986 0.02205526 0.03758891 0.03629823 0.02134601 0.04234322 0.1202987 0.1515227 0.1620916 0.2311464 0.1778074 0.1414186 0.1486199 0.2466466 0.2380493 0.2781584 0.3940547 0.4186715 0.2720751 0.1627855 0.1651651 0.1629257 0.1843235 0.1755714 0.1399018 0.1088969 0.08148164 0.07894636 0.08495366 0.08875279 0.1118543 0.06185024 0.08536363 0.1086344 0.09206344 0.06267496 0.03815661 0.02471786
0.1201509 0.107373 0.0748319 0.03991896 0.04710255 0.08455379 0.09506281 0.1059223 0.147901 0.2542386 0.1046393 0.1259001 0.1114817 0.07111769 0.05410223 0.02293517 0.03030862 0.0181007 0.03203804 0.03285547 0.02151617 0.02230453 0.02759656 0.04989864 0.09234428 0.1546932 0.151477 0.1379885 0.1347221 0.1421899 0.1570996 0.2559367 0.3014773 0.3616038 0.3754873 0.4058452 0.2417018 0.1552219 0.1423487 0.0835753 0.1853638 0.2104837 0.2349068 0.1734627 0.1197145 0.102102 0.1217216 0.09307823 0.1113828 0.07952935 0.07377062 0.0894463 0.06663653 0.05180395 0.04203112 0.02271043
0.1114821 0.1327495 0.08302747 0.05076177 0.04793267 0.1500126 0.1175036 0.1763988 0.1267763 0.1113396 0.1150754 0.1259562 0.1155342 0.09172504 0.06496492 0.0538204 0.04222341 0.03544627 0.04989745 0.05488455 0.04265615 0.03198166 0.04931693 0.1116035 0.1092105 0.09994247 0.1026448 0.1589899 0.1463254 0.1489262 0.126541 0.2082697 0.2753267 0.2827427 0.3208002 0.2917026 0.2877285 0.1143599 0.09810517 0.09521068 0.2207973 0.3475588 0.263424 0.1689653 0.1783959 0.245529 0.1697044 0.1267423 0.1522675 0.09396961 0.07844302 0.07994741 0.07898511 0.05623555 0.03117685 0.01787136
0.1723315 0.1108927 0.07526059 0.05321769 0.0660711 0.1285568 0.147423 0.1937114 0.1509967 0.1344747 0.1262744 0.1413512 0.1477455 0.09849466 0.08706798 0.05647638 0.03372984 0.03819202 0.05508486 0.06491002 0.08953433 0.05063386 0.06400333 0.08605327 0.09809028 0.09908824 0.1396318 0.1700426 0.179091 0.1424279 0.1324636 0.1980609 0.2022111 0.2046266 0.1535489 0.1576193 0.1279438 0.1198376 0.1208065 0.2069518 0.2857299 0.2955814 0.2296729 0.1847653 0.2020403 0.1959932 0.2273367 0.1528474 0.1045885 0.0788721 0.05949584 0.06221079 0.06006761 0.03824154 0.0190419 0.02253547
0.1496173 0.1685646 0.1413898 0.1074009 0.1198708 0.178019 0.2400273 0.220811 0.1419049 0.1495233 0.1096084 0.1158407 0.092334 0.09074747 0.06290172 0.05353867 0.04166871 0.04560939 0.06514225 0.09460577 0.06258991 0.06316241 0.07530966 0.1029042 0.08195594 0.1049427 0.1416976 0.1934241 0.2050968 0.1846666 0.1511253 0.2343626 0.264713 0.2447312 0.1480722 0.1084848 0.1877238 0.1381121 0.122776 0.1677617 0.2471712 0.2894945 0.2668598 0.1860567 0.1829218 0.1667043 0.1473457 0.1371462 0.09234407 0.08934966 0.07037915 0.05009299 0.04219643 0.03136996 0.03492117 0.02018259
0.2212682 0.2528251 0.3001689 0.1998922 0.1885448 0.2173461 0.2528852 0.237141 0.1751413 0.09799079 0.1010333 0.1224867 0.08916021 0.05816599 0.05291553 0.06295138 0.05288167 0.04862147 0.08269388 0.08915737 0.08308595 0.05878842 0.0787452 0.1278905 0.09823255 0.1323864 0.1840392 0.219974 0.232662 0.2171501 0.1618635 0.2552493 0.2885355 0.3523912 0.2773226 0.2089178 0.2065751 0.1898508 0.1541874 0.2079216 0.2748521 0.289277 0.244549 0.1632074 0.1712629 0.1708994 0.1160868 0.06468808 0.1202962 0.1124787 0.1003666 0.04917486 0.04600519 0.03222196 0.0215653 0.0165894
0.2066178 0.2049385 0.2111015 0.1858884 0.208237 0.2035342 0.1984574 0.1813794 0.1715661 0.1172437 0.1168334 0.1759772 0.08680066 0.0453845 0.04438407 0.07332696 0.09271141 0.06828104 0.06075931 0.06033666 0.04820127 0.04814865 0.0690886 0.07048222 0.1115787 0.1937308 0.2150002 0.2409898 0.2021369 0.2053059 0.1772264 0.2520867 0.4231371 0.2838683 0.2931447 0.2031749 0.1867267 0.1575934 0.1486945 0.2124593 0.2728395 0.3206714 0.2401055 0.2022945 0.1309809 0.1242224 0.1001155 0.05634559 0.1048268 0.1138801 0.06429621 0.05144731 0.03364391 0.0330008 0.01632347 0.0002365432
0.1972677 0.2343474 0.2531028 0.1437821 0.1209029 0.1560626 0.1391698 0.1336932 0.1832516 0.1653872 0.1188547 0.1389068 0.06810239 0.04615893 0.05277999 0.07048517 0.08937676 0.05744405 0.06622737 0.06533152 0.06154189 0.06194571 0.05489558 0.06767704 0.1083915 0.1883434 0.3244794 0.2513244 0.1927594 0.2043973 0.201255 0.3062513 0.4770804 0.379205 0.1831883 0.1804147 0.1627208 0.1318067 0.1391923 0.2007642 0.2773139 0.3083321 0.2640935 0.1692083 0.1040381 0.05677777 0.03674176 0.02888147 0.04756461 0.06365485 0.03735396 0.02855567 0.02478975 0.01842912 0.004457226 0.0002314326
0.2973626 0.4275303 0.1900275 0.1507045 0.2120216 0.1643173 0.1118667 0.154212 0.1900522 0.1965608 0.1160184 0.1144183 0.09264321 0.05380365 0.06473839 0.07251515 0.07487492 0.07501236 0.08477136 0.08542012 0.06359835 0.05429482 0.04086627 0.08130322 0.1111877 0.1305643 0.2096911 0.2721145 0.1924244 0.1916871 0.1843091 0.2201452 0.2816973 0.2186648 0.112796 0.1282529 0.1098927 0.1358003 0.1934471 0.1634234 0.1413345 0.1913287 0.1715215 0.1370167 0.0725037 0.05781475 0.04448166 0.04534259 0.03908493 0.038043 0.04203089 0.0308761 0.02310357 0.01348555 0.007134726 0.003175279
0.1628339 0.1761503 0.1256814 0.133144 0.1489841 0.1593435 0.2146373 0.1097265 0.1197432 0.1176766 0.1161604 0.1023427 0.108273 0.06139721 0.05176407 0.06845181 0.06812539 0.0674262 0.09766278 0.09188045 0.09794888 0.07971836 0.05794632 0.07041606 0.09541225 0.1219172 0.1619638 0.2765813 0.2122091 0.1866848 0.1889493 0.1732973 0.1901937 0.1502577 0.09259188 0.08799575 0.07717555 0.1124812 0.1955741 0.168286 0.1056367 0.1386297 0.1077827 0.08154616 0.07677281 0.05263557 0.04063562 0.04454882 0.03789331 0.04040589 0.03202206 0.02782454 0.01813029 0.01021998 0.004105605 0.003125214
0.139332 0.1124776 0.09344359 0.0996513 0.09467445 0.1416244 0.2180727 0.1140439 0.1155204 0.1331421 0.1013743 0.1121919 0.1049167 0.05974367 0.06359702 0.07620259 0.0837239 0.09153742 0.1389124 0.09388458 0.08426227 0.08591411 0.09380702 0.07505767 0.08103216 0.09305158 0.1436097 0.1847249 0.2030084 0.1759147 0.1594492 0.1179831 0.153897 0.1313169 0.07743982 0.0673333 0.07110935 0.1092478 0.1526994 0.1460386 0.1059254 0.1131473 0.08429327 0.06888319 0.06567083 0.05350571 0.04691057 0.04556693 0.03070023 0.03129755 0.02747509 0.0207911 0.01468378 0.007624776 0.004053191 0.003045999
0.1115782 0.1117449 0.1137903 0.1246314 0.1100326 0.1900058 0.1487747 0.1045292 0.1000241 0.08799791 0.0916943 0.08968942 0.09188867 0.06779309 0.0618212 0.07200508 0.09122098 0.1238534 0.1349066 0.1342187 0.08810824 0.07087021 0.06197236 0.1054357 0.1080591 0.09243709 0.1350141 0.1444305 0.1900653 0.1645043 0.1272378 0.08470304 0.0883072 0.08809023 0.08504418 0.06710409 0.07859004 0.08302212 0.125973 0.08895835 0.07958099 0.08055198 0.06950068 0.0569279 0.04418975 0.03843942 0.03081168 0.03333513 0.02361896 0.02032628 0.01920347 0.01244875 0.01262408 0.00453071 0.00394487 0.003024404
0.1292702 0.1303484 0.08607842 0.1131201 0.1644931 0.146253 0.1319091 0.1142999 0.09648933 0.09084094 0.1156932 0.09015459 0.09295046 0.05979677 0.06366743 0.07409522 0.09142821 0.130679 0.1418799 0.09393478 0.06594571 0.06448217 0.07294273 0.0853551 0.0837523 0.09203195 0.1398274 0.1483611 0.1573056 0.1586164 0.1167357 0.1001695 0.1029794 0.09248883 0.1070104 0.07689754 0.07141374 0.0687779 0.08194555 0.1199703 0.08578053 0.07522207 0.06215678 0.0466282 0.03936439 0.03773107 0.02765129 0.03145713 0.02565488 0.02441631 0.01967958 0.007436675 0.006926663 0.004262327 0.005028314 0.003392742
0.1534976 0.1248703 0.0906391 0.09461724 0.1952647 0.1863477 0.1254228 0.1162127 0.09682969 0.09080303 0.08621673 0.07003392 0.05492277 0.04506904 0.0725914 0.09383737 0.1232735 0.1458454 0.1715134 0.1006973 0.07986324 0.07539965 0.07583346 0.09693285 0.08804991 0.115096 0.1305455 0.1700365 0.127736 0.1318246 0.1182348 0.1113843 0.09624216 0.1153976 0.1114427 0.06750941 0.07368463 0.06390842 0.06441029 0.08347272 0.07602753 0.08575664 0.07242658 0.06118494 0.05262544 0.04295404 0.02932052 0.02995756 0.0309893 0.03095786 0.02279326 0.01094014 0.008048595 0.004094076 0.003631755 0.003344435
0.1679 0.1802432 0.192286 0.2207305 0.1538399 0.1566125 0.1310206 0.130828 0.09414773 0.1194388 0.07367086 0.0706598 0.0675391 0.08019629 0.1081687 0.1207905 0.132175 0.1427359 0.1129705 0.1151396 0.09701952 0.09589218 0.08359443 0.1354961 0.1572976 0.129603 0.1411114 0.1849069 0.1762899 0.1105678 0.1210513 0.1063766 0.09826886 0.07933581 0.07385758 0.05816047 0.04903198 0.06453048 0.06239952 0.07245968 0.0797353 0.09964844 0.08021925 0.07150787 0.06412008 0.0413374 0.02495884 0.03175586 0.02741867 0.02579873 0.02422796 0.0197848 0.01579588 0.009993758 0.006116407 0.003242441
0.1459211 0.1529067 0.1410562 0.135215 0.108639 0.1074708 0.1045559 0.1043655 0.0965133 0.1073087 0.1104866 0.08586662 0.0755602 0.08372456 0.09531774 0.1137186 0.1639211 0.1496447 0.09721555 0.1182965 0.1404523 0.1332474 0.1080691 0.1436965 0.1283634 0.1054793 0.1298266 0.1673353 0.1364001 0.1282017 0.09740667 0.1005478 0.0857105 0.09742825 0.07380557 0.05381261 0.04430313 0.05035166 0.05177671 0.07899434 0.08407576 0.08245438 0.09511136 0.0795731 0.05771242 0.0436272 0.03268075 0.0322137 0.03094861 0.01561037 0.01483153 0.009018712 0.0121794 0.009540753 0.00822156 0.01395745
0.186623 0.2153963 0.2066437 0.1935183 0.2767111 0.1471789 0.1486593 0.1595336 0.1415582 0.1550865 0.1673533 0.07841928 0.07214492 0.04959384 0.07248373 0.1206894 0.1706481 0.1523878 0.1130823 0.1047045 0.1011949 0.1020186 0.08751342 0.148513 0.1426831 0.1198711 0.1305827 0.1477559 0.1460548 0.1338195 0.1129092 0.1054108 0.08657981 0.08824594 0.08196393 0.06307594 0.06828179 0.0589648 0.05418655 0.0711396 0.06653664 0.07421605 0.07269537 0.08145976 0.068187 0.05009521 0.03703673 0.03135936 0.02405813 0.01703296 0.01529307 0.01011839 0.01123854 0.01273289 0.01137671 0.0135594
0.2152494 0.2335452 0.1748298 0.1844204 0.247314 0.2032539 0.1443483 0.1309509 0.1341595 0.121478 0.08983804 0.051328 0.02658346 0.03051847 0.06881823 0.1139867 0.132958 0.1558926 0.1224599 0.1052255 0.102976 0.09909031 0.1049721 0.1636507 0.146657 0.1129205 0.1294822 0.1448276 0.1283026 0.153487 0.1503364 0.1046515 0.08457766 0.08557225 0.08591679 0.08455084 0.09072193 0.07552364 0.0721489 0.0942269 0.08544604 0.07697079 0.08190098 0.09510561 0.05188237 0.03494386 0.03356035 0.02703008 0.02136525 0.02472083 0.01940107 0.01857217 0.01225261 0.02450719 0.01967795 0.03008079
0.2021847 0.241651 0.1769593 0.1627469 0.2058253 0.2523419 0.1613982 0.1215198 0.08328859 0.0981406 0.0704669 0.06227361 0.03793422 0.04602393 0.08127567 0.1111788 0.1197893 0.1367152 0.1471766 0.1243181 0.1143491 0.1090674 0.1050529 0.1284755 0.153385 0.1431231 0.1522384 0.1388929 0.1252624 0.1420787 0.1439595 0.1505381 0.09187847 0.08619952 0.08792112 0.07032108 0.07364707 0.0828969 0.08706237 0.1010891 0.1064958 0.08889472 0.08774739 0.0838095 0.04639863 0.02921189 0.03072262 0.02350237 0.01694508 0.01630071 0.01816829 0.02779009 0.02166972 0.0298063 0.02611852 0.0680736
0.2857961 0.1574749 0.1641007 0.1535804 0.1535611 0.1504526 0.1270917 0.09302785 0.07487231 0.08416839 0.08915346 0.1296326 0.06605928 0.07440764 0.1327678 0.1019428 0.09023296 0.1408059 0.1275459 0.07726397 0.07534622 0.1097178 0.09793285 0.1369458 0.1544447 0.1605138 0.1518475 0.1873526 0.1924388 0.175676 0.1723951 0.1199702 0.09608018 0.1044619 0.08860595 0.07151596 0.07979351 0.08499078 0.07317962 0.08861581 0.07863235 0.09838498 0.0679741 0.04275843 0.04689842 0.01923242 0.01800022 0.02149704 0.01497141 0.01359021 0.01205084 0.01721808 0.02499894 0.03337609 0.06950167 0.127079
0.2617482 0.1839738 0.1824828 0.1387219 0.126337 0.1284293 0.1773 0.1391806 0.07751504 0.09791538 0.1073381 0.1182849 0.1171064 0.1198659 0.106199 0.09238549 0.07883934 0.1070322 0.1051673 0.07191475 0.08557514 0.1592797 0.1612105 0.1515363 0.1577557 0.1854415 0.1609129 0.1814109 0.1903285 0.1583375 0.1431011 0.1438091 0.1163823 0.1129403 0.1093327 0.08534829 0.07174303 0.06962299 0.1068554 0.08469852 0.07468867 0.05986283 0.04855148 0.05135358 0.04175639 0.02311458 0.01340935 0.01380469 0.0102058 0.008836598 0.02308419 0.01960182 0.02020275 0.0356623 0.0590252 0.1518259
0.1888114 0.2112611 0.1863769 0.1307877 0.1404504 0.1739731 0.1878113 0.1101691 0.05394432 0.06700329 0.05826609 0.06775337 0.08982743 0.1046189 0.09466052 0.08648726 0.08599712 0.09165137 0.1022652 0.0908575 0.1373018 0.1864924 0.1543674 0.170638 0.1252545 0.1425967 0.1390398 0.1636412 0.1789293 0.1752157 0.1646452 0.1612876 0.1479567 0.1401315 0.1121818 0.09321648 0.08055292 0.06966806 0.1038909 0.1387263 0.06948473 0.03924167 0.04127034 0.04107349 0.03926113 0.02760475 0.03131012 0.03575654 0.0194773 0.01430721 0.01588531 0.0350033 0.03024879 0.04405066 0.0659571 0.1091198
0.1393937 0.19735 0.2162025 0.1667824 0.1521357 0.150788 0.126207 0.09448979 0.07671124 0.07723094 0.06781787 0.07336222 0.08903439 0.07938239 0.09773374 0.09960078 0.1107426 0.1057566 0.1040333 0.1213039 0.2155114 0.2088218 0.1716253 0.191061 0.1470453 0.1522064 0.1663869 0.1597833 0.1777109 0.1652582 0.1824215 0.16754 0.159003 0.1581006 0.1237376 0.1121188 0.1251098 0.08472672 0.08110553 0.08202953 0.05478739 0.04495145 0.04035961 0.05010534 0.06145743 0.04375512 0.0747093 0.0664369 0.03734546 0.01359614 0.01554419 0.06097356 0.05341981 0.08543853 0.07983319 0.1175034
0.1458448 0.2406374 0.2125096 0.1554324 0.1218845 0.1249312 0.07477334 0.08298369 0.08450285 0.09980633 0.0927375 0.09014112 0.1029205 0.111474 0.1305287 0.1632372 0.1591749 0.1113953 0.1000653 0.1390647 0.1904411 0.2114845 0.1836991 0.1705088 0.1721443 0.1323069 0.1374328 0.1682882 0.2067318 0.1850171 0.1799782 0.1737616 0.1847539 0.1553398 0.1493693 0.1027499 0.1249591 0.1037896 0.1225923 0.1168606 0.06992034 0.04883111 0.03562643 0.04757151 0.03697366 0.06308229 0.04438361 0.04469755 0.0297226 0.03639878 0.02881231 0.08471894 0.09215952 0.09910237 0.1201025 0.1947156
