contrib/geomasonDemos/riftland/DataFiles/RainData/53.txt
ncols         56
nrows         54
xllcorner     28.264
yllcorner     -5.7719999999999
cellsize      0.25
NODATA_value  -9999
[rows 27 to 53 of 54, columns 0 to 55 of 56]
0.1810229 0.2133533 0.1780389 0.1626493 0.1584079 0.1706452 0.103078 0.1061213 0.1387562 0.1515696 0.1316263 0.1358488 0.1927897 0.1185831 0.1232333 0.1473616 0.1332742 0.1501476 0.1635176 0.2327974 0.2205312 0.2348665 0.2346117 0.23025 0.2355745 0.213754 0.1999395 0.1961206 0.2130817 0.2134243 0.1996955 0.2003443 0.1741054 0.169544 0.1458018 0.1175841 0.1304082 0.1195585 0.1324496 0.1070111 0.0763686 0.0545731 0.04471199 0.02970661 0.03670137 0.04098407 0.04229323 0.02412196 0.03941185 0.03740643 0.03341149 0.09562147 0.1373938 0.1871938 0.1316985 0.1626668
0.2059718 0.2106204 0.1734946 0.1874954 0.1623902 0.1403728 0.1067162 0.1797656 0.126144 0.08593774 0.09722091 0.1316545 0.1176255 0.1080418 0.09408519 0.1227611 0.1401732 0.1221615 0.186409 0.1754233 0.1923726 0.1919398 0.2061592 0.2371476 0.3011849 0.3055495 0.238932 0.2109188 0.2153282 0.2108869 0.2031567 0.1878405 0.1824834 0.1883315 0.1644209 0.1462085 0.1579053 0.130722 0.118642 0.1127017 0.08103451 0.06465741 0.05505925 0.06059659 0.03780222 0.02987383 0.03254266 0.03071564 0.02964731 0.04318512 0.0305255 0.08505702 0.1835037 0.1256879 0.1083237 0.189805
0.3116994 0.2900757 0.2402874 0.2513788 0.172894 0.1053842 0.121127 0.1285304 0.08540186 0.1142296 0.1327757 0.1405741 0.1695076 0.09538089 0.04618051 0.0948396 0.1019158 0.103331 0.1370679 0.1494764 0.1476929 0.1585694 0.2350098 0.2635728 0.3262129 0.3287657 0.2775366 0.2314935 0.2163934 0.2032168 0.196727 0.1702327 0.1907338 0.185276 0.1787532 0.1794543 0.1801636 0.1565738 0.154735 0.1200797 0.0943392 0.08226061 0.06406607 0.0433657 0.02669982 0.0210653 0.02031968 0.02997555 0.03405618 0.02765859 0.02708652 0.06639564 0.1233633 0.1478533 0.179566 0.2168531
0.4047005 0.3599837 0.2818492 0.2562612 0.1739862 0.09263188 0.08208739 0.08211509 0.09703555 0.1382718 0.1462728 0.1625854 0.1564129 0.06851226 0.0672928 0.1135889 0.1242531 0.1270127 0.1265555 0.139459 0.1480126 0.1635807 0.1869245 0.2495395 0.3070527 0.3135726 0.2453603 0.2277627 0.2344064 0.2094203 0.2064372 0.1748689 0.1788592 0.1739514 0.1825516 0.1694513 0.169754 0.1651882 0.185387 0.1220148 0.1018266 0.08225712 0.05728343 0.03794534 0.02553524 0.01444695 0.01744944 0.02212754 0.02498938 0.03292048 0.0286897 0.04933608 0.08770883 0.1280435 0.129864 0.2454491
0.4827193 0.4638528 0.3284981 0.2675682 0.1834906 0.1255381 0.1030321 0.1036717 0.1346731 0.1444501 0.138668 0.1247434 0.1291283 0.09921528 0.1045694 0.09912871 0.1128246 0.1265966 0.1195292 0.1491177 0.1745868 0.1896094 0.2179374 0.2109014 0.2488277 0.3291714 0.2468276 0.2294492 0.216045 0.2002301 0.2030848 0.18047 0.1669986 0.152688 0.1642549 0.2064184 0.2121853 0.2238139 0.2156039 0.1371279 0.09674349 0.08199959 0.05812585 0.03784114 0.04240965 0.02664729 0.01921562 0.0276396 0.0447199 0.06355886 0.08059966 0.09580454 0.1241127 0.141433 0.160632 0.08036606
0.3931714 0.3896113 0.3126552 0.2400663 0.1622168 0.1315429 0.1345031 0.1574322 0.1735627 0.1513041 0.141714 0.1135402 0.1079524 0.1077556 0.1043835 0.1350875 0.1450625 0.1347839 0.1522462 0.1635402 0.2047247 0.2476532 0.218284 0.2442553 0.2603298 0.3284903 0.3034048 0.2419283 0.2088701 0.198645 0.2016719 0.1858894 0.1723676 0.1737013 0.1705455 0.2165944 0.2446732 0.2380186 0.2130042 0.1353357 0.1110147 0.09282369 0.07236524 0.03470989 0.03618877 0.02593239 0.01224642 0.0221571 0.03356088 0.04973577 0.06301251 0.0583557 0.08940291 0.1195302 0.1538814 0.1140802
0.4118246 0.3308539 0.2359318 0.2169021 0.1534633 0.1477451 0.1521248 0.1780293 0.166603 0.1351238 0.1250376 0.1050964 0.1301523 0.1184274 0.1251488 0.1893048 0.2250478 0.2190078 0.2088802 0.1905326 0.2087498 0.2157684 0.2423434 0.2317076 0.2375246 0.2808587 0.2857097 0.245905 0.2234369 0.1993453 0.1938328 0.1928073 0.1907666 0.1994603 0.2048728 0.2798452 0.2737409 0.2346168 0.2129213 0.147426 0.1296204 0.1097671 0.08076467 0.03727159 0.0264234 0.02790487 0.01609782 0.02712965 0.05785843 0.065019 0.07385242 0.07280908 0.1226742 0.1500009 0.1530914 0.09540679
0.4323653 0.3342581 0.2401428 0.235445 0.1478992 0.1384328 0.1440314 0.1743554 0.1426669 0.1245448 0.1189362 0.1052121 0.1152324 0.1485706 0.1402948 0.1801161 0.1942768 0.2590953 0.2518932 0.2153033 0.1795457 0.2087271 0.2235475 0.2051277 0.2378289 0.2176931 0.2276187 0.2155534 0.1974432 0.1934001 0.1783103 0.1829349 0.202195 0.2522563 0.2333075 0.2726013 0.2903251 0.2417458 0.2113559 0.1592667 0.1349272 0.09608755 0.07855851 0.056439 0.02886523 0.02410071 0.02845283 0.06807843 0.09063404 0.09428438 0.1073925 0.1329257 0.2037791 0.2218693 0.1953327 0.1251315
0.4232244 0.3627127 0.2623177 0.2394719 0.2148523 0.1650877 0.1425008 0.1522524 0.1277986 0.1453048 0.1201524 0.1207176 0.1227665 0.117633 0.1306793 0.1699594 0.1748759 0.1965488 0.1922343 0.2180531 0.2048276 0.147852 0.1542097 0.1530315 0.2535402 0.2265549 0.200285 0.1845776 0.1810264 0.1835337 0.1827198 0.2024832 0.21785 0.2783348 0.2746754 0.2571113 0.2442937 0.1903851 0.164643 0.1212143 0.1015835 0.07424389 0.07563043 0.07030275 0.06396117 0.05399048 0.07795268 0.1133025 0.1935204 0.2548811 0.238178 0.2194597 0.3173949 0.3583297 0.3080221 0.2077411
0.3105623 0.2961093 0.2167969 0.2181565 0.2002491 0.1926896 0.1661064 0.142391 0.1178599 0.1436038 0.1262623 0.114443 0.1030921 0.1046468 0.1203759 0.170357 0.1935367 0.1777563 0.1287296 0.1309568 0.1340946 0.1582489 0.1485717 0.1699046 0.2172349 0.2257463 0.2414567 0.2126812 0.1909123 0.1921683 0.2006016 0.1936142 0.1897938 0.2249603 0.229299 0.2264164 0.2062265 0.1829076 0.1562259 0.1041003 0.08230865 0.07054762 0.06862701 0.07472087 0.05905177 0.05447985 0.08617213 0.1355134 0.1845515 0.2817603 0.3169054 0.229112 0.3370688 0.4361904 0.3984025 0.2749176
0.2627314 0.2401911 0.1852678 0.1622403 0.1653541 0.1584217 0.1507563 0.148829 0.1204748 0.1275519 0.1231841 0.1200813 0.1004748 0.1051471 0.108346 0.1167412 0.1299177 0.1553594 0.1153684 0.1097063 0.1315157 0.1372135 0.1556237 0.1851294 0.2721281 0.2680897 0.2129287 0.2090991 0.2255655 0.2293871 0.2450247 0.2212483 0.1804667 0.204982 0.216835 0.1924118 0.1740221 0.1533844 0.139598 0.1224589 0.09899764 0.07078411 0.06820554 0.05788813 0.05307937 0.06595268 0.07933104 0.1495278 0.2200204 0.3042475 0.3432633 0.319452 0.2961281 0.453521 0.4100077 0.141371
0.181798 0.1487857 0.1319588 0.1235866 0.1470935 0.1460427 0.1171438 0.1304281 0.1484896 0.1271533 0.1118563 0.1152961 0.1008737 0.09861761 0.1069605 0.1128767 0.1135106 0.1436045 0.1214119 0.1163344 0.1327008 0.1447355 0.1779012 0.2056242 0.2214561 0.2169455 0.2038039 0.2019674 0.2129 0.2338185 0.2345612 0.2155017 0.1829461 0.1680698 0.1773596 0.1560207 0.150961 0.12866 0.1199213 0.1202425 0.08692291 0.07074281 0.06593963 0.06535917 0.06624751 0.0903741 0.1141118 0.1627558 0.2359096 0.2796125 0.3977712 0.4238316 0.4019502 0.381756 0.2490337 0.2447178
0.2190701 0.1648247 0.08554837 0.1175378 0.1226412 0.1121256 0.1064051 0.1203764 0.1438956 0.1445056 0.1431117 0.1251976 0.1171199 0.1138737 0.09596699 0.09427912 0.09415271 0.08757367 0.1189063 0.1336834 0.1435159 0.1448081 0.1512873 0.1859746 0.194623 0.2014196 0.2179446 0.2589163 0.2219451 0.2673859 0.2955319 0.1939695 0.1378773 0.1299937 0.1730947 0.1325846 0.09911249 0.08797346 0.09534299 0.09557741 0.06664809 0.05725422 0.05876289 0.08786828 0.08632849 0.1130132 0.1306509 0.1610491 0.2835391 0.351778 0.4084872 0.3649031 0.2869787 0.251158 0.2802212 0.1750403
0.2792072 0.1524085 0.07393286 0.09484369 0.09262905 0.1119312 0.1204786 0.1344832 0.1468671 0.1569604 0.1534609 0.1431998 0.1185574 0.1025366 0.08929293 0.08826602 0.1005032 0.07919434 0.1060408 0.1367399 0.1178529 0.1588971 0.1537997 0.1930749 0.1937632 0.1711509 0.1878216 0.2703466 0.233691 0.245254 0.223958 0.1743077 0.1309559 0.1136089 0.1435578 0.08993834 0.06509447 0.06296214 0.05761611 0.06111256 0.04544526 0.04756605 0.05508533 0.07981208 0.09830876 0.1347251 0.1603168 0.2039914 0.2745433 0.3440073 0.4204046 0.3283369 0.2606592 0.2977638 0.3176811 0.1971371
0.2699605 0.1540014 0.07180316 0.106412 0.1227442 0.1101491 0.113793 0.1442596 0.1409171 0.1336493 0.1364496 0.118512 0.1152889 0.1052096 0.09207278 0.08173129 0.09554479 0.1022978 0.1392941 0.2206791 0.1922352 0.1434866 0.1139486 0.1457665 0.1331107 0.1594881 0.1999412 0.2303556 0.2222499 0.1738456 0.1560539 0.1368204 0.1118613 0.09389497 0.06131122 0.06198256 0.0496423 0.0421354 0.05280926 0.04152837 0.03892623 0.04962805 0.05559732 0.08279545 0.1026836 0.146655 0.1715443 0.2184058 0.2457575 0.3240364 0.3763172 0.2478357 0.2702632 0.3554202 0.3483525 0.2218548
0.2703143 0.1775742 0.08267479 0.09825628 0.1387727 0.1249475 0.09874789 0.1059834 0.112664 0.1502346 0.1369431 0.1120886 0.1104548 0.1044907 0.09718086 0.08877266 0.09254898 0.1248611 0.1422932 0.1834883 0.1193942 0.161375 0.1070663 0.1277157 0.1663495 0.2321695 0.2465548 0.1984152 0.1577295 0.1447968 0.1317317 0.102138 0.0816945 0.07657047 0.05008949 0.05793765 0.1406666 0.0469771 0.04338541 0.0398738 0.05439547 0.0553496 0.05694103 0.0855535 0.1009601 0.1316562 0.1867765 0.2277198 0.2596992 0.2921957 0.3849092 0.2730457 0.3311937 0.3419909 0.3004974 0.2189919
0.1914144 0.1830775 0.1021613 0.08116831 0.07486017 0.08098299 0.07461477 0.08094418 0.1020605 0.1163751 0.1065269 0.09045544 0.1084282 0.080197 0.08569232 0.08843218 0.1318654 0.1667452 0.1038879 0.1210816 0.1135645 0.1129199 0.08821256 0.1342609 0.2465087 0.2857445 0.1772722 0.1472494 0.1670032 0.1031276 0.1244067 0.07201014 0.04278144 0.04929832 0.03148309 0.05425721 0.235293 0.05205791 0.04127746 0.05408815 0.06572905 0.070922 0.07244249 0.09429359 0.1194599 0.1563868 0.1812469 0.2220402 0.2580417 0.3537464 0.2876879 0.2946774 0.2723387 0.2581048 0.2139516 0.2260081
0.1729041 0.1718148 0.1169411 0.06222568 0.05314204 0.07526916 0.05739106 0.07450412 0.08310586 0.09066214 0.1019576 0.1214249 0.1138702 0.07428969 0.08487979 0.09445156 0.09845831 0.1149064 0.07834858 0.09235229 0.07386962 0.06585323 0.05162457 0.09846731 0.1215701 0.1382748 0.08702919 0.1101433 0.1029532 0.06913178 0.04194406 0.0527465 0.03352743 0.02502794 0.02909217 0.03464415 0.03127523 0.03196857 0.03951414 0.05604345 0.06419694 0.06852435 0.07468649 0.0942945 0.1172341 0.1511822 0.1541185 0.1933051 0.2190107 0.2235245 0.2833208 0.2942742 0.357621 0.2831049 0.2175403 0.2209678
0.1677275 0.1375381 0.09048469 0.05800554 0.04340064 0.05263635 0.04139055 0.05483757 0.06265603 0.07727701 0.08333823 0.1089605 0.08552666 0.07495151 0.07942294 0.0857609 0.1085019 0.09782292 0.1021361 0.09532024 0.05539192 0.05529613 0.0563339 0.100021 0.06892379 0.06357034 0.05643967 0.08978533 0.1014012 0.05085815 0.04494365 0.03788895 0.0313005 0.02885284 0.03788141 0.04018593 0.03632848 0.03208653 0.0361786 0.04886483 0.05853619 0.06674902 0.07706392 0.09843142 0.1170657 0.1599862 0.1437756 0.1710345 0.2137224 0.2013861 0.2268114 0.2709677 0.3384274 0.2656855 0.2192742 0.2281452
0.1374498 0.09973788 0.06576408 0.03996872 0.05157294 0.04421388 0.0305407 0.03516586 0.04608744 0.05478978 0.06873909 0.06268704 0.06606031 0.07826149 0.06837618 0.07179373 0.07461653 0.07179127 0.08448673 0.07075085 0.07936231 0.08162107 0.09326266 0.07336497 0.04889167 0.050426 0.07353096 0.08927319 0.1546056 0.07123981 0.04481944 0.0351118 0.02688142 0.02867658 0.02808149 0.02831497 0.02728695 0.03323783 0.04483423 0.05753497 0.06132747 0.06753217 0.08059158 0.09947925 0.1157579 0.1558307 0.1735716 0.1917555 0.1643831 0.2001345 0.2261098 0.2323387 0.2768549 0.2391129 0.2493951 0.2853629
0.09817207 0.07855464 0.03995761 0.02270399 0.02846385 0.03007445 0.03070117 0.03377175 0.03246501 0.03612066 0.04886861 0.05688779 0.06023954 0.06625646 0.06671284 0.07414791 0.1001767 0.06598982 0.085481 0.103167 0.1215624 0.1298692 0.1064024 0.1170258 0.1384796 0.1253263 0.1905549 0.2238522 0.1499989 0.04079175 0.04281398 0.03970348 0.0387557 0.02200633 0.01443076 0.02376758 0.02731022 0.03293883 0.0442784 0.05652323 0.0655927 0.07534947 0.0904635 0.1012003 0.1235438 0.1286875 0.1923837 0.0619758 0.1219758 0.1566129 0.2454032 0.1932258 0.2339516 0.2627016 0.29375 0.253629
0.04113078 0.05593128 0.03691973 0.02099559 0.0312764 0.01984314 0.01625308 0.02490506 0.03178662 0.02924317 0.0355015 0.05558739 0.06074701 0.08871997 0.08512783 0.1342712 0.07286426 0.08633858 0.107977 0.143915 0.160194 0.1416986 0.09723728 0.1143053 0.1160312 0.1311526 0.1719631 0.1731403 0.09296516 0.0423885 0.06281538 0.02037982 0.01609709 0.01029828 0.01294426 0.02333694 0.02882927 0.03473482 0.04541537 0.05642707 0.06463131 0.07889538 0.09388675 0.1050866 0.1288857 0.1457695 0.2125698 0.1207258 0.1350403 0.1925 0.2318145 0.2168952 0.265121 0.2640322 0.3281855 0.2525
0.02570798 0.02518201 0.01532013 0.01649522 0.02386968 0.02302183 0.01944313 0.02910019 0.02121376 0.02226418 0.03607295 0.05360212 0.05608311 0.1001758 0.08730864 0.1105421 0.0798388 0.09907001 0.1109734 0.124716 0.1276073 0.1339899 0.08935425 0.09272978 0.1246663 0.1164413 0.09827314 0.08311512 0.05696299 0.008602791 0.0226848 0.01619983 0.00824271 0.01078475 0.0114411 0.029094 0.03287637 0.03293927 0.03876721 0.06505597 0.06757926 0.06869501 0.08930805 0.1017551 0.1163853 0.1511295 0.1893468 0.08064516 0.1322984 0.2414113 0.2833064 0.2201613 0.2301613 0.2889113 0.4035484 0.2540323
0.01865046 0.02221864 0.032613 0.01697511 0.02444361 0.01960855 0.02256558 0.03691805 0.04869305 0.07184414 0.04118853 0.04420293 0.05552725 0.08363141 0.06661034 0.08407501 0.1045808 0.09286494 0.09446439 0.1125301 0.1078801 0.09910898 0.09098779 0.110494 0.1129908 0.09128904 0.08990938 0.07643675 0.04893056 0.03148558 0.02796512 0.009052049 0.01062335 0.008745754 0.0102281 0.02216413 0.02548327 0.02947468 0.03415597 0.04700071 0.05472292 0.0857764 0.1128107 0.09926061 0.1024484 0.1219039 0.1044896 0.05431452 0.1202419 0.2383064 0.2565322 0.2175 0.2174193 0.3540726 0.3521371 0.2643548
0.01457261 0.01711063 0.03492644 0.03365465 0.04246692 0.02736681 0.04517106 0.09026449 0.09126656 0.09083512 0.06504519 0.07533907 0.07915317 0.1016574 0.1196001 0.1239261 0.1140029 0.1060665 0.1023121 0.1119984 0.09163007 0.06986001 0.06151182 0.06345832 0.09276933 0.06870609 0.05168966 0.0161742 0.015482 0.02570681 0.01204654 0.007351128 0.007814622 0.00924148 0.01156914 0.01143896 0.01493281 0.01592819 0.02451677 0.04189706 0.05794587 0.08431014 0.1028126 0.08646556 0.09433103 0.1565863 0.08021133 0.04370967 0.1275 0.1790323 0.1988306 0.1725403 0.1753629 0.2041532 0.309879 0.2727016
0.01486765 0.01633313 0.02069041 0.02621553 0.03480269 0.05127087 0.0592359 0.06581339 0.08072414 0.05984589 0.05619996 0.07535367 0.07190425 0.08123686 0.1041359 0.09501007 0.1002025 0.1022928 0.1015733 0.09997212 0.07602348 0.07325587 0.07263754 0.08245622 0.08871138 0.04631974 0.0294917 0.01330312 0.00399268 0.02194824 0.01054432 0.008458481 0.006517359 0.007947202 0.01021163 0.01022748 0.01205972 0.0145929 0.0177027 0.03556504 0.04446741 0.1161791 0.1062176 0.08764718 0.1048708 0.1286698 0.07855516 0.0639516 0.1175806 0.1744355 0.2184677 0.1549597 0.1741935 0.2193145 0.1975807 0.2670161
0.03065364 0.02207054 0.02268533 0.03182927 0.04612692 0.0431813 0.03969609 0.07595026 0.1419022 0.1060959 0.07539503 0.05657462 0.06129498 0.07782882 0.09933268 0.08301013 0.07589068 0.078224 0.1058493 0.07934577 0.083167 0.07230192 0.09956051 0.1024947 0.09684962 0.0737873 0.02072031 0.01234077 0.007634008 0.0126875 0.008172996 0.01029228 0.005929452 0.007199855 0.01185048 0.00948457 0.01513918 0.01744737 0.01554649 0.03340476 0.04004701 0.09103636 0.07524582 0.07109519 0.0823739 0.1206869 0.0817959 0.06862903 0.1330645 0.149879 0.1671371 0.126371 0.1569758 0.1511693 0.1658871 0.2140726
