contrib/geomasonDemos/riftland/DataFiles/RainData/60.txt
ncols         56
nrows         54
xllcorner     28.264
yllcorner     -5.7719999999999
cellsize      0.25
NODATA_value  -9999
[rows 0 to 27 of 54, columns 0 to 55 of 56]
0.0004366588 0.0003673981 0.0003796605 0.003597795 0.01000631 0.03229463 0.03319912 0.02198558 0.02476871 0.009018539 0.001958812 0.00330557 0.005948073 0.008339291 0.009710107 0.01236385 0.007377701 0.002742263 0.002176193 0.002122504 0.01230733 0.007297315 0.002319263 0.006309191 0.01198971 0.008612899 0.01974005 0.03404533 0.04502228 0.03766216 0.08158593 0.07042538 0.06816496 0.07959075 0.07439833 0.1023691 0.1292022 0.1154954 0.1218315 0.1470013 0.0864327 0.04469702 0.01188145 0.1187526 0.2261014 0.2086774 0.1190154 0.09054472 0.1097243 0.0948858 0.05247699 0.02372216 0.0360052 0.05221785 0.04584774 0.009498589
0.0004841371 0.0005165876 0.008478433 0.00964596 0.01032255 0.05236064 0.05472096 0.02396516 0.01878271 0.003059817 0.002012309 0.009326971 0.0185651 0.01686259 0.006493592 0.008139121 0.01112758 0.004014562 0.005182608 0.01046494 0.01461944 0.01306744 0.01574731 0.008750817 0.01031069 0.0194195 0.04470692 0.05572623 0.07119678 0.06603312 0.07719483 0.07070641 0.0957674 0.1055537 0.1070981 0.1344776 0.1105181 0.1005064 0.1107364 0.09294908 0.0782549 0.05632101 0.06528844 0.1399449 0.149357 0.1383764 0.08353651 0.1058687 0.08439049 0.04986782 0.02814869 0.05160157 0.07447059 0.04576205 0.02755671 0.007074818
0.0007015538 0.00615334 0.006405657 0.02249434 0.02686735 0.03667255 0.01554185 0.01625969 0.01220496 0.005900763 0.003396394 0.005772344 0.007369436 0.01265569 0.01809633 0.01251934 0.004850536 0.004283198 0.009856122 0.01774514 0.01445182 0.01008147 0.01935162 0.009655401 0.01461003 0.03052172 0.07243025 0.08552461 0.07907261 0.06246848 0.08141871 0.07241731 0.1170037 0.1303834 0.1084583 0.1514765 0.1002284 0.1120329 0.0819497 0.08652363 0.08815697 0.08142485 0.09198034 0.1294377 0.1226495 0.13548 0.1158023 0.0855987 0.05273489 0.01382222 0.05170369 0.07274169 0.05178215 0.03251536 0.0004881397 0.003237374
0.035469 0.005162998 0.01092711 0.01875076 0.02484366 0.01930339 0.01251507 0.01106827 0.008925586 0.004990594 0.006503374 0.01341534 0.01451169 0.01384081 0.01197797 0.008037039 0.004160284 0.01952757 0.01601821 0.02251648 0.01630392 0.01922762 0.04404741 0.04220787 0.03588144 0.04347828 0.07665975 0.1226226 0.08946525 0.08065263 0.1108102 0.1178975 0.1263629 0.134119 0.1331677 0.1684051 0.1874605 0.1709971 0.1126025 0.096063 0.1084618 0.1819553 0.1991127 0.2118604 0.2029341 0.1275429 0.1307092 0.09829039 0.06780226 0.01817955 0.02018702 0.04704426 0.03380555 0.00639709 0.01780386 0.0143115
0.03117754 0.005039535 0.01247096 0.01766749 0.0196702 0.01486832 0.01025894 0.01701326 0.01078894 0.0111717 0.01354923 0.01170232 0.007729719 0.004094613 0.001251064 0.004839862 0.006473892 0.03592562 0.02977942 0.02504631 0.02907903 0.04159638 0.1041503 0.1092967 0.07622815 0.0749061 0.07423593 0.1170948 0.0990225 0.1105439 0.1294132 0.1492448 0.1696237 0.1687736 0.2168979 0.2139607 0.1777561 0.1696403 0.1331667 0.1248318 0.1482468 0.2341322 0.2405422 0.2461156 0.2830362 0.1266084 0.08862299 0.07113866 0.0656305 0.02195897 0.001800508 0.001347326 0.03652406 0.02109721 0.0006692897 0.0006681442
0.01030834 0.00405133 0.00990312 0.01246048 0.01262172 0.01926456 0.01726909 0.02580996 0.02766515 0.03149297 0.03163948 0.02296456 0.008550139 0.008421151 0.003234844 0.01093882 0.01571878 0.02972065 0.03733653 0.04108225 0.05108052 0.05840926 0.0972664 0.1130374 0.07172009 0.09645104 0.09902307 0.1043513 0.1161644 0.1256444 0.144531 0.1915072 0.2655909 0.2343054 0.2228383 0.1609643 0.1642917 0.1242858 0.1197699 0.1265578 0.152012 0.1787963 0.1902033 0.195634 0.2293521 0.1909213 0.111934 0.05895472 0.05712267 0.04084254 0.0158177 0.02936915 0.002470234 0.00202378 0.0006730093 0.000662226
0.01183225 0.001619231 0.007193334 0.008616251 0.008373864 0.01459577 0.02451648 0.05652097 0.05782276 0.06389136 0.05932691 0.06842113 0.0409875 0.01770135 0.01584928 0.02215161 0.03194991 0.03651324 0.04101842 0.04702099 0.07224339 0.06691498 0.105452 0.0996854 0.09106836 0.09992813 0.1158324 0.110704 0.1288163 0.1748841 0.1739028 0.2433166 0.2389217 0.254097 0.2123995 0.2014267 0.2086022 0.1520189 0.09817497 0.1353044 0.1340358 0.1348025 0.1389917 0.1987357 0.2369294 0.2380973 0.2035547 0.1080735 0.1011562 0.09528753 0.0722255 0.02843196 0.03006036 0.04496071 0.0006843599 0.0006611096
0.02900095 0.004426511 0.005855342 0.006015366 0.01855931 0.02414521 0.029137 0.04306022 0.0653986 0.05470681 0.05151036 0.05966977 0.05119763 0.0353002 0.03386902 0.03602791 0.04577397 0.04161553 0.04996525 0.0484184 0.05666991 0.05178144 0.08142021 0.08733159 0.1084689 0.1202166 0.1425959 0.1448584 0.1760756 0.2116818 0.2153236 0.240024 0.2243674 0.2660941 0.2493267 0.2812533 0.1876381 0.1072709 0.08628586 0.09061173 0.1234777 0.1392721 0.2012225 0.2480025 0.2191763 0.2038993 0.1630533 0.1124488 0.08373439 0.06287531 0.07281541 0.0541296 0.01177944 0.000800447 0.01165757 0.001128831
0.02718062 0.01172938 0.02419342 0.05191407 0.06090701 0.04682775 0.02081359 0.05478644 0.0659863 0.04702252 0.05084286 0.05438589 0.06223262 0.04692871 0.04411538 0.04204105 0.04227219 0.04480182 0.06202255 0.07997526 0.08826096 0.1056394 0.06933954 0.1147857 0.0914006 0.124522 0.2084991 0.1656666 0.153345 0.1752067 0.1455063 0.1822875 0.2002635 0.301823 0.2967149 0.3187911 0.2870315 0.1438276 0.1221014 0.1242143 0.1600089 0.1755777 0.1578107 0.2018064 0.2022162 0.1751508 0.1004479 0.04734053 0.01339929 0.03327691 0.01794171 0.09511535 0.06254093 0.1043179 0.05876456 0.0006282617
0.02490629 0.0314113 0.04925702 0.03899179 0.02906056 0.01769575 0.02415902 0.04500131 0.04337357 0.03708347 0.0486367 0.0497452 0.03641206 0.03836493 0.03620964 0.04200983 0.04699935 0.04438312 0.05018812 0.05895973 0.05670114 0.03925821 0.08590041 0.1066573 0.09759718 0.1240393 0.1701612 0.1769206 0.1603366 0.1747358 0.1503378 0.1586818 0.1881655 0.3391103 0.3417848 0.4373473 0.3856655 0.2557605 0.1662574 0.1881236 0.2131117 0.170973 0.1445971 0.1515119 0.145249 0.1290728 0.1475251 0.1145433 0.07955425 0.03998846 0.01876022 0.07356898 0.1651025 0.1163812 0.05105857 0.0006186971
0.02556724 0.02684955 0.0364698 0.01481767 0.009314042 0.0181606 0.01754354 0.03292951 0.03505723 0.0510633 0.0535862 0.05566089 0.05209224 0.03822703 0.04432981 0.03951199 0.02540996 0.03443877 0.04948165 0.05952371 0.07509914 0.0673946 0.09009486 0.1148186 0.1187853 0.1244943 0.1229505 0.1476142 0.1584665 0.1369269 0.1283011 0.1518326 0.2494345 0.2767166 0.3141227 0.4010364 0.4261959 0.2795133 0.1673135 0.171173 0.1235463 0.1649523 0.1689732 0.1553776 0.1166944 0.1211542 0.1508988 0.1163331 0.07893459 0.02345228 0.01639224 0.02615521 0.1179554 0.04410261 0.001064365 0.0006003609
0.06251732 0.04296 0.02063347 0.03418294 0.04573153 0.05052357 0.03666518 0.03470734 0.04242015 0.05121738 0.04504469 0.0531923 0.05121855 0.04941387 0.04894228 0.03300455 0.0266517 0.03310864 0.03614765 0.04468359 0.07591777 0.0764716 0.09290086 0.07589492 0.08397081 0.1059657 0.1060331 0.1143904 0.162415 0.2049829 0.1447917 0.1280264 0.1488922 0.1848646 0.2013686 0.3112755 0.3250275 0.216642 0.1626535 0.1773406 0.1317338 0.137073 0.1284881 0.190297 0.1221039 0.0833509 0.09066936 0.08333013 0.07562163 0.06853539 0.04141793 0.01505264 0.01717758 0.01100758 0.02092214 0.008392142
0.05550141 0.05906517 0.05285772 0.04939188 0.03720875 0.04124352 0.03570204 0.05633287 0.05715004 0.05225733 0.08768453 0.06142121 0.04986404 0.04643106 0.04052307 0.0421191 0.0389819 0.04384277 0.04289825 0.04131161 0.04691867 0.07284877 0.0827365 0.06722955 0.06090185 0.08414291 0.1078186 0.1607744 0.2328305 0.1715074 0.09408071 0.09805809 0.1300205 0.1427996 0.1991141 0.3071699 0.3473795 0.2668629 0.1757615 0.1347701 0.1250111 0.1572593 0.1509628 0.107756 0.1127335 0.1100722 0.09243624 0.1026466 0.0806089 0.06429743 0.05610761 0.02213098 0.01994539 0.0413212 0.06402265 0.05358756
0.07296912 0.04225763 0.02080965 0.03063652 0.0466517 0.04611309 0.03773338 0.04357532 0.04297944 0.05176628 0.05286142 0.04975637 0.03988905 0.04483168 0.04474577 0.03839565 0.0496642 0.05359234 0.05782218 0.05669716 0.03974475 0.04697729 0.05189859 0.04597792 0.05649258 0.09329505 0.123485 0.143316 0.1517352 0.1189149 0.07488529 0.1013889 0.1635309 0.1564533 0.1705198 0.2916619 0.2971787 0.2618038 0.200871 0.1840612 0.1626609 0.1287194 0.1253625 0.1013165 0.1205932 0.1164164 0.1169922 0.1269229 0.1191778 0.06452957 0.070691 0.04568782 0.02602792 0.03374072 0.05894485 0.03756437
0.06481782 0.0311712 0.01894865 0.03726013 0.04624987 0.05799742 0.04204099 0.05044169 0.04993945 0.04409839 0.04704249 0.04102674 0.03692597 0.04413613 0.04587249 0.04121292 0.04398143 0.04475633 0.06730476 0.06307001 0.0393676 0.0338941 0.03744789 0.04423457 0.05978278 0.09015361 0.112583 0.107755 0.1423534 0.1301545 0.06400482 0.06732094 0.1127879 0.1049774 0.1426988 0.2136848 0.1618007 0.1487353 0.1551397 0.206938 0.1756894 0.1417832 0.1236918 0.140489 0.1709693 0.1342308 0.1314503 0.126339 0.09503826 0.04234343 0.05081386 0.03424631 0.01820301 0.02543048 0.06399702 0.0644541
0.0243621 0.02363238 0.03207794 0.04270577 0.07832607 0.06881258 0.05328589 0.07718737 0.06563746 0.05495241 0.04772521 0.04894491 0.0511265 0.05041761 0.05226828 0.04171804 0.04005459 0.04109978 0.05048741 0.04026576 0.04564345 0.04133058 0.03533151 0.04585047 0.07185085 0.07344615 0.08865714 0.07969154 0.07725275 0.09391913 0.07845517 0.07910903 0.08965126 0.1120654 0.1466996 0.1482976 0.2103115 0.1697801 0.2169409 0.2714525 0.1835776 0.1566933 0.1495748 0.211147 0.2072966 0.1739969 0.1392455 0.1154154 0.06364585 0.05771837 0.04733702 0.02255483 0.05110632 0.04714429 0.06896211 0.1016301
0.04214281 0.0563141 0.05028217 0.04326202 0.075296 0.06809016 0.07860447 0.08653078 0.07363466 0.06642105 0.06869259 0.06481349 0.05795179 0.06022548 0.06486668 0.05757263 0.05140764 0.04579555 0.04215826 0.03477112 0.03457213 0.0502781 0.04760452 0.06769281 0.08000619 0.06254333 0.07724616 0.06881792 0.07383078 0.09948571 0.0783228 0.07961585 0.08959101 0.1117743 0.1256824 0.1589816 0.24754 0.2204536 0.1887531 0.198672 0.1822266 0.1685444 0.1661783 0.2576052 0.2714279 0.1713026 0.1459217 0.1093102 0.08504054 0.05386902 0.05690568 0.06259719 0.06335393 0.05985821 0.05495641 0.07391708
0.07195231 0.08685583 0.0756415 0.06374711 0.0771865 0.07578017 0.08302987 0.0829793 0.07093562 0.07360703 0.09783538 0.06860685 0.06298101 0.0735388 0.07609285 0.05983521 0.05769537 0.05872292 0.05419415 0.04038439 0.0384243 0.04500791 0.04875636 0.07472355 0.0573869 0.09193496 0.07424875 0.06929007 0.02663099 0.08273854 0.06021348 0.0752515 0.09435716 0.1064705 0.114862 0.1398115 0.1662245 0.1835538 0.1529625 0.2118573 0.2305813 0.2128737 0.1769963 0.2220576 0.2340104 0.1480791 0.08308364 0.09648164 0.08593757 0.08012542 0.06620739 0.04227305 0.05275783 0.1028622 0.1043065 0.115377
0.08682381 0.09769399 0.06665223 0.06800415 0.08595756 0.09143451 0.08485639 0.08363173 0.08744455 0.09782439 0.09979136 0.07433884 0.06372284 0.06544533 0.07817411 0.05471535 0.04904882 0.0796762 0.06347697 0.04245579 0.04551549 0.03673547 0.042407 0.05716329 0.0592236 0.04957609 0.05808369 0.03990078 0.02736321 0.04641822 0.06955471 0.07616819 0.07941572 0.122191 0.1272839 0.09535675 0.1269998 0.1945196 0.155716 0.2106044 0.286183 0.3277763 0.1607208 0.149948 0.1937435 0.1177077 0.06306329 0.09102131 0.08407833 0.08564185 0.0906912 0.05504198 0.0450998 0.1570323 0.2661542 0.1748848
0.1589862 0.1042097 0.09530541 0.08430262 0.08258429 0.09016437 0.07889184 0.08533733 0.08120412 0.07950088 0.07915159 0.0954009 0.1021123 0.07506794 0.07966454 0.07652358 0.0644414 0.05920609 0.08296425 0.07101693 0.06593743 0.05577662 0.04893391 0.05512588 0.05505734 0.0453956 0.04913979 0.04499703 0.03568666 0.05405809 0.06796804 0.09157433 0.1010946 0.1362202 0.1627313 0.1596602 0.1508021 0.228622 0.1661012 0.2456773 0.3036692 0.3329343 0.1801405 0.1132598 0.1101804 0.1284338 0.1405464 0.08840645 0.07280572 0.06370196 0.09470513 0.0748578 0.07855148 0.1104502 0.1674771 0.1673442
0.1344375 0.124383 0.1102912 0.1191531 0.09895474 0.08984015 0.09060188 0.07576755 0.06413546 0.06613258 0.0680639 0.08998499 0.09424157 0.07848443 0.07292712 0.07198158 0.07361249 0.08441541 0.0960083 0.1022858 0.1430647 0.09709153 0.0547226 0.06048925 0.05457892 0.06305426 0.0656579 0.04860717 0.04759715 0.0638085 0.07454636 0.104653 0.1176582 0.1456258 0.1754679 0.1902095 0.1629689 0.1347632 0.1357878 0.1977631 0.2788262 0.3362786 0.2092129 0.134923 0.1064164 0.1059906 0.08819043 0.08901881 0.08572563 0.07660244 0.09809362 0.1027322 0.08444303 0.09751634 0.1275707 0.1043858
0.09255447 0.1218773 0.1349439 0.1578221 0.1350665 0.09163275 0.09431113 0.09246714 0.07510639 0.06478932 0.06535092 0.06515322 0.08329751 0.07344006 0.08393589 0.0823139 0.08913466 0.09250885 0.1085643 0.1245802 0.1264877 0.09514135 0.0610909 0.0698986 0.06388504 0.08780409 0.07639425 0.05955843 0.07353368 0.07695315 0.08531312 0.11755 0.1347529 0.1603616 0.1905332 0.147113 0.1598215 0.1505377 0.1984651 0.2578722 0.2884002 0.2617388 0.2407908 0.2290129 0.1050577 0.0832682 0.1006734 0.09038584 0.09565683 0.07885542 0.08713322 0.146825 0.08946274 0.09442744 0.1070243 0.1328089
0.1269206 0.1156791 0.1426098 0.1526757 0.1206073 0.1164895 0.1129805 0.1093917 0.07711583 0.0702149 0.06069559 0.06198423 0.07537414 0.07575922 0.09334106 0.08964908 0.09689756 0.1106275 0.1413109 0.1610226 0.128718 0.125106 0.07384692 0.09237737 0.07514183 0.08460086 0.08741151 0.07711798 0.08113151 0.1001561 0.1459482 0.1869745 0.1606189 0.1646173 0.2086792 0.1444904 0.1621391 0.184468 0.2285963 0.2752928 0.305084 0.2648156 0.2551536 0.1957827 0.1032512 0.08362055 0.1113211 0.107621 0.08366736 0.07410418 0.08622365 0.07848559 0.07537685 0.09254254 0.1646859 0.08647014
0.166308 0.1501836 0.1176257 0.1444748 0.1086641 0.1265533 0.12902 0.1056302 0.1116027 0.06418637 0.07133148 0.06676255 0.06626216 0.07534508 0.1038573 0.09337685 0.08106021 0.07850245 0.1096847 0.1305656 0.1194042 0.1303982 0.130196 0.1372767 0.1282886 0.1423926 0.1443988 0.1343861 0.1331312 0.1530443 0.1514352 0.1557554 0.1805916 0.2039805 0.2352959 0.29164 0.2849465 0.2697858 0.2497233 0.261754 0.3201078 0.3155051 0.2431415 0.206339 0.1060405 0.0928422 0.182665 0.1066926 0.09267937 0.08321398 0.1270579 0.1046355 0.08365075 0.1040616 0.09487219 0.05307079
0.1569973 0.1198203 0.1757131 0.162459 0.1187545 0.08252174 0.07281617 0.09354923 0.07295413 0.07902019 0.05112126 0.05681083 0.06725751 0.09629841 0.1072617 0.1128045 0.09994236 0.1095636 0.1054437 0.1187435 0.1245752 0.1211109 0.1348971 0.1754818 0.185413 0.178664 0.1615772 0.1548554 0.1790541 0.1913541 0.1626928 0.1789151 0.1922279 0.2210478 0.2638028 0.3438633 0.3159597 0.2625116 0.2350363 0.2721929 0.3379338 0.2882378 0.2616707 0.1840096 0.1174855 0.07813696 0.07339855 0.07940399 0.1437418 0.1512184 0.135903 0.08224969 0.08068407 0.09641129 0.0780422 0.05752644
0.2094174 0.1745828 0.1589508 0.1297716 0.09091678 0.05673781 0.05665714 0.06796768 0.07426737 0.1074509 0.03982279 0.06679714 0.08673392 0.1109033 0.1384917 0.1084405 0.1142594 0.1066069 0.1178096 0.1337654 0.1500398 0.1521419 0.1592485 0.1835699 0.2095549 0.2090946 0.20141 0.2219798 0.2490921 0.2099642 0.1737113 0.1952598 0.2269423 0.2078102 0.2250558 0.3140245 0.3603913 0.2622102 0.2578865 0.2154641 0.2715871 0.247454 0.1903915 0.1389762 0.1131356 0.07583676 0.1151063 0.1336485 0.2527448 0.1871413 0.184734 0.1503888 0.09800095 0.12827 0.1274252 0.08049333
0.1686882 0.1972545 0.1263798 0.1455804 0.1189474 0.06620947 0.07668338 0.07190108 0.0636284 0.08574283 0.08309964 0.08178742 0.08598485 0.09619433 0.1505833 0.1286871 0.1251569 0.1227532 0.1318536 0.157064 0.1693889 0.1951396 0.1880804 0.2179664 0.2205675 0.242822 0.2281948 0.2319086 0.2630542 0.2586481 0.1894116 0.2203139 0.2194911 0.2218146 0.2223293 0.2493738 0.3087032 0.2734836 0.2664492 0.2431645 0.2037321 0.1962422 0.1699198 0.1039173 0.09349295 0.08752532 0.1329596 0.1114016 0.1701727 0.1761429 0.2029815 0.121984 0.1207561 0.1070026 0.1065979 0.1613114
0.1268359 0.1288875 0.1484215 0.11003 0.1007627 0.08295532 0.06552812 0.0626703 0.07129995 0.07456116 0.130646 0.1096548 0.08783066 0.0894895 0.1095999 0.1292727 0.131292 0.1521871 0.1711557 0.1610118 0.1566982 0.1703628 0.1790048 0.2362148 0.2459711 0.2569572 0.239151 0.2399552 0.2409491 0.2831443 0.2373645 0.1985424 0.2194245 0.2242586 0.2327912 0.2285278 0.3072988 0.3095458 0.2336444 0.2633388 0.2620579 0.2254813 0.134352 0.1153947 0.1368856 0.1070406 0.1010432 0.107347 0.09504417 0.08367257 0.1038529 0.09523412 0.1234979 0.116419 0.1085668 0.1460719
