contrib/geomasonDemos/riftland/DataFiles/RainData/61.txt
ncols         56
nrows         54
xllcorner     28.264
yllcorner     -5.7719999999999
cellsize      0.25
NODATA_value  -9999
[rows 27 to 53 of 54, columns 0 to 55 of 56]
0.04555018 0.05685229 0.057953 0.06163375 0.05835342 0.04453453 0.03613783 0.02552172 0.02041694 0.01960678 0.02133549 0.03014314 0.03051045 0.02571856 0.04203372 0.07268745 0.0686438 0.06170951 0.0494642 0.04563301 0.03998407 0.05640581 0.06371116 0.06196582 0.03821364 0.02593899 0.02572972 0.01969308 0.01839822 0.01993105 0.01901108 0.02780929 0.02843812 0.02965589 0.03003276 0.02583058 0.02819435 0.02580072 0.02368461 0.01765386 0.01602094 0.01412118 0.01140717 0.006619488 0.00566701 0.007699768 0.002751616 0.002358428 0.005180751 0.002250673 0.002271614 0.004126878 0.006350446 0.007739313 0.002471152 0.0003689501
0.1023969 0.1262758 0.08754709 0.06398735 0.04841088 0.04776306 0.02523725 0.0303325 0.02944761 0.03520503 0.03580715 0.0453179 0.04165585 0.03972191 0.04939372 0.0714023 0.07673182 0.09839292 0.07648365 0.04031427 0.04213962 0.0525068 0.05626757 0.04867131 0.03700465 0.03174212 0.03045795 0.02043031 0.01781343 0.02030571 0.02227573 0.03039897 0.03209586 0.03433869 0.03477428 0.02989648 0.03125896 0.02989686 0.02744205 0.02030565 0.01832407 0.01583753 0.01297626 0.007724657 0.01732387 0.01542361 0.01359223 0.01123601 0.00570776 0.003465328 0.002142533 0.005484591 0.003608406 0.005359948 0.004121897 0.000262679
0.1199354 0.1213899 0.08059363 0.06022222 0.03814724 0.03032176 0.0577022 0.03750059 0.0340517 0.04655781 0.03866942 0.04249046 0.03528054 0.04772693 0.05652272 0.07549042 0.08796611 0.08340666 0.07429306 0.05523575 0.0664675 0.05035803 0.05454361 0.04469429 0.04458901 0.0393143 0.03603884 0.02594243 0.02086926 0.02271896 0.024294 0.03304225 0.03524081 0.03704907 0.03782135 0.03217151 0.03365922 0.03210772 0.03567897 0.02325276 0.0191738 0.01650264 0.01374613 0.01325059 0.01708014 0.006320165 0.01064523 0.01493953 0.004239198 0.002757286 0.001636732 0.002680668 0.002309416 0.003833334 0.004821898 0.0001548365
0.1520411 0.1747263 0.094901 0.06239675 0.03651633 0.0220022 0.02112821 0.0347001 0.02167564 0.03165156 0.02878992 0.04226821 0.04511065 0.05772098 0.06665735 0.0787476 0.07251957 0.08643776 0.08848855 0.0772184 0.07503933 0.05797054 0.04842514 0.04340842 0.04226571 0.03673194 0.04938601 0.03639482 0.02712673 0.02429593 0.02555915 0.03589537 0.03732003 0.03754885 0.04048026 0.0353417 0.03541398 0.03037114 0.02745793 0.02033111 0.01848049 0.01590678 0.01456313 0.0137646 0.006856027 0.01298843 0.009328533 0.02423471 0.002802826 0.001584691 0.001499109 0.002599177 0.00220219 0.001730283 0.001168304 0.0001277966
0.2091057 0.1695896 0.1207713 0.1393956 0.09137449 0.06579195 0.0337295 0.06165135 0.03292929 0.0317376 0.0333378 0.03766609 0.04715407 0.0826352 0.07971728 0.08105111 0.1016413 0.08427881 0.09373579 0.08498579 0.07552855 0.04523104 0.04143285 0.03694678 0.04830293 0.04935826 0.0541947 0.04860671 0.03996212 0.0368046 0.03928936 0.03818323 0.03855508 0.04259418 0.04333864 0.03887591 0.05121609 0.03149761 0.02882767 0.0190023 0.01722788 0.01606999 0.01408633 0.005984456 0.005101454 0.008622077 0.01508923 0.02100756 0.001639226 0.001624298 0.001332298 0.002621002 0.002267702 0.001804343 0.001028766 0.0002410702
0.1914448 0.1369456 0.09851936 0.09761817 0.0682413 0.04262908 0.03313875 0.07045341 0.06289808 0.04912144 0.03707458 0.02650703 0.03800506 0.07175028 0.07361342 0.07610662 0.08517276 0.06759409 0.09357802 0.09218687 0.07736626 0.04929177 0.04882393 0.03753493 0.06464238 0.05135544 0.04778799 0.04677853 0.04552799 0.04135807 0.04049126 0.04262874 0.0408505 0.04320249 0.04248357 0.04027657 0.03819549 0.02981975 0.02746346 0.01814344 0.01647374 0.01430469 0.0133306 0.00437743 0.004558044 0.002217464 0.004325178 0.006189043 0.001877201 0.001183393 0.001274509 0.002678419 0.002431486 0.002033149 0.001465363 0.000804491
0.179462 0.1256098 0.08145609 0.07885731 0.02823437 0.03145088 0.05088662 0.04670203 0.05209792 0.0401662 0.04333011 0.03909175 0.04237481 0.0477366 0.04121372 0.06471054 0.08949243 0.07647628 0.09687897 0.09836827 0.05353741 0.05439401 0.03968712 0.04001472 0.04919188 0.05331825 0.06165566 0.05470444 0.06097843 0.04965741 0.04410554 0.04469192 0.05534497 0.04506591 0.03852484 0.03189215 0.02904808 0.02741021 0.02514383 0.01656139 0.01498024 0.01296038 0.01037702 0.00394855 0.002547093 0.004370953 0.006350828 0.01000677 0.001274152 0.000868089 0.000984701 0.002541184 0.002365895 0.002134128 0.001814409 0.001336545
0.1719892 0.1146007 0.08397694 0.07660364 0.05041799 0.04393195 0.05755691 0.05025814 0.03134989 0.02558515 0.04891117 0.04020989 0.07268468 0.05970261 0.06633931 0.07740817 0.1042468 0.121482 0.1105102 0.08517314 0.04132556 0.03904688 0.02794075 0.02919779 0.0550962 0.05984357 0.07170857 0.06093945 0.05730595 0.05357723 0.04734221 0.04580923 0.0621816 0.04052334 0.03332566 0.02707827 0.02597762 0.02429494 0.02188431 0.01428253 0.01270068 0.01087677 0.008721129 0.003313676 0.005238866 0.00370555 0.01134797 0.001023653 0.0007593149 0.000595564 0.0006227716 0.002155095 0.00202759 0.002021053 0.002681541 0.006109056
0.2165888 0.143164 0.1245933 0.06688391 0.06909832 0.06673086 0.04812538 0.04802311 0.0530716 0.02912266 0.03535929 0.03003864 0.05421867 0.05443322 0.05278002 0.0803085 0.1335378 0.1119913 0.1051813 0.07114054 0.0233471 0.0153628 0.02150117 0.03259364 0.06157139 0.06369882 0.0653277 0.07769135 0.04616282 0.05153578 0.05821934 0.0568899 0.05238032 0.03700479 0.02856208 0.02401982 0.02114185 0.01937801 0.01733433 0.009636257 0.008339587 0.007005126 0.009153445 0.003281603 0.002106061 0.001382622 0.009725168 0.001093753 0.00246411 0.000640392 0.000564995 0.001264142 0.001160345 0.001190612 0.00124704 0.001290244
0.2562627 0.1356035 0.1156708 0.1149395 0.08546812 0.06060477 0.05691881 0.06533552 0.05496098 0.03255641 0.04197975 0.03160616 0.04505373 0.05958692 0.05591311 0.09916122 0.123099 0.1304979 0.08928864 0.04514568 0.01709949 0.01233617 0.01309091 0.0256062 0.05125858 0.07820698 0.0695133 0.05575152 0.04533884 0.03806745 0.0528699 0.05504403 0.04960513 0.05105103 0.03292039 0.02136101 0.02126215 0.01627516 0.01494659 0.008053989 0.006419642 0.005246562 0.005494217 0.002455733 0.001587014 0.001056794 0.009723034 0.002501342 0.0006387361 0.00120392 0.000440241 0.001111882 0.0009986961 0.001044571 0.001166669 0.001336439
0.2836289 0.1896209 0.1621003 0.06277616 0.08394749 0.09690967 0.08010075 0.04936606 0.08212271 0.08056781 0.05701977 0.03629365 0.06567959 0.05270788 0.04704172 0.105251 0.07760882 0.1063255 0.07154749 0.03447321 0.02169893 0.01205515 0.03451959 0.05614528 0.06873372 0.06679937 0.06365118 0.05282017 0.03335188 0.03645546 0.04764673 0.04696745 0.04397549 0.04184967 0.03546101 0.0229204 0.02104193 0.0144465 0.01190369 0.006298569 0.004956146 0.0039259 0.00385676 0.001843648 0.001206395 0.000816224 0.0006864946 0.002142067 0.0004998278 0.0003941991 0.000373787 0.0008960034 0.00125505 0.0008957953 0.0009827631 0
0.2602746 0.1781238 0.1440666 0.06061239 0.05421474 0.08384961 0.04795984 0.06460351 0.05876336 0.1011815 0.153457 0.05410572 0.0518284 0.06722461 0.06426372 0.0676899 0.06771556 0.09150162 0.07988916 0.03458842 0.01329955 0.02213039 0.03136033 0.05694843 0.07806788 0.06824367 0.06716454 0.04862041 0.0334731 0.03679864 0.04668511 0.0346868 0.03593408 0.03207311 0.03610448 0.02957442 0.01712284 0.01134015 0.009624584 0.005056317 0.00392698 0.00306377 0.004260495 0.00145836 0.0009701771 0.0006669608 0.0005554832 0.0005280534 0.0003956401 0.0003075065 0.0002636248 0.0004521375 0.00174376 0.0007026822 9.498424e-005 0
0.2383214 0.1780822 0.1313231 0.06835595 0.06369401 0.05618335 0.06508829 0.06325562 0.06912766 0.07900266 0.08620648 0.05766056 0.06772163 0.04482243 0.05895171 0.04847913 0.07137714 0.06420006 0.06444152 0.04302338 0.01401111 0.04497552 0.0548834 0.0499188 0.1141568 0.06401659 0.05132127 0.04744286 0.03918292 0.02459332 0.02885919 0.03783253 0.03825723 0.04544131 0.04563688 0.01784348 0.010872 0.007284739 0.006064625 0.002659806 0.001972888 0.001929132 0.00222023 0.001242216 0.0008469212 0.0005992088 0.0004940334 0.0002781896 0.0002030303 0.001526439 0.0001305053 7.091569e-005 0.0003364623 4.908262e-005 5.19641e-005 0
0.2150365 0.1878786 0.09223031 0.07295936 0.08849031 0.06199621 0.09121662 0.08545389 0.09004148 0.1033131 0.141655 0.08206891 0.08341736 0.0566328 0.05057619 0.07579476 0.0568578 0.0733513 0.06453528 0.04624174 0.03733083 0.04548926 0.03878738 0.061126 0.09715557 0.05986463 0.03874238 0.03972408 0.03653662 0.02198017 0.01321793 0.02377899 0.03123136 0.04376019 0.02592408 0.02076224 0.01344916 0.006021086 0.00498887 0.00183945 0.001251822 0.0008816181 0.002137773 0.0007790578 0.0005671606 0.0004231491 0.0003422083 0.0001870252 0.0001297105 0.0001195438 0.0005988668 4.014977e-005 2.939254e-005 2.850334e-005 3.726135e-005 0
0.2676322 0.1960993 0.1180849 0.07782792 0.09872629 0.07025264 0.0919885 0.1171875 0.117364 0.09640803 0.1053759 0.1199769 0.1070676 0.07291413 0.06095294 0.1281799 0.09536999 0.05645488 0.06296163 0.04571293 0.04998747 0.09536708 0.07571645 0.05952464 0.07484949 0.05503922 0.03856572 0.03757429 0.03463517 0.01919409 0.01765629 0.0186472 0.0228498 0.03062473 0.01231102 0.01027965 0.01197825 0.01287524 0.008048582 0.003787938 0.001147724 0.0009833673 0.001839475 0.0008775578 0.001044684 0.00113926 0.0002610849 0.0001370421 8.774232e-005 0.000689869 4.709908e-005 2.433765e-005 1.727729e-005 1.227608e-005 1.22469e-005 4.032258e-005
0.2703725 0.2115414 0.1505375 0.136556 0.1248012 0.09608424 0.1031776 0.09530553 0.09620588 0.09624238 0.09084357 0.100556 0.09430639 0.07968064 0.1591324 0.172913 0.129913 0.1013771 0.08606738 0.08188581 0.09273337 0.09582637 0.09971439 0.1116801 0.07942153 0.08217775 0.04990748 0.03889102 0.03459806 0.0372374 0.06337132 0.02142332 0.02064018 0.01964055 0.01253751 0.02147461 0.07489269 0.01136457 0.006460556 0.004185202 0.004806864 0.001815291 0.001039753 0.0006220561 0.000446027 0.0003232252 0.00101713 0.0001284501 7.706206e-005 4.811299e-005 4.160745e-005 2.330384e-005 1.896008e-005 1.226147e-005 1.227608e-005 0
0.208694 0.1440696 0.1592143 0.1661566 0.1531605 0.1775371 0.110609 0.1353797 0.1807579 0.1219396 0.1318281 0.1257184 0.1061727 0.1018184 0.1371332 0.1417286 0.1472098 0.1352016 0.1163523 0.1024904 0.1145753 0.1328859 0.1237465 0.127083 0.1165265 0.09804586 0.05680373 0.06458919 0.06206222 0.07162217 0.07077387 0.01376918 0.01472388 0.04044726 0.01500998 0.03135592 0.1823049 0.02380318 0.005077745 0.002809819 0.00189549 0.00160353 0.001732908 0.0007051767 0.000480882 0.0007092259 0.0002522187 7.160036e-005 3.980849e-005 2.310157e-005 2.158844e-005 0 0 0 0 0
0.2035605 0.1420401 0.1225822 0.1296714 0.1381942 0.1553213 0.1472706 0.1517751 0.1707253 0.1596997 0.1379277 0.12577 0.1149971 0.1166303 0.1393568 0.1319871 0.1322877 0.09325866 0.1023069 0.1156399 0.1386955 0.150852 0.1292399 0.124957 0.122783 0.1052474 0.06780493 0.06794393 0.06482153 0.05929282 0.03996771 0.05608097 0.03682554 0.04216133 0.03224858 0.01174494 0.02574685 0.02044867 0.01421431 0.004869502 0.002716505 0.002736844 0.001196902 0.0007578068 0.0004941092 0.0003215354 0.0002417582 6.643747e-005 3.345593e-005 1.736029e-005 1.82653e-005 0 0 0 0 0
0.2588646 0.1726032 0.1656904 0.1952232 0.1489863 0.1547643 0.1438951 0.1454609 0.1430391 0.1662619 0.1761792 0.1714948 0.1420753 0.1409863 0.1299666 0.1533086 0.1089435 0.09825729 0.09538293 0.09873563 0.1210244 0.09979894 0.1131378 0.08047795 0.06968844 0.05493859 0.03116935 0.04298912 0.03753333 0.0548144 0.07630521 0.05739285 0.03475191 0.03746084 0.03761989 0.02065147 0.02312983 0.02126894 0.016075 0.01256174 0.008429544 0.003857767 0.001459053 0.0009213341 0.0005971745 0.0003895966 0.0003032214 0.0003416029 6.777893e-005 1.344463e-005 1.343213e-005 0 0 0 0 4.032258e-005
0.3020766 0.2041368 0.1511425 0.1408574 0.1593379 0.1944833 0.1869613 0.1907152 0.1606105 0.156745 0.1722267 0.1831654 0.2171477 0.1452284 0.1847731 0.1733314 0.1673893 0.1110535 0.118491 0.1376703 0.1450957 0.1260198 0.1123783 0.0743604 0.06143917 0.0662457 0.03096692 0.06134721 0.07053488 0.06173421 0.04979067 0.05466171 0.02773704 0.02894956 0.02886118 0.02171985 0.02198147 0.02289449 0.02411603 0.01716647 0.0116883 0.008902275 0.006893089 0.005773991 0.0008014825 0.0005337989 0.0004366924 0.0001388879 9.839286e-005 1.344463e-005 1.344463e-005 0 0 0 0 0
0.2244426 0.1797154 0.1548702 0.1271063 0.1204545 0.191728 0.2364416 0.2433582 0.2004954 0.2332077 0.2564132 0.2083081 0.2074006 0.1728469 0.1605004 0.2048756 0.1771997 0.1514568 0.1300662 0.1348974 0.150202 0.1585077 0.1421842 0.0716638 0.08039043 0.07856496 0.06778371 0.09563205 0.05708398 0.04516033 0.04819271 0.0435638 0.04065971 0.02921303 0.02510888 0.0257332 0.0313694 0.02211645 0.03475771 0.03695435 0.02138088 0.004370808 0.007079876 0.004089576 0.0008470597 0.0005857993 0.0004908944 0.0002419355 0 0 0 0 0.0002016129 0 0 0
0.2303591 0.1939567 0.1786716 0.1714112 0.1539193 0.2040547 0.225719 0.27066 0.263717 0.2563069 0.3191063 0.2351934 0.1992474 0.1957492 0.2123453 0.2328073 0.1744291 0.1479335 0.1444699 0.1289192 0.1624346 0.2132834 0.1503853 0.08391988 0.1250583 0.1174968 0.07341196 0.07630882 0.05111066 0.05119076 0.05289415 0.05821392 0.04457591 0.0566971 0.02540507 0.02126089 0.01525576 0.02235145 0.03543071 0.02446165 0.01633847 0.006157122 0.002583213 0.001855994 0.001009222 0.001703796 0.0008272501 0.0002419355 4.032258e-005 0 0 0 0.0004032258 0.001209677 0.003145161 0
0.25245 0.1725466 0.1952131 0.1970908 0.2322946 0.2309144 0.2204066 0.2535509 0.2968052 0.308737 0.3059945 0.2549556 0.2554434 0.2305134 0.2387226 0.2347116 0.232345 0.1774419 0.154148 0.1572605 0.1967435 0.1590699 0.1301533 0.1368453 0.1491051 0.1412709 0.09563141 0.06572405 0.05561937 0.05819925 0.06063322 0.06828764 0.05837923 0.0803738 0.04165131 0.02282504 0.01860746 0.02772755 0.04207322 0.04295117 0.02175264 0.0149681 0.003696096 0.002069084 0.002214455 0.002389142 0.001390014 0 0.0008870967 0 0 0 0.001693548 0.003145161 0.001975806 0
0.2733708 0.1881828 0.1659333 0.2326253 0.2344625 0.2422697 0.1834503 0.2418151 0.2720825 0.2413804 0.2791037 0.2260656 0.2591209 0.292604 0.2692721 0.2558196 0.2735227 0.2358745 0.1733295 0.1447524 0.1732804 0.1505054 0.116478 0.2049889 0.1887886 0.1531976 0.174342 0.102065 0.1023879 0.1289376 0.08906045 0.07916491 0.0745455 0.06941069 0.056876 0.04130157 0.02677668 0.02094387 0.01914246 0.02029517 0.01914769 0.005313817 0.004267879 0.002964577 0.001991675 0.00153281 0.001589001 0 0.0008870967 0 0 0 0.0004032258 0.0025 0.0006048387 0
0.2462033 0.203542 0.2227726 0.2503931 0.1774855 0.2182263 0.2543037 0.264096 0.2558402 0.2394454 0.2863673 0.2561079 0.3116773 0.3455452 0.290272 0.2481881 0.266738 0.2492632 0.2693382 0.1736539 0.1879664 0.1818996 0.1324657 0.1783544 0.1983025 0.1734307 0.173152 0.1620035 0.1518074 0.1179165 0.107095 0.1061333 0.09634192 0.09543116 0.07993185 0.06491845 0.05723383 0.06708362 0.01987025 0.02161072 0.01506239 0.01057065 0.007632021 0.004099611 0.00274982 0.002050328 0.002003465 0 0 0 0 0 0 0 0 0
0.2615407 0.2320167 0.1777998 0.2220614 0.1971029 0.2106465 0.2240189 0.2718965 0.276719 0.2705137 0.3086297 0.2588268 0.3098118 0.325857 0.3234692 0.3073523 0.2730261 0.2553896 0.2242336 0.1943277 0.1860519 0.2117669 0.2165724 0.1816771 0.1757121 0.203294 0.1808513 0.1926532 0.1745249 0.1307828 0.1315547 0.1247768 0.126662 0.1182075 0.1112981 0.09272666 0.1048005 0.1036664 0.06022337 0.0355436 0.02008035 0.01178057 0.009762598 0.005001701 0.003372195 0.002461117 0.008204852 0 0 0 0 0 0 0 0 0
0.2571093 0.3035263 0.1924894 0.2439449 0.175349 0.1740084 0.1678173 0.2147032 0.3135159 0.3043602 0.3290709 0.2754193 0.2673959 0.2881697 0.3342847 0.367074 0.3520662 0.2976609 0.2532065 0.2547555 0.2306769 0.2492834 0.2702233 0.2177563 0.1656242 0.1973605 0.2285213 0.2108918 0.2300897 0.1839689 0.1461495 0.1583284 0.1577718 0.1330693 0.1377303 0.1418837 0.1376224 0.09929897 0.05268766 0.03501135 0.02125817 0.01396217 0.01126027 0.006150452 0.004349744 0.003679003 0.004167134 0 0 0 0 0 0 0 0 0
