contrib/geomasonDemos/riftland/DataFiles/RainData/61.txt
ncols         56
nrows         54
xllcorner     28.264
yllcorner     -5.7719999999999
cellsize      0.25
NODATA_value  -9999
[rows 0 to 26 of 54, columns 0 to 55 of 56]
0.001176183 0.0008093566 0.0006865218 0.0004247229 0.0003168992 0.0002943579 0.01137072 0.01801407 0.0001429679 0.0001338671 0.0001338697 0.0001478824 0.0001485579 0.0001478012 0.0001428687 0.0001823077 0.0001770714 0.0001680834 0.003834964 0.01194244 0.0125493 0.003039253 0.0008480382 0.002509089 0.003052021 0.002448069 0.005513935 0.004890193 0.01019835 0.008542647 0.009889163 0.01573829 0.01239087 0.01400317 0.02301071 0.03388821 0.04370985 0.03696408 0.06372084 0.03495776 0.01264952 0.02408069 0.003095165 0.01094311 0.05427262 0.02150907 0.007228537 0.003734905 0.0005329663 0.004520804 0.001362345 0.00743883 0.02268298 0.004398994 0.001113631 0.0004462994
0.001164628 0.0009217451 0.0007937795 0.0005073767 0.0003973299 0.0003280728 0.02324879 0.02935797 0.0001896151 0.0005335038 0.0001755495 0.001475318 0.001054645 0.0002575018 0.0001867779 0.002508263 0.0005110478 0.0002208134 0.006580542 0.00737163 0.01248616 0.01418782 0.01759284 0.007291456 0.004774777 0.005152952 0.02218721 0.01214765 0.01446724 0.00984263 0.01252634 0.01668022 0.02284374 0.03354087 0.06024653 0.08355692 0.05977583 0.03647177 0.03065691 0.02091895 0.01213562 0.01706151 0.01480788 0.02263632 0.02446593 0.01156358 0.005240364 0.004152963 0.0005164031 0.006830143 0.001680121 0.01048651 0.004826682 0.007755482 0.0006550194 0.0004250148
0.001205157 0.0009814014 0.0008672122 0.0005765016 0.0004839135 0.0004158166 0.00037979 0.0002742264 0.0008891476 0.0008337727 0.001106141 0.002958427 0.001932823 0.0002387816 0.0002568113 0.0003218495 0.000581315 0.0002857497 0.004914471 0.01616911 0.02583183 0.01361519 0.01728366 0.008937503 0.001985047 0.00305165 0.006442097 0.01111299 0.008633687 0.01191256 0.01166289 0.01932093 0.02192916 0.03475702 0.06018746 0.06229942 0.04815632 0.03532223 0.02904493 0.02176453 0.02482494 0.04479939 0.07177094 0.05311709 0.04122526 0.01210578 0.01846079 0.008538581 0.004814362 0.01772984 0.0004879562 0.0006910576 0.0006773316 0.0006460319 0.0009633094 0.0003822024
0.03073811 0.01291492 0.01265823 0.0005893637 0.0005170061 0.001261859 0.0008252641 0.003307541 0.002770618 0.0002080159 0.0002045314 0.002113507 0.002164848 0.001948764 0.001566175 0.0004055256 0.0003991827 0.00198119 0.003088078 0.01262489 0.01431436 0.008926955 0.002504935 0.002249139 0.002651483 0.01186051 0.02446815 0.02413048 0.008326598 0.01671164 0.0158702 0.01787443 0.0202929 0.02298148 0.03673064 0.04341761 0.03697967 0.03886408 0.02808404 0.03140448 0.04106844 0.05647454 0.0604961 0.06183123 0.03835675 0.03523961 0.08582825 0.007626506 0.02019981 0.009356333 0.0007050377 0.0007915728 0.0007592496 0.0007146714 0.0009529982 0.001944852
0.04677827 0.02161824 0.01204786 0.0006474557 0.0005884369 0.001254022 0.001067694 0.002421727 0.0006689117 0.0002434522 0.0009768755 0.001285985 0.0002406232 0.001063867 0.001528901 0.002643605 0.003045097 0.004124096 0.004288903 0.01450169 0.0133804 0.01847631 0.01824789 0.01242011 0.02552764 0.01878252 0.02794179 0.0150659 0.007171211 0.01840722 0.01370489 0.02218863 0.02075755 0.01332995 0.02630884 0.03345186 0.03679859 0.03460669 0.01674797 0.02259922 0.05144535 0.05586663 0.05835057 0.05133379 0.02852515 0.02815656 0.03835816 0.01594208 0.00992142 0.001410373 0.0006521593 0.0007121799 0.0006589348 0.0008876498 0.001330218 0.0004582409
0.08300491 0.01445536 0.0007496892 0.000717886 0.0006254083 0.001668913 0.002006103 0.0006704399 0.0002857547 0.002027537 0.002089242 0.001094682 0.002259763 0.0003222965 0.001474758 0.003223825 0.003917255 0.01803685 0.01039377 0.003112933 0.009633281 0.007370959 0.008494071 0.01253678 0.01359755 0.01416591 0.02013106 0.01435999 0.008735244 0.02594476 0.03339731 0.02870186 0.02899435 0.02952331 0.02327655 0.02465753 0.02460701 0.01016452 0.006760604 0.0103323 0.03254489 0.02513066 0.01945079 0.02636479 0.01352781 0.009572863 0.02086263 0.02210889 0.001416101 0.004433619 0.0006235825 0.01054462 0.0008477976 0.0005380606 0.0007693456 0.0004056025
0.009699824 0.06932036 0.02419749 0.0006840067 0.0006344558 0.000588017 0.001771258 0.0003269604 0.001100417 0.003704126 0.0003014118 0.0002832438 0.001965838 0.005457823 0.004901935 0.005379582 0.009617672 0.01341663 0.007557638 0.002957751 0.004605634 0.0003782168 0.0007509094 0.005915829 0.01357605 0.01860348 0.02186662 0.01294688 0.009027507 0.01421146 0.03396169 0.0228132 0.0315012 0.06951463 0.02130411 0.01219259 0.01168756 0.01281408 0.007447696 0.02008215 0.01463133 0.01117628 0.008474452 0.007986385 0.01645677 0.01031649 0.02237279 0.01353345 0.00795301 0.003221419 0.0006187639 0.0006374859 0.0005540641 0.0004934624 0.01062553 0.0008774492
0.07154357 0.08844176 0.01777037 0.003092668 0.0004221426 0.0003936478 0.001476231 0.005157173 0.0059424 0.006749346 0.0045389 0.005883569 0.009133008 0.01121625 0.01068644 0.01262487 0.0133466 0.01153495 0.01406821 0.01124981 0.01599112 0.008067007 0.01449368 0.01653734 0.01531013 0.02832054 0.01819551 0.01454725 0.01268456 0.01464492 0.0275519 0.01464541 0.01484846 0.0366235 0.017432 0.01312298 0.01177662 0.01969054 0.02051477 0.01870579 0.02070887 0.01955213 0.009252399 0.01716096 0.01864407 0.01501741 0.01585573 0.00742366 0.004175371 0.0004340741 0.0003846225 0.006654003 0.0001662937 0.000143861 0.0006585952 0.0006154062
0.03572405 0.09146509 0.02469464 0.002800294 0.0004279566 0.0004052036 0.0006062165 0.005195558 0.004974482 0.005418133 0.006438369 0.008143694 0.006662374 0.005231248 0.004878668 0.01047147 0.007056438 0.005822873 0.01532907 0.01658377 0.01442893 0.01525589 0.02554549 0.01851909 0.01351925 0.01383678 0.01028892 0.01623615 0.0275901 0.02742163 0.03354606 0.02041919 0.01069438 0.02557233 0.03234223 0.01519188 0.01210457 0.01525242 0.01957734 0.01621438 0.01985993 0.01597542 0.01563477 0.01873013 0.01149428 0.01466473 0.01082248 0.01700691 0.009982141 0.0004385579 0.0003816073 0.000191532 0.0001549726 0.0001298016 0.0004136997 0.00191671
0.03974097 0.03900899 0.03323049 0.006270041 0.004430834 0.001975151 0.0003900306 0.005311223 0.005883463 0.007398759 0.005175469 0.005747617 0.005825708 0.00503226 0.005012054 0.01090058 0.01031483 0.01187811 0.01655238 0.01039533 0.01667155 0.01905916 0.02868297 0.02645988 0.01526155 0.004236527 0.008337229 0.01401129 0.01543022 0.01331878 0.01451765 0.009940364 0.01036658 0.009393563 0.01290396 0.01533206 0.01120739 0.006414133 0.008251077 0.02340078 0.01673477 0.02648168 0.02296301 0.01687589 0.01749739 0.01298644 0.00949811 0.005317514 0.002164178 0.004848282 0.0003833819 0.0001899318 0.0001504903 0.0001230263 0.0001098458 0.0001463253
0.04979941 0.02357418 0.0454026 0.02361453 0.006513518 0.003008323 0.001021993 0.006139247 0.007080794 0.008578943 0.00546318 0.006292229 0.007806571 0.005105826 0.005351072 0.01104018 0.01134938 0.01004964 0.01069575 0.01214772 0.01530292 0.006934901 0.01036452 0.00986683 0.0139103 0.01646894 0.01199755 0.006442527 0.008349386 0.008874387 0.004609014 0.004021457 0.01337369 0.02145709 0.0257154 0.02250171 0.02382095 0.02082786 0.02019635 0.02257552 0.01574818 0.01253675 0.01999536 0.01810424 0.01858247 0.02534108 0.01089829 0.004606309 0.001351534 0.003946308 0.002751165 0.0002357273 0.0002447046 0.0001249486 0.0001110464 9.970985e-005
0.06225577 0.02328323 0.03350928 0.02639639 0.007751139 0.00244092 0.001124572 0.006065 0.006309571 0.005931318 0.005374718 0.005642932 0.0072279 0.005405976 0.0044328 0.008449964 0.007140254 0.005421842 0.004809492 0.001960712 0.007145748 0.020978 0.01624993 0.01243078 0.01209336 0.007283082 0.00526304 0.001754361 0.005491883 0.002221579 0.004688395 0.006114853 0.0113646 0.02013743 0.02250701 0.04565706 0.06159981 0.03828184 0.04551282 0.03737481 0.03036273 0.03307609 0.03841528 0.03294145 0.01885835 0.01576868 0.02157509 0.0154279 0.008184762 0.007010397 0.008159109 0.003329132 0.002416237 0.001971605 0.001752084 0.001554393
0.02905634 0.02106184 0.02306139 0.01141782 0.006568452 0.007428857 0.002349312 0.005929599 0.005524357 0.006424777 0.006194043 0.006912499 0.005374806 0.004529362 0.005178262 0.006437177 0.005965869 0.004261645 0.003996438 0.0003807084 0.005725032 0.01841605 0.03991295 0.01702436 0.007695329 0.0006827303 0.00335191 0 0.003226796 0 0.00146136 0.004353917 0.008250238 0.01535085 0.01323858 0.03204696 0.03003488 0.02421749 0.02027934 0.02579231 0.02971752 0.03758296 0.03262122 0.02543814 0.01484169 0.01330296 0.03049784 0.02636597 0.01204574 0.007087734 0.006851508 0.003126165 0.002462905 0.002004082 0.001767099 0.001485332
0.01429307 0.02648566 0.01937313 0.009710405 0.01068199 0.00489495 0.001463014 0.00585005 0.005256778 0.00620006 0.007859129 0.008058179 0.009299885 0.008056366 0.007732886 0.00929289 0.006984839 0.007082064 0.009860221 0.009979638 0.01829545 0.01434662 0.06127878 0.006319449 0.005250456 0.0006226622 0.0004414401 0.001427714 0 0.001572217 0.00483191 0.0009688849 0.003643855 0.00896341 0.01243053 0.02595047 0.03544775 0.04567966 0.01764196 0.0101048 0.01570567 0.02935004 0.01715573 0.02023388 0.02119711 0.01878373 0.01844691 0.01201262 0.008223282 0.007533282 0.006181987 0.003110305 0.002447466 0.001988315 0.001764759 0.001484478
0.03537679 0.03723118 0.03258794 0.01420711 0.008871857 0.003419231 0.004677969 0.005839579 0.006746097 0.007205772 0.007933069 0.01230808 0.01606084 0.009927735 0.03154005 0.006176027 0.009403409 0.00834415 0.06933323 0.09023792 0.04845355 0.01249853 0.03988064 0.01261043 0.008260647 0.00354625 0.0004207985 0 0 0 0 0.002145779 0.006466434 0.004011432 0.01071836 0.02926913 0.02488679 0.02192885 0.01274356 0.01292711 0.01291397 0.02602233 0.02106374 0.02694601 0.0227455 0.0199018 0.0090695 0.01062242 0.008742082 0.007105878 0.005895704 0.003026993 0.002408136 0.001932396 0.001733393 0.001523307
0.02798173 0.01645962 0.009957297 0.01067987 0.004151959 0.003019447 0.01026762 0.009075204 0.00762647 0.007199742 0.01042606 0.01247482 0.01173189 0.01220111 0.01811709 0.01124569 0.008488253 0.01857904 0.05275594 0.01912949 0.04031364 0.002482526 0.001660066 0.001440149 0.000698464 0.0006869434 0.0002983276 2.830455e-006 9.658673e-007 1.779153e-006 5.25424e-006 0.002401097 0.004614739 0.004212794 0.007909955 0.02143677 0.01988078 0.0145898 0.007250838 0.01419795 0.01877431 0.02103361 0.02325196 0.03882441 0.02806892 0.02610276 0.0203737 0.01280458 0.008123394 0.006890229 0.005886506 0.002886759 0.002258397 0.001845051 0.001673996 0.001600066
0.03512274 0.01638473 0.009227375 0.007580016 0.00349228 0.01150659 0.01266416 0.01860623 0.008916151 0.009362939 0.008476297 0.02857794 0.01232312 0.01258688 0.01050266 0.006093626 0.009311653 0.02470271 0.04091956 0.02818831 0.01171841 0.01178372 0.002087583 0.0009036786 0.0009019999 0.0003800886 0.0002732463 2.691282e-006 9.271344e-007 1.605978e-006 4.714065e-006 0.0009104608 0.001260004 0.001936523 0.002910013 0.00452115 0.007764262 0.01224714 0.006291438 0.01166565 0.01428429 0.02684718 0.03393905 0.03468485 0.02767146 0.03407524 0.03016994 0.01350502 0.008466075 0.006709727 0.005730102 0.002799662 0.002177934 0.001789076 0.001640316 0.001591578
0.02644924 0.01604849 0.004362583 0.002489379 0.006319152 0.01360436 0.02337308 0.02536285 0.01292109 0.01054128 0.01166712 0.01885829 0.01159447 0.009555351 0.008432072 0.01447808 0.01296939 0.03311966 0.03634701 0.04461213 0.0287981 0.00855027 0.004995781 0.002910634 0.001005213 0.0006605014 0.0004882682 5.996518e-006 3.972428e-006 4.171578e-006 6.639398e-006 0.001051716 0.001327899 0.001897907 0.002735293 0.003334322 0.004063692 0.004896175 0.00578504 0.01070859 0.01217621 0.01426599 0.03040846 0.05977127 0.0452667 0.0495062 0.05603925 0.03118185 0.02488535 0.01463029 0.00533877 0.002616951 0.002043299 0.001688048 0.001573823 0.001554564
0.03351998 0.02899145 0.01228255 0.01606745 0.01107109 0.02284326 0.03251264 0.02456373 0.01426755 0.01013518 0.008152652 0.03539906 0.0154116 0.01065094 0.008360143 0.01719055 0.03414848 0.06483397 0.07680388 0.0465058 0.03948598 0.007560997 0.006285321 0.001610661 0.00130196 0.00248505 0.001580559 2.419925e-005 1.007284e-005 9.444833e-006 1.100198e-005 0.001438279 0.001628359 0.002022093 0.002680251 0.003123979 0.003693822 0.004377014 0.005150217 0.009496803 0.01077214 0.01455413 0.02431 0.02860649 0.03174579 0.03982786 0.0409985 0.03919547 0.03035637 0.01761877 0.004712624 0.01667552 0.02501496 0.001555352 0.001468946 0.001478559
0.01788593 0.04537217 0.01311873 0.02806083 0.02551732 0.02195808 0.0347425 0.02890733 0.01480861 0.01606811 0.009477995 0.00976326 0.04771314 0.01595904 0.02054273 0.01226141 0.01532194 0.02194182 0.02884464 0.03026814 0.01753894 0.008197612 0.0009941169 0.005104641 0.004382906 0.003808311 0.003345642 0.002527839 0.00212213 0.001936803 0.00201602 0.002242171 0.002322433 0.00264994 0.003237233 0.002333202 0.002811864 0.003115908 0.003649547 0.007185208 0.00808794 0.008560921 0.01625285 0.01951148 0.01133277 0.01942024 0.01782262 0.01629488 0.01308682 0.009073288 0.00439993 0.003003831 0.002412636 0.002082072 0.002004521 0.003344352
0.0176025 0.04136655 0.02962024 0.03436685 0.03058366 0.03077189 0.02044041 0.02962189 0.01569714 0.01203968 0.006677091 0.004116254 0.01166006 0.01830123 0.01481958 0.008111276 0.0126311 0.0138754 0.01162971 0.01278293 0.02837669 0.01676307 0.01329548 0.009170315 0.007168283 0.007864589 0.004356699 0.003405383 0.002891449 0.002612674 0.002569017 0.002707276 0.002658957 0.002808567 0.003163132 0.002167553 0.003162052 0.002681093 0.003120536 0.006096689 0.006825314 0.00721561 0.007248819 0.007713845 0.00773884 0.007363855 0.006497545 0.007401635 0.005687714 0.01956875 0.007647101 0.006894245 0.002399306 0.008040352 0.01482117 0.008250047
0.04323828 0.06176759 0.03691774 0.03923568 0.04243568 0.03932787 0.02237194 0.01809305 0.01221125 0.01151081 0.006972491 0.0050951 0.002979134 0.007696775 0.008752126 0.01012894 0.01357735 0.02057477 0.0181932 0.03341712 0.05937285 0.03528141 0.04331438 0.02076082 0.01424696 0.007260162 0.005859961 0.004710869 0.004006797 0.003681645 0.003607424 0.003782252 0.00370502 0.003754139 0.003993183 0.002574753 0.002703181 0.002948982 0.003177929 0.005954178 0.006415662 0.006616677 0.006487376 0.006739288 0.006619635 0.006180815 0.005440894 0.004974523 0.005105844 0.02194828 0.02027134 0.00391471 0.002206894 0.002593303 0.0144305 0.01158287
0.05691544 0.1258695 0.04715847 0.05355831 0.04649808 0.03921241 0.02741352 0.03159937 0.02618361 0.009877186 0.004925757 0.01076214 0.008644401 0.01517237 0.008955503 0.01662437 0.0172256 0.02917453 0.04177571 0.03983712 0.05955624 0.03375391 0.03114588 0.0268732 0.02052334 0.01497995 0.009926339 0.006212556 0.00594259 0.005300221 0.005050679 0.005488842 0.005368128 0.005451054 0.005675775 0.003571143 0.003681589 0.003780995 0.003846418 0.006793282 0.00690175 0.006780745 0.006352004 0.00628758 0.005846915 0.005296067 0.004604539 0.004855015 0.003792604 0.003275675 0.002659976 0.002372701 0.002106931 0.006720951 0.00682397 0.001265786
0.06943435 0.1012954 0.07790737 0.07298746 0.06170964 0.03159835 0.02958492 0.03866945 0.02877167 0.007517388 0.00153826 0.007385646 0.01878562 0.02033002 0.01641568 0.0314518 0.01945852 0.02104441 0.007125165 0.03003864 0.04174621 0.0303289 0.0250751 0.03351269 0.02867177 0.01822051 0.01361862 0.01149277 0.01041916 0.009883863 0.009379965 0.01073255 0.01072635 0.01087308 0.01118962 0.008492691 0.008549397 0.008517194 0.008291257 0.007710755 0.007494326 0.007044497 0.006320032 0.003165252 0.002753557 0.002385042 0.002043474 0.001972261 0.001374183 0.0009374588 0.001994371 0.00365963 0.001807568 0.002178415 0.001205938 0.006743676
0.07252758 0.1129428 0.09116618 0.0612751 0.0716661 0.04546569 0.0319849 0.05271079 0.01310692 0.003277073 0.003138142 0.009715479 0.01758882 0.02094486 0.02439545 0.02092273 0.01302154 0.01052292 0.01240794 0.02269625 0.01273127 0.008607462 0.02375918 0.03882865 0.02926393 0.02079919 0.01686842 0.01604457 0.01652192 0.01321106 0.01206914 0.0131923 0.01321736 0.01339579 0.01367661 0.01006736 0.01026273 0.01004134 0.009491667 0.008513135 0.00795852 0.007193909 0.006173097 0.002907319 0.002321056 0.001872595 0.00157241 0.0009721217 0.0008183873 0.00103565 0.005095391 0.006344172 0.001712543 0.001902549 0.001152857 0.0001314717
0.05094512 0.03249722 0.05094993 0.03656599 0.04396737 0.02961885 0.03460897 0.03032347 0.009996505 0.001975761 0.005002882 0.01593771 0.02248866 0.02742601 0.02725784 0.04183635 0.04152369 0.02240523 0.01887196 0.02746525 0.02771585 0.02348785 0.03906222 0.02920727 0.03177022 0.03349164 0.02196019 0.01991774 0.04018177 0.03453858 0.01793376 0.01621148 0.01634925 0.01684625 0.01694572 0.01244223 0.01268406 0.01231405 0.01145693 0.01006762 0.009234508 0.008160925 0.006777345 0.003047528 0.002664843 0.002139942 0.002503928 0.00283339 0.002890303 0.00552472 0.0117069 0.00772704 0.001733763 0.005331489 0.005262551 0.0001199535
0.04919221 0.06749023 0.04094823 0.03773059 0.05818519 0.03232205 0.03919246 0.0206981 0.003434533 0.004620405 0.005327178 0.02248636 0.02314178 0.01891609 0.02592461 0.0457124 0.07085188 0.05212386 0.02751435 0.03209351 0.0420158 0.04929826 0.08134757 0.05026233 0.03203721 0.0335139 0.02253593 0.02176437 0.03802798 0.04125316 0.02042897 0.01925352 0.02458379 0.0221174 0.0209797 0.0154065 0.01874738 0.01528217 0.0141558 0.01237588 0.01125246 0.009817291 0.008129981 0.003746738 0.002563331 0.004579687 0.002713888 0.002968013 0.008562415 0.006083614 0.006133367 0.003785934 0.004217925 0.001732955 0.00398503 0.0002474858
