contrib/geomasonDemos/riftland/DataFiles/RainData/68.txt
ncols         56
nrows         54
xllcorner     28.264
yllcorner     -5.7719999999999
cellsize      0.25
NODATA_value  -9999
[rows 25 to 49 of 54, columns 0 to 55 of 56]
0.1821978 0.1702148 0.1711761 0.195348 0.1356099 0.1354659 0.132747 0.134222 0.1105341 0.1356287 0.1046027 0.08006171 0.1650324 0.1732782 0.2185802 0.1828627 0.168246 0.1095312 0.1268523 0.1480387 0.1591825 0.1774933 0.1491282 0.1700643 0.2066401 0.2260256 0.2219503 0.2181744 0.2190623 0.2193841 0.1984846 0.1790515 0.1478948 0.1445862 0.1266122 0.08084024 0.0495235 0.01735112 0.01502887 0.01407643 0.01138359 0.009259191 0.007819613 0.003921497 0.004019717 0.004866964 0.006373908 0.007375321 0.00648792 0.006245451 0.006261024 0.006309101 0.006113518 0.005727602 0.006668461 0.005888303
0.1749353 0.1558791 0.1623481 0.1511508 0.1469833 0.1485405 0.2058449 0.1737082 0.1812138 0.1270254 0.09151264 0.1171021 0.1768969 0.18672 0.2296014 0.19884 0.1527598 0.1342843 0.1050781 0.1298493 0.1449247 0.1806502 0.1947195 0.2294957 0.2024447 0.2023263 0.2344369 0.2710145 0.2769608 0.2820359 0.3059022 0.2456131 0.2195214 0.199348 0.1637148 0.08942401 0.05312956 0.03428921 0.01599727 0.01488584 0.01183669 0.009562725 0.008090955 0.004287282 0.005237584 0.005997417 0.007553121 0.007535698 0.007516636 0.00730269 0.007316662 0.01465832 0.008527506 0.007219052 0.009986197 0.006647235
0.2241006 0.1852174 0.1388341 0.1342603 0.1473647 0.1784644 0.162991 0.134051 0.1115336 0.08549202 0.1432093 0.1612866 0.1580924 0.1794111 0.1855166 0.1887941 0.1564279 0.1784439 0.1589795 0.166969 0.1720074 0.1955112 0.1494528 0.2129139 0.2299619 0.2493843 0.2468544 0.2943656 0.3166089 0.3645552 0.3664795 0.3359552 0.2804029 0.1984156 0.1324372 0.09019871 0.04561266 0.02103561 0.01793373 0.01542701 0.01209066 0.0103133 0.008233177 0.007525039 0.007825529 0.008864758 0.008138504 0.008341586 0.008098643 0.007835652 0.007856377 0.01066071 0.01197063 0.01387375 0.01040702 0.007424294
0.2211996 0.21057 0.1232512 0.1093624 0.1423738 0.2086764 0.172209 0.1301913 0.1048376 0.1596745 0.2694355 0.2035318 0.1918867 0.1558771 0.1312965 0.09806181 0.1283732 0.1382306 0.2330161 0.2459533 0.231906 0.2046963 0.1401427 0.2363468 0.2942609 0.3637597 0.3274954 0.3273544 0.3503734 0.3903456 0.3823381 0.3832272 0.3385674 0.2041494 0.1277743 0.102693 0.04845221 0.03191972 0.04000779 0.01619821 0.01253097 0.009978009 0.00861613 0.008323922 0.008769268 0.008546497 0.009718953 0.009069366 0.009042877 0.008736874 0.008719421 0.01285766 0.02166296 0.01854653 0.01537641 0.008182735
0.2134679 0.1811838 0.1369752 0.1297249 0.1290208 0.1431329 0.1374204 0.1276032 0.1337046 0.1849623 0.2612343 0.1940016 0.1757683 0.1387899 0.09268299 0.1354899 0.104054 0.07294823 0.1234983 0.1854813 0.1760396 0.1703134 0.1860013 0.2692343 0.3573308 0.4304055 0.3918564 0.3588212 0.362616 0.384607 0.353755 0.3333117 0.293252 0.2028113 0.1621809 0.09640272 0.06299561 0.0425581 0.03199447 0.01671308 0.01283743 0.01019792 0.009103242 0.008803968 0.008595145 0.008634315 0.009694102 0.009650541 0.009536646 0.009561318 0.009523083 0.01030176 0.01197314 0.01122552 0.01179415 0.008854472
0.2059332 0.2028674 0.1411194 0.1447577 0.09893621 0.08876584 0.1035416 0.1063796 0.1217856 0.104736 0.142075 0.1421765 0.1121673 0.1140186 0.09536768 0.06782911 0.07711522 0.08022369 0.08761387 0.1184544 0.115933 0.1105269 0.1467387 0.2371968 0.3856845 0.4195993 0.3251096 0.3346556 0.3607298 0.3636453 0.3289525 0.3214705 0.2857017 0.2276108 0.1813451 0.1242842 0.07254578 0.0545938 0.02464373 0.01690723 0.01301255 0.01043553 0.009612334 0.009252834 0.008995621 0.009059451 0.009839849 0.0103309 0.01035227 0.01030383 0.01076015 0.01147879 0.01094404 0.01070372 0.01060221 0.01125427
0.2012278 0.2046269 0.1461027 0.09723959 0.07025505 0.05761324 0.06710471 0.08739024 0.09004278 0.06566817 0.09260346 0.08497366 0.1006133 0.09926365 0.05823398 0.05781028 0.09289653 0.1025751 0.09203135 0.1227039 0.130067 0.1261674 0.1580236 0.1863991 0.2543163 0.3143472 0.3041263 0.2833564 0.2959766 0.3326154 0.2838329 0.2497248 0.2578703 0.1994257 0.1447857 0.1361879 0.1016932 0.04212875 0.02564949 0.02014155 0.01343713 0.01062642 0.01008518 0.007770933 0.008343799 0.008994658 0.01017351 0.01139558 0.01174061 0.01178089 0.01200323 0.01307978 0.01349305 0.01297111 0.01281228 0.01247216
0.2178923 0.1854914 0.1558447 0.08296436 0.05991504 0.0604067 0.05880496 0.08928794 0.1050305 0.07018244 0.06725686 0.07158663 0.07530372 0.06926861 0.07087576 0.09954941 0.06568716 0.05237401 0.06001651 0.08575149 0.1214919 0.1407797 0.166702 0.1908047 0.2263553 0.2470025 0.3248526 0.3148754 0.3277285 0.3246579 0.2746677 0.2518604 0.2344616 0.1899361 0.1497285 0.1128689 0.05713665 0.03517939 0.02589468 0.0209882 0.01361619 0.01074326 0.01030579 0.007908655 0.008465109 0.009184096 0.0104596 0.01183303 0.01229698 0.01236612 0.01277041 0.0129688 0.01243326 0.01194799 0.0113511 0.01411174
0.2474307 0.1828856 0.1274812 0.08387781 0.06082173 0.05795926 0.07532765 0.08926076 0.1072691 0.07036487 0.06571085 0.05914851 0.07982278 0.1268642 0.0745481 0.06285548 0.0765416 0.1051432 0.09410979 0.1199637 0.135797 0.1603824 0.1679281 0.1647895 0.1747708 0.245537 0.2913382 0.261691 0.2850784 0.3090817 0.2431833 0.1835375 0.1738946 0.1578217 0.1357191 0.06017066 0.04292388 0.02952769 0.02504561 0.01708986 0.01325525 0.01057356 0.01032856 0.008052108 0.008753163 0.00960603 0.01100769 0.01253873 0.01301241 0.01328902 0.01408109 0.01583372 0.01511014 0.01495939 0.01499145 0.01542695
0.2572741 0.1545507 0.1442714 0.1152962 0.08719363 0.06771772 0.0618789 0.08492625 0.06352632 0.06687627 0.05646278 0.0516872 0.06520818 0.1045312 0.07853281 0.08463372 0.1465071 0.1778441 0.1632792 0.1467137 0.1591081 0.1428373 0.1283976 0.1336439 0.2098671 0.2400098 0.2639144 0.3165694 0.2604637 0.2295802 0.1944675 0.1571935 0.1481805 0.1340694 0.101456 0.04655725 0.03457737 0.02704251 0.02300155 0.01580366 0.01236444 0.01002239 0.01025991 0.008276457 0.009277357 0.0103516 0.01183563 0.01360268 0.01456456 0.01467775 0.01965981 0.02136147 0.01619884 0.01460791 0.01334132 0.01296734
0.185439 0.1946008 0.1543347 0.1456158 0.0940143 0.08950081 0.07295473 0.06727779 0.06159284 0.07394015 0.09181477 0.07956289 0.08578125 0.1097035 0.1198217 0.09776477 0.1738816 0.218317 0.2101074 0.1360762 0.1108053 0.0772552 0.07733219 0.1003078 0.1504121 0.1396623 0.1681238 0.2628799 0.2144926 0.1367598 0.1219363 0.1084369 0.08782361 0.08126228 0.06925563 0.04743186 0.03690865 0.03027192 0.02125668 0.01377148 0.0108467 0.009047715 0.009655958 0.01086959 0.01158527 0.01253387 0.01505573 0.02040534 0.01965724 0.02237067 0.02344102 0.02268763 0.02225964 0.02015083 0.02115476 0.02836333
0.1428286 0.1569663 0.1261955 0.1188723 0.0876677 0.0626581 0.06726795 0.06582499 0.07670203 0.08678259 0.09324595 0.08124504 0.07623985 0.09689021 0.1320342 0.12541 0.1848417 0.1979502 0.1680939 0.1131938 0.1006851 0.07894492 0.05577093 0.07619221 0.122766 0.1402723 0.1649537 0.2028794 0.1910187 0.1205211 0.1091139 0.07833029 0.06496393 0.06652426 0.05241809 0.04531462 0.03059829 0.022298 0.0191111 0.01252905 0.01006457 0.008569262 0.009431695 0.01102665 0.01220134 0.01446243 0.01788224 0.01846279 0.01954549 0.0224702 0.02170137 0.02044213 0.0220142 0.02089266 0.02292342 0.02598954
0.2108579 0.1254117 0.06793449 0.04154406 0.03386277 0.04704005 0.05673641 0.08139432 0.07118637 0.05571758 0.04517946 0.05976102 0.06289444 0.07236475 0.1066321 0.09779333 0.1259194 0.1123504 0.1096782 0.06046795 0.048722 0.04680544 0.04168141 0.06288201 0.105218 0.1398797 0.2156067 0.1815625 0.1647754 0.1234441 0.08766771 0.06950179 0.0718304 0.08012011 0.04654597 0.03579387 0.02853719 0.01915846 0.01663115 0.01110501 0.009065012 0.008119862 0.00953229 0.01156601 0.01324038 0.01472095 0.01629172 0.01841106 0.01984612 0.023288 0.02338619 0.026752 0.02376397 0.02030917 0.01941722 0.009354838
0.2287862 0.08615954 0.04108718 0.04224757 0.02856269 0.03849697 0.04317227 0.05942232 0.05805247 0.04543268 0.03753196 0.04797868 0.04539621 0.06131127 0.07113537 0.05993129 0.1093684 0.06560691 0.05718971 0.03960692 0.0330114 0.03075085 0.04547503 0.1025614 0.1712579 0.1423347 0.1484652 0.1524648 0.1138895 0.08260705 0.0844385 0.1029805 0.09112242 0.06256375 0.02993016 0.0294061 0.0242934 0.01556369 0.01379019 0.009489069 0.008039685 0.007721074 0.009494628 0.01215002 0.01442239 0.01659064 0.01778275 0.02020183 0.02081461 0.02220371 0.02290957 0.02354718 0.01924674 0.02078571 0.01189418 0.002782258
0.13266 0.05229063 0.01776165 0.04409659 0.02728432 0.03354754 0.04061227 0.05035502 0.06111591 0.03589449 0.02828629 0.03791028 0.03506049 0.03775572 0.03451691 0.0728703 0.07531235 0.06360888 0.04401522 0.03266891 0.02576781 0.02444423 0.03040618 0.04228484 0.1028788 0.1345134 0.1368648 0.1690198 0.06679834 0.05673113 0.03889203 0.08044977 0.06200038 0.03019403 0.0270062 0.01532631 0.0113538 0.009379826 0.008497442 0.008459383 0.007338127 0.007646041 0.00990488 0.01655554 0.0245734 0.02191303 0.02338796 0.02191396 0.02589423 0.02930283 0.02931861 0.03072625 0.02494318 0.01066262 0.01439745 0.006653226
0.1007076 0.04601873 0.02059993 0.03733969 0.04124107 0.04583807 0.05070954 0.06689602 0.05143133 0.02796137 0.02309194 0.03396976 0.03582946 0.03679378 0.05392633 0.05685343 0.05212956 0.03924429 0.0221059 0.01977274 0.02493997 0.02470722 0.02665333 0.04553562 0.05326664 0.09261725 0.09823806 0.1005159 0.05666551 0.04199501 0.02472234 0.02513084 0.02034959 0.01947884 0.02102142 0.01033811 0.007643078 0.00631209 0.006148629 0.006552135 0.006404151 0.007225039 0.01014432 0.02049246 0.02650906 0.02435718 0.02574625 0.02718346 0.02614591 0.0244541 0.0238675 0.023105 0.01310751 0.01098767 0.01409258 0.01330645
0.09049068 0.04987778 0.03982045 0.07568923 0.04550409 0.04345638 0.04472611 0.06552805 0.04980687 0.03520424 0.02731811 0.03304829 0.03880409 0.0293901 0.03260387 0.05025688 0.05661851 0.02185531 0.01342145 0.02359825 0.02595947 0.02707623 0.03012748 0.02678808 0.05163771 0.06148286 0.07704023 0.06997544 0.04066 0.04204629 0.02632895 0.02063875 0.01632853 0.01223089 0.01021236 0.007069719 0.005255034 0.004479463 0.004881547 0.005723644 0.005779616 0.007245517 0.01118949 0.02479176 0.023831 0.02655428 0.02800562 0.0282633 0.02655732 0.02786952 0.02813092 0.01516316 0.01246344 0.01459971 0.01753641 0.002822581
0.1093203 0.04092709 0.02170662 0.04016481 0.04682726 0.04538874 0.03261058 0.03132821 0.03282764 0.04560326 0.02718115 0.03406925 0.03652478 0.03042856 0.03596631 0.04928932 0.03746286 0.0353423 0.02445322 0.02584562 0.03228816 0.01582829 0.02256473 0.01810066 0.06057042 0.05253669 0.05060309 0.04330143 0.03371523 0.03989123 0.06145168 0.03373807 0.0141878 0.01446288 0.008430908 0.01582925 0.06045001 0.003922153 0.004485967 0.00537939 0.005952178 0.008397955 0.01257456 0.02124695 0.02585787 0.02866951 0.03114347 0.02747602 0.03154646 0.03808533 0.03159724 0.019546 0.01460664 0.01239281 0.0151024 0.006008064
0.05802876 0.03413198 0.02415393 0.02598373 0.03005013 0.02634007 0.02175255 0.01986167 0.01825807 0.02036319 0.02270481 0.02824485 0.02571202 0.02816456 0.0521457 0.0255104 0.02487011 0.02163883 0.01348811 0.01741194 0.0239799 0.009538308 0.01039934 0.003449033 0.0134291 0.0195157 0.007788189 0.005452892 0.006001076 0.02957045 0.047087 0.01057369 0.003868319 0.003301815 0.00334042 0.007890724 0.05438583 0.002959702 0.004055595 0.00679218 0.007514308 0.01120859 0.01602621 0.02506243 0.03179171 0.03856953 0.04670763 0.03938377 0.03594284 0.05039904 0.03092008 0.00891129 0.009435482 0.01620968 0.02693548 0.0103629
0.05831003 0.04892717 0.02769871 0.02329951 0.04269063 0.01820729 0.01651655 0.01475084 0.01645081 0.02125619 0.01893785 0.01840345 0.01845102 0.02076673 0.0458225 0.01630879 0.009030971 0.006809171 0.01169843 0.01081284 0.009295596 0.01133024 0.009347808 0.002494312 0.006146851 0.004053846 0.003422758 0.001512201 0.005530117 0.001344249 0.0009672381 0.002411942 0.001854256 0.001806556 0.002149077 0.002213047 0.002056334 0.002567361 0.003565672 0.006323414 0.008482241 0.01240529 0.01730733 0.02681307 0.0321108 0.04121489 0.03735437 0.04155407 0.05776224 0.04525331 0.03423746 0.0009677419 0.00842742 0.02620968 0.02278226 0.001693548
0.1013423 0.03329935 0.01542279 0.01260703 0.02134496 0.01147704 0.01285679 0.01397879 0.01339099 0.01881347 0.01716321 0.01074404 0.01074376 0.01324142 0.02024895 0.007794683 0.008375357 0.009129437 0.008499021 0.009951423 0.007285013 0.008164559 0.008959467 0.002051711 0.002095585 0.001978472 0.002955409 0.001112838 0.0008353273 0.0006606966 0.0005437993 0.001249594 0.0008736326 0.0007327524 0.0008304379 0.001621117 0.001798226 0.002378191 0.003570518 0.007385851 0.009822086 0.01424653 0.01858309 0.02819874 0.0373309 0.04844202 0.0383147 0.04126306 0.07886233 0.04669121 0.04215989 0.0008064515 0.02068548 0.01318548 0.006290322 0.005846774
0.04441539 0.01785689 0.009309422 0.009138451 0.01335168 0.01259599 0.01563857 0.01177113 0.01540294 0.01908819 0.01111699 0.008722328 0.008271852 0.01312503 0.009564832 0.005592968 0.006878239 0.00965456 0.009347559 0.007257883 0.005361368 0.006345934 0.006179632 0.001641951 0.00165289 0.002040965 0.00191471 0.0008165002 0.0006300778 0.0004934024 0.0004062061 0.000931721 0.0006616784 0.0006140936 0.001259863 0.002237367 0.002620135 0.003396321 0.004777685 0.008890355 0.01143056 0.0152101 0.01966215 0.02904801 0.03769339 0.04630462 0.03823951 0.05293828 0.0513961 0.04627498 0.04432952 0.003790322 0.007580644 0.0121371 0.01241935 0.0157258
0.02027645 0.01058042 0.01046523 0.006828536 0.00642825 0.007015806 0.008104939 0.009706235 0.01389627 0.01254092 0.006152702 0.006047031 0.004906951 0.007409651 0.005369509 0.004959714 0.008463197 0.00821657 0.00381083 0.004274493 0.004093345 0.003891491 0.006292037 0.0007251226 0.0008636001 0.0006673026 0.0005570815 0.0001788838 0.0001317761 0.0001002111 8.314428e-005 0.0003300649 0.0008702726 0.00135563 0.00196058 0.003524428 0.004182791 0.005271612 0.007103189 0.01183094 0.01523417 0.01879717 0.02342176 0.03097348 0.03714891 0.04315175 0.04302925 0.01528226 0.01951613 0.01044355 0.008588709 0.005362903 0.004637097 0.01169355 0.01560484 0.008427419
0.01554347 0.01365917 0.01109679 0.004703204 0.005496022 0.004696576 0.00470364 0.004814696 0.007889261 0.007992843 0.004275158 0.006366995 0.003064259 0.002645236 0.00231584 0.003746562 0.005959546 0.007389485 0.004099121 0.003841079 0.002929022 0.002769118 0.002649341 0.0008996181 0.0007858489 0.0003705622 0.0003449748 8.83293e-005 5.907822e-005 4.191875e-005 3.638207e-005 0.0005900916 0.0004688803 0.001309107 0.002324174 0.00446328 0.005505345 0.005923264 0.008840921 0.01378206 0.01942201 0.02030125 0.02410855 0.02981186 0.03257487 0.03348691 0.04290481 0.01822581 0.01705645 0.0103629 0.01637097 0.003629032 0.002137097 0.01225806 0.0253629 0.01604839
0.02467881 0.02223131 0.01451821 0.005456062 0.003522039 0.003479857 0.003453861 0.003509275 0.003881447 0.003328892 0.002964102 0.002190275 0.002436331 0.001731049 0.001496533 0.00795441 0.006268906 0.006435993 0.003977213 0.006764079 0.002712813 0.001982003 0.001492949 0.0002940925 0.0004515352 0.0001854928 0.0001866888 8.324661e-005 1.935757e-005 1.09272e-005 1.154202e-005 6.136012e-005 0.0004949466 0.001869841 0.002817885 0.004259243 0.005051352 0.006362167 0.008330575 0.01425149 0.04129976 0.02012202 0.02357187 0.02720388 0.0301234 0.03427964 0.0331982 0.001612903 0.003104839 0.01197581 0.01358871 0.01116935 0.003508064 0.01431452 0.0233871 0.02052419
