contrib/geomasonDemos/riftland/DataFiles/RainData/68.txt
ncols         56
nrows         54
xllcorner     28.264
yllcorner     -5.7719999999999
cellsize      0.25
NODATA_value  -9999
[rows 0 to 24 of 54, columns 0 to 55 of 56]
0.3917987 0.3620837 0.3936907 0.4215613 0.3650671 0.2690652 0.273472 0.2893806 0.3097364 0.3375175 0.303548 0.3364534 0.3216222 0.2775807 0.3035924 0.1819123 0.1334224 0.1891576 0.2214918 0.2039039 0.1564959 0.146414 0.1563651 0.2424465 0.2189144 0.2828658 0.2806115 0.2740899 0.2384617 0.2655124 0.2643892 0.2623242 0.2058053 0.2241677 0.1776915 0.1579421 0.15947 0.1937061 0.1525934 0.09398739 0.09701151 0.06133993 0.07876372 0.2027148 0.2513501 0.2794435 0.2793828 0.2401065 0.2107444 0.1454817 0.1390079 0.1412329 0.06248801 0.0281952 0.03210326 0.07379054
0.432539 0.4656871 0.3751836 0.3886245 0.305715 0.262297 0.2737622 0.2707338 0.298994 0.2832349 0.312304 0.3465629 0.2727498 0.2753654 0.2523308 0.1992062 0.1359751 0.1221545 0.1195462 0.1449843 0.1220973 0.1252466 0.1543679 0.2297961 0.2138025 0.2537559 0.2850218 0.2644338 0.2534373 0.2555611 0.2838627 0.3030998 0.2378002 0.2287998 0.2236294 0.1773252 0.1750193 0.1991865 0.1551388 0.1057393 0.0689462 0.09720518 0.1405876 0.203449 0.1730462 0.1941057 0.2034777 0.1414306 0.1812833 0.1835106 0.1083804 0.09368564 0.04953273 0.03321155 0.05938027 0.07692798
0.3359468 0.3333204 0.3069254 0.3239048 0.2885786 0.2927031 0.3116404 0.2370991 0.2311017 0.2643085 0.331146 0.3669454 0.2576782 0.3397545 0.35438 0.1860559 0.1364545 0.0889358 0.08357873 0.1119905 0.09261589 0.1573454 0.2119959 0.275849 0.2917856 0.2879992 0.2764079 0.2594645 0.2677779 0.2828838 0.3244825 0.3138025 0.2815929 0.2954719 0.298937 0.276282 0.2396754 0.2417255 0.1927287 0.1187553 0.1222765 0.1730245 0.1489899 0.1724807 0.1176737 0.1831645 0.2131887 0.1341863 0.1356973 0.1160491 0.08399533 0.05492297 0.0438156 0.02041804 0.04005527 0.04027557
0.282021 0.3147507 0.309962 0.2910789 0.2837218 0.2902122 0.2724326 0.2303113 0.2399999 0.2417652 0.216817 0.2789388 0.1946168 0.3389585 0.3720477 0.2731368 0.1565635 0.103852 0.1046246 0.1141804 0.1291193 0.154846 0.1838748 0.2408889 0.2415825 0.2459443 0.276354 0.2975712 0.2723811 0.2857843 0.285007 0.3182451 0.3506686 0.3982917 0.4032913 0.399789 0.3277925 0.2941595 0.2040275 0.1492786 0.1441084 0.1817501 0.1918183 0.2169018 0.1397026 0.07953906 0.1021361 0.1062992 0.07476916 0.07216921 0.07318141 0.08367641 0.04123325 0.001946803 0.002130602 0.005434447
0.2229976 0.2500263 0.2809519 0.3463418 0.3692303 0.3616333 0.3042675 0.2770879 0.3130448 0.3182307 0.2695583 0.257323 0.2315028 0.2469427 0.2662275 0.1704509 0.1122082 0.08809927 0.09314553 0.1221115 0.1278464 0.1650025 0.1911595 0.2646318 0.1883851 0.1844062 0.1613695 0.2209096 0.2081872 0.2128041 0.2211612 0.233193 0.3276033 0.3281386 0.3685858 0.3751978 0.3571297 0.2418394 0.1446552 0.1142112 0.1416887 0.1608501 0.1688991 0.168165 0.09034729 0.04789465 0.07237294 0.04911517 0.04211597 0.05007498 0.07190109 0.07927871 0.06661589 0.001502445 0.001680964 0.01088072
0.2312871 0.2205677 0.238166 0.2939487 0.3508483 0.3406067 0.3109314 0.2937273 0.2658821 0.2369588 0.3309439 0.3353715 0.3051673 0.2558234 0.1917201 0.1536454 0.1347569 0.0955398 0.1182932 0.1740175 0.185714 0.1737492 0.2076034 0.1623433 0.1220693 0.1564041 0.1616012 0.2484989 0.2773196 0.2075162 0.1763718 0.204815 0.2886156 0.2875405 0.2984068 0.2845439 0.2862737 0.2285806 0.1540391 0.1262962 0.1524706 0.1316606 0.1374772 0.1283846 0.08370236 0.03872159 0.04930222 0.06140693 0.04228455 0.02466846 0.03237364 0.051957 0.07630834 0.01425459 0.004085347 0.01117861
0.2186036 0.2142143 0.2166554 0.2587447 0.2928459 0.2672783 0.2776156 0.2951659 0.2572702 0.2410959 0.2499771 0.2943634 0.2601861 0.2970757 0.2576462 0.162025 0.1339172 0.1140409 0.1468598 0.2012363 0.236104 0.1981966 0.1188223 0.09493332 0.105068 0.1450944 0.1510171 0.2525421 0.219348 0.1604114 0.1559359 0.199783 0.2547012 0.2631378 0.2197029 0.2181196 0.2272838 0.166104 0.120777 0.1256675 0.128292 0.1321309 0.1389176 0.1340814 0.1387873 0.07787603 0.07824115 0.05919993 0.04446319 0.03942815 0.005799451 0.001461178 0.01728442 0.02493502 0.02628686 0.01418314
0.180748 0.1957093 0.2090877 0.2059827 0.2085286 0.2178985 0.2366073 0.3142453 0.265702 0.2649135 0.2269459 0.2338768 0.2437423 0.2729905 0.2507704 0.1855668 0.1735887 0.1619993 0.1506687 0.1416129 0.1918589 0.151594 0.145829 0.1017264 0.08469335 0.1308573 0.1469408 0.1631122 0.1704179 0.1511672 0.1474476 0.2086004 0.2346872 0.2966107 0.2023965 0.1905968 0.1651002 0.09173862 0.105925 0.09369688 0.1009087 0.07908954 0.0735556 0.1035634 0.111394 0.1005802 0.06673461 0.06173466 0.04289852 0.03324002 0.0004435401 0.0001813826 0.0001269604 0.006728159 0.0355054 0.06498019
0.1812103 0.19727 0.1956097 0.2133727 0.2309723 0.2478553 0.2434237 0.293155 0.2804781 0.2290932 0.2374416 0.2630407 0.2620772 0.2990267 0.2844207 0.2462458 0.2483858 0.2058849 0.1803802 0.1853677 0.211921 0.1658323 0.1491752 0.1410053 0.102281 0.1056835 0.1043279 0.1571965 0.1469555 0.1217166 0.1251006 0.1862476 0.2021739 0.2021549 0.1261031 0.1267727 0.07811087 0.07252776 0.07705465 0.07627046 0.07714827 0.03491643 0.03292192 0.05354184 0.06602421 0.07195526 0.050472 0.04689138 0.04211463 0.02830594 0.000215221 0.003482465 0.01121844 0.01738683 0.0231211 0.04348963
0.1936912 0.1661701 0.1756736 0.1740096 0.2399534 0.2600996 0.2678593 0.2908655 0.2973065 0.266077 0.251064 0.2708303 0.2709264 0.2666048 0.2771637 0.2298067 0.2177183 0.2007898 0.2250463 0.2309118 0.3098678 0.2554178 0.207535 0.1391442 0.09279426 0.09706761 0.08853474 0.1334388 0.1322301 0.1214522 0.1454651 0.1961857 0.2097253 0.2016377 0.1273591 0.1049981 0.04865814 0.05504031 0.04961072 0.08089739 0.09958175 0.123131 0.04402114 0.04302115 0.03893813 0.05639859 0.04365102 0.04073713 0.01084221 0.01637743 0.004626832 0.01176102 0.02140652 0.02444862 0.02971758 0.0352274
0.1437404 0.1873492 0.1979167 0.2097184 0.2458366 0.3260627 0.2931035 0.2741724 0.3109712 0.279471 0.2627469 0.2680072 0.2773736 0.2649924 0.2567792 0.2492347 0.2369132 0.2298621 0.2658592 0.2619403 0.2839387 0.2241596 0.1785075 0.160737 0.1117483 0.1047634 0.09722422 0.1184957 0.1139868 0.1133541 0.1209815 0.1485949 0.205268 0.1432672 0.07919014 0.08104815 0.05442706 0.08409865 0.04361558 0.06970971 0.07810146 0.1013119 0.04987778 0.03161476 0.01212925 0.01152871 0.01297843 0.02376941 0.01194099 0.005235692 0.02435054 0.01607298 0.02263237 0.02976937 0.03237268 0.03753401
0.1831082 0.2413003 0.2826839 0.2622061 0.2463483 0.2954244 0.3913744 0.2928735 0.2736316 0.2666184 0.2360794 0.2764733 0.2849756 0.3212224 0.3567013 0.3691433 0.3285548 0.3286736 0.3403643 0.4466035 0.3851647 0.2942944 0.2079298 0.2078533 0.1643866 0.1715635 0.2016712 0.1802636 0.1215607 0.1170224 0.08054268 0.05449869 0.05380263 0.07964191 0.03063966 0.04130646 0.09501424 0.070794 0.06239343 0.05538604 0.03046147 0.05564066 0.06317642 0.05301408 0.02445382 0.01910742 0.004346613 0.005537157 0.004636272 0.01991036 0.009748049 0.01447986 0.01845735 0.02172833 0.02507201 0.02815301
0.2101796 0.2727352 0.2825498 0.2112805 0.1417909 0.2109907 0.2603993 0.242538 0.2419303 0.2362817 0.2201954 0.2493056 0.3292747 0.3820599 0.4072262 0.4934574 0.3573404 0.3086842 0.353125 0.4213699 0.3808506 0.2599716 0.2055541 0.15125 0.1735182 0.2295956 0.2098618 0.127417 0.08301196 0.06832957 0.0700355 0.06619605 0.03674458 0.03599504 0.02467858 0.04387623 0.08756275 0.09446061 0.03804323 0.05234684 0.04659161 0.02543205 0.040622 0.02151011 0.01835106 0.004028353 0.003517858 0.004815577 0.005214906 0.007868094 0.01588306 0.02902432 0.0269726 0.02101379 0.02383806 0.02676846
0.261286 0.2878923 0.2352311 0.1498715 0.1322442 0.1398335 0.2024696 0.2441791 0.2267392 0.1869581 0.2110066 0.275739 0.3292455 0.3608794 0.4127439 0.5433566 0.388602 0.2830057 0.2950263 0.4484141 0.3561345 0.302293 0.1839239 0.103461 0.1337015 0.1224569 0.1288977 0.07291579 0.05924842 0.07613301 0.07990843 0.05720288 0.03362297 0.02068833 0.01442771 0.02773879 0.05284433 0.06983195 0.04204128 0.03129622 0.02306897 0.009018284 0.01945396 0.01050251 0.006800421 0.003548702 0.003151725 0.009421214 0.005594821 0.01335789 0.02019044 0.0141093 0.0172776 0.01962253 0.02293894 0.0247992
0.2923065 0.3381929 0.3023869 0.1493056 0.1543265 0.1866348 0.1693887 0.2398117 0.2724934 0.2522266 0.2341773 0.2721059 0.2560258 0.2649207 0.3572501 0.4240932 0.3504453 0.2880279 0.2868019 0.3522772 0.2777029 0.2301461 0.1753138 0.1136661 0.09312943 0.09814244 0.08397184 0.08215923 0.04907211 0.08114579 0.06272634 0.03722241 0.01963302 0.01056032 0.01803274 0.02156618 0.01860326 0.01744242 0.006690761 0.009199085 0.00443492 0.004166918 0.003931697 0.004158426 0.003915201 0.003569343 0.004979738 0.00814329 0.02229955 0.007290055 0.009224555 0.01303913 0.01559879 0.01760009 0.02524856 0.02336519
0.4094793 0.3880288 0.3592911 0.3107654 0.2255676 0.2102578 0.2256368 0.2619236 0.2518537 0.2746248 0.2367231 0.279866 0.2971608 0.3119496 0.2861262 0.317032 0.3152866 0.2665469 0.2752841 0.3305175 0.2565539 0.362031 0.2519321 0.1689424 0.1301531 0.1198315 0.09739418 0.09501562 0.07108087 0.04716657 0.04542332 0.03242232 0.01371335 0.01552202 0.0199072 0.0153893 0.01379513 0.016206 0.006263905 0.01078118 0.009424222 0.008231179 0.009732663 0.005009655 0.004694057 0.004286236 0.006683783 0.004948949 0.01203421 0.01258385 0.01196979 0.01140043 0.01370718 0.01533316 0.02029108 0.02041341
0.4381987 0.386453 0.4592963 0.5293238 0.3572638 0.1625945 0.220037 0.2593201 0.2057161 0.2524887 0.2826684 0.3137833 0.321411 0.4305533 0.3921653 0.2940017 0.2910202 0.2222932 0.225045 0.316107 0.2449353 0.363294 0.2260483 0.1449464 0.1166209 0.2035387 0.1108526 0.08890415 0.04865175 0.02906844 0.010757 0.019905 0.01063671 0.01338813 0.008301407 0.006517958 0.006481511 0.01584939 0.006076943 0.009086895 0.008688642 0.008332078 0.009049167 0.01127815 0.01175679 0.004303449 0.003837425 0.004740715 0.004686551 0.00560279 0.007114155 0.00949174 0.01146148 0.0127008 0.02606721 0.01609033
0.4970717 0.5245958 0.4716726 0.3732674 0.3141752 0.216236 0.2583799 0.327994 0.2407429 0.2505215 0.2624706 0.315 0.2962709 0.3226027 0.3665915 0.3172522 0.269179 0.2178799 0.2080675 0.3063186 0.30099 0.3465689 0.2830002 0.170978 0.1609641 0.194879 0.07240471 0.08202933 0.05499111 0.02845514 0.009974064 0.01920622 0.009662761 0.0112954 0.009055293 0.006900792 0.006657997 0.006414464 0.006192142 0.00922266 0.008849479 0.008405933 0.007875465 0.005062428 0.004675086 0.004220216 0.004230577 0.005412284 0.004745134 0.004849884 0.006158812 0.008749863 0.009654056 0.01235312 0.0146444 0.01300747
0.506561 0.4535571 0.4472605 0.3652738 0.3001342 0.2539031 0.2652634 0.2970263 0.2527761 0.3092506 0.2909919 0.3089385 0.3138455 0.322523 0.2434712 0.3086079 0.3035587 0.2943435 0.2737936 0.3053711 0.3809476 0.3333103 0.3431324 0.1875491 0.1975071 0.1627842 0.1090576 0.0822778 0.04265024 0.02201761 0.0147314 0.01428474 0.016457 0.0154348 0.01111787 0.008076012 0.007339896 0.006817281 0.006526923 0.009659557 0.01546262 0.01538057 0.00794057 0.005029405 0.004521248 0.004159129 0.01079932 0.007337038 0.004942349 0.004646114 0.005663197 0.007987928 0.008063361 0.00899756 0.01083219 0.01020162
0.6574367 0.4352315 0.4593654 0.4060864 0.2917199 0.2392319 0.2775062 0.2835273 0.2353993 0.2275929 0.246332 0.2827787 0.3923825 0.281154 0.2247973 0.309376 0.3854964 0.349802 0.2768986 0.3439826 0.3711023 0.2812664 0.2949758 0.2075454 0.1658822 0.1398695 0.105058 0.0671846 0.04310318 0.03202698 0.0251126 0.03845641 0.02300352 0.02337585 0.03396843 0.01861665 0.007632507 0.006881402 0.006538786 0.01037165 0.01519982 0.01708572 0.008192201 0.007072564 0.006557064 0.005809521 0.008415189 0.005562876 0.004614079 0.004537073 0.005066963 0.005137225 0.005411902 0.009893239 0.005892428 0.007633957
0.5682054 0.3651462 0.3304641 0.4029567 0.2782503 0.2563478 0.2532522 0.2365768 0.2181558 0.166331 0.1733524 0.2481105 0.2979562 0.2497649 0.271804 0.3387837 0.3999213 0.3792307 0.2756394 0.280537 0.331098 0.2789386 0.2962591 0.2187436 0.156138 0.1327225 0.1039016 0.06069828 0.05858427 0.04208413 0.03137603 0.03707141 0.03926037 0.03492483 0.04589808 0.01418898 0.008268338 0.007270166 0.006852701 0.01081633 0.01543055 0.009241405 0.008248114 0.007319265 0.006681749 0.005875306 0.005079482 0.005376006 0.00478673 0.004491452 0.005302749 0.004323743 0.00464747 0.008270089 0.004214738 0.005260616
0.4423708 0.3845885 0.3097461 0.3459415 0.3034384 0.2997997 0.2329499 0.192164 0.2321149 0.178786 0.1372198 0.1903119 0.2609591 0.2196272 0.2983174 0.3195644 0.3338271 0.268057 0.2296781 0.3120528 0.2824308 0.2780512 0.2710732 0.1933798 0.150686 0.136461 0.09817568 0.08939115 0.09770306 0.06594352 0.06067786 0.05223906 0.05115013 0.03120456 0.0281006 0.01397967 0.009493077 0.009803753 0.007664218 0.01149837 0.01047493 0.0093846 0.008295408 0.006764608 0.005649548 0.004744712 0.004099769 0.004701208 0.004324423 0.004065612 0.004603136 0.003950637 0.003867168 0.003725227 0.003206923 0.003625902
0.3575785 0.3758922 0.2782294 0.2718892 0.2190109 0.186473 0.1813257 0.1660186 0.2429194 0.1767921 0.1022251 0.1299897 0.1895281 0.2033886 0.2713004 0.219047 0.2751359 0.2709593 0.1949285 0.2245831 0.2579844 0.3056947 0.2819895 0.2309038 0.1997663 0.1884516 0.1777011 0.1673372 0.1549832 0.1249142 0.09263572 0.08386951 0.05814773 0.05101908 0.04408905 0.01483081 0.01133436 0.01321749 0.01181373 0.01239689 0.01122858 0.009971695 0.008275902 0.006631413 0.005399246 0.00446504 0.004421759 0.00498382 0.004797298 0.004444707 0.004370311 0.00473418 0.004555669 0.00381478 0.003384648 0.003765603
0.3573111 0.2895316 0.217289 0.2051435 0.20069 0.1612869 0.1319925 0.1390313 0.1383894 0.1204799 0.09155599 0.1263279 0.1238303 0.1948295 0.1818648 0.1812283 0.1945609 0.1621664 0.186315 0.2086617 0.2313997 0.2174236 0.1623597 0.2324219 0.2213736 0.2058431 0.2059622 0.1595136 0.1587055 0.1445579 0.1202814 0.1110343 0.08128183 0.09030134 0.06653824 0.02875705 0.01872315 0.01441798 0.01280725 0.01243673 0.01055407 0.00896496 0.007708319 0.003976504 0.003173412 0.002779628 0.003963399 0.004678036 0.005017302 0.004924495 0.005039617 0.005044287 0.004890875 0.004813885 0.01410661 0.004850476
0.3612843 0.1894816 0.1480898 0.2101378 0.188315 0.1436022 0.1435834 0.1251928 0.0926791 0.09331869 0.09639174 0.06928017 0.1256504 0.1693714 0.1593753 0.2337176 0.1578414 0.1184088 0.1753512 0.1893607 0.1924393 0.1580919 0.1157466 0.1747248 0.198445 0.1999251 0.1720137 0.1773037 0.1906284 0.1869318 0.1425867 0.1313461 0.1117118 0.1233211 0.1210648 0.07241821 0.03319381 0.01593279 0.01397782 0.01327908 0.010941 0.00905218 0.007688534 0.003932436 0.003009508 0.003869504 0.004969332 0.005596083 0.005771611 0.005562082 0.005616252 0.005705866 0.005498454 0.005071867 0.004705837 0.005438147
