contrib/geomasonDemos/riftland/DataFiles/RainData/74.txt
ncols         56
nrows         54
xllcorner     28.264
yllcorner     -5.7719999999999
cellsize      0.25
NODATA_value  -9999
[rows 27 to 53 of 54, columns 0 to 55 of 56]
0.1869386 0.1782573 0.09422183 0.08512299 0.1412552 0.1661777 0.09426357 0.1118016 0.1065118 0.09732191 0.1599292 0.292964 0.2411795 0.2146715 0.1837631 0.1480025 0.1412241 0.1572494 0.08963829 0.08064035 0.08276502 0.1101027 0.1612775 0.1277256 0.1021814 0.08822794 0.08724822 0.05543598 0.0418436 0.03755403 0.03799548 0.03461988 0.03544214 0.03744176 0.0401972 0.04521608 0.04992253 0.04835967 0.05001409 0.04288441 0.03549732 0.03159494 0.0249284 0.01209204 0.01070994 0.01200821 0.005175926 0.004148818 0.003099344 0.002488517 0.00235968 0.003088527 0.004275992 0.003515946 0.001541509 0.001213482
0.1447011 0.1545811 0.1276538 0.1000882 0.1604885 0.1063526 0.1736813 0.1839334 0.1167256 0.09265093 0.1142923 0.2716221 0.1623347 0.1439055 0.1508054 0.1761524 0.1793646 0.1015908 0.1333768 0.07185825 0.055197 0.069191 0.1147284 0.09068611 0.08721679 0.08858132 0.07965365 0.05233794 0.04174202 0.04211353 0.04145414 0.03751816 0.03920446 0.04005368 0.04508986 0.05169496 0.05470709 0.05890522 0.05318571 0.04238402 0.03739363 0.03533885 0.02671737 0.01442267 0.01673551 0.009542314 0.01217942 0.004782776 0.003634495 0.002960845 0.002801246 0.005806118 0.004460696 0.005743938 0.01476189 0.01202207
0.1737259 0.1465898 0.1534925 0.08486942 0.1386397 0.1163045 0.1890489 0.1974065 0.1475731 0.1383595 0.0936937 0.1585034 0.132093 0.1354719 0.1354289 0.192142 0.1013101 0.06940806 0.0395566 0.07912351 0.07473998 0.08515708 0.0995644 0.1060027 0.1178578 0.09851763 0.08473036 0.06172233 0.05464205 0.05138839 0.0450131 0.04295898 0.0393443 0.03948739 0.04586291 0.05252828 0.05654895 0.06678002 0.06220067 0.05207549 0.0466565 0.03852174 0.02814784 0.01425271 0.0113934 0.009530472 0.0068667 0.005118389 0.003964767 0.003274776 0.003071673 0.002177521 0.002024811 0.009718212 0.007944639 0.008457628
0.175214 0.1792361 0.1638947 0.1437064 0.1517164 0.09175449 0.07541181 0.09179264 0.1091393 0.1457873 0.135597 0.179582 0.1053226 0.1055694 0.05798603 0.09644216 0.0860495 0.04327936 0.05933704 0.09759846 0.1014915 0.115247 0.1078525 0.1130649 0.1294277 0.1256334 0.1253197 0.08763809 0.074146 0.06411679 0.05478899 0.05305455 0.05068609 0.04585649 0.05322363 0.05387635 0.0580047 0.06497715 0.0604243 0.04522892 0.05229992 0.04259399 0.02918063 0.01765649 0.01115641 0.007493796 0.006197409 0.009633791 0.009004528 0.008572475 0.003177595 0.005698242 0.002048851 0.003638169 0.001887202 0.0001723026
0.1969053 0.1611352 0.1174041 0.1191182 0.1699329 0.1394446 0.07712705 0.1390682 0.2165506 0.1954609 0.2406294 0.1619348 0.1359221 0.1478265 0.1014129 0.1784557 0.1790125 0.1771369 0.1561676 0.09774704 0.09941208 0.1133286 0.1185782 0.1365644 0.1331448 0.1316983 0.1408745 0.1116319 0.110498 0.09516619 0.07720418 0.05034001 0.044654 0.04884764 0.05681434 0.06684014 0.0883799 0.06420421 0.05622051 0.04264332 0.04308099 0.03538398 0.02611414 0.01398077 0.0109547 0.005001349 0.004317463 0.004460782 0.006144536 0.005388645 0.005199213 0.008056798 0.0009759847 0.0003798012 0.0006973828 0.0002133832
0.2215316 0.2015462 0.1003873 0.1002288 0.1961239 0.1039926 0.09966997 0.2178576 0.2239645 0.1723191 0.2184429 0.152246 0.1445489 0.1419767 0.09463088 0.1629998 0.2125654 0.1715546 0.1611194 0.1141097 0.1017856 0.09303276 0.129429 0.140945 0.1397141 0.1776643 0.1865679 0.1430804 0.1276291 0.1082912 0.08725307 0.05747641 0.04914888 0.05053091 0.05424924 0.07288946 0.07221376 0.06171742 0.05819657 0.05145769 0.04075162 0.03359797 0.02755643 0.01331047 0.01182136 0.00487674 0.004273043 0.0053342 0.003940583 0.002874677 0.002651991 0.0007394762 0.000346672 0.0003190142 0.0002994807 0.0002124407
0.2933171 0.2102354 0.1015953 0.124125 0.1555763 0.09737241 0.1691446 0.2461024 0.2226128 0.2270567 0.2120081 0.1622802 0.1624447 0.2248598 0.1620296 0.2066432 0.2872088 0.2479795 0.2836056 0.1269321 0.08505497 0.06544033 0.08932708 0.1317278 0.160179 0.2344539 0.2457143 0.1763782 0.1560466 0.1335172 0.1018365 0.0661108 0.06634761 0.06880437 0.0615877 0.07161337 0.06136245 0.05830358 0.05640666 0.04470462 0.03867515 0.03787799 0.02819711 0.0090117 0.01086 0.004732509 0.004155205 0.003968567 0.004098427 0.002821959 0.00261945 0.0009399225 0.0005036711 0.001917879 0.0005827412 0.001260267
0.2963503 0.2208984 0.1644396 0.1492967 0.09388703 0.1309501 0.1779652 0.185517 0.2289754 0.2689416 0.226466 0.1923104 0.2130005 0.267798 0.2894132 0.3632211 0.2778788 0.236297 0.2119882 0.1118152 0.08932286 0.05659597 0.0789155 0.1217412 0.1638568 0.1883846 0.214571 0.1771785 0.1660438 0.1596765 0.1328987 0.09039119 0.085078 0.0773615 0.06505469 0.06686504 0.06093529 0.05669494 0.05317091 0.04995915 0.0507276 0.03840079 0.03095285 0.02115407 0.006049908 0.004541176 0.003962447 0.003721561 0.01135273 0.008260191 0.003184845 0.002762875 0.001066186 0.001346961 0.0002693354 0.0001994066
0.2686104 0.1775268 0.1946834 0.1955097 0.1185672 0.1840183 0.1537913 0.1761101 0.1942738 0.2275923 0.2297825 0.2385921 0.2348748 0.2842674 0.2824913 0.301954 0.2609954 0.170249 0.1083801 0.08322643 0.06422442 0.04905105 0.09725863 0.1201279 0.1836586 0.1755816 0.1690046 0.174766 0.154133 0.137434 0.1365975 0.09886601 0.1019857 0.08644276 0.07509287 0.07539006 0.06584882 0.05395285 0.05287002 0.04200871 0.04268564 0.04214996 0.0331132 0.02061745 0.01074695 0.005650728 0.004887391 0.01098587 0.04193188 0.006853958 0.004274514 0.005393311 0.002184465 0.001346337 0.001317518 0
0.2344161 0.2017997 0.1732436 0.1377893 0.126201 0.1826497 0.1221464 0.1740494 0.208991 0.2367754 0.2458348 0.2478562 0.2477637 0.3580737 0.3927588 0.3399337 0.2208229 0.135339 0.08488214 0.05583185 0.04587998 0.05660751 0.06484951 0.1524248 0.1667026 0.1427588 0.1472391 0.1546346 0.1542321 0.1401268 0.1321238 0.1220901 0.1038077 0.07741353 0.07555734 0.07529837 0.07087955 0.06218499 0.05267815 0.0498124 0.05529469 0.04845055 0.03412597 0.01633883 0.01023357 0.00597881 0.01686484 0.0203898 0.01497247 0.004357043 0.005306491 0.01065128 0.003436339 0.001143149 0.001272706 0
0.2944158 0.2086874 0.1217622 0.05138589 0.06836136 0.158874 0.2232263 0.2235694 0.2347171 0.2448869 0.2854439 0.2782128 0.2416546 0.2708276 0.3205169 0.2600354 0.1643201 0.1051575 0.08988134 0.08986637 0.0599194 0.0595023 0.1155646 0.1417224 0.152837 0.1479648 0.1619708 0.1643406 0.1600961 0.1489694 0.1446013 0.1226868 0.1077238 0.0909749 0.09465601 0.09327833 0.08180618 0.06875757 0.0570138 0.0681558 0.07331384 0.05087163 0.02659138 0.01881911 0.01075688 0.01099922 0.01515604 0.01076773 0.006433081 0.002614918 0.01594208 0.01076166 0.001548498 0.000929626 0.00087693 0
0.3294274 0.2114899 0.07880318 0.06396676 0.07154658 0.1259402 0.1894142 0.2281917 0.2137556 0.1925372 0.2430301 0.2585922 0.2252833 0.1909086 0.3184714 0.1758818 0.1378662 0.1143719 0.1445181 0.1378136 0.06649447 0.04845583 0.06017463 0.08717275 0.1215323 0.1269153 0.1647045 0.1537357 0.1467562 0.1633938 0.1559659 0.1409795 0.1222225 0.1326971 0.1261741 0.1223776 0.107048 0.08438028 0.06085657 0.08415885 0.1147796 0.05073984 0.02522346 0.01772313 0.007968551 0.007017079 0.005296438 0.007385245 0.01860276 0.006832516 0.002084893 0.001232478 0.003518799 0.0008103887 0.0007937091 0
0.3215024 0.2692428 0.1351991 0.04134567 0.05342459 0.1250354 0.1334118 0.1372843 0.1710762 0.1469788 0.1384036 0.197669 0.1933942 0.169038 0.1535898 0.142659 0.1297168 0.1307039 0.1141481 0.1245684 0.06496759 0.04946033 0.06096907 0.08706212 0.08996794 0.09226362 0.1124435 0.1151179 0.1262047 0.1466998 0.1529033 0.1444366 0.1370375 0.1645714 0.1474115 0.1158711 0.1082347 0.09684309 0.08360036 0.1151326 0.08893675 0.06136274 0.05253095 0.02030731 0.0136776 0.01192551 0.008300465 0.007568782 0.01048595 0.01004132 0.001906 0.001095088 0.00210523 0.0006506482 0.0006657798 0
0.2620854 0.1839333 0.0700696 0.06301593 0.1363667 0.1842419 0.1888921 0.2107518 0.1527467 0.1237363 0.129238 0.1580031 0.1694496 0.1659681 0.1340746 0.09583229 0.08237142 0.104486 0.09476145 0.1132957 0.08662581 0.04263799 0.06905891 0.1047168 0.0986429 0.1001807 0.1054872 0.1063833 0.1135432 0.1123558 0.1134861 0.1302006 0.1279177 0.1432596 0.1321314 0.09069397 0.08993648 0.07995384 0.079937 0.1511 0.1046814 0.06455407 0.0484639 0.02500993 0.013692 0.01122224 0.009334845 0.004690156 0.005022955 0.002570566 0.003022803 0.001028031 0.0006864932 0.0005388149 0.0005867998 0
0.2648604 0.1677277 0.08602141 0.1124998 0.1755069 0.2613039 0.3209499 0.2163003 0.1447659 0.1553387 0.1251293 0.149716 0.1599471 0.183847 0.1203753 0.1013254 0.08817254 0.08206045 0.07528167 0.07552092 0.07733727 0.06776401 0.0747141 0.1025699 0.1053302 0.1103906 0.1170395 0.1069062 0.09368751 0.1160121 0.1264615 0.1411293 0.1391135 0.1361138 0.117691 0.08629529 0.09594133 0.08297852 0.08892866 0.09689733 0.07070426 0.05494691 0.04812181 0.02508101 0.01762716 0.01502623 0.009715821 0.006256773 0.003562652 0.003708511 0.003226296 0.001154265 0.0008012684 0.00045062 0.0004511646 0
0.2507331 0.1851393 0.1262779 0.1518191 0.2127199 0.2362073 0.2082304 0.2233278 0.1828697 0.1288764 0.134957 0.1591989 0.1844114 0.3268137 0.1859583 0.1335168 0.1119242 0.1236953 0.1290787 0.09275121 0.0981863 0.1296101 0.1262438 0.1188226 0.1383508 0.1478595 0.1075122 0.1194392 0.1081743 0.1257952 0.1320732 0.1464584 0.1452205 0.1231656 0.1071576 0.1068147 0.1688563 0.1245044 0.1103569 0.08064141 0.05203325 0.07180233 0.06963651 0.03360383 0.02689494 0.01708304 0.01125417 0.006658235 0.003948567 0.002918743 0.002469596 0.001470575 0.001132203 0.00045062 0.0004511646 0
0.2042951 0.194706 0.1159505 0.1291404 0.1668856 0.1919245 0.2300217 0.2280186 0.1905188 0.1364422 0.1477654 0.1796151 0.2421984 0.3373188 0.2726979 0.1766037 0.1444149 0.1499746 0.2260391 0.1704476 0.09183639 0.1000125 0.1100168 0.1118845 0.1316849 0.1243003 0.1083303 0.08698384 0.05995281 0.09306472 0.08595412 0.1195308 0.1391737 0.125871 0.1092737 0.1685075 0.3156739 0.1444438 0.09618336 0.06540233 0.05455478 0.08945531 0.1075636 0.03345395 0.02731244 0.01558224 0.01071599 0.0069552 0.005068307 0.003902735 0.003375923 0 0 0 0 0
0.1853445 0.183736 0.1484293 0.1028281 0.103085 0.1428642 0.1894438 0.1489674 0.1557513 0.2007933 0.1976704 0.1787028 0.2072148 0.225725 0.1946256 0.1735431 0.1895435 0.231803 0.2415275 0.1998297 0.1243776 0.1136827 0.1077289 0.07020561 0.09497406 0.09027656 0.1300671 0.08366182 0.0536659 0.06259127 0.07565446 0.1370444 0.1701998 0.1447113 0.1539222 0.1341261 0.1432124 0.141909 0.08909342 0.07304213 0.06882118 0.06254808 0.06219054 0.03693553 0.02965015 0.02162185 0.01438349 0.007342521 0.005519101 0.004345063 0.003850716 0 0 0 0 0
0.1512661 0.1435832 0.1506494 0.1116536 0.1489479 0.1179408 0.1507937 0.1718827 0.1601318 0.1611282 0.1922874 0.1727052 0.1885095 0.195033 0.1670694 0.1763496 0.161349 0.2114444 0.2262748 0.1714312 0.1283672 0.09491789 0.09591911 0.06465602 0.04713246 0.04718785 0.04330341 0.07973254 0.09520012 0.0780333 0.07555114 0.1478975 0.1470118 0.1250135 0.1183142 0.1144642 0.1306248 0.1625254 0.1176971 0.1127392 0.1136448 0.08404176 0.06045223 0.0351038 0.03160457 0.03111045 0.01778994 0.009158971 0.007171283 0.004812069 0.004812069 0 0.0008189655 0 0 0
0.2586598 0.1669524 0.1427134 0.1064433 0.1059902 0.1337561 0.1839502 0.2014579 0.1778545 0.1799097 0.1938607 0.1764032 0.1602838 0.1625626 0.1830786 0.2189969 0.2041582 0.1961585 0.1594851 0.1281147 0.1496767 0.1303578 0.1217327 0.1082893 0.1181892 0.0952521 0.08524453 0.0792667 0.1006072 0.08785654 0.08169527 0.1695261 0.1534583 0.1429334 0.1406998 0.1622566 0.1494059 0.1457889 0.1480472 0.1282361 0.1281798 0.1063116 0.0799922 0.05162672 0.04416644 0.02945774 0.02315057 0.01885024 0.009946112 0.004816948 0.004816948 4.310345e-005 4.310345e-005 0 0 0.003534483
0.2074047 0.1419651 0.1311853 0.0871821 0.1320431 0.1209245 0.1490126 0.1701251 0.18183 0.187922 0.2030104 0.1847454 0.1745523 0.1762821 0.1736565 0.1868523 0.1916932 0.1961874 0.165402 0.1483188 0.1460607 0.1487986 0.1607141 0.133975 0.1366482 0.1619339 0.1356127 0.07506631 0.08999929 0.1106224 0.1243611 0.1488719 0.139315 0.1338744 0.1507612 0.1514915 0.1834182 0.1272528 0.1265049 0.1165649 0.1108242 0.1336131 0.07725551 0.07126752 0.06591807 0.03287561 0.022307 0.001336207 0.005431035 0 0 0 0 0 4.310345e-005 0.001336207
0.1519514 0.1110668 0.1158231 0.1122152 0.1429575 0.1307493 0.1297696 0.1669309 0.1813837 0.1735571 0.1801002 0.1852604 0.2482495 0.1967222 0.1723555 0.1542714 0.1804486 0.223198 0.1524699 0.1453367 0.1678422 0.1456106 0.1508964 0.135335 0.1272207 0.1789759 0.1066337 0.05720515 0.09168672 0.121391 0.157851 0.1539257 0.1493328 0.1404424 0.1539179 0.1711991 0.1660944 0.1293933 0.1126729 0.08957257 0.09912889 0.09869578 0.08918509 0.1303313 0.0801864 0.04251396 0.03446627 0.02280172 0.00612069 0.004612069 0.000387931 0.0003017241 0 0 4.310345e-005 0
0.1206726 0.1111499 0.1227968 0.136856 0.1644293 0.1863381 0.1180002 0.1695401 0.1573286 0.1499732 0.1667435 0.1646545 0.2331591 0.2571266 0.2181849 0.1920807 0.2196941 0.2328738 0.1677781 0.1407686 0.1609467 0.1603 0.2032709 0.1624434 0.1289736 0.1687836 0.1204869 0.08400712 0.09892882 0.1223735 0.112136 0.1281374 0.1642015 0.1624618 0.1415985 0.1475339 0.1470046 0.141488 0.1351807 0.1053452 0.09869283 0.1040754 0.1005377 0.08379946 0.06317031 0.05714368 0.05364505 0.02387931 0.01775862 0.004353448 0.005258621 0.004698276 0.0001293103 0 0 0
0.1063092 0.1431962 0.1303305 0.09948419 0.1588247 0.1156061 0.1070583 0.1244132 0.1103154 0.129479 0.1684137 0.1761368 0.2496213 0.2782871 0.2456993 0.2185364 0.1893643 0.2025271 0.1868404 0.1448541 0.1624756 0.1922484 0.1923912 0.1492957 0.1467088 0.1869962 0.1812608 0.1473697 0.1284312 0.104513 0.09981739 0.1312092 0.1534113 0.1463837 0.1839386 0.1339729 0.1652238 0.1501911 0.1278664 0.1089319 0.1246598 0.1305056 0.1319097 0.1078065 0.0845549 0.09071406 0.08826832 0.09043103 0.03668103 0.02133621 0.02461207 0.03211207 0.003405172 0 0 0
0.113682 0.1070179 0.1572491 0.1207485 0.09892375 0.115815 0.1535635 0.1143961 0.1161455 0.1133198 0.1589482 0.1560871 0.1954406 0.2358216 0.1927509 0.1794105 0.1693784 0.1642404 0.1571528 0.1466548 0.1771189 0.2245488 0.1949997 0.189157 0.1607071 0.1733546 0.165101 0.1616543 0.1377042 0.1263069 0.1270568 0.1346442 0.1413204 0.1265131 0.1244533 0.1115399 0.1668531 0.228434 0.1374434 0.1554247 0.1518867 0.1518961 0.155482 0.1787249 0.1278296 0.1461836 0.1561839 0.1417241 0.09482758 0.05487069 0.04099138 0.03288793 0.0212069 0.01038793 0.00625 0
0.1114632 0.09128892 0.1256509 0.1408565 0.0642038 0.09645405 0.1018409 0.1742097 0.1487373 0.1000199 0.1040858 0.1315392 0.1475365 0.1808057 0.1818666 0.1640611 0.1796141 0.1778726 0.1798622 0.1588121 0.2224835 0.2105472 0.1837773 0.2273746 0.2172018 0.1398024 0.15771 0.1596475 0.1307565 0.1282047 0.1043244 0.1226252 0.1126807 0.1127627 0.1225119 0.1210399 0.1520194 0.1842961 0.1474839 0.1716675 0.171176 0.1660398 0.1775602 0.2067356 0.1691438 0.1281485 0.1651892 0.2125862 0.1303448 0.07685345 0.06077586 0.04797414 0.03047414 0.04306035 0.01616379 0.003836207
0.1583895 0.1329616 0.1251783 0.1329681 0.08853244 0.08876189 0.09532639 0.125402 0.1376684 0.1011344 0.09916133 0.1206357 0.1514201 0.1649121 0.2107871 0.1822623 0.1737293 0.2156425 0.1983551 0.1756176 0.2046 0.2335088 0.2151963 0.2234004 0.1866435 0.1796228 0.1509612 0.1421751 0.1360028 0.1369202 0.1139833 0.1089154 0.1038389 0.1102412 0.1308494 0.1484567 0.1881106 0.2614593 0.2159887 0.1923742 0.1902958 0.2005612 0.2817078 0.2764518 0.2274269 0.1561125 0.1974999 0.2248276 0.1940517 0.1731897 0.1364224 0.129181 0.07931034 0.06396551 0.04939655 0.02767241
