contrib/geomasonDemos/riftland/DataFiles/RainData/74.txt
ncols         56
nrows         54
xllcorner     28.264
yllcorner     -5.7719999999999
cellsize      0.25
NODATA_value  -9999
[rows 0 to 26 of 54, columns 0 to 55 of 56]
0 0 8.200295e-005 0 0 0 0.0005800861 4.911732e-005 0.000114645 0 0 0.0009171208 0.0007808334 0.000268383 0.0003806954 0.0002991869 0.0003586632 0.0009051013 0.003209754 0.006800367 0.003409217 0.0133675 0.01284044 0.007342754 0.0101195 0.02820741 0.0394155 0.05580134 0.04224886 0.06124745 0.07508317 0.05417256 0.05764871 0.0463613 0.05341763 0.05537009 0.05982464 0.07133708 0.08308785 0.07075983 0.05369911 0.05509986 0.05167808 0.03681147 0.03944359 0.05302089 0.03290093 0.02819734 0.0195294 0.0211229 0.01599913 0.009288781 0.01399786 0.01199768 0.01172501 0.002766117
0 0 3.281692e-005 2.189698e-005 6.568421e-005 0.0002694752 0.000857685 0.0006635058 8.184116e-005 9.821743e-005 0.0006713063 0.001827568 0 0 0 2.478193e-007 3.460917e-007 0.0006779031 0.0006276076 0.004243526 0.003826803 0.006577268 0.006017303 0.006121323 0.01410566 0.0442856 0.05282989 0.03981281 0.04153204 0.0370968 0.05616057 0.03995357 0.03985269 0.04488871 0.05729287 0.06802602 0.06673721 0.07723554 0.07171986 0.07016294 0.06206786 0.06300065 0.05129105 0.05072382 0.03979527 0.03948555 0.02750084 0.01956803 0.02244453 0.02920173 0.01132819 0.0086464 0.009329806 0.01176728 0.008579986 0.0004434419
3.265798e-005 4.359182e-005 7.092441e-005 0.0004381942 0.0006089298 0.001006119 0.0002851978 0.0003356879 0.0008682216 0.0007699257 0.001097344 0.002954171 0.00145241 0 0.0002603253 0.0001240598 3.357514e-007 4.094733e-006 0.001375654 0.005367707 0.006401507 0.008792509 0.003300132 0.003886797 0.009673583 0.03302933 0.04858401 0.04427845 0.04270298 0.05194232 0.05846692 0.05774239 0.07252946 0.08960465 0.06864241 0.08652022 0.06635074 0.07323441 0.0718857 0.07484748 0.08092425 0.06134185 0.06560212 0.05060502 0.03621094 0.04089035 0.04450108 0.02931876 0.01881482 0.01500798 0.0162791 0.01227559 0.01328765 0.009965443 0.003766106 0.0005229753
0.0001813388 3.84884e-005 0.0008375612 0.001367324 0.001090581 0.001008364 0.0003988071 0.001385606 0.002782494 0.001834129 0.003422665 0.004339214 0.002091558 0.0001220239 0.0001767881 0.0008710282 0.001529411 0.001695535 0.002383287 0.005862789 0.007565466 0.01098057 0.001503975 0.003925021 0.00559287 0.02719274 0.05037241 0.05378297 0.04513204 0.04876123 0.07160726 0.07450318 0.08416189 0.09139606 0.08630478 0.08325876 0.05861491 0.08573937 0.0818911 0.07050797 0.09981512 0.1120729 0.1041244 0.07001671 0.04089775 0.06930325 0.1214075 0.03376248 0.02729319 0.01715557 0.01432083 0.006511509 0.009169931 0.004623703 0.003774594 0.002112514
4.388871e-005 0.0003698598 0.0008982202 0.00152921 0.001532812 0.001404184 0.001593609 0.002865032 0.002341403 0.0003730358 0.0004890951 0.001152926 0.0009620719 0.001283064 0.0002028288 0.0004229621 0.001699409 0.002733855 0.004187078 0.008381485 0.01080659 0.009877788 0.003061288 0.008344173 0.01670362 0.01984048 0.02975881 0.03982481 0.04775265 0.03549109 0.0475997 0.04862899 0.06216186 0.06735681 0.06092682 0.05474607 0.05844719 0.0862987 0.07230279 0.08000966 0.1280981 0.1048504 0.09651642 0.07869986 0.04524707 0.03237218 0.03964403 0.01689808 0.01503137 0.01529651 0.01202186 0.006156412 0.00550838 0.004739369 0.003814659 0.002177804
0.0004409706 0.0004358217 0.0007355383 0.0003087578 0.0009783988 0.001064974 0.001087506 0.001103083 0.0007795706 0.0006466783 0.0002486426 0.001119448 0.0006135585 0.0005687545 0.0004488296 0.0008076248 0.003456565 0.003786881 0.007597766 0.009787322 0.009074012 0.007743462 0.008334486 0.02906046 0.04493066 0.03584998 0.04488974 0.07275027 0.05081053 0.03494879 0.04141662 0.04910216 0.03506653 0.05018749 0.06163764 0.04683035 0.05168125 0.07275298 0.05512886 0.05950818 0.1105687 0.1002794 0.05428004 0.04242222 0.03499952 0.02490284 0.01952867 0.01335675 0.01156981 0.009786963 0.008913448 0.006099318 0.005435918 0.004687133 0.003762329 0.002143861
0.0007905656 0.0006971703 0.0002979664 0 0.0003478065 0.0005366598 0.0003213344 5.80277e-005 0.0001989669 0.0003564334 0.0003564634 0.001161062 0.000621871 0.0006966973 0.0005785305 0.0009834116 0.003293127 0.003634232 0.006027075 0.006881078 0.009255752 0.007526192 0.01334385 0.04933267 0.03758383 0.03685743 0.03271648 0.06044615 0.0462168 0.04391369 0.05113026 0.05831457 0.0406284 0.104263 0.06656062 0.04411975 0.05024653 0.04524415 0.0396377 0.04979444 0.06999309 0.07251392 0.04465242 0.03177982 0.02918847 0.02008116 0.01752652 0.0122547 0.01056258 0.009291126 0.008467513 0.005797097 0.005178349 0.004584153 0.0036477 0.002174711
0.0008899355 0.000974201 0 0.0002938099 0.0004366099 0.0003862457 5.037891e-005 0.0002855237 8.923131e-005 0.0002847021 0.0004252224 0.0005225113 0.0005305703 0.0004387156 0.000497575 0.001343898 0.002292457 0.004786396 0.004103151 0.006661379 0.01520542 0.02170555 0.04039145 0.05772428 0.02023687 0.01782379 0.03981299 0.04675132 0.04421594 0.02410639 0.05354471 0.062023 0.0593153 0.0908372 0.06912664 0.08310244 0.05240773 0.02912552 0.04236189 0.04776718 0.04948099 0.05674453 0.0300318 0.0169976 0.0206294 0.008396173 0.007614512 0.007693812 0.006847857 0.006116099 0.00557511 0.0009191311 0.0008231892 0.001073791 0.0007999068 0.002044834
0.0003524883 0 0.0001175192 0.0003022462 0.0003946459 0.0005711095 0.0001175674 0.0001173759 0.0003993857 0.0004380175 0.0007612817 0.0009050164 0.0003926254 0.0007549899 0.0009219205 0.001160318 0.001049827 0.002334406 0.001499223 0.00235687 0.01320433 0.02226426 0.02754718 0.03312027 0.02658623 0.01955601 0.03079844 0.04083809 0.03279449 0.01717343 0.04342083 0.05292424 0.05083838 0.06109587 0.0433115 0.0733371 0.07286491 0.02231716 0.0467517 0.04441687 0.04262385 0.02991824 0.02549589 0.03114293 0.008300593 0.01206723 0.006826847 0.007750952 0.00634045 0.005784539 0.005277197 0.0008677577 0.001088945 0.001354685 0.00103226 0.00212288
1.21566e-005 0.0003511227 0.00184131 0.0008190935 0.001432132 0.0011395 0.0006707431 0.0006799385 0.0008862652 0.001039601 0.0008243291 0.0007148614 0.0004215474 0.0003919491 0.0004784827 0.000583523 0.002100337 0.001547046 0.0008564671 0.008489472 0.01372292 0.0120179 0.03027459 0.01504914 0.02065308 0.0183037 0.01450511 0.0201391 0.02482326 0.02644287 0.01339581 0.02779606 0.03648124 0.03073847 0.02691916 0.04036586 0.03864039 0.03280005 0.04366246 0.04866429 0.05033868 0.02077237 0.02854476 0.02665654 0.01224594 0.01073161 0.006049606 0.006358676 0.005929488 0.005479234 0.005020765 0.0008303715 0.001272794 0.001574392 0.001266058 0.002220773
0.00113538 0.002925243 0.004289496 0.0009195744 0.001501077 0.002099803 0.002997245 0.005151031 0.004244954 0.003152516 0.001592935 0.0007427985 0.0007652465 0.0004107114 0.0001353468 0.00134015 0.005873214 0.003483962 0.0004071818 0.009589184 0.007014256 0.01130073 0.02074352 0.009348073 0.02075978 0.0195326 0.0125109 0.01904295 0.04374665 0.03464356 0.006067651 0.02013828 0.02123246 0.03400474 0.02386144 0.03597066 0.04764706 0.02384201 0.02909194 0.03204853 0.0520964 0.02566572 0.02375087 0.02228432 0.01462366 0.006194279 0.005650344 0.005993403 0.005644676 0.005247576 0.00479224 0.001160502 0.00164512 0.001894657 0.001556464 0.002373188
0.006512816 0.00872677 0.01004689 0.0206939 0.01897708 0.008712856 0.01773 0.01059076 0.005934258 0.005277616 0.004332439 0.002454868 0.001035081 0.0008827705 0.001346989 0.007395702 0.01366049 0.009795523 0.002221021 0.00309991 0.01068892 0.008974942 0.01560282 0.02508184 0.0286889 0.01256137 0.008092746 0.005071151 0.0210787 0.01838377 0.01071023 0.02712164 0.04894105 0.0366036 0.03045657 0.03721031 0.04687106 0.0199822 0.02270613 0.03481328 0.02889971 0.01467671 0.01916068 0.0241668 0.01328927 0.005617803 0.005359442 0.005827199 0.005531348 0.005258765 0.005283277 0.001795131 0.002148879 0.002338402 0.001964209 0.002846381
0.02019315 0.02584781 0.03286834 0.08215868 0.06366094 0.06781302 0.09634329 0.01456467 0.008791868 0.005690597 0.01020534 0.01032863 0.0003904863 0.0004139509 0.001893232 0.00153657 0.002025211 0.01363266 0.004779727 0.008448272 0.02094338 0.0144034 0.02769935 0.03651021 0.01201835 0.007992687 0.01058488 0.01091577 0.002554538 0.006038403 0.02596143 0.05954235 0.01970861 0.009865153 0.0141954 0.02276709 0.03192903 0.03562883 0.03236823 0.03035624 0.02574403 0.02259508 0.02211905 0.02150941 0.02339074 0.00514789 0.004971758 0.005433294 0.01078739 0.005474623 0.005509198 0.002366647 0.002623235 0.002711053 0.002310753 0.003104341
0.02072555 0.02146266 0.04068925 0.1454324 0.1033008 0.100774 0.07282872 0.01897512 0.009732014 0.007987142 0.0212888 0.01550984 0.001913616 0.0007790477 0.003638086 0.005447007 0.003095975 0.004686903 0.001021113 0.008232058 0.01774549 0.02212977 0.04341852 0.01716883 0.003153276 0.002305191 0.006951996 0.004215565 0.002374062 0.01374596 0.02427666 0.0256316 0.01074225 0.007966316 0.009800046 0.0186455 0.04424231 0.0595118 0.01506352 0.01255352 0.01598966 0.03007092 0.02942481 0.04355166 0.02746321 0.01954274 0.004656282 0.005050595 0.005145051 0.005567996 0.005627981 0.002914164 0.003014772 0.003027746 0.002590849 0.003137488
0.03449107 0.03875854 0.04185602 0.09538238 0.1470092 0.1381922 0.07862937 0.02900233 0.0251862 0.00472265 0.01711397 0.0066524 0.004620466 0.006119298 0.008676612 0.01188045 0.006865281 0.004675422 0.01134052 0.008918211 0.01144061 0.03423198 0.03079009 0.005676658 0.005483944 0.004100719 0.0003307735 0.002699466 0.001413303 0.009286408 0.009766553 0.007959985 0.009348962 0.01066418 0.0252755 0.0281604 0.0344765 0.04103896 0.03765018 0.03248745 0.02684889 0.02793226 0.04529447 0.01403434 0.004982837 0.01531475 0.004283538 0.005660231 0.005087946 0.005430955 0.005659959 0.003202549 0.003205303 0.003070778 0.002586895 0.002991504
0.08213273 0.07158131 0.04604528 0.1129716 0.1527076 0.1167851 0.1553527 0.1111635 0.03293784 0.006552551 0.005720083 0.007419311 0.006574964 0.01282566 0.01308764 0.01205091 0.0122408 0.01087128 0.02962088 0.01244559 0.00858146 0.0215251 0.02680795 0.002554896 0.0003600809 0.0004011373 0.000507196 0.0002141887 0.0001526398 0.003087373 0.003665174 0.00409979 0.006986761 0.007488094 0.02212074 0.02551469 0.01710902 0.0233051 0.01612689 0.03654384 0.0312814 0.05198849 0.03270602 0.04777833 0.01810711 0.0006855798 0.0009751036 0.01611572 0.002580766 0.003337017 0.003809443 0.003525663 0.003443409 0.003184572 0.002688346 0.002687559
0.1266311 0.04852775 0.08660235 0.2512776 0.1762108 0.1077732 0.1252802 0.1007863 0.04021684 0.05128902 0.02056517 0.01040014 0.01557991 0.0146939 0.009580852 0.00298384 0.008588129 0.03049423 0.03167287 0.01160342 0.04533266 0.03217861 0.040646 0.002814325 0.002834528 0.00040553 0.001620984 8.146116e-005 7.41558e-005 0.000123724 0.0004979263 0.003818084 0.007107686 0.01000673 0.008781713 0.006014585 0.008971572 0.01318577 0.00701124 0.01882884 0.03501523 0.03667275 0.0820955 0.06532014 0.008129787 0.003135381 0.001486856 0.001882381 0.0164442 0.003768279 0.004014263 0.003722448 0.003514306 0.003175739 0.002646557 0.002740118
0.1596644 0.06163635 0.1187081 0.2142872 0.09838829 0.06275555 0.0794104 0.06359658 0.05260515 0.04285242 0.04676399 0.02452311 0.04120569 0.02585518 0.03022355 0.0420827 0.02231041 0.02740194 0.03008475 0.03535575 0.04633032 0.05412482 0.02517094 0.006328899 0.005134051 0.003446296 0.00235891 0.0001681686 0.0001918085 0.00578555 0.0002157012 0.003260755 0.004388456 0.009958874 0.004763912 0.006589162 0.007502837 0.006426677 0.01004263 0.006761388 0.0179259 0.006552957 0.04004415 0.03330407 0.0159048 0.01504856 0.003015608 0.002468073 0.003471683 0.004165103 0.004277234 0.004149827 0.003836823 0.003386532 0.002807698 0.002878264
0.1340866 0.1632821 0.1889277 0.1633516 0.1284798 0.07029773 0.1955816 0.1892131 0.07361744 0.03118625 0.009964879 0.02727151 0.06928297 0.03758449 0.03943004 0.0348738 0.03600986 0.05415678 0.1254801 0.1130631 0.0967843 0.07809455 0.04541342 0.04077442 0.01211879 0.005268666 0.0046567 0.0003087671 0.0004258172 0.002736242 0.005330725 0.01271095 0.005753907 0.006548219 0.006261911 0.00538282 0.00625645 0.006541315 0.008095927 0.006771813 0.01871031 0.03317928 0.006773744 0.0122983 0.02008159 0.01002869 0.005590598 0.0164935 0.004912446 0.005502532 0.02611812 0.005555305 0.00508363 0.004595039 0.003937835 0.003886062
0.2434831 0.3314802 0.2694802 0.2008841 0.1286256 0.06449359 0.1454573 0.05007819 0.03169249 0.02899807 0.007029762 0.01907429 0.01682664 0.02119943 0.04653451 0.04432559 0.04105013 0.1117323 0.1095662 0.1296508 0.1008084 0.06143927 0.02048508 0.01573554 0.009843818 0.007376918 0.008393798 0.006244799 0.006360132 0.003619863 0.00380034 0.01195219 0.01119848 0.007949032 0.008782193 0.006277862 0.007514086 0.007156748 0.007105581 0.006933626 0.02160459 0.02173265 0.006148983 0.00571895 0.005747358 0.008902796 0.006680969 0.004763219 0.005159168 0.005436194 0.009183844 0.005477788 0.004917943 0.004411977 0.003818093 0.01149607
0.2575963 0.480941 0.3071256 0.279461 0.2048887 0.1056096 0.07398488 0.06891875 0.05227165 0.04636476 0.0108399 0.007922506 0.009538591 0.02768553 0.1306346 0.05482816 0.05068936 0.08241678 0.1036055 0.1373519 0.08153533 0.09659713 0.08067451 0.02752437 0.01677792 0.01212378 0.01143618 0.008730185 0.008794202 0.007733117 0.004700114 0.009386819 0.01204928 0.008387057 0.009571904 0.006316615 0.006990262 0.007299903 0.007161224 0.007355503 0.006815155 0.006967464 0.005525087 0.004722584 0.005220403 0.00997541 0.004795113 0.004456372 0.004959391 0.005254067 0.005297471 0.005310191 0.007686171 0.004118143 0.003658894 0.02016522
0.2245409 0.3526079 0.2870229 0.2812882 0.2258752 0.1542495 0.08043757 0.047538 0.0544755 0.01566015 0.004755368 0.006288083 0.006658068 0.02089256 0.03806405 0.1086031 0.09687799 0.1092233 0.1121777 0.1513387 0.1100077 0.07192786 0.0961734 0.06332084 0.06384225 0.02363111 0.01513236 0.01742852 0.01540063 0.01368424 0.01122126 0.01007878 0.01581018 0.01435921 0.01209234 0.007451291 0.008000053 0.008289542 0.008070152 0.008409671 0.007373732 0.006767106 0.006493185 0.005004575 0.004479537 0.004874845 0.00416184 0.004205575 0.004401793 0.004673648 0.004794693 0.004807657 0.00416 0.004513672 0.004402864 0.01824095
0.2286386 0.2416551 0.1802921 0.1183107 0.1185826 0.08873969 0.04660788 0.06484314 0.0214733 0.00732596 0.00815683 0.0097074 0.00814788 0.03408102 0.06405126 0.09489243 0.07182268 0.143658 0.1722144 0.2300225 0.1490688 0.09289632 0.06315623 0.03838875 0.06181538 0.0419854 0.02630379 0.01887506 0.01177861 0.01094402 0.01103672 0.01122037 0.01357666 0.02523463 0.02698666 0.02013707 0.009857473 0.01008579 0.01588659 0.008989768 0.01540951 0.007826259 0.007720027 0.004398543 0.004147329 0.003887671 0.0039165 0.003777158 0.00406814 0.004285941 0.00436257 0.004380309 0.003771538 0.003254852 0.005033071 0.00316741
0.1531708 0.09987191 0.1065339 0.05274966 0.0601059 0.05667518 0.06162067 0.173243 0.04813118 0.00783399 0.009830203 0.02244702 0.04905003 0.06118779 0.07183682 0.04727249 0.05443783 0.1158304 0.20562 0.1209247 0.08166748 0.03942546 0.02797163 0.03553669 0.04261322 0.04653449 0.0297449 0.02709689 0.02022903 0.01897418 0.01899602 0.01883186 0.01882832 0.02256544 0.0309756 0.01872817 0.02072637 0.02166058 0.03496674 0.02904955 0.0139571 0.01241488 0.01049971 0.004815554 0.003290052 0.002901441 0.003658303 0.00297986 0.003291451 0.004256826 0.003756338 0.00390072 0.003363029 0.002840449 0.002560615 0.002700986
0.1746338 0.1466398 0.08413792 0.06664294 0.05040172 0.04068728 0.0479467 0.2171128 0.04371853 0.02405576 0.03821987 0.03323621 0.09952067 0.09512573 0.09008203 0.087705 0.05774897 0.0427708 0.0731999 0.09388505 0.0659166 0.06487191 0.06724653 0.06084453 0.07563918 0.0423171 0.03224637 0.0321921 0.02609303 0.02992538 0.02689677 0.02553808 0.02233926 0.03366796 0.03323812 0.03121818 0.02255013 0.02145141 0.02536795 0.01701353 0.01560267 0.02180311 0.01137191 0.004858515 0.004956828 0.002516529 0.003458039 0.001354939 0.001899096 0.002554382 0.002865351 0.003206136 0.002808658 0.002304943 0.002148614 0.002362404
0.1923011 0.1576874 0.1271734 0.1255784 0.08452041 0.1081957 0.1090968 0.07595359 0.02981196 0.06537745 0.04359828 0.1217472 0.1761611 0.1320786 0.156982 0.1260728 0.09135103 0.04944421 0.06911743 0.06113942 0.0849411 0.1424285 0.1465384 0.1240515 0.107349 0.0801651 0.04300499 0.03558991 0.05673613 0.05244328 0.03262356 0.02794431 0.02743868 0.04021166 0.04591636 0.0333599 0.02647624 0.02370821 0.02334638 0.02105507 0.01814202 0.01579841 0.0131721 0.005507444 0.003906236 0.002818426 0.006593296 0.005752 0.0009733958 0.001161732 0.001708694 0.002231338 0.00204383 0.001702235 0.003982494 0.001884508
0.219731 0.1096947 0.06942444 0.1014066 0.2557914 0.1159326 0.06290474 0.06517453 0.05035022 0.04041773 0.09681562 0.1922335 0.2425183 0.2009525 0.1622834 0.1487104 0.1409735 0.1020642 0.0593153 0.06194472 0.09776299 0.229409 0.1781409 0.14724 0.1457729 0.07792003 0.05285907 0.05196609 0.06653656 0.05771875 0.03641759 0.0310113 0.03019656 0.04334794 0.04029755 0.03334063 0.04189741 0.03536782 0.02753871 0.02672754 0.02116912 0.01861325 0.01526289 0.007628548 0.004676145 0.003335795 0.006321714 0.01473788 0.01179175 0.0009876523 0.0009467285 0.002927433 0.002139606 0.001073216 0.001558612 0.002303997
