contrib/geomasonDemos/riftland/DataFiles/RainData/78.txt
ncols         56
nrows         54
xllcorner     28.264
yllcorner     -5.7719999999999
cellsize      0.25
NODATA_value  -9999
[rows 25 to 49 of 54, columns 0 to 55 of 56]
0.1434482 0.1557759 0.1973973 0.1934277 0.1298856 0.1230176 0.164188 0.04952209 0.06279918 0.02520465 0.024139 0.02675849 0.03427123 0.03852758 0.05220154 0.06090594 0.05827961 0.03542987 0.03698473 0.06989641 0.07650309 0.07395802 0.1103347 0.1295827 0.126744 0.104517 0.0854225 0.1130652 0.1092308 0.07845225 0.06094777 0.0619212 0.05463755 0.05286951 0.03511244 0.007933146 0.004237016 0.002173035 0.001969521 0.002812389 0.002745213 0.00224597 0.002143783 0.001390292 0.001328597 0.001432117 0.00980946 0.007354063 0.001412382 0.002674468 0.006705228 0.009752141 0.005757962 0.01298242 0.0298834 0.01263806
0.1685839 0.1482559 0.1217771 0.1586855 0.1032133 0.160449 0.1213753 0.04133813 0.01168242 0.003202859 0.04829445 0.03797193 0.03261036 0.04704496 0.03657855 0.0593573 0.04522537 0.05191657 0.05667844 0.07852946 0.08564181 0.1118825 0.1083506 0.1180624 0.1289756 0.1254888 0.1178136 0.1347532 0.1205369 0.08482378 0.07165138 0.07239524 0.06353193 0.07350337 0.03322614 0.008710383 0.006432286 0.002449868 0.00222387 0.005601592 0.005868156 0.004659721 0.002705466 0.002487544 0.002188899 0.001546261 0.006630655 0.005655816 0.005506017 0.001984605 0.003652439 0.0230244 0.01579495 0.006424148 0.01589132 0.009128445
0.1218841 0.1606375 0.1287989 0.1651954 0.1091397 0.1273713 0.1247913 0.03315763 0.02075585 0.01499053 0.0332641 0.03157175 0.02541795 0.04052201 0.06642813 0.05020924 0.04374535 0.07095666 0.07497115 0.09017482 0.104514 0.108459 0.1333791 0.1340196 0.1398389 0.1185849 0.1340726 0.1055572 0.1183052 0.1129021 0.09769695 0.0753841 0.06224203 0.05111219 0.03644129 0.01291842 0.007268041 0.004472887 0.003755456 0.004503862 0.005196966 0.006727704 0.004886782 0.002076356 0.005111708 0.007476395 0.003837314 0.002652053 0.005273868 0.008919032 0.01392717 0.02524398 0.03395849 0.03586457 0.02811352 0.01980356
0.1645077 0.1566978 0.1255872 0.1305199 0.1038507 0.09641339 0.07555906 0.04440049 0.04522491 0.02387152 0.01861548 0.02316852 0.05497203 0.05361851 0.04173371 0.06396317 0.05335701 0.08619962 0.06239475 0.07844254 0.07646241 0.1059146 0.1570537 0.1556124 0.1655645 0.1586503 0.1325783 0.1223213 0.1247545 0.115871 0.1144611 0.101938 0.080736 0.04743244 0.03607089 0.01427171 0.007659661 0.004562727 0.005475312 0.005348207 0.007081324 0.007427728 0.005670697 0.002833257 0.005798341 0.004870872 0.007912646 0.00434381 0.006113383 0.01552879 0.01770507 0.02587156 0.03965058 0.03288875 0.04060362 0.02578956
0.2255891 0.1508839 0.0931474 0.09684038 0.04861711 0.04798219 0.05511437 0.029005 0.02036015 0.01164045 0.005345032 0.01279278 0.01890676 0.01578474 0.01944631 0.07613365 0.0372365 0.08860601 0.07809366 0.06656414 0.0598842 0.08907894 0.101588 0.1428752 0.1597107 0.1576506 0.1415091 0.1338913 0.1317046 0.1221396 0.1101355 0.09998873 0.08758535 0.04706537 0.03683941 0.01505583 0.007999238 0.006777356 0.009959942 0.005283366 0.007706976 0.005595522 0.004477351 0.003356419 0.004131667 0.004401387 0.008182424 0.004124571 0.00552672 0.009298569 0.02065836 0.02576815 0.04040432 0.05926378 0.06179471 0.05601998
0.1833114 0.1483983 0.1069965 0.04431142 0.03273633 0.0130201 0.007766481 0.01395715 0.01439995 0.006213209 0.004978837 0.01000022 0.02176318 0.01899238 0.01455081 0.01426233 0.03013068 0.03495982 0.02656547 0.06745911 0.06776908 0.13566 0.07187707 0.1001272 0.1357688 0.1123017 0.1368836 0.1409983 0.1535566 0.1237624 0.1024408 0.0863523 0.07347976 0.04240124 0.03388169 0.02833739 0.01363074 0.005600655 0.008409633 0.005697548 0.005108 0.004814864 0.006443941 0.003189913 0.003332878 0.004629883 0.007011473 0.007665829 0.00970073 0.01969303 0.02154408 0.03085114 0.05305804 0.07117432 0.06540897 0.06199104
0.15988 0.1482622 0.08042767 0.02251484 0.009456384 0.003324114 5.455748e-005 0.005105308 0.008696262 0.007963303 0.004979922 0.008339669 0.03705836 0.04135885 0.009895703 0.02072048 0.02719995 0.05406611 0.04297005 0.07151511 0.08695994 0.08369911 0.08168624 0.09939789 0.1314239 0.120827 0.1049626 0.1197583 0.132047 0.1289687 0.08834127 0.06974772 0.07662649 0.04248013 0.0266427 0.04116022 0.04446108 0.009146863 0.008298877 0.005177849 0.006347178 0.008156345 0.01306353 0.009108994 0.002365947 0.003920753 0.005454931 0.01736602 0.01899747 0.03010407 0.02493194 0.02286024 0.05314104 0.08102459 0.07523116 0.1177997
0.1639139 0.08858879 0.04145309 0.003745237 0.0006605806 3.646823e-005 0.001104274 0.01835459 0.006785445 0.002349552 0.007494929 0.004735861 0.0136682 0.03088271 0.009964987 0.02070802 0.03972564 0.05042459 0.07646234 0.07855272 0.09961679 0.08231997 0.07170502 0.0907806 0.1202388 0.1076331 0.09243187 0.1106773 0.1309867 0.1279959 0.08107908 0.05033423 0.0510953 0.04986357 0.02779649 0.01688222 0.01303216 0.009894666 0.008878532 0.006503499 0.008592497 0.009463796 0.01576824 0.01598441 0.0111142 0.01080219 0.008850529 0.02054623 0.03598711 0.03740738 0.0814094 0.07524268 0.1140061 0.1257382 0.08405155 0.1307695
0.133311 0.06118503 0.01458822 0.009495394 0.004926739 0.003837169 0.002608318 0.003334648 0.001116932 0.003077847 0.005136999 0.004496194 0.01411353 0.07616697 0.04252236 0.03550328 0.01868034 0.03151114 0.03298607 0.05313725 0.08805636 0.07727201 0.06557001 0.07515006 0.0768865 0.09678318 0.08942737 0.08942135 0.0957158 0.1022488 0.07196572 0.0414072 0.04012216 0.03048871 0.02356508 0.01709023 0.01471564 0.01084103 0.008717696 0.007250071 0.007186753 0.01494015 0.02127849 0.04842473 0.04645156 0.03724543 0.03100553 0.07637022 0.1202796 0.1288096 0.1587625 0.1554257 0.174421 0.1478788 0.09036547 0.1393488
0.0730471 0.05648172 0.01509748 0.00864382 0.008641872 0.004155619 0.003079001 0.0007641563 0.001193087 0.001380338 0.001453816 0.006721612 0.001890115 0.02108016 0.04690485 0.007368552 0.02601627 0.02602891 0.04802505 0.06123782 0.06657473 0.05827325 0.05007673 0.06168428 0.0772748 0.08557899 0.06945948 0.06914491 0.06882758 0.07415839 0.05918137 0.03286364 0.05745401 0.02424184 0.01639802 0.01237742 0.01306465 0.008829204 0.007944081 0.006903225 0.00660603 0.01229836 0.02442961 0.06077475 0.06245691 0.06996606 0.07612301 0.1531254 0.1957002 0.245017 0.3331596 0.3115772 0.2982237 0.2277318 0.2055714 0.1511433
0.1179423 0.05601339 0.02847793 0.005519137 0.00425559 0.004644349 0.0006778403 0.0005172701 0.0005366706 0.0005588526 0.0005839129 0.003930685 0.005234407 0.01138973 0.01056109 0.03400939 0.03852609 0.03448718 0.04590164 0.0494566 0.0810954 0.02764001 0.03049413 0.05539984 0.05974085 0.08602218 0.06548137 0.05095916 0.039831 0.05173057 0.03450877 0.01713915 0.01353028 0.009741182 0.008422734 0.00798328 0.00807153 0.006945986 0.006075149 0.006282862 0.0070391 0.01519833 0.0292648 0.04373618 0.05065345 0.09401544 0.1266692 0.1876821 0.2367747 0.312284 0.399493 0.347598 0.362235 0.3946485 0.3488143 0.214584
0.03142794 0.0106783 0.01191356 0.004396468 0.005083677 0.002865016 0.003012009 0.0005029061 0.0005238372 0.0005425649 0.000554242 0.00324732 0.005382488 0.005755125 0.01783307 0.02603855 0.02422259 0.02306577 0.03383818 0.03267591 0.03524005 0.01414376 0.01386035 0.04271675 0.07392916 0.07364615 0.07631831 0.05120268 0.03780539 0.0262086 0.02151785 0.01613181 0.0122744 0.006581549 0.006208682 0.005586317 0.005407902 0.005324315 0.006663774 0.008176669 0.007028977 0.01139787 0.02032772 0.0410586 0.05939287 0.08327006 0.1251354 0.2207512 0.2816098 0.3244525 0.428319 0.412731 0.5479418 0.6437553 0.4929838 0.4281438
0.01542765 0.01485631 0.005216879 0.0008741707 0.001066778 0.0005304542 4.62143e-005 0.0008649016 0.002288613 0.0005157852 0.0005199198 0.006089312 0.003705259 0.00332093 0.008086511 0.009482443 0.02544289 0.0134931 0.008125696 0.005860845 0.01099028 0.01359565 0.04364507 0.03427746 0.06075534 0.06830553 0.05734722 0.04519342 0.0392908 0.02380908 0.01653673 0.009014193 0.006360913 0.004807996 0.004379592 0.0043544 0.003934582 0.006311974 0.008723974 0.002738059 0.003131964 0.008922656 0.02067419 0.05550092 0.07423755 0.09920029 0.173255 0.2447901 0.3003173 0.3227313 0.4386386 0.523244 0.7233973 0.68006 0.6068882 0.4634583
0.02107096 0.01548931 0.004699612 0.001837864 8.215102e-005 0.000246531 0.001066965 0.003804502 0.001548943 0.0004750593 0.001070324 0.005180574 0.001074176 0.001407167 0.0050065 0.008975121 0.01058904 0.005648989 0.004864274 0.01637525 0.006179729 0.00556819 0.01716823 0.03518276 0.05558874 0.04098564 0.0361519 0.02533876 0.01930147 0.01863454 0.01409237 0.008173156 0.005922088 0.004505966 0.004108259 0.004146648 0.004042229 0.006493842 0.006318547 0.005889305 0.005521586 0.0169744 0.02286814 0.06909112 0.09765182 0.1183506 0.206768 0.2905806 0.3334742 0.3749411 0.5302382 0.6090308 0.666357 0.5607477 0.5381888 0.5300833
0.01948652 0.005590531 0.001567189 0.0001765067 3.694022e-005 0.001508553 0.002245894 0.002360615 0.002946376 0.0004552254 0.001357469 0.00120431 0.0005839444 0.009458728 0.02026407 0.01815492 0.01134267 0.002531479 0.0009892631 0.005048096 0.002553676 0.003724057 0.005475296 0.02410327 0.03756016 0.03723436 0.02318251 0.01288514 0.01206318 0.01084747 0.009166085 0.008110422 0.00671149 0.005033788 0.004970107 0.002819811 0.002619462 0.003187517 0.00537037 0.01431951 0.01170607 0.02226265 0.04694602 0.08375324 0.1054811 0.160054 0.2513744 0.2604308 0.324901 0.5429408 0.6677607 0.4767886 0.4495966 0.5349798 0.6193718 0.5274584
0.01374494 0.00140828 0.001084501 0.0003599531 2.993989e-005 0.001351334 0.001498627 0.00174157 0.00444904 0.0003942425 0.0003984034 0.0007139409 0.0007142252 0.0005332743 0.001504815 0.0006315433 0.0002852074 0.0004084859 0.0007144815 0.00148907 0.001921636 0.002769622 0.004042757 0.01455012 0.01364651 0.03097958 0.01057581 0.009816501 0.009403609 0.008620579 0.007453314 0.006809733 0.008139784 0.00696095 0.006081356 0.002639519 0.002222158 0.00317279 0.00641925 0.01284614 0.00992701 0.02110024 0.04277583 0.08727334 0.1205502 0.1754208 0.252052 0.3438469 0.5023999 0.5887204 0.5111988 0.3177469 0.3524757 0.3758182 0.5367298 0.5562084
0.01066621 0.001829237 9.200806e-006 2.166023e-005 0.0007305708 0.001790675 0.001978296 0.0002964305 0.0003310973 0.0003559985 0.0003696433 0.0004999966 0.0005178488 0.001086936 0.0005945317 0.0002268651 0.000210536 0.0003105866 0.0005254864 0.002553308 0.00333934 0.004311238 0.003043263 0.01727478 0.01773752 0.0103831 0.006963128 0.007781273 0.007647357 0.007193245 0.006485675 0.007639617 0.006219265 0.006191318 0.007745704 0.002697742 0.002570492 0.003634509 0.006250914 0.008654906 0.01183447 0.02495469 0.04328341 0.0806879 0.1002281 0.1666923 0.2108344 0.3426814 0.4712406 0.3934816 0.4049076 0.2638498 0.3473568 0.3417857 0.3719077 0.394
0.01279968 0.004793068 0.001723069 1.7545e-005 0.0007179343 0.0008800511 0.0005667126 0.0002591124 0.0002874312 0.0003201209 0.0003538332 0.0005028049 0.0005447453 0.0005620992 0.0005517181 0.0002775037 0.0002725802 0.0003545771 0.0005207502 0.003353676 0.003994918 0.001829018 0.002575851 0.007507239 0.005462506 0.005946117 0.005989091 0.006805954 0.00684564 0.01242104 0.05573814 0.006963793 0.006478898 0.007563502 0.005177764 0.007125147 0.0207694 0.006120257 0.01052857 0.01857053 0.01779993 0.02094655 0.03357531 0.07656986 0.1052629 0.1438648 0.2060176 0.3052293 0.2549477 0.3582024 0.4370232 0.2928168 0.3435538 0.346405 0.2832347 0.2895
0.01657545 0.005896939 0.001835198 0.0002804996 0.0002811984 0.0001638177 0.0001276402 0.0003026066 0.000182813 0.0002342311 0.0002789859 0.0004720814 0.000424401 0.0004549738 0.0004638071 0.0004623628 0.001537516 0.0005601667 0.0007223639 0.0007986582 0.0009429711 0.001242232 0.00168292 0.001004913 0.001205592 0.001328531 0.001381698 0.00165776 0.001718985 0.01813721 0.06037185 0.008369618 0.008337181 0.008008398 0.007092414 0.03163584 0.1499666 0.01045866 0.01005618 0.01409817 0.01738118 0.02740184 0.04385548 0.08211217 0.1070703 0.1338799 0.1758201 0.2053078 0.2503107 0.3231576 0.2858881 0.2246666 0.3213334 0.2218333 0.1708333 0.1875833
0.02092118 0.01630631 0.006530418 0.0001160909 0.0001680006 0.0002159299 9.792405e-005 0.0001581085 0.000149308 0.000219441 0.0002806744 0.0004718113 0.0004450905 0.0004924396 0.0005179341 0.0005324049 0.0005579002 0.0006481034 0.000716515 0.0007330104 0.0008189026 0.001013879 0.001306482 0.0007628129 0.0008996573 0.001011265 0.001108528 0.001395487 0.001497981 0.00202584 0.01021066 0.01197874 0.01463861 0.01307452 0.008353224 0.005884003 0.005955473 0.008006092 0.01133 0.01557012 0.01919299 0.02886818 0.04454515 0.08269925 0.105803 0.1334618 0.1560168 0.1454977 0.2211149 0.2997365 0.25933 0.1587916 0.1849583 0.158875 0.1127917 0.1278333
0.008332524 0.005121883 0.002095592 0.0001476039 4.25265e-005 0.0004087529 0.0001896787 0.0001119262 0.0001373502 0.0001839409 0.000253569 0.0004144871 0.0005031919 0.0005687558 0.0006092931 0.000638555 0.0006796162 0.0007295451 0.0007828389 0.0007543372 0.0008053262 0.0009266013 0.001109684 0.0006231788 0.0007078203 0.0008052642 0.0009145246 0.00119306 0.001309634 0.002358194 0.004915479 0.01042566 0.01420316 0.01417559 0.01382974 0.008683742 0.008330437 0.009279155 0.01308974 0.01790657 0.02191672 0.03110943 0.04556945 0.08441469 0.1152109 0.1412799 0.1480291 0.1623844 0.2426805 0.269435 0.254825 0.1347083 0.1509583 0.135125 0.074375 0.077
0.005125498 0.002844905 0.001458569 8.530702e-005 3.781464e-005 0.0001735734 7.981827e-005 0.0001154902 0.0001467694 0.0002054124 0.0002928297 0.0004865289 0.0005991908 0.0006794862 0.0007370238 0.0007789244 0.0008611756 0.0008849412 0.0009204592 0.0008631817 0.0008988907 0.0009799103 0.001098241 0.0005864794 0.0006430381 0.0008230791 0.0008100727 0.001053278 0.001331449 0.003745642 0.01368355 0.010888 0.01271728 0.01026724 0.01122623 0.007747025 0.0085466 0.01105033 0.01528789 0.02101549 0.02570083 0.03456056 0.04956153 0.08489652 0.1037692 0.1263264 0.1443316 0.1959625 0.2401924 0.28194 0.2595412 0.132 0.168875 0.09545834 0.06275 0.1015833
0.001702807 0.003051872 0.001543443 6.939503e-005 0.0001022993 2.421434e-005 6.782646e-005 0.0002168358 0.0003963803 0.0004169743 0.0003740207 0.0006285341 0.0008047019 0.0008883871 0.001002004 0.001101471 0.001192525 0.001242325 0.001267593 0.001253444 0.00127986 0.001330497 0.001400744 0.0004636454 0.0008071538 0.0005310844 0.000590733 0.0006170287 0.002303777 0.01072965 0.01106708 0.009041771 0.009645582 0.01008633 0.008494496 0.008009219 0.008272094 0.01125085 0.01599026 0.02977797 0.03566534 0.04867568 0.06234749 0.07311939 0.0968461 0.1034256 0.1541393 0.1821667 0.1829167 0.2422083 0.1397917 0.1125833 0.118125 0.06145833 0.06395833 0.09599999
0.0005921022 0.0007735115 0.0008502819 0.0001410733 9.884646e-005 2.171238e-005 2.437871e-005 0.0001362432 0.0001842954 0.0002768071 0.0004116233 0.0007092327 0.001012677 0.001013163 0.001112528 0.001270802 0.001375988 0.001421291 0.0014585 0.001388655 0.001395975 0.001398062 0.001384245 0.000484942 0.000429693 0.0004551835 0.0005016213 0.001310964 0.003310104 0.006126451 0.00798163 0.009211799 0.01004062 0.01089448 0.009427126 0.009222768 0.009136125 0.0125508 0.02129109 0.03277957 0.04004809 0.04881559 0.06414814 0.07716488 0.0942544 0.0985512 0.1449396 0.1838334 0.1540417 0.1609583 0.13375 0.08512501 0.1000833 0.07800002 0.06379167 0.06066667
0.0004614668 0.002075628 0.0003746182 0.00012384 8.678784e-005 9.906124e-006 0.0001258059 0.000139514 0.0001910185 0.0002899162 0.0004343249 0.0007478792 0.00097886 0.001075886 0.001185228 0.00135328 0.001470762 0.001511451 0.00150812 0.001452625 0.001567592 0.001417014 0.001345039 0.000403748 0.0003822967 0.000390895 0.0007941485 0.001724941 0.003270024 0.005629816 0.008592837 0.00964987 0.01075936 0.0108892 0.01041677 0.01049104 0.009738548 0.01331892 0.01939125 0.03417767 0.04981719 0.04969843 0.06024921 0.07664653 0.08243816 0.08751844 0.1198114 0.09829167 0.1360417 0.170125 0.1774583 0.1005417 0.08929166 0.053 0.05408334 0.05712499
