contrib/geomasonDemos/riftland/DataFiles/RainData/78.txt
ncols         56
nrows         54
xllcorner     28.264
yllcorner     -5.7719999999999
cellsize      0.25
NODATA_value  -9999
[rows 0 to 24 of 54, columns 0 to 55 of 56]
0.1954848 0.1761081 0.1606867 0.1672721 0.1495784 0.1516844 0.1362026 0.09659886 0.1192524 0.08666509 0.1451956 0.1384932 0.2275867 0.2353413 0.1629755 0.1357835 0.1158763 0.1349162 0.09971948 0.06807984 0.07453828 0.1245414 0.1448053 0.2108497 0.2621531 0.2366334 0.241276 0.3142965 0.2923888 0.2426885 0.2381604 0.261051 0.2736059 0.2601514 0.2640532 0.2447864 0.1665759 0.1358604 0.1530854 0.05457521 0.04912811 0.08430228 0.06429601 0.1986472 0.1339111 0.1058927 0.1100394 0.1011024 0.1439772 0.05397564 0.04116207 0.04345516 0.04719631 0.05206485 0.05975716 0.06325362
0.2375172 0.2198069 0.1758015 0.1656969 0.1495373 0.1786149 0.1964468 0.1794124 0.2311371 0.1081276 0.1504574 0.1450906 0.1797413 0.1664779 0.2395027 0.1391091 0.138728 0.1435893 0.09973072 0.1511954 0.1629985 0.1704432 0.1776147 0.234288 0.2199809 0.2454006 0.2327086 0.2444053 0.2541243 0.2157376 0.2226516 0.2814843 0.2276991 0.206468 0.2513557 0.2321911 0.1685463 0.1434306 0.1190597 0.04909374 0.05965356 0.09939192 0.0988126 0.1174008 0.09547018 0.1017848 0.118945 0.1577531 0.07628421 0.04014136 0.0528254 0.05185733 0.04413634 0.05102659 0.05853827 0.06459813
0.2338096 0.1997159 0.1675351 0.1531673 0.1546811 0.1803449 0.2147838 0.2132731 0.2173959 0.1460118 0.1164894 0.1695443 0.1252794 0.172197 0.330216 0.2679428 0.1513673 0.1302059 0.1054703 0.2968254 0.3519461 0.1650754 0.1034628 0.1822093 0.1897556 0.1735276 0.1974241 0.1991767 0.2458592 0.2156662 0.1920053 0.2320449 0.1932876 0.1794184 0.1825098 0.2258058 0.1901424 0.1663269 0.141999 0.1092623 0.06224168 0.08104109 0.08590543 0.1081793 0.1129723 0.1196227 0.1077472 0.02706108 0.01754795 0.0265734 0.04984859 0.05982116 0.04210226 0.04875056 0.05595177 0.06191487
0.1805823 0.1807091 0.1707116 0.1519993 0.1962245 0.2131216 0.280825 0.2150441 0.1574103 0.1690868 0.1669592 0.1223473 0.126058 0.1715212 0.1514564 0.1817638 0.1159952 0.1090458 0.1163628 0.1406787 0.1883831 0.1844443 0.1377422 0.1596297 0.1051528 0.1164516 0.1849315 0.2513874 0.2259746 0.1730125 0.1509911 0.1546126 0.1677364 0.1743413 0.2415577 0.2002714 0.1926381 0.1471725 0.1118105 0.06476172 0.07677484 0.09284385 0.08683176 0.07440139 0.1137601 0.03656823 0.0585252 0.009785228 0.00460897 0.01246228 0.02636216 0.03267089 0.03961625 0.04594695 0.05273133 0.05888114
0.2069494 0.1807063 0.1590873 0.1620195 0.1947978 0.2121056 0.2324816 0.1890875 0.1826729 0.2197377 0.2377627 0.1546435 0.196239 0.2731124 0.2167804 0.09784807 0.08481223 0.07492303 0.1125526 0.1250314 0.140104 0.1392572 0.1214914 0.1625115 0.09861626 0.09931388 0.09876103 0.1646488 0.1582177 0.09832152 0.1089197 0.1281676 0.1475003 0.1430122 0.1763454 0.1538395 0.1330887 0.1192715 0.08780313 0.09031136 0.1488574 0.1106805 0.1256289 0.0972034 0.05956276 0.04201272 0.04150156 0.02487852 0.004046868 0.01282085 0.02326478 0.03128359 0.0374226 0.04334762 0.04959529 0.05539923
0.1688239 0.1922722 0.1803652 0.1809832 0.2099812 0.2093219 0.2053542 0.1469005 0.1833103 0.1938585 0.2304959 0.2032585 0.2222275 0.2702675 0.2534306 0.1843897 0.1211216 0.09451136 0.1062978 0.1383006 0.1248079 0.0938108 0.06706976 0.106176 0.07238864 0.08647633 0.1148112 0.1600282 0.1529691 0.126549 0.1097102 0.1050802 0.1374571 0.1533114 0.114779 0.07922582 0.1063093 0.08355395 0.077877 0.1362032 0.1532948 0.1014059 0.08193898 0.08378659 0.06916967 0.08947314 0.02256969 0.008066533 0.00854684 0.01382204 0.02653647 0.0305352 0.03577567 0.04121207 0.04687008 0.05212796
0.2065561 0.2334675 0.2422774 0.2443327 0.2240685 0.2426603 0.212064 0.1511451 0.204072 0.208059 0.2015284 0.1797633 0.1850431 0.2318323 0.1766285 0.159965 0.132748 0.1120297 0.1253225 0.2345125 0.1954969 0.1061366 0.0889079 0.09288681 0.04872322 0.0871989 0.1270772 0.1349823 0.1451387 0.1225002 0.1167346 0.1070517 0.1170315 0.1714348 0.08416045 0.07550325 0.05746748 0.05340022 0.05560119 0.06835072 0.07799909 0.07799431 0.08344654 0.07509676 0.03107991 0.019221 0.006208073 0.005683505 0.01958623 0.0159834 0.02323333 0.03076901 0.04827253 0.04371926 0.04379477 0.04848301
0.3609156 0.2635216 0.2021241 0.227718 0.2660376 0.2846504 0.2463083 0.197736 0.1878203 0.1859531 0.193003 0.2146513 0.2014248 0.2024282 0.1825435 0.1781033 0.1838551 0.1694209 0.2345987 0.2434917 0.1998832 0.1337092 0.07552742 0.0508395 0.03937266 0.04850787 0.0524433 0.05413798 0.06027303 0.05811394 0.06178901 0.05390641 0.09540466 0.162049 0.07146837 0.04984958 0.05202441 0.04398416 0.05913599 0.04210204 0.03665449 0.02569849 0.01057666 0.005076479 0.00386344 0.008336577 0.001158746 0.005333108 0.01984293 0.02096773 0.02851048 0.02801471 0.06469902 0.05654074 0.04094889 0.04524981
0.3034833 0.2023044 0.2221746 0.2599743 0.2651995 0.2863527 0.261806 0.2506559 0.1983573 0.1733604 0.174773 0.2286035 0.2274746 0.2029446 0.2719592 0.2370665 0.1861735 0.2046906 0.257131 0.2231666 0.1478291 0.1410944 0.08854736 0.08257331 0.061148 0.0384587 0.01694824 0.01921022 0.03417037 0.01831559 0.02570696 0.04632118 0.03761421 0.06989181 0.03061028 0.0272202 0.06151829 0.03321958 0.03201748 0.009190376 0.008352072 0.00810131 0.003619547 0.01393677 0.02552005 0.01362462 0.004848459 0.009378026 0.02353388 0.04331838 0.05023617 0.02858701 0.0465862 0.0506017 0.03991209 0.0436716
0.2004426 0.1642197 0.224818 0.2237718 0.2443414 0.2789055 0.2680458 0.2503899 0.2072763 0.2067549 0.2392497 0.1938785 0.2900257 0.2063349 0.2003237 0.1682548 0.1812424 0.1592251 0.1483893 0.1210869 0.1767261 0.1118277 0.09716203 0.04929753 0.01981435 0.01058829 0.01548388 0.01026031 0.02270994 0.008878666 0.009721708 0.020625 0.02675124 0.03489554 0.01210725 0.0245126 0.03731139 0.01547284 0.01169849 0.01632199 0.004179168 0.002924501 0.001822607 0.003345021 0.0154894 0.01129523 0.002970237 0.01266508 0.01394613 0.02643174 0.05259718 0.03019317 0.03295908 0.03643142 0.03978886 0.04289306
0.246969 0.1557875 0.2281972 0.2208313 0.2147411 0.3136531 0.2985081 0.2723788 0.1950327 0.2036368 0.1991156 0.1888764 0.215632 0.214192 0.192975 0.1648513 0.1623762 0.1439727 0.1355133 0.1074723 0.1572388 0.09116422 0.07933164 0.03993902 0.01476852 0.007959947 0.01265799 0.01847274 0.003278851 0.004037924 0.002693095 0.01635146 0.03238121 0.02478799 0.01221916 0.01989322 0.0178861 0.004768482 0.002422434 0.01394959 0.01175107 0.003594004 0.001354145 0.007319162 0.004989026 0.004473466 0.006980273 0.01131973 0.01636419 0.02157703 0.02645437 0.02986466 0.0317299 0.03474696 0.0376712 0.04057923
0.2642412 0.2087547 0.2528841 0.2775378 0.271351 0.2243607 0.2604215 0.2296956 0.1986672 0.2310145 0.2894939 0.189216 0.1815046 0.2473826 0.2280763 0.1975329 0.1598012 0.1957702 0.1386798 0.1312092 0.0995298 0.05149739 0.02365543 0.02426371 0.02744922 0.02223104 0.02437308 0.007582952 0.006521542 0.006375518 0.008609019 0.01065804 0.01315286 0.01194935 0.01281373 0.001442372 0.001518873 0.002970517 0.003879007 0.008203517 0.01030613 0.01622027 0.007324746 0.02155958 0.02008976 0.009433351 0.01167723 0.01423022 0.01693524 0.01974707 0.02258496 0.02588956 0.02721048 0.02938565 0.03156232 0.03346828
0.3208816 0.2567239 0.1813596 0.241522 0.2500458 0.2740173 0.3255247 0.2777939 0.26858 0.2942867 0.3152216 0.3228637 0.2288634 0.2223183 0.2200872 0.2608973 0.2174213 0.1562638 0.1711236 0.1838154 0.1370589 0.05899569 0.02581945 0.01664003 0.0129127 0.01034866 0.01716172 0.004816504 0.00343432 0.003023623 0.00528734 0.005720853 0.005491714 0.004254804 0.005036948 0.006349575 0.008677843 0.01124414 0.01517158 0.01151872 0.0152695 0.01741562 0.01247198 0.01251829 0.01232399 0.01227335 0.01259339 0.01434519 0.02535252 0.02713191 0.02045299 0.03856956 0.02369344 0.02543884 0.0384318 0.04630257
0.2505923 0.2023188 0.1870921 0.2817438 0.2690459 0.311887 0.3080988 0.2855961 0.2192447 0.2463944 0.2584642 0.2310425 0.188105 0.2043012 0.1695268 0.2383409 0.2135122 0.1922762 0.1466691 0.1209896 0.1674305 0.1163137 0.03774611 0.03195934 0.0100486 0.007294095 0.006849802 0.002386963 0.001554562 0.004004251 0.001761822 0.001893784 0.004225559 0.0052302 0.007640198 0.01238966 0.01453304 0.01542221 0.01690092 0.01383986 0.03173332 0.01449352 0.01409032 0.01653794 0.0315097 0.01306642 0.02099046 0.02517563 0.01917457 0.02699113 0.05830466 0.06827726 0.03590489 0.03740018 0.07328361 0.08275711
0.2721334 0.2037377 0.1829902 0.2269128 0.15184 0.1617028 0.2435037 0.2418978 0.2303691 0.1900946 0.2235234 0.2142395 0.1866834 0.2080551 0.1887773 0.219678 0.2683728 0.276128 0.2159243 0.1906668 0.1549484 0.1635507 0.06708359 0.05965894 0.01213019 0.005796865 0.004648964 0.001888347 0.001185969 0.001202948 0.001281898 0.003043288 0.005133619 0.006538294 0.008989355 0.01461914 0.01657134 0.01744216 0.01894421 0.03355212 0.01487265 0.03254883 0.02333573 0.02437156 0.01418445 0.0133484 0.01095241 0.01149192 0.0298428 0.02367779 0.0605453 0.05861585 0.03836343 0.06412483 0.09370416 0.06612866
0.3556135 0.2651017 0.2625882 0.23716 0.166239 0.1751551 0.3868491 0.2323857 0.2096928 0.2339072 0.1851055 0.1844398 0.2052529 0.1611228 0.2349832 0.1994668 0.214306 0.2597589 0.2386049 0.2305002 0.1872021 0.1181228 0.08705676 0.04405283 0.01241069 0.003400369 0.00244378 0 4.903211e-005 0 3.374107e-005 0.001906012 0.003079594 0.00463526 0.006594906 0.01127956 0.01272468 0.01335653 0.01437342 0.01384366 0.0129313 0.01285191 0.0126929 0.01711833 0.01400306 0.01020292 0.0086196 0.00902073 0.02313278 0.01011052 0.02867202 0.01673518 0.02926967 0.03214658 0.04087231 0.01937015
0.2041516 0.1958107 0.2881991 0.2285723 0.1849851 0.2768346 0.2658268 0.3074213 0.2038652 0.1670186 0.1300427 0.1534985 0.1706481 0.1424676 0.1872197 0.1935355 0.2291932 0.2202428 0.1615597 0.136518 0.1499768 0.115683 0.1329079 0.06483123 0.01913476 0.005007518 0.001644926 0 0 0 0 0.001091407 0.003297656 0.003801516 0.005713297 0.009914516 0.01138739 0.01185916 0.01513344 0.01179225 0.01152408 0.01155287 0.01141841 0.01208448 0.01130464 0.007728467 0.007224023 0.007629172 0.02130124 0.01463612 0.0158435 0.01860238 0.01374116 0.01038135 0.02098471 0.01478972
0.405053 0.2523681 0.1782091 0.2481168 0.3663589 0.2175851 0.2860873 0.2425274 0.1830643 0.163511 0.1452425 0.1665027 0.1815363 0.2016332 0.1913036 0.2320268 0.2496601 0.2864783 0.1996853 0.1230884 0.1509782 0.1415176 0.08719579 0.0346044 0.03628689 0.02565741 0.01244625 0 0 0 5.139963e-005 0.0005595878 0.002310488 0.003053515 0.007419789 0.01041827 0.01055136 0.009985168 0.01099276 0.01023812 0.01013543 0.01012959 0.009912803 0.01019992 0.008972007 0.005821887 0.01040913 0.00529113 0.005968018 0.01059018 0.0218395 0.02810159 0.02647664 0.03844344 0.03502088 0.02139901
0.2949193 0.1904351 0.1817598 0.2326992 0.245571 0.2435941 0.2340648 0.2835242 0.1947475 0.1379209 0.1091282 0.1355277 0.165279 0.22831 0.2479993 0.2401295 0.2025295 0.2473845 0.3077701 0.2186692 0.2240224 0.3022324 0.07518313 0.03262375 0.03549193 0.0387396 0.01752495 0 0 0 0 0.001334758 0.002634002 0.01745301 0.008376559 0.007082095 0.007750607 0.008047462 0.01033577 0.008648049 0.008629049 0.008538547 0.008231037 0.008123598 0.005953426 0.003836606 0.002452324 0.006470895 0.03642908 0.005635321 0.006964413 0.03324049 0.04535123 0.07366026 0.03758066 0.0188255
0.1740019 0.1714734 0.1918303 0.2500806 0.2526974 0.2253616 0.3511428 0.2945226 0.1366206 0.11131 0.08113513 0.06965039 0.1219492 0.1439846 0.2070432 0.185447 0.1737007 0.1305627 0.3180847 0.2871757 0.2637113 0.2387315 0.1302678 0.06319764 0.04497692 0.01708335 0.01483298 0.01027188 0.008684533 0.007945832 0.00980822 0.01301108 0.009917336 0.00310779 0.003397322 0.004170426 0.004794458 0.004896277 0.005590909 0.006060242 0.006146272 0.006108215 0.005810978 0.005028666 0.003436783 0.002613215 0.003040838 0.004151884 0.004619803 0.005681067 0.007897664 0.01790443 0.02718638 0.05151909 0.03059753 0.01960785
0.1617642 0.1861963 0.2006441 0.3456083 0.2678399 0.2567987 0.2378566 0.2683081 0.152092 0.07195975 0.04956595 0.03598508 0.05218805 0.08861605 0.1469011 0.176853 0.1363386 0.1224881 0.2765033 0.3087697 0.3605965 0.2032058 0.1523123 0.1255246 0.09752835 0.07751552 0.01639128 0.01433686 0.01580342 0.01221876 0.008540688 0.006651947 0.005139593 0.004035453 0.00330926 0.001632472 0.001711912 0.001513013 0.002515191 0.003400235 0.003151189 0.003104781 0.002811642 0.00204747 0.002108521 0.002313682 0.002646297 0.003536537 0.00420403 0.005077908 0.005750913 0.007485056 0.01659163 0.02476304 0.02064754 0.01915539
0.1613744 0.2293995 0.2110203 0.3024873 0.252079 0.1446756 0.09200037 0.1350944 0.1010855 0.04327665 0.05602799 0.05514574 0.07792829 0.2365858 0.1911832 0.1145068 0.1006955 0.08176652 0.1641961 0.2144063 0.2401669 0.2449925 0.1895883 0.1648408 0.1368324 0.09067294 0.04266971 0.02022826 0.01621633 0.014363 0.01252281 0.01019771 0.008338476 0.006695202 0.005302874 0.002268206 0.001419905 0.001250806 0.00116911 0.001994532 0.00200479 0.002024071 0.002052328 0.00192386 0.002667876 0.004707919 0.003227485 0.003432746 0.003677512 0.004754307 0.005380081 0.00723624 0.01037791 0.01137338 0.02465801 0.01839679
0.2587974 0.1482868 0.1364956 0.2108075 0.1650152 0.1147074 0.06851871 0.04387961 0.03329701 0.03936127 0.02302738 0.03068997 0.04985259 0.1464079 0.1336172 0.1103363 0.07921222 0.1086613 0.1273723 0.2038593 0.2036382 0.243971 0.2612967 0.2249966 0.1673715 0.06735001 0.04835428 0.02577359 0.02198879 0.02031432 0.01813183 0.0154142 0.01325094 0.01094748 0.00850527 0.003474884 0.001989631 0.001225345 0.00115067 0.002199366 0.002648681 0.002062636 0.002056391 0.004580834 0.004387843 0.001996019 0.002258933 0.003023957 0.003659244 0.003821317 0.007339973 0.00654989 0.01056991 0.01910102 0.0212045 0.02142064
0.1762882 0.1447299 0.1181586 0.1437121 0.1612935 0.1418944 0.05591515 0.04174168 0.02576799 0.02818 0.03720634 0.01423294 0.05122581 0.1035043 0.1069142 0.1392989 0.1168844 0.08736957 0.0945757 0.1884001 0.1778627 0.1473736 0.1565304 0.1535666 0.1008892 0.06893051 0.06000881 0.0602008 0.05952812 0.04715695 0.04392257 0.04070453 0.03559368 0.02967946 0.02277208 0.005732692 0.003094727 0.001670342 0.001590432 0.002325032 0.002143491 0.002032864 0.001989017 0.001322725 0.001303776 0.001338917 0.001671866 0.001174827 0.001342014 0.002764132 0.007374073 0.01105359 0.008922616 0.009657023 0.01530566 0.02761604
0.1397564 0.157262 0.1680046 0.1988486 0.1145341 0.1724975 0.09050133 0.0437266 0.0539478 0.01386514 0.01367666 0.01253082 0.03615776 0.07321015 0.06044113 0.06473127 0.04672053 0.05054209 0.037829 0.09013758 0.09993 0.08946818 0.1078815 0.1214217 0.1017438 0.07696249 0.08182002 0.08248343 0.07289536 0.0601912 0.05600323 0.0524614 0.04667881 0.03770995 0.02877844 0.01051266 0.003770339 0.001915234 0.002587196 0.002664537 0.002249853 0.002072381 0.001992974 0.001306535 0.001264917 0.001289609 0.001327667 0.001298646 0.001845067 0.002964963 0.008489339 0.009788305 0.006303332 0.005921633 0.01670975 0.01749624
