contrib/geomasonDemos/riftland/DataFiles/RainData/79.txt
ncols         56
nrows         54
xllcorner     28.264
yllcorner     -5.7719999999999
cellsize      0.25
NODATA_value  -9999
[rows 0 to 24 of 54, columns 0 to 55 of 56]
0.2188665 0.2121632 0.1732859 0.1329676 0.08421737 0.1131385 0.1676682 0.1934305 0.1593049 0.1095766 0.1253639 0.1405484 0.1238128 0.1026802 0.09656648 0.06308556 0.05843491 0.06919669 0.07845251 0.07733765 0.08206632 0.103628 0.1258299 0.1570653 0.1534274 0.1565498 0.1450365 0.2263125 0.3498209 0.3047056 0.259085 0.2877368 0.3257781 0.2911595 0.3244399 0.2330629 0.1798135 0.2092822 0.2937071 0.34036 0.1387466 0.1074156 0.09160559 0.1955873 0.2042665 0.2506098 0.2157933 0.09833614 0.09487204 0.144993 0.07281245 0.05056782 0.03419058 0.03516458 0.0141977 0.003019569
0.1616291 0.1645528 0.1705604 0.1679616 0.150511 0.1865338 0.2103305 0.1867492 0.1398652 0.152848 0.09432521 0.103523 0.106288 0.09873449 0.07490871 0.05168147 0.04409916 0.06564569 0.07843373 0.1137764 0.1065539 0.1270238 0.15816 0.1982602 0.1224851 0.1466483 0.1564237 0.2127365 0.2865963 0.2479246 0.2400203 0.305964 0.2167371 0.2367657 0.1660615 0.1685843 0.204378 0.2035986 0.2590292 0.1583218 0.1237407 0.08828604 0.1502117 0.2058487 0.1732083 0.2089843 0.1512922 0.11051 0.1185687 0.07051291 0.04069106 0.04006864 0.0206396 0.02071745 0.02112486 0.004740149
0.1152095 0.1188073 0.1077093 0.1639538 0.1440863 0.1109225 0.114204 0.1620746 0.1543071 0.1487577 0.0962471 0.09631395 0.1124497 0.1251049 0.1047741 0.06012084 0.07102152 0.1120012 0.1287144 0.1469488 0.1461884 0.1511604 0.1914862 0.1599195 0.1338606 0.1200394 0.1282159 0.141383 0.1790097 0.212767 0.1561687 0.182799 0.250744 0.2083336 0.1690252 0.3021497 0.2267633 0.1808439 0.169771 0.1238684 0.1602165 0.2016336 0.2688113 0.2046395 0.2253044 0.1878582 0.1935469 0.1441651 0.1189274 0.01909078 0.006841674 0.008243931 0.009454262 0.007301363 0.01298659 0.001822183
0.2318132 0.148525 0.09628403 0.1720344 0.1237665 0.09514099 0.08940187 0.1524918 0.1466713 0.1101098 0.148894 0.08205856 0.05980517 0.1411498 0.1362556 0.06280141 0.08798344 0.1074547 0.1161786 0.1280335 0.1389176 0.1467121 0.1388107 0.1188625 0.08206118 0.08060025 0.1083978 0.1452951 0.09968092 0.1181269 0.1171048 0.1127009 0.1329633 0.1443317 0.1882071 0.2075523 0.2236791 0.2328963 0.1644662 0.1124013 0.1665098 0.2480665 0.2622699 0.3151149 0.2660101 0.1499182 0.1314214 0.07524759 0.01136231 0.003326209 0.003155497 0.001956026 0.00167901 0.001500326 0.00133294 0.0006609847
0.2655986 0.1530266 0.1598629 0.1558009 0.1301898 0.1400132 0.124649 0.1405426 0.1315861 0.1388881 0.1434967 0.09966008 0.06114359 0.06768303 0.1038931 0.09439829 0.116134 0.1078308 0.1284871 0.1348343 0.1441001 0.1536751 0.1249952 0.08167152 0.05134469 0.05219037 0.07222824 0.07741909 0.07228546 0.05722332 0.09770846 0.07739609 0.09270704 0.1068762 0.1590346 0.1467768 0.2296652 0.1473482 0.1222135 0.1201584 0.1134591 0.1698543 0.2258667 0.2618969 0.1296352 0.07013541 0.04512197 0.02442178 0.004382106 0.002248604 0.007796914 0.01100262 0.003500416 0.001257829 0.001111776 0.0005565399
0.1208587 0.1064681 0.1278395 0.2215036 0.2305466 0.2266072 0.1690762 0.1654268 0.150463 0.1423243 0.1280971 0.1379971 0.08750326 0.06989799 0.09711411 0.09944662 0.1168023 0.09858748 0.1073543 0.1389224 0.1575637 0.1350896 0.1154215 0.06535346 0.05793765 0.05226561 0.07273859 0.07568504 0.1075439 0.08948101 0.07281256 0.07757392 0.06175075 0.09362451 0.1053771 0.1506473 0.1987614 0.1120365 0.08419403 0.1104748 0.09428824 0.102519 0.126053 0.05814993 0.05348435 0.05882341 0.02016773 0.045425 0.01169673 0.007166526 0.01128275 0.0192074 0.004435918 0.001039038 0.0009188994 0.0004007878
0.1094909 0.09508986 0.09066332 0.1836088 0.2496664 0.1744495 0.2262276 0.2148169 0.1255366 0.1206589 0.125559 0.1013927 0.06872912 0.07189061 0.08150351 0.122585 0.1269178 0.127098 0.1137303 0.1806393 0.2030758 0.111956 0.06179973 0.06322319 0.07333761 0.05393659 0.05577295 0.08573382 0.07772843 0.08360095 0.09470906 0.1016159 0.08429295 0.1291389 0.06964338 0.06912377 0.07193085 0.02822523 0.06416893 0.07377972 0.09959722 0.08678988 0.08234311 0.1191334 0.07546392 0.06527808 0.01382283 0.003374201 0.004053041 0.007043504 0.01040692 0.01749178 0.01931673 0.008804522 0.001184475 0.0013423
0.1206419 0.1018217 0.09305809 0.1683296 0.2612711 0.2542383 0.188551 0.1621335 0.1361945 0.1301558 0.1297586 0.09461283 0.06979274 0.08213045 0.09694131 0.1527484 0.1698013 0.1907874 0.1935198 0.22221 0.1627144 0.08114309 0.06993248 0.1423373 0.09615754 0.07469653 0.04754696 0.06764144 0.08264677 0.09666772 0.08095203 0.04434838 0.03925942 0.06146002 0.0264299 0.0275339 0.02042069 0.02825516 0.08260079 0.04757981 0.1042091 0.07069026 0.06660237 0.1171146 0.06819022 0.008830291 0.001502782 0.001363363 0.00119794 0.002352284 0.006678058 0.002579695 0.005280794 0.01136134 0.009684749 0.004407522
0.1489375 0.1296138 0.150396 0.151223 0.1860917 0.214242 0.1875722 0.1707609 0.12402 0.1247341 0.1511158 0.1219396 0.1000717 0.09966128 0.1394186 0.1653906 0.1614125 0.1652597 0.1992666 0.1586641 0.1135856 0.09365656 0.0833901 0.1148239 0.08748356 0.02857793 0.04224349 0.033123 0.04078729 0.06031647 0.03922124 0.02438209 0.01853902 0.03382313 0.06569663 0.0263032 0.03815601 0.07867854 0.03059978 0.03129554 0.06817377 0.03540875 0.02774173 0.08610181 0.02253687 0.008036403 0.001142633 0.0009731859 0.0008783056 0.0007864844 0.0006975553 0.0002833572 0.002207001 0.005710268 0.01500776 0.001172162
0.2326502 0.1942972 0.1269663 0.1652772 0.1257094 0.1294241 0.1936801 0.133122 0.1199744 0.1525277 0.1619713 0.1487136 0.1187092 0.1244413 0.1224156 0.1700268 0.1751509 0.1728192 0.1819828 0.1049757 0.08538612 0.08591703 0.07928547 0.08490733 0.09521368 0.05118601 0.03390659 0.03424617 0.04714005 0.04197302 0.01898028 0.01235687 0.0119024 0.01194372 0.03040817 0.0147703 0.0391877 0.04261488 0.01688696 0.01650641 0.03128373 0.04543423 0.01360353 0.04574006 0.009259726 0.000946196 0.000858787 0.0007246856 0.0006482286 0.0005746186 0.0005061967 0.0002042578 0.003886058 0.01057792 0.005385417 0.005619401
0.2129073 0.1448105 0.1259405 0.1288925 0.1204214 0.2104596 0.1920169 0.1525768 0.2179542 0.1609011 0.1800207 0.2113436 0.1372611 0.1388416 0.1458327 0.2265477 0.1619089 0.1955725 0.1760162 0.126601 0.1182319 0.132108 0.09299075 0.09861813 0.09557767 0.04443904 0.02653515 0.0364174 0.04289798 0.03247783 0.01972105 0.004981522 0.005596406 0.004995235 0.003344347 0.0004609807 0.006994767 0.01888616 0.0104161 0.01839719 0.05615353 0.1140128 0.1153905 0.06746673 0.001313369 0.0007267891 0.0006606384 0.0005611575 0.0004965879 0.0004416504 0.001955569 0.003505863 0.004543019 0.006635977 0.007695205 0.008104114
0.1171212 0.1231562 0.1295833 0.1436975 0.1664756 0.1621077 0.2155766 0.231359 0.225092 0.1514634 0.1650125 0.2103594 0.2009964 0.1684223 0.2014972 0.2295401 0.1902763 0.2007937 0.1496759 0.1568694 0.1340102 0.1155441 0.07095644 0.09254435 0.1309985 0.1242849 0.06427628 0.05657403 0.06324222 0.04488433 0.06152692 0.01725911 0.001507224 0.0005532804 0.0003500645 0.002255675 0.002725815 0.006094241 0.00777217 0.01818645 0.0235271 0.03985525 0.06090459 0.02361347 0.0003416851 0.0003153686 0.0002884181 0.002676817 0.002354711 0.003094201 0.004570547 0.005614985 0.005871206 0.006812187 0.007384231 0.007727688
0.1219182 0.1644448 0.127569 0.09283792 0.09062693 0.1180503 0.1411426 0.1806904 0.115776 0.1051339 0.1294932 0.2005401 0.1944249 0.142026 0.1386933 0.1809497 0.1852236 0.1704785 0.135652 0.1305547 0.1106251 0.09531859 0.05973836 0.06864905 0.2109575 0.1174377 0.0384957 0.04207822 0.04915966 0.04330352 0.02834111 0.01490626 0.00305915 0.004093325 0.0008646282 0.0001863307 0.003142007 0.00378546 0.001273015 0.003276156 0.003440666 0.004891922 0.00341475 0.001197079 0.0001589989 0.0001460421 0.0001334358 0.001220239 0.002293712 0.003678506 0.004959923 0.005931102 0.006148312 0.007039544 0.007509787 0.007683862
0.1157312 0.1889854 0.1737054 0.1105573 0.08326029 0.1294268 0.1078047 0.08713899 0.1014726 0.09858925 0.09483485 0.1841118 0.1563354 0.1291065 0.1370594 0.1916452 0.2294855 0.20512 0.1878841 0.1269759 0.1513837 0.1395397 0.07425112 0.05504396 0.0701694 0.03746088 0.04375057 0.07137855 0.05013816 0.038665 0.0008379064 0.004937301 0.002657086 6.10155e-005 5.603311e-005 0.000170781 6.563709e-005 6.149709e-005 0.002651396 7.803857e-005 0.001349067 7.518704e-005 7.13378e-005 0.001638862 5.089718e-005 4.756452e-005 0.001729609 0.002588303 0.004069476 0.004725169 0.005440187 0.006483668 0.006264026 0.007030918 0.007234311 0.0073793
0.07386929 0.1083033 0.1107164 0.1402564 0.1009326 0.1047148 0.1175347 0.1275927 0.1634234 0.1370703 0.1372894 0.2589429 0.2366921 0.1354903 0.1048421 0.1665168 0.229853 0.250258 0.2438456 0.1919385 0.1176053 0.1240985 0.07834893 0.04168246 0.03163058 0.0180972 0.05266934 0.09349101 0.1232384 0.05698282 0.002134567 0.0002289995 0.001497728 6.985853e-005 6.032394e-005 7.214817e-005 5.827328e-005 5.069062e-005 4.97223e-005 6.367404e-005 6.240598e-005 6.064276e-005 5.823189e-005 4.377986e-005 4.167136e-005 0.001752767 0.003845819 0.003813182 0.00555485 0.005096218 0.005433935 0.006264977 0.005962284 0.006312381 0.006354951 0.006443502
0.09537597 0.09712864 0.0805508 0.1570986 0.1620506 0.169048 0.1598594 0.1651294 0.1954786 0.2008662 0.1708929 0.2336709 0.2010484 0.1570701 0.1123296 0.1155908 0.1636324 0.2440518 0.2356872 0.1656988 0.105149 0.09929845 0.1058776 0.04389686 0.03010762 0.03423341 0.03951713 0.1813183 0.1462103 0.06286918 0.002097405 0.005440794 0.003279117 0.001987427 0.001630716 0.001008321 0.0007190073 0.0005630161 0.0005846157 0.000791121 0.0007681496 0.0007441768 0.0007204242 0.0001006507 0.0005189353 0.0021072 0.004055151 0.004128926 0.004895346 0.004969326 0.005218153 0.005756035 0.005695967 0.005752129 0.005401146 0.005365665
0.07309807 0.06555821 0.09535331 0.1748852 0.2051509 0.1999278 0.1833805 0.1899383 0.2114035 0.1796718 0.1585466 0.166894 0.1607004 0.1311583 0.09787774 0.1050531 0.1498716 0.151528 0.1710967 0.1792973 0.1180743 0.1063198 0.1056597 0.1168707 0.04403529 0.02567271 0.04433932 0.1155827 0.0816166 0.01571009 0.008695723 0.006158597 0.003666827 0.002189242 0.001728769 0.001000649 0.0006145666 0.0004069147 0.0003871581 0.0005533813 0.0005235292 0.000502402 0.0004970553 7.126743e-005 6.956684e-005 0.0007788771 0.002441901 0.002912705 0.003476203 0.003807077 0.004177375 0.004728129 0.00460299 0.004427379 0.004022109 0.003981353
0.1362088 0.05667997 0.1199932 0.1973331 0.2547591 0.2188386 0.1873795 0.1466016 0.1381567 0.1269433 0.151072 0.1609673 0.1283505 0.1029842 0.08532763 0.1019894 0.1130514 0.1449598 0.1419141 0.1447657 0.1015 0.1419538 0.1646177 0.1734029 0.07043501 0.05851248 0.06779236 0.03139197 0.005182915 0.004402758 0.007967399 0.007031698 0.004472367 0.002869956 0.002223642 0.001235611 0.0006791201 0.0003766504 0.0003426585 0.0004639443 0.0004140997 0.0003872159 0.0003884149 5.661661e-005 0.0001309349 0.0005334089 0.00223742 0.002737528 0.003241109 0.003661302 0.003902163 0.004483651 0.004313671 0.004090155 0.003706203 0.003633855
0.1245888 0.1227934 0.1856317 0.201966 0.2441428 0.1962855 0.1990518 0.148097 0.1390131 0.1621131 0.1689822 0.1492018 0.1474697 0.137353 0.1164823 0.1215225 0.1341615 0.1197416 0.133195 0.1327002 0.1416197 0.1067811 0.1056698 0.09583192 0.07611006 0.07037896 0.07366303 0.004320673 0.00549046 0.00354744 0.006365193 0.008122482 0.005708715 0.003995101 0.003083887 0.001704648 0.0009094322 0.0004684356 0.001813845 0.0005306127 0.0004446395 0.0004005127 0.0003992771 5.769122e-005 5.717739e-005 0.0005322746 0.002266044 0.002727357 0.003390636 0.003711769 0.003840395 0.004355922 0.003976056 0.003696929 0.003346231 0.003220563
0.1540753 0.1404824 0.173228 0.2424298 0.2105914 0.1676807 0.1535459 0.127846 0.1365642 0.1712882 0.1833234 0.07146995 0.08446332 0.1394527 0.1037077 0.1323165 0.1218044 0.1053167 0.1231288 0.151122 0.1326206 0.1425629 0.128715 0.0996988 0.071581 0.04911165 0.05276561 0.03588742 0.0282762 0.02510504 0.02377713 0.02595551 0.02059509 0.01193057 0.009326528 0.002381261 0.00125062 0.009538122 0.00990251 0.0006165283 0.0004904284 0.0004252298 0.000419775 0.0005262519 0.0005185436 0.0005165543 0.001164662 0.001932959 0.002447605 0.002779714 0.002770461 0.002961183 0.002690667 0.002470006 0.002196402 0.00225064
0.1638087 0.1598428 0.1520309 0.1845797 0.1667987 0.1226203 0.09616476 0.1099212 0.1827257 0.2072201 0.1024274 0.07267401 0.0952013 0.1429489 0.1175551 0.1384694 0.1190694 0.1460613 0.1453674 0.1587488 0.15734 0.1727143 0.196324 0.1335187 0.05884026 0.04485352 0.04818404 0.03419715 0.0309543 0.02824619 0.0249336 0.02340932 0.01990309 0.01357573 0.01257713 0.002882946 0.001497234 0.0007427176 0.0006019449 0.0006848683 0.0005216959 0.0004383482 0.0004304743 0.0005350966 0.0005259366 0.0005197736 0.0005174724 0.001065525 0.001590904 0.001840183 0.001859389 0.001931452 0.001672087 0.003751771 0.001179852 0.0009218529
0.1552204 0.1416724 0.1294809 0.1512596 0.1547045 0.1096701 0.06379648 0.1321781 0.2183373 0.1964719 0.0907138 0.0758059 0.05895179 0.08156534 0.11767 0.1144431 0.1526015 0.1056369 0.1234327 0.1714772 0.1597676 0.1947059 0.1725719 0.1717038 0.1212432 0.09060533 0.07231481 0.05036732 0.04650341 0.03315997 0.02504887 0.02596029 0.02069676 0.01621488 0.01253101 0.003506031 0.001864798 0.0009226853 0.0007790615 0.0008881227 0.0006799054 0.0005593278 0.0005239687 0.0006170801 0.0005713179 0.0005469666 0.0005366049 0.0008296235 0.0007832099 0.0009687683 0.00102027 0.00110763 0.0009365198 0.0007629702 0.0007669001 0.0005577437
0.1253882 0.1281005 0.2045709 0.1924252 0.1152496 0.09352754 0.08070575 0.05704243 0.1551155 0.07982065 0.05152651 0.02889687 0.02967077 0.05740827 0.07995017 0.09484399 0.1039153 0.0823985 0.08492904 0.1476842 0.1741983 0.1908456 0.1595605 0.1784314 0.1469185 0.120796 0.09798563 0.08845025 0.08700862 0.06704873 0.02952864 0.03724455 0.03236879 0.03289535 0.01504637 0.00425899 0.002347056 0.001238361 0.001055906 0.001223422 0.0009606683 0.0007875974 0.0006984217 0.0007718697 0.0006599455 0.0005930138 0.0005680718 0.0008206945 0.0007856472 0.0007689843 0.0007716538 0.0007558636 0.000755753 0.0007679255 0.0007886385 0.0005335925
0.09433421 0.07420532 0.1267094 0.1224966 0.1242466 0.1365266 0.09784717 0.05530182 0.05393351 0.02297606 0.01521507 0.02925378 0.01385162 0.06107168 0.06031753 0.07758486 0.07578352 0.05768736 0.06444367 0.1142986 0.1504659 0.1542421 0.1318369 0.1378115 0.1105861 0.09888676 0.08480876 0.09930702 0.09010401 0.09353509 0.06128429 0.05860056 0.05402702 0.05300925 0.03593014 0.009205316 0.005187752 0.002832975 0.002430591 0.00278556 0.002220389 0.001809144 0.001560474 0.0008917193 0.0007217485 0.000614144 0.0005772075 0.00262283 0.0009935006 0.0009999877 0.001013016 0.0003975966 0.0003997702 0.0004107399 0.0004298025 4.389194e-005
0.08084244 0.0662181 0.1047063 0.1229755 0.08379433 0.07886241 0.1241058 0.09256919 0.1189856 0.0282951 0.0299593 0.01415941 0.03479027 0.06069647 0.05869213 0.0703572 0.03891268 0.04515027 0.07313881 0.07630786 0.115418 0.13765 0.1270935 0.1348054 0.1121234 0.1090919 0.1115697 0.1102525 0.1123717 0.1196607 0.08035164 0.07682937 0.06153 0.06202386 0.04582493 0.01055318 0.006023178 0.003393375 0.002924893 0.003366834 0.002705964 0.002203658 0.001864061 0.001035377 0.0008052889 0.000658721 0.000608179 0.002433471 0.002498525 0.0004764281 0.0004798898 0.0003960283 0.0004001035 0.0004169501 0.001561707 0.01477936
