contrib/geomasonDemos/riftland/DataFiles/RainData/79.txt
ncols         56
nrows         54
xllcorner     28.264
yllcorner     -5.7719999999999
cellsize      0.25
NODATA_value  -9999
[rows 25 to 49 of 54, columns 0 to 55 of 56]
0.07529216 0.0773633 0.04256037 0.06900451 0.07287573 0.10144 0.123317 0.08941252 0.0843858 0.06196671 0.02572576 0.03617391 0.04183726 0.03733354 0.04986703 0.06848584 0.05627743 0.0344008 0.05625425 0.05591925 0.0827987 0.1086975 0.1358402 0.130638 0.1540663 0.126727 0.1098111 0.1308235 0.1716433 0.1336199 0.1106603 0.1058743 0.07570623 0.08678949 0.04906346 0.01363823 0.007564405 0.004117481 0.003483767 0.004050404 0.003346726 0.00275164 0.002273819 0.001223873 0.0009048475 0.0007058353 0.003434292 0.008762375 0.0005044716 0.0004922065 0.0005282919 0.0004604567 0.0004884674 0.006323679 0.01955545 0.01565181
0.1003775 0.112133 0.08222604 0.07121528 0.09890656 0.1669612 0.1434961 0.08776469 0.04163633 0.0393892 0.04656144 0.08203992 0.08575667 0.06746371 0.06093951 0.08560351 0.0823644 0.06264795 0.0425256 0.07292461 0.06827027 0.09673112 0.0974272 0.1313194 0.1423343 0.1121896 0.1076895 0.1339287 0.1490131 0.1553774 0.1394318 0.1286125 0.08672033 0.0972058 0.05713846 0.0166187 0.01394919 0.005476705 0.004228189 0.005245924 0.004267605 0.003437128 0.002798263 0.001743755 0.001228101 0.0007536614 0.002002738 0.001770994 0.0005546836 0.0005287115 0.002869879 0.0230921 0.0286545 0.003125125 0.04400638 0.01563508
0.1505631 0.2096917 0.1785053 0.1581338 0.1329589 0.1849968 0.1300353 0.07280511 0.08864278 0.09950593 0.1196877 0.1210925 0.09998617 0.05392095 0.06241042 0.05117927 0.04213386 0.03810281 0.06231534 0.09587584 0.0677512 0.07914621 0.08255842 0.08744746 0.0909531 0.08012374 0.1065979 0.1179016 0.131348 0.1515842 0.1384134 0.1239668 0.09060585 0.06032234 0.04842656 0.02303469 0.01539307 0.01042814 0.008482436 0.009030775 0.008704585 0.0062559 0.005043217 0.002129602 0.003030627 0.002713982 0.001719106 0.000808104 0.0004531225 0.000483832 0.0006853757 0.02990646 0.0391202 0.05438893 0.05176421 0.01488515
0.1277716 0.1837132 0.1597282 0.1823723 0.130622 0.1208879 0.06303124 0.03424386 0.06007344 0.08337067 0.09514369 0.05934979 0.03716814 0.05210674 0.05652372 0.02895753 0.05411787 0.02995857 0.04916975 0.08091765 0.07656771 0.07941519 0.07678488 0.09211998 0.1092217 0.1027829 0.09198919 0.1238497 0.1393874 0.1534684 0.1413103 0.1245787 0.0854381 0.0582877 0.04943024 0.02986862 0.01878498 0.01065868 0.009575699 0.009728886 0.008692757 0.007110212 0.005684676 0.002420878 0.003725125 0.004910696 0.006550755 0.000549431 0.0004634667 0.0005152878 0.0007007121 0.01675139 0.04451331 0.03911963 0.05576944 0.02931134
0.146179 0.1712308 0.1272252 0.1160888 0.08500025 0.06530809 0.04985268 0.03547828 0.05488863 0.04983234 0.04386444 0.03392432 0.03611588 0.03023685 0.02919407 0.04238862 0.03871413 0.03059868 0.0360691 0.04153689 0.0401665 0.05054986 0.07233141 0.1188347 0.1155447 0.09790457 0.1006886 0.1177149 0.1247755 0.1246082 0.1246885 0.1046992 0.1042552 0.06594211 0.05195742 0.04516891 0.04158795 0.0147958 0.01251531 0.009809209 0.008644178 0.007293202 0.005821111 0.002471538 0.001579349 0.002382341 0.004225412 0.0007301952 0.0006771752 0.0008327628 0.001169806 0.007292951 0.03941074 0.06969623 0.06972953 0.03306124
0.1191789 0.1462961 0.1226683 0.1198812 0.03864427 0.01218761 0.01243741 0.0278597 0.04840842 0.05473988 0.03192736 0.03411029 0.01511109 0.0198095 0.02054481 0.0220057 0.01879539 0.01038595 0.02905609 0.03264051 0.03335219 0.0529799 0.07314678 0.08944968 0.1062568 0.09768552 0.09737586 0.1070813 0.1215394 0.1210838 0.1112567 0.09115361 0.1047806 0.06399667 0.0519688 0.05412897 0.04457202 0.01623244 0.008837085 0.0088966 0.007858947 0.006670528 0.005342821 0.002287962 0.001478637 0.001148066 0.001297851 0.0009831861 0.001087237 0.001781106 0.008341514 0.007120241 0.01273835 0.03244058 0.03959141 0.02674648
0.132146 0.1319289 0.08905072 0.09752453 0.03110865 0.01243941 0.007535092 0.03674778 0.03729843 0.02789368 0.02169985 0.02540429 0.02361911 0.0267324 0.02341925 0.03157228 0.0282851 0.02462783 0.02568188 0.02948194 0.03007519 0.03151337 0.05237264 0.07218099 0.07843474 0.08725787 0.07655413 0.09164397 0.1057816 0.09539454 0.08837141 0.06318343 0.06094602 0.04320212 0.03921092 0.04343898 0.04302523 0.01208149 0.009038774 0.007218323 0.006415439 0.005469163 0.004400303 0.0009338629 0.001641635 0.001590958 0.001536896 0.001410484 0.001662064 0.002050589 0.002550449 0.001413818 0.006074861 0.03302453 0.01976086 0.02316982
0.1110878 0.1037151 0.07895183 0.06292586 0.04351874 0.01562431 0.02076083 0.04872081 0.02591753 0.02140167 0.01820815 0.01844739 0.02087805 0.02219382 0.01674446 0.03077415 0.03150538 0.04084466 0.02746973 0.02952503 0.02614432 0.02774477 0.05266254 0.05300987 0.05956692 0.09066556 0.1006864 0.09263802 0.1058756 0.09201782 0.06823567 0.04128059 0.04017004 0.03129166 0.02501743 0.01603776 0.01373153 0.008682448 0.007912883 0.006379003 0.005710184 0.004894088 0.00395953 0.0008432046 0.0008929006 0.001845277 0.001737521 0.001713665 0.002138758 0.002592861 0.003198609 0.02809832 0.01856393 0.0311139 0.02931958 0.01827935
0.1251225 0.111919 0.05777448 0.04820098 0.02895935 0.02936102 0.02894503 0.0324774 0.03253828 0.02703842 0.01705441 0.01812994 0.01995044 0.01767996 0.02726513 0.06357997 0.06081539 0.0427097 0.03579668 0.03795455 0.02934738 0.02781044 0.02420745 0.04189191 0.04601217 0.07979986 0.08932669 0.06860434 0.07021727 0.07078441 0.05846471 0.03246775 0.02749151 0.02330705 0.01615835 0.01192953 0.00975081 0.007392593 0.006643413 0.005408089 0.004876491 0.004345936 0.003807372 0.0009172145 0.0007621197 0.0008404477 0.001150618 0.002755677 0.002944767 0.003822386 0.006946881 0.01090253 0.02392921 0.03996864 0.0323905 0.01475558
0.1166036 0.1194366 0.06575222 0.04080655 0.04904408 0.03118827 0.02134921 0.03206053 0.02997757 0.02830519 0.01722651 0.01786177 0.02148373 0.02274377 0.01991631 0.03669384 0.0483545 0.02898757 0.02260581 0.02886363 0.0294615 0.02072578 0.01767984 0.02950543 0.03683928 0.06267809 0.06783564 0.05302205 0.0494908 0.04699945 0.03841301 0.02510505 0.02832124 0.01439592 0.01137907 0.008429201 0.006736402 0.005660505 0.005231229 0.004322262 0.003932539 0.003812744 0.003960468 0.001276943 0.00132186 0.001572983 0.00177368 0.003589179 0.004227669 0.004684735 0.02673288 0.01404361 0.008196112 0.03935138 0.02581389 0.01466333
0.173133 0.1093445 0.07572497 0.03730166 0.0296223 0.01791616 0.00558541 0.01802442 0.02140837 0.01901543 0.01803458 0.02813522 0.03026733 0.03659197 0.02917955 0.02329082 0.02665815 0.02252752 0.01634928 0.005123058 0.003969675 0.004459884 0.005444736 0.02258046 0.04251255 0.04892493 0.04936785 0.02775697 0.02599809 0.02397201 0.01778954 0.006492085 0.00520727 0.006055478 0.004403888 0.004105816 0.003360117 0.002881869 0.002700362 0.001435658 0.001329788 0.001502103 0.001879812 0.003563343 0.004736421 0.005025566 0.007488924 0.00817463 0.009756771 0.02492858 0.03188272 0.02212119 0.01661641 0.02945223 0.01449418 0.01687273
0.1316494 0.1049188 0.03024871 0.02360883 0.02816937 0.01594653 0.009683989 0.01661696 0.01719033 0.01851839 0.01680173 0.02788483 0.02933753 0.03397844 0.03341232 0.01882244 0.02157266 0.0177363 0.02134914 0.004488943 0.001935857 0.002181308 0.003223143 0.01523924 0.02120472 0.03002123 0.03213526 0.02054142 0.01810319 0.01424198 0.01071029 0.003815644 0.00234359 0.003686684 0.003518275 0.002171354 0.001892448 0.001726182 0.001859466 0.0009385491 0.000891939 0.001365188 0.002054088 0.004212848 0.005198162 0.00632236 0.008318003 0.01002972 0.0114236 0.01427442 0.03253575 0.02300274 0.02314207 0.03200987 0.01392031 0.02014657
0.09150399 0.03414028 0.02053624 0.00777746 0.005302822 0.004981792 0.004398912 0.01491584 0.01603364 0.01678042 0.0158872 0.02603393 0.03233137 0.03488757 0.03387772 0.01963179 0.01279822 0.0226353 0.009187997 0.002366153 0.001085277 0.0009000318 0.003963242 0.01153636 0.02567206 0.03370465 0.02977874 0.01755727 0.01401586 0.008773996 0.006309595 0.002225954 0.001100711 0.0006688421 0.0006515895 0.001063169 0.001034864 0.00108054 0.001249233 0.0007495299 0.001087156 0.001385668 0.002483517 0.005547857 0.007151345 0.008420373 0.01013105 0.02241708 0.01862418 0.02372321 0.03649988 0.02570428 0.01620669 0.01849948 0.0176584 0.02237903
0.1057711 0.03624034 0.00633464 0.002513402 0.001977141 0.001572071 0.001889819 0.01449419 0.01572474 0.01460156 0.01496417 0.0238269 0.03034005 0.03404572 0.03188693 0.017266 0.01480557 0.01881141 0.009242271 0.002245266 0.0008258699 0.0007832221 0.003865986 0.01219944 0.03056536 0.02603319 0.01222649 0.009567771 0.008850046 0.006579567 0.004693246 0.001461325 0.0008228404 0.0004972405 0.0004892906 0.0008076763 0.0007943648 0.0009551835 0.001286816 0.0009204844 0.001108423 0.001947962 0.003402492 0.007639078 0.009898085 0.01275291 0.01711067 0.01607148 0.04662215 0.04980172 0.07238274 0.03744931 0.02081368 0.01705997 0.0227286 0.05310483
0.09702504 0.02930429 0.01279488 0.007673373 0.00378025 0.002993772 0.00296839 0.01312854 0.01494506 0.0141781 0.0147444 0.02087354 0.02189013 0.02359194 0.02487801 0.01777652 0.01759056 0.01404102 0.005511471 0.001466748 0.001011606 0.0005050047 0.0009600074 0.004860434 0.01430144 0.01014179 0.004047856 0.003348108 0.004582257 0.003821711 0.00205671 0.0005743795 0.0008472638 0.0001906911 0.0001918241 0.0002028825 0.0002036142 0.0003051964 0.0005069387 0.001541775 0.001973144 0.003614097 0.006080471 0.01423677 0.01816816 0.02069438 0.02291638 0.018672 0.05221679 0.04283223 0.04457697 0.03149496 0.01905413 0.01700562 0.02393648 0.05326613
0.05852241 0.01617303 0.008160323 0.002384788 0.01412933 0.009884115 0.001158093 0.01260405 0.01879012 0.01277228 0.01299262 0.01962618 0.02034677 0.01677068 0.01750734 0.01269774 0.007481365 0.007504054 0.003818187 0.0009903038 0.000504203 0.000307598 0.0004269118 0.001587856 0.002672978 0.002471051 0.001175483 0.001853894 0.001569494 0.001393184 0.001060879 0.0002900258 0.000407432 0.0002741394 9.639192e-005 0.0001082659 0.0001148896 0.0002588574 0.0005395692 0.001783464 0.002640668 0.004525556 0.007446137 0.01714693 0.02192189 0.02470716 0.02571515 0.02340523 0.03162903 0.03561859 0.0375376 0.02450912 0.01647538 0.01530368 0.02793738 0.04044355
0.0487027 0.02391272 0.01159669 0.01435671 0.01245457 0.01456006 0.003957086 0.01013343 0.01209515 0.01115193 0.01077727 0.01601635 0.01543337 0.01430586 0.01156173 0.008631587 0.006185091 0.004139729 0.005786846 0.001044104 0.000428876 0.000393075 0.0002265708 0.0004360738 0.0004988873 0.0006080588 0.004434317 0.0008134003 0.0008888418 0.0006512305 0.0005791052 0.0001388183 0.0002557425 0.0001097637 0.0001216336 8.616176e-005 0.0001074869 0.0003002923 0.0006635149 0.002228393 0.004157506 0.005369554 0.008892696 0.01984835 0.02527758 0.02828408 0.02937712 0.03735798 0.02627651 0.0539204 0.0407941 0.02223418 0.01648933 0.02058248 0.03227769 0.03084677
0.03694206 0.02717668 0.008968541 0.01358945 0.01452388 0.01544671 0.007439762 0.008095462 0.009062689 0.009111182 0.008813551 0.01296644 0.01258922 0.01144323 0.009394844 0.00692219 0.004968412 0.003399333 0.002712882 0.0009803079 0.0005332555 0.0001541804 0.0002466828 0.000413065 0.0003680302 0.0005471741 0.0003867881 0.000561132 0.0006884609 0.0009639293 0.009359827 0.0001226174 0.0003285413 0.000188351 0.0001499183 0.0018478 0.008919761 0.0005042808 0.0008801302 0.002873231 0.00443858 0.006201099 0.00994837 0.02235175 0.02819312 0.03152604 0.0327864 0.03012389 0.02791457 0.0865799 0.07996134 0.02312139 0.02925615 0.0243156 0.02708313 0.02858871
0.04170288 0.02957783 0.01179068 0.01368808 0.006532914 0.008483483 0.005848593 0.00495937 0.00541487 0.005570273 0.005420077 0.005735016 0.005607606 0.005131658 0.004218542 0.002816465 0.009991805 0.001424261 0.001095625 0.0004866464 0.0002391689 0.0001185665 0.0001512679 6.717933e-005 3.652911e-005 0.0001921557 3.72221e-005 0.0001326305 1.552386e-005 0.01001067 0.03281558 1.19332e-005 0.0005748675 0.0004889797 0.000860974 0.006262732 0.06343123 0.001678629 0.00194311 0.004993106 0.005953945 0.009347725 0.01455707 0.02798304 0.03509117 0.03924661 0.05033594 0.04980839 0.03773163 0.1184102 0.05191598 0.0175 0.02294355 0.03875 0.01451613 0.05116935
0.03867948 0.02709864 0.009954715 0.00641714 0.004117955 0.003328575 0.003358425 0.004426843 0.003742362 0.003810346 0.003734782 0.00398723 0.003950959 0.004646396 0.003678647 0.003826305 0.003955426 0.001022937 0.0009172652 0.0003428612 0.0001727374 0.0001410389 7.746045e-005 1.810798e-005 1.630234e-005 1.511449e-005 1.457358e-005 5.929392e-006 5.69509e-006 5.014028e-006 0.002212727 0.0006052344 0.0006293672 0.0008468867 0.000840561 0.0008317057 0.0009946494 0.001641169 0.002562725 0.005373902 0.006986602 0.01064811 0.01619189 0.03079373 0.03857334 0.05499475 0.05706353 0.0524459 0.06006246 0.09205271 0.06219137 0.02193548 0.01850806 0.03318548 0.01633065 0.04137097
0.03773193 0.01851861 0.006257573 0.004231372 0.003228404 0.001975664 0.002003372 0.00228837 0.002472772 0.002560893 0.00253799 0.002729595 0.002717975 0.003408649 0.002361139 0.001889089 0.001923144 0.0006605413 0.000503848 0.0002369246 0.0001223819 5.888742e-005 4.640242e-005 8.648242e-006 5.347055e-006 3.424027e-006 2.843368e-006 9.554939e-007 7.00217e-007 7.118701e-007 8.065585e-005 0.0009180024 0.001281753 0.001348851 0.001014638 0.0008910797 0.001017203 0.001987986 0.003169911 0.00666859 0.008673069 0.01250634 0.01846429 0.03425241 0.04215638 0.05244898 0.05597609 0.05408706 0.08932748 0.0783998 0.07257002 0.02685484 0.01794355 0.01915323 0.02048387 0.03814516
0.015929 0.0102904 0.003770595 0.003247356 0.001846549 0.001371694 0.001500368 0.001709349 0.001875464 0.001905903 0.001901146 0.002023297 0.002017585 0.001858311 0.001505204 0.006664487 0.002302106 0.0006240854 0.0003660026 0.0001726777 8.906402e-005 4.283362e-005 3.370024e-005 6.254853e-006 3.852722e-006 2.466874e-006 2.112869e-006 7.38428e-007 5.790358e-007 0.0001199183 1.747748e-006 0.001050794 0.001283121 0.001276232 0.001256591 0.001237176 0.001861542 0.002310381 0.003853531 0.008509575 0.01139338 0.01556998 0.02106379 0.03731669 0.04446362 0.06416067 0.05623065 0.06466444 0.07332114 0.06809668 0.07027664 0.01596774 0.00657258 0.02850807 0.01625 0.03104839
0.005506509 0.01146718 0.002916494 0.0007202143 0.0004467675 0.0004943997 0.0005297078 0.0004508193 0.0004868304 0.0005008267 0.0004936702 0.0003855404 0.0003827799 0.0003479253 0.0004667143 0.0003260155 0.0003683777 9.510633e-005 7.154524e-005 6.943975e-005 1.523207e-005 7.315733e-006 0.0002258733 0.000889824 8.927083e-005 0 4.151872e-005 6.262763e-007 0.007885477 1.339143e-006 2.992971e-006 0.0005901416 0.0006172775 0.001181224 0.0003825195 0.001666135 0.002167993 0.004982969 0.00653946 0.01313513 0.01715167 0.02242468 0.02860229 0.0379561 0.08526025 0.05157053 0.087344 0.04584677 0.08270161 0.05818548 0.03669355 0.008225806 0.004758064 0.02129032 0.0203629 0.01762097
0.008680576 0.02702502 0.002785777 0.0003558669 0.0008745913 0.0002234264 0.0002349994 0.0001949194 0.0002071528 0.0002108425 0.0002047119 0.0001577754 0.0003539975 0.0001387932 0.0001125822 0.0002363063 0.0006129778 0.0001600593 2.867175e-005 1.18466e-005 6.088908e-006 2.879533e-006 2.225236e-006 0.0003545478 0 0 0 3.625668e-007 3.984686e-007 1.582408e-006 3.904646e-006 0.0001910541 0.000302119 0.0008060502 0.001267134 0.002527256 0.00314775 0.004938764 0.008891881 0.01588989 0.02373107 0.0252504 0.03074073 0.03785355 0.04338912 0.05050112 0.2224104 0.05729839 0.07745968 0.06024193 0.03120968 0.007741935 0.006532257 0.01810484 0.03435484 0.03471775
0.004379403 0.01165288 0.001553841 0.0004236113 0.0002627123 8.115818e-005 9.290056e-005 5.73303e-005 0.0001285197 5.507414e-005 5.075411e-005 3.671799e-005 7.006903e-005 2.879173e-005 4.265242e-005 0.0002258575 1.180552e-005 8.476449e-006 6.324888e-006 0.0002989163 1.302456e-006 5.774655e-007 4.299833e-005 0 0 0 0 3.147593e-007 4.388409e-007 2.222057e-006 5.666914e-006 0.0006949251 0.0007998899 0.001330995 0.001795614 0.003139101 0.003808596 0.005731663 0.008663519 0.01701003 0.03879414 0.02602606 0.03100022 0.0376958 0.04482798 0.05119422 0.1527284 0.03096774 0.07032258 0.05326613 0.02350806 0.009475806 0.02979839 0.02112903 0.01512097 0.01798387
