contrib/geomasonDemos/riftland/DataFiles/RainData/80.txt
ncols         56
nrows         54
xllcorner     28.264
yllcorner     -5.7719999999999
cellsize      0.25
NODATA_value  -9999
[rows 0 to 24 of 54, columns 0 to 55 of 56]
0.1719382 0.1654013 0.1856152 0.1852008 0.214814 0.2088837 0.1761122 0.2380288 0.2045553 0.2723739 0.272631 0.3100359 0.2508989 0.2360423 0.2217722 0.3280339 0.2699313 0.1930006 0.3719144 0.1576582 0.1278258 0.181534 0.2325907 0.2358028 0.2426538 0.2320171 0.3229282 0.356192 0.370604 0.3734133 0.3331012 0.3553137 0.4587263 0.4411064 0.3641713 0.3894732 0.325147 0.2942756 0.256775 0.2506195 0.1624822 0.1316871 0.1333715 0.2735274 0.3004912 0.3640891 0.3679955 0.2362648 0.1919214 0.1829768 0.1597475 0.07889279 0.04742884 0.03513798 0.0224172 0.007963209
0.1545333 0.168136 0.2508067 0.2684479 0.2573321 0.2568464 0.2616522 0.3599308 0.2817313 0.277688 0.3246479 0.3602567 0.3488237 0.2379515 0.2094205 0.2873596 0.3304537 0.1729748 0.1822506 0.1373454 0.1013534 0.1487858 0.1825603 0.2631398 0.2838478 0.2857608 0.282876 0.3231454 0.3524725 0.3131849 0.2597002 0.3927776 0.429774 0.381025 0.3350515 0.3593441 0.2814335 0.3362102 0.2721797 0.2869621 0.1986944 0.1752916 0.2202224 0.3334083 0.3076632 0.2929395 0.2817727 0.2419993 0.1444906 0.1337701 0.08215897 0.0247751 0.02787389 0.02728221 0.00916158 0.002460825
0.173797 0.2016753 0.2520834 0.2952641 0.279209 0.3204436 0.3607895 0.2970875 0.2397551 0.2580531 0.3001991 0.1994061 0.4213405 0.337033 0.3045343 0.4694894 0.4191175 0.159222 0.07499293 0.1304442 0.1275128 0.2566251 0.2698761 0.3590351 0.4041896 0.4740345 0.3350111 0.2866603 0.3252188 0.2693951 0.2224528 0.2764163 0.3347428 0.3156309 0.3928142 0.4215321 0.3299711 0.2998785 0.3540961 0.2861524 0.2229954 0.2929949 0.297336 0.2366878 0.2456231 0.2702623 0.2196464 0.1890627 0.1194599 0.04916837 0.0187228 0.01328989 0.02036447 0.02338211 0.002663171 0.001606604
0.2952364 0.313048 0.3262394 0.3280925 0.3298858 0.301665 0.2666867 0.2494711 0.3095495 0.3227654 0.250914 0.2690069 0.3018757 0.2452859 0.2762493 0.3373786 0.2729686 0.1953352 0.1202416 0.149137 0.1696572 0.3357152 0.3168897 0.468193 0.546688 0.4904034 0.3098447 0.2906241 0.2278651 0.238909 0.1794412 0.1977248 0.2572111 0.4033762 0.3784872 0.470291 0.377418 0.2507736 0.2581366 0.3194577 0.2287581 0.298346 0.3456073 0.338306 0.2591827 0.1204095 0.1289923 0.06366053 0.03844841 0.02600265 0.01269994 0.01804155 0.003679889 0.01670115 0.00394292 0.002516378
0.2733427 0.3065459 0.293475 0.2557302 0.2781618 0.2406292 0.2340804 0.2579397 0.3422998 0.3982823 0.3327843 0.2501336 0.1784812 0.1672706 0.2355105 0.3041848 0.186713 0.1656326 0.1697611 0.1582764 0.2058642 0.3346364 0.3078927 0.4364046 0.5196279 0.3490538 0.2121833 0.2192327 0.206173 0.1847847 0.1917851 0.1966843 0.2809865 0.3501596 0.2937082 0.2779042 0.3049669 0.2113884 0.2027681 0.2016639 0.1747223 0.2253096 0.1975126 0.1544695 0.09791062 0.04447852 0.0444524 0.05123074 0.02049157 0.01065834 0.006867815 0.004462893 0.005006034 0.006518795 0.007110506 0.005780653
0.2733472 0.2703258 0.3493677 0.2190323 0.2394653 0.2997622 0.2495984 0.2902863 0.414196 0.4445092 0.3482184 0.24396 0.2287818 0.2608774 0.3066413 0.3632944 0.2125224 0.1723387 0.1418613 0.2150352 0.2814012 0.3093807 0.3135955 0.3498003 0.3180743 0.2360114 0.2531735 0.2324202 0.1608391 0.1504856 0.1868639 0.2387559 0.3204873 0.3703796 0.2311692 0.2352238 0.2188179 0.1808493 0.1530246 0.1670077 0.264342 0.2642345 0.1174269 0.06790949 0.06450963 0.09259371 0.02946288 0.01075795 0.006349839 0.01772364 0.008999296 0.008591891 0.01139053 0.01179922 0.01259811 0.01145725
0.2182337 0.2517389 0.3607745 0.2206338 0.2190113 0.2016566 0.2432568 0.3311506 0.4952636 0.4306416 0.4337375 0.3200732 0.2621859 0.3029883 0.4787599 0.4210486 0.3128937 0.2310046 0.2297562 0.2752951 0.3349103 0.2767045 0.2248548 0.2898558 0.2566715 0.222193 0.2105545 0.2053129 0.1648826 0.1666454 0.2046645 0.2343668 0.2931655 0.2779723 0.2065214 0.2077229 0.1677812 0.1176483 0.1713635 0.1481065 0.2075679 0.298604 0.1887529 0.06876259 0.05129092 0.0422619 0.02051722 0.004749195 0.01464772 0.01284571 0.01273216 0.01688055 0.01844625 0.01766352 0.01839419 0.01723017
0.2671615 0.2229822 0.2525648 0.196886 0.2788601 0.3093298 0.3840028 0.4214798 0.5214524 0.3961378 0.4150819 0.2995521 0.3144994 0.3688044 0.3974073 0.3174345 0.3116099 0.2537202 0.2828635 0.3099736 0.2399406 0.2372293 0.2367984 0.2636459 0.2732652 0.2525674 0.220166 0.2232681 0.1157619 0.1392332 0.1150547 0.2213292 0.2497085 0.1718766 0.1223457 0.1451462 0.08449046 0.0800094 0.2108385 0.1120139 0.1018881 0.1044208 0.1711444 0.05124864 0.007484183 0.001920971 0.00173916 0.00495556 0.01152818 0.01312212 0.01614647 0.01844195 0.0202496 0.02194478 0.02254491 0.02146627
0.1730898 0.1790852 0.1587687 0.2115192 0.3769464 0.4896898 0.4006326 0.2981035 0.3830638 0.3685055 0.3008241 0.2288417 0.3315359 0.2990693 0.3130789 0.3848068 0.3609598 0.3037921 0.3079674 0.2763137 0.2645113 0.2495774 0.3239013 0.2822532 0.3269073 0.2339098 0.1680073 0.2226575 0.1815811 0.1725741 0.1408589 0.157449 0.09627551 0.1217694 0.1196801 0.1363675 0.07125598 0.04639417 0.07620969 0.06144904 0.07612671 0.02494929 0.003222967 0.002203034 0.003987022 0.004811915 0.008054596 0.01212417 0.02477257 0.01994291 0.02153469 0.02344404 0.02483726 0.02607261 0.02624384 0.02488155
0.1791431 0.2320276 0.2318337 0.1843685 0.2495296 0.2451475 0.2821251 0.2344371 0.3720953 0.3380733 0.2783481 0.2483422 0.21956 0.2654941 0.3541395 0.3145539 0.3590485 0.2868383 0.3493652 0.1793799 0.2004243 0.2064385 0.2707491 0.2265455 0.1833007 0.1326505 0.1032095 0.2156047 0.3013546 0.2369824 0.127003 0.120754 0.08687885 0.1279207 0.09631652 0.05887665 0.05420999 0.04477511 0.02465338 0.03551199 0.06864267 0.01947969 0.01456629 0.01222736 0.01250612 0.01293622 0.01503439 0.01847865 0.0221683 0.02411534 0.02593957 0.02737338 0.02836343 0.02936331 0.02938002 0.02797718
0.2385511 0.2134496 0.2409073 0.1772054 0.2121327 0.2237764 0.3446521 0.273779 0.2629761 0.2420769 0.2947596 0.1894711 0.2217271 0.2972937 0.3340921 0.3440993 0.2898808 0.2776809 0.2321443 0.2432056 0.1876083 0.2392131 0.3434975 0.2606991 0.1445386 0.1235056 0.1010314 0.09176294 0.2072489 0.305 0.1275842 0.03329097 0.03725854 0.08847608 0.03502019 0.03077991 0.0215902 0.0252201 0.02676911 0.02731328 0.04465098 0.03314317 0.02559471 0.02290752 0.02232794 0.01990993 0.02119232 0.02364857 0.02666834 0.02818651 0.02954315 0.03026588 0.03059471 0.03142473 0.03152778 0.03056136
0.121957 0.169122 0.2075757 0.1843944 0.1887567 0.1843635 0.2016641 0.243547 0.1893306 0.3132005 0.2960971 0.2256458 0.327884 0.4014804 0.3759682 0.3506281 0.2867108 0.3260691 0.2297839 0.192789 0.1335435 0.1478317 0.26491 0.1896985 0.1167864 0.09517074 0.1165193 0.05626683 0.07369498 0.0797447 0.02284452 0.005388485 0.01177453 0.02673182 0.02109152 0.01589911 0.03012377 0.02662436 0.03821269 0.02707077 0.02748697 0.02693964 0.02547782 0.01888609 0.01841814 0.01732137 0.01752555 0.01582669 0.01700396 0.01747651 0.01822234 0.02271632 0.02269056 0.02322363 0.02323192 0.02253991
0.108989 0.1673481 0.1823714 0.2442436 0.2097479 0.1781981 0.1833276 0.2303032 0.2255399 0.2312537 0.2705186 0.3240031 0.3813503 0.3892189 0.4432635 0.296709 0.3366831 0.4744573 0.266013 0.2115608 0.2100852 0.1848955 0.2868814 0.2178499 0.1365842 0.1164073 0.07533219 0.02697991 0.02996121 0.02109594 0.01086682 0.01071098 0.01561594 0.01180378 0.01398211 0.02296601 0.02984273 0.02385685 0.03832057 0.02246115 0.02198486 0.03137543 0.02649518 0.02314592 0.01981707 0.0212442 0.01821097 0.01567536 0.01676234 0.020688 0.01774884 0.02214477 0.02193186 0.02227698 0.02229185 0.02178109
0.183267 0.1557405 0.1683645 0.1869351 0.154204 0.1836735 0.2262335 0.2816544 0.2560943 0.2124838 0.295966 0.3684917 0.41181 0.5645379 0.5367452 0.3644795 0.3162479 0.38528 0.2933975 0.2946644 0.428149 0.2909834 0.2434219 0.2030976 0.1623617 0.09122257 0.02429181 0.02437297 0.01499626 0.009934772 0.004682021 0.01774735 0.02606822 0.01186356 0.01888796 0.02375929 0.02300276 0.02343722 0.02622688 0.02179471 0.02155493 0.02078133 0.024055 0.02035879 0.0197125 0.01825849 0.01769761 0.0146908 0.01549659 0.01569755 0.0161178 0.02020608 0.01976072 0.01989042 0.01993912 0.01962733
0.2320774 0.2837559 0.2256681 0.181034 0.1314477 0.1889534 0.2529029 0.2944497 0.3001896 0.3197802 0.3058855 0.358291 0.382255 0.5024336 0.4465633 0.3348153 0.372067 0.4668338 0.321924 0.2906799 0.2697243 0.2735846 0.1716667 0.1205992 0.09862715 0.02961014 0.009580785 0.01616674 0.0126702 0.003569122 0.003124185 0.01269065 0.01566633 0.01058253 0.01295424 0.01577608 0.01954739 0.02255527 0.02568567 0.02150409 0.02144057 0.02041657 0.0200624 0.01952558 0.01872824 0.01714722 0.01634686 0.01383406 0.02164021 0.01357145 0.01384226 0.01731976 0.01667106 0.01659334 0.01665322 0.0165051
0.1884411 0.254064 0.1626082 0.1100885 0.1429276 0.1766363 0.2122076 0.2792644 0.3187622 0.3594678 0.3056303 0.3802022 0.3861149 0.3781588 0.4353664 0.3603262 0.3845091 0.4332778 0.3748921 0.3088538 0.2586404 0.2940022 0.1793736 0.08442804 0.04984406 0.02219421 0.01165452 0.0141194 0.01257011 0.01026182 0.004271821 0.0126319 0.01321437 0.0099869 0.01104872 0.01182171 0.01403873 0.01587532 0.01816274 0.01769196 0.01725066 0.0160194 0.01554695 0.01865657 0.01756013 0.01576808 0.01469967 0.0116265 0.01735763 0.01674704 0.011292 0.01447532 0.01651102 0.01312196 0.01310767 0.01305979
0.2300636 0.233349 0.1750189 0.1059475 0.1482957 0.2044872 0.2168286 0.2412411 0.2644111 0.3545263 0.3027103 0.3738493 0.3421731 0.3394214 0.3390869 0.3634883 0.3273108 0.4044887 0.372187 0.3092907 0.2669384 0.3657638 0.2583518 0.1274294 0.02514918 0.01098819 0.01269286 0.007435707 0.01024073 0.008302971 0.003933641 0.00899528 0.00923791 0.007486944 0.008543091 0.009611413 0.01176296 0.01354731 0.01568777 0.01511868 0.01501834 0.01411113 0.01370932 0.01643228 0.01545237 0.01368054 0.01241343 0.009590492 0.009437053 0.008926002 0.009039168 0.01145141 0.01344293 0.01091228 0.009934742 0.009908408
0.2589452 0.2430762 0.2032285 0.1677446 0.2375012 0.2846698 0.2441022 0.2776949 0.2586801 0.2936966 0.2947443 0.3573225 0.2482792 0.2569811 0.3711074 0.3512712 0.3243199 0.293516 0.3402424 0.3276672 0.2775716 0.2480369 0.1784749 0.1692549 0.07653917 0.02648639 0.01010385 0.006859344 0.006013947 0.00501852 0.003978794 0.009138138 0.01036924 0.007597016 0.00856298 0.009436871 0.01124169 0.01263275 0.0144685 0.01365066 0.01351439 0.01261464 0.01214998 0.01444829 0.01350009 0.01172428 0.01057433 0.008108776 0.0079543 0.007208674 0.007128761 0.008799786 0.00788874 0.007471379 0.00728117 0.007250976
0.2678128 0.2483352 0.2368908 0.2195882 0.276374 0.2137898 0.1905606 0.2645831 0.2905689 0.2733181 0.304788 0.3287159 0.3092208 0.3184492 0.4076377 0.4640912 0.5311708 0.3053712 0.2961812 0.3161725 0.3223434 0.2603889 0.1943816 0.1438268 0.08367413 0.04289654 0.02882895 0.01028895 0.006271398 0.005378885 0.004430908 0.009879515 0.009131175 0.008724459 0.00942083 0.009743632 0.01100997 0.0119397 0.01327972 0.01246909 0.01209847 0.01105067 0.01067167 0.01276653 0.01192149 0.01021497 0.009144734 0.007026114 0.006876534 0.005901862 0.005674406 0.006712287 0.005825174 0.005358852 0.005032321 0.00499364
0.167237 0.2010757 0.2717611 0.3349086 0.2720905 0.2845834 0.219935 0.2152444 0.2100336 0.2692244 0.3267394 0.3602734 0.3371017 0.4103135 0.3842327 0.4078427 0.4913796 0.3897884 0.2502246 0.2172316 0.2958621 0.3389682 0.2646471 0.185351 0.1208098 0.109283 0.05686198 0.05588564 0.05671092 0.04097613 0.03350063 0.03311497 0.02742742 0.01891182 0.01710729 0.009688611 0.009654878 0.009782637 0.01061303 0.01024241 0.009712556 0.008750351 0.008440797 0.008097197 0.0074187 0.006056604 0.005278909 0.004185439 0.003966011 0.003155049 0.002867175 0.003078722 0.002437767 0.002077604 0.001807632 0.002319801
0.1110725 0.09904116 0.1721651 0.2796446 0.3755085 0.465477 0.3053254 0.1699188 0.214898 0.4175557 0.3528664 0.3602837 0.2955255 0.3875495 0.4598837 0.3726899 0.4525844 0.384184 0.3422398 0.2903583 0.3274602 0.31202 0.274504 0.1696788 0.1180179 0.1030062 0.07209536 0.05891766 0.05850931 0.04852809 0.03615115 0.03688713 0.02725426 0.0211476 0.01766474 0.008512493 0.007915299 0.007524724 0.008120039 0.008246994 0.007803596 0.006919024 0.006710451 0.006447411 0.005823624 0.004490099 0.003707065 0.002850682 0.002530764 0.001846037 0.001600962 0.001399244 0.0008317996 0.003787533 0.00237541 0.0001833508
0.2358012 0.1222938 0.2117536 0.306621 0.3687365 0.386946 0.2922021 0.3514979 0.3023514 0.3250208 0.3027028 0.3472084 0.2476203 0.31958 0.3765687 0.4271804 0.4770011 0.4511382 0.3745785 0.374392 0.4493564 0.3565885 0.3280447 0.2508044 0.1692421 0.1433931 0.1038937 0.06738754 0.05943413 0.05551124 0.04689245 0.04134125 0.0310687 0.02358045 0.01860331 0.007041739 0.005934664 0.005334503 0.005776904 0.006473931 0.006131965 0.005432408 0.005374602 0.005198509 0.004622733 0.003327265 0.002549161 0.001853265 0.001511094 0.0007671094 0.0005121806 0.0002865834 2.159826e-005 1.327893e-005 1.277237e-005 5.398291e-006
0.2260165 0.1635419 0.1928671 0.2533383 0.2434234 0.2562133 0.2556154 0.3204225 0.2796538 0.157178 0.1881696 0.2608662 0.1732803 0.1572637 0.2832596 0.5064131 0.4829996 0.3362941 0.2879387 0.3147375 0.4414063 0.4019098 0.3250647 0.272236 0.2594217 0.1981625 0.1358631 0.1078092 0.09965969 0.09056539 0.05965751 0.0508743 0.03474059 0.0295585 0.02176709 0.00608342 0.004301781 0.003490376 0.003934241 0.005200539 0.004953279 0.004457193 0.004627719 0.004546194 0.004074266 0.00281927 0.002060583 0.001449529 0.00118407 0.000479363 0.0002672188 8.000385e-005 0.0004764768 1.282239e-005 1.623181e-005 4.1781e-005
0.2850725 0.192261 0.1712928 0.2559483 0.2564263 0.268117 0.3215447 0.2060861 0.2114463 0.1398439 0.1298461 0.1385687 0.1245143 0.2864922 0.4521724 0.3892331 0.3343493 0.268294 0.2655937 0.2596625 0.307159 0.327307 0.3103594 0.2777928 0.2810426 0.2077829 0.1672475 0.162226 0.1555628 0.1260575 0.1013324 0.08552513 0.06783029 0.05696262 0.04068467 0.01157992 0.005006977 0.002216485 0.002300182 0.003707628 0.003601547 0.00327545 0.003526813 0.004104029 0.003680449 0.002362923 0.00156714 0.001256373 0.001028108 0.0001359521 1.945828e-006 7.296143e-007 0.0005949121 0.001671831 0.0001021979 0.0006945063
0.1902233 0.1565286 0.2335323 0.2615712 0.2916726 0.2561815 0.2462334 0.2336728 0.270925 0.1795956 0.08464012 0.07320779 0.2432374 0.3185783 0.3417329 0.24351 0.1207738 0.09816584 0.1377015 0.2017025 0.2131045 0.2003362 0.1690247 0.2444792 0.2293232 0.1782084 0.1750574 0.2384451 0.2014972 0.1597743 0.1389086 0.08979927 0.07674529 0.06011051 0.04623059 0.0110273 0.005585678 0.002491479 0.002026071 0.00267779 0.002792661 0.002535697 0.00286505 0.003213351 0.002798663 0.001576305 0.0008851117 0.0006978055 0.0006030187 0.0003866814 0.001103009 0.00281042 0.002405001 0.002321689 0.002692465 0.004028417
