contrib/geomasonDemos/riftland/DataFiles/RainData/80.txt
ncols         56
nrows         54
xllcorner     28.264
yllcorner     -5.7719999999999
cellsize      0.25
NODATA_value  -9999
[rows 25 to 49 of 54, columns 0 to 55 of 56]
0.1334679 0.1026576 0.1858145 0.2251468 0.25492 0.2983652 0.3627458 0.2764801 0.2755901 0.1307871 0.05971524 0.2445901 0.3279861 0.3166899 0.3334999 0.2926688 0.1979227 0.06517326 0.1231881 0.2136251 0.2270115 0.2507953 0.2247721 0.253496 0.2691519 0.2155958 0.2529228 0.3194962 0.2460783 0.1930369 0.1476671 0.1317168 0.1179703 0.09206421 0.05079291 0.01138037 0.005859233 0.00264661 0.002173854 0.002607783 0.002120364 0.001953325 0.002348097 0.002474305 0.001975712 0.0008194419 0.001127377 0.004123637 0.0001199632 4.701464e-005 5.162356e-006 3.667473e-006 4.687369e-006 6.180278e-006 0.00573615 0.001684564
0.2198081 0.1443452 0.1594586 0.1421857 0.1877303 0.2663432 0.2579917 0.2204885 0.2107123 0.1456998 0.1408911 0.2053821 0.3290873 0.2613157 0.2994917 0.2519242 0.2190142 0.1578987 0.2104926 0.2002313 0.230382 0.2512132 0.1971775 0.2433096 0.2683263 0.2607708 0.260742 0.3191566 0.2925241 0.2455007 0.1949729 0.1362943 0.1461161 0.1230755 0.06172309 0.01119336 0.005819871 0.002707508 0.002250451 0.002761694 0.002041958 0.001696377 0.002137618 0.002367099 0.001716909 0.0006552049 0.001351519 0.002081454 0.0001374284 8.685407e-006 1.475675e-005 0.002000597 0.001675672 0.004567658 0.01170587 0.004064267
0.252651 0.2021216 0.2151586 0.2210543 0.2781901 0.3829146 0.2900741 0.2907993 0.2753099 0.3666414 0.483673 0.4048668 0.3502903 0.3683246 0.2083014 0.208657 0.192399 0.1732527 0.2200094 0.1873063 0.2101112 0.2203203 0.2404946 0.2706233 0.2924556 0.2470482 0.2239912 0.2513095 0.2511659 0.2479172 0.1976283 0.1546775 0.1158929 0.09100321 0.05299851 0.01546988 0.007032585 0.003321928 0.002797037 0.003785582 0.002892058 0.00230848 0.002345741 0.001905429 0.001889148 0.001161783 0.0003298341 0.0002830392 0.0002827625 0.0001153254 0.00123575 0.00937603 0.02453767 0.03677853 0.02476765 0.03176019
0.2964031 0.3191159 0.2681943 0.2282552 0.2236059 0.2331914 0.2248391 0.2434089 0.2705763 0.4409523 0.4247524 0.3591463 0.2741323 0.2881116 0.1799819 0.17448 0.1914711 0.1275059 0.1106188 0.1800419 0.1884364 0.263109 0.2956552 0.2948535 0.3184135 0.2696807 0.2127187 0.2399536 0.2239466 0.2211897 0.1859741 0.1481981 0.1212982 0.0980531 0.05532899 0.02162039 0.00890895 0.00338865 0.002886786 0.003988686 0.003139373 0.002462351 0.002329118 0.001853143 0.002319532 0.001520265 0.00117393 0.0003595001 0.0009367475 0.002476976 0.003073557 0.009817108 0.03465887 0.02757373 0.04892273 0.09257397
0.2080697 0.3688178 0.3532089 0.3101028 0.2568571 0.2812676 0.2452424 0.2264746 0.2844627 0.2864521 0.2463586 0.2831222 0.2504674 0.1847397 0.1242175 0.1651367 0.2116717 0.1446417 0.1632918 0.150631 0.1430817 0.1344926 0.1769241 0.2413854 0.3134618 0.2497446 0.2144279 0.2673108 0.2445316 0.2209983 0.1971649 0.1355813 0.1197556 0.07762133 0.05309319 0.03241869 0.01070777 0.003662747 0.005413295 0.004385278 0.003502842 0.002775744 0.002353264 0.001766316 0.001431502 0.0007248928 0.001094709 0.001197195 0.002547652 0.001816652 0.001996552 0.006984685 0.02980343 0.03123596 0.05745292 0.07187979
0.1440574 0.2819116 0.2540961 0.2503659 0.1807087 0.1440461 0.1289388 0.2193813 0.2603211 0.2694153 0.2021866 0.2121573 0.1577265 0.1752426 0.1427863 0.1042347 0.05882839 0.06714038 0.05271293 0.1118919 0.1153132 0.1177799 0.1179079 0.1540596 0.2177256 0.207314 0.2407307 0.2549273 0.2268602 0.2141308 0.1613349 0.1477156 0.1440578 0.09233109 0.06410294 0.09566427 0.03980741 0.004145534 0.003560661 0.005046807 0.004225781 0.004356381 0.003135731 0.001858574 0.001543887 0.0009316691 0.001761197 0.003016489 0.003601672 0.003336388 0.004103321 0.01392382 0.009474166 0.02034913 0.03819368 0.02295637
0.1272747 0.2469768 0.2656726 0.130826 0.08166212 0.09438907 0.05480627 0.1869973 0.2101982 0.2447724 0.2196789 0.1720627 0.1072336 0.1499261 0.06349394 0.07791261 0.05417477 0.07888658 0.1360278 0.1405329 0.1127101 0.1279844 0.1146477 0.1272754 0.1712964 0.1974269 0.1677907 0.1808362 0.1843998 0.1631506 0.1221397 0.1237115 0.1065345 0.08308226 0.0384964 0.05214634 0.07524066 0.01086124 0.008427627 0.006514596 0.007312364 0.00653278 0.003304136 0.001524774 0.00145165 0.0008629193 0.0007800916 0.001667585 0.002016404 0.00174376 0.002727116 0.01091862 0.01310914 0.01742174 0.01310886 0.006678028
0.2027604 0.228874 0.1312665 0.08803559 0.04261087 0.03323374 0.08325282 0.179937 0.1357299 0.1655861 0.1429526 0.1582053 0.07835932 0.0832651 0.08952884 0.06730277 0.0910095 0.1035488 0.1899751 0.1552546 0.1341678 0.1330593 0.09666751 0.1151567 0.1561088 0.1752453 0.1503131 0.1736733 0.1810482 0.1648489 0.1109277 0.08160388 0.08352685 0.08186831 0.03265052 0.02831603 0.02255901 0.01140769 0.00929835 0.008483481 0.00708396 0.005160334 0.004323434 0.002069158 0.001521903 0.001022122 0.001028979 0.002071934 0.002691402 0.002555954 0.003243067 0.006215216 0.002440252 0.00152829 0.001538161 0.001076831
0.2431886 0.2304963 0.1167175 0.09937806 0.04201298 0.05511589 0.07237274 0.1087723 0.1023182 0.06546602 0.07756908 0.1076757 0.07679392 0.04813101 0.04038123 0.06681469 0.1287849 0.1711165 0.1786051 0.1048105 0.1054118 0.09063377 0.08448102 0.0992092 0.1173201 0.1479504 0.1624807 0.1387841 0.1433894 0.1149867 0.08790518 0.0714495 0.07458226 0.05198717 0.0282861 0.02011787 0.01392081 0.01031165 0.009438058 0.008515529 0.006795422 0.005200888 0.005404838 0.001457142 0.001673322 0.00132238 0.001723158 0.002839178 0.003381639 0.003305267 0.003951763 0.001735223 0.001709285 0.001632798 0.008901765 0.007698395
0.2162212 0.1640422 0.1022763 0.07474659 0.1134583 0.1359062 0.087349 0.07425459 0.07749435 0.04881434 0.06997898 0.09554171 0.05139107 0.04417737 0.03606141 0.07318325 0.1648473 0.2117196 0.1879976 0.107883 0.1008441 0.07512013 0.06427536 0.08750416 0.1172743 0.1547728 0.1453659 0.1267381 0.1034113 0.0863018 0.06617416 0.04506909 0.05079422 0.0281293 0.02186807 0.01664802 0.01139984 0.008356097 0.007351869 0.005762135 0.004854429 0.004368394 0.005089932 0.001322444 0.001811769 0.001680473 0.00193747 0.003732483 0.004479666 0.00446785 0.005002681 0.002090915 0.001984144 0.01086317 0.01644271 0.01315879
0.1594476 0.1210465 0.08505294 0.09284433 0.1717523 0.1057379 0.04427015 0.06601135 0.04337487 0.03456223 0.05727858 0.0785664 0.04982348 0.05435552 0.03979232 0.07935154 0.1853755 0.1597721 0.1398034 0.06448609 0.05371154 0.03998156 0.02886767 0.05931175 0.08790927 0.1402445 0.1519551 0.09977444 0.06914558 0.04796554 0.03742465 0.02001744 0.01642869 0.01473911 0.009582482 0.008098074 0.006044357 0.004772434 0.004310891 0.003568091 0.003178559 0.003623126 0.003378989 0.003150582 0.003718695 0.004409246 0.005179237 0.007388435 0.008720577 0.009224837 0.01007633 0.007816056 0.009234281 0.01523149 0.008042584 0.003448107
0.1423045 0.1316085 0.05744807 0.09643365 0.05030135 0.02008316 0.03183702 0.04562797 0.03958701 0.03498251 0.06419829 0.06624867 0.06101088 0.04952757 0.05570845 0.08423714 0.1351541 0.1700579 0.1465483 0.04918223 0.02778971 0.01802446 0.02158589 0.06024153 0.09540297 0.1211737 0.1386221 0.09918738 0.05707433 0.0345096 0.02416162 0.01302311 0.009192487 0.006906608 0.006191039 0.005020895 0.003899914 0.003247753 0.003076205 0.002708309 0.002615497 0.002733411 0.003277574 0.003565941 0.004269463 0.005051709 0.006263812 0.009096826 0.01056967 0.01103912 0.0117913 0.008969248 0.01259274 0.01482874 0.009290339 0.02745806
0.1265993 0.08957542 0.0299093 0.01832581 0.02155825 0.02441664 0.03141843 0.03926858 0.04142413 0.0369096 0.03673469 0.05319295 0.05084458 0.04923767 0.05856081 0.07418758 0.1056426 0.1291251 0.09846067 0.03703675 0.01672704 0.01678849 0.02974377 0.05123943 0.1146112 0.1223337 0.1010574 0.07179258 0.05053153 0.02567121 0.01685975 0.008227082 0.00540111 0.003715317 0.003209091 0.003121852 0.002526793 0.002236266 0.002254564 0.002122384 0.002137617 0.002701407 0.003523744 0.004166003 0.005046466 0.006093765 0.007405629 0.01044881 0.01209886 0.01259383 0.01322655 0.02287089 0.01892354 0.01163824 0.01369787 0.02169355
0.1527185 0.06714659 0.01309415 0.0140825 0.01834813 0.0257 0.02350512 0.03939675 0.02906996 0.02752725 0.03444118 0.04955332 0.04795296 0.03678824 0.0638984 0.07241396 0.0844365 0.1303173 0.07223723 0.03160842 0.04201885 0.02625434 0.02849227 0.05118286 0.1084016 0.1168443 0.05734327 0.05270514 0.03705782 0.01936654 0.01335282 0.006851801 0.004641012 0.002981111 0.002554557 0.002465483 0.001967006 0.00176291 0.001855454 0.00182386 0.001909457 0.002633812 0.00396263 0.004958271 0.006360136 0.007283103 0.008546824 0.01163521 0.01329707 0.01378824 0.01476334 0.0107352 0.01094998 0.01276435 0.02018857 0.02802419
0.1213301 0.0457326 0.0173806 0.008989004 0.03196358 0.03502077 0.01882052 0.0215829 0.02452015 0.02428738 0.02933905 0.04579395 0.0800371 0.04343299 0.06232295 0.07363532 0.09940964 0.0962998 0.06765114 0.04560292 0.03113085 0.02959571 0.0275963 0.02673687 0.05376009 0.08496647 0.03878691 0.01876995 0.01633218 0.01002011 0.00740798 0.005209311 0.003377741 0.002272397 0.00192497 0.001173312 0.0009119771 0.0008364525 0.0009465177 0.001051633 0.00116043 0.00183823 0.003061487 0.008284066 0.01075929 0.01241201 0.01404064 0.01313472 0.01741126 0.0218073 0.01545732 0.01751371 0.01898258 0.01994627 0.01566626 0.01745968
0.09723705 0.0224307 0.01122098 0.02541235 0.02691282 0.01939113 0.01355733 0.02052853 0.02213955 0.02300299 0.02374192 0.04185276 0.04329016 0.05498501 0.06763006 0.07164733 0.0888574 0.0698116 0.06293106 0.04332622 0.03548256 0.0318929 0.02924802 0.02719555 0.02552205 0.02462025 0.02068072 0.01448281 0.01148699 0.007643591 0.005614709 0.003648424 0.002333645 0.001518878 0.001256917 0.0007389154 0.0005426516 0.0005246742 0.000684886 0.0008420113 0.001001461 0.001855736 0.00337085 0.009367096 0.01216446 0.01416952 0.0158255 0.01559758 0.01589384 0.0171401 0.01653946 0.0173408 0.01650635 0.01598593 0.02686766 0.01669355
0.07826202 0.01178833 0.00385222 0.00948243 0.007536395 0.006950391 0.007367255 0.01965137 0.02105906 0.02306292 0.02367431 0.04153083 0.04502856 0.0742456 0.05694954 0.06387015 0.06835767 0.07851335 0.06518795 0.04356293 0.03611752 0.03461786 0.02937146 0.02570878 0.02571491 0.024617 0.01708878 0.01245246 0.007843224 0.005072018 0.004292117 0.002680233 0.001621434 0.001031286 0.0008294188 0.0004888858 0.0003352264 0.0003673617 0.0005720077 0.000774662 0.000978319 0.001925108 0.003575154 0.009996613 0.01293176 0.015178 0.01792818 0.01862454 0.01955192 0.01892575 0.0205967 0.02069425 0.01873932 0.01935869 0.02077653 0.01274193
0.07189602 0.01884962 0.003725518 0.007380979 0.01004249 0.00626002 0.002323491 0.01423851 0.01629211 0.01999476 0.01948102 0.03722593 0.04732643 0.0601601 0.05703786 0.05963565 0.0543397 0.05146767 0.05110194 0.04122263 0.03583826 0.03199049 0.02864204 0.02292744 0.0235989 0.02031449 0.01459031 0.01022547 0.006682004 0.005800331 0.007202202 0.002171905 0.001287684 0.0007766419 0.0006485556 0.00136531 0.008315302 0.0004887867 0.000608882 0.0008694786 0.001092274 0.002045913 0.003681919 0.01015776 0.01322274 0.01544681 0.0174329 0.01807933 0.02276252 0.02464127 0.02280966 0.02066553 0.02091221 0.02229914 0.02464054 0.01987903
0.0463156 0.01626922 0.00650623 0.007278818 0.005432409 0.008118149 0.009644461 0.01212479 0.01345161 0.01316236 0.01803406 0.02014045 0.02454644 0.0334847 0.02945538 0.02416606 0.02679813 0.02376663 0.0235997 0.02389083 0.02219188 0.02083476 0.01909385 0.007505805 0.006728457 0.006430176 0.004606881 0.001794993 0.001182161 0.006256754 0.004322123 0.0005405822 0.0003006354 0.0001686773 0.0003087546 0.002588934 0.03446573 0.0008635788 0.0004658294 0.001182446 0.00154122 0.002773531 0.004839512 0.01110466 0.01450575 0.01693407 0.02262704 0.0221986 0.0253512 0.04071316 0.02990295 0.01637097 0.01358871 0.0121371 0.01185484 0.00641129
0.07298619 0.02864072 0.007477158 0.004553386 0.006477299 0.005576616 0.007054465 0.009397765 0.008291002 0.009589692 0.01278072 0.01801715 0.0212181 0.02109707 0.0258434 0.02128959 0.02217791 0.02131309 0.02109419 0.02169706 0.02108745 0.02010954 0.01860011 0.007386541 0.00678522 0.005851012 0.004612553 0.001746979 0.0009838588 0.000507202 0.00038363 0.0003948942 0.0001941191 0.0002634258 9.014404e-005 0.0001494256 0.0002358389 0.0002609765 0.0004925844 0.001351384 0.001705559 0.003063241 0.0049956 0.01200097 0.01521946 0.01753121 0.01981039 0.02291912 0.02961327 0.03125204 0.02724317 0.01314516 0.01766129 0.01971774 0.008064516 0.00548387
0.07032254 0.02530088 0.006766917 0.003129015 0.003854499 0.004662415 0.006584301 0.006976855 0.007054391 0.008614801 0.009436682 0.01352238 0.01586919 0.0197308 0.01982306 0.02190368 0.01894173 0.01855861 0.01931255 0.1007159 0.01883715 0.01808499 0.01684636 0.006751251 0.006248088 0.005398627 0.004233917 0.001663187 0.0008394553 0.0003916663 0.0002917482 0.0002889388 0.0001280873 5.650514e-005 7.566569e-005 0.0001602489 0.0001930849 0.0004951463 0.0006446959 0.001770019 0.002157599 0.003423246 0.005999265 0.01255436 0.0159891 0.02107058 0.02038854 0.02950112 0.03394883 0.0295641 0.02537907 0.01016129 0.03298387 0.01225806 0.01028226 0.02028226
0.03776742 0.01007986 0.004054734 0.002155235 0.00245556 0.00341219 0.006187258 0.006435803 0.006933695 0.007142302 0.007415285 0.01128471 0.01304593 0.01521013 0.0133472 0.01563904 0.01490565 0.01589995 0.04701244 0.05043569 0.01542403 0.01484352 0.01368331 0.005513834 0.005070576 0.005734623 0.003930347 0.001249799 0.0006592607 0.002322001 0.0002244214 0.0002226881 0.0001020984 6.215613e-005 0.0001038374 0.0002736236 0.0003184372 0.0007433283 0.0009207999 0.002287117 0.002945504 0.004676282 0.006958785 0.01341921 0.01632992 0.01919603 0.02011302 0.02580111 0.02644514 0.02809876 0.02691159 0.02379032 0.01479839 0.007096773 0.01278226 0.01649193
0.02193677 0.005144659 0.002796358 0.003652763 0.003679143 0.004288435 0.003844599 0.002891904 0.001798179 0.002164636 0.002704124 0.004845913 0.00610117 0.006294554 0.006662889 0.009391032 0.0106459 0.01001396 0.009577381 0.009736436 0.01005898 0.00915367 0.008208984 0.002511614 0.002285535 0.00255592 0.001519804 0.001018603 0.0001948245 8.473171e-005 6.338995e-005 0.0005262825 5.030463e-005 4.489326e-005 8.746641e-005 0.0005325251 0.0007055981 0.001162226 0.001986664 0.004128155 0.005649992 0.007965392 0.01057813 0.01315832 0.01576783 0.01716753 0.01726867 0.01298387 0.01169355 0.01495968 0.0178629 0.02205645 0.02596774 0.0175 0.009435484 0.02310484
0.00634081 0.002616561 8.943192e-005 0.003167074 0.002000536 0.003271771 0.001144331 0.0007698027 0.0009038614 0.001126558 0.001514111 0.002893197 0.003633844 0.003743813 0.004068081 0.005792721 0.009808724 0.00684275 0.006032145 0.00723275 0.006955724 0.006138384 0.005582613 0.003638117 0.001512651 0.001275737 0.0009825162 0.0002380063 0.0001147475 4.603592e-005 8.737008e-005 6.012451e-005 3.321332e-005 4.856386e-005 0.0001686588 0.0006705907 0.0009018691 0.001453567 0.002311898 0.005021568 0.007015636 0.00910753 0.01129364 0.01521411 0.01894963 0.01560002 0.02745351 0.02318548 0.01495968 0.01116935 0.01391129 0.01459677 0.01326613 0.01205645 0.01169355 0.02149193
0.005230897 0.01112402 0.0032582 0.0020442 0.000677186 0.0003658537 0.0005027885 0.0004637976 0.0004025027 0.0006122524 0.0007396559 0.001425105 0.002255318 0.002088706 0.002482185 0.007030561 0.004777361 0.004887386 0.003916811 0.004805789 0.004676044 0.005182945 0.004021062 0.001885088 0.001282713 0.0008073559 0.000611731 0.000142255 6.507292e-005 2.388855e-005 2.01456e-005 4.036247e-005 3.10264e-005 0.000378458 0.000641153 0.001114006 0.0012049 0.001786713 0.002724891 0.006044708 0.01326753 0.0101646 0.01177825 0.01432998 0.01640794 0.01544921 0.01707081 0.003266129 0.009395161 0.01342742 0.01633064 0.01278226 0.01185484 0.0183871 0.01056451 0.007741935
