contrib/geomasonDemos/riftland/DataFiles/RainData/81.txt
ncols         56
nrows         54
xllcorner     28.264
yllcorner     -5.7719999999999
cellsize      0.25
NODATA_value  -9999
[rows 26 to 51 of 54, columns 0 to 55 of 56]
0.1463572 0.1850639 0.182799 0.1952601 0.1942516 0.1847424 0.1688711 0.1277334 0.0840738 0.08323734 0.1265509 0.1359151 0.1285361 0.1263622 0.1299078 0.1985794 0.2021317 0.1454802 0.1780165 0.1590904 0.1287733 0.1384642 0.179729 0.1741557 0.166634 0.1302942 0.128328 0.14946 0.1308807 0.1270198 0.108268 0.09339363 0.08429649 0.08617421 0.05641957 0.04853817 0.03111825 0.01124093 0.006752089 0.00695711 0.006990314 0.004779254 0.004146397 0.00408631 0.00319563 0.0005864815 0.002182535 0.001036984 0.0001064096 8.239543e-005 9.800515e-005 0.003198975 0.003239687 0.0008662527 0.003234511 0.0002262238
0.1977675 0.2351493 0.2287375 0.2243466 0.1813498 0.2764907 0.1621757 0.1130729 0.08949215 0.09638936 0.1318092 0.169507 0.1391049 0.1369086 0.1568756 0.197136 0.1665962 0.142573 0.1632095 0.1361935 0.1382744 0.1445792 0.1738169 0.1909672 0.190663 0.1760765 0.1585111 0.1343295 0.1204873 0.1192789 0.1072332 0.100612 0.1051573 0.0837158 0.05092104 0.04685104 0.02725239 0.01491365 0.01306001 0.01040861 0.009370851 0.01158986 0.008012051 0.003141138 0.008586522 0.008294103 0.002177428 0.0006059432 0.0007135085 0.0004553068 0.0003586048 0.002018628 0.00510047 0.006555873 0.003441416 0.0003968455
0.1978392 0.2330641 0.2689144 0.1630978 0.1345953 0.1771099 0.1275261 0.1347481 0.1508926 0.1162223 0.1155201 0.148384 0.1463513 0.1220787 0.1114241 0.109999 0.1179362 0.1421941 0.1471989 0.1137178 0.1372923 0.151201 0.167633 0.2076724 0.2399138 0.2110293 0.193616 0.1679832 0.1362174 0.1208651 0.1115365 0.1084675 0.09487427 0.07800411 0.04963521 0.0382021 0.05136747 0.03714404 0.01996075 0.01221959 0.01059325 0.008970797 0.007229209 0.003589327 0.01018694 0.01200519 0.009313938 0.0007069107 0.0004885152 0.0006736153 0.000680966 0.00357625 0.007501237 0.008112945 0.00893051 0.001104444
0.2127948 0.2376892 0.2354257 0.1426068 0.1356738 0.1037976 0.1289351 0.1297028 0.1448638 0.1191806 0.1030332 0.130466 0.1253369 0.1031171 0.09021713 0.08812366 0.1199593 0.1212627 0.1056421 0.1006904 0.1131565 0.1330319 0.1576222 0.2296724 0.2505949 0.2446839 0.2368362 0.1950979 0.1545995 0.145698 0.1237624 0.1162119 0.08017413 0.083747 0.06810618 0.05489224 0.04053852 0.034585 0.02441643 0.01645365 0.01276926 0.01019125 0.008188573 0.004052843 0.003615412 0.004488367 0.008364206 0.0008472572 0.0007622425 0.0006218539 0.0008883774 0.001102854 0.00414022 0.007899733 0.008287842 0.002387159
0.2518188 0.2231352 0.1695712 0.1192931 0.09140676 0.08686381 0.1014528 0.1007151 0.11142 0.1294483 0.1225992 0.1049445 0.1018215 0.09534081 0.07831762 0.06004982 0.05391292 0.08238978 0.07612323 0.1096855 0.112032 0.1248222 0.1312823 0.1947601 0.2978453 0.2784943 0.2633502 0.2320084 0.2004963 0.1509764 0.135786 0.1133429 0.07529269 0.07075968 0.07728135 0.09690036 0.05639812 0.02799343 0.03112322 0.01972469 0.0161859 0.01291756 0.009038541 0.004372316 0.002795454 0.001901424 0.001707194 0.001088843 0.001131317 0.000983755 0.001183934 0.001280623 0.001583495 0.004077088 0.00464388 0.001866943
0.2086751 0.2513214 0.2033781 0.1245336 0.08055592 0.06214423 0.06530258 0.1031928 0.1337537 0.1226047 0.13264 0.1094416 0.09587101 0.08900718 0.07189386 0.06557353 0.05939447 0.08272608 0.1170485 0.1394489 0.1435106 0.1447051 0.1740527 0.2294312 0.2856803 0.3260934 0.2918341 0.2750262 0.2496391 0.1905287 0.1606444 0.1086083 0.08390104 0.06123569 0.06576033 0.07655031 0.1023738 0.03850026 0.03029915 0.0222415 0.01889461 0.01515359 0.01113959 0.003071548 0.001774101 0.001206116 0.00115617 0.001667779 0.001299649 0.00149715 0.001684866 0.001209185 0.001885408 0.001524255 0.002735218 0.008729312
0.2159506 0.2136398 0.1368359 0.105767 0.07573049 0.06873365 0.07582079 0.1124447 0.1265629 0.1044888 0.1113349 0.09868981 0.09796865 0.102797 0.08047025 0.06922704 0.07648101 0.1142896 0.1268183 0.1456534 0.1591218 0.1556162 0.1795776 0.2468314 0.2934026 0.3131065 0.3017851 0.2951746 0.2589222 0.2153128 0.1665713 0.1156225 0.09165398 0.08207353 0.05514882 0.05290596 0.04829393 0.03777973 0.03236919 0.02251639 0.01779587 0.01370475 0.0129812 0.003526579 0.001867237 0.001272164 0.001284155 0.001700839 0.001629525 0.001775354 0.002111302 0.0004433978 0.0007616783 0.0005459835 0.0005788469 0.01597711
0.2241153 0.1774308 0.1337038 0.1081541 0.07655025 0.06805261 0.1034235 0.119893 0.09719317 0.1128955 0.10894 0.1098251 0.106107 0.0928153 0.07770756 0.08558583 0.0981111 0.1185535 0.1103969 0.1201791 0.1343352 0.1500499 0.1769064 0.2356381 0.2975372 0.3344966 0.3135537 0.2763404 0.2512688 0.2290697 0.1724136 0.1083296 0.08156504 0.06923691 0.05538132 0.0568195 0.05568476 0.0445164 0.03455118 0.0224002 0.01873743 0.01385117 0.01070902 0.003586766 0.002087141 0.001447722 0.001529675 0.001971596 0.002061066 0.002283681 0.002784531 0.0005897008 0.0005901679 0.0007861314 0.01020517 0.01895389
0.1846279 0.1884702 0.1643058 0.1366346 0.1212458 0.09493388 0.09959789 0.105572 0.09133301 0.1092713 0.1091481 0.1056921 0.1096661 0.0977744 0.08894517 0.09727964 0.110174 0.1069314 0.09471142 0.1068822 0.126627 0.1343433 0.1364804 0.197808 0.257085 0.3176649 0.2784834 0.229373 0.2114381 0.1921508 0.1568407 0.098183 0.07549877 0.06267982 0.04645678 0.06113284 0.04619148 0.03574508 0.03282699 0.02015159 0.01620663 0.01272259 0.01003444 0.003008764 0.002114623 0.001889027 0.002045624 0.002492642 0.00292133 0.002922154 0.003219465 0.0006232515 0.0006759508 0.0158498 0.01782016 0.001524931
0.1854605 0.2222726 0.1556696 0.1515158 0.1205086 0.1275767 0.09915842 0.09521203 0.09677496 0.09939118 0.09138877 0.113169 0.1215626 0.1198905 0.1051063 0.1161695 0.136648 0.1133247 0.1045228 0.07206244 0.06111784 0.04470909 0.04521958 0.167625 0.2216823 0.248967 0.23551 0.1838668 0.1613671 0.1384729 0.1203065 0.08405972 0.06579231 0.04770231 0.04178959 0.05449848 0.04002925 0.02841404 0.02439608 0.01636591 0.01213269 0.00997422 0.00839773 0.005042989 0.003840342 0.003432302 0.003826081 0.005308065 0.005633969 0.006204534 0.006523233 0.004695261 0.004983116 0.02759806 0.01135366 0
0.2195378 0.2565462 0.09932534 0.09081838 0.08233628 0.1021545 0.1088413 0.1025752 0.1021828 0.09593564 0.08824956 0.1213471 0.1205351 0.1130421 0.122879 0.1132871 0.1035948 0.09490445 0.09316376 0.06078869 0.03428623 0.02670783 0.05203201 0.1725749 0.2166533 0.2301215 0.2025072 0.1666636 0.1483853 0.1149567 0.09683656 0.07610638 0.05173283 0.03760256 0.03395372 0.05221861 0.02917374 0.0246257 0.02114778 0.01307735 0.01076507 0.008961863 0.007819722 0.004934586 0.004067272 0.003899975 0.004427307 0.006097815 0.006680292 0.007286255 0.007682707 0.005469225 0.03085352 0.02520902 0.008416186 0.006403933
0.1990394 0.199184 0.08189637 0.05187497 0.05774055 0.07099362 0.09241727 0.1070538 0.1034982 0.09511432 0.09013809 0.1138763 0.1175386 0.1220051 0.1310306 0.1368047 0.1093729 0.09181777 0.0972719 0.04743557 0.02637049 0.03001265 0.08888587 0.1680099 0.1895486 0.2006179 0.1683258 0.1339421 0.1281531 0.1070885 0.08314557 0.06379525 0.04065853 0.0345061 0.03314891 0.04509218 0.02370827 0.02075551 0.01802026 0.01116217 0.009191924 0.00785428 0.007233652 0.004911837 0.004437532 0.004512684 0.00509232 0.007136711 0.007971688 0.008705402 0.008459332 0.04011662 0.03458634 0.006737456 0.007483624 0.008828452
0.1980067 0.1250073 0.03814359 0.06365485 0.06496535 0.05959443 0.07183415 0.108691 0.1081854 0.08983175 0.07540859 0.1039302 0.1185395 0.09183525 0.1006217 0.08141734 0.1219198 0.08105327 0.08085213 0.03571 0.02860986 0.04097265 0.09400327 0.1549717 0.1659106 0.1776916 0.1316722 0.1186761 0.115407 0.08521947 0.06014813 0.06006795 0.03641064 0.03853411 0.02820318 0.02273096 0.02010169 0.01809172 0.01454957 0.009058516 0.007448704 0.006629353 0.006641216 0.004932147 0.004957611 0.005490717 0.005823486 0.007749869 0.008460517 0.008976451 0.01670871 0.0236594 0.009586395 0.007329358 0.0103475 0.01058577
0.1905718 0.09992597 0.04503492 0.0691067 0.07315283 0.07415375 0.06892867 0.09386585 0.1139411 0.1249135 0.08838891 0.09504828 0.09129296 0.108943 0.1103742 0.08086655 0.0921232 0.06858598 0.05650444 0.04600915 0.0237789 0.03989949 0.1031558 0.1068635 0.1319702 0.1585422 0.1240195 0.09794271 0.08047716 0.05060817 0.04171297 0.04327853 0.03086704 0.02474755 0.01877742 0.0122821 0.01028451 0.009697004 0.007837844 0.004341116 0.003554778 0.003368612 0.003791561 0.007662173 0.008427845 0.009733669 0.01007666 0.008843496 0.02728991 0.04480845 0.02031017 0.01107094 0.01523407 0.01524691 0.01369432 0.004895397
0.1743298 0.08649415 0.04706446 0.07118547 0.06550556 0.07774368 0.06568618 0.08022387 0.09320881 0.1105996 0.08378912 0.09053207 0.08565825 0.07674724 0.08762769 0.06238704 0.05199898 0.05066914 0.03940873 0.0267804 0.01848701 0.02739146 0.06391753 0.06767281 0.1059922 0.1091935 0.09775468 0.06694856 0.05635721 0.03897223 0.03173362 0.03126277 0.05332058 0.01785621 0.01249258 0.008926764 0.007870157 0.008056924 0.005776927 0.00372845 0.002406609 0.002569702 0.003417709 0.007735464 0.009215583 0.01035021 0.01123807 0.02061948 0.03074831 0.02381492 0.0121656 0.01146327 0.01231987 0.02055733 0.01481435 0.001757322
0.2035164 0.1033363 0.06176023 0.08113782 0.08377754 0.07482696 0.07343993 0.09305039 0.08966451 0.09367328 0.07699237 0.0813177 0.07911871 0.07049719 0.0556615 0.08268128 0.08226347 0.05095526 0.04673735 0.03746716 0.04518357 0.05176827 0.05372688 0.0656224 0.08983999 0.06119134 0.05949156 0.05815671 0.04247222 0.03447485 0.02364219 0.02405913 0.02085272 0.01253292 0.009758255 0.006663753 0.006999048 0.005623747 0.01414462 0.004658503 0.001743392 0.002117992 0.003180075 0.007685113 0.009516798 0.0108933 0.01181273 0.03181968 0.01111881 0.01327526 0.01301798 0.0100691 0.01579709 0.01580085 0.01480399 0
0.2015607 0.08934067 0.03236574 0.05353351 0.08643293 0.07157059 0.06801692 0.09250594 0.08674051 0.07883494 0.05941849 0.07191585 0.09354889 0.07566093 0.05771045 0.06912052 0.0517676 0.03307729 0.05863701 0.0845435 0.05221533 0.03444244 0.05933114 0.07503265 0.09531548 0.07202262 0.05927891 0.03576632 0.03288363 0.04883991 0.03229712 0.01938315 0.0190903 0.01167425 0.009319796 0.04989407 0.06044287 0.004033053 0.004659124 0.001957282 0.001592555 0.002020003 0.003093121 0.007534723 0.009376223 0.0108483 0.02967722 0.02335203 0.0112945 0.01193789 0.01278442 0.01428491 0.02456122 0.02172337 0.01856443 0.004393305
0.2339962 0.126223 0.05895539 0.04142445 0.07457852 0.07484736 0.0679476 0.07043391 0.09003562 0.06510483 0.04675021 0.05023765 0.06372263 0.07205701 0.07365967 0.04294544 0.03447447 0.03064091 0.0756659 0.06793077 0.04959573 0.04743214 0.05058238 0.07899667 0.1059202 0.08016943 0.05444894 0.047376 0.06298041 0.0580695 0.01820117 0.007736522 0.01072582 0.01005581 0.004589546 0.03920528 0.2225168 0.00549327 0.002584008 0.001759979 0.001605751 0.003215122 0.003359541 0.007677678 0.009619142 0.0288806 0.05298635 0.01896939 0.016337 0.02434265 0.02559297 0.0151046 0.01769874 0.01560669 0.01539749 0.005774058
0.1997861 0.09934096 0.06108801 0.06302162 0.07660584 0.06922451 0.06395826 0.07299422 0.09143765 0.05290596 0.03955213 0.06428286 0.09049264 0.06964271 0.06038576 0.04245123 0.04629372 0.054389 0.03311985 0.03905369 0.02583001 0.02925889 0.02808151 0.02869689 0.08890688 0.05333948 0.04325426 0.03148162 0.02554186 0.002368083 0.01345116 0.006117561 0.007270019 0.007002105 0.003063333 0.002836489 0.00296758 0.001681924 0.001642582 0.001687731 0.004680572 0.00312751 0.003255509 0.007519007 0.009454046 0.04616961 0.03694494 0.01571273 0.0192359 0.02591215 0.02320782 0.01545833 0.01820084 0.01230126 0.01112971 0.0125523
0.1693651 0.09810127 0.06394751 0.07946536 0.0902003 0.08245925 0.06263257 0.06493081 0.06179464 0.05985248 0.03951569 0.04243283 0.05474829 0.06765222 0.05199162 0.04060993 0.05692107 0.03856544 0.02449218 0.03649212 0.03943709 0.03964899 0.03327306 0.03566488 0.03062057 0.03141576 0.06793737 0.03299431 0.02495914 0.004182149 0.01382064 0.004064268 0.003539836 0.00181811 0.001579269 0.001703434 0.001526855 0.001508023 0.001595112 0.001551266 0.001647201 0.002257233 0.003374827 0.007529086 0.009329153 0.05542029 0.02399901 0.02224337 0.03438743 0.02740244 0.02585533 0.00825 0.01087866 0.00874477 0.01121339 0.01209205
0.1497714 0.1141348 0.08359232 0.07098439 0.0742987 0.1139726 0.07508767 0.07578768 0.06436324 0.06419951 0.05475115 0.04412249 0.0433981 0.04974484 0.04403635 0.05707936 0.05314689 0.02632809 0.0231503 0.03035571 0.03480827 0.04284508 0.04071745 0.04713832 0.03859664 0.0431761 0.06022689 0.06854481 0.05426712 0.003988412 0.01528408 0.005374473 0.00764331 0.002897262 0.00144662 0.00166171 0.001598349 0.00169687 0.001946792 0.002008482 0.002236893 0.002795268 0.003692475 0.008059147 0.009133296 0.0400756 0.01334587 0.03320509 0.03573758 0.02134235 0.02626938 0.008458333 0.01096234 0.005690376 0.009372385 0.01435146
0.1031789 0.09747917 0.08017714 0.04549983 0.05353695 0.07286277 0.06689958 0.07170557 0.04755007 0.05200525 0.06402037 0.05741997 0.04167568 0.0335708 0.05769079 0.06369831 0.06329256 0.03517403 0.03162381 0.02729069 0.03899102 0.03296608 0.02610038 0.02968485 0.0437061 0.04673439 0.05654978 0.06354917 0.05086207 0.01637781 0.02404684 0.01206391 0.003122903 0.0009142451 0.000948596 0.001604634 0.001656449 0.001879878 0.00239358 0.004925782 0.004634671 0.004841586 0.005801294 0.02803962 0.06819087 0.02888096 0.01103953 0.02945833 0.04629166 0.001666667 0.040375 0.01179167 0.00669456 0.008326359 0.007154812 0.009288702
0.1099228 0.08892499 0.06777705 0.05014292 0.06827924 0.05880715 0.06315211 0.08301563 0.06668904 0.07542994 0.08727277 0.06148783 0.04211009 0.03625227 0.03562605 0.05358005 0.09268159 0.05106572 0.04192153 0.03228219 0.03453509 0.03343266 0.0178356 0.0447934 0.01598231 0.01841956 0.02890669 0.04578654 0.0101816 0.005170255 0.0003695755 0.002936529 0.002779071 0.0007482849 0.0008526579 0.001561998 0.00172981 0.002083789 0.002626647 0.006306831 0.005899521 0.005602172 0.006915172 0.04628379 0.04710516 0.009249517 0.01015698 0.02108333 0.01908333 0.008541667 0.03504167 0.01108333 0.01166667 0.007405858 0.009456067 0.01133891
0.09850687 0.08003042 0.06639604 0.06558754 0.06447814 0.04568817 0.06757067 0.08002485 0.1212552 0.1161988 0.08078213 0.05786011 0.05130294 0.02948808 0.04271764 0.05970583 0.08032724 0.04767372 0.03227662 0.03374324 0.03306845 0.02823161 0.02589083 0.01346248 0.02266554 0.02903045 0.02786743 0.01544443 0.01161145 0.0005066698 0.0005026653 0.002788945 0.0006722168 0.003189209 0.0008534809 0.001691505 0.001992863 0.002477875 0.003149511 0.009040895 0.01670584 0.006747589 0.01183498 0.03957872 0.009907857 0.008415401 0.008697026 0.02345833 0.022875 0.03704167 0.03829167 0.02066666 0.01129167 0.01129707 0.007991632 0.008326359
0.07793272 0.0772619 0.09218132 0.08996315 0.05829738 0.04710505 0.07203683 0.1331079 0.1350348 0.1032235 0.09194577 0.059368 0.04469011 0.03044501 0.0358649 0.04680487 0.05057688 0.04425476 0.035853 0.03132719 0.03314479 0.03091563 0.02350619 0.01716027 0.01949101 0.02564292 0.02636341 0.0236924 0.01298486 0.005091832 0.001089417 0.0007678877 0.0006210701 0.005022382 0.0009524484 0.001998011 0.002434038 0.003055352 0.003858001 0.006315856 0.01684746 0.009594925 0.0419079 0.01972037 0.01004756 0.01087416 0.01703138 0.0005833333 0.002166667 0.02991667 0.031 0.018375 0.0105 0.01991632 0.006987448 0.01058577
0.1014744 0.08272702 0.09336304 0.09749045 0.04494676 0.05506659 0.07656728 0.129006 0.1192437 0.08170941 0.06616624 0.04306559 0.05015437 0.04447703 0.03625724 0.0387118 0.04957172 0.04303417 0.0366367 0.03614683 0.03160879 0.03625245 0.0221603 0.02107218 0.03193268 0.03201473 0.01808352 0.01586566 0.00906394 0.005735483 0.007068035 0.002027045 0.003033628 0.0008379234 0.001272192 0.002001195 0.00246329 0.003790216 0.00388666 0.009228211 0.01331884 0.03733927 0.05755554 0.0106144 0.01230348 0.0105505 0.01090449 0.00025 0.005458333 0.02433333 0.022625 0.015625 0.01208333 0.009372384 0.00623431 0.004058577
