contrib/geomasonDemos/riftland/DataFiles/RainData/81.txt
ncols         56
nrows         54
xllcorner     28.264
yllcorner     -5.7719999999999
cellsize      0.25
NODATA_value  -9999
[rows 0 to 25 of 54, columns 0 to 55 of 56]
0.09685599 0.1174998 0.1239781 0.1649613 0.1094079 0.1118255 0.1064643 0.06891979 0.0761129 0.0466217 0.0627104 0.05344438 0.05458808 0.062168 0.05743904 0.05090439 0.03988905 0.05693716 0.07397498 0.0724318 0.07528944 0.07133481 0.09222748 0.1195404 0.1539769 0.1709028 0.161397 0.206037 0.1647267 0.1096548 0.1040602 0.1661835 0.2030921 0.1893139 0.1983493 0.1855082 0.1559242 0.1691623 0.1440228 0.1132193 0.0601665 0.06853061 0.06339971 0.1037669 0.06608174 0.07452759 0.1182836 0.09741802 0.1118332 0.1597649 0.1248719 0.0963292 0.1015692 0.1019432 0.09894768 0.09372704
0.1050553 0.1666711 0.1516725 0.1282692 0.09536581 0.09733642 0.07382265 0.1065193 0.08578178 0.07927901 0.0958758 0.07199711 0.06271999 0.05634055 0.07000128 0.07744607 0.05872736 0.1074319 0.1298187 0.0923345 0.08551267 0.08630231 0.09011127 0.1185803 0.1430626 0.1856832 0.160479 0.2174866 0.152907 0.1131428 0.08562172 0.1993289 0.2308058 0.1954746 0.1887304 0.2037077 0.1639761 0.1983146 0.1403972 0.1219387 0.06728161 0.04607593 0.09092697 0.08545411 0.0712079 0.09015367 0.09213884 0.1404531 0.151295 0.09569753 0.09240858 0.08274532 0.07440445 0.07037447 0.05386516 0.053726
0.1588287 0.1585926 0.1340479 0.1276577 0.1050461 0.09124633 0.09539174 0.07916926 0.0884385 0.08905651 0.08689118 0.1075615 0.06718544 0.08011618 0.09317727 0.1037409 0.1168758 0.1621571 0.1216243 0.09652899 0.09923973 0.1053437 0.09158389 0.1166848 0.1443699 0.1588387 0.1555148 0.2089848 0.1691478 0.1281566 0.07706852 0.1096565 0.1537184 0.1621536 0.179124 0.1927114 0.1377565 0.1206705 0.08188705 0.1268406 0.1064086 0.1467493 0.06281201 0.07305086 0.1085779 0.08023826 0.09507553 0.1426269 0.1331754 0.1126556 0.101018 0.07913706 0.05100801 0.02733378 0.01630431 0.02499432
0.1300201 0.1655217 0.1546466 0.1331265 0.1386858 0.1186259 0.09371748 0.07988823 0.06945155 0.08353928 0.08688232 0.09362113 0.06481544 0.0894978 0.08878879 0.1036709 0.09897306 0.1193228 0.1240949 0.1103723 0.1154744 0.1280011 0.1364396 0.1989936 0.204557 0.1647464 0.1535809 0.1815764 0.1772344 0.1452721 0.1053192 0.1552123 0.1681378 0.1788333 0.1820908 0.1969311 0.1860379 0.1159242 0.08215656 0.1507988 0.1684274 0.2023865 0.1439753 0.1966473 0.1702483 0.06623834 0.1623773 0.1553681 0.139397 0.1002352 0.05468575 0.07540823 0.05896622 0.02822956 0.007644079 0.006234596
0.1450998 0.1420785 0.1150052 0.1119475 0.1267412 0.1226416 0.11854 0.1084754 0.1085089 0.1259089 0.1373392 0.1124228 0.07301499 0.101839 0.09568746 0.1169652 0.1245734 0.1353768 0.1671394 0.1599852 0.1503681 0.1533481 0.1484138 0.2405313 0.2139932 0.1499662 0.1246198 0.172324 0.1561938 0.1018488 0.1049153 0.129264 0.1603235 0.1707982 0.08522954 0.1152136 0.1604097 0.1194613 0.04975067 0.1084619 0.1176714 0.1449769 0.1469918 0.1519031 0.1075935 0.0752106 0.06679232 0.05890121 0.03068257 0.03932015 0.03692139 0.047132 0.06285483 0.02051696 0.002030512 0.001504585
0.1145882 0.1017287 0.09430833 0.118501 0.1818937 0.1191973 0.1210286 0.11531 0.125339 0.1567408 0.157581 0.1180108 0.09175937 0.08781376 0.08171514 0.1105896 0.1443424 0.1885701 0.2235475 0.1873093 0.1560289 0.1395014 0.1309359 0.1688662 0.1489128 0.1318469 0.1322344 0.1747092 0.1206071 0.07270768 0.08338928 0.09929751 0.144283 0.1428322 0.08442329 0.07171959 0.07253432 0.05011209 0.03536456 0.1201275 0.1395525 0.1195031 0.0842877 0.1267175 0.0970715 0.09168024 0.07270891 0.0414612 0.01714933 0.03663187 0.02832239 0.06448238 0.06530172 0.03085032 0.001207361 0.007424967
0.07978112 0.1063096 0.115705 0.1070566 0.1265234 0.1470934 0.1556199 0.1141211 0.1266951 0.1667612 0.1293878 0.09129705 0.0754078 0.06241406 0.06432113 0.113637 0.1615718 0.166159 0.2010186 0.2086394 0.1730634 0.1452528 0.1231387 0.1593679 0.1406893 0.08077528 0.08018122 0.1608324 0.1527034 0.09626544 0.08602852 0.08599865 0.1130816 0.1640413 0.09305831 0.054131 0.06731491 0.02825923 0.04411741 0.06713104 0.08870113 0.08044527 0.09071539 0.108611 0.1347285 0.1017739 0.03030132 0.02972501 0.02342206 0.02636135 0.01952655 0.04683322 0.05052993 0.04193759 0.02347352 0.02627582
0.1160752 0.1524203 0.1312579 0.1272837 0.1295855 0.1402828 0.2489181 0.1513275 0.1293184 0.1388886 0.1775742 0.1380765 0.08787088 0.06991491 0.1293077 0.1178254 0.1600441 0.1788594 0.2255216 0.2350861 0.2102176 0.2204514 0.1526632 0.1679769 0.1290833 0.109079 0.08773638 0.1291015 0.1110924 0.105851 0.08233508 0.06920905 0.08720373 0.09550602 0.06574689 0.0755694 0.04727723 0.0415376 0.08022171 0.06741989 0.07863114 0.09707427 0.1076398 0.1108574 0.08420438 0.06948121 0.03418109 0.03268088 0.03499627 0.02045153 0.01223276 0.03989099 0.01992213 0.006083711 0.0218579 0.01741956
0.1007015 0.1284455 0.1307778 0.1460062 0.1654565 0.158557 0.1412559 0.1385665 0.1614626 0.1636521 0.1847374 0.1465859 0.1461202 0.07771167 0.08296219 0.116264 0.08604646 0.1853382 0.2434111 0.1788788 0.1387792 0.1870371 0.1455148 0.1506501 0.1016516 0.106623 0.1043621 0.1190367 0.09821989 0.06862266 0.06116458 0.06903248 0.06156278 0.08103362 0.05538258 0.07022145 0.0678458 0.05999101 0.08673332 0.1089979 0.09179614 0.08855625 0.06837387 0.0646853 0.0553808 0.03350793 0.03523969 0.03055495 0.0281539 0.04483307 0.01903053 0.03842938 0.02648805 2.760416e-005 0.003113036 0.0001758606
0.1374313 0.123839 0.1393663 0.1553429 0.1995566 0.1482795 0.1401594 0.1563705 0.1596241 0.1375565 0.1301428 0.1462311 0.1318516 0.07021568 0.05460142 0.070283 0.07944416 0.1866081 0.2163164 0.1439291 0.119067 0.1171032 0.114837 0.1166849 0.08276741 0.07372506 0.07879408 0.08504545 0.05999105 0.03740005 0.02646203 0.04074411 0.06005596 0.06732078 0.06152202 0.07479734 0.09431753 0.06637395 0.08382078 0.1099058 0.09020551 0.03747787 0.01586301 0.06422598 0.07012206 0.02489213 0.020635 0.03775574 0.02893964 0.03747379 0.04921766 0.02600166 0.01678675 0.01862078 0.003688307 8.819301e-005
0.1342242 0.169111 0.1205289 0.1474863 0.2157928 0.171882 0.1218197 0.1200227 0.1195155 0.1423098 0.1209829 0.1092467 0.1041738 0.07390105 0.08371791 0.1009356 0.09951215 0.1224757 0.1902081 0.197194 0.1047209 0.1064377 0.1759433 0.1536875 0.1059783 0.073275 0.07431042 0.07155848 0.04002007 0.01789887 0.01769264 0.01668938 0.03219029 0.03914496 0.04269876 0.06262247 0.07722702 0.08667237 0.07237908 0.07280357 0.05581926 0.03459591 0.01775746 0.02397991 0.06859798 0.05569168 0.0453412 0.01699391 0.01715884 0.02584341 0.031178 0.03494182 0.02896584 0.03402683 0.001988755 0.0001393407
0.1159247 0.1359521 0.1386069 0.1869143 0.2409097 0.2842486 0.2142744 0.2121626 0.2190111 0.2033689 0.2551866 0.2301725 0.1824128 0.152274 0.1474398 0.1235772 0.1207452 0.138777 0.1425691 0.1212147 0.1008337 0.1352355 0.243542 0.1861664 0.09523609 0.06768588 0.05706673 0.04669324 0.04120171 0.02060259 0.02583009 0.02063379 0.02129784 0.02370338 0.01276847 0.03900671 0.03579505 0.03208467 0.03963196 0.03053057 0.02637502 0.03178781 0.009477826 0.0222009 0.04096184 0.06371747 0.03746577 0.005635765 0.01571475 0.01427405 0.02337678 0.01729945 0.01283606 0.01410752 0.008900334 0.008304238
0.1628838 0.1765772 0.2094522 0.2340576 0.2441279 0.2801032 0.2636213 0.2649589 0.2285798 0.2042668 0.2715738 0.2816327 0.226376 0.1771463 0.1796514 0.1410363 0.1355117 0.1805197 0.1849009 0.1733285 0.1528898 0.1868137 0.1971667 0.1499267 0.1063615 0.05741914 0.05040849 0.03224692 0.03316525 0.02670949 0.02557271 0.02442571 0.02213758 0.01169394 0.01214823 0.01703792 0.0140597 0.01562455 0.01656972 0.02686815 0.01321174 0.006477049 0.009443559 0.01349928 0.0325737 0.04599486 0.03224742 0.03329445 0.02709219 0.02050903 0.01295955 0.004839242 0.009745057 0.01049641 0.01417009 0.03115571
0.1945611 0.2522534 0.2841915 0.2929351 0.2874991 0.3067644 0.3111618 0.2795977 0.266911 0.2771171 0.2763602 0.2446841 0.1899713 0.1960028 0.1936152 0.1443484 0.1434505 0.1685878 0.1671212 0.1135158 0.1383425 0.1334063 0.1128592 0.1212246 0.08220638 0.05043115 0.03425214 0.02882848 0.03106629 0.04029743 0.02130905 0.026587 0.02305116 0.009474929 0.01238328 0.006689531 0.005981583 0.009846845 0.03187433 0.01932413 0.01484525 0.01783391 0.01108658 0.01144593 0.02333071 0.03604124 0.02463193 0.03579308 0.01392569 0.01990711 0.02295906 0.01556482 0.01125001 0.02711623 0.01580714 0.03834016
0.2080148 0.2888147 0.2675132 0.2853067 0.2808714 0.268813 0.2930923 0.2902133 0.2816308 0.2756729 0.2296785 0.2408617 0.2059802 0.2125827 0.2063477 0.1500108 0.1696709 0.2213936 0.1388775 0.1473109 0.1138472 0.07509637 0.1215316 0.07955275 0.06018513 0.0374708 0.02120561 0.01760142 0.02184279 0.03354855 0.02456837 0.01533206 0.02506245 0.01569736 0.01372279 0.005709301 0.001914135 0.003159291 0.01027016 0.01328004 0.01377507 0.02324668 0.02274567 0.02571572 0.0403494 0.02965247 0.0154178 0.01171265 0.01100541 0.01315971 0.01556784 0.01347231 0.009171647 0.02056574 0.00952234 0.003077459
0.2002537 0.2784404 0.2906244 0.3162383 0.3347806 0.3148967 0.2379056 0.2881427 0.3072935 0.3020635 0.2757154 0.231382 0.2460909 0.2210506 0.1869315 0.1382037 0.1496062 0.1901636 0.1433069 0.132121 0.1323951 0.07989842 0.07857849 0.08233561 0.0544723 0.03503522 0.0235742 0.02035771 0.01905802 0.02041337 0.01324858 0.01700708 0.02815449 0.01535976 0.01100414 0.01692132 0.01371 0.004289681 0.004079801 0.004933537 0.02418588 0.03631499 0.04925921 0.04400349 0.03823109 0.02131559 0.03137405 0.01604634 0.01620738 0.01676603 0.03090774 0.001961318 0.003681556 0.0329187 0.01250994 0.01335374
0.2326173 0.2571973 0.3761795 0.3805523 0.4126077 0.4286321 0.2620621 0.2616342 0.2629697 0.2804193 0.3052952 0.2238304 0.2370363 0.2046235 0.1815337 0.2080213 0.2493964 0.2004021 0.1314521 0.1270678 0.1094013 0.0927432 0.06668019 0.05990779 0.05066527 0.04275241 0.02802777 0.02876276 0.02995972 0.02141389 0.01271585 0.0192656 0.0352957 0.01348149 0.009621253 0.005407656 0.004733518 0.002761848 0.004410645 0.0171953 0.002637503 0.03067288 0.04146311 0.03954839 0.01516339 0.01364901 0.01322846 0.004523709 0.01342566 0.004125231 0.005384787 0.00538178 0.005999105 0.02045108 0.01067018 0.01013338
0.2622227 0.2860444 0.3185401 0.3700606 0.356864 0.312066 0.2591862 0.2858559 0.2366648 0.2289847 0.2507518 0.213745 0.2378949 0.1977552 0.1955459 0.2819917 0.3392328 0.2167683 0.1459387 0.1412582 0.1147908 0.09149751 0.05817915 0.04845848 0.05083474 0.03201925 0.01791528 0.02868959 0.03846683 0.02495838 0.01902375 0.04313186 0.03654095 0.01607689 0.009619514 0.00470402 0.003448471 0.002518549 0.00239843 0.002919132 0.001856797 0.00252923 0.008438879 0.02132441 0.006091966 0.007637995 0.007416883 0.003028916 0.005490078 0.00120327 0.001590684 0.001496643 0.001560504 0.0002895957 0.01269762 0
0.1981075 0.2365542 0.3541927 0.3363363 0.2799631 0.2445946 0.2563339 0.2464443 0.2693751 0.2705447 0.2483522 0.2306759 0.227994 0.2234998 0.2205748 0.2063834 0.2533093 0.2495377 0.2481006 0.1912627 0.1913763 0.116363 0.08167659 0.05192019 0.04606069 0.03071289 0.03119876 0.02727925 0.03051682 0.02274843 0.0272578 0.04247149 0.02289589 0.02275899 0.0107973 0.004662361 0.003281894 0.002319725 0.001987046 0.002014887 0.001448196 0.001013899 0.01245483 0.004185671 0.007654843 0.002768866 0.00174494 0.003122683 0.0275546 0.002911831 0.0006957274 0.001586412 0.002822819 0.002950432 0.008425947 0.0001684513
0.283497 0.2976007 0.3178905 0.3405442 0.2961896 0.296665 0.3062721 0.3033245 0.2985383 0.2752468 0.2798785 0.2551968 0.2435103 0.2498155 0.2312652 0.2195538 0.3017022 0.3236362 0.2668524 0.2625459 0.2406351 0.1879182 0.1071235 0.09296073 0.06186767 0.04141208 0.02991503 0.02909916 0.02603441 0.02930809 0.02710477 0.03471958 0.02112499 0.01736841 0.01639351 0.003608101 0.002423157 0.002103258 0.001294485 0.001547599 0.001098035 0.00131821 0.002713828 0.003146743 0.001739387 0.00288526 0.001876128 0.0003563317 0.0002539082 0.0003927311 0.0002930865 5.101103e-005 0.0003022404 0.001151955 0.0003007893 6.329145e-005
0.2777387 0.259049 0.2532282 0.320496 0.3860557 0.3471105 0.3219497 0.3464928 0.2967832 0.2416064 0.2775781 0.2344752 0.1978159 0.2147461 0.2099403 0.2652437 0.2815689 0.2668043 0.3027188 0.2512777 0.2238959 0.1170249 0.1444836 0.1188726 0.06713676 0.04019304 0.03072761 0.0346272 0.03587143 0.03113621 0.02488626 0.02900035 0.01959111 0.01890475 0.01963314 0.004036743 0.003481871 0.00146883 0.001172996 0.001232862 0.0006959373 0.000471781 0.0005900401 0.0004655765 0.001233923 0.001492849 0.001775941 0.0002395261 0.0001745878 0.0001277678 0.0001617444 4.096541e-005 0.0001400568 0.001232239 0.0001337697 5.058294e-005
0.2831409 0.2211862 0.1916912 0.2507803 0.3324032 0.3227687 0.2980247 0.2999844 0.2834734 0.2555051 0.267738 0.2680918 0.200337 0.2088126 0.2016825 0.2616827 0.2101982 0.1950151 0.2384765 0.2230545 0.2415188 0.1688117 0.1339068 0.1325821 0.106886 0.07235979 0.04503899 0.04658712 0.03840893 0.06234575 0.04231539 0.04260296 0.02519145 0.02029812 0.02072836 0.005078893 0.004246962 0.0020118 0.00128042 0.001233828 0.0008644009 0.0006301238 0.0005307031 0.0005632852 0.0006335675 0.0005145506 0.0002668688 0.0002316167 0.0001571994 0.0001079905 8.439487e-005 3.583156e-005 2.182017e-005 6.646756e-005 1.304276e-005 6.039055e-006
0.2229296 0.201495 0.1600586 0.2159989 0.2502392 0.2873606 0.2706202 0.3407047 0.262363 0.2311816 0.2164053 0.2254128 0.1987723 0.1937107 0.1958486 0.2303233 0.1712732 0.1755644 0.2291111 0.2320414 0.2702487 0.2106954 0.1365775 0.1037038 0.1138143 0.1033138 0.05824327 0.06947601 0.0472008 0.05337391 0.04466207 0.05020653 0.03071251 0.04837079 0.02246151 0.006213536 0.003794062 0.001916787 0.001613047 0.001634116 0.01089274 0.01035151 0.0007853798 0.0007907366 0.0005536606 0.0003909573 0.0003076178 0.0002559245 0.0001584695 9.984517e-005 8.019979e-005 3.565626e-005 2.410181e-005 1.871997e-005 1.944976e-005 1.032006e-005
0.1789727 0.1829144 0.1787491 0.214765 0.245711 0.2254058 0.2004037 0.2923405 0.2624396 0.2199381 0.1789523 0.20545 0.1556045 0.1768857 0.1710951 0.1785676 0.1539807 0.1414757 0.1435404 0.1540787 0.1750942 0.1753475 0.125257 0.1101584 0.1218361 0.1075589 0.09862593 0.09492666 0.08555142 0.09022571 0.05638491 0.05437564 0.05530647 0.06131811 0.03348934 0.02557733 0.005408034 0.003235134 0.002778788 0.003035053 0.002927791 0.003037381 0.001558008 0.000623667 0.0004145056 0.0002771666 0.0002748769 7.502076e-005 7.098068e-005 0.0002466032 9.675517e-005 6.055891e-005 1.917681e-005 6.325765e-006 0.0001478144 1.659858e-005
0.1462414 0.1423514 0.1859894 0.2833838 0.2898033 0.2310632 0.2017588 0.2556865 0.2136581 0.1473663 0.1487392 0.11043 0.1327444 0.1786396 0.1287426 0.1667788 0.1200009 0.1320939 0.1275321 0.1555168 0.1619551 0.1530273 0.1339781 0.1256801 0.1294427 0.1109898 0.09769389 0.1114404 0.1073651 0.09276089 0.08098812 0.07047427 0.08440091 0.06485645 0.04903425 0.02954447 0.006933017 0.004890258 0.003245803 0.003612285 0.002984256 0.002417852 0.002515876 0.000761089 0.0004892945 0.000314941 0.0002380904 8.147397e-005 4.322757e-005 0.0002018185 0.0003683325 6.65151e-005 6.040071e-005 5.624049e-005 5.449295e-005 3.346028e-005
0.2192861 0.2349896 0.2123892 0.210225 0.260415 0.2326554 0.1846581 0.1639549 0.1344212 0.1231162 0.1238619 0.1062292 0.1240904 0.1286583 0.1254297 0.1503761 0.1445985 0.1558459 0.2139515 0.1730668 0.1660389 0.1197308 0.1691742 0.1545613 0.121545 0.1313283 0.1003165 0.110145 0.1340715 0.1164465 0.1083775 0.09393653 0.07212359 0.08507898 0.05428631 0.04749105 0.008630417 0.006069823 0.004556137 0.004623779 0.003909011 0.003226478 0.002809299 0.001108998 0.0006502832 0.0004178699 0.00448426 0.001033532 6.434617e-005 4.170636e-005 7.81148e-005 6.090369e-005 6.009416e-005 0.001316316 0.003700057 4.141384e-005
