contrib/geomasonDemos/riftland/DataFiles/RainData/87.txt
ncols         56
nrows         54
xllcorner     28.264
yllcorner     -5.7719999999999
cellsize      0.25
NODATA_value  -9999
[rows 0 to 26 of 54, columns 0 to 55 of 56]
0.00142479 0.00367699 0.005377613 0.003574234 0.003114316 0.00391677 0.003252134 0.003601923 0.002010399 0.004264714 0.005269831 0.01449885 0.0380504 0.03864913 0.06546445 0.05261653 0.0245406 0.05269225 0.0521847 0.0722286 0.08936012 0.06849594 0.07402989 0.09565028 0.1029887 0.1798261 0.1696451 0.1504613 0.2231915 0.2044941 0.2078005 0.3872913 0.4362374 0.3369185 0.5137365 0.2603666 0.2062203 0.1709508 0.1343377 0.08564505 0.08851558 0.1299025 0.107312 0.1771705 0.1522368 0.1026234 0.06683695 0.06666248 0.08032937 0.1017572 0.03461144 0.03640464 0.05094425 0.1161237 0.08117013 0.0831841
0.003750058 0.00280497 0.004300854 0.001811264 0.003372025 0.006063856 0.004662188 0.006703621 0.005746039 0.004547255 0.007864213 0.008607804 0.01417067 0.02546124 0.03470519 0.02317419 0.0351073 0.05051265 0.05200832 0.03732147 0.08260185 0.09096036 0.07042464 0.05909063 0.05796291 0.1910677 0.178388 0.1675763 0.1828033 0.143315 0.2100696 0.3999727 0.2908085 0.3710755 0.2450344 0.2475142 0.2166673 0.1933461 0.1229501 0.08681744 0.12148 0.103021 0.08085693 0.1052091 0.08918419 0.06646079 0.07583313 0.06927579 0.0773963 0.07774302 0.03833277 0.06545751 0.06234745 0.101666 0.07915626 0.07217416
0.002023987 0.006141711 0.005292067 0.005336479 0.006445772 0.004292344 0.003719871 0.006040488 0.005528404 0.01342605 0.01869461 0.01628891 0.008271154 0.01448253 0.009026668 0.01061856 0.02098952 0.02169993 0.0239557 0.04840466 0.07742641 0.1035814 0.09305665 0.1436913 0.1112562 0.1991196 0.1898208 0.2306654 0.2016318 0.1742594 0.2718319 0.5678348 0.6522483 0.761169 0.4588235 0.2737952 0.3016725 0.27983 0.1476488 0.08934494 0.1935825 0.1455198 0.09187842 0.09792962 0.0663503 0.07439183 0.0629143 0.04989168 0.05491499 0.06009792 0.0680176 0.09855721 0.06956433 0.05108921 0.03979938 0.04681185
0.004004842 0.005551998 0.005881247 0.008592109 0.0120151 0.006160395 0.006302723 0.007791071 0.003776434 0.002566976 0.01524326 0.03507214 0.01885751 0.01574738 0.01686933 0.02015534 0.01120279 0.02492456 0.03523944 0.06231103 0.09411598 0.0991525 0.1418083 0.1069701 0.08126061 0.09585557 0.1650788 0.2823695 0.2106569 0.176796 0.2976235 0.4326725 0.6267174 0.5844563 0.5240405 0.3408452 0.3756008 0.2428482 0.1467027 0.0976543 0.1419078 0.2141419 0.1662554 0.1202201 0.1003638 0.08062735 0.1380209 0.08658589 0.05653314 0.04956134 0.06509238 0.06719328 0.06991497 0.00985515 0.01468119 0.01889914
0.003725394 0.004658108 0.005882526 0.007240233 0.00964181 0.01246317 0.007210781 0.0110201 0.005710938 0.008465515 0.01462978 0.02099512 0.02593991 0.01973282 0.02194791 0.01538465 0.01701017 0.01466456 0.04452817 0.09238509 0.1048616 0.07574622 0.0856801 0.08149259 0.08506362 0.1140964 0.1358002 0.1632344 0.1715457 0.1852977 0.2205736 0.4533212 0.4488541 0.3116463 0.6478106 0.3816315 0.3420095 0.191085 0.1108936 0.1726372 0.2020357 0.2099935 0.209404 0.1384926 0.08662259 0.09979939 0.1568547 0.09023292 0.05493891 0.05633197 0.0587309 0.04689543 0.0353892 0.01101804 0.0113207 0.007310406
0.003727404 0.00460535 0.004923269 0.008606018 0.006955263 0.01382941 0.01194832 0.01540305 0.01424388 0.01749498 0.02174094 0.02806732 0.04369723 0.01822334 0.01850719 0.01838593 0.01752097 0.01963713 0.04554247 0.04762068 0.09559274 0.08975973 0.07266238 0.09760586 0.05374729 0.0905823 0.1299486 0.1389439 0.3293207 0.432748 0.2851749 0.5408568 0.5025238 0.4894227 0.4130442 0.2792292 0.2329235 0.1459798 0.1246757 0.2030337 0.1625244 0.123145 0.1428609 0.137506 0.1239856 0.09468143 0.1010325 0.07594468 0.03975717 0.04860258 0.04298977 0.07793182 0.05573166 0.02484624 0.01541408 0.001555677
0.004112546 0.005506983 0.006123087 0.01096842 0.0142659 0.02477497 0.02357042 0.03253486 0.02601043 0.02134887 0.01272199 0.01874099 0.0239109 0.01876854 0.01188693 0.01263631 0.01428198 0.02787663 0.04119138 0.06493074 0.1389982 0.1124759 0.1260988 0.0875507 0.0956341 0.1182664 0.07106133 0.1065731 0.4595489 0.3622353 0.2810825 0.2614278 0.2826206 0.3478552 0.4850947 0.2271511 0.1864056 0.1338359 0.1370938 0.1614685 0.1568 0.1191638 0.1033161 0.1387068 0.1117377 0.08005952 0.07053142 0.06236496 0.04938213 0.04178412 0.03846281 0.04815516 0.07390633 0.06508484 0.01997307 0.00129375
0.01455606 0.01067155 0.00648241 0.01018338 0.01148759 0.02721942 0.02790047 0.02281888 0.02179758 0.02647628 0.02037674 0.02153835 0.02815149 0.03518655 0.0286403 0.03757768 0.07946201 0.04203783 0.08466473 0.06580981 0.08019622 0.1253653 0.1480238 0.1208104 0.06845738 0.05864444 0.03194014 0.0434974 0.1533127 0.1701186 0.2784238 0.2947462 0.3429267 0.3599362 0.1851055 0.2432547 0.1616219 0.1464427 0.182023 0.09972691 0.1269641 0.1194625 0.1512806 0.2171461 0.1307984 0.06413234 0.06319611 0.04698295 0.03563036 0.0627248 0.0307951 0.05134636 0.05162263 0.05123881 0.04198146 0.01697309
0.009012455 0.0132503 0.01179161 0.01656556 0.01866787 0.02465465 0.0237893 0.02256526 0.02918769 0.03023132 0.02175103 0.01829609 0.02480671 0.03425007 0.04555027 0.07412192 0.03593187 0.04088505 0.1229715 0.1141399 0.06453273 0.0750749 0.09290249 0.06591602 0.04955228 0.05069636 0.07763997 0.0646262 0.2651287 0.08382883 0.2186067 0.2544304 0.3178609 0.5207785 0.1387332 0.1923061 0.1638588 0.1199838 0.1650818 0.1045244 0.1085035 0.120402 0.1424305 0.189841 0.1031064 0.07171667 0.0303919 0.02439843 0.03512098 0.01938652 0.02361621 0.02565392 0.04173285 0.01855005 0.008003444 0.002114435
0.01265818 0.02258375 0.01936881 0.01817352 0.03006558 0.02522369 0.02751389 0.03295657 0.04181409 0.04253479 0.02355587 0.01832498 0.0245348 0.02612195 0.02657806 0.02497547 0.01765133 0.02872691 0.04966043 0.07596689 0.1320858 0.112601 0.1416181 0.05204778 0.03504821 0.04218402 0.06284778 0.05219345 0.2223957 0.1122401 0.07832361 0.2254708 0.4574114 0.387727 0.207867 0.07903052 0.06656919 0.09439936 0.1375915 0.04671458 0.09788793 0.1279853 0.1385381 0.175276 0.09369186 0.058217 0.01877608 0.01519935 0.02497033 0.03877227 0.01557064 0.001025032 0.008310188 0.006382625 0.002900562 0.01876036
0.03139211 0.03792486 0.01613535 0.02922463 0.03964592 0.04832277 0.03095051 0.04046867 0.03760323 0.06847824 0.04508263 0.02281022 0.02065219 0.04341128 0.03238424 0.02415133 0.03076566 0.03072394 0.05144536 0.1034329 0.1208574 0.06229018 0.05740804 0.03823411 0.03608499 0.07698695 0.1088383 0.04306601 0.07593066 0.1895938 0.03949434 0.08542077 0.2571679 0.2478693 0.06694219 0.07898162 0.1012618 0.1105474 0.06786454 0.03847907 0.09740464 0.1507017 0.1168585 0.1214747 0.04515682 0.03663499 0.04548535 0.02158949 0.01306041 0.01451298 0.0005199407 0.0003721287 0.0003046073 0.000308161 0.0003112913 0.002526186
0.01533821 0.02036423 0.023401 0.05381561 0.03802093 0.02784089 0.02268702 0.04343299 0.03596437 0.03478888 0.03736133 0.02663731 0.01985711 0.02678713 0.02162984 0.02434513 0.03521295 0.04214846 0.03730086 0.03782647 0.04921664 0.03709124 0.03493361 0.03957801 0.09482384 0.08007681 0.1063795 0.05191189 0.06101914 0.05362616 0.08748545 0.08493214 0.1047684 0.08589802 0.06166339 0.1143813 0.1198748 0.08247077 0.08288267 0.05010475 0.08718944 0.0964364 0.1073096 0.07446211 0.04463708 0.03994178 0.04327202 0.04046875 0.02614821 0.0192226 0.008957597 0.01746253 0.00943164 0.009602484 0.009739254 0.0101318
0.03813459 0.03143142 0.01797003 0.02764993 0.03941734 0.04111362 0.07122723 0.09338675 0.028848 0.03999121 0.04763684 0.03421624 0.03486835 0.01581366 0.0158691 0.01987212 0.03688674 0.05386398 0.0487216 0.04266265 0.05333991 0.05862058 0.03715425 0.03198403 0.02693103 0.04318668 0.1194024 0.03842444 0.02805112 0.0301459 0.09052695 0.07368834 0.1189621 0.05556354 0.03817055 0.1163245 0.1551981 0.07507502 0.0586697 0.05154411 0.05696261 0.05186076 0.06628268 0.06925765 0.06076274 0.06441034 0.06164075 0.04484793 0.03551938 0.02058168 0.01680347 0.0166334 0.009025144 0.00929201 0.009460733 0.009703731
0.0590765 0.05579554 0.03528095 0.0288 0.04351284 0.03174148 0.05757066 0.05293077 0.06075107 0.04936407 0.07398535 0.05194046 0.02659343 0.02449162 0.02164653 0.02678327 0.05827804 0.1005924 0.0825616 0.05924699 0.0519789 0.04941789 0.06096004 0.03988868 0.04198305 0.03941919 0.09216416 0.02366227 0.02049688 0.07164384 0.07204671 0.0501455 0.09185155 0.05080045 0.05819867 0.09472485 0.1003931 0.0828496 0.08655693 0.0981549 0.0862302 0.06523668 0.04921834 0.05067055 0.04103038 0.06230525 0.04566817 0.02861264 0.0196752 0.01904915 0.01421293 0.008255437 0.008671438 0.008933995 0.009151946 0.009428083
0.0799883 0.05099297 0.05667188 0.07087348 0.05419964 0.03041557 0.05337027 0.06137033 0.06260665 0.06345699 0.1127328 0.04568969 0.02838542 0.02940259 0.03560313 0.05300625 0.06597976 0.09424724 0.08526339 0.06530605 0.0392724 0.07812 0.1188613 0.06054738 0.05205417 0.02944168 0.03324035 0.03157784 0.02654368 0.06743588 0.04939624 0.04754636 0.09478475 0.0594415 0.05511575 0.1192975 0.06923205 0.06230681 0.07760035 0.06096265 0.06704053 0.06456418 0.03667527 0.04512119 0.04039444 0.04223023 0.0138747 0.006502898 0.008112835 0.007067087 0.01515256 0.007885179 0.008292731 0.01503808 0.008845733 0.009125333
0.07143051 0.03801539 0.05804934 0.08902336 0.03473533 0.02228713 0.05478075 0.06602922 0.06950674 0.06596027 0.07234843 0.06977402 0.06086645 0.0515404 0.05407039 0.07802404 0.08778616 0.06677292 0.05764779 0.03520088 0.05450857 0.03646608 0.04675221 0.07078429 0.05835591 0.02067787 0.02977036 0.04481773 0.02428112 0.06426374 0.0286821 0.02856519 0.06388944 0.05909003 0.05355612 0.02652759 0.04052464 0.02341433 0.04597357 0.05353958 0.032527 0.02430835 0.01128804 0.0275279 0.04077999 0.01504156 0.005006114 0.005557715 0.006533409 0.006969662 0.008938606 0.01054891 0.010925 0.008499189 0.01106207 0.01250397
0.1234688 0.08362859 0.08654233 0.08808886 0.07335176 0.09137119 0.08455436 0.1125461 0.1077327 0.117961 0.101778 0.1030752 0.09984308 0.08366182 0.09738807 0.0743176 0.08275242 0.1394897 0.0523411 0.06455295 0.05460428 0.06952005 0.06295482 0.05359315 0.07665115 0.06254605 0.04330847 0.04159817 0.0184647 0.05731995 0.02472582 0.02363738 0.06272782 0.02731735 0.01447367 0.005501425 0.01332774 0.01219844 0.01016405 0.0178663 0.003953411 0.008840089 0.003890904 0.002931404 0.01267316 0.0169574 0.00541837 0.02059941 0.01076479 0.007812533 0.008149196 0.007271359 0.007779767 0.00818405 0.01561223 0.01766728
0.2180628 0.1812364 0.1454674 0.1307186 0.1236766 0.1352215 0.1148158 0.1333524 0.09647512 0.1032732 0.122473 0.08936652 0.1176061 0.09140065 0.08343587 0.05620517 0.05929815 0.0937641 0.08287302 0.1258206 0.09230713 0.05346379 0.08107621 0.06562866 0.07375361 0.05139459 0.04615701 0.04619523 0.01877441 0.04997278 0.0366371 0.01716667 0.04188901 0.02681364 0.007859524 0.0155582 0.005467495 0.004312839 0.001586019 0.0005464632 0.002940157 0.002790654 0.005243741 0.01401618 0.02009869 0.01689704 0.001656196 0.01402615 0.008022131 0.006028107 0.006575173 0.006809184 0.007265544 0.007700017 0.01120331 0.01005457
0.226998 0.223885 0.2106583 0.1581258 0.1472366 0.1609332 0.1394901 0.1302054 0.1011969 0.09011658 0.09698998 0.07659924 0.1139473 0.08070037 0.07765549 0.08968051 0.1004802 0.07572101 0.1079285 0.1953377 0.150506 0.07873026 0.03616921 0.03440069 0.0723363 0.06942223 0.07001582 0.05642314 0.03960614 0.01827807 0.05871411 0.01480689 0.02120887 0.02763523 0.009786604 0.01056582 0.004420358 0.002357108 0.001395649 0.0004760568 0.0002730957 0.0002272607 0.0008600281 0.0100097 0.00860784 0.006634683 0.01542886 0.005208231 0.1962207 0.007659499 0.007176147 0.01191892 0.006682171 0.007230575 0.007443659 0.01533912
0.1564242 0.1158618 0.09063618 0.1114209 0.1288948 0.1179582 0.1317746 0.1681853 0.118531 0.1077727 0.08529823 0.07772048 0.1590077 0.1791223 0.1889394 0.1749421 0.1547303 0.1230923 0.07084119 0.09781437 0.1026049 0.08951717 0.05499594 0.03473955 0.03724471 0.03840817 0.03437595 0.04039013 0.03255027 0.03069614 0.02712268 0.0337566 0.01573639 0.01463708 0.03791695 0.008199477 0.003575662 0.001751348 0.001105257 0.0003872213 0.007363023 0.0001723288 0.004961731 0.005153375 0.0008323985 0.001590958 0.00291563 0.01169263 0.01871388 0.01660885 0.01044919 0.008977517 0.01347107 0.1391408 0.01898476 0.03363099
0.1329281 0.1249681 0.08671688 0.1465968 0.1606516 0.1607812 0.1403352 0.230931 0.1394459 0.1086866 0.08550964 0.08666033 0.1185839 0.1456319 0.2248406 0.2098901 0.178413 0.1126018 0.08990305 0.06155023 0.09876547 0.09747291 0.08730798 0.06141432 0.03679506 0.0372921 0.02250903 0.02936672 0.02416133 0.02646592 0.02184004 0.02509934 0.01942635 0.02035666 0.04000429 0.007481403 0.003703667 0.007595641 0.0009266564 0.002022064 0.003973274 0.002306514 0.0005433782 0.000421693 0.0004860365 0.006513878 0.001611911 0.008200717 0.01205514 0.01343099 0.01206688 0.007314826 0.01331415 0.2420449 0.03959179 0.0290319
0.1273724 0.1666486 0.1074602 0.1491721 0.153094 0.1792832 0.2213526 0.1852327 0.1482719 0.1244643 0.1459618 0.1408663 0.1852876 0.1369489 0.1501983 0.2229643 0.2205178 0.2035682 0.162928 0.1499542 0.1097355 0.114275 0.08370987 0.09432167 0.05338462 0.03666816 0.03333134 0.02707034 0.02133486 0.02104461 0.01890964 0.019099 0.01616618 0.01498795 0.01342065 0.004880084 0.004952409 0.003863141 0.003410669 0.002092229 0.002008042 0.0003989741 0.000208544 0.0004120552 0.001478044 0.001583224 0.001046123 0.004163829 0.01269536 0.01772233 0.0194334 0.01237508 0.01260662 0.02605544 0.02047202 0.01883383
0.1139856 0.124392 0.1186739 0.159392 0.1602052 0.1715375 0.2551309 0.2578002 0.1853871 0.1654273 0.1564668 0.107688 0.15258 0.2024126 0.2219639 0.2240587 0.254612 0.282847 0.2374817 0.1561245 0.153154 0.1917282 0.17802 0.128836 0.06971344 0.0463527 0.03624491 0.04033547 0.03730991 0.02862519 0.02279046 0.02303027 0.02280903 0.02007219 0.0164555 0.007904375 0.003390286 0.007069426 0.006059811 0.002303311 0.09931118 0.09585764 0.000348753 0.0005582082 0.0006047408 0.0005709042 0.0008559982 0.007536369 0.009506493 0.006521711 0.00717831 0.0145099 0.01380166 0.01282193 0.0126212 0.006001625
0.1944229 0.174162 0.1486342 0.1668775 0.1314985 0.1653697 0.1752056 0.2239957 0.168752 0.1670911 0.07696342 0.08920186 0.0839967 0.1636367 0.2153083 0.2106632 0.2810857 0.1697244 0.1526664 0.1969521 0.1963067 0.1908677 0.1468298 0.1953466 0.1048267 0.05992777 0.06294318 0.06414774 0.0542069 0.0420515 0.03399582 0.03840704 0.03652221 0.03159641 0.02682681 0.01037904 0.006728224 0.004363109 0.005373567 0.007283973 0.005437335 0.004827851 0.002422657 0.004069105 0.002252382 0.002538302 0.004409705 0.01532653 0.02005089 0.02289403 0.0251294 0.02149177 0.03137405 0.02611383 0.02131944 0.01279734
0.1514284 0.1587077 0.1401123 0.1882093 0.1432842 0.1551383 0.2014978 0.2203778 0.1469969 0.1012856 0.04978619 0.110561 0.1859945 0.1775681 0.2106407 0.2235766 0.1892305 0.09584585 0.07281251 0.1337519 0.1874151 0.1818207 0.1109544 0.150028 0.1483074 0.07886094 0.071828 0.08595732 0.07107488 0.05620966 0.04020448 0.04451538 0.04001593 0.03286961 0.02942299 0.01339334 0.008339274 0.005324479 0.006132689 0.008992818 0.005577479 0.005216915 0.003249755 0.002035896 0.003393998 0.0007665305 0.002022077 0.008343487 0.009488949 0.014976 0.01485249 0.02330921 0.02614593 0.01524611 0.005528062 0.01078508
0.1158228 0.1756415 0.1859385 0.2734338 0.154684 0.1575969 0.1384149 0.1794549 0.1098909 0.08327031 0.1217018 0.204728 0.2505964 0.2193469 0.1785961 0.3016086 0.222555 0.1447177 0.106541 0.1380151 0.1648872 0.2180781 0.2038563 0.1574158 0.1351987 0.1333705 0.0935536 0.09607333 0.1056244 0.08546513 0.05244895 0.04948936 0.04613788 0.04075073 0.03161353 0.0142668 0.009545007 0.00695611 0.006728813 0.01215309 0.006736854 0.006154012 0.004911561 0.003235942 0.002677003 0.001409661 0.1423081 0.06872083 0.01351716 0.02046807 0.01230921 0.03169389 0.03559125 0.126453 0.2272794 0.01107841
0.1962144 0.1816212 0.2080192 0.1903569 0.1579876 0.1464607 0.1759473 0.2256741 0.1303907 0.1330916 0.1792832 0.2085915 0.2231248 0.2273112 0.1688405 0.2388061 0.2592106 0.2417169 0.270568 0.2349501 0.2687571 0.2690332 0.2429256 0.1488625 0.1735173 0.1329191 0.1544832 0.1050663 0.0864765 0.07780335 0.06447615 0.06459824 0.06203282 0.04584705 0.0373611 0.01651518 0.01150358 0.008908124 0.008705827 0.01601288 0.008762507 0.00698611 0.005605522 0.04870744 0.05906282 0.003338838 0.06383456 0.0699389 0.01075863 0.02937889 0.02855545 0.2291311 0.2126929 0.06859673 0.2038672 0.012812
