contrib/geomasonDemos/riftland/DataFiles/RainData/87.txt
ncols         56
nrows         54
xllcorner     28.264
yllcorner     -5.7719999999999
cellsize      0.25
NODATA_value  -9999
[rows 27 to 53 of 54, columns 0 to 55 of 56]
0.2507949 0.202542 0.1981268 0.2572376 0.3050115 0.2139903 0.2234085 0.1364765 0.1109851 0.1552073 0.1741139 0.1926797 0.1905806 0.1584004 0.1389194 0.2213895 0.2459876 0.255157 0.2464723 0.2356313 0.2277027 0.176573 0.1905328 0.1460217 0.1485195 0.143553 0.113324 0.1172846 0.0961794 0.09009358 0.0833236 0.08425608 0.06851259 0.05765694 0.0476888 0.02756432 0.02050427 0.01619028 0.01441017 0.01608543 0.01242799 0.07044435 0.01946191 0.005818851 0.08748705 0.08949795 0.01344808 0.004676279 0.006030802 0.01234789 0.01587854 0.05026178 0.134677 0.1377233 0.1146716 0.01649007
0.2108685 0.1800818 0.1158796 0.1257196 0.1514508 0.1469398 0.1802946 0.1456062 0.1573969 0.1572714 0.1872505 0.1917891 0.1751296 0.140191 0.1549179 0.1567259 0.2121204 0.2520058 0.1848797 0.1836742 0.193154 0.2032166 0.1858053 0.2070008 0.1956628 0.1548573 0.1285328 0.1199159 0.1324263 0.1114092 0.09140044 0.09186914 0.07745428 0.06551111 0.05398554 0.03163278 0.02515973 0.01895601 0.01776065 0.02508469 0.01427878 0.01146574 0.008942279 0.005002349 0.09217378 0.1012507 0.09153256 0.003856497 0.004935621 0.0091692 0.01176094 0.08665656 0.1353204 0.1311315 0.1325782 0.01852781
0.2164318 0.1623043 0.1031183 0.1344082 0.1529037 0.1246061 0.1486029 0.1887727 0.2047663 0.1771143 0.2074418 0.2062149 0.1561253 0.1352638 0.1625441 0.1847705 0.2559608 0.2755639 0.2791784 0.1736079 0.1704456 0.1844644 0.1941003 0.2245658 0.2362006 0.182082 0.1774387 0.168926 0.1481298 0.1286028 0.1049494 0.09680893 0.08917353 0.06795669 0.05725831 0.03568419 0.04226238 0.023452 0.03904485 0.03569912 0.02072656 0.01286333 0.01005362 0.007299075 0.008666276 0.03689357 0.08418291 0.003747139 0.005146186 0.007944807 0.01012089 0.01348628 0.09940661 0.1204112 0.1195072 0.01492985
0.1756772 0.1863945 0.1395456 0.1509385 0.1085151 0.08494833 0.09613407 0.1346107 0.159669 0.2027437 0.1831995 0.157394 0.141774 0.1745063 0.1561164 0.2631488 0.1475822 0.2637215 0.3151908 0.284376 0.227768 0.2078549 0.1950138 0.2210397 0.2513786 0.2056975 0.2054275 0.2074242 0.1826026 0.1528735 0.1156582 0.1001022 0.08836364 0.08140598 0.06505184 0.04018048 0.04545647 0.03628618 0.0323671 0.03690379 0.02118666 0.01595856 0.01090115 0.006882459 0.005970966 0.005540945 0.003613703 0.005105412 0.00481174 0.008734616 0.01180532 0.0164873 0.01985301 0.04064365 0.03705657 0.009780702
0.2221533 0.2696711 0.1923087 0.209868 0.1640902 0.1342249 0.155966 0.2014629 0.2026043 0.1961261 0.1902132 0.1991822 0.2217039 0.2638415 0.2198429 0.2552247 0.2574341 0.3353284 0.3952344 0.3089328 0.2470645 0.2638583 0.2070647 0.2331344 0.2533716 0.2452902 0.2284622 0.241326 0.220047 0.1655122 0.1277553 0.1009803 0.08792843 0.08685098 0.08069985 0.06192667 0.06545931 0.04198574 0.05118154 0.03093933 0.01803813 0.01309431 0.01045087 0.003000357 0.002074809 0.001797056 0.002203539 0.006791241 0.007872692 0.009632222 0.01696247 0.01666952 0.01094106 0.01411603 0.008091771 0.0406873
0.2429887 0.2869091 0.1701481 0.168952 0.1378192 0.1317917 0.1777695 0.1852433 0.1914091 0.1826099 0.190864 0.1945423 0.2378967 0.3088977 0.2285613 0.2664526 0.3139013 0.3546906 0.3221693 0.2429853 0.2056916 0.2020496 0.2010542 0.2450841 0.251305 0.2436574 0.2407261 0.2238704 0.2138896 0.1658573 0.1384984 0.1073501 0.0893786 0.08852866 0.07270651 0.07504179 0.05371539 0.04819371 0.05481423 0.03447168 0.02214788 0.01534191 0.0130935 0.003208841 0.003572565 0.004103642 0.01072469 0.007472851 0.01012963 0.009145405 0.01373557 0.00900956 0.009887965 0.009114454 0.009602653 0.1126585
0.2627939 0.2302123 0.1419198 0.1692034 0.1708443 0.1797088 0.2036956 0.1784114 0.183783 0.1669761 0.1956309 0.218422 0.2738332 0.2957328 0.2814191 0.2942383 0.3842318 0.4200108 0.330868 0.2655176 0.2071117 0.1984585 0.2144803 0.2767186 0.3021739 0.2548147 0.2821437 0.2518144 0.2379129 0.1884382 0.139789 0.1171246 0.1058096 0.09846535 0.08271452 0.06010953 0.05852146 0.05687542 0.05777767 0.05221811 0.03371992 0.01992866 0.0155143 0.003959144 0.008000369 0.03425359 0.003599799 0.01099594 0.01041755 0.01121974 0.01350954 0.007844556 0.007667423 0.008523794 0.1223565 0.1405613
0.2814005 0.2976458 0.2169141 0.1954273 0.1845244 0.1891715 0.1628461 0.1738012 0.1938275 0.1952029 0.2180108 0.2381463 0.285646 0.3066576 0.2771818 0.3138248 0.3716154 0.4148013 0.3771321 0.2748391 0.2323625 0.2140884 0.2353278 0.2793784 0.3238808 0.3213658 0.2766439 0.2419693 0.2238776 0.1729448 0.1377861 0.1146923 0.1112248 0.09720834 0.08959507 0.09265202 0.07342663 0.06959283 0.06666366 0.08519874 0.05713886 0.02547851 0.01923718 0.01035406 0.01035743 0.0121943 0.005092519 0.013905 0.01252024 0.01411135 0.01565129 0.007014384 0.006689297 0.1305924 0.2011088 0.01512016
0.403467 0.3471007 0.2149311 0.189266 0.1661483 0.1640595 0.2028668 0.1870679 0.2553116 0.276518 0.2469079 0.2643348 0.3054043 0.3298515 0.3283429 0.3306725 0.3617483 0.3580788 0.3370112 0.2794592 0.2153611 0.23114 0.2744068 0.2857748 0.3424805 0.3188192 0.2650464 0.2139751 0.1791014 0.1431381 0.1151915 0.1086136 0.09780565 0.09300819 0.1029322 0.1149505 0.1038819 0.08330911 0.07887615 0.09500623 0.0647253 0.03137463 0.02871464 0.02801466 0.01913549 0.01605761 0.01350878 0.02008699 0.02613749 0.02568626 0.02784178 0.02109188 0.02329181 0.1831442 0.07165734 0.007371855
0.3414584 0.2981444 0.2091629 0.2168328 0.1398445 0.1546918 0.1857791 0.1833182 0.2182684 0.3138632 0.2631636 0.2538412 0.2884976 0.3074128 0.3193702 0.3290358 0.3823422 0.3497693 0.3021482 0.2486191 0.2086856 0.2243535 0.2322165 0.2625425 0.2554023 0.2889592 0.2187184 0.1920236 0.1652035 0.1343873 0.1166764 0.1059127 0.09556948 0.09992965 0.09219518 0.1055969 0.1033707 0.08549672 0.09286823 0.09305272 0.08953314 0.04205399 0.03636678 0.03308678 0.03521707 0.01888062 0.01797405 0.02669715 0.02909576 0.03063782 0.03274123 0.02523017 0.1805462 0.1648406 0.02865949 0.007682633
0.3206903 0.2633221 0.1647723 0.1444537 0.122197 0.1890723 0.2102342 0.1904258 0.1907723 0.2307103 0.2670392 0.2529612 0.3040563 0.2946816 0.2874731 0.3005015 0.3090158 0.285571 0.2589383 0.2166388 0.209601 0.2147029 0.2432463 0.2474075 0.2355391 0.2357956 0.2009692 0.1740615 0.1572723 0.1283617 0.1268472 0.137056 0.1088653 0.1058305 0.1018847 0.1075832 0.1108517 0.08729575 0.08784713 0.1164745 0.1026241 0.0630553 0.04543171 0.03561816 0.03088323 0.03598155 0.0381999 0.04361362 0.0451925 0.04321482 0.0440864 0.1902794 0.1863753 0.03127814 0.03399918 0.01133603
0.2789252 0.1965852 0.1559567 0.14192 0.1717309 0.1805608 0.2012175 0.1900604 0.1879935 0.2265474 0.2209121 0.2183162 0.276209 0.2548515 0.2457683 0.2391583 0.2660595 0.2605922 0.2485604 0.2288609 0.1966052 0.2113049 0.2383868 0.2587129 0.2648954 0.2151955 0.2089102 0.1744021 0.1483644 0.1354894 0.1332573 0.1295519 0.1284537 0.1286211 0.1035436 0.1019979 0.1106271 0.09819515 0.08972026 0.1008507 0.07726446 0.04859113 0.04378148 0.03968342 0.03369694 0.03403755 0.05550343 0.07226899 0.0817526 0.06967868 0.1175712 0.1370257 0.03642531 0.03274257 0.03400571 0.005829959
0.3279685 0.2040203 0.1593849 0.1858439 0.1874762 0.2007991 0.2129613 0.2530659 0.2307089 0.2468195 0.2880191 0.2837321 0.321258 0.2929274 0.2671812 0.2240222 0.2369515 0.2813684 0.2702686 0.2337191 0.2018486 0.1935101 0.1857373 0.2402388 0.1935643 0.1920646 0.2091745 0.170833 0.1284574 0.1263184 0.109612 0.1515862 0.1429694 0.1413913 0.1095906 0.08464226 0.09543456 0.09650746 0.1133405 0.08769054 0.08601586 0.06657491 0.04118599 0.04631614 0.03984362 0.04592034 0.06021353 0.09994172 0.190979 0.2202035 0.127731 0.04354361 0.04261712 0.04465609 0.04461631 0
0.3175703 0.1868515 0.1480042 0.1922579 0.1974011 0.2042894 0.1935242 0.280502 0.2339846 0.2391455 0.2313605 0.2732903 0.3109957 0.2800482 0.2900701 0.2535037 0.2212443 0.2032939 0.1949662 0.1914863 0.1691137 0.1690686 0.1866335 0.2198667 0.2334107 0.2111838 0.1697308 0.1622557 0.1334671 0.126477 0.116773 0.126755 0.1412439 0.1280368 0.1106386 0.08601729 0.09763079 0.09574202 0.09794565 0.09165356 0.09507661 0.07560496 0.04795156 0.03755045 0.03724566 0.05536216 0.06955847 0.1638882 0.2088523 0.1674877 0.05105997 0.04898326 0.0458054 0.04505596 0.04166971 0.001862348
0.2511832 0.1871506 0.1523481 0.1734582 0.1849626 0.2161296 0.237936 0.2349737 0.178705 0.2142319 0.2380916 0.2929949 0.3058327 0.3325695 0.2959214 0.2512632 0.2462364 0.2166043 0.2249898 0.2244937 0.1886401 0.2040671 0.1829355 0.1928699 0.2176019 0.2054428 0.1690486 0.1497115 0.136877 0.1142394 0.1011414 0.1165538 0.1379916 0.09957309 0.08769362 0.08178215 0.08935987 0.1024388 0.08831153 0.07754765 0.08091726 0.08720917 0.07638385 0.05782274 0.03569398 0.05278927 0.05816449 0.2248147 0.04809891 0.07781665 0.06064109 0.06836843 0.05722128 0.0472299 0.04243671 0.003765182
0.2533074 0.1449073 0.1500337 0.1948071 0.1880337 0.2141851 0.1927068 0.167011 0.159459 0.1878179 0.1999195 0.2740035 0.3024529 0.2802708 0.2638934 0.2432242 0.2550932 0.2380433 0.2253862 0.2374032 0.2017373 0.1811807 0.166474 0.1890625 0.1875723 0.1894583 0.194524 0.1469451 0.1206485 0.1129079 0.1184095 0.113964 0.1068359 0.1024294 0.09675086 0.08967238 0.09592883 0.09467282 0.09464815 0.06992477 0.06966908 0.115476 0.06290996 0.06981236 0.05118192 0.08291429 0.1391385 0.1760375 0.0661036 0.07867526 0.08749834 0.06011768 0.06794513 0.0599138 0.04344181 0.004129555
0.2298248 0.1448581 0.1197383 0.175293 0.2098453 0.1499178 0.1189362 0.1617295 0.1836934 0.1557234 0.1774127 0.2183036 0.2883613 0.2985386 0.2822305 0.254364 0.1972091 0.2135222 0.2223509 0.1916008 0.1415204 0.1427734 0.1262535 0.1627269 0.1701452 0.1805086 0.1469148 0.2200254 0.2002821 0.1493259 0.1391475 0.1020754 0.1171845 0.153446 0.1199144 0.08972479 0.1445537 0.08758754 0.07063147 0.07759269 0.09242421 0.07851021 0.06444494 0.07040448 0.08549359 0.1135459 0.1402471 0.1004859 0.07180881 0.09366268 0.06900743 0.04935222 0.04838056 0.03635627 0 0
0.2224069 0.1772065 0.1174687 0.1651278 0.1587738 0.1217595 0.1290855 0.1408363 0.1749272 0.1994071 0.1794446 0.2172367 0.2303716 0.2828553 0.264609 0.2384657 0.2223798 0.2193325 0.1962648 0.2047898 0.1497409 0.149597 0.1125462 0.1250862 0.1650214 0.13142 0.1155543 0.1715099 0.1947825 0.1604285 0.2049003 0.1485473 0.1542275 0.1995581 0.1930447 0.1006369 0.1045793 0.08993113 0.08007952 0.1317315 0.09758253 0.09307381 0.06338891 0.05470857 0.09900746 0.1443827 0.1141364 0.04901584 0.05089949 0.04858571 0.05265794 0.07987853 0.06874494 0.051417 0 0.0001214575
0.2435463 0.1426953 0.1309893 0.1182332 0.1389705 0.1311295 0.1347229 0.1555039 0.2242261 0.2785879 0.2103781 0.2701312 0.2399301 0.256932 0.2525828 0.2226977 0.2318345 0.2051411 0.188514 0.1759836 0.1561961 0.1336671 0.09656397 0.09250603 0.1456228 0.1239978 0.09206102 0.1219512 0.1738181 0.183213 0.2550899 0.1428841 0.1557977 0.1523885 0.1195135 0.09405855 0.08579038 0.1222792 0.09246677 0.08639887 0.09315245 0.104546 0.08897118 0.06114068 0.05392307 0.1456156 0.06943475 0.03246134 0.03568569 0.04706072 0.05144576 0.06558704 0.05287449 0.05688259 0.004129555 0.0001214575
0.1772519 0.110304 0.1461334 0.1001426 0.1456322 0.1610871 0.1300375 0.1511831 0.2343923 0.2490226 0.2057637 0.1868379 0.228624 0.2566453 0.2535097 0.232793 0.2417765 0.2437373 0.2085246 0.1399615 0.1602264 0.1264544 0.09893196 0.08282349 0.09344697 0.09482671 0.1146144 0.1483701 0.1685843 0.1779574 0.2129942 0.2379354 0.1571292 0.1444088 0.1435009 0.1008972 0.09786592 0.1051961 0.090161 0.1449157 0.1557675 0.1431654 0.09241936 0.08494247 0.0514714 0.1265469 0.0411295 0.0401064 0.0408909 0.04173745 0.04815126 0.05364373 0.048583 0.03174089 0.004129555 0.003441295
0.1775427 0.1346464 0.1500422 0.07715321 0.1045924 0.182687 0.1555126 0.1310284 0.2143546 0.2199455 0.1937376 0.1872835 0.2377844 0.2249606 0.2515299 0.2539588 0.2529631 0.2355171 0.2435581 0.160734 0.1616531 0.1171725 0.1120276 0.1410306 0.1065824 0.1092161 0.1283429 0.2178593 0.1677803 0.2017452 0.2105703 0.2097412 0.1742761 0.1659384 0.1555125 0.1107719 0.1006676 0.1017821 0.1078879 0.1153736 0.1147961 0.08877221 0.06956454 0.09080655 0.134571 0.07130022 0.03393738 0.02153846 0.03388664 0.04445344 0.05975709 0.04777328 0.01510121 0.05696356 0.01101215 0.003481781
0.1805915 0.1502791 0.1557693 0.1187465 0.1072294 0.1481423 0.1973477 0.1468914 0.1968869 0.1985228 0.1640191 0.158849 0.1961819 0.1644367 0.2063776 0.2194608 0.1994988 0.1921485 0.2100071 0.1565524 0.1413546 0.1259591 0.1132731 0.1416141 0.1583437 0.2072725 0.1915973 0.1759233 0.19953 0.2610485 0.276215 0.2743167 0.2279517 0.2476806 0.2535604 0.1210436 0.1002719 0.104164 0.1086057 0.1220102 0.1160891 0.09475568 0.0783372 0.1231369 0.1260539 0.04572985 0.04311337 0.006680162 0.04271255 0.07692308 0.07939272 0.06846154 0.03222672 0.1046154 0.06186234 0.02012146
0.1726023 0.1453845 0.1676153 0.1710456 0.1211541 0.1251396 0.2221469 0.1448877 0.1942955 0.2298735 0.2180835 0.1309198 0.183981 0.158217 0.1969101 0.1973746 0.1958905 0.1853197 0.1410506 0.1493079 0.145349 0.1333453 0.1516375 0.1517952 0.17587 0.2246451 0.2391432 0.2449031 0.251373 0.2671424 0.247909 0.2619947 0.2265491 0.2007976 0.2094104 0.1332402 0.1033619 0.0930208 0.1179886 0.1172684 0.1141943 0.1204755 0.1245519 0.1298994 0.05538865 0.05249812 0.06022659 0.01890688 0.05267206 0.05165992 0.06591094 0.0594332 0.05214575 0.05765182 0.04910931 0.09951416
0.1786659 0.1924136 0.2020683 0.1928487 0.1338943 0.1270963 0.1752454 0.1469907 0.1831189 0.2585181 0.2516615 0.1913372 0.2069868 0.2148192 0.2326669 0.2754228 0.1765238 0.202895 0.1673912 0.1198261 0.1386059 0.1375731 0.1714677 0.2036398 0.1923894 0.2012909 0.1880639 0.2662013 0.1861819 0.2455841 0.2439849 0.2127977 0.225783 0.1735479 0.1667712 0.1836325 0.1317413 0.1238575 0.1166925 0.1392157 0.1237746 0.1170431 0.1401498 0.1190919 0.07103975 0.05749201 0.06644601 0.06635627 0.03469636 0.04777328 0.05327935 0.05910931 0.05060729 0.0665587 0.06279352 0.05643725
0.1296913 0.139208 0.1629241 0.1688407 0.1283921 0.1106962 0.1351998 0.1596474 0.1439181 0.182669 0.199098 0.2162077 0.2226815 0.2522564 0.2048027 0.2231276 0.1985999 0.1868364 0.1411429 0.1036536 0.1340611 0.1658997 0.1561209 0.174291 0.2070476 0.1887753 0.1771841 0.1746147 0.1417796 0.1646559 0.1451967 0.1424561 0.1771935 0.1634481 0.1368749 0.1459952 0.154043 0.1548495 0.1693048 0.1757542 0.1437805 0.141169 0.1347948 0.0898654 0.07540665 0.08937257 0.07534812 0.02093117 0.03076923 0.04623482 0.04473684 0.0457085 0.06307692 0.09846154 0.09773279 0.06299595
0.1204939 0.1208372 0.1604245 0.2166225 0.1399318 0.1095236 0.116343 0.204764 0.1576219 0.1985399 0.2608359 0.2746856 0.3251478 0.2671953 0.2462307 0.1802112 0.1809165 0.1776039 0.1369764 0.1342696 0.1822876 0.1519961 0.1460496 0.1695542 0.2072872 0.1789073 0.1861372 0.1762467 0.1830531 0.156645 0.1264911 0.1395255 0.1531815 0.1625673 0.1818523 0.1711372 0.1655531 0.1969922 0.257179 0.179733 0.1588637 0.153117 0.1473235 0.09013683 0.08711705 0.09637802 0.08780182 0.0734008 0.06004049 0.07319838 0.07307691 0.04141701 0.04060728 0.04668016 0.07599191 0.09765182
0.1334086 0.1406373 0.1085466 0.1790533 0.1066564 0.1049832 0.114124 0.225117 0.1389363 0.1785484 0.2519975 0.2977727 0.2902971 0.2720643 0.25566 0.2174377 0.1833067 0.2030593 0.1935164 0.1648654 0.1709768 0.1811659 0.164508 0.1883177 0.1765894 0.1690214 0.1638428 0.1891969 0.1516452 0.141823 0.1266991 0.1643931 0.1553563 0.1748268 0.2051901 0.1819151 0.20933 0.26432 0.2180233 0.1666511 0.1477022 0.1696859 0.1452603 0.1111692 0.09637491 0.09186506 0.0987551 0.07813765 0.05923077 0.05489879 0.08623482 0.09923076 0.04178137 0.03161944 0.05024292 0.07497976
