contrib/geomasonDemos/riftland/DataFiles/RainData/89.txt
ncols         56
nrows         54
xllcorner     28.264
yllcorner     -5.7719999999999
cellsize      0.25
NODATA_value  -9999
[rows 27 to 53 of 54, columns 0 to 55 of 56]
0.1858227 0.186422 0.1923038 0.1940368 0.1787882 0.2368881 0.3393268 0.2151625 0.171434 0.1694432 0.1614856 0.1824745 0.1593769 0.1647343 0.1983017 0.1658973 0.1802577 0.2134906 0.1951328 0.2634896 0.3427016 0.3925524 0.3160177 0.3484757 0.439232 0.4276164 0.3494745 0.3739921 0.3582366 0.4391661 0.4024 0.2801608 0.2928589 0.1847973 0.1864956 0.171054 0.1568117 0.1379654 0.1344519 0.1272208 0.1559516 0.1495453 0.1270522 0.1560534 0.0882978 0.08394516 0.07433693 0.05988702 0.0509942 0.0451919 0.04390261 0.04030727 0.08656316 0.06011651 0.085632 0.08806681
0.2404709 0.2330028 0.2411038 0.2042939 0.2490515 0.1931512 0.1745787 0.2209472 0.171659 0.1452285 0.1511048 0.1526279 0.141033 0.126794 0.167347 0.1965531 0.2196726 0.192183 0.1759172 0.1974291 0.2372839 0.2823577 0.3231963 0.3585267 0.4641756 0.4232118 0.402913 0.3343544 0.3624131 0.4347063 0.3437092 0.2804309 0.2645101 0.1551064 0.1427807 0.1373594 0.1510892 0.1646113 0.1553166 0.1313487 0.2048743 0.2089176 0.1306695 0.1206361 0.07497516 0.06874568 0.06968541 0.06004249 0.05697916 0.06441355 0.05289815 0.06650285 0.09673076 0.07209802 0.1153914 0.1186014
0.2384189 0.2316907 0.2690573 0.264335 0.2116713 0.1378758 0.1613292 0.1722975 0.1475167 0.1323077 0.1236573 0.1626826 0.1593736 0.1536492 0.1528107 0.1556665 0.1794448 0.1550342 0.1821358 0.1852718 0.176887 0.125335 0.1906513 0.3058805 0.4045018 0.4098996 0.4234966 0.3897655 0.349141 0.4037346 0.3164269 0.3136939 0.2516929 0.1753825 0.2108361 0.2103566 0.1671172 0.1733244 0.2487155 0.2181263 0.2325171 0.2009939 0.1242281 0.08473259 0.06535163 0.06505553 0.06949094 0.05807938 0.05928635 0.06790899 0.0647221 0.08897594 0.1106454 0.1436484 0.1324592 0.1191111
0.2450923 0.22284 0.2501048 0.2218538 0.1592265 0.1211276 0.1187226 0.09047571 0.1147442 0.09161258 0.1019897 0.1597969 0.1535372 0.1564914 0.1592235 0.1406725 0.1314422 0.128562 0.2447743 0.3080353 0.2095394 0.1872785 0.192032 0.2598493 0.3746868 0.3880949 0.4081225 0.4095745 0.358071 0.3181782 0.2741154 0.3235269 0.1970891 0.1716675 0.2155167 0.3284119 0.2592711 0.219608 0.3374765 0.2410057 0.1949149 0.2168171 0.1322571 0.07703512 0.06616906 0.06271754 0.06621008 0.06162447 0.06809039 0.06738392 0.08144934 0.1128699 0.1085226 0.1281998 0.1577208 0.1353813
0.3241675 0.3279896 0.3026091 0.2274991 0.1331034 0.07765654 0.08746983 0.09544294 0.1196228 0.1076249 0.1050984 0.1732033 0.1896011 0.1975168 0.1852669 0.188484 0.2135056 0.1963519 0.2606848 0.2341413 0.1939124 0.3461046 0.3273227 0.3758735 0.4292622 0.4057578 0.3574368 0.4390656 0.4578972 0.3396677 0.2132675 0.2754213 0.2414874 0.1877221 0.1778256 0.2821365 0.2989703 0.2856361 0.3313579 0.2640009 0.2549832 0.1790246 0.1161087 0.07559853 0.06360756 0.06345215 0.06914383 0.06899925 0.06629529 0.07893737 0.08556972 0.08551083 0.1120502 0.1439003 0.1665255 0.1547101
0.3620955 0.4151627 0.1990199 0.08400372 0.08190583 0.07627643 0.1175335 0.2119825 0.1429922 0.1260651 0.1195718 0.2000101 0.2235606 0.2320363 0.1896754 0.2432182 0.275361 0.218815 0.2173852 0.1886679 0.1825549 0.2814447 0.3159691 0.3771666 0.4419987 0.3978456 0.4004907 0.4291571 0.4793579 0.3450935 0.2248055 0.2393476 0.2510446 0.2411722 0.219605 0.2545302 0.2999211 0.3076739 0.2993559 0.2470696 0.210989 0.1291237 0.09565312 0.07541923 0.06425866 0.07468208 0.0724492 0.07427621 0.07493041 0.08312054 0.1204751 0.1186337 0.1558684 0.1482268 0.1913318 0.2480801
0.3934436 0.2988956 0.1333008 0.09072089 0.08995512 0.1241452 0.147242 0.1606982 0.1665664 0.1616243 0.1179202 0.2148984 0.2568505 0.2801723 0.2611787 0.3002776 0.3257655 0.2879172 0.3280031 0.3239439 0.2746593 0.2896466 0.3498886 0.3861141 0.4535691 0.4258933 0.3719094 0.3002214 0.365384 0.3430472 0.2949628 0.2348362 0.2104273 0.2490165 0.2811777 0.3365649 0.3252587 0.2707298 0.2470502 0.1716 0.1272049 0.09704705 0.08733271 0.07363096 0.06330323 0.08916685 0.0824351 0.08245492 0.1041937 0.1222189 0.1226811 0.1448197 0.1792219 0.1954262 0.2316047 0.2451781
0.3687358 0.25935 0.175204 0.136342 0.1561503 0.1670886 0.1680203 0.1274157 0.1392257 0.1497151 0.117998 0.2260346 0.2863114 0.2901097 0.356934 0.3638252 0.3244206 0.3618828 0.3427824 0.3321416 0.3268992 0.2469121 0.2861814 0.335525 0.3728935 0.4422641 0.3100497 0.2342848 0.2301016 0.231533 0.2132358 0.2211684 0.2010422 0.2342082 0.2842685 0.3125213 0.2993718 0.2133159 0.1735876 0.09738389 0.09739175 0.08988589 0.07951181 0.06168124 0.06282065 0.07360357 0.09014247 0.08670861 0.1364398 0.1272976 0.1421261 0.1807404 0.2159788 0.2177772 0.3167144 0.3199496
0.3173811 0.2575209 0.170549 0.235196 0.1624242 0.1383124 0.1364032 0.1390952 0.161605 0.1657476 0.1565578 0.246567 0.3043844 0.3309642 0.3723933 0.4745875 0.4571016 0.3890778 0.3916896 0.3253295 0.2618165 0.2548687 0.2692089 0.2544285 0.39257 0.3968974 0.2649223 0.2251193 0.209552 0.1701295 0.1522474 0.1841106 0.1980093 0.2495079 0.2674145 0.2011818 0.1861656 0.1441072 0.1206353 0.08746845 0.05187808 0.04731591 0.05302226 0.044399 0.04923204 0.05711209 0.06810488 0.1396203 0.1817204 0.2100185 0.248433 0.2390758 0.3035604 0.2811058 0.3034462 0.4187181
0.2777059 0.2112978 0.1082069 0.2043579 0.1794386 0.1270345 0.1243595 0.1512678 0.1661172 0.1529901 0.1780738 0.2613617 0.3194512 0.3843842 0.3572425 0.4224999 0.424116 0.3603023 0.3619367 0.3243114 0.2438507 0.234487 0.2281764 0.3086918 0.437583 0.3738756 0.2855507 0.2563239 0.2468832 0.1800028 0.1755834 0.2228315 0.1936136 0.2185319 0.191289 0.1648615 0.140256 0.1127675 0.09228592 0.05188761 0.03618205 0.03520307 0.04183037 0.03975295 0.04705803 0.05490565 0.08807717 0.2183059 0.2962895 0.3454472 0.3612521 0.3318957 0.3684584 0.234882 0.3854846 0.447714
0.2773115 0.1829114 0.0746577 0.09827644 0.09786342 0.1005667 0.1139986 0.1442682 0.1758287 0.1879627 0.200649 0.270795 0.3362836 0.3576237 0.4127296 0.4649297 0.4315826 0.3048999 0.307928 0.2598399 0.2344766 0.1902184 0.2621296 0.494179 0.5171979 0.4184126 0.2661851 0.3155319 0.2301332 0.1758739 0.2555368 0.2595076 0.2313579 0.1483557 0.1249086 0.1143484 0.09928267 0.0884015 0.06686981 0.02933263 0.02579185 0.02727019 0.03670794 0.03973364 0.04487601 0.053445 0.0762131 0.2336776 0.3295575 0.3890911 0.3965065 0.3705207 0.3623672 0.266658 0.3685929 0.1865388
0.2184522 0.134655 0.07189539 0.08962566 0.07708633 0.1007251 0.1142375 0.1283742 0.1745275 0.1974379 0.2144605 0.246291 0.2904949 0.2896706 0.4227779 0.3848719 0.3889998 0.3218094 0.2705419 0.2301061 0.2397785 0.175112 0.2487417 0.5434299 0.6406195 0.4296181 0.2360959 0.2651441 0.1986339 0.16424 0.2551912 0.1918607 0.1892105 0.1224355 0.09113386 0.08847371 0.08614502 0.05479823 0.04813806 0.02488753 0.02366895 0.02981496 0.03815544 0.03663456 0.04943496 0.05885075 0.08965631 0.1915665 0.3266511 0.4546691 0.4577391 0.3614011 0.2529748 0.3525132 0.2555242 0.1986778
0.1837544 0.1633197 0.1540213 0.1275329 0.1177482 0.1276017 0.1084464 0.1191865 0.1389972 0.176198 0.2149355 0.2268496 0.2700935 0.2338688 0.3112991 0.278068 0.319408 0.293944 0.2804767 0.2774522 0.2232696 0.2096606 0.3247275 0.5285621 0.8001605 0.4570182 0.2308952 0.1109368 0.1463076 0.1568997 0.1751824 0.1533001 0.1816366 0.07911507 0.05956576 0.05337696 0.04873059 0.0426126 0.03178933 0.02256755 0.02055053 0.02437626 0.03379309 0.05323036 0.06801935 0.09979676 0.1277151 0.1744719 0.3042495 0.5243188 0.3999958 0.2903694 0.3528502 0.2299628 0.2143681 0.1899521
0.2336134 0.140833 0.08749309 0.1416891 0.1350364 0.1441113 0.1308861 0.1212091 0.1323771 0.1448064 0.1976483 0.209852 0.2120844 0.2027251 0.2398286 0.2331596 0.2845527 0.2780635 0.3222583 0.408379 0.2294997 0.2456982 0.3637522 0.5038996 0.4835972 0.3678389 0.1542504 0.09710737 0.1124785 0.08989567 0.06391386 0.08997706 0.09559426 0.06765926 0.05342234 0.05224671 0.04194701 0.05082956 0.03092946 0.01815262 0.01828586 0.02215231 0.03190613 0.0522059 0.06798958 0.0921925 0.1236413 0.1768161 0.2518653 0.3076972 0.2945516 0.2411857 0.1943029 0.1898103 0.2147732 0.2270432
0.2845932 0.1698256 0.1224007 0.1647026 0.1911667 0.1531168 0.1304083 0.149676 0.1242381 0.1808107 0.1578607 0.1878147 0.1810673 0.2099657 0.215353 0.2354852 0.2550505 0.2085665 0.2455043 0.258045 0.2800561 0.3046809 0.3489386 0.3965062 0.3111458 0.1971198 0.109408 0.1195267 0.1126055 0.06697551 0.03424269 0.07035135 0.06318567 0.04438123 0.04629415 0.03969834 0.03249805 0.02628699 0.03040214 0.01713866 0.01715865 0.0215657 0.03121522 0.04890488 0.06295864 0.09132531 0.1365821 0.1561343 0.2338909 0.361464 0.3515182 0.1679554 0.2153736 0.2233247 0.2399998 0.2085544
0.260969 0.1887428 0.1458444 0.159457 0.1816705 0.1717804 0.1558685 0.1656947 0.1714554 0.1742202 0.1490349 0.1398926 0.1500624 0.1873092 0.2403152 0.2370028 0.2324845 0.1886048 0.1772354 0.2437784 0.2499871 0.2437773 0.2883141 0.2619944 0.1941669 0.1211082 0.08102344 0.05025101 0.05756792 0.1200445 0.06391149 0.05003676 0.05046786 0.05792151 0.04402372 0.1486089 0.1937415 0.02760667 0.02604799 0.02562734 0.01923526 0.02113364 0.03066583 0.05108297 0.06058741 0.08778556 0.1283624 0.1200203 0.1722488 0.4094079 0.360664 0.2352873 0.2812575 0.3073576 0.2699957 0.1986269
0.1410795 0.1196377 0.1072441 0.1193841 0.1033658 0.1236666 0.1290785 0.1525264 0.1388464 0.1434848 0.1416017 0.1732891 0.1763224 0.2008048 0.287268 0.2274233 0.1810066 0.1460187 0.1756437 0.2180379 0.2201074 0.2191507 0.1873914 0.172953 0.1574055 0.0896455 0.04940429 0.05156668 0.04375726 0.05013661 0.03656668 0.04984002 0.04238898 0.04212593 0.0387111 0.07575337 0.2948952 0.05582204 0.02866969 0.02550454 0.02006842 0.02113145 0.02822522 0.0531413 0.07525808 0.08589489 0.1196773 0.1614979 0.1678596 0.3397038 0.2725253 0.2499409 0.3250656 0.3143294 0.2695399 0.1745161
0.1293458 0.09591375 0.05332829 0.09250442 0.06155324 0.104066 0.08496147 0.09334867 0.1224509 0.1133565 0.1152506 0.1432168 0.1931644 0.2207581 0.2273888 0.1491741 0.115395 0.1151606 0.1692166 0.2050604 0.2020551 0.2356741 0.2354704 0.2158847 0.1546587 0.09130128 0.04087469 0.02687545 0.03065445 0.0308185 0.02736122 0.03886431 0.04083933 0.06092968 0.04407056 0.0482548 0.07764775 0.04457343 0.05281412 0.02920353 0.02925137 0.03317671 0.02751253 0.06130587 0.07531188 0.08944695 0.1252301 0.1781388 0.2648022 0.2068001 0.2966758 0.3174467 0.3475224 0.3573539 0.2655961 0.1838306
0.1228243 0.08131645 0.03666949 0.08782564 0.07933094 0.1187313 0.1576814 0.1143931 0.1088297 0.1161835 0.1022409 0.100284 0.13958 0.1594333 0.1475831 0.1013266 0.1242044 0.1374146 0.145225 0.1564318 0.1393129 0.1766206 0.1738971 0.1522604 0.1080225 0.04824494 0.04012829 0.02776285 0.02239846 0.02465565 0.05046989 0.04407637 0.04413893 0.05094827 0.0422655 0.03757073 0.04245165 0.03984462 0.0366144 0.03312916 0.03137206 0.03294484 0.03467243 0.05765371 0.08653463 0.1016084 0.1058902 0.2042188 0.2219458 0.1828193 0.3126642 0.278582 0.2930125 0.3605832 0.3615623 0.2386693
0.06931233 0.04698198 0.03720844 0.0673297 0.0648607 0.1137697 0.1758348 0.1813922 0.1272663 0.1069745 0.08981852 0.1130243 0.1354505 0.156117 0.1329615 0.08537845 0.1097771 0.1256474 0.1319097 0.09058168 0.09842808 0.1203556 0.1654339 0.1605158 0.1089775 0.06301513 0.03017353 0.04715857 0.05280906 0.02799874 0.04406722 0.04018273 0.03742379 0.03848097 0.04237434 0.0374569 0.04057008 0.05111788 0.0378839 0.03411304 0.0264622 0.02944895 0.04017593 0.06823398 0.08605808 0.09993804 0.1212218 0.1517434 0.1726824 0.2197888 0.3211413 0.3097512 0.3303573 0.374305 0.3899843 0.2833871
0.03302513 0.03281943 0.03981833 0.07399807 0.07158144 0.08850394 0.137945 0.1472247 0.08739778 0.09175284 0.09206095 0.1073968 0.116766 0.1512261 0.07047139 0.08176034 0.09032577 0.1186266 0.1246881 0.1463068 0.1416316 0.1495914 0.1729016 0.1748958 0.1115486 0.06381745 0.03438513 0.1170186 0.09944551 0.01273324 0.04549234 0.04587264 0.03199688 0.02647719 0.04301495 0.03735938 0.0259628 0.04091092 0.03182335 0.05469349 0.01943888 0.02337273 0.04259656 0.08969329 0.09325884 0.1053144 0.1827152 0.1829441 0.2083774 0.2233938 0.3041288 0.3337097 0.3729032 0.4197177 0.422258 0.3218145
0.02079855 0.03706716 0.05110596 0.0661578 0.0627085 0.0795488 0.1129129 0.102507 0.07482431 0.06982931 0.09347194 0.1052759 0.1008646 0.09266707 0.03978842 0.06254469 0.06958838 0.0908429 0.1041116 0.1112501 0.1506459 0.122793 0.1392169 0.1391073 0.09757298 0.03253605 0.02309419 0.05156767 0.0164588 0.00977521 0.01502632 0.03408738 0.04552741 0.04141817 0.02375415 0.04502164 0.04011485 0.03932796 0.05069736 0.04065992 0.04119635 0.03490068 0.0413334 0.07913426 0.1179751 0.1414858 0.280306 0.1968982 0.2123156 0.2322091 0.279641 0.3513306 0.5347984 0.3844757 0.3742339 0.3423387
0.03003386 0.05029754 0.04537319 0.09486624 0.0932447 0.06650962 0.0677674 0.08323076 0.08502244 0.1148625 0.1076424 0.1342327 0.1086979 0.06273084 0.035656 0.05134859 0.08316139 0.09286935 0.09146868 0.09773806 0.1239006 0.08563843 0.08105115 0.09499993 0.07463904 0.03283493 0.01267293 0.0145689 0.008585223 0.007513704 0.01069464 0.01731665 0.03389285 0.03734346 0.01904236 0.03486198 0.03195039 0.05690227 0.06742709 0.07756542 0.077535 0.04791374 0.0628149 0.100819 0.1200835 0.1809436 0.2394069 0.2024554 0.2695938 0.3388456 0.3633115 0.3829435 0.4352016 0.3876612 0.3624999 0.3042339
0.06003975 0.06906888 0.03830938 0.06237669 0.06146387 0.05529111 0.0665803 0.05845312 0.0761843 0.1119195 0.1008701 0.169497 0.0852885 0.06880216 0.0643353 0.08811815 0.1287148 0.09917716 0.1165825 0.1124841 0.110548 0.0697367 0.07651312 0.0775209 0.03713452 0.02195758 0.01478064 0.02282113 0.01534445 0.03527747 0.04566665 0.02786333 0.02282136 0.019375 0.01636419 0.01957939 0.02753674 0.04184868 0.07049444 0.08248767 0.08606318 0.1028652 0.129304 0.1221868 0.1567847 0.1611256 0.1646508 0.2575376 0.3298795 0.4380834 0.3815612 0.438508 0.3943951 0.3692742 0.3073791 0.2721774
0.07007714 0.06406891 0.06497697 0.07010907 0.1123799 0.09740297 0.07831071 0.1363697 0.1239319 0.09031036 0.08595457 0.09226824 0.08539733 0.07358412 0.09660827 0.117726 0.1725011 0.1056909 0.1364751 0.09809639 0.0720189 0.06906043 0.06372513 0.03503041 0.02046326 0.01533159 0.01515698 0.06237041 0.04870934 0.02594934 0.006938916 0.03439316 0.03511151 0.01235307 0.02286582 0.01593493 0.01922588 0.04644185 0.1158756 0.1691856 0.2204359 0.2667454 0.176849 0.1373598 0.2182896 0.2259631 0.2295773 0.3658242 0.3910249 0.5323761 0.5362967 0.4292741 0.3927017 0.3540725 0.3132661 0.2551209
0.06824667 0.05654391 0.06030662 0.08804996 0.1174165 0.09190333 0.09937169 0.1274437 0.1287918 0.08065076 0.05551169 0.06400847 0.06621245 0.06135586 0.04027928 0.07566027 0.1064676 0.09350429 0.09475303 0.07426882 0.06487409 0.07448322 0.05016265 0.03335164 0.01095524 0.009581283 0.006646309 0.03212342 0.02684544 0.02486198 0.008071795 0.005527686 0.0333628 0.01002822 0.0139745 0.02478006 0.02352096 0.09929721 0.1724305 0.1855178 0.2072872 0.2522258 0.2277007 0.1822966 0.2775125 0.2804784 0.3517102 0.3592488 0.4887058 0.5836604 0.4891104 0.4018548 0.3330242 0.3133468 0.3467741 0.2975
0.03954136 0.02818266 0.03500253 0.082144 0.07520031 0.1044443 0.07784398 0.09123688 0.09540968 0.08888683 0.04786739 0.05069225 0.05464802 0.06383363 0.07525114 0.06316205 0.07234624 0.09924833 0.1117695 0.06666544 0.05809003 0.06427857 0.04309876 0.03464527 0.01417729 0.006994365 0.005415829 0.002141164 0.02144702 0.005385951 0.0253235 0.01055281 0.009651135 0.01025416 0.01287603 0.0225197 0.03427447 0.1204148 0.1583578 0.1425342 0.1798905 0.2190168 0.2143661 0.2297226 0.3169116 0.3868018 0.406848 0.4117164 0.4193285 0.4892015 0.4498647 0.3225806 0.3160484 0.3352016 0.347379 0.2731855
