contrib/geomasonDemos/riftland/DataFiles/RainData/89.txt
ncols         56
nrows         54
xllcorner     28.264
yllcorner     -5.7719999999999
cellsize      0.25
NODATA_value  -9999
[rows 0 to 26 of 54, columns 0 to 55 of 56]
0.05052419 0.05549973 0.04608468 0.04056292 0.04527323 0.02804827 0.03282171 0.04091556 0.0326349 0.02229332 0.0436604 0.07639939 0.1189486 0.1153202 0.08437589 0.07374316 0.06200636 0.0842506 0.07340353 0.06776094 0.09023716 0.08615325 0.1228594 0.1502468 0.1676343 0.2166333 0.2213414 0.2052131 0.2157248 0.1970089 0.1840397 0.1912079 0.1612777 0.1759075 0.1524303 0.2511927 0.2506071 0.2268013 0.1777916 0.1195081 0.07187501 0.07936891 0.07112535 0.05243504 0.07549398 0.1124362 0.1206574 0.1183484 0.09790338 0.1285224 0.1355405 0.1112032 0.1031201 0.08684731 0.115457 0.1097907
0.04592883 0.05248132 0.04339474 0.05061381 0.04076615 0.03973162 0.04638819 0.04666661 0.03932695 0.03363902 0.04216171 0.1017806 0.09136397 0.1159564 0.1201679 0.1163236 0.08875198 0.1043762 0.08600047 0.102464 0.1211597 0.1502074 0.09059769 0.1080388 0.1479615 0.1895913 0.2213071 0.220498 0.223722 0.1946056 0.2229249 0.2450214 0.2112798 0.2597404 0.2654786 0.4402394 0.3642853 0.254074 0.154495 0.06241415 0.09348749 0.07575533 0.04316608 0.03595247 0.03621183 0.06552348 0.09951597 0.1000476 0.1133426 0.1107316 0.1454208 0.1120446 0.09712905 0.0825272 0.0975524 0.05685646
0.0480656 0.04584749 0.05645344 0.05065573 0.05785575 0.06173564 0.04767499 0.05230849 0.07000718 0.06031785 0.05743083 0.09506983 0.1332752 0.1426746 0.1349808 0.1160135 0.088382 0.08545276 0.09552917 0.1206056 0.1550924 0.1633005 0.1055669 0.1243128 0.1395999 0.2046194 0.2065227 0.2154573 0.2020422 0.2424194 0.2164101 0.2482357 0.2857708 0.35127 0.4171421 0.5304183 0.4066603 0.2837447 0.2136101 0.1334615 0.1600474 0.09607188 0.09391504 0.05950793 0.05913206 0.07186124 0.0925295 0.06603344 0.1016572 0.1049222 0.1084041 0.1320324 0.1023304 0.0580687 0.04572246 0.02943013
0.03685504 0.03951109 0.0384128 0.05310933 0.06189662 0.05621548 0.05126381 0.06267876 0.07888937 0.08447966 0.09643838 0.1676585 0.160359 0.1222728 0.1046633 0.09152925 0.07860627 0.07960623 0.09256275 0.1325489 0.1383986 0.1292518 0.1024422 0.1256381 0.1255546 0.1589766 0.233644 0.3161327 0.3375389 0.2883091 0.2742186 0.3367843 0.3830984 0.4158435 0.4189975 0.4512611 0.3524791 0.3440517 0.2535182 0.170958 0.2392372 0.1980568 0.176167 0.1951691 0.2016968 0.1124335 0.1115972 0.1799276 0.1342983 0.1034647 0.1324566 0.1381016 0.187244 0.06443351 0.03517971 0.03006391
0.03534183 0.0506184 0.05645727 0.06903869 0.08952956 0.08438879 0.07596049 0.1202749 0.09791163 0.145245 0.1888267 0.1886146 0.1242647 0.1105104 0.097242 0.1017484 0.113987 0.07898088 0.09028336 0.1521946 0.1525455 0.1320492 0.1277154 0.129252 0.1318004 0.1453291 0.2508606 0.285948 0.3101735 0.2446843 0.3398213 0.4280997 0.4437321 0.4694116 0.4964349 0.5011033 0.4486077 0.362932 0.1908829 0.1809994 0.2536423 0.2450167 0.237545 0.2451809 0.2448165 0.2240418 0.2348447 0.2689692 0.1629581 0.1528547 0.1045399 0.1003434 0.08888095 0.1139307 0.03038658 0.03222969
0.05555912 0.1111884 0.08231384 0.08479927 0.1113693 0.1027351 0.1229168 0.2014696 0.1273625 0.105551 0.1437591 0.1802971 0.1238409 0.1363009 0.1090562 0.08477142 0.05311674 0.04006965 0.0823443 0.1604096 0.1692908 0.1260583 0.1213284 0.129296 0.1229115 0.1717571 0.2030708 0.2416292 0.3106474 0.2999271 0.3356003 0.4185682 0.4642324 0.5011829 0.4198008 0.506745 0.4022245 0.2894232 0.2431547 0.2096251 0.3186611 0.2757409 0.2813711 0.3666399 0.3810082 0.3066412 0.2652985 0.174337 0.1829353 0.1721547 0.1262927 0.1286458 0.1086949 0.1220796 0.05758371 0.0633169
0.09400261 0.0943535 0.08020842 0.09229668 0.1018331 0.1142446 0.1321564 0.215563 0.1584197 0.1262308 0.1092604 0.1108083 0.103847 0.1543284 0.1659467 0.1201077 0.0898854 0.06102706 0.08059524 0.1313747 0.1802003 0.1578948 0.135085 0.1356473 0.1773474 0.2117973 0.1804498 0.2355435 0.3140251 0.30053 0.3331686 0.409916 0.3490732 0.3808428 0.3041751 0.4015236 0.3172956 0.2743181 0.268705 0.2776367 0.3406875 0.3024733 0.3727113 0.4309042 0.3489756 0.2733553 0.2552922 0.1709177 0.2028215 0.1597178 0.1107498 0.1297501 0.2002375 0.260758 0.1263906 0.08945104
0.1147267 0.1193397 0.1199399 0.1385893 0.1504204 0.1615779 0.1496579 0.2455321 0.153134 0.1042328 0.085693 0.08180039 0.1500871 0.150356 0.1534274 0.158623 0.1472055 0.09540904 0.1191802 0.1089154 0.1284404 0.11239 0.1536012 0.1914586 0.1787308 0.212098 0.197859 0.263167 0.3333333 0.3357885 0.3356689 0.4252462 0.4534715 0.4668728 0.4170488 0.4558493 0.3452776 0.2763129 0.4316299 0.3973279 0.36806 0.4086289 0.3754964 0.3514656 0.3065708 0.2361922 0.1668413 0.2190882 0.1620366 0.1787696 0.1381599 0.2691039 0.2967795 0.3215446 0.1981282 0.1189245
0.2025069 0.1579875 0.1457064 0.1519222 0.2084865 0.1621097 0.1731944 0.171941 0.2025178 0.1850384 0.098482 0.08931454 0.08570411 0.1137865 0.1618284 0.1991635 0.1567884 0.1140311 0.1100998 0.1088516 0.1484303 0.1419553 0.1547281 0.1702133 0.2099607 0.1805579 0.1751267 0.2529852 0.3816268 0.3436678 0.2869797 0.3544922 0.4157777 0.4769202 0.4544504 0.3892548 0.3370178 0.3933238 0.3850721 0.3433992 0.3957614 0.2939805 0.2648459 0.2830018 0.2544435 0.2532775 0.1867845 0.1862066 0.147962 0.1325221 0.1180624 0.1859973 0.2128494 0.1220477 0.1067266 0.09940474
0.1608342 0.1659179 0.1384459 0.1134731 0.1738926 0.1797171 0.1205489 0.174476 0.200902 0.1690994 0.1105605 0.1107564 0.08232943 0.1216929 0.1683788 0.2457874 0.1585274 0.1077594 0.0877213 0.100085 0.1475997 0.1445508 0.209401 0.2656001 0.2688688 0.2186535 0.2158171 0.2643535 0.3217558 0.3240012 0.2623449 0.3179324 0.4139085 0.3696549 0.4086539 0.4308997 0.3796579 0.4955023 0.448763 0.3266525 0.3273445 0.2621664 0.2264922 0.2401354 0.1981883 0.1882077 0.1540155 0.1290994 0.1156799 0.1178968 0.1447736 0.1400214 0.09790696 0.08490513 0.06624312 0.05997483
0.2481473 0.1813008 0.1842043 0.1438212 0.1462888 0.1809144 0.1434443 0.1497651 0.1467457 0.12548 0.1457722 0.1388929 0.1260129 0.1459298 0.2644583 0.1527867 0.1260482 0.1271401 0.102833 0.1128768 0.1395492 0.1388871 0.1745466 0.2700708 0.2296868 0.235566 0.1946717 0.2401994 0.3091148 0.2722993 0.286212 0.3898133 0.4111432 0.3444309 0.3043147 0.367475 0.4260994 0.4540341 0.3664083 0.2599272 0.2432351 0.2060616 0.1176764 0.1229876 0.1537947 0.1342284 0.1047519 0.05119796 0.06614432 0.08576855 0.09386069 0.1136811 0.1390908 0.08109803 0.06196661 0.05315667
0.2803736 0.2750923 0.2006218 0.1934007 0.1572429 0.2249367 0.1658392 0.1425168 0.1299215 0.1784873 0.1695855 0.1982964 0.1762588 0.2027246 0.2454978 0.1743176 0.2595399 0.1268201 0.1119399 0.1741035 0.239622 0.1982611 0.2476171 0.3567504 0.321209 0.3262029 0.3098472 0.3408889 0.341778 0.3424603 0.3706344 0.3117064 0.3726129 0.3091029 0.2494514 0.2866886 0.3157231 0.3792787 0.3007055 0.2428053 0.1987896 0.178144 0.1258108 0.1354927 0.2062624 0.1725351 0.1281423 0.1095701 0.09943909 0.1506277 0.1107368 0.1041953 0.109952 0.07820556 0.09708085 0.08897579
0.3155573 0.27282 0.2317486 0.1684491 0.1248432 0.1259671 0.1115211 0.1185066 0.1471955 0.1592141 0.188449 0.3149516 0.2395489 0.2190846 0.2108477 0.1963959 0.1520392 0.1263448 0.1499457 0.228303 0.2723753 0.2219612 0.2274351 0.3310484 0.3619855 0.3134065 0.3877454 0.4052919 0.4487703 0.4222829 0.4246323 0.2814462 0.3386883 0.217292 0.1327081 0.1501045 0.1803562 0.2005871 0.2049468 0.1947064 0.1807366 0.1652188 0.1364904 0.1801179 0.227378 0.2203801 0.1292787 0.1942137 0.1379498 0.1089504 0.08578516 0.1037033 0.08372327 0.07412698 0.09922275 0.1140864
0.290047 0.2662318 0.1877705 0.1697941 0.1320383 0.1102345 0.1457121 0.1295695 0.1944009 0.2547157 0.212131 0.2420832 0.2212163 0.21544 0.1893852 0.2061059 0.1682392 0.1706806 0.1904313 0.2110396 0.2405213 0.242265 0.2183983 0.3238644 0.3336165 0.300384 0.3521279 0.3701634 0.3391049 0.4230903 0.3706748 0.2800505 0.234575 0.1376927 0.1200585 0.1310742 0.1160313 0.09635003 0.1308508 0.1411188 0.1117419 0.1523617 0.1581448 0.2028461 0.1658966 0.1358174 0.09578088 0.09325723 0.1319063 0.07529151 0.07143579 0.05204405 0.07390986 0.08215028 0.1113091 0.1020091
0.4758564 0.4570526 0.2134398 0.1531098 0.1200622 0.1061741 0.1428299 0.222775 0.2262401 0.2587813 0.3095103 0.2836364 0.2617064 0.2654726 0.1703102 0.1589161 0.212951 0.2495968 0.2418655 0.2867365 0.1580547 0.151339 0.1897974 0.3683854 0.2605435 0.2572536 0.2454497 0.3257202 0.3882287 0.4868009 0.3809857 0.2228844 0.1390193 0.1006386 0.09971368 0.1051816 0.06778681 0.08434011 0.1110976 0.1435327 0.1304024 0.1354353 0.1508593 0.1630148 0.1432405 0.1224389 0.1105722 0.07556697 0.1173527 0.1087534 0.06919051 0.04569053 0.04870263 0.07471884 0.1076561 0.1165844
0.3865244 0.3591744 0.263923 0.2139239 0.1267402 0.1190163 0.1511642 0.248152 0.2274453 0.2588014 0.2507803 0.2940593 0.3835192 0.392362 0.2255094 0.1768492 0.2015511 0.2098007 0.2537131 0.2095581 0.2081366 0.2272966 0.2553754 0.306489 0.2681638 0.2700318 0.2811084 0.3797703 0.4030445 0.4374077 0.3259794 0.2142269 0.1123198 0.1885182 0.1040729 0.09974372 0.06350958 0.1005116 0.111619 0.1177847 0.1032291 0.1009939 0.1007027 0.1181131 0.1435873 0.09625166 0.1109548 0.110085 0.1391384 0.08638898 0.113848 0.08438649 0.04725603 0.06790762 0.08168532 0.07242422
0.4197129 0.3180742 0.2526716 0.1672143 0.1279037 0.146794 0.2261113 0.3313256 0.2000369 0.2030378 0.2042641 0.2485811 0.2909689 0.2947588 0.2525392 0.2039581 0.1980807 0.2116847 0.200262 0.2250603 0.2228481 0.2194209 0.2256981 0.3388 0.2838036 0.2787642 0.3049565 0.3724533 0.3663782 0.4219461 0.3885486 0.2433091 0.1499055 0.2107843 0.08777338 0.09326659 0.06798031 0.06578959 0.06623062 0.08851516 0.1012191 0.1355202 0.11032 0.1041387 0.1048869 0.06661144 0.0848948 0.07901637 0.09282648 0.1040989 0.08487901 0.07943749 0.07069811 0.05248234 0.06429365 0.03859153
0.2802229 0.2730063 0.1828138 0.1505682 0.2023496 0.2353557 0.2595946 0.262982 0.1907316 0.1632181 0.1844947 0.2095731 0.2686098 0.2480899 0.248735 0.3054097 0.273649 0.2439161 0.2263457 0.2719506 0.2202572 0.1332141 0.1633309 0.2260129 0.2290905 0.2455342 0.2626761 0.3027513 0.3048179 0.516067 0.3842424 0.1968322 0.1491306 0.134984 0.06987486 0.079189 0.06041896 0.06971163 0.07335197 0.1069655 0.1681696 0.1834343 0.1351854 0.111102 0.08884326 0.06082977 0.0749009 0.09144299 0.09321623 0.1010435 0.08163688 0.04669183 0.03532555 0.05484829 0.07158486 0.06139187
0.2664309 0.2482098 0.1962034 0.2483188 0.2057184 0.1772166 0.1837213 0.1639158 0.1324542 0.1283193 0.154746 0.1937171 0.2234386 0.3064104 0.3219081 0.2730284 0.2941169 0.3698576 0.2860644 0.3482208 0.1867478 0.1744276 0.1792175 0.1795291 0.2164211 0.2148502 0.2892294 0.2923511 0.2237697 0.2547397 0.1681569 0.1315385 0.1311705 0.1260458 0.07153205 0.10522 0.04582911 0.05472909 0.07857703 0.1624607 0.1598889 0.1467847 0.0971697 0.08096398 0.07034545 0.06884437 0.04860733 0.07812492 0.1082622 0.06686294 0.06277791 0.03494918 0.03184381 0.04870627 0.04768689 0.05377815
0.2327764 0.2161799 0.2357615 0.2229286 0.211018 0.2478203 0.2320184 0.1781918 0.1598083 0.1227892 0.1057119 0.1530189 0.164869 0.234141 0.247839 0.2463326 0.29335 0.3750173 0.38161 0.2545849 0.2419716 0.2800776 0.2290187 0.1775258 0.1790892 0.2240408 0.3185229 0.3737876 0.1547763 0.2179784 0.2947056 0.114919 0.08663097 0.0782809 0.1246444 0.1603105 0.1506381 0.1502082 0.1520626 0.1250673 0.1176172 0.1002259 0.07998906 0.06103928 0.06555384 0.04277727 0.04934435 0.06932595 0.05409444 0.05973036 0.05278917 0.02832457 0.02364083 0.03647379 0.03545048 0.01496355
0.2246705 0.206334 0.3022853 0.3222305 0.1867093 0.2035155 0.2634507 0.2082843 0.1586512 0.09309007 0.09170346 0.0912402 0.1229934 0.2151155 0.2465569 0.279753 0.3056597 0.3565169 0.3075032 0.3220741 0.3144572 0.3252333 0.2942616 0.190581 0.1918038 0.2335256 0.2560158 0.2562369 0.1895131 0.1851877 0.155839 0.1280045 0.1034276 0.0851751 0.1754656 0.1963577 0.1628967 0.1379823 0.123707 0.1185965 0.1238776 0.09503148 0.1118037 0.093549 0.05899502 0.0532568 0.07527298 0.05227617 0.03223833 0.02579295 0.01862429 0.04500495 0.05996999 0.07910967 0.05419591 0.00639529
0.1991017 0.1780249 0.2504892 0.2419278 0.2047303 0.1985805 0.2060208 0.2049168 0.1666841 0.09600125 0.08407538 0.09970354 0.1071077 0.2257089 0.2571407 0.2524394 0.3794005 0.3254547 0.2955733 0.421618 0.3509053 0.3287679 0.2994739 0.2444466 0.2313349 0.2926264 0.3344964 0.3844078 0.2407955 0.1423383 0.1076953 0.161026 0.1502108 0.09262613 0.1389142 0.1835512 0.1603621 0.1267715 0.1261128 0.1221303 0.1171257 0.10266 0.08295464 0.06863924 0.0603617 0.05895088 0.04260949 0.03259258 0.02709121 0.04293426 0.01746067 0.06966885 0.0775471 0.06549568 0.08489209 0.05888584
0.2251024 0.1643668 0.1898819 0.3945161 0.2275385 0.1689166 0.1807787 0.1675031 0.1164915 0.1022411 0.08660293 0.1363529 0.1186925 0.1712248 0.185734 0.1821674 0.2741491 0.2979498 0.3046497 0.3360899 0.3247886 0.2967048 0.3323426 0.3301617 0.3441713 0.2931017 0.347507 0.5337314 0.2913102 0.1705435 0.1138406 0.1543186 0.1230486 0.1592209 0.1540448 0.1735417 0.163095 0.120759 0.1285289 0.1456555 0.1127384 0.103909 0.08908147 0.09435856 0.1466306 0.1616345 0.1809619 0.07447258 0.02476359 0.02429332 0.04299832 0.04778893 0.08090284 0.02727446 0.07681357 0.07416187
0.2710733 0.2037084 0.1911951 0.1984732 0.1956652 0.1531771 0.1304433 0.1100885 0.1161881 0.1472475 0.1771177 0.1926034 0.1746461 0.1914026 0.1651457 0.1479938 0.1489158 0.1506488 0.185323 0.266725 0.3220565 0.2869649 0.2790456 0.2293365 0.2569785 0.2876367 0.2720235 0.3297434 0.2388793 0.2209774 0.246028 0.2402408 0.1491073 0.2078045 0.1085907 0.1570467 0.1327182 0.1187615 0.128755 0.1172158 0.1057548 0.1018404 0.1039483 0.0813008 0.1145779 0.1935594 0.1279472 0.09426337 0.06673881 0.05555555 0.06037655 0.07310557 0.03383429 0.01017594 0.04961027 0.08535831
0.2668393 0.2373847 0.2529624 0.2040225 0.1834175 0.1529994 0.1408245 0.1338126 0.1602393 0.2252865 0.2053599 0.161921 0.1440935 0.1616363 0.160096 0.1358101 0.0937717 0.1168262 0.1437871 0.2420188 0.2919818 0.2816668 0.2367005 0.2458028 0.2987314 0.3159807 0.3816777 0.3451584 0.3302441 0.325341 0.307344 0.2567919 0.2051029 0.2292272 0.09206173 0.1423242 0.1228292 0.1359874 0.1141373 0.1033661 0.101156 0.1075655 0.1033806 0.08108811 0.1389393 0.1755362 0.1141385 0.1282943 0.1382467 0.07995697 0.04238052 0.05540161 0.04706655 0.04289774 0.06772649 0.04636255
0.1864755 0.2051145 0.2043232 0.1996002 0.2034534 0.1756622 0.1586552 0.1989198 0.2018684 0.1993521 0.1543199 0.139909 0.136781 0.1245967 0.1582387 0.1502523 0.1209375 0.1159723 0.1219556 0.219149 0.2462563 0.2506047 0.273968 0.3467882 0.3252703 0.3217919 0.3833725 0.3857974 0.395186 0.3857822 0.3913533 0.395708 0.367226 0.2433166 0.1346294 0.1858012 0.1682034 0.1269552 0.1215364 0.1007359 0.09755156 0.09880436 0.1052498 0.14741 0.179749 0.2021502 0.1282207 0.1110329 0.06612583 0.04390681 0.0272903 0.0552019 0.06585134 0.06982774 0.1478357 0.06610366
0.1700413 0.1620094 0.1792772 0.2057009 0.2119929 0.1979569 0.1747316 0.2026503 0.1702595 0.1629551 0.1548185 0.1725025 0.1297975 0.1242755 0.1146589 0.1248212 0.1333156 0.2312831 0.1851792 0.2316981 0.3115062 0.3094584 0.3333592 0.3213323 0.359439 0.3399251 0.3442333 0.3703701 0.3723428 0.4326583 0.4209893 0.2725537 0.2769731 0.2371745 0.1751355 0.1835522 0.1488981 0.1391174 0.1376116 0.1228009 0.1118266 0.1074663 0.10008 0.1006517 0.1383375 0.1302056 0.0967116 0.07011145 0.06893346 0.03963006 0.03985588 0.09915273 0.0985366 0.08080514 0.1181763 0.06996948
