contrib/geomasonDemos/riftland/DataFiles/RainData/94.txt
ncols         56
nrows         54
xllcorner     28.264
yllcorner     -5.7719999999999
cellsize      0.25
NODATA_value  -9999
[rows 26 to 51 of 54, columns 0 to 55 of 56]
0.2463238 0.2236432 0.186328 0.1914918 0.2026331 0.1715771 0.1478051 0.1152125 0.08007485 0.06855674 0.0930748 0.136858 0.1186224 0.09797919 0.09428506 0.03990538 0.06893684 0.09219921 0.1065601 0.112056 0.1214574 0.2028759 0.2156775 0.2151348 0.1415604 0.1525754 0.1506284 0.1462266 0.1353631 0.1434988 0.115063 0.1006957 0.06481676 0.05457732 0.04801801 0.0613169 0.0644059 0.06503129 0.0594429 0.06428012 0.06075506 0.05637148 0.04875795 0.03986454 0.02779668 0.03721639 0.04128011 0.02092001 0.01543548 0.01469378 0.0149636 0.03219979 0.03923226 0.03114833 0.02697884 0.02248232
0.2464848 0.2289468 0.2255325 0.2135233 0.2288218 0.1981146 0.1292707 0.1497123 0.211823 0.1640268 0.2323464 0.2006963 0.1613869 0.1156932 0.09083649 0.07979565 0.1069788 0.1099353 0.1249349 0.1631703 0.1775345 0.2238667 0.1942183 0.1607031 0.1691812 0.142177 0.1433642 0.1381988 0.1263175 0.129179 0.1283506 0.108393 0.09945748 0.08684065 0.08978025 0.1024853 0.1111643 0.1141149 0.1063044 0.08403169 0.0827975 0.06847404 0.05694612 0.03296158 0.02931741 0.02868196 0.02348562 0.01892838 0.01566574 0.0147383 0.01435487 0.02594313 0.07180766 0.04889809 0.04976761 0.05492276
0.2821054 0.2525666 0.2362782 0.2903315 0.2676608 0.1659744 0.1288678 0.2070153 0.2340821 0.2855324 0.1886802 0.1412687 0.1519142 0.1480748 0.1056829 0.1267924 0.1120394 0.1053237 0.1210911 0.147397 0.165508 0.1795729 0.2353568 0.2140559 0.2046442 0.150024 0.1351387 0.140526 0.113038 0.121188 0.1330507 0.1179546 0.100038 0.08629966 0.08843688 0.1097932 0.1228836 0.1291625 0.1119053 0.08744696 0.08760756 0.09688514 0.06785681 0.03745639 0.02868556 0.02563177 0.04727288 0.01888 0.03786495 0.02441414 0.01380664 0.0196514 0.02733978 0.03223431 0.03938034 0.03759387
0.2918552 0.3451204 0.3271731 0.3510013 0.2659639 0.1550333 0.1663654 0.1838975 0.166383 0.2284391 0.1789144 0.1467245 0.1764033 0.1575968 0.0992941 0.1276091 0.1097431 0.1043549 0.08160489 0.06673401 0.07766458 0.06354667 0.1152323 0.1922659 0.1918222 0.1771919 0.211192 0.2004308 0.1263575 0.1171172 0.124809 0.1160655 0.09121188 0.1211123 0.1294535 0.107417 0.1190712 0.1360374 0.1243983 0.08813631 0.08334695 0.0768734 0.07072116 0.03679759 0.02427102 0.02258913 0.03583575 0.0189584 0.01534021 0.02131278 0.01359729 0.01575016 0.02328007 0.03377884 0.02794279 0.03086715
0.3032645 0.3772105 0.3284166 0.4070537 0.260729 0.2166018 0.1683393 0.1355687 0.1721573 0.1783577 0.1388292 0.1433493 0.1554254 0.1440392 0.0825892 0.08980985 0.05395909 0.03890395 0.04362927 0.08635654 0.100633 0.1027357 0.0755043 0.1008737 0.1500474 0.1911291 0.2134921 0.197714 0.1522075 0.1021757 0.1258068 0.1314963 0.08273258 0.08888692 0.1196206 0.1285022 0.1670403 0.1555266 0.1315765 0.08333997 0.07671197 0.0712358 0.05725143 0.0307745 0.02320516 0.01938524 0.03022263 0.03071509 0.026341 0.01829829 0.01729606 0.01718921 0.02768806 0.03918571 0.08199384 0.06457613
0.4029257 0.378144 0.2818723 0.3375421 0.2143221 0.2047985 0.1281968 0.1388246 0.1651627 0.1335973 0.08148813 0.1294272 0.1121086 0.08440215 0.04815196 0.06982092 0.04610438 0.05032077 0.1148079 0.1303552 0.1155472 0.1047563 0.1498679 0.150903 0.08425892 0.1428006 0.2373856 0.169504 0.1519348 0.07913335 0.09611785 0.1172439 0.09778851 0.1050838 0.1088098 0.1618836 0.2182141 0.1926913 0.1672707 0.08225661 0.07594912 0.06843498 0.05622577 0.02341059 0.01956112 0.01717122 0.03738395 0.09323832 0.05932501 0.03728483 0.01397549 0.01653428 0.03695771 0.06793297 0.06502513 0.04451753
0.4370623 0.4122998 0.1708449 0.2210638 0.1243652 0.1227438 0.1214242 0.2957411 0.1950348 0.1394653 0.1302543 0.1535862 0.07185758 0.08160335 0.04644826 0.06384477 0.08252035 0.08797946 0.1075521 0.08695804 0.08757919 0.05244755 0.07327528 0.08913562 0.09505263 0.1054264 0.1597291 0.1860625 0.1852372 0.1035585 0.08260861 0.09749316 0.128807 0.1354257 0.09349032 0.1271246 0.1514519 0.171674 0.140678 0.07616282 0.07365582 0.06654845 0.05438586 0.02245922 0.01863425 0.01621672 0.01580392 0.02194884 0.03480059 0.03885698 0.02287048 0.03423742 0.04934725 0.02767205 0.008912764 0.01730241
0.3421909 0.2112321 0.1495493 0.118472 0.09444468 0.1367723 0.1357099 0.2563857 0.1120549 0.09160052 0.1069962 0.09954611 0.07752226 0.06575457 0.05019419 0.05046303 0.08208247 0.1253575 0.1374783 0.1430316 0.1286212 0.06378378 0.05561535 0.0729724 0.1238108 0.1321111 0.1495011 0.1692346 0.1973977 0.1544552 0.0943954 0.08279184 0.0986096 0.08384992 0.09309729 0.1319184 0.1372645 0.1319984 0.1184101 0.07213324 0.06808947 0.06183961 0.05080608 0.02148856 0.01801882 0.01599386 0.01553402 0.01668814 0.02287642 0.01575908 0.01859294 0.02199294 0.01543979 0.02867769 0.01019823 0.00671867
0.260826 0.2883376 0.1299907 0.1536048 0.1985004 0.2169539 0.1433378 0.1723706 0.1377466 0.1020782 0.06647894 0.08286504 0.09761486 0.09045048 0.06410444 0.08294068 0.1428887 0.1886593 0.1683756 0.161811 0.1433137 0.08147555 0.06058265 0.1318236 0.1725799 0.1848418 0.1625307 0.1159027 0.09064513 0.09741694 0.083165 0.06440001 0.09415276 0.05639953 0.06914327 0.1030063 0.1119159 0.1002295 0.09695705 0.05987424 0.05859091 0.05392965 0.04515213 0.02040879 0.01763672 0.01582862 0.01565148 0.01746501 0.01686572 0.01711339 0.01667004 0.01851457 0.02618022 0.02111938 0.01158847 0.008149382
0.3900819 0.4444204 0.2158748 0.2576081 0.3042827 0.2532342 0.1919036 0.2121254 0.1963177 0.1587999 0.1362281 0.1248752 0.1258585 0.07318615 0.107554 0.1281034 0.1922152 0.2165908 0.1931613 0.1464802 0.114939 0.1010195 0.07999671 0.1813375 0.2162499 0.2180255 0.1776681 0.1256354 0.1117367 0.03145402 0.02604908 0.04548836 0.03520298 0.03231108 0.04661176 0.06638043 0.06989001 0.07772149 0.04817843 0.04205739 0.04255718 0.04038798 0.03507302 0.02302345 0.02119202 0.01988678 0.0351069 0.01949955 0.0193949 0.01986095 0.02835989 0.01936617 0.02203295 0.01655268 0.01443247 0.009427088
0.3582277 0.2928272 0.1531733 0.2617178 0.2354585 0.1885401 0.1689636 0.2156522 0.2110477 0.1860512 0.1834993 0.134259 0.1730173 0.1001016 0.1053791 0.1546314 0.1703033 0.2647417 0.1930211 0.1350089 0.1217529 0.08841824 0.08800846 0.1409954 0.1794784 0.1872847 0.1908835 0.1721892 0.09497999 0.03403307 0.02996717 0.04280739 0.04040143 0.04266716 0.05318831 0.0475712 0.0442638 0.04150553 0.03626732 0.03424377 0.03730118 0.0329262 0.0293728 0.02101238 0.0199941 0.0438821 0.06396626 0.04661706 0.02063445 0.03276835 0.02955292 0.02091889 0.02288011 0.01822613 0.01576308 0.01038184
0.3465499 0.1999799 0.1005041 0.1458208 0.1598194 0.1689244 0.1675884 0.2022524 0.1867166 0.1585506 0.1536071 0.1361208 0.1334361 0.1267633 0.1733298 0.1955266 0.2122161 0.1868207 0.1602768 0.1446786 0.1192611 0.100917 0.1331658 0.1454526 0.1770433 0.178942 0.1788762 0.09417982 0.04176179 0.03419663 0.05027436 0.03789973 0.01737661 0.03023865 0.02456521 0.02714752 0.03997636 0.03472233 0.02711469 0.02514943 0.02694539 0.02722509 0.0251919 0.01911161 0.03737449 0.05715252 0.07128274 0.06262579 0.02118656 0.02169576 0.02155036 0.0222797 0.02268454 0.01818329 0.01635434 0.002999039
0.4057623 0.27854 0.1337615 0.1746062 0.1566753 0.1447135 0.1677742 0.23747 0.1763024 0.1541263 0.1250956 0.1066253 0.0971932 0.1268345 0.1818814 0.1791567 0.193701 0.1823172 0.1262513 0.08719236 0.0769695 0.06015213 0.07836042 0.1415144 0.2020545 0.1954218 0.1592366 0.04771728 0.03807902 0.05132816 0.04671036 0.02061197 0.01363621 0.01964449 0.02581435 0.05251192 0.03224487 0.02370818 0.02415152 0.0259894 0.02242741 0.02348828 0.03051122 0.0174664 0.03155261 0.01745201 0.03813838 0.0302811 0.03966738 0.03169876 0.02590146 0.02157576 0.02731641 0.01898126 0.00830032 0.003220845
0.461045 0.2900214 0.1512991 0.2201135 0.1886459 0.1576373 0.1754925 0.2184991 0.1763742 0.1481482 0.1349282 0.1117775 0.1046447 0.1178152 0.2201043 0.2535597 0.2372961 0.2432532 0.1944595 0.1201768 0.08418969 0.06284665 0.04135855 0.1174001 0.1055697 0.1480692 0.07307008 0.0136949 0.02663374 0.03801278 0.02184154 0.01436289 0.03996182 0.046641 0.03932385 0.03807893 0.03014037 0.02029416 0.01590941 0.01549028 0.01836609 0.01875965 0.02008824 0.02662316 0.01915521 0.0252352 0.03196727 0.03043486 0.02664835 0.0368839 0.02634436 0.02529959 0.02163701 0.01109461 0.01020966 0.005823873
0.5086097 0.2855784 0.1701153 0.2051361 0.1912017 0.1647716 0.1661689 0.1939963 0.1878701 0.162082 0.1530268 0.0993555 0.1078489 0.1410935 0.2034299 0.1848899 0.1909067 0.1717959 0.1292768 0.08272132 0.04285561 0.03964387 0.03552241 0.05786178 0.1274621 0.05630734 0.01786769 0.038597 0.06816735 0.01633952 0.01359421 0.01191038 0.03516858 0.06454385 0.07654857 0.0385806 0.02107861 0.0163003 0.01370468 0.01407172 0.01629861 0.01618511 0.01951201 0.02130696 0.01979251 0.0256097 0.03566799 0.03205353 0.02399375 0.02404701 0.02287834 0.02278981 0.009600225 0.01112645 0.01210495 0.01747286
0.4506131 0.2515667 0.1217976 0.1723565 0.168474 0.1510061 0.1600301 0.2336987 0.22891 0.1740433 0.1732803 0.1354424 0.09529776 0.1118395 0.1510531 0.1321745 0.1440142 0.1655361 0.1260617 0.06130338 0.04905666 0.04393221 0.03352816 0.06990574 0.06677273 0.0675287 0.05399586 0.05879554 0.03974826 0.007491638 0.01015778 0.03685994 0.04031548 0.02771566 0.03411758 0.01887112 0.009794855 0.01364742 0.02228107 0.009932013 0.01144045 0.01808801 0.03687321 0.03692103 0.0232726 0.02160641 0.03126677 0.02457788 0.02419182 0.02404247 0.02348607 0.01127543 0.0100904 0.01027838 0.01140611 0.01369559
0.3344373 0.1520721 0.08473556 0.1344893 0.1471107 0.1509152 0.1548036 0.2050356 0.2065632 0.169162 0.1966364 0.1302146 0.07483177 0.1155156 0.1978629 0.1730675 0.1149837 0.1287625 0.1014699 0.07638641 0.07339005 0.04359644 0.03803713 0.0879496 0.06613699 0.06960465 0.06021374 0.07259613 0.05196121 0.02826959 0.02389599 0.04467395 0.08087533 0.03391211 0.007877729 0.04064847 0.04181868 0.03918809 0.02720014 0.02113942 0.01131565 0.01777484 0.01950766 0.0350366 0.03333947 0.03160261 0.03719338 0.0246417 0.02475034 0.02693386 0.0299674 0.01716966 0.01467834 0.01074426 0.0100645 0.00936636
0.3559815 0.1494756 0.05561924 0.0589476 0.05386597 0.0839103 0.07534069 0.09431695 0.1132297 0.1404774 0.1656542 0.1120417 0.06296895 0.07641574 0.1348716 0.1192473 0.104147 0.06915037 0.04600542 0.02645026 0.03775259 0.03853976 0.01772565 0.04651839 0.04172579 0.05992785 0.06309943 0.05867869 0.07306316 0.1003753 0.05339802 0.01059623 0.02772215 0.03748247 0.01168406 0.0593471 0.1344773 0.06363046 0.04637324 0.04795754 0.02544039 0.02923267 0.01750056 0.02422645 0.03254191 0.03061803 0.03128276 0.02524807 0.02608753 0.0296228 0.01305509 0.01605067 0.01473832 0.009926002 0.005985207 0.006129032
0.3848866 0.1884576 0.05903519 0.04726396 0.04607194 0.07423054 0.05806994 0.06705298 0.08708599 0.1154272 0.0924345 0.1062586 0.07864023 0.1150468 0.06768787 0.05396975 0.05441558 0.04736678 0.03539003 0.04883482 0.04480371 0.0227568 0.0141813 0.02316897 0.03479795 0.02246915 0.04876089 0.02561421 0.03300544 0.05064106 0.03065701 0.04665515 0.0333856 0.04789318 0.06028787 0.04537281 0.03294205 0.01267517 0.03045854 0.05942526 0.04455741 0.04663266 0.01682712 0.02549631 0.02917371 0.02984349 0.03074674 0.02668837 0.03369988 0.02271808 0.02390823 0.01920944 0.01319911 0.01715091 0.008915598 0.02899193
0.3529619 0.1735833 0.06460732 0.03617005 0.05346029 0.05420727 0.06586348 0.07595952 0.07413872 0.07824375 0.07265481 0.06148224 0.05952476 0.06164712 0.02894404 0.02954798 0.03183524 0.04004917 0.0443708 0.0416532 0.03103784 0.02348495 0.01046372 0.02296999 0.01204284 0.01315939 0.02378104 0.01519809 0.05203022 0.04045577 0.028141 0.03741594 0.01946856 0.009353868 0.07589409 0.04794883 0.04050633 0.01030771 0.02594874 0.04683859 0.02892638 0.02448465 0.02252333 0.02654962 0.02956771 0.03100705 0.03173625 0.03195963 0.04938477 0.03837107 0.02253625 0.01639874 0.03094047 0.01809506 0.02259422 0.02266129
0.187914 0.08947922 0.06616313 0.03581074 0.04932231 0.05040022 0.04373156 0.05311496 0.0644456 0.06185552 0.04999555 0.04845513 0.04057812 0.04378659 0.04593324 0.02969228 0.02836351 0.0337889 0.02903831 0.01613336 0.03482404 0.03533387 0.03091736 0.01055396 0.01060551 0.03557772 0.04668284 0.01539195 0.03353138 0.009446351 0.006803203 0.05272652 0.07219307 0.01364542 0.05163996 0.01970252 0.01367357 0.02114298 0.01378495 0.03217424 0.02661009 0.03006051 0.03428164 0.03677817 0.03129932 0.03478973 0.03343797 0.03749587 0.02702583 0.03947174 0.03353705 0.01610835 0.0219484 0.01864216 0.02759649 0.01721774
0.1392273 0.08845526 0.07165794 0.04203677 0.0572614 0.05957619 0.0541672 0.07727017 0.06003771 0.0520575 0.04753676 0.03326362 0.03085258 0.04139183 0.04633589 0.03097181 0.01576699 0.01303256 0.0110915 0.01287993 0.01311774 0.02477395 0.01798913 0.007141531 0.01887306 0.0134039 0.02683594 0.01871149 0.009951727 0.03003342 0.01070786 0.02371506 0.05249153 0.05323964 0.05534483 0.02043198 0.01393626 0.03022369 0.03379777 0.01279619 0.0190466 0.02469542 0.03026863 0.04066403 0.03263509 0.02908688 0.03386514 0.02268091 0.03175842 0.04719166 0.03937437 0.02229839 0.0153629 0.01197581 0.01463709 0.01318548
0.1122276 0.09113297 0.06592827 0.04842703 0.04753699 0.02978549 0.04760723 0.07139467 0.06621351 0.04162662 0.03832523 0.03056826 0.03733769 0.03370243 0.04539709 0.03718827 0.02984978 0.01556703 0.01040178 0.00813413 0.01116643 0.009920597 0.008774806 0.01527797 0.01588225 0.01069395 0.007876642 0.01696684 0.03332205 0.03454225 0.02132525 0.02395863 0.033551 0.0225924 0.008057612 0.01448135 0.01779114 0.006767671 0.01439491 0.01498797 0.02038984 0.02309042 0.02555669 0.03451085 0.03894605 0.0330529 0.03041708 0.02570867 0.03630327 0.04057565 0.04317542 0.02560484 0.01818548 0.01366935 0.01209677 0.01362903
0.1167073 0.09886072 0.09384732 0.06261509 0.05399688 0.0305302 0.02229727 0.03311732 0.03894467 0.02730548 0.02904237 0.01922197 0.02477926 0.02089242 0.02902473 0.02807183 0.01628672 0.01629608 0.009976852 0.01239281 0.01157719 0.01795985 0.02238017 0.01485025 0.005086577 0.02700577 0.03654241 0.00833155 0.05604673 0.07351702 0.07114542 0.07596071 0.06499667 0.04327775 0.01362158 0.00890974 0.008639956 0.007778793 0.01272792 0.02414349 0.07355044 0.04011074 0.06554911 0.03502715 0.03921077 0.0370204 0.03299524 0.0224858 0.04337369 0.05068926 0.04472776 0.03737903 0.02822581 0.03318548 0.02104839 0.03625
0.1426576 0.1168034 0.1410261 0.09409768 0.05531862 0.01816462 0.0163863 0.03092163 0.02854502 0.02677649 0.01934029 0.02107157 0.04074028 0.0381638 0.02170781 0.01193229 0.01313227 0.008885434 0.01223182 0.01677914 0.01777655 0.04433389 0.05940424 0.07075786 0.04122521 0.02685885 0.005914233 0.008724398 0.0368004 0.1011777 0.1044316 0.1196613 0.1154877 0.0883486 0.01110966 0.01542324 0.01597639 0.01226813 0.009396303 0.01694566 0.02113456 0.04278935 0.05552597 0.02999599 0.04218217 0.05013441 0.02124657 0.02453196 0.04445348 0.05311457 0.06187409 0.05423387 0.06919355 0.09056451 0.04020162 0.05447581
0.1992086 0.1033428 0.102641 0.0658005 0.0651964 0.04618658 0.01899501 0.04555198 0.04854618 0.05237095 0.03301913 0.02698461 0.01694094 0.01662647 0.01236701 0.02188054 0.01519263 0.01071598 0.0186539 0.02333036 0.02682333 0.03072415 0.04202399 0.03943295 0.02628018 0.01241886 0.01363487 0.01883095 0.02264373 0.03157734 0.02759765 0.06942626 0.0977905 0.1173174 0.06856368 0.02359104 0.005862013 0.02899779 0.03584482 0.03093784 0.07429318 0.09238181 0.08010139 0.02576686 0.02907733 0.02854762 0.01834194 0.01376721 0.04323668 0.05450879 0.05682736 0.03665323 0.02782258 0.07008065 0.08528225 0.08762097
