contrib/geomasonDemos/riftland/DataFiles/RainData/94.txt
ncols         56
nrows         54
xllcorner     28.264
yllcorner     -5.7719999999999
cellsize      0.25
NODATA_value  -9999
[rows 0 to 25 of 54, columns 0 to 55 of 56]
0.02277453 0.06247386 0.0205444 0.01360841 0.005891567 0.008239423 0.02537451 0.02782935 0.0248411 0.01680433 0.02398603 0.03114318 0.02683276 0.02613476 0.02210659 0.02264477 0.03852611 0.04586027 0.03978542 0.03548901 0.02441076 0.02597307 0.02785582 0.03236063 0.03241079 0.02880188 0.03634872 0.0452742 0.02796775 0.02204684 0.02432752 0.02561209 0.02595308 0.03222383 0.04656039 0.01322821 0.01433582 0.02123 0.01514593 0.02014267 0.01081907 0.003423156 0.01547596 0.02359117 0.02603603 0.01556122 0.006875206 0.02369251 0.02376841 0.02831022 0.03584798 0.0258384 0.01588196 0.03547673 0.0358571 0.02210178
0.02213676 0.03453256 0.05403667 0.01774449 0.006000515 0.01205179 0.02215523 0.02023532 0.02398135 0.0222383 0.02766246 0.02847409 0.0349159 0.03436955 0.02463565 0.03066059 0.0427103 0.0418939 0.04359156 0.03737623 0.0261781 0.02655973 0.02465477 0.03406294 0.04348354 0.03721426 0.03308692 0.04775807 0.03765848 0.03246995 0.02232534 0.03606158 0.03747848 0.03510085 0.045452 0.0288524 0.02932734 0.02653989 0.03427744 0.01742863 0.006680383 0.006975746 0.01400983 0.01622403 0.008975754 0.01629098 0.006844656 0.02542957 0.03479604 0.03512039 0.03555529 0.03164898 0.03128475 0.02127521 0.01801083 0.01664775
0.03853476 0.03236982 0.02061063 0.0222871 0.01697787 0.01405708 0.02275995 0.01970923 0.03030963 0.03796266 0.02818767 0.02736079 0.03441177 0.04200109 0.03008395 0.039244 0.04241018 0.04136487 0.04035912 0.03615622 0.02727325 0.02492737 0.03134214 0.04930186 0.04187397 0.03306202 0.03436123 0.03876451 0.04041259 0.03655057 0.03427551 0.04313332 0.06464512 0.06714699 0.06054425 0.05206526 0.02812335 0.02410607 0.0326639 0.02781915 0.02540594 0.01198814 0.01728741 0.01333977 0.01095322 0.01111963 0.01356069 0.02299361 0.04320084 0.04939103 0.03184904 0.0380493 0.03170604 0.0006120333 0.004561416 0.008191618
0.07984277 0.03234853 0.01888151 0.02515226 0.02792211 0.01988169 0.02358047 0.0236416 0.01788545 0.03315759 0.0318849 0.0215584 0.0289615 0.03603213 0.03852808 0.04499207 0.04995035 0.05575898 0.04875261 0.03425787 0.02462319 0.02175847 0.03315555 0.04367535 0.03628383 0.02819445 0.03491513 0.03321044 0.02810556 0.03224425 0.03512674 0.06446367 0.08002517 0.08798011 0.08223667 0.0854657 0.06208819 0.03915605 0.04029512 0.05317796 0.04565876 0.06131307 0.04869071 0.05165726 0.04396116 0.03219652 0.03590672 0.06897943 0.0790507 0.09399134 0.07478695 0.07820214 0.04980538 0.01452968 0.007779544 0.007225269
0.03398092 0.0219927 0.02683581 0.02248095 0.02160521 0.0176181 0.01748558 0.0197176 0.02588651 0.03685833 0.04323429 0.02788577 0.02415718 0.03376967 0.04791038 0.05413083 0.05921233 0.05874831 0.04892285 0.02864566 0.0223848 0.02451921 0.02872008 0.02588382 0.02525716 0.03580965 0.03283235 0.02753983 0.02044811 0.02629156 0.03502251 0.06695115 0.09728128 0.07682561 0.08270687 0.07683631 0.05652464 0.03213291 0.02691486 0.05432135 0.07826958 0.09191494 0.07384222 0.07192406 0.06271111 0.0636274 0.07283659 0.0622554 0.09122925 0.06968082 0.04079991 0.0563519 0.05224549 0.01423326 0.0102935 0.007214937
0.03182933 0.01731292 0.03519731 0.02220302 0.02000328 0.02176533 0.03433564 0.02396446 0.02272424 0.02768675 0.04698249 0.02897086 0.0314397 0.02884233 0.04009939 0.04711296 0.05406005 0.05349253 0.04032003 0.02354883 0.02470159 0.02391127 0.02017121 0.0228392 0.02796808 0.0351825 0.02500752 0.01576515 0.01513085 0.02448495 0.0260953 0.05269832 0.07886504 0.06001097 0.06220284 0.05620455 0.04415154 0.03202203 0.02678209 0.08039368 0.1061347 0.08495411 0.07724202 0.07692269 0.0684186 0.07924951 0.06981143 0.04476224 0.05878038 0.03927975 0.06768959 0.07118417 0.06714225 0.03845254 0.01202422 0.010464
0.03872738 0.03179367 0.03254183 0.02231031 0.01549412 0.01592273 0.02146142 0.01932974 0.02106595 0.0343277 0.04615379 0.03767268 0.03505778 0.02590377 0.03948878 0.04107221 0.05239866 0.05420311 0.03524012 0.02403292 0.01989804 0.01795336 0.01779955 0.01937553 0.02621718 0.02484123 0.01931579 0.00960085 0.009393893 0.02300312 0.02247668 0.03780829 0.03613063 0.04636349 0.05177495 0.0616013 0.05831338 0.03118655 0.03494788 0.1065959 0.1116983 0.0861453 0.1001967 0.09839442 0.1157489 0.1281883 0.07336064 0.0531299 0.05300828 0.0640671 0.0850905 0.07063822 0.05433283 0.05301854 0.04397443 0.01115413
0.05770968 0.03523387 0.02574194 0.02056452 0.02046774 0.02950807 0.02384678 0.01684677 0.01946774 0.03670161 0.05299193 0.03866129 0.03329838 0.02462097 0.03918548 0.04494887 0.04737397 0.0479584 0.03049176 0.02672915 0.01943214 0.01702905 0.0170781 0.0163775 0.02063586 0.02191561 0.01208831 0.01619836 0.01793489 0.02782832 0.01884208 0.0364772 0.04572748 0.07124718 0.05932624 0.06447055 0.04774246 0.05063891 0.06023776 0.07570097 0.09895892 0.106276 0.1128364 0.1138996 0.111577 0.09638408 0.08086032 0.07582828 0.05264504 0.05823779 0.06764092 0.07797686 0.0779659 0.0484872 0.06622908 0.05238505
0.06787097 0.0388629 0.0272258 0.0257742 0.02376613 0.04302419 0.03308064 0.0247742 0.03008871 0.034 0.0361371 0.0373871 0.02849193 0.023 0.03508065 0.04163155 0.04303039 0.04264973 0.02980416 0.02467052 0.02067853 0.02039086 0.01605064 0.01366837 0.009831827 0.01323438 0.0123683 0.01329061 0.02526578 0.02151885 0.03015902 0.04521783 0.08849866 0.07398198 0.0436356 0.05681713 0.03657994 0.0438934 0.06236644 0.05358429 0.07513048 0.09685348 0.1052485 0.131216 0.08056568 0.0474999 0.05107368 0.07491194 0.05200892 0.04873695 0.04094064 0.03948759 0.06556219 0.0570934 0.08939093 0.07580391
0.0294113 0.02933064 0.03605644 0.03575806 0.0211371 0.03408064 0.03740322 0.02299193 0.02365323 0.0293629 0.0461334 0.04324963 0.02187319 0.0160171 0.0254707 0.04284818 0.03823385 0.04119051 0.02383044 0.03117331 0.0260618 0.02153216 0.01921755 0.01336229 0.01613055 0.01221939 0.006242674 0.01203602 0.02115545 0.01836826 0.02176772 0.04866597 0.0703287 0.05157114 0.04768812 0.07383603 0.04244614 0.06148327 0.06735516 0.07467492 0.06979097 0.07267086 0.07790336 0.1222149 0.09064303 0.09036443 0.06751915 0.07816875 0.05153029 0.04259733 0.06790622 0.0678186 0.04738171 0.05599562 0.03907271 0.01723418
0.04398634 0.04973143 0.04257335 0.04303427 0.03178535 0.02525402 0.02675788 0.02186878 0.03863855 0.04501591 0.0442334 0.05155734 0.04109747 0.0239274 0.03060442 0.04493108 0.04131789 0.04052313 0.02634774 0.03773303 0.0321776 0.03078084 0.02029808 0.01599725 0.01213996 0.007802807 0.006159963 0.009149238 0.01158398 0.0287753 0.03890095 0.04617484 0.06221524 0.03535877 0.05638929 0.06997499 0.06517385 0.06859824 0.05646326 0.08621082 0.101015 0.09635875 0.08743191 0.1185904 0.078881 0.07376268 0.0795783 0.080254 0.0554083 0.0365621 0.08511508 0.06681579 0.03387145 0.01583764 0.01258178 0.03462244
0.07896935 0.06466712 0.04952991 0.05541257 0.06360899 0.04191745 0.03094327 0.01777246 0.04510958 0.05708711 0.07122915 0.07634056 0.05821777 0.04637007 0.04441646 0.03986413 0.04644081 0.05195247 0.04602206 0.0446685 0.04262315 0.04551774 0.01881014 0.009452291 0.01701177 0.01438642 0.007598166 0.01383358 0.01938245 0.0195507 0.0563199 0.04810672 0.04270195 0.04333387 0.04698278 0.07818234 0.1060781 0.075037 0.05559681 0.08096093 0.07948948 0.08668242 0.08639245 0.06989393 0.04958438 0.08220661 0.06613971 0.04075642 0.04122448 0.03651393 0.0578743 0.05689446 0.009897796 0.007354851 0.005817394 0.0009814689
0.09175722 0.05517376 0.05789667 0.0730982 0.07571437 0.06222497 0.04236206 0.04307357 0.04871725 0.06309467 0.07398863 0.06892329 0.06148976 0.05503905 0.07096266 0.06438672 0.05712368 0.05686263 0.05281028 0.04940193 0.04331869 0.02471057 0.01410482 0.01349269 0.01627518 0.01161612 0.01151512 0.01365529 0.00811633 0.008712052 0.02338329 0.02691804 0.04366243 0.03590117 0.01965681 0.07863991 0.09484849 0.077478 0.07453102 0.06267925 0.06376912 0.06906454 0.05575109 0.04841898 0.053154 0.06614935 0.06462715 0.0681144 0.0465652 0.02276661 0.03037026 0.02090342 0.01360921 0.009227899 0.001997801 0.0009758476
0.112247 0.07302303 0.07849359 0.1032586 0.07788449 0.0813345 0.07348124 0.06731154 0.06684377 0.06125863 0.06559749 0.05674082 0.07763633 0.1030435 0.06650541 0.05722083 0.04715412 0.04813557 0.05622726 0.05682505 0.04369707 0.02837575 0.01556315 0.01079974 0.01114929 0.009661394 0.007080459 0.009904304 0.002975249 0.006998694 0.00575089 0.02286661 0.02184538 0.008256283 0.01476541 0.04664636 0.082213 0.07046275 0.04758931 0.06105469 0.05106004 0.04360292 0.04068084 0.04773842 0.04607195 0.05146344 0.03108046 0.04293945 0.02335826 0.02100801 0.01834448 0.01970575 0.009623296 0.01131456 0.0009662191 0.000944425
0.1431579 0.1153727 0.1162597 0.114586 0.1072936 0.1154302 0.152294 0.116856 0.07472502 0.06854128 0.06611004 0.081873 0.08359168 0.07863337 0.08349841 0.07469354 0.08014986 0.08061016 0.05642776 0.03992886 0.04342414 0.01880182 0.009254755 0.006595693 0.004954679 0.003199431 0.003107227 0.004068843 0.0017959 0.004111079 0.001945773 0.007626741 0.00964593 0.00418453 0.005418751 0.007016007 0.01249408 0.01398574 0.01565385 0.04106851 0.03809499 0.03434385 0.02884939 0.06320003 0.03374356 0.02603757 0.01773502 0.02851606 0.04195739 0.03758786 0.01193654 0.002558338 0.001570258 0.0009655798 0.0009065276 0.0008869088
0.1453746 0.1422326 0.1410909 0.114336 0.1129775 0.09264252 0.1196048 0.1129883 0.1252463 0.1117462 0.1235615 0.122119 0.08505671 0.08447124 0.08738337 0.09584516 0.100844 0.08648386 0.04693987 0.03007679 0.03926374 0.02410064 0.01387028 0.009853386 0.005628297 0.002735825 0.001652226 0.004863975 0.001534897 0.002196514 0.002169082 0.007731867 0.007164258 0.008792095 0.01145699 0.008478081 0.009954087 0.01113144 0.01166641 0.02735228 0.03166192 0.03743619 0.02031626 0.01200003 0.0250487 0.01982184 0.02507224 0.03770631 0.04552487 0.01800403 0.01967807 0.003710293 0.001351837 0.001151939 0.002109206 0.0008197601
0.1365734 0.1185954 0.1376373 0.1139457 0.09463274 0.09840526 0.1192267 0.1055028 0.1762971 0.1589758 0.1377607 0.09906863 0.08890674 0.08323136 0.099673 0.09281184 0.08933931 0.07488947 0.05099761 0.04079495 0.05126611 0.03214657 0.01677511 0.005930547 0.005640826 0.002790316 0.002001006 0.002367589 0.001603878 0.002683657 0.00369336 0.01288829 0.007057109 0.00919689 0.01203758 0.008953082 0.01064402 0.01162799 0.0122702 0.0141831 0.01264324 0.02391893 0.02517208 0.009112862 0.004855146 0.007639154 0.005971278 0.009918962 0.01616985 0.01922176 0.01606997 0.009894705 0.001864702 0.00115284 0.002755831 0.002997419
0.152419 0.1181981 0.1130952 0.1268744 0.1318096 0.1533167 0.1765687 0.1391015 0.1677951 0.1627932 0.1309104 0.1268035 0.1238774 0.1440624 0.1603061 0.1316698 0.1103935 0.127772 0.0507331 0.05225947 0.06179733 0.04581517 0.01868771 0.01307086 0.01805651 0.01136527 0.003554034 0.002404052 0.002809212 0.003094723 0.003869592 0.01619426 0.01411365 0.01188701 0.01301994 0.009577838 0.01135604 0.01237059 0.0189896 0.02227824 0.01967722 0.02547501 0.01554781 0.005440614 0.006638082 0.003946442 0.003492979 0.01026504 0.01001671 0.009750877 0.01309217 0.003562903 0.001086602 0.001148316 0.009178995 0.004990854
0.1495001 0.1475181 0.1457432 0.1374039 0.1255452 0.1511589 0.2014892 0.1540573 0.1629615 0.1321915 0.1322736 0.1309439 0.1635192 0.2516963 0.2311829 0.2373232 0.1390068 0.1293088 0.07510571 0.05086667 0.06692945 0.07658158 0.03838999 0.03792481 0.03697546 0.03735192 0.01526449 0.004526957 0.003389222 0.003135777 0.004387258 0.01433678 0.02935009 0.01442535 0.01559962 0.0120239 0.01217618 0.01309888 0.01444667 0.03271922 0.03933476 0.04004429 0.01864653 0.004998241 0.01356391 0.004205103 0.003262651 0.0182774 0.01231815 0.009661673 0.008570639 0.01437402 0.008746299 0.01618704 0.03118322 0.02447695
0.1691383 0.1981658 0.1847217 0.161508 0.1720063 0.1596831 0.1915929 0.141469 0.109402 0.1047859 0.1249297 0.1226851 0.1546574 0.2235522 0.2138323 0.2011686 0.1545903 0.1182699 0.08922116 0.1032863 0.07407982 0.07010452 0.05682025 0.0457248 0.02193819 0.01521484 0.007846588 0.01264731 0.0113171 0.01058071 0.01047631 0.01264793 0.01971554 0.02051529 0.02151247 0.03008504 0.03349531 0.0341167 0.0340487 0.03386303 0.0402042 0.04450451 0.03750529 0.0185596 0.02230825 0.01434186 0.01164984 0.01673965 0.01459732 0.01312846 0.01249886 0.01309028 0.008740455 0.01862608 0.03867549 0.04555675
0.2077221 0.1861227 0.1618351 0.1559488 0.1867852 0.1424424 0.1518435 0.1868958 0.1502789 0.113083 0.1178241 0.1446732 0.1500795 0.2100395 0.2443499 0.1678363 0.1283987 0.1095387 0.1007543 0.1286156 0.1198487 0.1087817 0.05573042 0.0336322 0.01879664 0.02847791 0.01730713 0.01417004 0.01340929 0.01423689 0.0163233 0.02192842 0.02150933 0.02450442 0.02175954 0.0322157 0.03686217 0.03670904 0.03547799 0.03508002 0.03446215 0.03247106 0.02786584 0.0275918 0.01814071 0.01669307 0.01214551 0.009030825 0.008322253 0.009873457 0.01235093 0.007577634 0.01679364 0.04255674 0.05425853 0.06050342
0.2650925 0.3073537 0.2563522 0.209592 0.1244827 0.1860078 0.2205481 0.3049236 0.2476808 0.09991524 0.08778241 0.1445812 0.1648941 0.2100956 0.1796054 0.1411755 0.1363483 0.1151113 0.1386845 0.1304705 0.1230234 0.1289449 0.07442182 0.07096216 0.05139702 0.02827524 0.02343828 0.04009717 0.04123436 0.03176991 0.02451776 0.02896079 0.02611265 0.04033542 0.02883948 0.03595054 0.03860109 0.04295401 0.0448376 0.04675011 0.03594334 0.03458121 0.03100805 0.02218592 0.01865942 0.01791468 0.0155535 0.010746 0.00702624 0.005538554 0.005376086 0.009509514 0.01462929 0.03532038 0.03512907 0.05968292
0.3693748 0.2741779 0.2140931 0.1813346 0.1532414 0.2351516 0.2165104 0.223121 0.18287 0.08651415 0.06824715 0.09772798 0.1007475 0.1020573 0.1302083 0.09710535 0.09344012 0.08331709 0.1199029 0.1940301 0.1719053 0.1489361 0.109565 0.1050835 0.06562544 0.05045746 0.02380099 0.04919215 0.03801992 0.04119455 0.04111918 0.03423265 0.0338686 0.0466667 0.04738137 0.04093074 0.04210162 0.04156362 0.03946694 0.04030596 0.04088354 0.03910097 0.0350338 0.02582526 0.02133353 0.01814127 0.01655875 0.01344585 0.00991163 0.008515134 0.006950773 0.04480601 0.03685232 0.06095236 0.02540956 0.04206457
0.2634026 0.2385664 0.2311468 0.2128561 0.2071969 0.1787471 0.1397453 0.2058275 0.1553673 0.1088351 0.08497438 0.1503665 0.1183176 0.1011811 0.07782304 0.07802589 0.05242202 0.05961596 0.08205044 0.1545562 0.1502014 0.1904831 0.1531217 0.1440878 0.1077768 0.07924091 0.0576428 0.08746319 0.08720737 0.07501046 0.0634896 0.05580895 0.04251225 0.02266653 0.03428392 0.05460887 0.04427953 0.04420374 0.0441676 0.04585444 0.04814767 0.04383807 0.03887539 0.02450532 0.02053981 0.01779659 0.01650338 0.01727574 0.02148544 0.02724917 0.00840742 0.05795988 0.04523635 0.06597038 0.0441205 0.0810217
0.2599509 0.2674462 0.2248611 0.2586499 0.2490199 0.1530067 0.1388803 0.1173152 0.07509898 0.08698113 0.07259164 0.1146412 0.08790669 0.09549991 0.06771056 0.045098 0.03286913 0.04973258 0.08673867 0.08049022 0.09891284 0.1517441 0.1542195 0.1524887 0.1357979 0.1078356 0.08095691 0.07743572 0.1217858 0.1160497 0.0694482 0.03407669 0.03126561 0.04007148 0.04242468 0.0591969 0.04917065 0.04691056 0.04847153 0.04993388 0.05039618 0.04726314 0.04159991 0.02695212 0.02249363 0.01953159 0.01821559 0.02747171 0.01496115 0.01827252 0.01497191 0.02021848 0.02614272 0.05385671 0.04622449 0.05428372
0.2802543 0.3042506 0.245991 0.2864598 0.2724085 0.1559371 0.1565787 0.09650859 0.04898011 0.06004715 0.06622958 0.1455562 0.1357304 0.1012977 0.05146607 0.04052421 0.04522708 0.05207546 0.07727975 0.0862869 0.08382395 0.1287598 0.1646277 0.1591689 0.1553778 0.1362093 0.1131553 0.1033149 0.1443404 0.1594202 0.08871006 0.05703323 0.1030377 0.08662892 0.08470962 0.06855593 0.06078474 0.05336659 0.05369596 0.05494169 0.0549028 0.05158533 0.04500657 0.02954746 0.02446798 0.02113788 0.03308016 0.02392782 0.01409855 0.01296442 0.01168093 0.02653445 0.0230442 0.03716522 0.03191269 0.006647428
