contrib/geomasonDemos/riftland/DataFiles/RainData/95.txt
ncols         56
nrows         54
xllcorner     28.264
yllcorner     -5.7719999999999
cellsize      0.25
NODATA_value  -9999
[rows 27 to 53 of 54, columns 0 to 55 of 56]
0.153007 0.09695781 0.05069155 0.07247625 0.06858613 0.04535481 0.03749799 0.082546 0.06969041 0.08468578 0.08754061 0.1430488 0.11445 0.1185156 0.1138715 0.1101366 0.08319629 0.09466346 0.1327491 0.1550437 0.1116283 0.08176073 0.07544387 0.07768376 0.1000187 0.1204156 0.07076153 0.05036673 0.04189646 0.05611769 0.0689664 0.05217607 0.05915275 0.06496929 0.08568976 0.1292271 0.150944 0.1884782 0.1643703 0.1116308 0.1299138 0.100404 0.06169548 0.02832246 0.03980734 0.02597144 0.03421286 0.04700344 0.05072785 0.08686679 0.07616943 0.1662166 0.1382019 0.1177672 0.1330338 0.162954
0.1360314 0.08210392 0.08411571 0.100969 0.09238002 0.05754476 0.04451061 0.09532529 0.1071929 0.1076592 0.1011118 0.1079291 0.07257886 0.08728375 0.09811717 0.1192177 0.1425687 0.1263881 0.1137385 0.2043197 0.1231954 0.07547847 0.1089639 0.1241708 0.1549103 0.1196216 0.05527761 0.04485463 0.05039934 0.05410632 0.06147123 0.05525307 0.05529575 0.06443186 0.09245978 0.1512336 0.1881837 0.2097422 0.2031785 0.1447447 0.1180555 0.09766921 0.07876246 0.04215512 0.05409224 0.04666505 0.06771057 0.04043872 0.09786328 0.0755963 0.03938027 0.1517134 0.1464685 0.08288615 0.1344744 0.1476591
0.1549217 0.1116951 0.1044577 0.09433469 0.0781686 0.0689867 0.06028798 0.08743649 0.1276633 0.09585232 0.06114679 0.08567006 0.08504748 0.06836902 0.07392409 0.07632508 0.1017076 0.0944407 0.08367303 0.08710346 0.1060539 0.05634743 0.09652487 0.1303982 0.1316632 0.1662535 0.08378284 0.06573962 0.05027268 0.06043538 0.08413649 0.06639713 0.06935564 0.07680295 0.1080988 0.1811237 0.2107125 0.2468258 0.279094 0.2043075 0.1511564 0.1154903 0.08895846 0.06015008 0.05794235 0.08053689 0.1268184 0.05368987 0.0591331 0.07765325 0.05814907 0.06326687 0.1146869 0.1201713 0.1659604 0.1110469
0.2352171 0.195724 0.1901739 0.09488647 0.05254346 0.06545183 0.08011781 0.07400399 0.07740235 0.08459241 0.06078503 0.08440498 0.0810361 0.07807726 0.09229112 0.07265312 0.04907562 0.04759125 0.06359614 0.1015385 0.09288625 0.08251791 0.02642212 0.07176538 0.1300266 0.1412859 0.09412206 0.090185 0.06650536 0.07285517 0.06274505 0.08685815 0.053567 0.08140334 0.1010378 0.1588629 0.2268447 0.2591814 0.2785887 0.2117735 0.1491115 0.1308744 0.1077216 0.06313734 0.07905566 0.07295851 0.06607549 0.05066217 0.1115275 0.1090919 0.1090134 0.1225734 0.1144438 0.1353345 0.2017219 0.1710435
0.2718539 0.2788773 0.2229105 0.1380707 0.03481326 0.03345378 0.06710724 0.06128936 0.05613889 0.08374411 0.07300463 0.0777596 0.08309202 0.1060929 0.1219814 0.1099573 0.06053763 0.0659533 0.127833 0.1077161 0.145462 0.05995187 0.03455678 0.05512838 0.09755684 0.08263208 0.07004016 0.09261707 0.09393318 0.07467634 0.06976082 0.05497724 0.06502675 0.05984208 0.08787106 0.1571295 0.2480071 0.2549891 0.2826099 0.1639045 0.1172305 0.1145921 0.11413 0.06500769 0.01965709 0.02367868 0.02770371 0.05491605 0.116878 0.1346039 0.1585554 0.2001444 0.1630251 0.1593458 0.22093 0.1593387
0.3468899 0.2410913 0.1046262 0.08465787 0.03775008 0.04075008 0.06983921 0.1324813 0.06527489 0.09068534 0.09780116 0.0941299 0.08041652 0.07756294 0.06367162 0.0875572 0.07809807 0.0979523 0.1457711 0.154625 0.06935609 0.05888152 0.08699313 0.05662933 0.0787516 0.07030793 0.09065335 0.08588336 0.1067832 0.06292786 0.05004439 0.04602724 0.06436934 0.07003792 0.05881589 0.151303 0.1722836 0.2068329 0.2613982 0.1898407 0.1418145 0.1465501 0.1098228 0.07575547 0.03850081 0.01726988 0.03843635 0.05450854 0.141114 0.1502044 0.1655349 0.1581732 0.182778 0.2125306 0.2924718 0.1829783
0.2861664 0.1825572 0.05914692 0.05825664 0.05189978 0.0411654 0.08181368 0.1111444 0.06634689 0.06146156 0.09174978 0.09198868 0.08364523 0.07123093 0.09669317 0.13 0.1093161 0.1551031 0.1637974 0.1305707 0.09197889 0.05553424 0.06655304 0.06696615 0.07411558 0.1393963 0.1442986 0.1347314 0.1238759 0.09210798 0.05137108 0.04451752 0.0626664 0.05546628 0.06438628 0.1095769 0.1306094 0.1848848 0.2010018 0.1514859 0.1155645 0.1238319 0.1532676 0.1288753 0.08723447 0.1010845 0.08892232 0.1162627 0.1503844 0.1765174 0.1332247 0.1684823 0.2179399 0.1768265 0.09585142 0.02108329
0.2881344 0.1894625 0.08483715 0.06314421 0.07338121 0.1126554 0.08778453 0.09980547 0.06942599 0.067552 0.06723917 0.09471121 0.1047312 0.07471198 0.09885033 0.109285 0.1372975 0.1725016 0.1523163 0.0812007 0.0503999 0.05016197 0.05183106 0.06878734 0.08260226 0.1214865 0.09192414 0.1198922 0.08940533 0.0820819 0.06656078 0.05404019 0.08023851 0.06583905 0.08049756 0.1024127 0.1208442 0.1500071 0.1881559 0.1510292 0.1331772 0.1134553 0.1314856 0.1006417 0.04436656 0.1248597 0.1375644 0.1381186 0.1469069 0.1975378 0.133084 0.2038132 0.202486 0.1683612 0.05577397 0.01345885
0.3393369 0.2207557 0.1287788 0.1137667 0.1057258 0.1216567 0.08750689 0.07986577 0.09196717 0.09379804 0.06798137 0.08925269 0.1049952 0.07502936 0.09277751 0.12942 0.1711056 0.1854231 0.1459883 0.09300734 0.05319298 0.04005383 0.0786647 0.1149916 0.1963266 0.1837555 0.1000314 0.1182856 0.07272844 0.04162411 0.04951468 0.0765449 0.06895189 0.07706743 0.1202595 0.1079383 0.1004041 0.09569619 0.1845039 0.1673683 0.0926577 0.08069533 0.08637183 0.08793638 0.03092469 0.0565933 0.09285027 0.09685989 0.192801 0.1533394 0.2091377 0.2972131 0.2596707 0.1019856 0.04357104 0.01542428
0.3773712 0.2777121 0.1519307 0.1062515 0.09341276 0.0744837 0.05305355 0.06989557 0.09421147 0.08578142 0.07926837 0.09362329 0.09759717 0.09621973 0.1271422 0.1519513 0.1947854 0.1546261 0.1518426 0.09313511 0.04759831 0.04184116 0.07615551 0.1237667 0.339822 0.2187165 0.100494 0.09427311 0.07582085 0.0337369 0.02133278 0.04785388 0.04104646 0.05798484 0.06474416 0.08707599 0.1401361 0.1613688 0.1964761 0.1927905 0.1661166 0.1292404 0.06362766 0.09004045 0.09747737 0.05425663 0.1166933 0.1479209 0.1645828 0.1820878 0.2053342 0.265203 0.2438278 0.07123859 0.04323787 0.0270612
0.3528311 0.2518772 0.09083045 0.06285195 0.04743344 0.0713217 0.06196596 0.0829615 0.09482419 0.06826997 0.07922021 0.0821064 0.07951515 0.08758427 0.1440542 0.191882 0.1804886 0.1641341 0.1141128 0.07528789 0.06366242 0.05154074 0.08620694 0.1483861 0.2188826 0.256132 0.122658 0.09774875 0.1134036 0.04715149 0.03056665 0.05025594 0.04312509 0.03522552 0.05644903 0.07556662 0.1329781 0.1130855 0.1676845 0.1571337 0.1109488 0.06766786 0.05588986 0.0539571 0.1253685 0.1783201 0.159423 0.1314985 0.1797846 0.2330489 0.1892053 0.2094153 0.1218143 0.07304532 0.047386 0.03249699
0.3031855 0.2474849 0.1117394 0.0702474 0.05283636 0.06648328 0.07787259 0.08927651 0.07567965 0.05043341 0.0683884 0.06351002 0.08343531 0.07140511 0.1182382 0.1468361 0.1792973 0.1644116 0.1271773 0.07915801 0.08180565 0.0595689 0.1466114 0.2049313 0.2183395 0.1966856 0.1329264 0.06397385 0.122213 0.0896178 0.04167173 0.04304137 0.04174809 0.03226384 0.04478692 0.05618419 0.1017209 0.1016055 0.1152964 0.08715787 0.1119729 0.08525378 0.0674842 0.04843419 0.09484622 0.2038713 0.251322 0.1333982 0.1857199 0.2527262 0.1742304 0.1110903 0.04936909 0.05081585 0.04568616 0.0218728
0.2738005 0.1961842 0.1236446 0.09238164 0.0600359 0.0646181 0.08007981 0.1042835 0.09191713 0.08440876 0.05551594 0.06912737 0.08979288 0.06271053 0.1614943 0.182855 0.1467827 0.1301327 0.1402628 0.1020826 0.05187828 0.04613731 0.09376398 0.1426322 0.08781871 0.0971727 0.04272135 0.02641422 0.07357445 0.05589798 0.04326858 0.08021068 0.0298704 0.03200092 0.03577904 0.02327157 0.04863388 0.05851745 0.09471828 0.06994299 0.1820865 0.1738259 0.08707949 0.06254965 0.07250813 0.1307391 0.2102249 0.2365972 0.2157577 0.2022496 0.127149 0.06771405 0.06132594 0.0499758 0.05032023 0.06026749
0.2817204 0.1505412 0.07616864 0.07784915 0.06352358 0.05585862 0.07512458 0.08923659 0.09819172 0.08675614 0.07364765 0.074826 0.1085802 0.1080111 0.06586823 0.1367316 0.1437423 0.07739113 0.06763875 0.05226965 0.02709519 0.0434848 0.07412231 0.1199454 0.1007703 0.07331648 0.06318727 0.0255567 0.02630386 0.02766714 0.03698957 0.06358454 0.05127123 0.02963502 0.02754559 0.03101703 0.03684803 0.07438931 0.108136 0.1493224 0.1765272 0.1626974 0.1562711 0.1289792 0.1338383 0.2113985 0.2859778 0.2278959 0.2116541 0.140877 0.07631438 0.08043913 0.05620368 0.05833852 0.04868852 0.04492091
0.2882251 0.1718001 0.1048995 0.1271161 0.1071404 0.08239968 0.07744981 0.09651329 0.08134545 0.08599897 0.09326953 0.1284818 0.1225063 0.09934276 0.08908206 0.1135381 0.1015076 0.06730146 0.06582481 0.05537161 0.04877308 0.08270266 0.07375381 0.1170421 0.08798314 0.04128986 0.05581775 0.02798314 0.02051864 0.03847952 0.05386876 0.05881962 0.05875815 0.0191552 0.02909848 0.03704966 0.04053098 0.08142033 0.1537319 0.1488177 0.1817315 0.1355459 0.0829126 0.07662863 0.1374463 0.1709662 0.2626418 0.1162062 0.1381247 0.1376189 0.1221506 0.06228998 0.05245009 0.05371206 0.05322303 0.02760087
0.2202194 0.1507333 0.09430351 0.1271048 0.1138214 0.1004566 0.09373412 0.09704096 0.09749298 0.08580055 0.09378695 0.1217625 0.1114837 0.1300915 0.1213345 0.1007648 0.1070461 0.06302489 0.05693784 0.06572986 0.07153437 0.09891161 0.05162728 0.03015814 0.03466063 0.05817607 0.05514229 0.03441799 0.01477387 0.102259 0.02824375 0.03379338 0.02590805 0.01724559 0.04131881 0.09094523 0.1021564 0.1183853 0.1069934 0.05899804 0.1281437 0.09342439 0.1053683 0.09676316 0.1029617 0.147651 0.1954049 0.1133 0.1163996 0.08750797 0.1074695 0.09532148 0.05654447 0.04860391 0.0544919 0.0423865
0.1938374 0.122992 0.09255479 0.1219193 0.1199308 0.07341514 0.09052614 0.09498278 0.08540152 0.05537172 0.07679064 0.09046582 0.1036548 0.08848295 0.1128787 0.1082844 0.07038364 0.0408408 0.05478923 0.09266477 0.132291 0.1068759 0.03591152 0.03818625 0.06740137 0.06539592 0.04878737 0.09281456 0.07122768 0.1130663 0.0331877 0.01061963 0.01698125 0.01586431 0.03441183 0.146048 0.4429262 0.1790414 0.07943492 0.02908553 0.08924233 0.07613457 0.1463754 0.1418 0.1329729 0.2093719 0.1716299 0.1426075 0.1916702 0.2384172 0.1066867 0.06552779 0.03698705 0.04113841 0.0289195 0.005166667
0.2079182 0.1518765 0.08337318 0.0843685 0.09058211 0.1008756 0.08791601 0.09832043 0.08008855 0.07050432 0.09420759 0.1127439 0.1136669 0.09409773 0.08979237 0.08778835 0.06992685 0.05158839 0.06820431 0.105715 0.09292195 0.08602691 0.04941273 0.01872313 0.05864806 0.04656158 0.01950993 0.0156449 0.006540961 0.007153289 0.04552248 0.02464716 0.01932373 0.009405523 0.009724 0.01699209 0.06919817 0.0872063 0.03497649 0.08564869 0.2473788 0.1555707 0.0907966 0.1843457 0.1849862 0.1833849 0.1403587 0.1283242 0.1211223 0.1504801 0.1570731 0.07323311 0.0345568 0.03166322 0.04827449 0.002791666
0.2254668 0.1521601 0.08699507 0.07455066 0.111151 0.1059023 0.09550993 0.1075988 0.07260147 0.07112386 0.1026265 0.1207789 0.1312047 0.1030623 0.07438046 0.05393128 0.05253262 0.04215188 0.05488568 0.08670001 0.05829922 0.03187276 0.02091894 0.04004364 0.06432682 0.03920496 0.0373738 0.009740711 0.005110488 0.07549582 0.06966858 0.01025325 0.01601398 0.01653359 0.01209488 0.02842512 0.03200745 0.03290901 0.1070563 0.102448 0.1119293 0.04587448 0.09690925 0.1441431 0.1480277 0.09282013 0.1642081 0.1526618 0.131078 0.1155883 0.1440443 0.06203452 0.03597246 0.02982241 0.04742509 0.01091667
0.2121415 0.1253697 0.108291 0.06847221 0.08708803 0.09222525 0.1123131 0.1051142 0.08574455 0.1010857 0.1212584 0.1248625 0.1344693 0.1008718 0.1080643 0.07875931 0.05861966 0.02904141 0.02367299 0.05348165 0.06834543 0.05576622 0.0311946 0.0263814 0.02665527 0.06895282 0.05566461 0.01261246 0.01147424 0.0271296 0.01125133 0.0133841 0.01486453 0.007865946 0.008835291 0.01324655 0.02301339 0.03320614 0.05812519 0.07954305 0.03849958 0.07064754 0.08020791 0.1347302 0.116423 0.09406202 0.09996004 0.1911778 0.1102495 0.1161499 0.1329214 0.06576813 0.03810571 0.03641305 0.04383267 0.003041666
0.1447734 0.09326884 0.07912862 0.09671059 0.1376541 0.1446849 0.1635715 0.1551573 0.1557973 0.1601506 0.1696459 0.1194094 0.1246888 0.1135023 0.08188444 0.1009113 0.05269226 0.03685036 0.03113518 0.03439197 0.03759543 0.0687407 0.05465255 0.04900324 0.0658062 0.04973968 0.03685008 0.01282173 0.006559123 0.02934262 0.01693428 0.01592141 0.01504325 0.02335278 0.005375544 0.01178631 0.01281677 0.01336707 0.07288153 0.04138143 0.08469956 0.06258766 0.07219177 0.1606879 0.1792618 0.1063894 0.06940044 0.07280714 0.1146507 0.09321724 0.0772628 0.04804166 0.03704166 0.01008333 0.002625 0.002125
0.1629051 0.09589858 0.08312574 0.1125164 0.1362191 0.1475796 0.1596106 0.2405614 0.1725545 0.1575321 0.1359788 0.08312966 0.08120621 0.08174246 0.07556549 0.09811326 0.07807462 0.0559696 0.05045165 0.03372392 0.04024772 0.0643994 0.06099485 0.06736408 0.03956935 0.03364009 0.02731567 0.01259784 0.008057819 0.01233033 0.01891925 0.03067744 0.03112607 0.01184418 0.005343091 0.008193199 0.01162325 0.01889529 0.03591077 0.07608135 0.1863374 0.1910397 0.147576 0.1803444 0.1225148 0.09280929 0.103463 0.07136525 0.09900559 0.1047632 0.07539511 0.01429167 0.02804167 0.03779167 0.0025 0.0001666667
0.197137 0.1111388 0.1316411 0.1473365 0.1357227 0.1366616 0.1892871 0.224492 0.1735944 0.1250954 0.1249277 0.1021691 0.07072806 0.1134325 0.08610155 0.08598431 0.06491619 0.0457096 0.03950762 0.04028036 0.04411593 0.04072239 0.03191203 0.03797584 0.03720977 0.01011898 0.01078789 0.004604681 0.005040701 0.007822074 0.005096349 0.01611415 0.01790736 0.0222628 0.03487134 0.04131723 0.03916444 0.02203902 0.02100095 0.06700769 0.1601054 0.2126254 0.2550745 0.1591598 0.08320525 0.09099469 0.124272 0.1088849 0.1170485 0.1125657 0.1128463 0.045 0.032625 0.02845833 0.006166667 0.002041667
0.1967103 0.1342423 0.1596212 0.1791398 0.1549778 0.1522195 0.1394015 0.1787062 0.1855964 0.1387224 0.1248943 0.07593238 0.07782424 0.0663657 0.05590999 0.05703723 0.05379432 0.0531006 0.04389933 0.04740424 0.04361486 0.0430969 0.03404937 0.07578802 0.04764935 0.00967037 0.0132182 0.004279294 0.006433507 0.01049075 0.005645275 0.01204657 0.02952937 0.03237773 0.01355125 0.02340783 0.04309014 0.03924867 0.07582479 0.115456 0.1600546 0.1810181 0.1037532 0.1235433 0.1041743 0.1059254 0.09508165 0.1236105 0.145532 0.1330872 0.101214 0.07091666 0.039625 0.01841667 0.00525 0.005625
0.1974642 0.1399951 0.1723375 0.2433352 0.267437 0.1835698 0.1625025 0.1899819 0.1791852 0.119199 0.1037579 0.08577286 0.07774748 0.07571899 0.05815878 0.06652369 0.05203856 0.04418408 0.0336069 0.05629948 0.03812001 0.04481515 0.0680337 0.08695661 0.07441242 0.02104967 0.008176557 0.01049753 0.00739828 0.008296094 0.01059482 0.01200792 0.01649129 0.02826486 0.02001832 0.01849664 0.02601796 0.02770229 0.05268682 0.07817584 0.1084562 0.1318076 0.08399203 0.0646281 0.08213038 0.08831017 0.09495053 0.05994447 0.08270866 0.08382204 0.06034411 0.029875 0.03216667 0.01675 0.008124999 0.00325
0.1460698 0.1617976 0.2429505 0.3157567 0.1940856 0.1650491 0.1453848 0.1824056 0.1451771 0.1105173 0.1078408 0.06302689 0.05858597 0.08794282 0.0847716 0.09465374 0.05973726 0.05108655 0.04000355 0.06381305 0.0499173 0.04303287 0.03623524 0.04905449 0.03321612 0.008543026 0.008524623 0.02457437 0.009742003 0.006672194 0.01052628 0.01160812 0.01212639 0.02132939 0.02982924 0.03727631 0.05124881 0.06177201 0.02955387 0.0517632 0.09439947 0.1271011 0.08884658 0.07327834 0.09793326 0.1178542 0.08289352 0.05011784 0.02346257 0.05365786 0.0658743 0.023 0.03029166 0.015125 0.01733333 0.01354167
0.1594716 0.2544436 0.2628554 0.2920863 0.1928697 0.1564004 0.1703314 0.2346215 0.1391033 0.1242291 0.129279 0.09090197 0.08172775 0.09945258 0.1200371 0.08767816 0.1003872 0.07882844 0.0503165 0.06098504 0.06144443 0.04257102 0.03364512 0.0505671 0.02424325 0.01535008 0.02260868 0.01677208 0.01165384 0.006480449 0.006918218 0.006622144 0.008063461 0.009841247 0.01385895 0.01758613 0.038295 0.05937757 0.0637925 0.06886468 0.1022637 0.1011196 0.07627966 0.07918732 0.1618313 0.2143724 0.1126425 0.06200301 0.06556173 0.04368187 0.06218713 0.030625 0.034375 0.01845833 0.010875 0.02125
