contrib/geomasonDemos/riftland/DataFiles/RainData/95.txt
ncols         56
nrows         54
xllcorner     28.264
yllcorner     -5.7719999999999
cellsize      0.25
NODATA_value  -9999
[rows 0 to 26 of 54, columns 0 to 55 of 56]
0.0002590633 0.0002826631 7.060746e-005 0.0006909423 0 0 0.0005098105 0.0005570593 0.0004627231 0 0.001264292 0.002878913 0.006630723 0.004144829 0.003670305 0.005397014 0.006855923 0.008981105 0.005891923 0.003383503 0.004046354 0.008949316 0.01519176 0.01479226 0.01075531 0.007541419 0.01534844 0.02378333 0.02078333 0.02218333 0.01558333 0.01295 0.011575 0.009525 0.01243333 0.02245 0.019475 0.01163335 0.009672466 0.01658032 0.01018812 0.01550189 0.02651339 0.01829089 0.02003442 0.006653426 0.001928486 0.006598502 0.008861455 0.02257547 0.02711259 0.02803688 0.02858982 0.01662806 0.01183399 0.02943561
0 0.0003454582 6.275367e-005 0.0005179456 0.000565219 0.0003372284 0.002003357 0.001114893 0.0008082282 0.0006983145 0.001107031 0.001429851 0.006259065 0.003828465 0.003607425 0.004992848 0.005402724 0.005988563 0.009522635 0.0111213 0.009028028 0.01384964 0.0167499 0.01569048 0.01048999 0.01055602 0.01219054 0.01589167 0.01683333 0.01455833 0.01135 0.01483333 0.015975 0.01484167 0.01821667 0.0217 0.01937677 0.02256282 0.01640544 0.01041988 0.01873537 0.03514875 0.0262132 0.01963794 0.00989724 0.007096814 0.002592971 0.005960096 0.01382738 0.01857699 0.02315795 0.00639088 0.00720288 0.006048483 0.003198174 0.01070569
0 0 0.0005730014 0.001453292 0 0.001224909 0.001625659 0.001523444 0.0007298266 0.0008240762 0.001020676 0.00282473 0.005212732 0.005212902 0.006903584 0.005112406 0.005553273 0.008626204 0.0129389 0.01402189 0.01034904 0.02013535 0.01515385 0.02148213 0.02547435 0.01060959 0.01169455 0.022875 0.01986667 0.01708333 0.01553333 0.0157 0.017175 0.01843333 0.02588645 0.04590243 0.03709264 0.04734836 0.02503588 0.03147788 0.06339242 0.02926679 0.01708808 0.01193739 0.01339081 0.005188537 0.006140857 0.007088116 0.01385531 0.01035047 0.01004097 0.01107275 0.006879541 0.0005301402 0.004380763 0.001786778
0.002069119 0.0009662819 0.0009580799 0.002777129 0.0005492076 0.003021309 0.003738994 0.002074728 0.001445226 0.001248554 0.003392851 0.001642721 0.003899092 0.006697187 0.008685473 0.01053836 0.0114686 0.01402007 0.01492074 0.02184053 0.02405489 0.02139382 0.0169666 0.01560538 0.01535994 0.01376254 0.01906217 0.02819838 0.03050407 0.02525629 0.02670767 0.02007432 0.01952758 0.02320376 0.04250351 0.05529052 0.05243706 0.04792419 0.02808161 0.05646212 0.05333509 0.03032215 0.02323863 0.012669 0.02419173 0.02530589 0.02426493 0.03185156 0.03890872 0.03113651 0.02099659 0.008845896 0.02586187 0.007993284 0.004971157 0.01457242
0.0005733731 0 0 0.000557291 0.001839238 0.003116395 0.003865495 0.003193783 0.004458942 0.003518739 0.004665131 0.003741382 0.004808964 0.00904289 0.01000972 0.0138875 0.01425742 0.01929155 0.01742213 0.02052242 0.02251721 0.02556785 0.02328875 0.0165025 0.01390137 0.01563712 0.02477919 0.03412364 0.02972446 0.02216505 0.0233354 0.02267941 0.02054942 0.02732889 0.04459578 0.03316368 0.03389667 0.01941401 0.01853172 0.04971325 0.03638482 0.04145074 0.04006229 0.03273666 0.03036658 0.03820893 0.03389876 0.04489962 0.05759056 0.06331129 0.02511194 0.02042369 0.03754533 0.02651711 0.001463426 0.008524263
0.001714843 0 0.001438136 0.0006595965 0.002248916 0.001099176 0.001098871 0.002010959 0.004942277 0.004198411 0.002555869 0.003764671 0.004761617 0.0110441 0.01473587 0.0165687 0.01859853 0.01726729 0.01868486 0.01584346 0.01735598 0.02452668 0.03556941 0.02292614 0.01330403 0.01764411 0.0228823 0.02269723 0.01802785 0.01856713 0.01841603 0.02261148 0.02165797 0.02357936 0.03545325 0.02741845 0.02041067 0.01755836 0.02675547 0.02030243 0.03431904 0.03727173 0.03526263 0.02586186 0.04697395 0.03783692 0.01823989 0.03857832 0.04500904 0.02422848 0.02108487 0.009124207 0.009971289 0.04995628 0.01178696 0
0.01751769 0.002169497 0.0006287738 0.001099778 0.003306032 0.005045918 0.001712331 0.0004783502 0.001075134 0.004704846 0.003037276 0.001563764 0.005721055 0.0109294 0.01048172 0.007508633 0.008858986 0.0189107 0.01706444 0.01283858 0.01184786 0.02901785 0.03781894 0.02784707 0.01525996 0.01768817 0.02593168 0.02492875 0.02666816 0.02485313 0.01808813 0.01877879 0.02041337 0.04570929 0.02744745 0.01198063 0.01303781 0.01611763 0.01607012 0.01678257 0.02665297 0.02344878 0.03662068 0.03420538 0.03099203 0.02826606 0.03085223 0.04272164 0.05625837 0.01556228 0.01473051 0.002871863 0 0.006587668 0.04424904 0.01574795
0.01141176 0.00966372 0.004318389 0.002981905 0.003283333 0.004608333 0.003858333 0.001766667 0.003658333 0.003341667 0.002316667 0.0046 0.007566667 0.01059167 0.008699999 0.005487842 0.005986826 0.008867186 0.008749289 0.00678719 0.003542624 0.009472824 0.01796774 0.02227433 0.01234261 0.01693717 0.01580296 0.02876675 0.03076287 0.02269011 0.01688288 0.01555179 0.0203984 0.02494416 0.01943402 0.01802261 0.01201707 0.0205487 0.01689867 0.02053483 0.03215766 0.03031791 0.04769204 0.06402752 0.04851097 0.02927493 0.01934087 0.04185888 0.04011686 0.01467365 0.009345117 0.01318828 0.01345655 0.007609427 0.009218216 0.002776038
0.01617499 0.01280771 0.005455581 0.005397055 0.007344949 0.004485439 0.002822773 0.0006321436 0.006798712 0.001779007 0.002783333 0.002858333 0.001758334 0.001358333 0.002333333 0.003243792 0.004710031 0.003000295 0.006168242 0.003749877 0.002469878 0.002902106 0.004733252 0.01124599 0.0100065 0.01126931 0.01822178 0.0243597 0.02620495 0.01598793 0.00752465 0.02328662 0.02820269 0.0260367 0.01931587 0.02470655 0.03141129 0.02987082 0.02392789 0.01747916 0.04059342 0.05206992 0.06693353 0.1004434 0.08253466 0.04295376 0.01568359 0.02643357 0.0275721 0.01842043 0.01289801 0.01288268 0.0140242 0.01488579 0.01145 0.002629096
0.01752991 0.02436649 0.01486867 0.006036742 0.01315132 0.01199362 0.004702587 0.001909714 0.006104626 0.002964233 0.002643091 0.004984699 0.006044927 0.00541834 0.00617989 0.00775991 0.007671732 0.005235008 0.008038037 0.01306904 0.004038625 0.002021768 0.00478564 0.01244657 0.01398274 0.009869336 0.01284535 0.02293653 0.02374351 0.01580122 0.008016253 0.02993349 0.03305247 0.02311633 0.01606171 0.043016 0.02690759 0.03013616 0.05582224 0.02889662 0.01540252 0.04776797 0.05551969 0.05070402 0.0378082 0.0279447 0.02054674 0.0245886 0.02098836 0.01916159 0.03511022 0.0422782 0.01357936 0.001023193 0 0.0006237917
0.0203271 0.01087096 0.01642772 0.03457142 0.05753183 0.03382117 0.0188666 0.00869571 0.009783235 0.008702818 0.01220425 0.004439029 0.01203522 0.0106575 0.008000347 0.01337974 0.009237142 0.01537073 0.02174215 0.01351496 0.006279006 0.002529188 0.004825764 0.005706906 0.0100602 0.01159173 0.005300876 0.01170868 0.0142631 0.0123055 0.01137635 0.02289262 0.02612309 0.01725616 0.01186078 0.02212654 0.02814128 0.01895837 0.02971518 0.02258561 0.01885123 0.02579786 0.04170141 0.04342797 0.04133625 0.03402511 0.01785062 0.0213713 0.01789792 0.01464212 0.02411862 0.04986537 0.02463162 0.0009591363 0 0.007420503
0.007886644 0.006647172 0.00419802 0.01084242 0.03017835 0.01162803 0.03390425 0.0143081 0.01491665 0.02164252 0.01886291 0.01770168 0.02278489 0.02518329 0.01222243 0.03402371 0.02484869 0.02899277 0.03940937 0.01994932 0.00748996 0.007494838 0.006943506 0.001658134 0.003429232 0.004474405 0.01702038 0.00579224 0.00233962 0.0045572 0.003948617 0.01259619 0.0218873 0.01996101 0.01174546 0.02388807 0.02705922 0.02993502 0.03489315 0.03444377 0.02911499 0.01792805 0.02026743 0.02116418 0.06532714 0.07577142 0.02182128 0.02605087 0.03372687 0.02601109 0.02055827 0.03783749 0.03775289 0.01245437 0.007920023 0.01042266
0.01060536 0.01427412 0.008654839 0.03334923 0.03534396 0.03002948 0.03605993 0.02081643 0.06942444 0.04314182 0.02211611 0.03448654 0.02522259 0.02021652 0.02726015 0.03960628 0.04396266 0.07086483 0.09810707 0.03910629 0.02800733 0.02783588 0.01575609 0.01672939 0.008126724 0.006897771 0.008994065 0.005845942 0.004818829 0.005517699 0.01073613 0.008776915 0.01356347 0.01524974 0.01008092 0.02103675 0.04633375 0.02183685 0.04050781 0.03129671 0.04814945 0.03955805 0.02314599 0.03416112 0.04292043 0.07585026 0.06068538 0.04430484 0.02089584 0.02711264 0.02598627 0.03143132 0.0356511 0.005631528 0.01144608 0.01468618
0.02105477 0.04537785 0.06797396 0.09414473 0.05321636 0.03680284 0.03380048 0.03654785 0.0777446 0.02387468 0.02660495 0.03594927 0.02407085 0.02468919 0.04059297 0.03792855 0.04181905 0.07217486 0.06049567 0.02801014 0.03877242 0.03580184 0.03417061 0.01282711 0.009509596 0.007870288 0.003791838 0.006196734 0.006018954 0.04550127 0.02770386 0.01871669 0.02472999 0.01458282 0.01051779 0.02021358 0.03682559 0.03047032 0.04115831 0.07159621 0.03378762 0.04728546 0.03916061 0.06659578 0.05323069 0.04548011 0.01399543 0.03748246 0.03857582 0.05041798 0.04589551 0.00989077 0.0135931 0.01736783 0.002730973 0.02528761
0.02402246 0.1438044 0.1208571 0.1201135 0.05111713 0.05149167 0.05503588 0.04798758 0.06528785 0.02402418 0.02622808 0.05456955 0.02303512 0.02754642 0.04528656 0.03110793 0.03023295 0.05208226 0.06971105 0.01765256 0.01162655 0.01759058 0.01723653 0.01730607 0.01083376 0.005488411 0.001506531 0.001527873 0.003049624 0.005739228 0.004390478 0.00837416 0.005148247 0.006518278 0.008638906 0.006823012 0.02325857 0.01716718 0.03419235 0.04554911 0.04749115 0.07848495 0.04024255 0.02887392 0.04235746 0.03559221 0.03743464 0.04953085 0.06042108 0.03245548 0.01594648 0.02699014 0.01911396 0.0276588 0.01359778 0.01338207
0.02526286 0.08580811 0.05413227 0.06390283 0.03860311 0.03401898 0.05913734 0.04968025 0.0479231 0.02232965 0.01690687 0.09149414 0.05972139 0.04262166 0.05029174 0.02437074 0.02515545 0.03059443 0.04861879 0.02962744 0.02789955 0.02615739 0.01116019 0.01657281 0.007819145 0.002755274 0.002648504 0.0022759 0.002429196 0.002503924 0.002660493 0.005159861 0.007077748 0.004123988 0.02174588 0.008289913 0.004068011 0.00586328 0.01208452 0.02458303 0.02412289 0.04527386 0.01332884 0.02496047 0.02371153 0.04042007 0.04471672 0.06263972 0.05085205 0.02260283 0.04010713 0.00271755 0.006477559 0.002484549 0.003343646 0.003202023
0.03412915 0.03551139 0.05336669 0.0885627 0.04522978 0.04813102 0.0512243 0.06101219 0.04810117 0.0405566 0.03020604 0.04618607 0.04709123 0.04624586 0.03194042 0.02224621 0.03958568 0.06147052 0.04781339 0.0446067 0.04405023 0.02346288 0.01284354 0.00898802 0.01285779 0.004066056 0.004477026 0.003958529 0.004021582 0.004650421 0.003615048 0.003566518 0.006723094 0.004175421 0.01057077 0.005615423 0.00344346 0.007348151 0.005030372 0.008516528 0.008069538 0.01195169 0.04311707 0.02314816 0.01861836 0.04284519 0.02945049 0.02474315 0.08760124 0.07554939 0.04175181 0.02153813 0.002414456 0.02364339 0.006486115 0.003848578
0.06226387 0.05972606 0.0583971 0.1096415 0.05024433 0.08374995 0.08539446 0.08893953 0.07388855 0.06797363 0.05684006 0.04887083 0.03956917 0.04507335 0.05019458 0.04467368 0.05830849 0.07933429 0.05424576 0.02659714 0.01839475 0.01265887 0.01076161 0.005101337 0.04269556 0.01288715 0.003019804 0.003374915 0.002843483 0.003059226 0.003028387 0.01000363 0.007548023 0.007207222 0.00484605 0.003160902 0.003444239 0.009358834 0.01070153 0.009807619 0.01623579 0.02310813 0.04717193 0.008333951 0.02264556 0.01691633 0.00828116 0.01694105 0.04040318 0.04832174 0.03949454 0.04697526 0.0485955 0.04294017 0.02343093 0.01340774
0.05547317 0.0451184 0.04561722 0.08373509 0.06526989 0.08689506 0.07048956 0.07692842 0.05928505 0.07718374 0.07605615 0.0670404 0.08615625 0.09884872 0.08269793 0.07032922 0.0757822 0.07009415 0.05699747 0.04666134 0.05376002 0.0256947 0.02197 0.008378601 0.01000304 0.01215501 0.007161791 0.007468086 0.002518127 0.001959505 0.002204532 0.004013468 0.008735185 0.005796716 0.005773685 0.003791413 0.003645127 0.006978241 0.004860113 0.01238968 0.02243898 0.009581745 0.01466078 0.01629277 0.01506272 0.01408331 0.004210312 0.004177511 0.0220342 0.02703175 0.03733186 0.1154019 0.09365186 0.04595246 0.08368117 0.0390201
0.0846175 0.05518826 0.03927757 0.04545309 0.03148112 0.07011946 0.1016167 0.09977568 0.05513674 0.05961849 0.07910801 0.08701051 0.1333997 0.1190497 0.09905305 0.08125573 0.06805134 0.08196732 0.07016797 0.05127163 0.04623147 0.0346904 0.03835736 0.01587774 0.03116002 0.03204381 0.004629444 0.009036041 0.007937185 0.006650422 0.003272994 0.003279348 0.008636346 0.008033368 0.006629828 0.008424887 0.008224562 0.008974259 0.01138798 0.01325381 0.03570444 0.03911634 0.05057994 0.02545433 0.03035957 0.01790069 0.01701884 0.03468261 0.02448831 0.02689732 0.04618668 0.04078274 0.03517848 0.09680313 0.06160085 0.01637617
0.09222474 0.1211032 0.04102419 0.03537038 0.04127812 0.0549661 0.06700723 0.06684893 0.05236679 0.07706498 0.08430076 0.06182911 0.0990408 0.1137955 0.08785669 0.09756652 0.09390908 0.1103024 0.1126343 0.07301624 0.05501461 0.03598287 0.0309609 0.02245164 0.02432336 0.03748956 0.0164087 0.006140344 0.01757972 0.008685629 0.003694337 0.003719976 0.007335518 0.01492779 0.00896797 0.007381083 0.007369051 0.008454736 0.01933654 0.01577262 0.02485526 0.03091674 0.05511247 0.05556118 0.02449573 0.01696871 0.04025755 0.05554761 0.02716124 0.02208969 0.0232297 0.05123778 0.06334651 0.09915458 0.07574056 0.06329718
0.1659148 0.08704893 0.04550726 0.04802205 0.06154303 0.0730762 0.07964009 0.03917732 0.02175887 0.03328978 0.03842803 0.0504292 0.06826345 0.1136816 0.1158722 0.0873066 0.08065352 0.121773 0.1218447 0.08780706 0.05834588 0.06199729 0.05516138 0.05381589 0.05109935 0.03853164 0.03742019 0.01530805 0.01268833 0.008592247 0.006123562 0.005356312 0.007049385 0.01643675 0.02155971 0.009927758 0.01298964 0.01259611 0.02261496 0.04957633 0.03195794 0.01780748 0.02478401 0.017225 0.01607925 0.01664675 0.03593452 0.03303952 0.02742122 0.02476152 0.02556118 0.041133 0.05498097 0.06087533 0.09485344 0.07800679
0.126705 0.1070404 0.07564758 0.1085097 0.1060206 0.1171282 0.1473493 0.08937559 0.0249962 0.02053963 0.03660964 0.03307848 0.03852001 0.06521769 0.06546801 0.08310443 0.08704341 0.1373681 0.09686632 0.1028962 0.07005631 0.1020128 0.08486014 0.05583565 0.03226044 0.02493714 0.0243391 0.02101813 0.04802336 0.0276528 0.009849384 0.01257099 0.01139997 0.01253737 0.03281064 0.01537823 0.01619569 0.01693723 0.01657216 0.03341308 0.05181854 0.04215486 0.01659322 0.02883893 0.03150558 0.01708176 0.06027924 0.02797057 0.03136913 0.02476506 0.02426479 0.03882956 0.07676492 0.080948 0.1275051 0.2013811
0.1588466 0.09258861 0.09605344 0.1126806 0.1456609 0.1054978 0.1000625 0.09533455 0.05526565 0.04868017 0.04069436 0.04879427 0.02167214 0.0426388 0.07568103 0.1001653 0.1155452 0.0833806 0.09941829 0.1045391 0.0829365 0.07413984 0.04753761 0.04519414 0.07387077 0.03559384 0.01789874 0.02884662 0.04639936 0.02891082 0.0276137 0.02566537 0.01986458 0.02721611 0.03147606 0.03382167 0.03056008 0.03188075 0.03040701 0.02601517 0.02471342 0.02339165 0.0231956 0.03962019 0.05901365 0.05932518 0.05115923 0.03321311 0.025369 0.02722053 0.05714503 0.09389589 0.09926544 0.1168511 0.09745588 0.1122147
0.07145328 0.07319517 0.09372558 0.1078281 0.08789589 0.07756133 0.04449759 0.07105772 0.06051974 0.07097197 0.03332318 0.05187244 0.05399714 0.0550892 0.08566568 0.0972876 0.09495635 0.06023698 0.08958976 0.1032072 0.09478384 0.07371867 0.0480348 0.04412919 0.03072911 0.03505607 0.02413449 0.03529485 0.07161278 0.03942171 0.03747794 0.01418697 0.0135377 0.02594005 0.02241939 0.05163401 0.05086914 0.04111743 0.03885998 0.04241891 0.04401391 0.0274029 0.04265954 0.01970623 0.01774131 0.01679095 0.02772729 0.02516947 0.05426621 0.0562762 0.05092781 0.09142926 0.1165154 0.1405832 0.1579385 0.05969298
0.07327791 0.06487838 0.06450268 0.0654508 0.06270389 0.04459046 0.02672253 0.04334487 0.0557047 0.05131178 0.0379604 0.07978831 0.09528869 0.09739725 0.09912336 0.09827891 0.06405946 0.07482404 0.0685881 0.09779637 0.1277197 0.08729516 0.07382166 0.05161509 0.04425011 0.05803757 0.04421802 0.03994785 0.06600919 0.07100616 0.05523987 0.06880753 0.04837664 0.07570039 0.05770195 0.09529939 0.07278772 0.06828614 0.0644435 0.08039813 0.07518641 0.06283066 0.09375111 0.05641808 0.01887024 0.01704632 0.02952742 0.03347825 0.04518602 0.06215504 0.04009087 0.07406715 0.1043854 0.1489262 0.1179278 0.07822754
0.07896256 0.08113611 0.0521616 0.05646257 0.03820089 0.04813329 0.01997053 0.03934503 0.03794936 0.0433988 0.06809694 0.1063656 0.1088932 0.1302132 0.0801124 0.09020907 0.08371422 0.1257323 0.1309245 0.1240249 0.1050551 0.07136307 0.07083666 0.07331034 0.06812081 0.05250842 0.04592704 0.04349523 0.06750578 0.07575873 0.07019593 0.05641268 0.06846866 0.060963 0.06597279 0.08074793 0.1048525 0.09480785 0.0814974 0.06780197 0.05335819 0.07153326 0.063944 0.04677179 0.02885776 0.01679323 0.03494037 0.03722585 0.03113325 0.04647485 0.06479112 0.1285931 0.1439041 0.1474629 0.1531823 0.1751502
